0.40526411002948,0.418329963596248,0.427796427335583,0.484824821247032,0.494611985609768,0.511682638635084,0.513424824885068,0.513424824885068,0.513922201862814,0.513979840262709,0.517128193799107,0.517128193799107,0.517173985178027,0.518782237352371,0.554002459412488,0.55430684378498,0.555692914868319,0.557406318971355,0.56635292508674,0.56635292508674,0.588502865779299,0.590070292247705,0.591486926678236,0.591486926678236,0.595862815586494,0.595886301446973,0.601537212659585,0.601542404539327,0.620696555166019,0.620696555166019,0.620703358182184,0.621118323159191,0.628165715667256,0.628165715667256,0.683314560275047,0.683314560275047,0.683564115394735,0.683564115394735,0.688120561821471,0.691688085014806,0.709139797295934,0.709139797295934,0.711003910540591,0.711023949986397,0.735269409656288,0.735269409656289,0.736593917232436,0.736593917232435,0.742656478722759,0.756215402603514,0.756415786408154,0.756643330220599,0.758664994261866,0.768469737088119,0.768692066482426,0.769785916934544,0.770390023211879,0.770494512809677,0.770936357646651,0.770936357646651,0.771795411286667,0.771855408753542,0.772171747281802,0.773693287970282,0.783305532902653,0.783661132561808,0.784131253861131,0.784148166743095,0.797621777714946,0.79767615154593,0.797824322041447,0.797840783822062,0.798005973198482,0.798110971282126,0.800637557507986,0.802443318529836,0.804628546148288,0.823208169133353,0.823347877566312,0.823898339557095,0.824304577784324,0.824347661743996,0.824410577060191,0.824751080298801,0.824764994302204,0.824770587819914,0.825422593287517,0.825445395658061,0.825479212838606,0.825515019932921,0.825536880095085,0.825550366719778,0.8257683046453,0.825784672177958,0.825814234205082,0.82582139738963,0.825831560657538,0.826103959073711,0.828753334722338,0.828771459778046,0.828928436435054,0.828952274432726,0.828974552987615,0.829020413501506,0.82910922872242,0.829123839145789,0.829228089939947,0.829237796401877,0.829255041025544,0.829300634030649,0.829304927593493,0.829325792361859,0.829398220203299,0.829400258712824,0.829485927338367,0.829488017643694,0.829506751302978,0.829549501301588,0.829558338285505,0.829560677543419,0.829587237217555,0.829590299364214,0.829908744137752,0.82990987572634,0.829938864908495,0.829940378832519,0.829958917952792,0.829964083084601,0.830002285137687,0.830003722693685,0.830096007514363,0.830107036782993,0.830189133324099,0.830190079804295,0.830260003152212,0.83026796881396,0.831580969636333,0.831581975336036,0.831595673104558,0.831631807983363,0.831696326328174,0.831696531207525,0.831719496056873,0.831720430439752,0.831742544804119,0.831743206845257,0.831784624430735,0.831785604379773,0.831869185106198,0.831869406568718,0.831927894693861,0.83192910637535,0.831939724587674,0.831941086744527,0.831966156871223,0.83196712863759,0.832010812921807,0.832013621083858,0.832066051438508,0.832068839930392,0.83209043202051,0.832091242159916,0.832178884708867,0.832179325482282,0.832208114771711,0.832214503359889,0.832232994776861,0.832233987942876,0.832614879073522,0.832622592745441,0.833090445408392,0.833096696325098,0.833366732710039,0.833368358170686,0.833383973910161,0.833388942723571,0.833411739862687,0.833414235696745,0.833434232048692,0.833445468205091,0.833529972095525,0.833530636118459,0.833599145293473,0.833608010298304,0.833637219203955,0.833638266307755,0.83383178910959,0.83383327091275,0.833847403352876,0.833848417729002,0.833870441255884,0.833871602851118,0.833960635235214,0.833963136780452,0.833976499431438,0.833977341072948,0.833983090427451,0.833989680907068,0.834302196482395,0.834306220446967,0.834617440092468,0.834620097976058,0.834628488170242,0.834631583928591,0.834643578910161,0.834644390993095,0.834650292674901,0.834651661428297,0.834655090914582,0.834656710234534,0.835218565385581,0.835219608744747,0.835227339617289,0.835228158336745,0.835231332296415,0.835232781290523,0.835282764902565,0.835284500638828,0.835290403910433,0.835292097066157,0.835293705994027,0.83529688849499,0.83530155192462,0.835303318291138,0.835306718695318,0.835310954163169,0.835314535771627,0.835316358452541,0.835865646944762,0.835866404088269,0.835868102734218,0.83586965614711,0.836212699234664,0.836214222672234,0.836218630307872,0.836220734681253,0.836222679536799,0.83622555921195,0.836229739391646,0.836231843324038,0.836297457469823,0.836298227147146,0.836302140205963,0.836302715139106,0.836304933414862,0.836306117042008,0.836309299306688,0.836310323864997,0.83632259492039,0.836324619861026,0.836327038331928,0.836328410303296,0.836329074968565,0.83633034703629,0.83634044820352,0.836342137632734,0.836352065127245,0.836352841408601,0.836354653803538,0.836355205155351,0.836372824930379,0.836373834573814,0.836423113604214,0.836424115652369,0.836425013884286,0.836426067069953,0.836463946143662,0.836464798844599,0.83646692957004,0.836467488714924,0.836468281597249,0.836468914774312,0.836510141430299,0.836511469504686,0.836512073719154,0.836512810163375,0.836531616733301,0.836532076261216,0.836850987364415,0.836851871181721,0.836866298230805,0.836867536886414,0.836868294401971,0.836869372166852,0.83686956615162,0.836870324345288,0.836904993065829,0.836906120239302,0.836915911092188,0.836916195215941,0.83691730646636,0.836917612781832,0.836924410725694,0.83692574773464,0.836925894913366,0.836926128172448,0.836975279439259,0.836975595423587,0.836979662423259,0.836980672329542,0.836981716938737,0.836982013160181,0.836995379663885,0.836995848646274,0.836997234248769,0.836997675894829,0.836998389807067,0.83699885578302,0.837021273272999,0.837021566857556,0.837021768997786,0.837022681846161,0.837036553973829,0.83703688159505,0.837037428052438,0.837037997335106,0.837078467116074,0.837079088813616,0.837202005144986,0.837202258351227,0.837202784839732,0.837203327328307,0.837233033459293,0.837233376906638,0.837253153746826,0.83725351404647,0.837603019550878,0.837603468186796,0.841782130386427,0.841782430847291,0.842242514792373,0.842242711194314,0.842720013546379,0.842720240918953,0.84277315989876,0.842773322625389,0.842773444154903,0.84277362201006,0.842802132072152,0.842802249014572,0.842802353888219,0.842802507537106,0.842804793586052,0.842805021745663,0.843821481533377,0.843821657186146,0.844211382438478,0.844211552662123,0.844246485821166,0.844246638239203,0.844299876518533,0.844299945926085,0.844369706261467,0.844369965327212,0.844370183827119,0.844370377610005,0.844423439208369,0.844423549888623,0.844504004174722,0.844504255286607,0.84450442777441,0.844504782544461,0.84451795955226,0.844518144932301,0.844520188641736,0.844520450445684,0.844520740394058,0.844520799332747,0.844561590526324,0.844561694968539,0.844605230205839,0.844605330985436,0.84469012217806,0.844690355587008,0.844695162426788,0.844695204053279,0.844862688903823,0.84486302631426,0.844863334333892,0.844863430825645,0.844863713125376,0.844863827744173,0.845142164174735,0.845142239778912,0.845216231138031,0.845216351030942,0.845354536141182,0.845354704883717,0.845390618339563,0.845390685793004,0.845466251239462,0.8454663160413,0.845545316189091,0.845545391016645,0.845562320140896,0.845562461987351,0.84558332553884,0.845583368992248,0.845616943984899,0.8456170194628,0.845722571750142,0.845722683447832,0.845806343446434,0.8458063984436,0.845828363922909,0.845828492093031,0.847817983562385,0.847818014290084,0.847853463745658,0.847853570748386,0.847913803373554,0.847913868412303,0.847971565325805,0.847971581208329,0.848013863288408,0.848013992907157,0.848020945427441,0.848021031561177,0.848046973104618,0.84804705466691,0.848068585622594,0.848068598648098,0.84812916285632,0.848129203284552,0.848197727228748,0.848197762489349,0.848240090873267,0.84824015038417,0.848437502267381,0.8484449849207,0.848468043763914,0.848481557719249,0.848502238995714,0.848502289965346,0.848538444436312,0.848546205012172,0.848640965112368,0.848640999858665,0.848689679687181,0.848689740953489,0.848782233764766,0.848782303294837,0.848835958354765,0.848836104825781,0.848867547696468,0.848867610327543,0.848943150377961,0.848943252365641,0.849000343718094,0.849000385755679,0.849113415361367,0.849113422262237,0.849175519617541,0.849175535693129,0.849229844449828,0.849229913900853,0.849240374149792,0.849240387907688,0.849310866532301,0.849310939327295,0.84938864261686,0.849393851342389,0.849406799930382,0.84940682249926,0.849431486240963,0.849431516844942,0.849517483535759,0.849519649044867,0.849547805780826,0.849547845576249,0.84975493563372,0.849754956781093,0.84977096063358,0.84977097775142,0.849831230698799,0.849831241842643,0.849972938356065,0.849973127936272,0.850005318329694,0.850005331053041,0.850030006398061,0.85003012052082,0.850717380432587,0.850717387038946,0.850718398544312,0.850728575577787,0.850747549458578,0.850747623848054,0.850774813022794,0.850774971255073,0.850824518035818,0.850824519324796,0.854604771580534,0.854604801507956,0.854662375534354,0.854667385405615,0.854726290436646,0.854726294617134,0.854746335871331,0.854746651836675
0.422268672421005,0.439017890132278,0.439552505392189,0.439552505392189,0.440921744905534,0.442040472820818,0.442510534898831,0.442776791663435,0.486544429979925,0.486544429979925,0.51965215519462,0.519652155194621,0.537961345697022,0.538165779466745,0.540871037006884,0.618267748682561,0.619851224069826,0.619851224069826,0.621939880314986,0.631190188776011,0.683558020589257,0.683558020589258,0.691831334716739,0.721766874253043,0.725813140632838,0.726751082567573,0.726878851252913,0.726878851252913,0.735995519474235,0.736685587654701,0.759972809929171,0.759972809929171,0.761379759314748,0.762218595686495,0.768484822068377,0.769122370356067,0.782147797598537,0.782367680281851,0.788991645946995,0.789302249777932,0.791111272412598,0.791556764584715,0.793432215042282,0.793498387726774,0.827590250966118,0.829113982903043,0.833373012459615,0.833695518649406,0.834902366978442,0.83623616146212,0.84175621306653,0.842725593628685,0.845610197305299,0.846198467058956,0.863901570224041,0.86392682984682,0.867369319962675,0.867547714840978,0.868909909699142,0.869215467911187,0.870515776505577,0.870841875075654,0.871406785027919,0.871641581552992,0.872413191137204,0.872817782424365,0.874880001056265,0.878288761023955,0.881234069736399,0.881503477639648,0.882249779188327,0.88233536626395,0.885752663653944,0.885876285655643,0.886185837914378,0.886379283472885,0.886684845153178,0.886935609046235,0.887384669529576,0.88774033749028,0.888300296668873,0.888532418377748,0.888949059857729,0.88913631834034,0.889401260119167,0.889731039841578,0.890191342735817,0.89031132001575,0.890460612342576,0.890681780341201,0.891062117089525,0.891124581343068,0.891393929184968,0.891583299101079,0.891691343143425,0.894463550382631,0.89490133499055,0.894960436742746,0.895189840764975,0.895250953474405,0.895426525916548,0.895518567049498,0.895676570582746,0.895711764773602,0.895850707650675,0.895928909754725,0.89609274970004,0.896178389124964,0.896356414980027,0.896372999640722,0.896600132081391,0.896626886163937,0.89672915184219,0.896741213793783,0.896808980863478,0.896859077516259,0.897029936803618,0.897112667566503,0.897211515992122,0.897248235449009,0.897321456099174,0.897371450358475,0.897472520609127,0.897544475625467,0.897629507487133,0.897681842982228,0.897764227559401,0.897801286489298,0.89787317199877,0.897905504817974,0.897954710963687,0.898006772575333,0.898072369425231,0.898122155327445,0.898237067219431,0.898282903179498,0.898306495100758,0.898342471729834,0.898393064175914,0.898433077334491,0.898489614982467,0.898546929636611,0.898590997133247,0.898627173929108,0.898658138279427,0.898677983386845,0.898717938345925,0.898746807005738,0.898788343722114,0.89881065006354,0.898840847251344,0.898861034556645,0.898898669066873,0.898926394034325,0.898957149927139,0.89897795899711,0.899011563208188,0.899025167854239,0.89905230134275,0.899072052474705,0.899086178145485,0.899101501804458,0.899289139433998,0.899312720603807,0.899332509503938,0.899352956357168,0.899368838371027,0.899401387783825,0.899419544312909,0.899437070930399,0.899455727101515,0.899473837869371,0.899500243537319,0.899508633857902,0.899756011448573,0.899771765442788,0.899780448581542,0.899789408417449,0.899800842397333,0.899816563931335,0.899831685444624,0.899845278958572,0.899853271567438,0.899860028206887,0.899876815096474,0.899886065790422,0.899899844043894,0.899911652980698,0.899923355260569,0.899930502591427,0.899944916102445,0.899953166372532,0.899960712366844,0.899968705010164,0.899980741542642,0.899990517436942,0.899999256215921,0.900009165513653,0.900018941466617,0.900031718749836,0.900047148446232,0.900052379189847,0.900061297602645,0.900074368329769,0.900080406975567,0.900087308042195,0.900095320460457,0.900107181641726,0.900112810059433,0.900120970855482,0.900129669268919,0.900137115684956,0.900144611771415,0.900150183544538,0.900158660021044,0.900165520340468,0.900172888940334,0.900185977283396,0.900192467155669,0.90019765602058,0.900202752034765,0.900207250094506,0.900211355857298,0.900216521746378,0.900219026033309,0.900222675556745,0.900228353320172,0.900235704169659,0.900241398336443,0.900246193984004,0.900248599200424,0.900253969240222,0.900259947922525,0.900262433196944,0.900267100650914,0.900270848084426,0.900275211573846,0.900277492239146,0.900280409709205,0.9002854439995,0.900287815084594,0.900291575717515,0.900296261305524,0.900300647483405,0.902065180113195,0.902070306460539,0.902073371654481,0.902078595789415,0.902672571446039,0.902675809069446,0.902679871485607,0.902683692347681,0.90268802454629,0.902692409072053,0.902693348222175,0.902696948307834,0.902700744825331,0.90270367041081,0.902706811997442,0.90271031593406,0.902710991681597,0.902715146288907,0.902717342550577,0.902720320160869,0.902723310457521,0.902725462274136,0.902727537560443,0.902730265816829,0.902734391076969,0.902737247915509,0.902738652369634,0.902742004830385,0.902873247567372,0.902875624274356,0.902876858356157,0.902879041031727,0.902880586590493,0.902881632608798,0.902883030111346,0.902885431497046,0.90288659763186,0.902888864497127,0.902890345905027,0.903606157510545,0.903608564302226,0.903610290634045,0.903612661178637,0.903613429277324,0.903614965085566,0.903617642752824,0.903619893065572,0.90362300992207,0.903624005700588,0.903626154553524,0.903627704817568,0.903629222111965,0.903630755547493,0.903633450266578,0.903635401358782,0.903637899734467,0.90363991399158,0.903640867263041,0.903642280445721,0.903644350153198,0.903645863752511,0.903647947305672,0.903648657220397,0.903650115997688,0.90365121529396,0.903652314237352,0.903654013670177,0.903655154429291,0.903656890931969,0.903657636747417,0.903658320469367,0.903659411016065,0.903660623044966,0.90366182095263,0.903664236462234,0.903665311965476,0.903668222688722,0.903670237392728,0.903672734637919,0.903673749024022,0.903732307063615,0.903733697714013,0.903735042661254,0.903736456414038,0.903737966158782,0.903739617841646,0.903741216423452,0.903742606535089,0.903744321386854,0.903746574751069,0.903747987859332,0.903749140618446,0.903750884147234,0.903752718408893,0.90375540567826,0.903756430445347,0.903757248231766,0.903758282036749,0.903967811943957,0.903969469241198,0.903971307042116,0.903972130562811,0.903973861753093,0.903975032155234,0.903976734496491,0.903977670068167,0.903978586559769,0.903980237638081,0.903981240737571,0.903981930171671,0.903982664552942,0.903984225860907,0.903986158450513,0.903986974120269,0.90398815570857,0.903989635115928,0.903991243724913,0.903992671408106,0.903993915348988,0.903994491470108,0.903995890406367,0.903996717385789,0.90399991787008,0.904001189931058,0.904002860543445,0.904003454377522,0.904005379279617,0.904006240101515,0.904006964840874,0.904007774327279,0.904009578744644,0.904010411021126,0.904011724453056,0.904014141032083,0.904015623806614,0.904016905687941,0.904018708723806,0.904019222654646,0.904020038037671,0.904020324401109,0.904021284730184,0.904022490641831,0.904024142482156,0.90402482169209,0.904025417627308,0.904026550048052,0.9040280431131,0.904028898372164,0.904029453221491,0.904031165115305,0.904032986819225,0.904034559866394,0.90403645964539,0.904038297475137,0.904039673226333,0.904040576184004,0.90404164022541,0.904042580041542,0.90404306377757,0.904045233014964,0.904046631478192,0.904047422379621,0.904049530464847,0.904050043290261,0.904103997757778,0.904105034492976,0.904176786220355,0.904177187135279,0.904178391919431,0.904178845289806,0.904179768738013,0.90418131662271,0.904181923408373,0.904182965836944,0.904183310000435,0.904183765335026,0.904184732231252,0.904184790802856,0.904185708658712,0.904187033107594,0.904188247396585,0.904188337571531,0.904188963722597,0.904189438782139,0.904189950052273,0.904190491174305,0.904191430313165,0.904191777581392,0.904192034753601,0.904192775930598,0.904193000139107,0.904193812461193,0.904194307060554,0.90419464535631,0.904195873528689,0.904196485876166,0.90419710081691,0.904197575674989,0.904198371389148,0.90419879682255,0.904199060623181,0.904199820931647,0.904200122119832,0.904200779750388,0.904201228142286,0.90420151053699,0.904202617445397,0.904203110795071,0.904204498195264,0.904204793025449,0.904205489206958,0.904206382879839,0.904206676868704,0.904207443470194,0.904208139350973,0.904208847925996,0.90420984693887,0.904210192808905,0.904211005377643,0.904212382456392,0.90421275191752,0.904213040109958,0.904213184675341,0.904214385358098,0.904214694907059,0.904215591693532,0.904216159111517,0.904216554992379,0.904348285350164,0.904348489209314,0.904348961776112,0.90434928341051,0.904349791604612,0.904350271358815,0.904350544088374,0.904351304159158,0.904351656377122,0.904352265077681,0.904352626829781,0.904353048937383,0.904353602340475,0.904354190106363,0.904354469267905,0.904355331878007,0.904355637449502,0.904355886469323,0.904356421851023,0.904357211665139,0.90435780641295,0.904358429737834,0.904359299760759,0.904361016891857,0.904361542147145,0.904362206919156,0.904362368742632,0.904363366299417
0.408943317018732,0.451380831699786,0.462817594251165,0.463787137765061,0.474675577471654,0.509586039019377,0.516225289553972,0.516225289553972,0.516755822372801,0.516930968113498,0.551698952026528,0.552496992579384,0.553854067745535,0.553854067745535,0.556041989544038,0.556269570950734,0.599578011177069,0.60138579616574,0.60751339139425,0.60751339139425,0.620961885668616,0.620961885668616,0.649799863579058,0.64987607853908,0.653185280331976,0.653185280331976,0.698317703812447,0.698962525187592,0.720678892246467,0.720678892246467,0.724218335495467,0.724698134905779,0.725437028026257,0.725437028026257,0.756736251845137,0.75712277976074,0.759241817630377,0.75924439554308,0.760299528426524,0.760467365356854,0.765008116560236,0.765008116560236,0.775319021827872,0.775543057813952,0.787452497837559,0.787518038413825,0.806615257958103,0.812697550847235,0.818284732331852,0.818598072858792,0.819042869806898,0.820293399386224,0.821799281265975,0.822085632082987,0.832628791854405,0.833001423775707,0.840335368269758,0.847800770161856,0.850096802854377,0.850170953862093,0.85216862896493,0.852222965393326,0.860381337479643,0.860482280068859,0.861255832284054,0.861896933761655,0.863312681986758,0.868829265863259,0.870511425514718,0.870819666957125,0.878557402382655,0.87861446748111,0.879730529891658,0.880185593841421,0.881091363188187,0.881110291052602,0.881413894619826,0.881498171449276,0.881988788550106,0.882067637597325,0.882784819290216,0.882979539140607,0.883385240125908,0.883667519912451,0.884449358991382,0.884653541357977,0.885201851555877,0.885328207426707,0.885768678515927,0.886213847081907,0.886616851973927,0.887695872498617,0.887826076876003,0.887959918549723,0.888941814195063,0.889449086397081,0.889690754064999,0.889872673224172,0.890016877674315,0.890362099471944,0.890694630115664,0.890812517874046,0.891076922414679,0.891217506176153,0.891353207774463,0.891525784417942,0.891589706490293,0.891701987089852,0.891855452407477,0.892165737159562,0.892440124416013,0.894667876760377,0.894874117809378,0.894956808142988,0.895310727947508,0.895345078540613,0.895593261032555,0.895599126554829,0.895739275565973,0.895795614306284,0.896083748950453,0.896098128047505,0.89624608698334,0.896281768651981,0.896489846200349,0.896506625585658,0.896774892188847,0.896794834685271,0.897028064066995,0.89704618818133,0.897232490840304,0.897262188044135,0.897714065194439,0.897762433753082,0.897907596004735,0.897926087754525,0.898043222619353,0.898094748704077,0.898188423696372,0.898754978049221,0.898931251594452,0.898970703112933,0.899097178707889,0.899153870686453,0.899252931747424,0.899314039004173,0.900493891017868,0.900563488035289,0.900612624142984,0.900647713065098,0.900727946175832,0.900789241276498,0.90088240213637,0.900923033561373,0.901023681030544,0.901046624935004,0.901106370130267,0.901132238036006,0.901172674308007,0.901223229683726,0.901356051805515,0.90139867630176,0.901536725922968,0.901562313966475,0.901595091154588,0.901649545882673,0.90167972857425,0.90170692013792,0.901745706026473,0.901776739853392,0.901824134744217,0.901869350428965,0.901901052620919,0.901925167125497,0.901947294673833,0.901970274042803,0.901996520070644,0.902015870866689,0.90205494227509,0.902076134610949,0.902100943256479,0.902121926046134,0.902148432592614,0.90216724422403,0.902182618853406,0.902191697627369,0.902212766438664,0.902230034675644,0.902247933172795,0.902270462483584,0.902292072005697,0.902302102900249,0.902359619899941,0.902376216502393,0.90239801159752,0.902417722107367,0.902441260181397,0.902451244243647,0.902490808824867,0.902510137077386,0.902526518368762,0.902540814997893,0.902554111492287,0.90256694451146,0.902579947327749,0.902590912961316,0.902608993715047,0.902618706786842,0.902636740470759,0.902644745481911,0.902656139963722,0.902660149009806,0.902674291979896,0.902686290825783,0.902699260614008,0.902709839746447,0.90271986108999,0.902727374031249,0.902736272397542,0.902750454475012,0.902764546969775,0.902774890679727,0.902787003790636,0.902795193632547,0.902803415257147,0.902821065862061,0.902829510824925,0.902836961031953,0.902848246280532,0.902853772498066,0.902863947192679,0.902873021349193,0.902883478104119,0.902888556945968,0.90289635351672,0.902905479429881,0.902919355218288,0.902926817831888,0.903142502522677,0.903148267422151,0.903156378160381,0.903166561973557,0.903172397398891,0.903179271245373,0.903182964066657,0.903189630063948,0.903196681596735,0.903203092583899,0.903307311135909,0.9033157789614,0.903323546084093,0.903333805066154,0.903341414444284,0.903347547573376,0.903356742110963,0.903358493657003,0.903365693378073,0.903369935269257,0.903375884162744,0.903380545800101,0.90338732737898,0.90339049867437,0.9033959534269,0.903400947848439,0.903406063885651,0.903412808763342,0.903418116919011,0.903424816584258,0.903430013952069,0.90343358363109,0.903440535213608,0.903443986933048,0.903450983403686,0.903453994520413,0.903458841322787,0.903465575334745,0.903469327117165,0.903471681265856,0.903478164911123,0.903482262777965,0.903486717446995,0.903490884056109,0.903492667229541,0.903496928041621,0.903501352295001,0.90350708360698,0.903510442226718,0.903511364853822,0.903515261879276,0.903518274644011,0.903521945641039,0.903527008226113,0.903528894191941,0.903531340233604,0.903535213089011,0.90353785358277,0.903540664743604,0.903542622862227,0.90354535670806,0.90354837387808,0.903550968362236,0.903553429222563,0.90355709088184,0.903558813510666,0.903561533101384,0.903564028723325,0.903566162628169,0.903569093768246,0.90357132308617,0.90357284792964,0.903578097669302,0.903579959754551,0.903581985389558,0.903585400496416,0.903588186830095,0.903590584344628,0.90359396638024,0.903595907204876,0.903598318037221,0.90359918549868,0.903602761316666,0.903604121145111,0.903605893526071,0.903609636460295,0.903612063010104,0.903617053099268,0.903618829840628,0.903622061294615,0.903624622484664,0.903626315467224,0.903629822944507,0.903633312314834,0.90363478159041,0.903637515826552,0.903639438377755,0.90364198790919,0.903643677693068,0.903648375907467,0.9036504820059,0.9036515818544,0.903725331473079,0.903727087597314,0.90373136262325,0.903733732695026,0.903735322376611,0.90373587096892,0.903737782673454,0.903739730071314,0.903741101788949,0.903742463787702,0.90374458514246,0.903747159898136,0.903748414095969,0.903750028940671,0.903752162682504,0.903754494450376,0.903755587471158,0.90375910766971,0.903760692379106,0.903762023332161,0.90376343611313,0.903764634696531,0.903767792746287,0.903769406841818,0.903771079272053,0.903772756120559,0.903772983158598,0.903775331740973,0.903777145136896,0.903779856811794,0.903780370380214,0.903781723952631,0.903783491604306,0.903784707111261,0.903785950495162,0.903786255628686,0.903788215493456,0.903790300819142,0.903791623739651,0.903792246870014,0.903793636954126,0.903795911249745,0.903797239944984,0.903798061219924,0.903798946614844,0.9037997439794,0.903800844189189,0.903801695471409,0.903803176581108,0.90380519843979,0.903806092279342,0.903807246210432,0.90380808023255,0.903808992809399,0.903810721526414,0.903811647071141,0.903812228458563,0.903813298029459,0.903815191287243,0.903817403666392,0.903818552393299,0.9038193396294,0.903820186235355,0.903821072383639,0.903821862878355,0.903823648130509,0.903824700801966,0.903826090839715,0.903827553051081,0.903828334891061,0.903829004825419,0.903830078995696,0.903830654444791,0.903831266112672,0.90383296734667,0.90383457116029,0.903835613864201,0.903836905894379,0.903838307350427,0.903839924536506,0.903840086779518,0.903841397912613,0.903923345115235,0.903924536623444,0.903924842270014,0.903925759969492,0.903926184993187,0.903927756543945,0.903928399970597,0.903929652608373,0.903930347372208,0.903931040687868,0.903931565423357,0.903933645031147,0.903934370475577,0.903935017452062,0.903935624921637,0.903935798763505,0.903936212076003,0.903936821488888,0.903937417597092,0.903938086667156,0.903939399359468,0.903940064478346,0.903940968488247,0.903941702833409,0.903942371241007,0.903943623505346,0.904118796403712,0.904119299877327,0.904120107761446,0.904121492730939,0.904122221118652,0.904122957497576,0.904123804613619,0.904124721982618,0.904125416030006,0.90412627880197,0.904126637314108,0.90412710076468,0.904127937248223,0.904128741705475,0.904128980630772,0.904130389642286,0.904255527143552,0.904255727379645,0.904256112026868,0.904256429106139,0.9042571912202,0.9042579084901,0.904258609879077,0.904259264382254,0.90425948152109,0.904260368981998,0.904260754157921,0.904261006595495,0.904262077830631,0.904262723908879,0.904263335180962,0.904263873461946,0.904264278265011,0.904264870154862,0.904265013173989,0.9042654576199,0.904265848987974,0.904266211346709,0.904266744990856,0.904267985617421,0.904268918683785,0.90426923608241,0.904269739848349,0.904270364562212,0.904270927333166,0.904271315232974,0.904272324734912,0.904272882238307,0.904273078961279,0.904273574655934,0.904273931111917,0.904274032387486
0.38810376780141,0.425349007981692,0.425349007981692,0.426269355801092,0.43003851481764,0.431278055717288,0.455300783890456,0.455433130695359,0.476196790031673,0.484652563262417,0.559659027048975,0.559679955406268,0.582952350409145,0.582952350409145,0.600636396693143,0.606328628100558,0.607703524851382,0.607703524851382,0.64948448670478,0.649484486704781,0.649496498652059,0.649496498652059,0.681456354718481,0.681730331670134,0.716214320136872,0.716246131148364,0.742771561301841,0.742771561301841,0.742771561301841,0.742771561301841,0.743088172591896,0.74428242309665,0.744389910425013,0.744389910425013,0.744392081104105,0.744511424335595,0.744892097944837,0.744892097944837,0.74946411792135,0.74946411792135,0.782834637570427,0.782834637570427,0.791714437275442,0.79174984643105,0.793966469237225,0.794255856352531,0.796466838740116,0.796624487642015,0.799846082265522,0.799881753016132,0.812743486305674,0.812797439104942,0.817668146862428,0.817725902511281,0.836329245823344,0.837385364390965,0.84194610934956,0.842931826599935,0.84359465271406,0.843630588110328,0.844491645067948,0.844681842385955,0.845657796988712,0.84883695376132,0.850868688228422,0.851067201692288,0.852046112198922,0.860031957007873,0.861791448890035,0.864460330157251,0.869916422589366,0.87009571904877,0.870836729526207,0.871010151078493,0.872318709940725,0.872526205945108,0.873207286104095,0.874961701502263,0.875484535638673,0.875547219925565,0.882989627619819,0.884242346162068,0.884883527812951,0.885342673835593,0.886697671763949,0.886856149201996,0.887371446860798,0.888234340566963,0.890319444006295,0.890649148942103,0.890904425581897,0.891034711389826,0.891305745241011,0.891520292638433,0.891766250523682,0.891892230818326,0.892854893108992,0.893229111270429,0.893508689432256,0.89365534631924,0.893774437798624,0.894059734618151,0.894185190779044,0.894339998943503,0.894622542051869,0.894650873269943,0.895010878663957,0.895044220413324,0.895211998398945,0.897491279357382,0.897645870861576,0.89767192615076,0.897930348235831,0.897957658506692,0.898241200350627,0.898279524385258,0.898525683730782,0.898559033215495,0.898706963723628,0.898753209988241,0.898886651682823,0.89891173053484,0.89906680729907,0.899170085419565,0.899320139443947,0.899364141785492,0.89983340749666,0.899891601600656,0.899963122695926,0.899996341768141,0.900093769795425,0.900161212856967,0.900248133380954,0.900309497493231,0.900431853629262,0.900458521856042,0.900512159807347,0.900542337492057,0.900589735826938,0.900634699133333,0.900686330826576,0.90073380524291,0.900804301603367,0.900839607723099,0.900896288760536,0.900929748685952,0.901020977135682,0.90104295408446,0.901082096443491,0.901114618218346,0.901144271185131,0.901172208586816,0.901239089285242,0.90126793534069,0.901306975869316,0.901347105530871,0.901386537852282,0.901416588390366,0.901456426828542,0.901491717419263,0.901532726609828,0.901556890309302,0.901590780544948,0.901603084624952,0.90164374328838,0.901665109573173,0.901704954266529,0.901729368100046,0.901755226950359,0.901767838667472,0.901798806889498,0.901821665306762,0.901844956684613,0.901860932962681,0.901880826287066,0.901896820720931,0.901924962247888,0.901942791766463,0.901961210860503,0.901971822884784,0.901982724625567,0.901996087132032,0.90215003470435,0.902163364287495,0.902180346945985,0.902189921957374,0.902203789342211,0.902223878160992,0.902237980849373,0.902253006224901,0.902266857102831,0.902277669595003,0.902291238900971,0.90230375809914,0.902310192862326,0.902317342371816,0.902326668191612,0.902336320422878,0.902346470188456,0.902355326198008,0.902372146831176,0.902384022434851,0.90239679776606,0.902404799389098,0.90241824050017,0.90242536943198,0.902433513254445,0.902445205967421,0.902453765051131,0.902465352117869,0.902471812790855,0.90248595624844,0.902496774601939,0.902504770353394,0.902512358381734,0.902519432575092,0.902531909319735,0.902540444524681,0.902552582333114,0.902560063468026,0.902568327542659,0.902575728512673,0.902583797902402,0.902599511371018,0.90260570705052,0.902611534252841,0.902621008549407,0.902625207336428,0.902630026467078,0.902633454710703,0.902639374000065,0.902642971696568,0.90264918612082,0.902654700488672,0.902656830567053,0.902661625414686,0.902667484365141,0.90267298860185,0.902677033236675,0.902682558191115,0.902684885903377,0.902689723091689,0.90269182146945,0.902697837514018,0.902701805090092,0.902707206248474,0.902711697194543,0.902717322293728,0.902723489686219,0.902727908931469,0.902733661427222,0.902739330557021,0.902742423353713,0.902746333197291,0.902751700693341,0.902755364835329,0.902760855973294,0.902764687964906,0.902768363671134,0.902774819015676,0.902782194726797,0.902786064313354,0.902790127361866,0.902794491444222,0.902797035051543,0.902801177580912,0.902805611880369,0.902812091422248,0.902815326538636,0.902818844680545,0.902823546986649,0.902826499171653,0.902830228688287,0.902833827925301,0.902836562522394,0.902840179139626,0.902845277790934,0.902850338963953,0.902853961280329,0.902856851601756,0.902859040506418,0.902862110976932,0.902865119074852,0.902866238222751,0.902869824849476,0.902871715167651,0.902875716504247,0.902879183557045,0.902882679936751,0.902886952373724,0.902887877662784,0.902891456909647,0.902894054624514,0.902896092711446,0.902898067614536,0.902899436652117,0.902902164712429,0.902904599690761,0.902906774311057,0.902909979547181,0.902911663743782,0.902914700455524,0.902916261976524,0.902917232605155,0.902919015637312,0.902920600723656,0.902923138286631,0.902924761580562,0.902926614304955,0.902928020550565,0.902929514207696,0.902930976503633,0.902934288424645,0.90293716878734,0.902938896984947,0.902940103443371,0.902941268330973,0.902942246261767,0.902944525700692,0.902946809457063,0.902948484077479,0.902950485284648,0.902952418972763,0.902954446791509,0.902956023051902,0.902957628325321,0.90295913285998,0.902960907284972,0.902962051178094,0.902962960658028,0.90296480987134,0.902966719526676,0.902968325195682,0.902969788497646,0.90297211960387,0.902973012076438,0.902975806479946,0.90297668830212,0.902979019277443,0.902979917562704,0.902982004216939,0.902982815571422,0.902984578576509,0.902985511059544,0.902986303438723,0.902987905293691,0.902988866433644,0.902989937020779,0.90299109014363,0.90299227364962,0.902994017051348,0.902995955871671,0.902997752176024,0.902998200617237,0.90299935010193,0.90300048977802,0.903404947500227,0.903405838635711,0.903407512359522,0.903408671434736,0.903409111783319,0.903410132783899,0.903411308011412,0.903412098486409,0.903412872461616,0.903413288695603,0.903414156797576,0.903415565921337,0.903417579841199,0.903418426008572,0.903419890755363,0.903421514949035,0.90342273802625,0.903424315396611,0.903425109673392,0.903426084328578,0.903426543684779,0.903427754157673,0.903430030126393,0.90343104710288,0.903432163874973,0.903433135087006,0.903434494469972,0.90343632747987,0.903437220780527,0.903438252952562,0.903439064476778,0.903439953968757,0.903440552899305,0.903441199869938,0.903441286420424,0.90344302263706,0.903444201240453,0.903445320189232,0.903446006729863,0.903447401561239,0.903447916429067,0.903448562627494,0.903449195937265,0.903450287613,0.903451535465332,0.903452302358991,0.90345351654243,0.903453800544181,0.903454874275926,0.903455738459544,0.903456261298629,0.90345752379727,0.903457969955563,0.903458784276218,0.903459651682758,0.903459940525239,0.903460574896791,0.903461567227573,0.903462477353085,0.903463357569905,0.903463723235281,0.903465194634343,0.903465560737284,0.903466424009821,0.903467068793006,0.903467946621218,0.903469001176713,0.903469585098042,0.903469931011387,0.903471419888083,0.903473001024973,0.90347319589746,0.903515590553167,0.903516371018819,0.903516532921689,0.903517226842927,0.903517877856183,0.903518378763256,0.903518998448445,0.903519904082939,0.903520566012035,0.903521038758238,0.90352203624371,0.903522895086727,0.903523521944157,0.903524295269615,0.903524655574051,0.903525381525848,0.903525800673179,0.903527193440547,0.903527748256429,0.90352812634167,0.903529353737535,0.903529660711304,0.903530121912338,0.90353083757057,0.903531165602971,0.903532092872909,0.903532476628098,0.903533009413366,0.903533641207562,0.903534853445628,0.903535539250231,0.903535964491468,0.903536204942877,0.903536447106653,0.903537555434141,0.903538316777178,0.903539009018718,0.903539713991187,0.903540012001012,0.903540545365981,0.903541112558249,0.903542016378427,0.903542499094112,0.903542950211045,0.903543135085334,0.903543950448888,0.903544609366726,0.903545060460815,0.903545588243804,0.903546485019824,0.903546979159253,0.903547609988455,0.90354821993283,0.903548757773319,0.903549445904514,0.903549869789263,0.903550026076043,0.903550437585267,0.903550838085079,0.903551476452428,0.903552348605846,0.903552915409823,0.903553533365957,0.903554019159689,0.903554739105672,0.903554982268249,0.903555484898411,0.903556092472183,0.903556437777386,0.903557026968235,0.903557705196582,0.903558016760047
0.379793039747874,0.430372838233796,0.453359591438441,0.453482348172011,0.474547839243393,0.474794061157566,0.478415499842029,0.514277277778499,0.520971977178447,0.522883397007843,0.522883397007843,0.522931008625349,0.527768270562484,0.528388227209436,0.529775012478756,0.529775012478756,0.595757414133131,0.596199416869098,0.644098928232103,0.644098928232103,0.686411123814907,0.687445922464966,0.740878426392234,0.741039637096052,0.741039637096052,0.741039637096052,0.741039637096052,0.741044622008802,0.744261901516383,0.744261901516383,0.744804937130653,0.745106268195948,0.7463931911684,0.746514260348922,0.746539398113658,0.746539398113658,0.754049187510702,0.754101976791951,0.75968428019873,0.759957725358115,0.762325895919217,0.762359932123595,0.764793848045465,0.764793848045466,0.787237915929311,0.787239645700806,0.788329646898369,0.788329646898369,0.790231660402184,0.790231660402184,0.816222790361385,0.816263966606036,0.817387116894765,0.819357380152602,0.820038310718276,0.820402248217661,0.821398959178371,0.821553912061817,0.84906675766756,0.849429944083678,0.850158280208837,0.850318773982993,0.852454766897847,0.854842482069645,0.85556192315915,0.855595697387412,0.861629897511353,0.864979459573111,0.865648859174126,0.866022183319042,0.870044033505077,0.870555658497175,0.872401321070679,0.874887920051216,0.884285640166335,0.884424609119999,0.884857851702508,0.884927624938495,0.885639375573833,0.885775385034186,0.886598430560227,0.886777639663094,0.887231260182423,0.887329145098089,0.888809272634971,0.889221604186604,0.891867124929065,0.892204302222198,0.892408870185646,0.892803224328685,0.893114263218026,0.893307319035491,0.893756612201066,0.894037616642429,0.894428449254945,0.894652918103705,0.894894475628295,0.895019926240224,0.895356524370256,0.895530879897707,0.895773796318981,0.895921864158833,0.896095269292847,0.896241718494374,0.89644021149174,0.896602624117347,0.89681636993277,0.896848237611999,0.897264270442453,0.897305901323667,0.897510721599027,0.897516744443463,0.897624580916207,0.897674784538319,0.89780758089032,0.897857614880926,0.89800164077153,0.898049594220175,0.898240405802124,0.89826570714239,0.898375767230268,0.898434912818601,0.898602184545069,0.898699439864221,0.89893344012761,0.898976283987203,0.899122517502486,0.899157151945682,0.899313821290773,0.899371249792536,0.899468170725349,0.899515220677837,0.899650988887582,0.899894248925175,0.900007662519232,0.900045984865048,0.900120520378129,0.900165927748426,0.900260689152148,0.900287286866916,0.90032344741114,0.900361425685652,0.900432436948992,0.90045940163422,0.900926291804329,0.900960703874921,0.90100743444051,0.901051886734358,0.901102251348957,0.901125003248787,0.90131171311181,0.90133693943377,0.901360906232234,0.901390163646829,0.901423196606395,0.901459664156934,0.901502621895759,0.901532834224867,0.901567906466371,0.901596346621035,0.901613557630997,0.902077230630734,0.902098198749016,0.902117717821372,0.902142648554952,0.902158750071238,0.902181571307615,0.902214839581431,0.902243671865094,0.902263449470823,0.90228797178557,0.902313835656583,0.902325376278219,0.902343109979511,0.902363611616317,0.902376820261309,0.902393528641809,0.902418692499149,0.902434750517223,0.902450254229446,0.902467226572693,0.902482029989007,0.902497058269594,0.902510750573641,0.902522007141063,0.902535363290112,0.902548852645148,0.90255542833591,0.902572940740289,0.90258255956623,0.902595775984336,0.902603824053923,0.902622830587229,0.902632996716906,0.902644292884214,0.902652204089165,0.902663022176901,0.902672205535805,0.902681039124959,0.90268624064617,0.902696942591353,0.902704333346507,0.902719248391516,0.902729989695481,0.902739392474158,0.902747536005786,0.902758427437678,0.902770145625682,0.90277687561224,0.902790373943204,0.902800124595253,0.902811557827476,0.902822370646477,0.902827070067395,0.902959407369947,0.902969899511373,0.902975906139842,0.902982751149361,0.902991605320004,0.902996027564695,0.903000403901456,0.903005768903189,0.90301130858524,0.90301683501824,0.903022888203231,0.90302846459625,0.903035495590469,0.903040667200396,0.903244636324,0.903249409683191,0.903252937469142,0.903261122342983,0.903268635942885,0.903275969796058,0.903281154701558,0.903283960213648,0.903365228577453,0.903370687713656,0.90337555779592,0.903379927204376,0.903385604820842,0.903389484144042,0.903395726563831,0.903401008969207,0.903405013002986,0.9034103320367,0.903416721846603,0.903419006050587,0.903423118441045,0.903429138620737,0.903432522663558,0.903439242422971,0.903443003366422,0.903446447437499,0.903449738667838,0.903454498570372,0.903457354551921,0.903460643170242,0.903465084136495,0.903472832462561,0.903476687047813,0.903479064442233,0.903484437476656,0.90348607509379,0.903489361753137,0.903494625893441,0.903499608174659,0.903505029687751,0.90350981031955,0.903511635222396,0.903515707837835,0.903520582724237,0.903523698575336,0.903528168084956,0.903533782513237,0.903536842030769,0.903540128804399,0.903543874902025,0.903547324170327,0.903551680521964,0.903555908709575,0.903558786397962,0.903563704746685,0.903566314888378,0.903568850846482,0.903570441507874,0.903572206658693,0.903575123556393,0.903578188458505,0.903579762857825,0.903583518692319,0.90358726842212,0.903589220166984,0.903590956305437,0.903593375691085,0.903596379847955,0.903598481136593,0.903600442182472,0.903603707086985,0.903605615068433,0.903606623391285,0.903608954895998,0.903609859754627,0.903612104713471,0.903615130658134,0.903616759089881,0.903619377825289,0.903621699019379,0.903623111105064,0.903624932880655,0.903628490962462,0.903630201380175,0.903632834849826,0.903634523347133,0.903636548179404,0.903638563047317,0.903640156758583,0.903641871846003,0.903643631759846,0.903646685929208,0.903648494290085,0.903650232083656,0.903653241776008,0.903655672556008,0.903657431097991,0.903659854765686,0.903661431580403,0.903662649409345,0.90366518856042,0.903667866649144,0.903669932981717,0.903671092865206,0.903673043419174,0.903674811955248,0.903677075664332,0.903679882181012,0.903681360947499,0.903683889051755,0.90368632616185,0.90368993017542,0.903690738158497,0.903692013012917,0.903692920951179,0.903695236193453,0.90369609403723,0.903697186485762,0.903699052472348,0.903701254746916,0.903702424755692,0.903703554479982,0.903705784223488,0.903707452200824,0.903708549737905,0.903709336895614,0.903711025886628,0.903712376516881,0.903713461636586,0.903715753320742,0.903717313626801,0.903718571720579,0.903720024385401,0.903722283118496,0.90372320495182,0.903724766060587,0.903726176753004,0.903727192263282,0.903729121570932,0.903730402171184,0.903732201175426,0.90373324767368,0.903735553299807,0.903737442252946,0.903738441664823,0.903739054738241,0.903739813838785,0.903740995510692,0.90374161319997,0.90374258051005,0.903743681585024,0.903744510554389,0.903745782424121,0.903747248318714,0.903747715623485,0.903748625792221,0.903749535232806,0.903750543063682,0.903751954808691,0.903752578022349,0.903753548540901,0.903754941016606,0.90375579390533,0.903756503477583,0.903757028283562,0.90375805888085,0.903758788823481,0.903759761273531,0.903760409994727,0.903761652443415,0.903762419172411,0.903763013588871,0.903763927166265,0.903764422473702,0.903765027243296,0.903765922028386,0.903766797176256,0.903767302416023,0.903768150692041,0.90376872216353,0.90376970077642,0.903770619522324,0.90377146892351,0.90377287753538,0.903773383464082,0.903774762595432,0.903775027850024,0.903776025572391,0.903776747104302,0.903778002271535,0.903778394359121,0.903779885548283,0.903780556523789,0.903782044995815,0.903782490564582,0.903783444527593,0.90378362982594,0.903784240488518,0.903784756373303,0.903785636408361,0.903785779861976,0.903786729980604,0.90378696496874,0.903787673385433,0.903787902662914,0.903788722374129,0.903789561414257,0.903790649620295,0.903791405264131,0.903792334141289,0.903792544192058,0.90379297536032,0.903793765721521,0.903793949115218,0.903794472664436,0.903795025301037,0.903795460908262,0.903795812080613,0.903796512510877,0.903796994406898,0.903797274223011,0.903797983443613,0.903798618387271,0.903799539870218,0.903800403327596,0.903801146693767,0.903801462702214,0.903801674331951,0.903801945009,0.903802268884601,0.903802836461626,0.903803253483304,0.903803862693858,0.903804436219509,0.903805012969531,0.903805170573347,0.903805671488618,0.903805841133722,0.903806233458775,0.903806503217698,0.903806869202517,0.903807190593585,0.90380780547561,0.903808188067703,0.903808534368178,0.903808550605518,0.903968148056095,0.90396852533577,0.903968625577749,0.903968786518982,0.903969070505979,0.903969212507502,0.903969607628787,0.903970407080916,0.903971058298488,0.903971242490292,0.90397141398013,0.903971804600153,0.90397249409915,0.903972613980875,0.903972780514952,0.903973566211783,0.903973974114443,0.903974167165347,0.903974418248553,0.903974477387183,0.903974582497486,0.903974978333409,0.903975263495854,0.90397562639651,0.903976153801924,0.903976316675369
0.407039257610388,0.407114067582205,0.428754658795941,0.429956788656159,0.43074553969171,0.448252377230721,0.50187426025206,0.50284992521956,0.50775065626954,0.50775065626954,0.52741172247175,0.554280475704694,0.648897923631147,0.649691198585326,0.651966830605779,0.651966830605779,0.652667725559296,0.652667725559296,0.668275717835931,0.669375777381919,0.670138541210606,0.671792546285415,0.673850248163737,0.673850248163737,0.674198999607546,0.674198999607546,0.675313496551097,0.675396083126606,0.676421583109084,0.676528423633217,0.684789766532353,0.684969313400595,0.685129250266456,0.685129250266456,0.714952402605942,0.715022499487124,0.759224100738626,0.761854445035967,0.761854445035967,0.770888818293905,0.773238178929538,0.773374706304286,0.774534672140911,0.774642332046037,0.775570793582833,0.776053328022735,0.784072742894429,0.784175422383232,0.785859150802778,0.788389442245221,0.790281435005166,0.798927035420269,0.818493205033841,0.818608620255169,0.820361915108985,0.820526570542292,0.84007561804872,0.840296293872887,0.843405206580984,0.844392462502309,0.845694740842115,0.845972150724745,0.85499852256642,0.855717495609055,0.857229496128474,0.857732244803732,0.860923247092389,0.860962263029309,0.863080677760993,0.863216174343009,0.864209377548512,0.865061956143575,0.86684361755579,0.86718229975348,0.872306902298278,0.872685185711467,0.873652636521398,0.873934449704015,0.874920315614261,0.875064391037103,0.876679632358273,0.883762263944552,0.884875260906762,0.884910655423976,0.88564195777873,0.885824585234715,0.886811833815709,0.88724139675052,0.88771217480819,0.887950766292003,0.889361776826489,0.889554029511006,0.889999508217979,0.890150112817992,0.890547564335486,0.890841457122189,0.89130835116414,0.891441553186021,0.89179994257699,0.891957370899419,0.892760058804258,0.892972597153672,0.893265965746572,0.893339254612827,0.893590809973835,0.893757964376014,0.894261532436543,0.894394113684349,0.894775310555158,0.894921146527012,0.895047529629666,0.895212360874669,0.895409285379818,0.895603755657741,0.896040073958143,0.896178508925402,0.896415700755578,0.896753608323017,0.896940361472978,0.896975049334654,0.897159043977597,0.897181361302444,0.897451360001958,0.897519015420712,0.897674526311771,0.897731878322249,0.897883376162982,0.89791461335489,0.898065061487191,0.898145372283636,0.898248720984827,0.898270924735092,0.898382705474519,0.898415879294535,0.898548261591132,0.898596865354719,0.89869808570216,0.898748790589652,0.898861576974196,0.898893003741925,0.898983569308231,0.899054189340468,0.899130986403232,0.899179993161815,0.899242474669601,0.899289277596682,0.899380227594358,0.899436977343131,0.89949117151543,0.899520680722926,0.90053331328565,0.900575487157574,0.900620317087834,0.900657366162594,0.900692717802252,0.900740638370553,0.900791881014474,0.900864775573003,0.900920739651058,0.900945223473587,0.900998685237593,0.90102548252621,0.901053824857244,0.90108191389272,0.901121607459123,0.901152446968774,0.901188354254588,0.901221521156397,0.901257209626982,0.901282803674377,0.901315114970346,0.901335237427677,0.901371040709319,0.901379242438648,0.901411901539488,0.901422890426778,0.90143898579568,0.901467475685231,0.901486920415136,0.901498770495185,0.901510130807877,0.901528286307623,0.901544868250483,0.90156757480024,0.901583331299631,0.901605561092968,0.901629144496738,0.901645209887593,0.901661726909652,0.901683755181937,0.901705483650133,0.901714637083841,0.901734511477741,0.901745318600281,0.901754053954144,0.901764597176859,0.901775138200649,0.901788293829652,0.901802533417917,0.901815904750136,0.901828848378965,0.901840431340784,0.901848829176122,0.901856848732004,0.901870382413395,0.901879483920551,0.901889397199405,0.901898878640026,0.90207980208397,0.902083841760252,0.90301789138148,0.903026590800485,0.903036227672777,0.903044337892102,0.903050918828802,0.903059431091475,0.903069651183447,0.903075287714881,0.903080451987056,0.903086069798134,0.90309037137394,0.903096169642645,0.903103202066023,0.903109480439685,0.903113584510072,0.903119102383851,0.903126345116582,0.903131617815608,0.903137864288747,0.903144398219717,0.903149542410283,0.903158070692439,0.903163201217332,0.903172111966881,0.903175585821212,0.903177950114492,0.903180631419544,0.903185524253011,0.903189676038444,0.903193829599187,0.903198456310603,0.903205397555968,0.903210660898141,0.903215560430929,0.903220071454795,0.903225196186565,0.903229803448289,0.903235223162596,0.903238032398632,0.903243118183155,0.903246662176692,0.903250750950658,0.903253168951814,0.903258681009718,0.903262174732379,0.903263808570238,0.903272582628567,0.903274663704725,0.903280226240001,0.903283201950195,0.903286454499025,0.90328899319117,0.90329556627959,0.903299965929752,0.903305108133448,0.903308683693807,0.903313260075245,0.903318209243271,0.90332159096249,0.903326047088255,0.903329472291633,0.903332654058884,0.903338072952347,0.903344808966777,0.903349662811481,0.903353985812102,0.903356856536745,0.903362067956326,0.903365394265384,0.903367564766614,0.903370227828647,0.903374019168879,0.903377828268235,0.903381224134012,0.903384813357843,0.903387832082905,0.903391312424617,0.903394556477202,0.903396338021482,0.903400256502247,0.903402060954983,0.903405994766517,0.90340836717093,0.903411818442604,0.903414524624665,0.903417025355152,0.903422972752731,0.903427655167156,0.9034303858058,0.903434876273052,0.90343619372553,0.903438840716164,0.903442211814667,0.903445404511265,0.903447582977732,0.90345188760562,0.903456604189436,0.903459295637445,0.903531004855396,0.903534852622951,0.903538913131623,0.903541509974207,0.903545439224798,0.903548799603082,0.903550524133609,0.903553220325957,0.903556678055647,0.903560722815212,0.903563985713735,0.903565852341577,0.903568042233202,0.903569949372925,0.903572515807055,0.903576225664267,0.903578194238172,0.903579489403038,0.903581394351496,0.90358318273128,0.90358475212937,0.903587116830849,0.903588977461213,0.903591580250658,0.90359245375741,0.903593140518136,0.90359530915139,0.903596232386475,0.903667567329329,0.903669219874008,0.903670695880316,0.903673296565968,0.903675326705245,0.903677502161188,0.903679806931014,0.903681860965011,0.903683100702314,0.903684652824517,0.903687281643311,0.903689231019949,0.903691446336554,0.903693093648132,0.903694800218577,0.903697714240312,0.903762348550587,0.903763744789984,0.903764712466712,0.903766293985809,0.903767393409752,0.903769339246329,0.903770317563692,0.903771522139616,0.903773062010055,0.903774789298486,0.903775804139548,0.903777753420701,0.903780035650708,0.903781135164887,0.903783073012785,0.903784267643386,0.903785515628488,0.903786895647925,0.903807875116714,0.903809426556997,0.903812558487641,0.903814280908968,0.903815925810958,0.903816538302953,0.903817658552566,0.903819000158046,0.903819570292031,0.903821224796974,0.903822681592801,0.903823146518928,0.90382427455377,0.903825388574378,0.903827081971055,0.903827690174752,0.903829574751583,0.903830865531468,0.903832486811362,0.903833849011661,0.903835038347698,0.903836328167362,0.903836814652495,0.903837651789196,0.903838295757551,0.903838969122509,0.90384006885506,0.90384073943833,0.903841865735945,0.903842403223153,0.903842862943582,0.903844305126943,0.903844816130481,0.903845871721067,0.903847495784274,0.903848716709673,0.903849195453037,0.903850292767999,0.903851444295359,0.903852597208994,0.903853298586075,0.903853874385596,0.903855205829078,0.903856193527375,0.903858114685356,0.903859219258218,0.903860382976788,0.903860960421795,0.903862007902214,0.903863316554644,0.903903812814161,0.903905333120654,0.903906124816658,0.903907375570812,0.90390801254234,0.90390875619201,0.903909500889777,0.903910833174233,0.903911985975626,0.903913418745992,0.903914413675315,0.903915561898912,0.903916566772127,0.903916879455246,0.903917411528506,0.903918370207947,0.903919678312258,0.903921121200785,0.903922280302388,0.903923420058834,0.903925021690462,0.903925771906548,0.903927147456841,0.903927786276321,0.903929148399075,0.903929815054514,0.903930702802128,0.903932108617889,0.903933288402893,0.903933602465996,0.903935063973488,0.903935818596527,0.903937385238757,0.903939214858348,0.903939750105015,0.90394018136389,0.903940783391413,0.903941497070815,0.90394215944,0.903942860902866,0.903943491404722,0.90394412855178,0.903945639623124,0.90394605363285,0.903946740219745,0.903947741342066,0.903948419015381,0.903949087963343,0.903950001582075,0.903950684094289,0.903951851896805,0.903952372704986,0.903952912914307,0.903953533876979,0.903953882749858,0.90395445893641,0.903955146345962,0.903955736342006,0.903956602871666,0.903957193606198,0.903957519631415,0.903957986446393,0.903958846558978,0.903960047707625,0.903960329592053,0.903961001271802,0.903961643961595,0.903962334508232,0.903963059043928,0.903963587372582,0.903964393953923,0.903965145576859,0.903966307135811,0.903966790671603,0.903967138378181,0.903967880618898,0.903968472683691,0.903969272128754,0.903969835659718,0.903970143562922
0.387293722498738,0.452235825413673,0.458086887591911,0.471580026391898,0.493998840573084,0.494261061578648,0.499552498661521,0.509317744417936,0.510690124448324,0.511543102179977,0.530175794884604,0.530175794884604,0.544970184077323,0.544970184077323,0.549083564745542,0.549159159605125,0.558169129653568,0.57859411655102,0.598554262100334,0.598554262100334,0.646555005976848,0.646951110229296,0.667212020573247,0.66868561348849,0.669480529825697,0.669480529825697,0.738021492090785,0.738337291746193,0.769121564185871,0.769520203489509,0.770562977189953,0.770562977189954,0.771861158568411,0.771861158568411,0.799510413935748,0.799616165374686,0.800370894467866,0.800370894467866,0.801191964466807,0.801191964466807,0.802319307313099,0.803303045898237,0.803945581776062,0.803945581776062,0.805564504630748,0.805920791771293,0.80887442857867,0.809328412143302,0.817223932897795,0.841406277901434,0.84335824595837,0.844109786704506,0.851313926942939,0.851321499263213,0.85411167949259,0.85462720881119,0.856809337965747,0.857287078511237,0.858228354830829,0.858676216321363,0.862205471107113,0.862826284964381,0.863426762879784,0.863752942459251,0.864984369074886,0.865090745792306,0.865855660281396,0.86613272710188,0.867334269592327,0.87020197316286,0.871976169699559,0.872007708432377,0.875768080915416,0.876043764045293,0.878470791450494,0.878931484595897,0.879549740359384,0.879804993207522,0.880755030711733,0.880981307767754,0.881508500487275,0.881671168646189,0.882405699856199,0.88270522350735,0.883002555535948,0.883070486484577,0.88349627691917,0.88375508416334,0.884237097171951,0.884386663699848,0.884557463556361,0.88507715743007,0.885243588297002,0.888247359199356,0.888480562923071,0.893723347754022,0.893910746788704,0.894098504139838,0.894344678171447,0.894506083879726,0.894679998429156,0.89497709736047,0.895066051626084,0.895168600384614,0.895371484073187,0.895455441859511,0.895663737069337,0.895782801780537,0.896110914469196,0.896166190650919,0.896347736108594,0.896399737111125,0.897273363672905,0.897329836051037,0.89752319720533,0.897600661775275,0.897760448082177,0.897820861704902,0.898004851223601,0.898036170756553,0.898195167005111,0.898226774559298,0.898430396602376,0.898477646217421,0.898578655878547,0.898638975501521,0.898766607448899,0.898795246925633,0.89889352389747,0.898936720363508,0.899039679923644,0.899089785712666,0.89916110842943,0.899207925203652,0.899307354072848,0.899356963834111,0.899408835012393,0.899438593907834,0.899538180471797,0.899575440358708,0.899678305789364,0.900182969782019,0.900229511107727,0.900300806375609,0.900371344219731,0.900399117550582,0.90046516417282,0.900490573274845,0.90052907534591,0.900567104727936,0.900606711024231,0.900644417566505,0.900833459380351,0.900865653620949,0.900921733139206,0.900944973412869,0.900974800592129,0.900992062341747,0.901025449308447,0.901039920515109,0.901060422188915,0.901076445361874,0.901096585613232,0.901113976715738,0.901128265360948,0.901138471645728,0.901154256077598,0.901170670890553,0.901197989658359,0.901212378830584,0.901232285614358,0.901247242392367,0.901263528842381,0.901278083205651,0.901308608909342,0.901324734544815,0.901348498745808,0.901359618589214,0.901377859028899,0.901392243931407,0.901416791452412,0.901438710190759,0.901449232282132,0.901457668518928,0.901473643676484,0.901485274511264,0.901499037532143,0.901503857800873,0.901522576887613,0.901532414260282,0.901541755419678,0.901554587430819,0.901574248783981,0.901585115510791,0.902270937830166,0.902277887631326,0.90229019713622,0.902308594121713,0.902321984696319,0.902334217836715,0.902346340293442,0.902357092174996,0.902371362399813,0.902378712676579,0.902393260452922,0.90240025863249,0.902413150151851,0.902428846589602,0.902437111559399,0.902446301677171,0.902463537239424,0.902476300677703,0.902486424479176,0.902494463735537,0.902502895909149,0.902514812849066,0.902521015773681,0.902531590675966,0.902541191867605,0.902548756004265,0.902556894127295,0.902563857504549,0.902575189666998,0.902583173214798,0.902591780984195,0.902600405371569,0.90260625132395,0.902615013325306,0.902622192109661,0.902626319643955,0.902634131028468,0.902636985723612,0.902641662346194,0.902645606990993,0.902652454175123,0.902657266778479,0.902662715805774,0.902666659478342,0.902671936281331,0.902674488673223,0.902680459057739,0.902686112326964,0.902689970703852,0.902694291758452,0.902700765660024,0.902705756655403,0.90270953034084,0.902714467565243,0.903045573520287,0.903048038682382,0.903052892517864,0.903058845214677,0.903061822530301,0.903067504200851,0.903069968046335,0.903073788035404,0.903078735351342,0.903083011112312,0.903086663655462,0.903091628073483,0.903095605240502,0.903099773434896,0.903101942192624,0.903104660782023,0.903109491561318,0.903114787068881,0.903116612604582,0.903118519344617,0.903121524731033,0.903124550921448,0.903128817616096,0.903133305747585,0.903136461893032,0.903140089962803,0.903142482643764,0.903145754492363,0.9031482592617,0.903150451019988,0.903151929814611,0.90315381320892,0.903156257203164,0.903157529512247,0.903160264541673,0.903162338004507,0.903163948184009,0.903165720475073,0.903168433764934,0.903171450810071,0.903172566466428,0.903174792454297,0.903176800984293,0.903179951498982,0.903182539918269,0.90318450115345,0.903186849105031,0.903188124554478,0.903190135024434,0.903192976607169,0.903195621715089,0.903197353491248,0.903199449101014,0.903201746494463,0.903203742418366,0.903204681922056,0.903206629044227,0.903207662910999,0.903211128135026,0.903212981845305,0.90321512974462,0.903217598159766,0.903218730109751,0.903220755942388,0.903221258195568,0.903223012470356,0.903224852930394,0.903226678701851,0.903228483887926,0.90323169495112,0.903232786032369,0.90323407482811,0.903235805006242,0.903238175536296,0.90324004214049,0.903241113205311,0.903243073542533,0.90324474201099,0.903246631899914,0.903248425207789,0.90325049413296,0.903252126771379,0.903253861862714,0.903255658005574,0.903258534821446,0.903260077571509,0.903261415675156,0.903263135047408,0.903264691215874,0.903266204168525,0.903267289254763,0.903270421453743,0.90327133089103,0.903272007274704,0.90327347270293,0.90327428750604,0.90327626812456,0.903276922484975,0.903278944472486,0.90327951549039,0.903281308311546,0.903282460276666,0.903283514377845,0.903283993032209,0.903285967748837,0.903286444970858,0.903287788292524,0.903289522035112,0.903292255763233,0.903293874908823,0.903295004324341,0.90329564672708,0.903297814909073,0.903298727915394,0.903299518565813,0.90330025125585,0.903301663308586,0.903302437265616,0.903303537300747,0.903305813844331,0.903307074776577,0.903308234006027,0.903309575373695,0.903310641691334,0.903312288472635,0.90331337749378,0.903314648636672,0.903316253183567,0.90331754718991,0.90331857191944,0.903319628742565,0.90332116499474,0.903323145198087,0.903324024477274,0.903324890404982,0.903325716308566,0.903326812474496,0.903327924086923,0.903328583597431,0.903329873515272,0.903331526955427,0.903332536021369,0.90333314596934,0.903334494227157,0.903335398138055,0.903336426954983,0.903337590286091,0.903338446944278,0.903339210684647,0.903339867455045,0.903341274692505,0.903341924106451,0.90334335692543,0.903344178019818,0.903345328090282,0.903346694698572,0.903349062175331,0.903349777773066,0.903350327499984,0.903351296137609,0.903353371198474,0.903354424325562,0.903355578820237,0.90335706032831,0.903358210470721,0.903358343737514,0.903761246948296,0.903762242806277,0.903763353604178,0.903763773839551,0.903764427122401,0.903765681295676,0.903766824054825,0.903767924121708,0.903768452715885,0.903769422245749,0.903769668896963,0.90377065658554,0.903771170905529,0.903771933897923,0.903772304937137,0.903772933266498,0.903774138880599,0.903775268883553,0.903775916554689,0.903776585440449,0.903777197902134,0.903778005647569,0.903779596300918,0.903780196367274,0.903780651152032,0.903781226271676,0.903782102611403,0.903782996395727,0.903783991869797,0.903785120109215,0.903785711036114,0.903786457844138,0.903787471164259,0.903787989738207,0.903788867918716,0.903789473543393,0.903790632751829,0.903791171827748,0.903792070939578,0.903792684331897,0.903793155142518,0.903794437198663,0.903795450460412,0.903796735760209,0.903797015574289,0.903797881012992,0.903798153380471,0.903798546710564,0.903867304028827,0.903867802283354,0.903868361563671,0.903869457277762,0.903870113491315,0.903870249966915,0.903870589654463,0.903870881110196,0.903871350746153,0.903871786819283,0.903872093164834,0.903872567068685,0.904208284366033,0.904208653029313,0.904209108054376,0.904209782372678,0.904210387670792,0.904210668249213,0.90423683177557,0.904236931582387,0.904237306801968,0.904238204811131,0.904238442722948,0.904238672547745,0.904239325271789,0.904239744146345,0.904239842333529,0.904240485271341,0.904241074874183,0.90424133119121,0.904241709663734,0.904242138628492,0.904242203058692,0.904242757227412,0.90424332741853,0.90424347118971,0.904243804236954,0.904243978606096
0.426754420360774,0.427734067217162,0.466898247913962,0.509790166147075,0.51476718586366,0.514814383763228,0.518638047776984,0.518638047776984,0.520018143168266,0.520306309695105,0.524153291771445,0.524153291771445,0.576835091321514,0.577090503327466,0.577410589375488,0.577410589375488,0.578057558186221,0.578057558186221,0.586273657607672,0.58661062772415,0.59871770761808,0.59871770761808,0.601605683525411,0.633889658849939,0.634165113284258,0.634165113284258,0.64626287169038,0.676267069530399,0.676267069530399,0.693666390988083,0.693832808832676,0.693832808832676,0.710548848185651,0.71114614122908,0.71114614122908,0.711254874425798,0.712976188624135,0.712976188624135,0.713972717634512,0.713972717634512,0.71457247132521,0.714572471325209,0.715213207569749,0.715433052725025,0.716634774749212,0.755611945305806,0.802139362996867,0.80242373927115,0.80426211355834,0.805308781734359,0.81801594728086,0.818395422210635,0.820016006326321,0.82035983907817,0.828255210612082,0.828483699217693,0.847561305653329,0.847573874232139,0.851903032168033,0.852104926025157,0.854437876401825,0.855928621893537,0.860495879065348,0.86055858161724,0.861970722178178,0.862583193325147,0.863295179731173,0.863427143723286,0.864349689852792,0.866219710902203,0.867178700279356,0.868251541865909,0.868714622761533,0.870869889627382,0.877471235932602,0.878149139029647,0.878803554318481,0.879333360395251,0.880079476380025,0.880617296164307,0.881584532342609,0.881764764767653,0.882768251035222,0.886708148770316,0.887388810435414,0.887446423566752,0.888001647798733,0.888105765790472,0.888637595025862,0.888726496956962,0.889227931382288,0.889545116345518,0.89024335440575,0.890547609647263,0.890904346063211,0.891106742874698,0.892905408621707,0.893193932063571,0.89332144449047,0.893548362789758,0.893852714355445,0.894034682617099,0.894263718932859,0.894417201541662,0.894541816233836,0.894768350895742,0.895448392968617,0.895641967706617,0.896600481197052,0.896766779616376,0.896854417751057,0.897024459502487,0.897256245310112,0.897836987538321,0.898131500774489,0.898175263280302,0.898350585398187,0.898424729468664,0.898507995773122,0.898523142004649,0.898726434075189,0.898759095839901,0.898905840581356,0.898941293844,0.899127670435161,0.899140729494125,0.899277281278658,0.899312263007688,0.899455627732212,0.899539063417005,0.899651984324922,0.899668761731289,0.899755823356415,0.899791217866369,0.899923809125411,0.899966438276559,0.900086400873339,0.900111413249612,0.90026906063832,0.900310370220499,0.900404671915419,0.900439925897559,0.900492195059756,0.900554096952463,0.900594167437454,0.900650659293748,0.900739097600459,0.900802725990627,0.900841976684433,0.900875901807703,0.900947334503993,0.900987529797296,0.901040149761486,0.901070490156521,0.901118217207691,0.901162782124627,0.901220575744372,0.901250145909153,0.901278191239466,0.901313163595131,0.901349901739981,0.901368069691989,0.901395618505547,0.90140769935161,0.901454277870212,0.901474572079811,0.901499304128176,0.901526910447371,0.901556098846707,0.901581181869002,0.901594264901704,0.901621542656765,0.901657897705004,0.901671959284107,0.901694580301801,0.901711529724262,0.901724538169968,0.901738868855868,0.901754834616541,0.901774474721008,0.901791522791172,0.901803687615443,0.901820353850926,0.901846788183007,0.901863554154152,0.901870410653733,0.901885144563284,0.901899819278606,0.901909890901959,0.901924439508926,0.901936221788968,0.90195078663145,0.9019594032501,0.901975486519807,0.901984269018978,0.902001685321763,0.902009495722399,0.902017718435925,0.902033357466931,0.902048567626472,0.902058135642289,0.902070417198108,0.902075100407363,0.902090397729177,0.902097291032735,0.90210493703067,0.902112138126411,0.902122442520146,0.902178359871982,0.902187942870213,0.902359605087269,0.902372024119977,0.90237935287666,0.902390712490658,0.902400764002631,0.902412280774341,0.902422291727576,0.902428078380389,0.90243160577642,0.902444339926728,0.90245030369443,0.902456852818317,0.902464259134402,0.902469538469691,0.902478745450557,0.902486270415523,0.902490226153215,0.902498379196297,0.903032692867694,0.903040315018461,0.903051448656919,0.903062800625467,0.903069922284983,0.903075167907638,0.90308177669704,0.903087975399007,0.903095665562076,0.903099662548842,0.90311116607076,0.903116943732085,0.903122423959948,0.903126662893461,0.903133505006436,0.903139742082828,0.903146918772155,0.903151084460142,0.903155865007365,0.903160179245082,0.903164771220423,0.903167131342199,0.903351926142935,0.903355765489439,0.903358335729388,0.903363338855496,0.903365445951059,0.9033688582397,0.90337174971426,0.903374725178285,0.903376057614885,0.90338063506057,0.903385164511467,0.903388677108251,0.903391492571205,0.903397591071673,0.903401766650345,0.903406486308176,0.903410192182979,0.903415659839074,0.903418142507119,0.903422149410842,0.90342642291739,0.903430264351392,0.903433050747916,0.903438444822377,0.9034419160413,0.903444639011972,0.903446548827215,0.903449755670573,0.903451348281241,0.903453797778734,0.903459741150032,0.903461303041584,0.903465030210041,0.903469028605845,0.903471554778011,0.903474334002965,0.903476105778665,0.903479436262509,0.903482338087609,0.903487433916293,0.903491303394385,0.903493806840674,0.90349819503597,0.90350165600878,0.903502335834607,0.903505127746161,0.903506901660298,0.903507716919172,0.903510860299083,0.903513561691273,0.903514496396413,0.903516183603022,0.903519380394705,0.903521395559521,0.903524470430519,0.903526583627118,0.903530498695439,0.90353224650969,0.903534447993529,0.903537409188883,0.903539914230367,0.903542534716508,0.903546689165739,0.903548795371929,0.903551349572129,0.903554592750177,0.903557463128779,0.903559928121761,0.903562381053938,0.903565310147083,0.903566985058476,0.903568477158477,0.90356894811715,0.903571858896932,0.90357393713215,0.903575492012601,0.903576823760905,0.90357907884626,0.90358052917474,0.903581623492185,0.903584766324882,0.903586665699175,0.90358924552748,0.903590445687323,0.903591866847989,0.90359466799129,0.903597224976504,0.90359875297951,0.90360086346627,0.903602863030632,0.903604003796935,0.903606682230235,0.903607978837919,0.903610604877377,0.903612222314315,0.903613864687805,0.90361577880334,0.903616957665908,0.90361825540641,0.903621116199086,0.903622741159194,0.903625075812527,0.903626633649329,0.903628264824064,0.903629028894404,0.903631378413335,0.903633154614123,0.903634726419936,0.903636321337491,0.903637011094326,0.903638158759024,0.903640378211299,0.903641729068344,0.903642304097749,0.903643911518859,0.903645688866668,0.903648033128022,0.903649524068645,0.903651265400966,0.903653560730495,0.90365440696513,0.903656326384291,0.903656882831785,0.903658462514566,0.90365901881101,0.90366108471664,0.903662501039976,0.903664425281935,0.90366506004632,0.903667066879892,0.903668596342415,0.903670181407132,0.903671894812644,0.90367326787265,0.903675815151903,0.903676792346988,0.90367776207774,0.903679417446823,0.903680146151664,0.903681631771507,0.903682129577558,0.903683454827004,0.903684131593344,0.903686033036616,0.90368746382967,0.90368800724894,0.903688778268279,0.903690284352627,0.903692063991351,0.903694272983657,0.903695192550664,0.903696329738743,0.903698120633791,0.903699557749649,0.903700919610891,0.903702026954144,0.90370334827224,0.903705782820007,0.903706934771402,0.903708539746537,0.903709658291706,0.903710168428872,0.903740350921022,0.903741327492251,0.903741835578906,0.9037427942805,0.903743635039731,0.903744676835203,0.903745677695953,0.903746873290236,0.903747838225385,0.903748767635572,0.903749855118814,0.903750493351455,0.90375128338305,0.903752097512157,0.903752720799331,0.90375367575991,0.903754624866635,0.903755700700207,0.903756716766012,0.903757130838608,0.903758481259616,0.903759622723376,0.903760533774009,0.903761882958065,0.903763099214963,0.903763496882394,0.903764440944284,0.903765294610652,0.90376617622675,0.903766732205708,0.903767426928874,0.903768383181566,0.903769288112869,0.903769655888183,0.9037701761537,0.903770816955278,0.903770987392429,0.903771682840884,0.903772133427919,0.903772880152267,0.903773227190189,0.903774088853011,0.903774833490442,0.903775616969629,0.903776391323673,0.903776953389016,0.903778029808727,0.903778540046055,0.903778922885762,0.903779633864834,0.903779912516315,0.903780494629479,0.903781446899026,0.903782339682216,0.903782573989987,0.903782606651951,0.903783123016884,0.903784385987459,0.903784579484093,0.903785032853187,0.903785340367172,0.903785813614519,0.903786562135632,0.903787227148804,0.903787633643965,0.903788798947296,0.903789316176054,0.903789591534776,0.903790451513435,0.903790931013654,0.903791097336986,0.903791535557286,0.903792115843026,0.903793049160009,0.903793299810492,0.903793833601429,0.903793907617971,0.903794501487368,0.903795622252239,0.903796041189808,0.903796216469996,0.903796643227963,0.903797128353784,0.903797467900627,0.903797782736765,0.903798260343792,0.903798429449908,0.903798719799894
0.415424582808551,0.429604654964436,0.431147946720343,0.434539579804369,0.454508560883065,0.454508560883065,0.477431774711589,0.477431774711589,0.507251588483261,0.507251588483261,0.513283625128706,0.513361914474129,0.542090312944521,0.542090312944521,0.555140151843316,0.555140151843316,0.558352522469953,0.560179289092926,0.560179289092926,0.564141958309387,0.567979734967344,0.598928816205955,0.609162646660382,0.609162646660383,0.609162646660383,0.60921994438012,0.612667647902992,0.619721578426122,0.640265727776789,0.640335922764791,0.655429516097717,0.655429516097717,0.667178330202668,0.688819429587105,0.696606437707809,0.696627672990036,0.716429213026851,0.716429213026851,0.736971612607758,0.742812615287479,0.742947183131844,0.742947183131844,0.742947183131845,0.746084922064076,0.746084922064076,0.746084922064076,0.750880795462323,0.750880795462323,0.769620518506017,0.769620518506017,0.769912488356199,0.775347729500144,0.777159081747969,0.777159081747969,0.777159931273514,0.777344457732378,0.781823096871196,0.781920216215761,0.793429757586694,0.793429757586694,0.793432022424816,0.798760026771333,0.804630254025309,0.804744871664289,0.80641958647461,0.816149699460151,0.845862198818913,0.845862198818913,0.846147849404837,0.846370931268711,0.846402239339839,0.846410789550514,0.848649393998211,0.848679365867893,0.859193618592362,0.859193618592362,0.86234529751162,0.862384511053507,0.862411165268183,0.86405073829183,0.869573225104552,0.869652147223372,0.872180288903881,0.872193990869127,0.872422740024324,0.872438814797258,0.87254704857948,0.87254704857948,0.875166671854389,0.875174172097967,0.875932206997144,0.875974830564215,0.875993711149494,0.875993711149494,0.876065514176036,0.877883326791994,0.880315324738001,0.880320739693966,0.880637374841061,0.880637582529421,0.880688956126055,0.88132096200203,0.881329429052041,0.881331510949165,0.881348575589263,0.881361790075328,0.881423503904954,0.881436199910648,0.881497137875771,0.882619649298583,0.882748946924075,0.882830803131469,0.882896300472827,0.882914794232758,0.885278490315582,0.885301551227792,0.885520051831779,0.885527600619736,0.885548854116204,0.885548936724013,0.890716369300642,0.890854813711293,0.890883559145351,0.890923639717232,0.890926385646989,0.890931220415431,0.891114485933565,0.891121593994943,0.892105489516104,0.893018699508585,0.893046294462179,0.89304676363743,0.893055657523253,0.89305967318771,0.894281558985075,0.89432201520424,0.89503565106267,0.895158899341451,0.895175436376935,0.895178660461505,0.895196519855476,0.895249766974674,0.895272090316561,0.895272193315948,0.897608885118256,0.899772655484586,0.899792123441339,0.899799643302205,0.899835560257756,0.899841665615561,0.89984427261196,0.899849157043668,0.899879809694064,0.899881688562384,0.899895483736404,0.899899721632446,0.900359982269207,0.900363100176895,0.900388389599253,0.900397029922053,0.900397700494833,0.900416443435,0.900429176723757,0.90044363748521,0.900616925322953,0.900650860986843,0.900812727880428,0.900815300174272,0.900823522215233,0.900856779078371,0.901915046269196,0.902028659832856,0.902293291264299,0.902298425750912,0.902365644797608,0.902370271663888,0.90237431529027,0.902984901868763,0.903391137113128,0.903392570781161,0.903708575095678,0.9037158394032,0.903716702450253,0.903734209784029,0.903761820208925,0.903847026393407,0.903852216203894,0.903854732010455,0.903890282483067,0.903906864027268,0.903910898152993,0.903919127163517,0.903927480365749,0.903937262798553,0.903940504904944,0.904203768430857,0.904208386794043,0.904296894516313,0.904366312917884,0.904384511170902,0.904386999169265,0.904398998592367,0.9044255444308,0.904433294496986,0.90443486808064,0.904439283615887,0.904562630723768,0.904690959705333,0.904869428097657,0.904973489364378,0.904977241486166,0.904988290562642,0.904994239304106,0.904995131137388,0.905051784926223,0.905132754282285,0.905182401571944,0.905184032972766,0.905184750745231,0.905185085742368,0.905238756827989,0.905238913857109,0.905247235518508,0.905250905768207,0.905273013688562,0.90527509599794,0.905382776914992,0.905384443531279,0.905679570797484,0.905686067574968,0.905691916253719,0.905695507571999,0.905950425830285,0.905950895471964,0.906056178928353,0.906057674325577,0.906113041516674,0.906113711868172,0.906161951698194,0.906164822017718,0.906219528054807,0.906220238909257,0.906222802179766,0.906228937353027,0.906360713122662,0.906362854558526,0.9064699589061,0.906470031734707,0.906491832056843,0.906494307626957,0.90649850196616,0.906499539405838,0.906528252262808,0.90653134942032,0.906541955514737,0.906545557633659,0.906562806398346,0.906563946464102,0.906598098669473,0.906604643551343,0.906954194983809,0.906957950436991,0.907182077317056,0.90718400529797,0.907313398901069,0.907318795833141,0.908882015118211,0.908885865417477,0.909259120764138,0.909261788695971,0.909560363215842,0.909561369053455,0.909645402296939,0.909645840225999,0.909689634444694,0.909692288047547,0.90971322928676,0.909715043748066,0.909784762671175,0.909787145627929,0.909822267814518,0.909826250256456,0.909980652161323,0.909983055749969,0.910185371921806,0.910188180389924,0.910319310316446,0.910322240325373,0.910943524852237,0.91094483758824,0.911249503929735,0.91125325197341,0.911522887414299,0.911524125964254,0.911572816329602,0.911574021476442,0.91162855368129,0.911629855681571,0.911674008950335,0.91167563306497,0.911690723774979,0.911693272582434,0.91177473877274,0.911775256275542,0.911854310709936,0.911856277742999,0.911857860737816,0.911858331512154,0.911859113760927,0.911860427442082,0.911928360910537,0.911930160725232,0.912061106879699,0.912066020209391,0.912226308738604,0.912227953268815,0.913642863633732,0.913644488761901,0.9137340003989,0.913735326717672,0.913866914286791,0.913867679700215,0.913912713794057,0.913914592664109,0.914563923633901,0.914565352467272,0.91459934026364,0.914600068701835,0.914805117175097,0.914805487988655,0.914858911771682,0.914860491872514,0.915004286427752,0.915004921066293,0.91505117356906,0.915052061922599,0.915056687691596,0.915057049001446,0.91509473098282,0.915095222182308,0.915141554266748,0.915142585780314,0.915198342534475,0.915198927823616,0.9152531301869,0.915254311898001,0.915295830745921,0.915296517703884,0.915357550205709,0.915359080670526,0.91539204485994,0.915392859323792,0.915448519623942,0.915448872526084,0.915509831397004,0.915518043974912,0.91554379949618,0.915544522382884,0.915593404616244,0.915593723370091,0.915656605295441,0.915656731178298,0.915737370630115,0.915768551762406,0.915816851293132,0.91581863920611,0.91586055310861,0.915871108903788,0.916034349284054,0.916039847561497,0.916122189898157,0.916130811311612,0.916187809362567,0.916218326514439,0.916253303819186,0.91626076185835,0.91633541057599,0.916343901621167,0.916393513219432,0.916400622885495,0.916499791810184,0.916503263343259,0.916562675711632,0.916588374461064,0.916608462311868,0.916618200205346,0.91725305007257,0.917254039112054,0.917288503955777,0.917299323778597,0.917357031412897,0.917359568766864,0.917387825542886,0.917392623735481,0.917428217246726,0.917444465504534,0.917465141305167,0.917473997055055,0.917534599324236,0.917542231919154,0.917564789883003,0.917569219831529,0.917575687956658,0.917591058347471,0.917868877121516,0.917871043823198,0.917887923631682,0.91790089235816,0.917931287726501,0.917978298373727,0.918021417827891,0.918439713554584,0.91850542302828,0.918517218578641,0.918547927897754,0.918566920886562,0.918590899049226,0.918599311367397,0.91861869674568,0.918633347643254,0.918699024544046,0.918700362382104,0.918721462481926,0.918731175165645,0.918769852694858,0.918782744658848,0.918804195334766,0.918812080007732,0.918846564668812,0.918854960064691,0.918895677797343,0.918906047173882,0.918929541871024,0.91893477860762,0.918959038560003,0.918965671578072,0.918991485253127,0.918996338502691,0.919015549350683,0.919019673871554,0.919037463279169,0.919046070017923,0.919067652053465,0.919077812289881,0.919086405108567,0.919095434350401,0.9191212562379,0.919131885187016,0.919140763632111,0.919143180199418,0.919152164770426,0.919158012941882,0.919171426788336,0.919176555825273,0.919189440549684,0.919194596675196,0.919220295808235,0.919224328458312,0.919241401442827,0.919248255201025,0.91926633720087,0.919269739307878,0.919296026610932,0.919300310536622,0.919316076713125,0.919327598167566,0.919343608509982,0.919359406044267,0.919375611493894,0.91968749819563,0.919915114999632,0.919924167168992,0.919935252541635,0.919950095656125,0.919952040097441,0.919964082119559,0.91997822762606,0.919985910001968,0.919997241356985,0.92000647685244,0.920017247977901,0.920023202132021,0.920034673509008,0.920048306427203,0.920055861638284,0.920064774305053,0.920076773531197,0.920080388332534,0.920092200784602,0.920106919556433,0.920107746307228,0.920122408812415,0.920128947009191,0.920135129564349,0.920140792740826,0.920152350077171,0.92015603227204,0.920164170889127,0.920172797693259,0.92018083020629
0.40107151657725,0.412364479624886,0.420336489262789,0.434841989881996,0.438686330754979,0.444960129915072,0.45864786442331,0.45864786442331,0.489448131721195,0.490055113178428,0.501410346289491,0.501410346289491,0.501787855503672,0.539056483726387,0.546109358401577,0.546109358401577,0.562316902286592,0.562316902286591,0.597904610754502,0.620130171048739,0.640890933923927,0.640892736536252,0.641511764074992,0.641822419019751,0.652605714295351,0.653754619574997,0.664123061306342,0.665346938239538,0.694388735822116,0.694388735822116,0.694566003851895,0.694566003851895,0.730533116430771,0.731362167629049,0.732108837510421,0.732171310986373,0.740432414588734,0.740573539523442,0.748444049693177,0.748444049693177,0.749208841097258,0.749208841097258,0.751549420857347,0.751609433681064,0.79436292896205,0.79436292896205,0.795133005569946,0.795242874456953,0.796811793431331,0.797718784515127,0.799865000194182,0.800205840192206,0.816437369740998,0.82872514221885,0.82953452564792,0.830491730243361,0.833402396268001,0.833852330027066,0.845808339177385,0.845957051783152,0.847539478655005,0.849728171259703,0.849965056617374,0.850161853194386,0.855799122029852,0.856307997549347,0.861270174417672,0.86294213599021,0.867024048074388,0.867226744421526,0.870736001297597,0.870770452208534,0.879365777407826,0.879457574365317,0.880239760166941,0.880409950490331,0.881014859803321,0.881484264876688,0.881985887340054,0.882208392260736,0.882942878810396,0.883506133664021,0.884095306922567,0.884191977931475,0.884563578158208,0.88474513753613,0.885466947969775,0.885831530126467,0.887632695037531,0.888000510363841,0.888253645698712,0.888497434948985,0.88897551080981,0.889317935695787,0.889648662042005,0.889826036744814,0.890572326827123,0.890819734101289,0.891244234233575,0.89154656705583,0.891816932403206,0.891954542365374,0.892721952955215,0.89294292043114,0.893051859239353,0.893220770438997,0.893926423614258,0.894250596331327,0.894475773176833,0.894738963969345,0.895100180538931,0.895215040567225,0.895356570322418,0.895486138480106,0.895579020284034,0.895625370016552,0.895704136628917,0.895776786376673,0.896034601324977,0.896040047412048,0.896220137243364,0.896278730198731,0.896454296094343,0.896497701314499,0.896602333566016,0.896654884916306,0.896801673420109,0.896858905858926,0.897041724653779,0.897085311152471,0.8973122557678,0.89733765154335,0.897470865597566,0.897586929510177,0.897738266933675,0.897786600691453,0.89787654293629,0.897923810856399,0.898059985793699,0.898108648535966,0.898207052641595,0.898252192580849,0.898694138257584,0.898734317505151,0.898846952466576,0.898889337353106,0.899000402934033,0.899032182327269,0.899097197583382,0.899156173608511,0.899250819722548,0.899291878084278,0.899373764540732,0.899420156057398,0.899468920618346,0.899511851319937,0.900560226328807,0.900606882328732,0.90066654140732,0.900701946385006,0.900753518769974,0.90078167971753,0.900823046827377,0.900853818339284,0.900889387816606,0.900904089813641,0.900930304309886,0.900958958373442,0.901241023995487,0.901274734920534,0.901305328318253,0.901326170512094,0.901367897850155,0.901382347008693,0.901404965727507,0.901433425714253,0.901468060682313,0.9014905306668,0.901513576029615,0.901534304866677,0.901560256022769,0.901574168318099,0.901594080747828,0.901612621201748,0.901629420312385,0.901639091607891,0.901655994897772,0.901666590544817,0.901684959029736,0.901699974368079,0.901714169049241,0.901722626983617,0.901743755582221,0.901758501657018,0.901776252731018,0.901787793858971,0.901817577035556,0.901828986338623,0.901844133101863,0.901858653991348,0.901867999339158,0.901876070379252,0.901888491371514,0.901897841639927,0.901917080861891,0.901924006454726,0.90193614789672,0.901948358882712,0.901985707969042,0.901995712112122,0.902000394767412,0.902008983518922,0.902018372544834,0.90202916730669,0.902040732389306,0.902047429195547,0.902056787461807,0.902220934575478,0.902229204553222,0.902242796672576,0.902257371755405,0.902270319578196,0.902283544518539,0.902291335995848,0.902303854894446,0.902315107458996,0.902326359879054,0.902333980566029,0.902345439107341,0.902353565118209,0.902367999756567,0.902374950922534,0.902384707520002,0.902394033491675,0.902403992154171,0.902411422494291,0.902424520308899,0.902432829413162,0.902497724653928,0.902502304231183,0.902508781482649,0.902516511934109,0.902521942683286,0.90252726952658,0.902531329334619,0.902535285415482,0.902543983444704,0.902551388932911,0.902558131455043,0.902561196228068,0.90256761704727,0.902573922069612,0.90257706461502,0.902582257112201,0.902587531333523,0.902595224257558,0.902598324249367,0.902606933073475,0.90261391302508,0.902620867623664,0.902706299266415,0.902712570731326,0.902716480763725,0.90272038645382,0.902725897055855,0.902730109413076,0.902735281946831,0.902741052228301,0.902746692722249,0.902749500674823,0.902753138773865,0.902755347968507,0.902759030824033,0.902762463618306,0.902764508571652,0.902769840616857,0.90277525317618,0.902777419046211,0.902780401700456,0.902781726894605,0.902786393486245,0.902789178344445,0.902791522867775,0.902793819823846,0.902798943361523,0.902800892473482,0.90280495971445,0.902808967151454,0.902811799573857,0.902814067478801,0.902818170378637,0.902822135494007,0.902826341334025,0.902828666688731,0.902831479146341,0.902836141510983,0.902839046812033,0.902842397247194,0.902846875474165,0.902849426895168,0.902853022614006,0.902855465886999,0.902858799764631,0.90286082471334,0.902862862265738,0.902864273321339,0.902868213116155,0.902871022286261,0.902874853392304,0.902877681666489,0.902880685583479,0.902882166378631,0.902885670916242,0.902887651031748,0.902892725760743,0.902894442530122,0.902895244965335,0.902897999981325,0.90290029849588,0.902903932394219,0.902906787642469,0.902910259926502,0.90291397642215,0.902916040593623,0.902917114941541,0.902921294989794,0.902922511696062,0.90292412450705,0.902926411482891,0.902928625686409,0.902931953202496,0.902935197035879,0.902938214497114,0.902941368615588,0.902942614966971,0.90294593422806,0.902947799400818,0.902948382132374,0.902951202495958,0.902953501932082,0.902953959969783,0.902956008299002,0.902957272416592,0.90295929326005,0.902961155195891,0.902962591358452,0.902965741612931,0.902967683714984,0.90296939628587,0.902971634443505,0.90297340819494,0.902975039884322,0.902977177767892,0.902978536754752,0.902979925167159,0.902981620267437,0.90298323142731,0.902984263359748,0.902985706067926,0.902987184819037,0.902988804307805,0.902989697183327,0.902991964231651,0.902992899815515,0.902993360841149,0.902994796448152,0.902995359546592,0.902996520926067,0.903017682339541,0.903019444804143,0.903021798249914,0.903022579305045,0.903023938642577,0.903026092583577,0.903027540048605,0.90302867821295,0.903030618609472,0.903032378411715,0.903033266550982,0.903034103344909,0.903034613327063,0.903035396165708,0.903036964965127,0.903039128913924,0.903040073005358,0.903041647889491,0.903042154308733,0.903042950203286,0.903044279481485,0.90304616204736,0.903047326267239,0.90304806512659,0.903049541450084,0.903050060522588,0.903051151344558,0.903052796724154,0.903053643213202,0.903054583485672,0.90305548148821,0.903056623521301,0.903057902456007,0.903058504518372,0.903059177929892,0.903060286259046,0.90306055713768,0.903061372163601,0.903062219059181,0.903063119548168,0.903063953315376,0.903064165882839,0.903064707557228,0.903065613329719,0.903066544547317,0.903067824848721,0.903068643765454,0.903069571868612,0.903070058015799,0.903071297920397,0.903072077597717,0.903072912028776,0.903074150945475,0.903074479545885,0.903075014182455,0.903076366342442,0.903076962113274,0.90307763317399,0.903078262112049,0.903079444072867,0.90308003094475,0.903080662089809,0.903080915186281,0.903081823035476,0.903082398409357,0.903082694987746,0.903083551136018,0.903083841923456,0.903084396194117,0.903085106091579,0.903085520028136,0.903085941569523,0.903086479440911,0.903087043113606,0.903087297961579,0.903087735789689,0.903088206306832,0.90308855254136,0.903088885976791,0.903089775428026,0.903090493184938,0.903090641226228,0.903090878633247,0.903091635723242,0.903092410461165,0.903092804857045,0.903093333096354,0.90309345189408,0.903093748236668,0.903094428935705,0.903094880917549,0.903095288515371,0.903095807981885,0.903096177639436,0.903097383685435,0.903097700317752,0.903098532260535,0.90309925961248,0.903099819706263,0.90310014331259,0.903100491814224,0.903100667449427,0.903101068147087,0.903101633488298,0.903102074619953,0.903102562787664,0.903102684628195,0.903102830478237,0.903103515068809,0.903103850249632,0.903104040562223,0.903104255855723,0.903104934012205,0.903105283577714,0.903105711060727,0.903106056670426,0.903106665243748,0.903107029675087,0.903107732348624,0.903108653772425,0.903109069518331,0.903109231011234,0.903109629278529,0.903110066217019,0.903110429329623,0.903111171533608,0.90311147037227,0.903111783124607,0.90311203308082,0.903112370067392,0.903142428224942,0.903143295869728
0.472428324727302,0.480222857252425,0.480222857252425,0.480222857252425,0.488789781324185,0.488919445361012,0.553896823021789,0.554031241757113,0.560848545497905,0.560848545497905,0.606653453114564,0.607577235744969,0.608479683887079,0.608479683887079,0.634420535774994,0.634420535774994,0.646503871658446,0.646503871658446,0.666022100096321,0.666022100096321,0.666022100096321,0.666022100096321,0.666820094667369,0.666820094667369,0.668063775811031,0.668063775811031,0.668063775811031,0.668483245443151,0.692238178540641,0.692238178540641,0.693207733318971,0.693902824918864,0.75497989423001,0.75497989423001,0.755528785049515,0.756137143630728,0.756301671679773,0.757021327994168,0.803177592579518,0.808306966872667,0.809799602203043,0.809799602203043,0.810543464802107,0.810808101589683,0.810906162099648,0.810906162099648,0.811515401182455,0.813834327392897,0.814845397742258,0.815038222684691,0.815307683181292,0.815353761870313,0.815873026924878,0.816066454612587,0.81808284980339,0.818089675708399,0.818741987173177,0.818817112875494,0.818843437763969,0.818920598287625,0.826540983883153,0.826770618271369,0.828372349067054,0.828721846071616,0.836101209467519,0.836107293096772,0.840653838884624,0.840807714834236,0.844672053932493,0.845005728443714,0.846152444762621,0.847504361880544,0.848539639966618,0.850750392686429,0.85783095432508,0.857950417409764,0.85867981060616,0.859147308021915,0.860432681743227,0.860706359768429,0.865255449031483,0.865508428822863,0.865931461938797,0.866041785825514,0.866540581824865,0.867111758389775,0.868143389618641,0.868533918498606,0.8719432464657,0.87530881019954,0.875808720306097,0.876180399982251,0.876867108443382,0.87737147034072,0.885518154576179,0.887831522785621,0.888473632297116,0.888900970059939,0.890460423245549,0.890613406089237,0.891287296842152,0.891485260033402,0.891786691554089,0.891899453577352,0.892212077845131,0.892816290957024,0.893205638615999,0.89375537911288,0.894048437321954,0.894235661314885,0.894513982974179,0.894756240731945,0.895188727699178,0.895340591321545,0.895453084433784,0.895674052804766,0.89582018278841,0.896024059205088,0.896168385032563,0.896285601959492,0.896373398576316,0.896575960543048,0.896907879558214,0.896915446983083,0.89703915223183,0.897054404906429,0.897335096943945,0.897359348893786,0.897686074215107,0.8976938937499,0.898059116073071,0.898079503829862,0.898203256866998,0.89823857098364,0.898379867912017,0.898428648725021,0.898563519535919,0.898640433787562,0.898834781346164,0.898857117804904,0.898960238198642,0.899008715017041,0.899193959946346,0.899274879353555,0.899459624666485,0.899500877526304,0.899600043223636,0.899646450318858,0.899767042721361,0.899843594932324,0.899944356515703,0.899989602913562,0.900085566196256,0.900147639803104,0.900299418487244,0.900360760263771,0.900423233528415,0.900460708531606,0.90054148397621,0.900568565016942,0.900631996726758,0.900675128877276,0.900746134122533,0.90078883898987,0.900864729690804,0.900914228018053,0.900979779074908,0.901028694983345,0.901094256734858,0.901148971992869,0.901227906993835,0.901249752541126,0.90130165221951,0.901347989420103,0.901409479484829,0.901432887485733,0.901520031341337,0.90153954578165,0.901576721875331,0.901606427484203,0.901661831746353,0.901684127034514,0.90171458825824,0.901739994428808,0.901768463872717,0.901792426246797,0.902705253639786,0.902727883358195,0.902761483158529,0.902784655406585,0.902816211614983,0.902855969714204,0.902885766167101,0.902905516273562,0.902947212969691,0.902961911159513,0.902986361742588,0.90300339533539,0.903026567781076,0.903047991255571,0.903072151707223,0.903085184788361,0.903104597370827,0.903132707897731,0.903152544771225,0.903172535849684,0.903193604221252,0.903219065824174,0.903236263013422,0.903245153341336,0.903264662451433,0.903281322819924,0.903297864714605,0.90331088049894,0.903330357733044,0.903345922544863,0.903356956600023,0.903366486824002,0.903378218510037,0.903386228561351,0.903675632233897,0.903684890549097,0.903697637063363,0.903710873275945,0.903716623971781,0.903729020077969,0.903741486160138,0.903747736505237,0.903758713707044,0.903768302392902,0.903779725701152,0.903790429738377,0.903802440985394,0.903809690557165,0.903821438270028,0.903832759565118,0.903845722579387,0.903854364646031,0.903864737046969,0.903869818803068,0.903877108969626,0.903886508391089,0.903893401391455,0.90390300949911,0.90390710761534,0.903917008337239,0.903923761682799,0.903934682901164,0.903946444913849,0.903955961198382,0.903963514057645,0.903967802832776,0.903975285787732,0.903978995144788,0.903984045691755,0.903989207552875,0.903995799946358,0.904002132689357,0.904008569340286,0.904012449017117,0.904099611950616,0.904109556538021,0.904114844349587,0.904122081133521,0.904125810825229,0.90413241492912,0.904135874164395,0.904138275679605,0.90413970560754,0.904145583317869,0.904152130364226,0.904155530528624,0.904158718535983,0.904162037542068,0.904167082857682,0.904170113560004,0.904174257589314,0.904180478975857,0.90418638592707,0.904189181437158,0.904194216956552,0.904196509048108,0.904199385409121,0.904203618920708,0.904208106161409,0.904213076896809,0.904215739360882,0.904219453206854,0.904222807181381,0.904224755835796,0.904226851847066,0.904229401610162,0.904234059119056,0.904237502825908,0.904241001331387,0.904244319215595,0.904246192583788,0.904249098757815,0.904254008912148,0.904257020034103,0.904258722110833,0.904261277197241,0.904315867925654,0.904318317534632,0.904322511499472,0.904324864556327,0.904327675766378,0.904330456184949,0.904446319471316,0.904447839916954,0.904450065866021,0.904452735634448,0.904455116528525,0.904457037092081,0.904460266376739,0.904461442207123,0.904462846491766,0.904464402540038,0.904465936287232,0.904471906141523,0.904474409125814,0.904477364298043,0.904479924678962,0.904482816966683,0.904485383413621,0.904486413617181,0.904488558900752,0.904491979848693,0.904493456852472,0.904496332762145,0.904497558240588,0.904499686053749,0.904502432753993,0.904503957340443,0.904505701121058,0.904506959138784,0.90450821186115,0.904510577955241,0.904511806127605,0.90451441897985,0.904516013494636,0.904517923023448,0.904520644506057,0.904522583587816,0.904524149443246,0.904526061372603,0.904528278335223,0.904529944455085,0.904532394198363,0.904533524610987,0.904537599351666,0.904538809222587,0.904540902788487,0.904542563401882,0.904545055239481,0.904546680347235,0.904548040637032,0.904548626533717,0.904550291400324,0.904551758771803,0.904553617097684,0.904555324200611,0.90455689564409,0.904557653631562,0.90456051249265,0.904561755241819,0.904563845939402,0.904565613148368,0.904567273317366,0.904569184178502,0.904570586786811,0.904571570630641,0.904572132518053,0.904573100045155,0.904573766696359,0.904575170967201,0.904576362502063,0.904577078963881,0.904578155516219,0.904579804747298,0.904581777382649,0.904583071719352,0.904584302167648,0.904585566572462,0.904586319529935,0.90458814393535,0.904589645585807,0.904590210874413,0.904591197114126,0.904592649917072,0.904593670162531,0.904594268813725,0.904594855943441,0.904596229581562,0.904596838127994,0.904597271724465,0.904598876044228,0.904600377306487,0.904601356036307,0.904603135873559,0.904604714674606,0.904605937202901,0.904606715193107,0.904607871631903,0.904608870812328,0.90460994500329,0.904610524890527,0.904612293269128,0.904613134000908,0.90461418356415,0.904615383140388,0.904616455254257,0.904617683833995,0.904618646424067,0.904619942465344,0.904620333069537,0.904621439674058,0.904622312440808,0.904623354292741,0.904623907297694,0.904624350332368,0.904625385832431,0.904626227808522,0.904626803303854,0.904628646458032,0.904629312682602,0.904630437154558,0.904630846450026,0.904631698295115,0.904632429405409,0.904633064071128,0.904634032990417,0.904634338556119,0.904635619280702,0.904636193747552,0.904637079084373,0.90463820248649,0.904639213108953,0.904640107776235,0.904640740747353,0.904641054969174,0.904641410893156,0.904641957697431,0.904643000240885,0.90464306666001,0.904643682294276,0.904644346036378,0.904644820665197,0.904645621203076,0.904646218695134,0.90464661254274,0.904647393719381,0.904647571109525,0.90464828975264,0.904649195028823,0.904649998516714,0.904650949054976,0.904651989353884,0.904652517671698,0.904653087316955,0.904653613539242,0.904654297042395,0.904654643925477,0.904655120323541,0.904655567176628,0.904656080154041,0.904778585455014,0.904778910672081,0.904779461182075,0.904780227146511,0.904780825418357,0.904780949076723,0.904782115353672,0.904782910226311,0.904783488438562,0.904784034453417,0.90478427317099,0.904784517276239,0.904784982211149,0.904785442699475,0.904786055651983,0.904786456662531,0.904787619110057,0.904787838502251,0.904788263384017,0.904789257988064,0.904789790235355,0.904790356741565,0.904791306510414,0.904791940142354,0.904792334814013,0.904793138081042,0.904793612507897,0.904794049103106,0.904794854381187,0.904795248415833,0.904796050590757,0.904796435448397,0.904796613758269,0.904797223302258
0.451790753870279,0.453840961114064,0.454729249826389,0.455549686647385,0.458848507306239,0.458930222924008,0.471874465120055,0.508312539599466,0.569831441707592,0.575593858175428,0.587293254151326,0.587465271261793,0.591280381085367,0.592668783725916,0.595344131059614,0.595344131059614,0.638266062974273,0.638266062974273,0.63931630162971,0.63931630162971,0.65447144770069,0.654839534915278,0.655338565789654,0.655338565789654,0.663769920955462,0.663769920955462,0.672814730530263,0.672814730530263,0.678818028865994,0.678818028865995,0.679144852794949,0.679144852794949,0.679338578673179,0.679338578673179,0.679338578673179,0.679338578673179,0.703875363789435,0.711949145532445,0.715318095994126,0.715624510991702,0.719503072903626,0.719601846591808,0.732572279456854,0.732847263500992,0.755376279337051,0.755376279337051,0.755977696167483,0.755977696167482,0.758000743232241,0.75801118971213,0.761359661348171,0.761359661348171,0.769083870536743,0.769083870536743,0.769521064444065,0.769521064444065,0.769678408330723,0.769795610842241,0.769823646665518,0.769823646665518,0.770208096810863,0.77496278099654,0.774994115771487,0.785578386720341,0.804838044127887,0.804838044127887,0.804846133180816,0.804846133180816,0.811933309402575,0.811943615467737,0.818279990308233,0.818342357272737,0.818437899369908,0.818437899369908,0.822294409405754,0.822302579365124,0.822979261215236,0.822983242564423,0.824142253698825,0.827679181382563,0.836647800005064,0.836648957026345,0.836665473322716,0.836720088960307,0.845114109191207,0.845117107782391,0.845132117623068,0.845142536796177,0.845180494025666,0.845185838600244,0.84520385200131,0.84520934120031,0.84573686967366,0.84574607140716,0.845974690671042,0.847666889941578,0.854773725860589,0.854777618880616,0.85478679573272,0.854789944441605,0.854828354047274,0.854833172369295,0.854845221153507,0.854855797498924,0.854865121374116,0.854876118988625,0.85561770313411,0.855618467689552,0.855803744822438,0.855805804864702,0.856013211321731,0.856021441688882,0.85603855331493,0.856063217668083,0.856072765645291,0.856223690721771,0.856341028006362,0.856352661578442,0.856357746299688,0.856362666458678,0.856471066221406,0.856559776216551,0.856670084638538,0.856671521570028,0.856686204925788,0.860692868825078,0.860739541182173,0.860751279329314,0.86075413037942,0.860804669621425,0.860807314063833,0.860906702374019,0.860980702094015,0.860982205743015,0.860984991350103,0.860986381169931,0.860992163575548,0.861054546616622,0.861071383151088,0.861071764895669,0.861076579400641,0.861084314519069,0.861090865826708,0.861094504894081,0.861102800959478,0.861250742255907,0.861263132116664,0.861263356869716,0.861271373223924,0.861316840192291,0.861331932353339,0.861332826639568,0.861437935171288,0.861440811675336,0.86346235190338,0.863463462850388,0.863475650616986,0.863477754557669,0.863486712826554,0.863487452820102,0.863492731165468,0.86355454660674,0.863559085861496,0.863559709023585,0.863563800066043,0.86356524763136,0.863568930197026,0.863689239478582,0.864552861076419,0.864554003216713,0.865833067797318,0.865834063587187,0.865841552283578,0.86584244114753,0.867350606147478,0.867352792731144,0.867359422915162,0.867360366030479,0.867414002894593,0.867414328144348,0.867417058848113,0.867417833302265,0.867421020651578,0.867421684380406,0.867425455350281,0.867426363940851,0.86745982571967,0.867460430369628,0.867466191388826,0.86746735154741,0.86747077025284,0.86747132150315,0.867473478769293,0.867473925900577,0.867475267694235,0.86747597795545,0.867478634699401,0.867479999508629,0.867481667649413,0.867483452342223,0.867484630696048,0.867484921817557,0.869414777759762,0.869415088585552,0.869415734093353,0.869416373239999,0.869826924901613,0.869827208124534,0.869828147294415,0.869828928428275,0.869829532450402,0.86983015161279,0.869830585098125,0.869831031879925,0.869836772877168,0.869837084557141,0.869845196085477,0.869845752706272,0.869879531214841,0.869879724020788,0.869880183264538,0.869880434716714,0.869880935541939,0.869881432607975,0.869881659778631,0.869882148444471,0.869882371084577,0.86988260048662,0.869883124469764,0.869883469308488,0.869883777879696,0.869883945735574,0.869896844656574,0.869897057772873,0.869914698563286,0.869914938346817,0.869915120676197,0.869915439013626,0.869915566566202,0.869915976839206,0.869916542889657,0.869916680207128,0.869926621412597,0.869926936811171,0.889509640329184,0.889509797664355,0.889557731407808,0.889557839857693,0.889628437915551,0.889628760905632,0.889634749960306,0.889634928832873,0.889635085752359,0.889635294440929,0.889635618211587,0.889635692434322,0.889636010085442,0.889636193375695,0.88963634131317,0.889636543118054,0.889699958367177,0.889700175827268,0.889700466706721,0.889700653715018,0.889700864817569,0.889701063444552,0.889740505505685,0.889740731771899,0.889740944007849,0.889741027204354,0.889746179386363,0.889746379253909,0.889746541869695,0.889746629414123,0.889994703916111,0.889994856490953,0.889995041605508,0.889995336718612,0.889995455654419,0.889995699518585,0.89001020584447,0.890010305862017,0.890010692334069,0.890010747722193,0.890010925067593,0.890011069461854,0.890034815990064,0.890034879727327,0.890035021045437,0.890035143698719,0.890035257416348,0.890035423986515,0.890035938242858,0.8900360599665,0.89004648635646,0.890046561327421,0.890046679099732,0.890046927045053,0.890047000984297,0.890047137173161,0.890047392747908,0.89004748838209,0.890047632835404,0.890047795196389,0.890047911072364,0.89004809081269,0.890048215693461,0.890048412359838,0.890048475997301,0.890048563944796,0.890049118485033,0.890049180588411,0.890049227357863,0.89004938793708,0.890049448314122,0.890049518561493,0.890049624727669,0.890049708790956,0.890049796226232,0.890049897314213,0.890049949866876,0.890050076556761,0.890050156947083,0.890050284063715,0.890050393313846,0.890050412509302,0.890050689696798,0.890050735558963,0.890050837293654,0.890050967476998,0.890058312830692,0.890058398955087,0.890375656255965,0.890375731071205,0.893917325559535,0.893917366970324,0.893917391991819,0.893917419780704,0.893932686222354,0.893932699796969,0.893980874615256,0.89398090151979,0.893980922805596,0.893980964774707,0.893987426845762,0.893987510139377,0.894013127964786,0.894013153371616,0.894013174262037,0.894013196371333,0.894013253272906,0.894013281887885,0.894013315343575,0.894013344639738,0.894082345756499,0.894082386379925,0.894098423914377,0.894098443193277,0.894098493324088,0.89409854495248,0.894124744466844,0.894124783702838,0.894137373757464,0.894137408685222,0.894145865614378,0.894145913138848,0.894165904305098,0.894165936684271,0.894165956980243,0.894165989991044,0.895586822100259,0.895586866412687,0.897611172136236,0.897611225045912,0.89761681105725,0.897616834942646,0.89761897986708,0.897619004549196,0.897619012323626,0.897619040742239,0.897621523353636,0.897621557836828,0.897621577577588,0.897621602249912,0.89882569657456,0.898825720046482,0.898825730437853,0.898825738592313,0.898825755159102,0.898825784545815,0.898830570670608,0.898830581620292,0.898834820906141,0.89883484083821,0.898835227816583,0.898835244691932,0.898843519990014,0.898843536710538,0.899152534902956,0.899152550361864,0.899152556221232,0.899152573144384,0.899152585895673,0.899152593667052,0.899152604880191,0.899152619719219,0.899280813358346,0.899280840885646,0.899280848140781,0.899280862394478,0.899281457677573,0.899281476926314,0.899293578514193,0.899293589188815,0.899303740160875,0.899303749407105,0.899321069374727,0.899321077047629,0.899321470327721,0.899321484538627,0.899336692806204,0.899336705745484,0.899336723302413,0.8993367459157,0.899336759668827,0.899336771170686,0.899375501471472,0.899375528574623,0.899396524449558,0.899396544569237,0.899396560353631,0.899396591851043,0.899396602142106,0.899396607005523,0.899396615005678,0.899396629857143,0.899396647426942,0.899396664420696,0.899396670433614,0.899396700548738,0.899398030738284,0.899398041860837,0.899422578170464,0.899422598197348,0.899422832994297,0.899422841716201,0.8994267400758,0.899426756121048,0.900379634575487,0.900379644786613,0.900422765561415,0.900422774653122,0.900436608798593,0.90043661092602,0.900457151381838,0.90045715561557,0.900464395480584,0.900464397547351,0.900472864949022,0.900472874323333,0.900473393130991,0.90047340168365,0.900476418918556,0.900476423680145,0.90047996821678,0.900479974284898,0.900507224433518,0.900507227725966,0.900510555713166,0.900510558992569,0.900511247710716,0.900511261068745,0.900531277998038,0.900531280831879,0.900650944285861,0.900650949825291,0.900652740184497,0.900652745798223,0.900653406673439,0.900653417352207,0.90109768281879,0.901097694817547,0.901369434212598,0.901369441150816,0.901374828992029,0.901374830964831,0.901376893514231,0.901376898503202,0.901376900773972,0.901376903788526,0.90138210220871,0.901382108974143,0.901407729341317,0.901407734364711,0.901416847959376,0.901416850674748,0.901424373907632,0.901424378777412,0.901615857080264,0.901615859105829
0.398736006942756,0.404365268444517,0.405255571621134,0.406454704720894,0.45141185926457,0.465996466936733,0.498094060820031,0.509572148762377,0.551054716886583,0.592203205943134,0.592203205943134,0.592210967872267,0.592210967872267,0.592401908625527,0.596279268078862,0.596279268078862,0.603064770448216,0.603377330811631,0.604729936550456,0.606760869863905,0.633957891735805,0.634096621500428,0.634096621500428,0.634846141787111,0.635491841014479,0.635491841014479,0.640095550491276,0.640390779719008,0.640444191640674,0.716370888498072,0.737942116012384,0.737942116012384,0.752646669905305,0.752646669905305,0.75427289591614,0.754474522912468,0.773501359383658,0.773501359383658,0.805103208075988,0.805103208075988,0.809433221435815,0.813075935688244,0.814629007915089,0.815226687612469,0.816476118729678,0.816476843737469,0.821404659668887,0.821682919261798,0.827267867819685,0.827298082915201,0.838734268828253,0.843802641361055,0.860339989492674,0.860343897452614,0.862333013000795,0.862906184863329,0.864136264541761,0.864168605305828,0.865996104269728,0.866020402607643,0.866881049446282,0.866949005835465,0.869686425829435,0.869863561496771,0.871424341597511,0.871798671754759,0.876062896773927,0.87778726085211,0.879534553515578,0.879604346997352,0.881470187090677,0.881470240404934,0.88245974954803,0.882470637878108,0.883340283373124,0.885252441750283,0.886241143986507,0.887106239336505,0.887918051214956,0.888211935894553,0.889249880966701,0.889258250952311,0.889997897317515,0.890274399878567,0.890947359840114,0.891046246372565,0.891323650673765,0.891484174878931,0.89223755764271,0.89262262893516,0.892938468958886,0.893087945695158,0.893382945674163,0.893548304608618,0.893766749096586,0.894508172732858,0.894761173629662,0.894921115737535,0.895000870341686,0.895216540624962,0.895334033933775,0.89552381394859,0.895686000186556,0.896660715155622,0.896853762636998,0.896938302470716,0.898125515980194,0.898189842328475,0.898314479389899,0.898398013551158,0.898791929857874,0.899197284666778,0.899418211686842,0.899456292876601,0.900770922815057,0.900825069062952,0.900926113159157,0.900993459068014,0.90113789748596,0.901172421704746,0.901555368360769,0.901642168670147,0.901878276024692,0.90191036353352,0.902031609014694,0.902068492077267,0.902227009687888,0.902308566418496,0.902944048041211,0.903037513736634,0.903099161036418,0.903108422621208,0.903193561383942,0.903223289020005,0.903306557996158,0.903339045687994,0.9034217476791,0.903439732005228,0.903496922465968,0.903519351049841,0.903585614420352,0.903608861050631,0.903694331673971,0.90372344624036,0.903780892178192,0.903810040485688,0.903851685596135,0.903894148050458,0.903943931261214,0.903985055818864,0.904011787147927,0.904045336207246,0.904461084663865,0.90448924027325,0.904526724035271,0.904550781359942,0.904701447636817,0.904724300873306,0.904816497073967,0.904844557071587,0.904870045614953,0.904887812611235,0.904926964459569,0.90493647088185,0.904982287210165,0.905007454433812,0.905040807246122,0.905065314529932,0.905084907427263,0.905108830190114,0.905125475757809,0.905153198226034,0.905181422198896,0.905205459769064,0.905215716254417,0.905230029331143,0.905389956859323,0.905406266514811,0.905432721827616,0.90545596548421,0.905486410075482,0.905508788960295,0.905529315012747,0.905548574456467,0.905568838838828,0.905591656057908,0.906124093180582,0.906138242126028,0.906154053641097,0.906167427376646,0.906185863231349,0.906201951831573,0.906218769319454,0.906233317149092,0.906242243438299,0.906259110895638,0.906290749121641,0.906301133257324,0.906314363614163,0.906328751563643,0.906347486607245,0.906358647907711,0.906387388577604,0.906393521473689,0.906401949329946,0.906411512914084,0.906422041732938,0.906429718950529,0.906435716976971,0.906449656016543,0.906452057749491,0.906456529383431,0.906462081478332,0.906465548678444,0.906466656689096,0.90647319221216,0.906479499335142,0.906484464770748,0.906496453433911,0.906505356759698,0.906508314072011,0.906514196689987,0.906520973537752,0.906525698628224,0.906529584959271,0.906534696136417,0.906545958448917,0.906553672199977,0.90655815001008,0.906564460922786,0.906573046698447,0.90657641757087,0.906588520062411,0.906597585153434,0.90661373535555,0.906621854892195,0.906625658133586,0.906633128515678,0.906642770904322,0.906654373042926,0.906658120225591,0.906664180528371,0.906672289414773,0.906674239176617,0.906681301699837,0.906685948578514,0.906694626014544,0.906699021040338,0.906991665428283,0.907001490849861,0.90700473465652,0.907007330702872,0.907011973203538,0.907018132667289,0.907020905109883,0.907030275630856,0.907036333880398,0.90704020871262,0.907043467148695,0.907046045815881,0.907051846616772,0.907055328803151,0.907156760221622,0.907159749633675,0.907168242353449,0.907171013614975,0.907175085321011,0.907182573940037,0.907188628645995,0.907193427246703,0.907195254139302,0.907200952426916,0.907205430775458,0.907212791408574,0.907213584646132,0.907217675922195,0.907219721271391,0.907223634483584,0.907227506832185,0.907232133512153,0.907249529173199,0.907254501105229,0.907260303557575,0.907264668426937,0.907267701478884,0.907269519920981,0.907275354194803,0.907279579863663,0.907283289102622,0.907287129558733,0.907288760662804,0.90729505131786,0.907306002582769,0.907311117416608,0.907316994254422,0.907319642596474,0.907323560818284,0.907327485968511,0.907329861081245,0.907331692883857,0.907334420418795,0.907338040366639,0.907342592362405,0.907346156875421,0.9073603603759,0.907363241345718,0.907364063950325,0.907366709273739,0.907367770730067,0.90736981043003,0.907372050508754,0.907373905980165,0.907377691988849,0.90738296437392,0.907386499072255,0.90738903910839,0.90739431466589,0.907397938905458,0.907401586946519,0.90740427803027,0.907404825080508,0.907408127909421,0.907410834584076,0.90741361081159,0.907416792471827,0.907419564959191,0.907420930117588,0.907421838032314,0.907423393578565,0.90742485129862,0.907428213499694,0.907430263411529,0.907432469699594,0.907434136832601,0.907436034398638,0.907437848345852,0.90744063101008,0.907443904128485,0.907445475408163,0.907605645193879,0.907609858733835,0.907611579443728,0.907613077127195,0.907613561770673,0.907615677716344,0.907617106589712,0.907620092737304,0.907622257761542,0.907623781967556,0.907626270327859,0.907633422980588,0.907634702085095,0.907636311090552,0.907664094788982,0.907665059124182,0.907667524710903,0.907678562196642,0.907679662610832,0.907680279859568,0.907680915619969,0.907683281857891,0.90768614090052,0.907687356114174,0.907689341414586,0.907690308181743,0.907692093366312,0.907694093061719,0.907698597227634,0.90769937093905,0.90770064930814,0.907701967657592,0.907703007567736,0.907703931182499,0.907705075224054,0.907705675684487,0.907709234446599,0.90771053700569,0.907712557606115,0.907713817793554,0.907714352762315,0.907716157193354,0.907718784129613,0.907720625664245,0.907722381972734,0.907723406742197,0.907724906182201,0.907726288990983,0.907727408764611,0.90772819687267,0.9077300757324,0.907731296478848,0.907732991539898,0.90773443775753,0.90773756402785,0.907750377815075,0.907752169820904,0.907752710615957,0.907755208565943,0.907775385032286,0.907777134676561,0.907778065241035,0.907780713484655,0.907782212102556,0.90778342694239,0.907784326991995,0.907785637476136,0.907787333311971,0.907788289234253,0.907789389284696,0.907791688849928,0.907792927060053,0.907794337602076,0.907796425471238,0.90779699849899,0.907797937629671,0.907799477560824,0.907800388500374,0.9078029495382,0.907805312156795,0.90780702656704,0.907808145840189,0.907809005057577,0.907810174855096,0.907812575059338,0.907812930830375,0.907813556670171,0.907824249581783,0.907843643371411,0.907844643043857,0.907845940716227,0.907846738790256,0.907847481998026,0.907848344177228,0.907849375716589,0.907864490683227,0.907864936455584,0.907865707922075,0.907867026031555,0.907867616136507,0.907868350257059,0.907868580051254,0.907869646271952,0.907870231201535,0.907870985835195,0.907871563965216,0.907872854236166,0.907880368686064,0.907882093580781,0.907883258927667,0.907886975111146,0.907887449969576,0.907889571459098,0.90789243642856,0.9078931340727,0.907900899357582,0.907901665612624,0.907902613059082,0.907904126817879,0.907904612925443,0.907905552590292,0.907906502730622,0.907906741431761,0.907907535362396,0.907908314727092,0.907908341799173,0.907909008490842,0.907918464367088,0.907919033112794,0.907919249088991,0.907920556304507,0.907921151452199,0.90792224391899,0.907922966401488,0.90792379928149,0.907924304461417,0.907925004200286,0.907926117206065,0.90792647102003,0.907931566184783,0.907932030389804,0.907933042728837,0.90793923253103,0.907950172669067,0.907950747880656,0.907960089433673,0.907960704216743,0.907962067055448,0.90796234029753,0.907963102241301,0.90796346079846,0.907963840609374,0.907964006850918,0.907972942632094,0.907973684449886,0.907974282438967,0.907974909005276,0.907975076935031,0.907981900538815,0.907986067329889,0.907986386576068
0.388061356231391,0.4436281019979,0.444886409597914,0.445369943329194,0.4684350439943,0.472030960662267,0.472064365178579,0.47311537815639,0.474545277720658,0.474545277720658,0.502942416629269,0.502942416629269,0.523025572208536,0.523064746794494,0.525210307286431,0.525720269344863,0.540626631920412,0.647069597446285,0.647069597446285,0.647069597446286,0.687403989837646,0.687403989837646,0.6901139264977,0.6901139264977,0.690191969398353,0.690191969398353,0.71270297154599,0.71270297154599,0.71270297154599,0.71270297154599,0.734858339483648,0.739952124371138,0.753315990242309,0.753315990242309,0.771779651258799,0.7717796512588,0.781182946264553,0.781182946264553,0.786390134685321,0.786390134685321,0.786390134685321,0.786420619422926,0.827410069448797,0.827410069448797,0.82931136153495,0.829920722281837,0.833169436588273,0.833373127767025,0.83583225429809,0.835911570976601,0.837859051572875,0.837859051572875,0.851120471103478,0.852357633542715,0.863373639974651,0.863560687232436,0.864071228665096,0.873325908195755,0.877697657561081,0.877697657561082,0.878431985124016,0.878621612114172,0.88002022758766,0.880037270688655,0.88187824489221,0.887034240474559,0.888517357962862,0.889376055788936,0.895580421097298,0.895949873152907,0.898490815623656,0.898576353736589,0.90041869706354,0.900697787974398,0.900925419192781,0.900959460834167,0.901516072872906,0.901577397965558,0.902152137786013,0.902156891301136,0.902614994830381,0.9028101651428,0.903112668027975,0.903172054835266,0.903508101916744,0.903585843534493,0.90385468803926,0.904022215799842,0.904423670863679,0.904557853461562,0.904630702126895,0.904684468812927,0.906938037186701,0.907154832060377,0.908401166354137,0.908507176592718,0.908979922173924,0.909074605974399,0.909395373711459,0.909491874242749,0.909622663444928,0.910516760592419,0.910603866996873,0.910726043168247,0.910860598889704,0.9108933906863,0.910952629117496,0.911549855172606,0.911585532053544,0.911677278212609,0.911824430580837,0.911830877040841,0.911928114015994,0.91195375070866,0.912006596957608,0.912893120761489,0.91299253070062,0.913010059653665,0.913038384246631,0.913049073602627,0.91315219481538,0.9134740409389,0.91349325419743,0.913507640430012,0.913577491179267,0.913581845855597,0.913622682983957,0.913626298844019,0.913817210236892,0.913837275968703,0.913912405188081,0.913928016756383,0.913995970498699,0.914005526173807,0.914052462029655,0.914086054553027,0.914124709089407,0.914147394655103,0.914201679412903,0.914215132820023,0.91454354301667,0.914560208209124,0.914679771883616,0.915087830129754,0.915195896179561,0.915198905638926,0.915235023032042,0.915247347844404,0.915306064252197,0.915323747841597,0.915367372945802,0.915384496574995,0.915425845087109,0.915442057985706,0.915469078532497,0.915471778405554,0.915494698090983,0.915509445567146,0.915558762448709,0.91557157418214,0.915597048385797,0.915606112852249,0.915637506901625,0.915650111138829,0.915707271492294,0.915713629983307,0.915749400715004,0.91575904588309,0.91607384523103,0.916081676853694,0.916111507461942,0.916133725152113,0.916163496874639,0.91617304677228,0.916191844576831,0.91619353312754,0.916216069698569,0.916224632556778,0.916242924908788,0.916258423093769,0.916277998565469,0.916286094565331,0.916292806532231,0.91633916266465,0.916353088257487,0.916367243909696,0.916436933117574,0.916449533425971,0.916464170642319,0.916474581065356,0.916485014796693,0.916494403297766,0.916600904987258,0.916606014957938,0.916626832628703,0.916640786237153,0.916686279827509,0.916695091402095,0.9167168351539,0.91673107484636,0.916765999212121,0.916775048369955,0.916806950067501,0.916822810051271,0.916859468028645,0.916874632410258,0.91689433084048,0.916906252911371,0.916936864603176,0.916950693290254,0.91706644384108,0.917081411537153,0.917097502855246,0.917102312995483,0.91711913402662,0.917131078367523,0.91714735333726,0.917162909283226,0.917190703504001,0.917197789935503,0.917212996525196,0.917228391134897,0.917275063749375,0.91727800576058,0.917294465795856,0.917300804005661,0.917314791372413,0.9173190023829,0.917328574466896,0.917333590356682,0.917352032246968,0.917361350423792,0.917370049915934,0.917375436254836,0.917381900379005,0.917391717793137,0.917401942513325,0.91740532742485,0.917425706601968,0.917433369139143,0.917437535603321,0.917446495834477,0.917480928125305,0.917485433999758,0.91749492061294,0.917497333348711,0.917509994372647,0.917544295648551,0.917550822961486,0.917552335532538,0.917562679672633,0.917567111072989,0.917577073662848,0.917586321143536,0.917591320556156,0.917593524975396,0.917599131446342,0.917602379441192,0.917643620062385,0.917648252289062,0.917652406434628,0.917668367183671,0.917680179054995,0.917682997870249,0.91772190613929,0.917724439997649,0.917728142318456,0.91773413202885,0.917743960208101,0.917747120512155,0.917755918686248,0.917762117175576,0.917766005556928,0.917769967070402,0.91777546109459,0.917776982177638,0.917780655399001,0.917783933689012,0.917785851446919,0.917789233837143,0.917796326336239,0.917799148672173,0.91780590867653,0.917807323545861,0.91781220846775,0.917820033441153,0.917822455696918,0.917826229149458,0.917829427462962,0.917836442850461,0.917842746934874,0.917847054398292,0.917850994048555,0.917854582556126,0.917856976251905,0.918015906637132,0.918050575464203,0.91805523583943,0.918058642957788,0.918064126409,0.918065681827782,0.918069234577144,0.918106658338165,0.918111416636429,0.918114883107064,0.91811735351638,0.918119403814025,0.918121386490626,0.918127386831659,0.918128083300196,0.918128686634597,0.918130705608503,0.918140915445238,0.918144362683192,0.918147393329887,0.918149715571329,0.91815239300757,0.918154581661719,0.918156655913474,0.918157701457607,0.918161302053824,0.918163026120398,0.918165226389651,0.918171806882258,0.918173480055093,0.918175376130166,0.918344505033041,0.918349484527765,0.918350645838731,0.918351454487582,0.918361197094269,0.918362477218471,0.918370023909322,0.918370942835707,0.918386061975876,0.918387633636797,0.920393054230239,0.920393752804122,0.92040565767051,0.920407077670944,0.920413436755337,0.920414567161885,0.92041602152324,0.920417206824196,0.920421309295253,0.920424407741823,0.920426902228585,0.920428754284476,0.92043328025964,0.920435033551644,0.920461185481365,0.920463957294703,0.920466856826799,0.920468168901531,0.920474042898436,0.920475528179298,0.92047696865544,0.920477482036401,0.920482950150182,0.920483823847232,0.92048405679285,0.920485491571984,0.920486495239942,0.92048784732946,0.920489302133308,0.920490989358795,0.920493596199062,0.920497875723005,0.920499162628548,0.920501055232085,0.920502703422337,0.920508195537061,0.920512461003383,0.920514444411693,0.920515442933679,0.920535386748367,0.920541375414663,0.920542980608349,0.920549369906887,0.92055321092921,0.920558650505315,0.920559443035241,0.920561033254432,0.920562976532904,0.920563316520331,0.920563971365039,0.920567097855446,0.920567573444957,0.920569026056438,0.92057061500028,0.920575030233569,0.92057634411204,0.920581007172101,0.920582345402413,0.920587427989142,0.920588565382951,0.920590202014832,0.920593743031063,0.920594691017737,0.920596050580763,0.920599396310515,0.920602758330008,0.920608924301024,0.920611417389388,0.920614094671697,0.920617154199149,0.920620257063606,0.920624863056047,0.920625678398911,0.920626189924618,0.920634609473009,0.92063593310639,0.920636890836509,0.920637062547973,0.920638501312732,0.92063957688898,0.920642337295171,0.920643841256899,0.920645197614614,0.920648146765963,0.920681183574862,0.920685200451986,0.920686208673578,0.920687445184197,0.920688212908866,0.920688724532918,0.920689607664602,0.920690538266638,0.92072335660218,0.920724955934037,0.920725641917124,0.920726245799674,0.9207328914856,0.920735433181655,0.920736075043227,0.920737941525955,0.920738761910378,0.920740391394835,0.920742813539677,0.920744999307483,0.920745419320491,0.920763790595093,0.920770830750043,0.920771516228362,0.920771892760843,0.920773171688593,0.920773758560738,0.920775689891044,0.920778657743156,0.920787770218732,0.920791615167519,0.920792752176862,0.92082701389312,0.920827858442093,0.920828961316195,0.920830151017429,0.920831953811606,0.920832836509842,0.920833495165363,0.920834389746743,0.920835269603536,0.920835793386141,0.920881507535355,0.920883609110145,0.920887843130834,0.920889589113873,0.920891084139461,0.920891816926489,0.920893904380942,0.920894363136108,0.920899028362656,0.920900387462216,0.920908074443408,0.920909681892229,0.920909994178706,0.920910289491375,0.920911105845668,0.920912319720321,0.920913343647707,0.92091847410229,0.920936403350501,0.920937109466404,0.920937244984386,0.920938426609447,0.920938772454642,0.920939734868909,0.920940727167816,0.920943988101745,0.9209450634201,0.920945875709337,0.920958074433047,0.920959602773236,0.920960572697818,0.920961083867627,0.920975266349118,0.92097602531278,0.920983269495692,0.920983758236495,0.920985615783666,0.92098608030007
0.413392693051013,0.41699729385065,0.448885213344244,0.448885213344244,0.452069330252824,0.453205912845456,0.463105322135602,0.463105322135602,0.463195367924967,0.4637286576188,0.487044137321281,0.562391698174713,0.588549129301356,0.588549129301357,0.665540087518092,0.665540087518092,0.697335807856683,0.697335807856683,0.701151546351239,0.701151546351239,0.701151546351239,0.70115154635124,0.723499794720581,0.723499794720581,0.723499794720581,0.723499794720581,0.723499794720581,0.723499794720581,0.730116831415358,0.730116831415357,0.730402843209493,0.730402843209493,0.757108327943648,0.757108327943648,0.757108327943648,0.760065797811718,0.784339959369323,0.784339959369323,0.786313925312971,0.786313925312971,0.842024555656499,0.842024555656499,0.842354551560826,0.842354551560826,0.843179436151303,0.857386385289866,0.857714505593271,0.857714505593271,0.859780761930359,0.859781706344235,0.872179981792445,0.872179981792445,0.873677721802063,0.873677721802063,0.874938376380215,0.874949120288294,0.875128951418977,0.875290791685187,0.875800967474435,0.881767641031498,0.882093573384718,0.882171633245341,0.882855223779817,0.882930461879975,0.889105485187718,0.889577669443324,0.890179678756125,0.890375463602668,0.891053816633078,0.891145045807061,0.891412852422629,0.891420660163945,0.893547289156808,0.893555619878408,0.894929824295521,0.894958785043684,0.895024028443702,0.895325457166859,0.896032622131403,0.896105890935389,0.89732968408529,0.897343967572092,0.897802069535497,0.897977378070812,0.898121620401443,0.898740104876162,0.898899729489992,0.899160852425682,0.899474131851071,0.899578421363237,0.899751034473129,0.899879500705512,0.900159636754049,0.90026743068055,0.900323203567276,0.900390177889235,0.900988078468233,0.901302570787854,0.901497963972455,0.901604740712076,0.901715189814565,0.901837641431249,0.90196763397987,0.902071264379638,0.902273962442564,0.902332750125669,0.902395271674393,0.902504006251022,0.902588146392374,0.902766804401149,0.903002688051736,0.903096487163473,0.903196340219922,0.903349049441856,0.903374580070277,0.903485872821647,0.903569032652867,0.903621861835179,0.903638277418619,0.903809470256307,0.904986018895281,0.904999615769992,0.905035800548674,0.905044416379753,0.905162128483263,0.905166318762715,0.905219238069191,0.90522253077118,0.905366124610288,0.905609286112739,0.905789851297959,0.905960614127458,0.906066532090366,0.90608064806504,0.906249718803848,0.906260938871579,0.906361905573383,0.906376474975783,0.906466151462319,0.906477335422059,0.906570674850861,0.906584278910446,0.906653209636195,0.906670245813253,0.90670967743043,0.906732719684444,0.908199868439661,0.908219105437543,0.908265175932591,0.908282371131328,0.908309827551989,0.908332160522127,0.908373652175475,0.908388099875747,0.908445438678884,0.908471457127289,0.908528468346147,0.908554204116198,0.908610735608827,0.908629962760793,0.908642742278209,0.908654306610101,0.908712692984491,0.908734557774853,0.908761553745049,0.908779860413467,0.908809323701223,0.908835582441705,0.908855055069614,0.908869462127661,0.908898582571923,0.908921932853014,0.908958746316241,0.908964652483606,0.908982839366289,0.908993795594344,0.909023858333212,0.909037758026845,0.90906136557868,0.909077530291013,0.909096492211705,0.909104294078429,0.909114988466642,0.909122677442873,0.909148094039324,0.9091567468034,0.909177711974041,0.909188803309987,0.909203943022317,0.909212512403315,0.909222439212113,0.909243992100365,0.90925702509988,0.909269889858007,0.909291730976953,0.909297778446322,0.909310261060239,0.909317680559387,0.909334666204354,0.909340778894549,0.909353684564426,0.909368270350452,0.909391657898126,0.909405550397786,0.909414149522062,0.90941839066443,0.909426059240257,0.909434467650145,0.909448336539339,0.909458791896176,0.909473529819396,0.90948115679394,0.909488024043866,0.909494249986049,0.9094985427076,0.909503821149297,0.909508989506575,0.909513423905335,0.90969602986886,0.909701418770663,0.909709335747686,0.909717249717902,0.909726898191334,0.909731799168566,0.909735053354665,0.909740887626495,0.909752926093763,0.909760835607153,0.909764161742088,0.909774136010835,0.909781524516126,0.90978787215936,0.909794717435495,0.909802562107098,0.909810204535894,0.909819224641675,0.909824414765786,0.909829873317473,0.909833443002147,0.909841166076616,0.909843896761731,0.909848812937866,0.909854715041678,0.909858347142371,0.909861599648334,0.909867376681981,0.909872303829361,0.909877348400747,0.909883385208941,0.90988650428241,0.909893289156068,0.909898411180997,0.909905646001866,0.909911375788272,0.90991726596268,0.909922054480435,0.909927059910376,0.909930615013628,0.909933256529097,0.909937895723546,0.909942247607161,0.909947416997868,0.91023152567159,0.910238221065545,0.910239841175898,0.910245084846185,0.910310936691549,0.910313437822574,0.91031529628341,0.910318528874489,0.910322130473434,0.910323036304469,0.910325536791361,0.910328393049736,0.910330654782263,0.910333481277533,0.910465298593264,0.910467681149531,0.910470424510314,0.910473157300758,0.910475292198074,0.91047786983374,0.910480495176658,0.910482962080643,0.910485998293942,0.910488696460047,0.910491929260538,0.910492930665484,0.910495835279323,0.910497684569662,0.910500772325013,0.910503746527138,0.910506242906245,0.910509710467862,0.910511038490876,0.910513620176296,0.910517626755301,0.910519833521745,0.910522542611663,0.910524243354503,0.910738062227757,0.910739839926028,0.910742335941754,0.91074345916514,0.910744364922507,0.910746240777593,0.910749730513733,0.910752287647279,0.910754708849381,0.91075632439174,0.910758442934165,0.910759262705355,0.910762257874257,0.910763656162593,0.910766040750587,0.910768223009745,0.910771413250939,0.91077429550016,0.910775939901555,0.910777984195087,0.910779531310508,0.910780916233632,0.910783511479613,0.910786481245717,0.910788587283993,0.910789885492051,0.910793544208321,0.910794575287389,0.910796602069446,0.910798212151454,0.910799904583853,0.910800922321511,0.910803759902265,0.910806147476504,0.910808019880163,0.910808949873102,0.910810422189547,0.910811517481454,0.910814722968613,0.910816082330831,0.910818134998186,0.910819792477736,0.9108223326313,0.910823132061845,0.910824861055061,0.91082642078187,0.910828256194004,0.910830445519617,0.910831596991389,0.910832373652901,0.910833319433085,0.910835176056828,0.910835659677579,0.910836409630384,0.910837308882399,0.910839130912782,0.910840255731411,0.910841292161691,0.910843573253404,0.910845024197429,0.910845325250165,0.910847029603089,0.910848877396071,0.910850456916155,0.910851626820895,0.910852092111434,0.910853646085299,0.910855169234854,0.910856355649981,0.910857701731211,0.910858356737427,0.91085946122171,0.910860683615776,0.910861449226176,0.910862812432152,0.910864463935767,0.910865481547573,0.910866696823603,0.910867370736201,0.91086829214919,0.910870538990383,0.910871913983068,0.910873830280405,0.910874613102945,0.910875292082704,0.910876384310417,0.910878146011532,0.910879970982491,0.910881506143415,0.910882600619151,0.91088375279503,0.910884693545199,0.910885922530371,0.910886901487624,0.910887836062305,0.910888498328137,0.910889002101381,0.91088986755991,0.910890681082343,0.910891077998412,0.910892271093451,0.91089326663839,0.910893994501936,0.910895790674972,0.910896803124403,0.910897667977221,0.910898775582191,0.910899869147439,0.91090055287046,0.910901260373616,0.911142118080251,0.911143253113602,0.911143486561938,0.911144214970858,0.911145340363933,0.91114569188788,0.911146510154108,0.911146900275242,0.911147404706724,0.911148442225092,0.911148798527142,0.911149484247949,0.911150475086562,0.911151024761422,0.911151404268552,0.911152144973939,0.911153026800695,0.911153566624479,0.911154073489079,0.911154612071612,0.911155842089268,0.911156682818175,0.911157008281638,0.911157771499588,0.911158097726914,0.911159102182164,0.91116068230785,0.911160937539274,0.911161710408916,0.911162498809793,0.91116290973327,0.911164023572285,0.911165091864646,0.911165628512178,0.911166192786091,0.911166715062049,0.911167216036083,0.911167415179496,0.911168728797056,0.911169008982061,0.911169584774725,0.911170558455094,0.911171460497045,0.911171658365155,0.911172233951417,0.911173484622599,0.911174429065441,0.911175295845924,0.911176115324346,0.911177337568956,0.911178790120281,0.91117925791136,0.911179900553461,0.911180144595116,0.911180715742184,0.911180967418586,0.911181247792132,0.911181800753942,0.911182133567353,0.911182970154432,0.911183396559018,0.911183556717933,0.911183781067611,0.9111855051592,0.911185728983207,0.911186356753574,0.911186623504322,0.911187783732071,0.911188186983898,0.911188577244353,0.911189079148775,0.91119039047725,0.911190806957187,0.911191142895729,0.911191717902448,0.91119228138391,0.911192735015806,0.911193085911784,0.911193402747296,0.911193630702628,0.911194480328466,0.911194937005118,0.911195234438354,0.911195439030205,0.911195971943154,0.911196351986434,0.911197018731136,0.911197684490337,0.9111982356678,0.91119852893847
0.385178408321216,0.409220896865126,0.409296386017721,0.460896523200553,0.474637711348955,0.474660130125014,0.477180301708664,0.479326797454791,0.504008872307258,0.515756872088252,0.516257154237324,0.516257154237324,0.522535700006921,0.524559550233178,0.524559550233178,0.524559550233178,0.533554855375613,0.534891579229051,0.534891579229051,0.538852145585322,0.608289773363687,0.608289773363687,0.610857269083034,0.611082317764567,0.662763123583567,0.662763123583567,0.664955528927309,0.664955528927309,0.672722953023757,0.672722953023756,0.724144865196057,0.724144865196057,0.767135396292107,0.767135396292107,0.771746522175341,0.77336371438835,0.779372213905468,0.779492159310639,0.781514783059578,0.781524135196849,0.784714732138687,0.784766408219835,0.785331088809904,0.787205577889083,0.791295287044024,0.791319935440352,0.796460386659908,0.804330526228478,0.825768219980876,0.827216963808649,0.828376074108487,0.828694359850598,0.841460542197848,0.844053887263981,0.846456474526,0.846650679685551,0.84889791579708,0.850126483314143,0.85353461465678,0.857119233393751,0.858561582325821,0.858594767561216,0.869353640839674,0.869656804986619,0.872329365464726,0.872432092328477,0.872927948169456,0.8768542157644,0.877605251761544,0.879976400409252,0.880801486521988,0.880977700942763,0.881618920064294,0.881819709788939,0.882748543614103,0.883805449101694,0.884722463567365,0.884762986868079,0.885030487347244,0.885253851556702,0.886103806714982,0.886581020798183,0.886994503447369,0.887190936614811,0.887347907510177,0.887670333661345,0.891410047830635,0.891519739670522,0.891821513344034,0.893542752168837,0.893704551030586,0.894502477463016,0.89476138814776,0.894987408896962,0.895231843067696,0.89564432902106,0.896070810739845,0.896308612953061,0.896831723287582,0.896964333340281,0.89698325641104,0.897142235220184,0.897219632181876,0.897308341032557,0.897321910406544,0.897391617309021,0.897673076112323,0.897788653519445,0.897986187026065,0.898036369968109,0.89819441670154,0.898274455954728,0.898556348731195,0.898569908118473,0.898760091823595,0.898766952826914,0.898976837663579,0.898992316333803,0.899237873715562,0.899251397589549,0.89937177853777,0.899403432341252,0.899567250534248,0.899606265768331,0.899712433433976,0.899725617735835,0.899884775128276,0.899937088391809,0.900094570936371,0.900120173994366,0.900261106591332,0.900280608543634,0.900385349250014,0.900438163412578,0.900563468346028,0.90059334680866,0.900721515143963,0.900750642014225,0.900863369189694,0.90087897700749,0.900949330139232,0.900991785859808,0.901052516349588,0.901082854278192,0.90116072962768,0.90118694898027,0.901259157003948,0.901293800568128,0.901347766150935,0.901371701902861,0.901409748871052,0.901456470154583,0.901496607537223,0.901529503139657,0.90158813205194,0.901628330405734,0.901700672269954,0.901724002666462,0.901764691561136,0.901795278942715,0.902040699802112,0.902091987034166,0.902128104351063,0.902161083595718,0.902193093492307,0.90224823970011,0.902279116491924,0.902300028227474,0.902327068523812,0.902355820139855,0.902376381197276,0.902402631307666,0.902578290055224,0.902604520249013,0.902648399052619,0.902663387196392,0.902680097072153,0.902699512297186,0.90273006071847,0.902746492683899,0.902773829938718,0.902787378362893,0.902800998356163,0.902812684151653,0.902828486532697,0.902847773044357,0.902864195050898,0.902871113614918,0.90288527270636,0.902901225688228,0.902912914257721,0.902931669358121,0.902946819128479,0.90295869584817,0.902975883829658,0.902984430427497,0.90313115509187,0.90314081996985,0.903149791671524,0.903161898690755,0.903177007992998,0.903188139415675,0.90319994942987,0.90321112454342,0.90322102757044,0.903234843057889,0.903244624430824,0.90324948088367,0.903257727394162,0.903263224765622,0.903281740463069,0.903286664378842,0.903297139384805,0.903307426120053,0.903315967081922,0.903318757165995,0.903329822574895,0.903337870937413,0.903345558317303,0.903354033951588,0.90335841260736,0.903362825271102,0.903368925467592,0.903373373962301,0.903379265646923,0.903390050148514,0.903394547237473,0.903402688798788,0.903409794519108,0.903415991252117,0.903420155531403,0.903429362096898,0.903434799639995,0.903438645183074,0.903444675632775,0.90345264023292,0.903456374705692,0.90346118783495,0.903472134944711,0.903476765646035,0.903484854214991,0.903493305896552,0.903497874867994,0.903502665028806,0.903510893388764,0.903515766879016,0.903520709740022,0.903525600221805,0.903532319052014,0.903535531548609,0.903545218909153,0.9035490137003,0.904026537872425,0.904031285332891,0.904035961466014,0.904039700118064,0.904045787028081,0.904050379702169,0.904052922573722,0.904056485498138,0.90406438326738,0.904069943567374,0.904075562472349,0.904079838461243,0.904084773823531,0.904087670828118,0.904089508500014,0.904094196814378,0.904095599876021,0.904100114239634,0.904105235403087,0.904108768510244,0.904113453236027,0.904115516262293,0.904122396697484,0.904127204083054,0.904131846949702,0.904135200240049,0.904138797730572,0.904141806343946,0.904143764592162,0.904147493904504,0.904151764803079,0.904157698926173,0.904161550510661,0.904162981264728,0.904224339069352,0.904229633755003,0.90423178809984,0.904234313631066,0.90423637844348,0.904239006496154,0.904305505078155,0.90430796108207,0.904310995567354,0.904314345673052,0.90431585859867,0.904319975025646,0.904325885211165,0.904328506779344,0.904332352948398,0.904335253141476,0.904337772906982,0.904340183818051,0.904343120619433,0.90434618826657,0.904349157692773,0.904352285985738,0.904355135891552,0.904357182749746,0.904360377826221,0.904361285056658,0.904363351385063,0.904366949827627,0.904370427383388,0.904372895155442,0.904375471559366,0.904376417116044,0.904377757307327,0.90437896205686,0.904381449372383,0.904384057377983,0.904385710861248,0.904387236365068,0.904388924192718,0.904392544166925,0.904394450824764,0.904397357938841,0.904399908655819,0.904402039423837,0.90440506087912,0.904406586837982,0.904408385928584,0.904409678811385,0.904411659213785,0.90441434331244,0.904416405127903,0.904418530472181,0.904421648843801,0.904423999880744,0.904426735750387,0.904427672879825,0.904429717059035,0.904431999125827,0.904434520559007,0.904436141202166,0.904438219752078,0.904439710532434,0.90444077308985,0.904441921631168,0.904445764272701,0.904447442592895,0.904449604675259,0.904451048603463,0.904453882858524,0.904456348804614,0.90445865958894,0.904460892033507,0.904464076827565,0.904465394947028,0.904466634850002,0.904469056092481,0.904470593026496,0.904473721617143,0.904474877850391,0.904476621424877,0.904477853611009,0.904480813234272,0.904481897196077,0.904484245680642,0.904485354414354,0.904487067601102,0.904488986108636,0.904490749424976,0.904493026811862,0.904495354474043,0.904496335988151,0.904497668868534,0.904498656691424,0.904500900254511,0.904501420119069,0.904503584521369,0.904504358914864,0.904505632765085,0.904506890461211,0.904508061145427,0.904509437198778,0.904511374634517,0.904512671846638,0.904513843905045,0.904514845551963,0.904516097320958,0.904516997286487,0.904518506287593,0.904519877757997,0.90452140233265,0.904521730214231,0.90452260571087,0.904524713152409,0.904526280708306,0.904527296170252,0.904529029752191,0.904530369379489,0.904531380801923,0.904533048610772,0.904534873076602,0.904536268341231,0.904537534468637,0.904538722376705,0.904539837553212,0.90454116885817,0.904541742512969,0.904542217434461,0.904543771991542,0.904545419299287,0.904547020389017,0.904547893422434,0.904549309986055,0.904569954196731,0.904570842854163,0.90457171453217,0.904572584143033,0.904573666790933,0.904575383401198,0.904576502251743,0.90457796670063,0.904580137955753,0.904581152132155,0.904583616760791,0.904584620335995,0.904586157696352,0.904586709654575,0.904587464424233,0.904588532910804,0.90458966822198,0.904591040893081,0.904592671381547,0.904593426601669,0.904594633652359,0.904595684208278,0.904597626255342,0.904598394208996,0.904599570447985,0.904600512449515,0.904601237781035,0.904602284670029,0.904603016182777,0.904604383798867,0.904605191210543,0.904606254502862,0.904606862461132,0.904608488091791,0.904609661567647,0.904611117667146,0.904611892873183,0.904612616327696,0.904613191050427,0.904614289873145,0.904615225899999,0.904615665156016,0.904617422462796,0.904617833200419,0.904619105435416,0.904619909491938,0.904620412896184,0.904621432321356,0.904622096212317,0.904623072119002,0.904623886486353,0.904624452199474,0.904625591568027,0.904625901712137,0.904626562916803,0.904627027416954,0.904627673740938,0.904629288703568,0.904629936615915,0.904630690698707,0.904631435608938,0.904632117993532,0.90463276528466,0.904633511105742,0.904633669704275,0.90463416816103,0.904634440855346,0.904634913206244,0.904636878883058,0.904637663437995,0.904639029711495,0.904640302447765,0.904640743297933,0.904641569317887,0.904642190270851,0.904642581203009,0.904643267171999,0.904643875081344,0.904643977519121,0.904644921237543,0.9046453384966,0.904646133870653
0.376475394718455,0.392604843481872,0.392604843481872,0.419517505066285,0.469682442479172,0.469682442479172,0.478183213939191,0.478595581226228,0.478595581226228,0.478595581226228,0.497973628032871,0.528851153029596,0.55588359305261,0.555883593052609,0.576213044978697,0.576213044978697,0.580429999679883,0.58086938757985,0.582330114653164,0.582783591817935,0.5900456677953,0.5900456677953,0.590161247821571,0.590161247821571,0.5962605299339,0.629566440510992,0.638825353986026,0.638825353986026,0.639428147311498,0.639428147311498,0.682198701769541,0.68221316650937,0.68255115630704,0.68255115630704,0.683338351068191,0.68556931863794,0.698982079273956,0.698987184844756,0.704073397501837,0.704147063822327,0.753900267761349,0.753900267761349,0.753955502698626,0.754451159059325,0.754703022609443,0.761012710593821,0.793607052174206,0.793607052174207,0.801042510412947,0.801106817085611,0.810857068569587,0.810857068569587,0.811686169097071,0.812746139189562,0.813110447294681,0.813110447294681,0.813226555300555,0.814468381940604,0.814823034184113,0.814901810871654,0.823081652944608,0.825387540063876,0.829036996413801,0.829989194218677,0.832723012918254,0.832832205563004,0.834027528901906,0.838620779761262,0.839449043643549,0.842391923414178,0.849913427968815,0.84993675406635,0.863339054258294,0.863411980017107,0.865566491695346,0.865766531908509,0.866430881647309,0.867259117113944,0.867511648403355,0.867809992639462,0.868756590637634,0.868858431925757,0.870789033836325,0.87085000409353,0.871440816854004,0.871488619842066,0.872952980886576,0.874680425601601,0.875829984947021,0.87686276048342,0.877790956269312,0.877817500642089,0.879075494856248,0.879172036095107,0.88066950234391,0.882041246237307,0.882535909280971,0.886207159907819,0.887578356238646,0.888049094349941,0.889718191885436,0.89014481484734,0.89044133424116,0.890612135685876,0.891144344994033,0.891388672354303,0.891875292440638,0.892221834673649,0.892779160399861,0.892817293204478,0.893105513306319,0.893233943943512,0.893678420689435,0.893969406149223,0.894034024236326,0.894122031800582,0.894358180643093,0.895293175143917,0.895473901375025,0.895686829276761,0.895891328948058,0.896355694234511,0.896772808079274,0.896828599872113,0.89707936053961,0.897314535429506,0.897522994221228,0.897680740907539,0.897793353034406,0.898394318989009,0.89859728244633,0.898643247372751,0.898843727145276,0.89916939059251,0.899504789030775,0.899519990385411,0.899742156215478,0.899765285925877,0.899959492755179,0.900018760984177,0.900183898965571,0.900271707637133,0.900432621945008,0.900654056151221,0.900802692934898,0.900853423587652,0.900995657376724,0.901047622159868,0.901294153256996,0.901327724653305,0.901461549211103,0.901530907715443,0.901650174849516,0.901731554060004,0.902362226794699,0.902405959118202,0.902541038228073,0.902607648231691,0.9026785674136,0.902752710828317,0.902808854426653,0.902846933800126,0.902938832411175,0.902974708965039,0.903094344849832,0.903100218032453,0.90316480778913,0.903215780176278,0.903292845166078,0.903338722747121,0.903434270222035,0.903488377146348,0.903542529633621,0.903577111341051,0.903663350943817,0.903703587389956,0.903727859957393,0.903754109093028,0.903813810634807,0.903847932270385,0.903881121447213,0.903917886705162,0.903952614288504,0.903987260756815,0.904006017675142,0.904035132699067,0.904069118066899,0.904098738062262,0.904126458956307,0.904161793253747,0.904202794076362,0.904229297163939,0.904253416052248,0.904271601257467,0.904297241478336,0.904323706238731,0.904341841703735,0.90436842515041,0.904387853237616,0.904402527308586,0.904415795189316,0.904435592290316,0.904447508502754,0.904465440593313,0.904480025439136,0.904499354683451,0.904516846848125,0.904526883320212,0.90454187258708,0.904554833767932,0.904566024684241,0.904577444035729,0.904596060205921,0.904611327949516,0.9046271045527,0.904646245219376,0.904661936093569,0.904675372291933,0.904684169372807,0.904697956652927,0.904710645971203,0.904720634090048,0.904735809920899,0.904748241819174,0.904767753656481,0.904776178414871,0.904785911135884,0.904799315841369,0.904814163955013,0.904826480355452,0.904838052762743,0.904845044571801,0.904851858699462,0.904861181226932,0.904933271236203,0.904942076595053,0.904948988740298,0.904953849379439,0.904962921478806,0.904970896825597,0.904977271599448,0.904983579780572,0.904990831501017,0.904996537350997,0.905006459327973,0.905009010595936,0.905014366285491,0.905019304882455,0.905021866409554,0.905026142825061,0.905034050268471,0.90504274339187,0.905046511815926,0.905057706488767,0.905064306887531,0.90506795245564,0.905074853181181,0.905081990281112,0.905087471476949,0.905094036889937,0.905097423471321,0.905103731439708,0.905109264693343,0.905115954375965,0.905121710370847,0.905128324026594,0.905135579123948,0.905138704612535,0.905142788675111,0.905146100100151,0.905149921799353,0.905157909858015,0.905162327932235,0.905165959989427,0.905169712852913,0.905173627903064,0.905179502043486,0.905185946604786,0.905192599468218,0.905197039535668,0.905200222289344,0.905203773629587,0.905205660564181,0.905209069238203,0.905212610948166,0.905214559121131,0.905219253670859,0.905223881384621,0.905226651149599,0.905230052863567,0.905232891604342,0.905237052084646,0.905241223791433,0.905243313325695,0.905245438293328,0.905250830365638,0.905779971733005,0.905784101563895,0.905787530149429,0.905791598844076,0.905794796443843,0.905800863937039,0.905803921684515,0.905807019691584,0.905809871422249,0.905811742480653,0.905817128340555,0.905821760939542,0.905826297673334,0.90582894420745,0.905832382454137,0.905833972275903,0.90583672340232,0.905838517882658,0.905842324136085,0.905843593162429,0.905847079734511,0.905849450013418,0.905851793040814,0.905854442064707,0.905934264438853,0.90593626054246,0.906042339573549,0.90604495236217,0.906049214913143,0.906050950091844,0.906052866624446,0.906054705997428,0.906057374245578,0.90605979340987,0.906061354416566,0.906063446969668,0.90606521777913,0.906066411258525,0.906067945869864,0.906071330274011,0.906073822187165,0.90607583727944,0.906077037753584,0.906079299917118,0.906081210735504,0.906083217041192,0.90608454337704,0.906086892163328,0.906088844558514,0.906090601963285,0.906092831489772,0.906094423938211,0.906097325931836,0.906099189020165,0.906101096955636,0.906102856711034,0.90610406868166,0.906105061294122,0.906108135687893,0.906109120714495,0.906110703254485,0.906112950360082,0.906114415604486,0.906115821784679,0.906116686424854,0.90611747754165,0.906119458277163,0.906121434951294,0.906123384995121,0.906125201780142,0.906126705078666,0.90612781613095,0.906263793044306,0.906265781835448,0.906266869279435,0.906268935633753,0.906270477139276,0.90627165533505,0.906272467924379,0.906274994780922,0.906277252809802,0.906278302012511,0.906279323950699,0.906280519441165,0.906281275488806,0.906283096514964,0.906283955270829,0.906285912648447,0.90628799426464,0.906288681108782,0.906290853994098,0.90629163691003,0.906292581778541,0.906294020078645,0.906294527735685,0.906296276932887,0.906297272140888,0.906297979086858,0.906298923604958,0.906299768603177,0.906300817006339,0.906301966480913,0.906303155797108,0.906304562789067,0.90630526077653,0.906307079650489,0.90630828130059,0.906309339641162,0.906309772893245,0.906311101077247,0.906311862097421,0.906313445059578,0.906314061997093,0.906314908610903,0.906315888980949,0.906316359476458,0.906317224747293,0.90631769628329,0.906319506172659,0.906320488315754,0.906322372432387,0.906323376883171,0.906324034817018,0.906324999495058,0.906325831692481,0.906327286301524,0.906328448382444,0.906328815463607,0.906329001447902,0.906329657627497,0.906330222160367,0.90633142218004,0.906332123852476,0.906332654758141,0.906333122979621,0.906333889164187,0.906334593526672,0.906335400168464,0.906335712970687,0.90633588905992,0.90633672873135,0.9063374488843,0.906337742242948,0.906338485578756,0.906339142649189,0.906339922885379,0.906340557433951,0.90634156232049,0.906342563342564,0.90634304805184,0.906343897253311,0.906344797490714,0.906345779716216,0.906347088768408,0.906348456455717,0.906348796809651,0.906349806813386,0.906350552174239,0.906352176272902,0.906352391257145,0.906353736805035,0.906355231048263,0.906356008499988,0.90635650827726,0.906357141045717,0.906358379945735,0.906359406808599,0.906360771329358,0.906361182232238,0.906362408159881,0.906363090481815,0.906363632249519,0.906364485230094,0.906366138728281,0.906367409301446,0.906368666019256,0.906368808564246,0.906369575770108,0.906371305659169,0.906371749507309,0.906372944876693,0.906373385014061,0.906374082960558,0.906374706417741,0.906375370117741,0.906376109787371,0.9063766223269,0.906377414726958,0.906377935825398,0.906378354968089,0.906378847842788,0.906379925975139,0.906630181782096,0.906630897195147,0.906805868510176,0.906806202139839,0.906806432936036,0.906807368246006,0.906808294743203,0.906808929915867,0.90680937821141,0.906810202942353,0.906810889519521,0.906811814400675
0.409166862007579,0.46042889765483,0.461602802611251,0.483892088204766,0.489483050286837,0.489483050286837,0.495804299949449,0.495804299949449,0.507118035499813,0.507118035499813,0.520119104704902,0.520119104704902,0.589801941333433,0.589801941333433,0.591133099480825,0.591133099480825,0.591562937847474,0.591562937847474,0.59258964421418,0.593203825794029,0.593228746012448,0.607297898686968,0.613076914575711,0.613076914575711,0.617669639110259,0.617669639110259,0.622109489944633,0.622109489944634,0.652343387533886,0.652343387533886,0.699545681380037,0.711559694517046,0.712210209692451,0.712210209692451,0.713820044900281,0.713820044900281,0.713922593304755,0.713922593304755,0.720556228469933,0.740204459294862,0.76058011410585,0.76058011410585,0.763321215266786,0.76379151372299,0.764552248168405,0.764552248168405,0.769649817913532,0.769658458477028,0.77802469472516,0.78205038453704,0.803392163935908,0.803580869907073,0.804225355617832,0.804960249546619,0.805278353158251,0.805322894998096,0.822857799446507,0.823296092987192,0.826368536793589,0.829681082173432,0.831553606283233,0.836022555578047,0.836086832029245,0.836209958849438,0.84193832591885,0.851232642387212,0.852018166183438,0.855401844606701,0.856212038192327,0.861530984820867,0.864295393973835,0.864342225857999,0.869879972309912,0.870019566517274,0.870635304811318,0.87081597799658,0.872014029858914,0.872155303193804,0.873379690228881,0.873596970783183,0.874562217742468,0.874657289606673,0.878522391280898,0.879092350540338,0.87953881190554,0.879940654913063,0.881002905376715,0.8811444060674,0.881732149866392,0.881998755046332,0.882492547729719,0.883310576067389,0.883763981772183,0.883939426369045,0.884497195162081,0.885712480014639,0.887536322745151,0.887625072493581,0.888083380468255,0.888525552515403,0.888967417589508,0.889151173801625,0.889336034913459,0.889690040556108,0.890037453214561,0.890264591051086,0.890784634444973,0.890866311675845,0.891392190870964,0.891700408506688,0.891773654890614,0.895051201774122,0.895518016292751,0.895572055583939,0.895616519624351,0.895980396590077,0.896224902562084,0.896265868699302,0.896365187661362,0.896382605792659,0.896718854635368,0.896763171787557,0.89685800189173,0.896866504147176,0.897496858779342,0.897527843737078,0.897691933938465,0.89774987372674,0.897947587154969,0.898023370558462,0.898175787606754,0.898204203871097,0.89845711708965,0.898481068148087,0.898641219220712,0.898698605716426,0.898877002465144,0.898911595681265,0.899020709123017,0.899040235484392,0.899115764178757,0.899167676230373,0.899289947761341,0.899346130539239,0.899448693006235,0.899469108907571,0.899583842795428,0.89959625908064,0.899692915886908,0.899713232596713,0.899816873849541,0.899852709711721,0.899928325064445,0.899943899179862,0.900019419449367,0.900071375992331,0.900118817876206,0.900143854409602,0.900221077247507,0.90024572106125,0.900298453891789,0.900322541227166,0.900371586785451,0.900396787000589,0.900439301740558,0.900461457774624,0.90087402685372,0.90090620880616,0.900938957701415,0.900972225800243,0.901015277190869,0.901032986771427,0.901049075340358,0.901071640583196,0.901097752213203,0.901113122618409,0.901131263411769,0.901148564788878,0.901172914802905,0.901188558630705,0.901211175023533,0.901226510246112,0.901242542805555,0.90125962300688,0.901282874632735,0.90131022974578,0.90132125618699,0.901340975843308,0.901367137380399,0.901385469400944,0.901394071220085,0.901410600069697,0.90144016676962,0.901452951171062,0.901487225023058,0.901500451855786,0.901511444510433,0.901529959353303,0.90154731877572,0.901568685293164,0.901591320587997,0.901602155397925,0.901619315383588,0.901634650084568,0.901654364070586,0.901664833732682,0.90167694262784,0.901691017738981,0.901707397037,0.901716343600877,0.901732471411535,0.901742875891596,0.901760951077678,0.901770212449429,0.901781518723231,0.901795561032128,0.901808848148185,0.901813295715318,0.901824508450141,0.901834072484808,0.901841426662573,0.901849225070198,0.901855337299006,0.901861688989928,0.901868765903608,0.901873621363334,0.901879946852764,0.901888429644988,0.901895671264608,0.901901742283161,0.901910263073839,0.901919355007763,0.901925579537124,0.901928705647076,0.901935052262627,0.901940786367708,0.901944730619719,0.901950335804835,0.901957543784874,0.901961106680926,0.90197065789375,0.901977295405362,0.901989489581337,0.901994960030925,0.90200100292916,0.902005892015691,0.902011810073393,0.902015000701548,0.902020871507028,0.902025754098088,0.902029146062383,0.902035318490005,0.902041310110608,0.902046874976014,0.902052080864292,0.902056630852941,0.902060441577738,0.902065539346324,0.902069967723916,0.90207631441037,0.902083807568674,0.90208565102387,0.902089412696515,0.902094719436827,0.902098709565075,0.902102030842542,0.902106159371712,0.902109991472154,0.902112427262591,0.902119174442875,0.902515635789729,0.902517599267134,0.902522015465365,0.902526457884853,0.902529372671976,0.902533011100035,0.9025359867802,0.902537985218498,0.90254321380613,0.902547135999184,0.902551906191831,0.902554425529081,0.902558596044425,0.902561855645112,0.902566087274287,0.902569553949929,0.902613623315099,0.902617432271591,0.90262238563331,0.902624426955451,0.902626887629641,0.902628880229054,0.902631279411499,0.902633117878948,0.902636153511422,0.90263903286948,0.902642466100459,0.902646144671158,0.902649416861436,0.902653153354043,0.902654216814462,0.902656305306485,0.902658936714921,0.902661241566713,0.902663885616203,0.902665017799844,0.902667274266872,0.902669486457921,0.90267119682086,0.902672948711887,0.902674519205174,0.902675618583187,0.902678121526118,0.902679807695708,0.902681711565944,0.902682936421594,0.902684097270899,0.902685845152261,0.902687862782301,0.902688320440815,0.902689304684916,0.902691048484844,0.902753563533904,0.902754632952768,0.902756154463216,0.902757791786198,0.902758276579084,0.902760339612971,0.902761586805013,0.902763364664646,0.902764447692052,0.902766627835549,0.902768340379119,0.902769598080739,0.902771077602356,0.902772259575005,0.902773614741186,0.902775067524444,0.902776405250354,0.902777139699958,0.902777979792011,0.902779951452731,0.902782298346872,0.902784512793041,0.902785853453606,0.902788546961848,0.902789439151736,0.902790612516416,0.902792219924566,0.902793104337944,0.902794607643751,0.902796925866251,0.90279813503745,0.902799610533443,0.90280082500048,0.902803329389325,0.902804816444885,0.902805675019679,0.902806062593164,0.902807224026135,0.902808084517714,0.902808965151232,0.902809328162518,0.902811504752718,0.902812012546029,0.902813527673702,0.902814643613718,0.902815773515966,0.902817124569389,0.902817734892113,0.902818495182191,0.902819295168753,0.902820623104787,0.902821274233939,0.902822213378176,0.902823491686658,0.902825496780733,0.902825641494583,0.902932108678118,0.902932720720152,0.902933474088458,0.90293449090666,0.902935113662455,0.902935725013522,0.902936493896301,0.902937530544721,0.902938423475774,0.902939170836071,0.902940096406165,0.902940452581063,0.902940777438876,0.902942250502918,0.902942740059623,0.902943589818426,0.902944416061244,0.902945535187486,0.902946759067149,0.902947896044963,0.902948801056989,0.902950010886494,0.902950096776064,0.902951235538231,0.90295199529879,0.902952872108668,0.902953085606226,0.902953689712999,0.902953850874041,0.902954695571964,0.902955791551805,0.902956545844508,0.902957639900727,0.902958760533034,0.902959516961185,0.902960926282612,0.902961355630585,0.90296190966233,0.90296250009667,0.902963210913329,0.902963578710483,0.902965033262414,0.902966252590336,0.902966894942223,0.902967592932061,0.902968075354619,0.902979732378039,0.902981028162744,0.902982332725537,0.902982592760168,0.90298290859288,0.90298313470318,0.902983675320351,0.902984150268037,0.902984600511881,0.902985249694463,0.902986253328038,0.902986592627374,0.902987472555949,0.902988345029722,0.902989555541749,0.902990353646112,0.902991119666862,0.90299238772644,0.902993083319645,0.902993857210457,0.902994597896437,0.902995315698375,0.902995541171951,0.902995760278591,0.902995947446628,0.902996559645573,0.902997141317341,0.902997596411574,0.902998682696365,0.902999185912788,0.902999414156628,0.903000184201517,0.903000583768524,0.903000705009469,0.903001189167988,0.903001895163476,0.903002688519806,0.90300288533341,0.903003387430779,0.903003877891933,0.903004489716706,0.903005119919994,0.903005613586037,0.903006573985885,0.903007627304461,0.90300825510077,0.903008965149357,0.903009473363555,0.90334386420982,0.903344179165861,0.903345832876681,0.903346856677105,0.903346970252844,0.903347587959641,0.903347973731452,0.903348456653548,0.903348872199314,0.903349749553736,0.903349947113295,0.903350579906333,0.903350703930782,0.903351294927945,0.903351616571154,0.903352074928102,0.903352387029801,0.903352934369818,0.903353352249612,0.90335430245088,0.903354754965226,0.903355407130009,0.903356043556104,0.903356351384674,0.903356961750998,0.903357366889601,0.90335776834763,0.903358086743621
0.495698541558159,0.496088073261644,0.496091223820781,0.527329884476432,0.528068726851407,0.528068726851407,0.531584270693429,0.531584270693429,0.543365187929781,0.54338558502114,0.543838751000458,0.543838751000458,0.545574520079795,0.565774725986008,0.568541402998378,0.56854487578294,0.614703054520403,0.614703054520403,0.614703054520403,0.614703054520403,0.623177166622641,0.623177166622641,0.623194388122646,0.661358938098,0.687356510013946,0.687356510013946,0.687482752437923,0.687540067985414,0.701947071925651,0.702024250090211,0.71023844348983,0.71023844348983,0.730520102872816,0.730579007754151,0.732398015775987,0.735010327493211,0.768075667182594,0.768092476231756,0.777047484876078,0.77709831941358,0.789455706053762,0.789488502109816,0.791261128621725,0.791686570328826,0.806604335056663,0.807619455359491,0.81807891646588,0.818715931153482,0.819216293227015,0.819704666736935,0.825369513782811,0.825721831933784,0.833196683651386,0.833340856015629,0.839735102868791,0.840052205178949,0.842120061326604,0.846634517585003,0.84801512572674,0.84812867097286,0.849662431615757,0.850082968213981,0.852519414892797,0.852938118767131,0.858621709451928,0.859936820425788,0.861067950567129,0.861393481321812,0.86304862670392,0.864116346352009,0.865093936168067,0.865202812066169,0.868173440918881,0.868422553398384,0.869675150786024,0.877762592149273,0.877914696734938,0.877975376867362,0.878792922956144,0.878807032685626,0.879274396886828,0.879447705638773,0.881575283763406,0.881796350685888,0.882464451623255,0.882644641389856,0.883377361478488,0.88381133312977,0.884422666710671,0.884650637845513,0.885115339665132,0.885326813242177,0.885963206789805,0.886057373086062,0.88641327629106,0.886679248220109,0.887245068522081,0.887333000408937,0.887804696268485,0.888043526752483,0.888638067658106,0.888769578862683,0.889050881472147,0.893710338663914,0.893981479699033,0.894373913183731,0.894795340141032,0.895064022089563,0.895347338600953,0.895376039769403,0.895486446206461,0.89555716269974,0.895748738484745,0.895793916812828,0.895999171550329,0.896036593911419,0.896290221856048,0.896327062479235,0.896512188001635,0.89653068152938,0.896737281731912,0.896773122104051,0.896996476010421,0.897030058563827,0.897237517611042,0.897244424315196,0.897379853320297,0.897461065019747,0.897593018571272,0.897620429715447,0.898692545786683,0.898745437859955,0.898891907688077,0.8989255958358,0.899019714819113,0.899037999061769,0.899170628314555,0.899216544998186,0.899334066860344,0.899382773487005,0.899494132708609,0.899553866402872,0.899651809426715,0.899698305229812,0.899769122470685,0.899854112579853,0.900455102894861,0.900485528455198,0.900561430344968,0.900604932698255,0.900697128166486,0.900737911112888,0.900798129433376,0.900840459399577,0.900904510441743,0.90096821468415,0.901001030821558,0.901045671909947,0.901075407731778,0.90113681515204,0.901170882543649,0.901191612993877,0.901242281139674,0.901270381471057,0.901299950640106,0.901327543324907,0.90136813517838,0.901414877329668,0.90144357040719,0.901470613922438,0.901487012848272,0.901497239120825,0.9015311863843,0.901552972548038,0.901596785229657,0.901623847743667,0.901652974950613,0.901676423851168,0.901705777619645,0.901725725204905,0.901742449383795,0.901755356915938,0.90176730298431,0.901792252074243,0.90182033546288,0.901840260478479,0.901852318685827,0.901861510489679,0.901884043329086,0.901896012431855,0.901915388178189,0.901932841535411,0.901958340676928,0.901973007887348,0.901996986815688,0.902005554230527,0.902021322157529,0.902036876537398,0.902058278057145,0.902076977404984,0.902086746451005,0.902103374485326,0.902118763144145,0.902130293736379,0.902319568708103,0.902333346917975,0.902351666213702,0.902368577031221,0.902381993615474,0.902390278220937,0.902399843989109,0.90241974946823,0.902430113876468,0.902444089914685,0.902458780624953,0.902470155134406,0.902477014678379,0.902483104456362,0.902494975036374,0.902499512523532,0.902513284930209,0.902523789475087,0.902537953812795,0.902547007037638,0.902557253084864,0.902565845125391,0.902632482375315,0.90264060683728,0.902649542182826,0.902656037596216,0.902669149691247,0.902676726178957,0.902686349957676,0.902691536137837,0.902701478466838,0.902712724405259,0.902716417076367,0.902722984386303,0.902731758458244,0.90273551302471,0.902750962795325,0.902756930205792,0.902762394941428,0.902770852694234,0.90277955056598,0.902783553883493,0.902797148495621,0.902799954915952,0.902807684855286,0.902811320926552,0.902817292262697,0.902822317611912,0.902829889335746,0.902834238577865,0.902840139490018,0.902842734761435,0.902849379307771,0.902854992461119,0.903497104311358,0.903501868362353,0.903504731144022,0.903512650925653,0.903517226165312,0.903521576580793,0.903526241007832,0.903529571126078,0.903536830732718,0.903540074839789,0.903544511899107,0.903549116302466,0.903552335230633,0.903555439161353,0.903559414810211,0.903564004228338,0.903566388132999,0.90357061691888,0.90357501148722,0.903580208049661,0.903587186458566,0.903592358920879,0.903598261876011,0.903601170590894,0.903604514524619,0.903606633741692,0.903612315950214,0.903614769246526,0.903618851899496,0.903620304496498,0.903806081296681,0.903809378845927,0.903811161770592,0.903815828041874,0.903821450957733,0.903824336158103,0.90382746847867,0.903830021298769,0.903833245530559,0.903836885434429,0.903841246932041,0.903844125180553,0.903845047222504,0.903846417634634,0.903849259213609,0.903850521821498,0.903852620141523,0.903854512616271,0.903858959788461,0.903862147344659,0.90386386201596,0.903866437755022,0.90386741888236,0.903870906193116,0.903874075104947,0.903876298596244,0.903877639752071,0.903880683574438,0.90388284303086,0.903884086841447,0.903886435439233,0.903889094971313,0.903892345474676,0.903893356334519,0.903895041517843,0.903896886822861,0.903898060811257,0.90389960645922,0.903901778499862,0.903905768399846,0.903907535784194,0.903911739959892,0.903914361666094,0.903915761271119,0.903917582022638,0.903919282511364,0.903920391548279,0.903922148831301,0.903924362663979,0.903927828848853,0.903929164480452,0.903930247336735,0.903932604158095,0.903934092190916,0.903934712493122,0.903936710300635,0.903938714135063,0.903941004830381,0.903941808559629,0.903943521122789,0.904016112255377,0.904018798951077,0.904019782896445,0.904023436378585,0.904025270267723,0.904026484835877,0.904050403869641,0.9040518569366,0.904052170175001,0.904053447638913,0.904055855890685,0.90405779549102,0.9040592305171,0.90405993099722,0.904062058528628,0.904063282502665,0.904064434758846,0.904065323018602,0.904066206867399,0.904067597762597,0.904286927579166,0.904288076917054,0.904289671469907,0.904291312973718,0.904292417564856,0.904295679696094,0.904297423679377,0.904298620247496,0.904300253145197,0.904301268370587,0.904304712699333,0.904306454965876,0.904307633025237,0.904309346423648,0.904310950175926,0.904312461569662,0.904313860103672,0.904316425193955,0.904317078859722,0.904318330048857,0.90431992302872,0.904322709569481,0.904324840210256,0.904326632307767,0.904328103153236,0.904329925843286,0.904332326394944,0.904332678782941,0.90433408148652,0.904335440746576,0.904336608444381,0.904337890583363,0.904339575638446,0.904340422326965,0.90434164784319,0.904342590120056,0.904344652288104,0.904347325154629,0.904349229779411,0.904350926952355,0.904352176567591,0.904353738649411,0.904355195136915,0.904357153024115,0.90435898954228,0.904360800726172,0.904362437423673,0.904364476780194,0.904366265034691,0.904367316949704,0.90436926752479,0.904370204566982,0.904370873016392,0.904372500918088,0.904374397014389,0.904375560585241,0.904376909898589,0.904377889134333,0.9043790749609,0.904380460428842,0.904436279585876,0.904437405431952,0.904438612796565,0.904440113695738,0.904448545131938,0.904450504840058,0.90445169728539,0.904452923627484,0.904454960212493,0.904455642526033,0.90445665582465,0.904457395983361,0.904458909713281,0.90446120793007,0.90446385662316,0.904465349367331,0.904467187325884,0.904468773818316,0.904469961273899,0.904470523609081,0.90447149230563,0.904472745763308,0.904473892006692,0.904474612430086,0.904475283376405,0.90447714902916,0.904478203093324,0.904479474239869,0.904480021285122,0.90448090185883,0.904482066746507,0.904482701453317,0.904483799963396,0.904484619537814,0.904484926948909,0.904485799570352,0.904487187027275,0.904487945952365,0.904488493566212,0.904489792179269,0.904490532069291,0.90449123826134,0.904492772955358,0.904493692814803,0.90449429761235,0.904494846345966,0.904495914621401,0.904496704974205,0.904497794168167,0.904498783128719,0.904499551356385,0.904500201599116,0.90450130394131,0.904502185631854,0.904502779358681,0.904503563321303,0.904504042033207,0.904504710378519,0.904505350911793,0.904506573075931,0.904507227469268,0.904508357324264,0.90450924982636,0.904509966328929,0.904510882780099,0.904511745668747,0.904512353913055,0.904512410331347,0.904512796288459,0.904513288866139,0.904513638691382,0.904514690855945
0.409752680478335,0.410649110859584,0.429416661970918,0.430686395099616,0.454049353540507,0.454126637450073,0.47536362297246,0.496946310309156,0.496946310309156,0.496946310309156,0.511255631247365,0.511255631247365,0.531659972858261,0.531659972858261,0.592022045041875,0.610051753498226,0.612016506656048,0.618401680853428,0.703389082504493,0.703389082504493,0.703389082504493,0.705133188760115,0.719985377463651,0.719985377463651,0.720958303389618,0.720958303389618,0.720958303389619,0.730340293124809,0.733506950660284,0.733506950660284,0.733550867059516,0.733550867059516,0.737683354076299,0.737683354076299,0.737683354076299,0.737683354076299,0.787670977412323,0.787777729256088,0.788348151240272,0.788348151240272,0.788656128236295,0.788656128236295,0.790651608727717,0.799258604616829,0.817594613992364,0.817594613992364,0.817672732330672,0.818526985366896,0.823974399828716,0.824455751957961,0.8329052750109,0.833498349237051,0.851029401691644,0.851320621780345,0.86445833309509,0.864581275653334,0.876258998215679,0.876336235530943,0.877303386651853,0.877303386651852,0.878895359591946,0.878978410927543,0.88141277033053,0.881574898883645,0.889968335104997,0.891371719148277,0.892020352943292,0.892058650574703,0.893345745862181,0.893378855452989,0.894393225102333,0.894820037624686,0.895325500297587,0.895507274865203,0.895940054406129,0.89630331719145,0.897746919654493,0.900042855170635,0.901230541455421,0.90169776028799,0.902203329216034,0.902767919081092,0.903247402489243,0.903324775017643,0.906665265289258,0.906903533892557,0.907726165671606,0.907929663572317,0.908309077449447,0.908356366918862,0.908494386616935,0.909290180316027,0.909745539671972,0.909829385638839,0.90990903207048,0.910154006262968,0.910327850332636,0.910435866779289,0.910607628480058,0.910726724619564,0.910939840948158,0.911073935746773,0.912844065918392,0.913074103758195,0.913130134155605,0.913301300707128,0.913445215222632,0.91352479440312,0.913559264230626,0.913646289773862,0.913674723891665,0.913831476450931,0.91400872687805,0.914094136438604,0.914123726386663,0.914227760018122,0.914386271579266,0.914394098064809,0.914472007060004,0.914485959993976,0.9146100207585,0.91534530994726,0.915480280097329,0.915494818174118,0.915624021511594,0.915639343191803,0.915718100973433,0.915746022387469,0.915854938867077,0.915863312458967,0.915959200836336,0.91598597676072,0.916105136495892,0.91615553014788,0.916231587115008,0.916261374433405,0.916399255698213,0.916408827171493,0.916451820894444,0.916481073557144,0.916520665334259,0.916555546360986,0.916601330460713,0.916633424087148,0.916696927738497,0.916714477979445,0.916758185904301,0.916787324324631,0.916832779769124,0.916881209818365,0.916924213907077,0.916961688016901,0.917067280992812,0.917089697715753,0.917142282038198,0.917161045954992,0.917179712242385,0.917199222270071,0.917243057920347,0.917263315420427,0.917303379753659,0.917318677343933,0.917371616701733,0.917385341353292,0.920594204543189,0.92061045134722,0.92063912638225,0.920654549617801,0.920675735932446,0.920687824315883,0.920708934245343,0.920738781713659,0.920762813642912,0.920781024038922,0.920800101174219,0.920822038383868,0.920846165229558,0.920862598966607,0.920874841070857,0.920897984321476,0.920908617995977,0.920923339139135,0.920932618605932,0.920948981033577,0.920973709507702,0.92098875208636,0.920996298842065,0.921004289924036,0.921013065225652,0.921028347656645,0.92104711497676,0.921059888647872,0.921072769786081,0.921081300386367,0.921091200360675,0.92109713760346,0.921105528649896,0.921116811356636,0.921123698627422,0.921133292677673,0.921141831573246,0.921147096236256,0.921154461963072,0.921164152500697,0.921170271412979,0.921173823110768,0.921178084121517,0.921184477762482,0.921193385354005,0.921199641082741,0.921211953825264,0.921218321118266,0.921222868075367,0.921235563059929,0.921245726367688,0.921254579079331,0.921264032860283,0.92127085874788,0.921277860479194,0.921286730469798,0.921294876170711,0.921300436570928,0.921306348108632,0.92131029231357,0.921318032326616,0.921322952322916,0.921336941681849,0.921343274915806,0.92136736893415,0.921373945033998,0.921379138175782,0.921387562258923,0.921390761126725,0.921393806470508,0.921536913052186,0.921542936497919,0.921549882087851,0.921558018081148,0.921562707942884,0.921566876042021,0.921570318299505,0.921574386675786,0.92158047217608,0.921586870805247,0.921596850483588,0.921601928080898,0.921605789611522,0.921614730444075,0.921618245162975,0.921622200424543,0.921628851873812,0.921632270828954,0.921637250456591,0.921642915485424,0.921644326573045,0.921650183580355,0.921652852527121,0.921657391883391,0.921662023787702,0.921666434666527,0.921669450881279,0.921673415652021,0.921676058456552,0.921679949443932,0.921685536970655,0.921689238531535,0.92176036519155,0.921766694845839,0.921770918916003,0.921773550089938,0.921777303421856,0.92177992350042,0.921783318849993,0.921786249755715,0.921789958869078,0.921793590979559,0.921796142594598,0.921800630742274,0.921804419976722,0.921807972538019,0.921812345735148,0.921815999600302,0.921821132375399,0.921823058645767,0.921826951970354,0.921829478430852,0.921832091424502,0.921834445968394,0.92183733702413,0.921843174965477,0.921844987901069,0.921849617243876,0.921860999573893,0.921862447811181,0.921864232652524,0.921867246150582,0.921874152603629,0.921877501436945,0.921879193932895,0.921881556293304,0.921885592337473,0.921888142669265,0.921890876675106,0.921893236516604,0.921895394586644,0.921899176529237,0.92190147898298,0.921904173524144,0.921906198680817,0.921907292207952,0.921910621724528,0.921913531928165,0.92191776618842,0.921920856679741,0.921924552480933,0.921927901492485,0.921928492194263,0.921931846039498,0.921933382082214,0.921934846901402,0.921936555940215,0.921938931630177,0.921942884503477,0.921944245971387,0.921947769525704,0.921948242389587,0.921950143838787,0.921951589434227,0.921952979311532,0.921955327785602,0.921957824393281,0.921959380912628,0.921961521828509,0.921964148527942,0.921967137482277,0.921970127935665,0.921972226552438,0.921973434042236,0.921976136029235,0.921977172885866,0.921979673085356,0.921981283962795,0.921982982054575,0.921987316783959,0.921988619311288,0.921991267473287,0.921993780578281,0.92199438405851,0.922005072414398,0.922009076581288,0.922011667224677,0.922013300066598,0.922014922620959,0.922016287758167,0.922017793704745,0.922019306741986,0.922020687505127,0.922021870532167,0.922023569089087,0.922023906550165,0.922025869154125,0.922027453956509,0.922029079920744,0.92202965485392,0.922031117537201,0.922032283231808,0.922033527091257,0.922034708340569,0.922035594933816,0.922036949108709,0.922037597175344,0.9220395611315,0.922040702338056,0.922042499369019,0.922043713526004,0.922044079188743,0.922044768472987,0.922046387410708,0.922047675678543,0.922049157631989,0.922050333227295,0.922052251824544,0.922053630751416,0.922055271985271,0.922056776666786,0.922058583717355,0.922059243782695,0.922060928330582,0.922062174605381,0.922063881264083,0.922064693581436,0.922066068484853,0.922066563279142,0.922068170460736,0.922070032920888,0.922071434486382,0.92207291767638,0.922073607605521,0.922074855556675,0.922076645578965,0.922077846629562,0.922078947831754,0.922080246623385,0.922081286484653,0.922082746116713,0.922084632824863,0.922085235438545,0.922086904221695,0.922087728660463,0.922088017949828,0.922089846657707,0.922090462877331,0.92209200948551,0.922093440708658,0.92209487233106,0.922095520728253,0.922096766847077,0.922097246657024,0.92209841272504,0.922099228459914,0.922100806791251,0.922101527462698,0.922102345085461,0.922103043878854,0.922103854275367,0.922105110558567,0.92210677141892,0.922107686611022,0.922109008249754,0.922109649052617,0.922110308065664,0.922111389921875,0.922113071467188,0.922113750222719,0.922114171352959,0.922114765401868,0.922115482841875,0.922116605141909,0.92211688736932,0.92211736177686,0.922118368192684,0.922119432654333,0.922120727344296,0.922121366979473,0.922122032815699,0.922122975239457,0.92212358946659,0.922124196531619,0.922124701702872,0.922125679944033,0.922126579152618,0.922126885918676,0.922127451582713,0.922127974051588,0.922128588615335,0.922128933838223,0.922129325958474,0.922130156485344,0.922131343553354,0.92213152746837,0.922132520038392,0.922133176662321,0.922134370548812,0.922134810329141,0.92213566315771,0.922136228829345,0.922136955397807,0.92213737847997,0.922138304696981,0.922138759250795,0.922138921769156,0.922139459575583,0.92214030990248,0.922140621973777,0.922141348977142,0.922142139730755,0.922143776782968,0.922144458214128,0.922144998846889,0.922145845175062,0.922146410661025,0.92214691727616,0.922148318873483,0.922149249088912,0.922149581422047,0.922150235091322,0.922151198798723,0.922151937134607,0.922153050226948,0.922153506562765,0.922153980389364,0.9221550269934,0.922155605906559,0.922156013830644,0.922156370223973,0.922157269976718,0.9221580584795,0.922158750877707,0.922158969809756,0.922159599354845
0.388667820975558,0.429987493282448,0.432042521178132,0.450789399783536,0.452252478511289,0.454402926080302,0.504795872638195,0.504795872638195,0.569881691534088,0.569881691534088,0.569893371041357,0.578386569052768,0.579273002094313,0.581554446401053,0.581977586991123,0.581977586991123,0.581977586991123,0.582167774393991,0.582167774393991,0.58216783983686,0.646958770177375,0.646958770177375,0.658238148344027,0.659015735059257,0.659857256651907,0.661054080290536,0.670046378690057,0.67023432994102,0.716958672821637,0.716970649745842,0.721607319874116,0.721607319874116,0.731868244157356,0.731868244157356,0.745877386736609,0.749659309867035,0.757305479868211,0.757305479868211,0.797299155050887,0.797299155050887,0.798390373642904,0.799211672690892,0.800551874145064,0.800551874145064,0.801644178750923,0.809626255240158,0.829460298908974,0.830015750004241,0.832595419219036,0.832595419219035,0.833872497105312,0.833872497105312,0.835668110810837,0.835708973507508,0.836344729070148,0.836452824434135,0.837309062228571,0.837469844808447,0.853624147971508,0.855126429199321,0.855646850632452,0.856854065861785,0.857720501478237,0.858025300393359,0.860167381301003,0.860265526070293,0.861558842383722,0.861781894668343,0.864383997925914,0.870029027227214,0.871096195593387,0.87130994838457,0.872682537693333,0.872933271931468,0.873931052387024,0.874674704073878,0.875382769079678,0.875444970882828,0.876089270238683,0.877181710591079,0.882099385155595,0.882819982497423,0.883120138164657,0.883167797374422,0.885328601589361,0.88586836532299,0.886507069651456,0.886990853672296,0.887757142448213,0.888110678224992,0.888587513964489,0.888878397719626,0.888988668305965,0.889396221322552,0.889562224926865,0.889755106764018,0.890065214764981,0.890449038423656,0.890560392867646,0.890810553639109,0.89111101043738,0.891284138256142,0.891655020465296,0.892251969185002,0.892395595509248,0.892480424692523,0.892571810756269,0.892712969394553,0.893247222508172,0.8935103081221,0.893816989664886,0.893858655878665,0.894432961699339,0.894468505348407,0.894654230596057,0.89466488422932,0.894869573795678,0.894917222068891,0.896471727167858,0.896528971385662,0.896863436633811,0.896876932875989,0.896971062633204,0.897009240153501,0.897201448491522,0.897221252090486,0.89742816998096,0.897452563230183,0.897552062116122,0.897643825064573,0.897749884459035,0.897800842587898,0.897923929922159,0.89797031932658,0.898145205629967,0.898191024983142,0.898306166223087,0.898599271116957,0.898742987439092,0.898785908407977,0.898910977611393,0.898940415792386,0.899036188514289,0.899077398465864,0.899144289960072,0.899191470621673,0.90015618097344,0.900186316885032,0.900286935621179,0.900326366315435,0.900428214220113,0.900456382003897,0.900527349736354,0.900569291965368,0.900643193673793,0.900653605147617,0.900705120864138,0.90074502285691,0.90081806132933,0.900848573480531,0.900900162501837,0.90093877722111,0.900972877374133,0.901575270103692,0.901641616814848,0.90168073991183,0.90173694674593,0.901757305205787,0.901780856789127,0.901809874738359,0.901846704334854,0.901889607653448,0.90193479868784,0.901953829626299,0.901996463138157,0.902017394928679,0.902049131272225,0.90208360657963,0.902108721261206,0.902128986124993,0.902159367989828,0.902185783298038,0.902217194110594,0.902238309427838,0.902260692240793,0.902276902377226,0.902315280882975,0.902332642433051,0.902356367725197,0.902367562501073,0.902386718155192,0.902405886207834,0.902419193434081,0.902439941368671,0.902452235352537,0.902462967969561,0.902480028616742,0.902497494526447,0.902511913838829,0.90251955352363,0.902544067640719,0.902556316785493,0.902573165951135,0.902591559080714,0.902611046321082,0.902621071975761,0.902636731059942,0.902649420118894,0.902663351598494,0.902674363464552,0.902692141265845,0.90271759896453,0.902731879633339,0.902743096139886,0.90275721042189,0.902770653376416,0.902779580165592,0.902795191195973,0.902806342923011,0.902816695025113,0.902824476946877,0.902829157168451,0.902836997535615,0.902847798768516,0.902858641881148,0.902867637783194,0.902885011442978,0.902892016132917,0.902904561412215,0.902910620491728,0.902918019290138,0.902933564065299,0.902950253248802,0.902955101369939,0.902964461333651,0.90297132457205,0.90298063157113,0.902986235674139,0.90299185793479,0.90299477176481,0.903003916075142,0.903011744998644,0.903019705975724,0.903026959670701,0.90303563083756,0.90303992309472,0.903044467098614,0.903050046007745,0.903055892294783,0.903060135723393,0.903065609552634,0.903070897995355,0.903077895539148,0.903081602590251,0.903085352761927,0.903090448582886,0.903098371808406,0.903101187982239,0.903105954404713,0.903112278682034,0.903120144344369,0.903125734231573,0.903130474774045,0.903134162063953,0.903138165881981,0.903141595611196,0.903146567471869,0.90315185716069,0.903156027846851,0.903158822971865,0.903164357107642,0.903165812557648,0.903168921858979,0.903172512226222,0.903175682909448,0.903178790625799,0.903182775097904,0.903184451605146,0.903191497393914,0.903194047686751,0.90319888355094,0.903202235040984,0.903206089344825,0.903210254765474,0.903214302371591,0.903217552303586,0.903220720279487,0.903225375783561,0.903228932238484,0.903232267730506,0.903235517390209,0.903240932267534,0.903243634678205,0.903247373601189,0.903249691430902,0.90325209499031,0.903254391639757,0.903257508531964,0.903262546751867,0.903265936249379,0.903270327695299,0.903274315112277,0.903276757306966,0.903280262236813,0.903283149667859,0.903285333226726,0.903289813894761,0.903291956726282,0.903294408066738,0.903297734804197,0.903299421190138,0.903302521274875,0.903304673723385,0.90330755173219,0.903310386969312,0.903313349745201,0.903316656139186,0.903318599914723,0.903321561168672,0.903323502104156,0.903325091897816,0.903326596345967,0.903328822425254,0.903329747737891,0.903333812366589,0.903336301272768,0.903338489314219,0.903339734910765,0.903343701295588,0.903345887122368,0.903347553494302,0.903349377518345,0.903352114524399,0.903353455975855,0.903355784977943,0.903358101639242,0.903360072294317,0.903361624741776,0.903363151201165,0.90336421370124,0.903365969781261,0.903368179697619,0.903369195465582,0.903370481190655,0.903372148522179,0.903373927453697,0.903375465467216,0.90337760897736,0.903379089936699,0.903380976883247,0.903382109632838,0.903384375406155,0.903385010801844,0.903386286245683,0.903387178606797,0.903389965379568,0.903391403011506,0.903391881568834,0.903393196619301,0.90339467824967,0.903397043576444,0.903400990431638,0.903402673808189,0.903403365631381,0.903404328973284,0.903405754944912,0.903407066514864,0.903409409657627,0.903409966569988,0.90341159977046,0.903412498386577,0.903413788445824,0.903414874103023,0.90341680412679,0.903417909502695,0.903419313390855,0.903420325730205,0.903421392558474,0.903421862260745,0.903422969890749,0.903424224849986,0.903424757159151,0.903432528239627,0.903433764031164,0.903435320942295,0.903436365234652,0.903437502304395,0.903439094849767,0.903440176273557,0.903441060553436,0.904096660845433,0.904097894675973,0.904098651888923,0.904099315110796,0.90410037133658,0.904102014091148,0.904103569143896,0.904104125595513,0.904105080010312,0.904105872849915,0.904106780585768,0.904108019818996,0.904109029626512,0.904110441193796,0.904185474387332,0.904187069976272,0.904188224438721,0.904189034287338,0.904251724857052,0.904252833603064,0.904253785784799,0.904254545700751,0.904255109522827,0.904256014717352,0.904257095177077,0.904257585191752,0.904258727951574,0.904259100357065,0.904259288141281,0.904259859650781,0.904359392857294,0.904359967690873,0.904360536341636,0.904361187338322,0.904362337116883,0.904362644299094,0.904363847289468,0.904364692683833,0.904365991399602,0.904367192895135,0.904367589233912,0.904369128362996,0.904369796009371,0.904371443727484,0.904372088359579,0.904372366644387,0.904372620157952,0.90437384592212,0.904375320410917,0.904376676435173,0.904377634902036,0.904378215950224,0.904378906674309,0.904379850478765,0.90438041735144,0.904381420073895,0.904381996774288,0.904382284221178,0.904382672010795,0.904383306425917,0.904383502118598,0.904384249566312,0.904384959817546,0.904385078409714,0.904385978532651,0.904386626945596,0.904388951986552,0.90438952234515,0.904390278479694,0.904391633987089,0.904392051777706,0.904392234032546,0.904392752635612,0.904393383926899,0.904393917030464,0.904394053287093,0.904394733266813,0.90439499053548,0.904396167344071,0.904396951133307,0.904397543638741,0.904397873623205,0.904398217112064,0.904398683304103,0.904399016769222,0.904399828873299,0.904400604055814,0.904401333152314,0.904402263541842,0.904402761056716,0.904402891110236,0.904404166185865,0.904404692263299,0.904405294286886,0.904406041226439,0.904406577693944,0.904406732492481,0.904407548673597,0.90440779877365,0.904408583628653,0.904467556109293,0.904468273567299,0.904468686715165,0.904469472688678,0.904470000175742,0.904470620740428,0.904470987550491,0.904471608059703,0.904472015390653,0.904472276477892
0.390144394138958,0.40577110703234,0.414269993010448,0.419795179339518,0.509228628858097,0.509228628858097,0.516747747167792,0.516747747167793,0.522883654503216,0.522883654503216,0.597817689009317,0.597817689009317,0.598191496216743,0.599406159483806,0.608138157049138,0.608533599596098,0.654487662924207,0.654487662924207,0.654487662924207,0.654487662924207,0.654487662924207,0.655749038201493,0.655749038201493,0.655749038201493,0.655749038201494,0.655749038201493,0.668433625551447,0.682882517723807,0.694682680440969,0.694682680440969,0.694830984960087,0.694830984960087,0.694830984960087,0.694830984960087,0.759978990132081,0.75997899013208,0.75997899013208,0.75997899013208,0.800779173717987,0.800779173717988,0.800779173717987,0.800779173717988,0.800779173717988,0.800779173717988,0.800787561245396,0.800787561245396,0.800787561245396,0.800815774604475,0.801282666255727,0.801282666255728,0.801282666255728,0.803401599839194,0.804126010420712,0.824786287399038,0.838160804340721,0.838160804340721,0.842862013046925,0.842862013046925,0.843001265962507,0.843001265962507,0.844646355227341,0.8446566219651,0.84687836554825,0.847009807077971,0.848412376183855,0.853459487076832,0.870786177085042,0.870928776739149,0.871217889474431,0.877913771511476,0.880765671546701,0.880906346137837,0.881507078705177,0.882323256693539,0.883534745569288,0.886712414250198,0.887674032749688,0.887720304185758,0.888052784409214,0.888096081943652,0.888370734766886,0.888377823582189,0.888466164593477,0.8884704178711,0.894106330701894,0.894445541057029,0.895062698371094,0.895109802268483,0.895576913520819,0.895723943391996,0.895942079384421,0.896125165006079,0.89683995620534,0.896905509344892,0.897108343220364,0.897242030822225,0.898373118534423,0.898416011614103,0.898863188076766,0.898893025224362,0.902964495715319,0.903079590464871,0.903256092631162,0.903538257031031,0.903902532298672,0.904019982915739,0.904142295044744,0.904242006357255,0.904355865744796,0.90439368514702,0.904588100459814,0.904631431220227,0.904730785239215,0.904809808156306,0.904868904466754,0.904950256641001,0.904990273720598,0.905246747233164,0.905342201338312,0.905367577532511,0.905506292071784,0.905521819435947,0.905721143451403,0.905811465799387,0.905901874805188,0.906024552728823,0.90609161468025,0.906127568281011,0.906163699371965,0.906315105851445,0.906330854428018,0.907556092605208,0.907636984354418,0.908477185203069,0.908524675000653,0.908622695938048,0.908782323321184,0.908794655653464,0.908905234709764,0.908907001243772,0.908940177031529,0.908944215706887,0.909115370369615,0.909127277701059,0.909148360178945,0.909149557376224,0.909236479207643,0.909239695341018,0.909364486642898,0.909368030699252,0.909424948508598,0.90944725985935,0.909486361335265,0.909494624795416,0.909625774006699,0.909629640019943,0.909680448511417,0.909685012475795,0.90975821683468,0.909766673536181,0.909858632627593,0.909865433378009,0.909945414146717,0.909952628887496,0.909972411506006,0.910007542160326,0.910041648197706,0.910048298052124,0.910106987250734,0.910111336676672,0.910156391110718,0.910173679995921,0.910224352703442,0.910236530035011,0.910270803183346,0.910280445857124,0.910301929474971,0.910310610939785,0.910345844360518,0.910358813722298,0.910400371312363,0.910417064631492,0.910451481731128,0.910480933996885,0.910507163595101,0.910514269210289,0.910555360143805,0.910576152254326,0.910589865916263,0.910620800586453,0.910663450242541,0.910690930235316,0.910732357332416,0.910743441738381,0.910787178993333,0.910802816673497,0.91082634404141,0.910838414105199,0.9108630239111,0.910874567827868,0.910892206571095,0.910906230503105,0.910928780441438,0.910937315295473,0.910952859927652,0.910961414076613,0.910980458198719,0.910991557292448,0.911005743427355,0.911015531715922,0.911021313163384,0.91103041823148,0.9110464573479,0.911064262420006,0.911074358860242,0.911086015223796,0.911103826176135,0.911115994824657,0.911130302933167,0.911146262877907,0.911167808950862,0.91118171447434,0.911199724591634,0.911213741228593,0.911222295390957,0.91123118866425,0.911239632400757,0.911248059703696,0.911261212245993,0.911271200693506,0.911275676734796,0.911287155392366,0.911297392325919,0.911307383408974,0.911312722760549,0.911327010783963,0.911335460221969,0.911341134267242,0.91134863877958,0.911353929419439,0.911360923339955,0.91136892189935,0.911383838606404,0.91139183453681,0.911405114349154,0.911414377334963,0.911419392675927,0.911421595379622,0.911430005914754,0.911436054022996,0.911442550662806,0.911451064691166,0.911457073628249,0.91146220374057,0.91146611554963,0.911470312782052,0.911476727710776,0.911479300723457,0.911481740423603,0.911483453169238,0.911488492164803,0.911492181819651,0.911495683458276,0.911499410957493,0.911501541818263,0.911505266672843,0.911506460863819,0.911511835187105,0.911514435130661,0.911516572223512,0.911520080373525,0.911523381733724,0.911526384199542,0.911531710120088,0.911679057328778,0.911681889176075,0.911684712993747,0.911689022583339,0.911690824886352,0.911694756370214,0.911696550859951,0.911703263175646,0.911707002942377,0.911709810090791,0.911711638023779,0.911712373077482,0.911715216852015,0.911717339929472,0.911720277480487,0.911721737654743,0.911723521406988,0.911724626168657,0.911726317398063,0.911728898383174,0.911731252467578,0.911734098337428,0.911735058777429,0.911737281380214,0.91173998881931,0.911743763202707,0.911746503464957,0.911748051506204,0.911750294814896,0.911751048393332,0.911752908970857,0.911753865704979,0.911756349069517,0.911758768308177,0.911761926815083,0.911763633181477,0.911766754460874,0.911769956481864,0.911772214980983,0.911774251804574,0.911776330858316,0.911778618975148,0.91178019876718,0.911781380102457,0.911783774885723,0.911785017929568,0.911785766279231,0.911787885444165,0.911873047093066,0.911874783035981,0.911875746992645,0.911876674430037,0.911878355023785,0.911880100168317,0.911882311816346,0.911884678387238,0.911885061143089,0.91188568588076,0.911887872087559,0.911889196049306,0.911890331639972,0.911891869630978,0.911892514087039,0.911894098007589,0.911896004579691,0.911897875904253,0.911899465374311,0.911903100468768,0.911904284602657,0.911905291874193,0.911906819711028,0.911907543812635,0.911909141825766,0.91191096745291,0.9119120689595,0.91191270850003,0.911915074676393,0.911916093458863,0.91191765825809,0.91192001937699,0.911921160703577,0.911923023492302,0.911925496528952,0.911927662423806,0.911928752949239,0.911930410708166,0.911931677469254,0.911933431943588,0.911934820784489,0.911935414981901,0.91193706351276,0.911939976490666,0.911941642077629,0.911943449883687,0.911944263337767,0.911945090707421,0.911947146894904,0.911947859670248,0.911950305645227,0.911950600561331,0.911952209461214,0.911953715240076,0.911955766002662,0.911955918706842,0.911956996014248,0.911957650689701,0.911958355447551,0.91196027957906,0.911961170561094,0.911963335527824,0.911964378935359,0.911965071738993,0.911965690072761,0.911966442299025,0.911968311874174,0.911969434056882,0.911970625293124,0.911971236877082,0.911973150419639,0.911973937094782,0.911975217996393,0.911976621841279,0.911977563267643,0.911978326698251,0.911979189991213,0.911980189325621,0.911981623774446,0.911982680598346,0.911983206123787,0.911983766828433,0.91198438458885,0.911985098402131,0.911986334998016,0.911987040991695,0.91198765610266,0.911988929688448,0.911989435996672,0.911990391481079,0.911992069181936,0.911992428909792,0.911993349080448,0.911994209029369,0.911994896904329,0.911996077629786,0.911997238136587,0.911997884140202,0.911999097109301,0.911999515260694,0.912000177683468,0.912001280312573,0.912001851857407,0.912002682923933,0.912003815328585,0.912004191959472,0.912005072897507,0.912005621355051,0.912006571115385,0.912007199848248,0.912007537001486,0.912008523333379,0.912009315090029,0.912010071600254,0.912011489754584,0.912012436424985,0.912013295566222,0.91201429043389,0.912014979003157,0.912015418017561,0.912016426497927,0.912016871967015,0.912017365471181,0.912017948849671,0.912018674818188,0.91201953350461,0.912020237784418,0.912021457024402,0.912022251765403,0.912023162498646,0.912024643945314,0.912025090994357,0.912025929424099,0.912026271377252,0.912027049710496,0.912027416574368,0.912028370558517,0.912028917663299,0.912029947752352,0.91203066307198,0.912031259965159,0.912031945058803,0.912032255820812,0.912032696807107,0.912032956232472,0.912033528234633,0.912033775410754,0.912034816300955,0.912035283218333,0.912035888121624,0.912036414182184,0.912036858997566,0.912037334877118,0.912037819422121,0.912038058706154,0.912038827820131,0.912039232442945,0.912039591845007,0.912040091724568,0.91204115033606,0.912041797160771,0.912042289804409,0.912042775416464,0.912043034495947,0.912043426472137,0.912043732016628,0.912044045800456,0.91204478178811,0.912045574261005,0.912046269689949,0.912047022854552,0.912047652533547,0.912047760302021,0.91204838304425,0.912048942619245,0.912049466686944,0.912049926191176,0.91205054589457
0.385556163172165,0.414558028934508,0.4438724497962,0.452083647259131,0.452083647259131,0.455461049892755,0.470313419159038,0.470330557606621,0.563835062399272,0.563841333586337,0.578175717864372,0.578269248987019,0.617739716290988,0.618622018565123,0.620377787193506,0.620377787193506,0.623695467262002,0.625311785706356,0.626629155921476,0.626629155921476,0.640854570918582,0.658161685283014,0.672774098436697,0.672824897685942,0.672868270057601,0.672868270057601,0.674001674798746,0.674001674798746,0.74143369236816,0.741495556781184,0.750180344348293,0.756916580345052,0.758774619501021,0.758787809832023,0.763416497881669,0.763416497881669,0.767103443106917,0.784580500333288,0.784638286755566,0.784638286755566,0.798642716270527,0.798642716270527,0.799998461532036,0.800318477257957,0.803129276856836,0.806714160722621,0.80791464536924,0.80802210553923,0.810077490866442,0.810077490866442,0.816519259901436,0.816522186427617,0.83504449828091,0.83504449828091,0.837362239984968,0.837560560042709,0.838746319981043,0.839269641471918,0.839852042495071,0.839901513287232,0.851379393807141,0.851845242981007,0.855504808325278,0.855520884520248,0.855832029169571,0.856223920943108,0.860489807391498,0.860783202901486,0.8629737177456,0.864365134966857,0.871750430003011,0.871799815603622,0.87380508464746,0.876744888363693,0.877216180061503,0.87730778347263,0.879256763928309,0.879353024604484,0.882040635885628,0.882153701258497,0.882271672999863,0.882774320119459,0.885321336081793,0.88551513423799,0.887488848888147,0.887503553320543,0.889801409404144,0.889896904723073,0.89131525780257,0.891330640079139,0.892096953989274,0.892350571165846,0.893525740662535,0.894235079129776,0.894373331837435,0.894406884524368,0.894966044780627,0.895486454318081,0.895877152903563,0.896057194556143,0.896191497644393,0.896373117440779,0.898713424913554,0.898913879781607,0.899141841110301,0.899560295273156,0.899976502428851,0.900425326958069,0.90073593346847,0.900865169398694,0.901043048649375,0.901153727211657,0.901307988828128,0.901490576599711,0.901906796493299,0.902052141062271,0.90481442526048,0.905075394754778,0.905308632646313,0.905553861647069,0.905766252504043,0.905998361104346,0.90608286779144,0.906263871555715,0.906492256570032,0.906504990984101,0.906638466955719,0.906647440128293,0.906850971729655,0.906992835106965,0.907205339792289,0.907250599627372,0.907441894484164,0.907483555931781,0.907740681177318,0.907751797653584,0.907965703996835,0.90800161417692,0.908125197199227,0.908136000114427,0.908365229850235,0.90838824176712,0.908564630694726,0.908622797016681,0.908801078701792,0.90885706046983,0.908925523184922,0.908938239486165,0.909069369128737,0.909095628720089,0.909278656108484,0.909313397593582,0.910507488322903,0.91054110893532,0.910680305819586,0.910721941002334,0.910851006108106,0.910900127896432,0.91100928505742,0.911045661101564,0.911135998180669,0.911316030888251,0.911434736069359,0.911473081354601,0.911858623717211,0.911899979712887,0.91198796696929,0.912006703842129,0.912193694266304,0.912213109596411,0.912258280589517,0.91229603697999,0.912359888348907,0.912398093524567,0.912438035727272,0.912465483226066,0.912505703526202,0.912558069553683,0.912609708705586,0.912647290763085,0.912740408200499,0.912781472444498,0.91282243991605,0.91284829649129,0.912883754342619,0.912902150525736,0.912929834474966,0.912965218500545,0.913004480937779,0.913029289354896,0.913057256328633,0.913090083347433,0.913116486374074,0.913130011933293,0.913164702447642,0.913178269446499,0.913204084144265,0.913222099640914,0.91323682897094,0.913257301046968,0.913272785032004,0.913294072909945,0.91332028175244,0.913332091394505,0.913348361398277,0.913362068098066,0.913373670984238,0.913390922967446,0.913401939649886,0.913414199473618,0.913425893466537,0.913440533652494,0.913460224281428,0.913469552094388,0.913484120224557,0.913496154167681,0.913525134555759,0.913533292513479,0.913541046682319,0.913552434158086,0.913567826180635,0.9135807663625,0.91358733891496,0.913612253236594,0.913634786846736,0.913646915589984,0.913658359069576,0.913672273767008,0.913685602135907,0.913698803886424,0.913712631103411,0.913723132643233,0.913731750847886,0.913741021552062,0.913748912275272,0.913763944952736,0.91377541222192,0.91378324491968,0.913791105272584,0.91380245979681,0.913806443932124,0.913814572286322,0.913821477123401,0.913827761624226,0.913838963265199,0.913844172039899,0.913852660474697,0.913860544592065,0.913865421235484,0.913874300003205,0.914262364844108,0.914267916086439,0.914274585562803,0.91427801235253,0.914286099076368,0.914290501692001,0.914297752347032,0.914299826496681,0.914303176571208,0.914313759139538,0.914319303130625,0.914330846365528,0.914335837239319,0.914340127803264,0.914345499339398,0.914347867110964,0.914351360675329,0.914357140082032,0.914363286937842,0.914368175100549,0.914867251867818,0.914875274614813,0.914879791864982,0.914881591989975,0.914886871026221,0.914890402811146,0.914892194792944,0.914898305530888,0.914905329788914,0.914910282818133,0.914913716250604,0.914919852198162,0.914924108129037,0.914926777119017,0.91493612174454,0.914940536929362,0.914943210806672,0.914947538759889,0.914951312125087,0.914956392198358,0.914959456821197,0.91496315614396,0.914968740314464,0.914973823605201,0.914977585039013,0.914980880112791,0.914985634255617,0.914988690545821,0.91499365082744,0.91500043154664,0.915004319833878,0.915006330500814,0.915047638751858,0.915051974718274,0.915054134115162,0.915059395229919,0.915061160409181,0.915065537154105,0.915068045936533,0.915072665602909,0.915238801508519,0.915241447363432,0.915247119279641,0.915250275718705,0.91525215256266,0.915259736404671,0.915262584230595,0.915267187405722,0.915269746443388,0.915274939463142,0.915278207753077,0.915280926533331,0.915283635595413,0.915288499005884,0.915293091677658,0.915295516490174,0.915299035288605,0.915614658283528,0.915721257902855,0.915724857401269,0.915727257818027,0.915730867016768,0.915732436128026,0.915735605378661,0.915736789083383,0.915739992532603,0.915757336703869,0.915760353985522,0.915761404567541,0.915762874231259,0.915763410464423,0.915765621108278,0.915766808819753,0.915768583293811,0.915771098148298,0.915772512530068,0.915773409845677,0.915774282673917,0.915776712942626,0.915779026200386,0.915780870016109,0.915783192635134,0.915785411876766,0.915787449520159,0.915789865468029,0.915791454707881,0.91579366522071,0.9157950730742,0.91579705412872,0.915798228665411,0.915798674572602,0.915801033365787,0.915801791001232,0.915803752832654,0.915805986804319,0.915808997727043,0.915810947503379,0.915813368946021,0.915814489390208,0.915817436748319,0.915818425996993,0.915821020201606,0.915821779018908,0.915823613546132,0.915825626731446,0.915827726415751,0.915828598975699,0.91582903730337,0.91583037155154,0.91583186757016,0.915832732738653,0.915834976973858,0.915836487640719,0.915838776340997,0.915839384683664,0.915841581009079,0.915843491264977,0.915844783557614,0.915846293328334,0.915848320117047,0.91585108149253,0.915852899146601,0.915854759003707,0.915856478843041,0.915857541999756,0.915859855875659,0.915860881359534,0.915862710006768,0.915864923018253,0.915868194242924,0.915869238524413,0.915872638561047,0.915874611607696,0.915876403413622,0.915878291112832,0.915878992071325,0.915970778061503,0.91597296059076,0.915973801118718,0.91597531928193,0.915976531274863,0.915978149301973,0.915978992823163,0.915980140250845,0.915980927897566,0.915982964859365,0.915984692498876,0.915986147526029,0.915987767763069,0.915991422489912,0.915992557164928,0.915994419620802,0.915995464346768,0.915997901909991,0.915999270217857,0.916000066787625,0.916001501972558,0.916003135895402,0.91600463614548,0.916006120735009,0.916007054660959,0.916008083347607,0.916009528533539,0.916011036539231,0.916012319681969,0.916013932513246,0.916015671668216,0.916016827445523,0.916018255918035,0.916018767395964,0.916019541950966,0.916021342969606,0.916022169745302,0.916023043171504,0.916023513659221,0.916024541703762,0.916025178822195,0.916026860934225,0.916027244737553,0.916028442376092,0.916029771180935,0.91603071825149,0.916031796180671,0.916032694805885,0.916032844102633,0.916034166506906,0.916035364049156,0.916035914142724,0.916036600421042,0.91603757910402,0.916038246291028,0.916039661688568,0.916040442646216,0.916041151242236,0.916042118323998,0.916043705366518,0.916044001360283,0.916045212353288,0.916045777383996,0.916046403158517,0.916046965701846,0.916047762546019,0.916048423221808,0.916049120775297,0.916050031140032,0.916050789546065,0.916051288856563,0.916051992026381,0.916052254657891,0.916053046467461,0.916053892989044,0.916054677023003,0.916056038293812,0.916056934765928,0.916057383977078,0.916058353975767,0.916058795793059,0.91605912344438,0.916059724926856,0.916060428245941,0.916061315169044,0.916061801317362,0.916062064171651,0.916062608015517,0.916063555930382,0.916064491861393,0.916064707840769,0.916065385520313,0.916065747992531,0.916066235915602
0.42426098822942,0.424264463225054,0.443890757941209,0.506733844799442,0.506956563602764,0.506956563602764,0.507956765734832,0.528369449864996,0.536947549414479,0.536947549414479,0.539601279751187,0.540029115380584,0.543638386050568,0.543638386050568,0.546411607011689,0.549023481414907,0.584642292098817,0.584642292098817,0.618831827448776,0.620630818382111,0.644663218447404,0.645258942302836,0.645258942302835,0.659182989190799,0.702460947357016,0.702901997959833,0.711778278550011,0.711778278550011,0.711778278550012,0.711778278550012,0.711778278550012,0.711778278550011,0.711783109894939,0.711783109894939,0.719035691938328,0.719035691938328,0.742873660575229,0.742873660575229,0.742873660575229,0.747231106675799,0.748661686905519,0.748661686905518,0.748905431853928,0.748905431853928,0.750601658611419,0.769830101584763,0.776055521896933,0.776100369147236,0.802988530274369,0.802988530274369,0.803057223102498,0.803065139929916,0.804131737155219,0.804249446513961,0.83304310630782,0.833043106307819,0.834915215954401,0.834915805101823,0.835350694495558,0.835392924822784,0.84641347095119,0.85257989314681,0.853239208956307,0.853616124165304,0.861776957822377,0.862615999723557,0.862953841564868,0.863153713676513,0.864903508641806,0.866288870826623,0.866989967998416,0.867108149129965,0.868688174738611,0.868811191305927,0.87512529611907,0.875762776744068,0.876232447421286,0.883768042940539,0.88487944709785,0.885321839605852,0.886671487029807,0.886787578270225,0.888128843203988,0.888309092610017,0.888919478122476,0.889827080585277,0.890538077297317,0.890587396452633,0.890909668412787,0.891097734986929,0.892228388100822,0.89274452013873,0.893317134247942,0.893381541418172,0.893653965330051,0.893748860031684,0.893994460031258,0.894272668907929,0.894421980594818,0.895007240310046,0.896776891730033,0.897050394181573,0.897351520146212,0.897524723251999,0.897582490027129,0.897755367119255,0.897987263583742,0.898523340971697,0.898573533009029,0.898986303744179,0.899066228552335,0.899274037142043,0.89937296241942,0.89948493791482,0.899528639207155,0.899819138986281,0.899937358721845,0.899976482392659,0.90003018878679,0.900177752610499,0.900548708572181,0.900673509630299,0.900739623864086,0.900876288667575,0.900941575907986,0.901069289798553,0.901178011233332,0.901196240659014,0.901444475385741,0.901496152179894,0.901626117699466,0.90165156707286,0.901758464744365,0.901780941747814,0.901876802063365,0.901906324031447,0.902003018167513,0.902054219196977,0.902185312794117,0.902207958993287,0.902368628364181,0.902394811654021,0.902536056193345,0.902569246522304,0.902651624514579,0.902658892081315,0.902698598207776,0.902718152542052,0.902809187807683,0.902863948813092,0.902927781791374,0.902960625502868,0.903049180815035,0.903086050357414,0.903181825397879,0.903231954366534,0.903296686597858,0.903331678188225,0.903418706472802,0.903467148283595,0.903537555579653,0.903572061940036,0.903635021675475,0.903654464732313,0.903718040654635,0.903752883888886,0.903806858792281,0.903826505123164,0.903895887840753,0.903918793104934,0.903963882976133,0.903986836626057,0.904015638266294,0.904037805129546,0.904726281443105,0.904746747728039,0.904787202021396,0.904809428058849,0.904832619220026,0.904844385904723,0.90487235176639,0.904880874186002,0.904898814081199,0.904917468423525,0.904932034878662,0.904946936987593,0.904975519619037,0.904983903698979,0.905000516510767,0.905014114866046,0.905037672168683,0.905054187202472,0.905076033334848,0.905086907737567,0.905108775100681,0.905112005123962,0.905126699680811,0.905138995672228,0.905155856455291,0.905179776385425,0.905186751092315,0.905198602785067,0.905202828613346,0.905216363152772,0.905231739151572,0.905247809465321,0.90526295794388,0.90527652466419,0.905288703547446,0.905298035174696,0.905309988796085,0.90531801644043,0.905332611556001,0.90534082128679,0.905355169842641,0.905364057518054,0.905369747222422,0.905377884434309,0.905390202235325,0.905403126441725,0.905411171584558,0.905416246895448,0.905426268809225,0.905432976729869,0.905440373548399,0.905448329084501,0.905454541206094,0.905461735426611,0.90547099028232,0.905478720059938,0.905493370327096,0.905499045669084,0.905509085506729,0.905521209995221,0.905528367228985,0.905535265734845,0.905540823273228,0.905546003749537,0.905551231225045,0.905557514736873,0.905562208732094,0.90556788702705,0.905578051921281,0.905588241131035,0.90559327115189,0.905595227838001,0.905598913270632,0.905602893514901,0.905607634156224,0.905615685342444,0.905619284574383,0.905624100624393,0.905703763824361,0.905710377646455,0.905713899875344,0.905716333618558,0.905720105334417,0.905729054725688,0.905738219093593,0.905742659904088,0.905748202337812,0.905750281338867,0.905756267025914,0.905760579009626,0.905764858383499,0.905767963079577,0.905771889654841,0.905775522696564,0.905778767336869,0.905780295464057,0.905782281907108,0.905787303113555,0.905791274816709,0.905797123676275,0.905803945450325,0.905808641260475,0.905811812260215,0.90581730525225,0.90664506684936,0.906649046003474,0.906653330170262,0.906657773766718,0.906661697240738,0.906668267921938,0.906670488155653,0.906671969350668,0.906675436667386,0.906680335268835,0.906683920995798,0.906687542415766,0.906690295705163,0.906695055146272,0.906695906585072,0.906698720509935,0.906700163904351,0.906703547961581,0.906707608616535,0.906709141127575,0.906712625575124,0.906714401910465,0.90671804220022,0.906720642820966,0.90672323558154,0.906726239046952,0.90672758393203,0.906728753765298,0.906730546631891,0.906734698350133,0.906737251620244,0.90674044647578,0.906744200590517,0.906747307852716,0.906749523381918,0.906752764220524,0.906754893589171,0.906758600625715,0.906760089025199,0.90676173785936,0.906763893308908,0.906765363474728,0.906767598801248,0.906769289714088,0.906771355282808,0.906774149837755,0.9067750350199,0.906778449088058,0.906928744120811,0.906931808560543,0.90693451270288,0.906938814220914,0.906941165760835,0.90694217620676,0.906957185052367,0.906959502663598,0.906964401009221,0.906965212452348,0.906968948378123,0.906971677786519,0.906974252549863,0.906977428877799,0.906977814805461,0.906979682590366,0.906980913558257,0.906982501647029,0.906985131790726,0.906987421012263,0.906988938398095,0.906991931198755,0.90699255826765,0.906994137255484,0.906996892406255,0.90699821273504,0.907000028397328,0.907001990844367,0.907002874160327,0.907004728329174,0.907005812772861,0.907007132872671,0.907009094213073,0.907010869907841,0.907012082980685,0.90701378445026,0.90701490386405,0.907016759138019,0.907017600593683,0.90701921503987,0.907021689038234,0.907023959028749,0.907024959944401,0.907025934241542,0.907026577213393,0.907028304230283,0.907098551495982,0.907101389222219,0.907102817949442,0.907103619529453,0.907104625973357,0.907105408639797,0.907106196848616,0.907108243920467,0.907109028019926,0.907110312613835,0.907112140136729,0.907114021356601,0.907115467198457,0.907116436859955,0.907116949436525,0.907118850897531,0.907119833445915,0.907121005944098,0.907122127426319,0.907123328603204,0.90712390925376,0.907125021625943,0.907125994975958,0.907127099765547,0.90712770433886,0.907129108785281,0.907129496219954,0.907130210177505,0.907131031573538,0.90713205994013,0.907132842350049,0.90713392981999,0.907135045400067,0.907136640343201,0.907137702726522,0.907138799505883,0.907139551760182,0.907140544467572,0.9071418622916,0.907142852403146,0.907143264730951,0.907143922776271,0.907145212953155,0.9071455319456,0.907146405058671,0.907147172420364,0.907148319663794,0.907148613315773,0.907149538467398,0.907149931721798,0.907150734860085,0.907151624912411,0.907152001987,0.907152655090478,0.907153047139423,0.907153436815895,0.907154646905111,0.907155288148197,0.907156360140312,0.907156964381632,0.907157901254725,0.907158265133811,0.907158428863971,0.907158854287245,0.907159419628054,0.907159653035332,0.907160207026165,0.907160589413382,0.907161849775208,0.907162451723527,0.907164324232133,0.907164722336318,0.907165359433641,0.907166232971577,0.907166884566595,0.907167261762141,0.907167605482424,0.907168493602446,0.907169466755878,0.907170486183881,0.907170745537899,0.907171219852738,0.907171549582516,0.907172130052498,0.907186187395717,0.907186846406286,0.907187833695886,0.907188456421288,0.907189148889115,0.907189753382574,0.907189911331879,0.907190355350655,0.90719097525299,0.907191295871431,0.907192198111451,0.907192453546953,0.907193428446788,0.907194149773311,0.907194347653985,0.907194660663661,0.907195221888899,0.907195944605522,0.907196505203689,0.907197241092145,0.90719745743078,0.907197709962744,0.907198236127931,0.90719880556798,0.907199202894303,0.90719996209283,0.907200312769849,0.907201013094296,0.907201456215024,0.907201735175977,0.907201988908224,0.907202748843505,0.907202966753708,0.907203782556071,0.907204121077474,0.907204403333438,0.907204926879993,0.907205159380441,0.907205489150134,0.907206185892953,0.907206643747382,0.907206818754213,0.907207116706046,0.907207289754785
0.426943104249473,0.434817882741594,0.434817882741594,0.528942105424479,0.529486060526221,0.53323167722518,0.536394267669899,0.536394267669899,0.539113957062147,0.539113957062147,0.546425917899361,0.546425917899361,0.645029876092987,0.645029876092988,0.649030766731016,0.675655233246294,0.675808813985119,0.677071095397756,0.677105415013211,0.677105415013211,0.677867293962239,0.678182533984188,0.682712991997411,0.682712991997411,0.701174487917338,0.701174487917338,0.71353850920608,0.71353850920608,0.71353850920608,0.71353850920608,0.71353850920608,0.71353850920608,0.748706352818234,0.748706352818234,0.748922577486146,0.748922577486147,0.74898601827494,0.748986018274939,0.75264302259082,0.75264302259082,0.753511119099345,0.753511119099345,0.753511119099344,0.753511119099345,0.779675214279912,0.779675214279912,0.783608059628877,0.783685274300729,0.797914897921633,0.797914897921633,0.800506418945668,0.800506418945668,0.805131964886795,0.805131964886795,0.805145318560573,0.805145318560573,0.805549159250994,0.805549159250994,0.805941190194194,0.805941190194194,0.806007397406237,0.806007397406237,0.808012196002645,0.808012196002645,0.808572929378993,0.808572929378993,0.808732343326379,0.808773538721691,0.81533615563861,0.8153632887711,0.822034593949196,0.822080057273399,0.82249962944111,0.82249962944111,0.826666398118304,0.828963732279901,0.829018370236739,0.829315774847353,0.831865364722053,0.831865364722052,0.831910019799583,0.831950446162515,0.832141970699321,0.832189297058413,0.834460961672995,0.834665648146349,0.834792057329809,0.834906599437536,0.835923309215543,0.838352580757531,0.838793449950335,0.839026601235283,0.839393681023454,0.839396884614758,0.84015165317748,0.840218028719888,0.840774809604343,0.840930844496678,0.841091394519413,0.841106269709556,0.841340200474203,0.84139386882023,0.841444058965352,0.841561879550809,0.841716003712284,0.841837914476976,0.844520219258676,0.847946359882705,0.850137062211055,0.85033567624925,0.850801118072843,0.850840315336842,0.850911032544327,0.850911924143083,0.851044141840608,0.851057893292737,0.851103080738011,0.851217320738086,0.851366438064644,0.851366618407599,0.851419377915015,0.851422850888976,0.851565879685654,0.851578862108232,0.851628091809251,0.85165644706857,0.85194538719951,0.851996893393698,0.852117182544202,0.852238386849203,0.852260968318915,0.85229616678515,0.85291200351825,0.852955556254268,0.853021424773633,0.853097129537474,0.853558012729087,0.85356010096323,0.853593658227059,0.853655388737235,0.85367494513626,0.853703101650607,0.853852490654624,0.853927890102842,0.853945639380273,0.854099741315486,0.85414667087736,0.854161806396145,0.854171547771997,0.85422541590347,0.854258061485028,0.854268999970705,0.854279543809856,0.854305349107221,0.854320442896803,0.854423508793415,0.854446562359077,0.854450440310193,0.854548025948229,0.854551394450733,0.854579842825038,0.854603668394331,0.854661829084449,0.854664757501874,0.854824892369746,0.854837870334912,0.854935781658879,0.854938004025038,0.854956916600356,0.854960476786651,0.854966179006812,0.854970027696884,0.855011573797514,0.855014711728634,0.855037216541594,0.855041734770516,0.855075747221815,0.855082286485983,0.855127085151557,0.855137283574155,0.855162229511952,0.855168652552054,0.855263306346605,0.855270520059772,0.855303354589399,0.855304931316075,0.855318413002763,0.855328064242208,0.855334825542867,0.855337585442436,0.85534968513603,0.855351890517149,0.85538879198105,0.855389546643302,0.855392423771351,0.855394027741113,0.855423724825495,0.855426585561212,0.855461999416373,0.855462980154618,0.855510224864059,0.855511424491944,0.855522474148974,0.855532240548271,0.855535159622523,0.855536278771909,0.855538360088434,0.855541543579984,0.855576881918868,0.855577851614189,0.855592676201065,0.855595965616158,0.855598523510848,0.85560581551998,0.855612026789557,0.855612681513253,0.855668259850613,0.855669568648502,0.855700367312184,0.855700668726745,0.855723953228177,0.855724992634357,0.855727147876147,0.855729311598188,0.855744340051416,0.855754479260185,0.855784848477603,0.855785259199488,0.855811261238825,0.855812584208696,0.855823179553995,0.855823953749626,0.856013881474527,0.856016760486686,0.856034407931696,0.856036314754634,0.856057275197141,0.856059015608797,0.856079011187122,0.856079874429727,0.856105917244936,0.856106554017676,0.856138248223795,0.856140665593418,0.856189519623255,0.856191528155578,0.856204527402029,0.856205051904189,0.856253617261484,0.856255553818434,0.856283699217986,0.856283906798223,0.856308710373338,0.856312119485686,0.856352863219583,0.856353640893246,0.856386348126603,0.856390177531528,0.856392556575279,0.856402786899392,0.856435411251906,0.85643607989182,0.857874263521751,0.85788034192374,0.857933345998895,0.857936352543604,0.858033034589857,0.858033650659358,0.858071026998692,0.858071883483556,0.8580858932548,0.858094086413914,0.858109256467154,0.858114436519509,0.858127470238128,0.858128688569126,0.858150556229278,0.858151165821135,0.858158376127239,0.858162751484457,0.858172320109604,0.858175132441877,0.858210527564025,0.858220652196361,0.858231998442563,0.858236596746868,0.858249947718234,0.858250629660566,0.858266188455389,0.858269236683057,0.858306788880028,0.858322141669518,0.858336226050185,0.858346952086991,0.858359488732083,0.85836136141533,0.858385991504024,0.858404232836245,0.858424704182541,0.858429693965385,0.858441421302356,0.85845727312722,0.858469817388839,0.85847491761498,0.858503917424821,0.858512166046417,0.858530277954823,0.858533761979711,0.85856565434872,0.858567451872103,0.858584935808182,0.85859177439901,0.858604981582844,0.858618041345999,0.858640284503748,0.85864540213245,0.858655415136164,0.858668652744157,0.858677994982641,0.85868419634315,0.858707887177184,0.858713813142388,0.858737001506676,0.858747720130554,0.858757489972222,0.85876166820337,0.858772851619089,0.858774925282754,0.858779014073375,0.858779742388769,0.858784279849616,0.858787151200416,0.858796726496649,0.858798427721656,0.858805010193357,0.858810239557524,0.858814758782061,0.858820858389482,0.858855825276688,0.85886378941166,0.858871292259255,0.858874428833763,0.858878987438469,0.858882552452906,0.858893819044996,0.858893909408837,0.858901854977783,0.858906773025889,0.858908812113272,0.85891009824846,0.858912011186911,0.858913727266766,0.858927980667599,0.858928736917529,0.85893761020874,0.858938270137398,0.858940575187348,0.858943106093395,0.858944217343937,0.858946151759088,0.858946946412385,0.858949563053849,0.85896208758632,0.858964320259245,0.858970027175122,0.858971604083571,0.858975658431036,0.85898018522108,0.858984660637811,0.859010296142579,0.85902641379306,0.859033336066906,0.859043406861534,0.859046025640185,0.859047889916129,0.859049405347543,0.859050172153801,0.859057553590471,0.859064475466768,0.859065683872007,0.85906772709468,0.85907352804524,0.859078953207102,0.859081165197068,0.859098864019811,0.859100506373577,0.859109329659474,0.859110756704897,0.859116834633535,0.859119288900518,0.859123827189372,0.859127943192266,0.859132552199644,0.859133875532487,0.859135376125829,0.859139998787037,0.859144680870108,0.859151207427601,0.859156901612837,0.85916137373092,0.859389144756915,0.859392002245539,0.859399375522384,0.859404507483888,0.859408053286349,0.859409091508466,0.85941511198939,0.859419587529314,0.859425690561787,0.859430282788854,0.859432086062748,0.859434891779948,0.859437852173446,0.859439197199887,0.859449690189007,0.859450239895517,0.859460689610305,0.859466294420493,0.859472035548709,0.859474235881823,0.859478088196093,0.859480207501412,0.859488848930164,0.859489623953394,0.859490977113293,0.85949333386738,0.8594988798456,0.859499498533034,0.859509549827654,0.859515109290205,0.859517512561019,0.859519087732089,0.859542585886951,0.85954318914795,0.859545776208527,0.859548784611375,0.859570606407755,0.859571162696315,0.859583343127311,0.859585034172295,0.859590036604223,0.859591164081158,0.859592194760568,0.859594193592617,0.859603686775583,0.859604516192543,0.859605661730975,0.85960746141533,0.859615176220749,0.859621761995745,0.859623205737391,0.85962582593835,0.859628173115609,0.859629133599629,0.859636367099977,0.85963694959206,0.859657078607013,0.859661068715624,0.859671141966355,0.85967297469003,0.859707101727804,0.859710197215458,0.859712026381559,0.859719930025915,0.859963326322823,0.859966277427508,0.859969837714007,0.85997311077083,0.859974793087895,0.859975979777762,0.859978914729581,0.859981695244302,0.859986016991175,0.860004591980613,0.860006235669366,0.86000947485897,0.860024563611204,0.860026744215176,0.86002918560236,0.860029857921968,0.860030914596792,0.860031724975306,0.86003245114556,0.860035352513743,0.860035424758931,0.860039686181032,0.86005026075624,0.860053121032522,0.860433456042908,0.860434145054285,0.860437812710318,0.860440242646603,0.860446659075111,0.860449927172365,0.860476751978856,0.86047880712356,0.860479679580627,0.86048062264704,0.860503806808801,0.860505676102897
0.381327672718906,0.411591155174416,0.412528082378217,0.448821815408372,0.452612971538745,0.471495947424033,0.495894065337822,0.495894065337822,0.496531825658571,0.49653182565857,0.539796933934166,0.539796933934166,0.603494932469454,0.603494932469454,0.62275328432775,0.627865974042443,0.628098899483342,0.628098899483342,0.628918505136163,0.663421448183946,0.688173240788338,0.688173240788338,0.695493194727742,0.695965772240245,0.696289382085328,0.696548772363348,0.699138727176679,0.699138727176679,0.699519945685702,0.699741314548199,0.703015830759464,0.703663922778758,0.704686106635536,0.704686106635536,0.714140490711253,0.778140796556357,0.787498912499477,0.787504494610471,0.789436760280642,0.78944365386291,0.790114811471081,0.790189617000753,0.79301731137811,0.79303972713812,0.809552675066748,0.809604579941396,0.812020718662402,0.81213318087123,0.816638887581902,0.816649138611257,0.82035949760772,0.82538379074109,0.835277188090804,0.835354422698469,0.837841010804182,0.838157845422085,0.839867632265374,0.841978387441928,0.845338088708182,0.845607644139423,0.846111514966359,0.84617829934634,0.853752042028587,0.85378158957394,0.855582055457263,0.855817467458876,0.857288414296727,0.858089469045243,0.866099318634745,0.866245256073604,0.867129912448785,0.867206677325171,0.867797284454228,0.868182867304639,0.869768842806115,0.873466184764619,0.874101256622301,0.875742555485835,0.876329450092318,0.876645473475942,0.877738200330318,0.878032725507601,0.8784247206998,0.878578568585336,0.879724841909715,0.879968067366406,0.880659397992513,0.882879055199091,0.884497820304766,0.884710362677573,0.885034052040933,0.885251659861536,0.885824855014228,0.886033315940553,0.886208382477053,0.886604985086253,0.888945155966117,0.88927791962224,0.891928800802783,0.892114893437964,0.892639850215084,0.892801506583896,0.893058022665361,0.893253464284946,0.89336665931298,0.893471375689387,0.893652304786601,0.893868179273743,0.894013369940832,0.894218346596429,0.894392846106859,0.894626639538695,0.896147397384164,0.896342692592071,0.896488683427915,0.896626542013331,0.896835165055058,0.89685426510063,0.897061426126491,0.897096808212263,0.897411564790829,0.897440468332167,0.897652078982051,0.897676453574352,0.897942629520193,0.89797700457305,0.898161863493701,0.898167275577902,0.898346945249454,0.898362242291773,0.898459275753615,0.898494360099902,0.898634576077607,0.898701333915868,0.898864201820677,0.898906631163384,0.899033187649869,0.899074797529071,0.899152205796272,0.899214351459475,0.899391599244827,0.899439777177321,0.899554575868802,0.899586561292633,0.899680895358358,0.899757790323742,0.899831426049748,0.899888586198821,0.899971042084506,0.900018985742795,0.900101789280076,0.900144027212106,0.900192977389989,0.900216767686423,0.900248237543393,0.90028626319132,0.900324777884175,0.900362213986406,0.900431529638157,0.90045585419118,0.900483105156928,0.900524572427818,0.901596298759621,0.901622233972496,0.901661540797218,0.901696836765631,0.901722107489049,0.901741738473202,0.901764804354023,0.901784267333285,0.901819761050168,0.901842606856233,0.901869717088354,0.901892804582995,0.901909336938056,0.901925261810406,0.901949122180476,0.901971014427416,0.902000631072385,0.902008779530833,0.902037991717519,0.902070268052235,0.902079539436685,0.902094844449159,0.902116377061159,0.902136040630971,0.902161768360285,0.902176563326116,0.902195485576625,0.902210710287448,0.902228876588784,0.90224795557649,0.902526951135603,0.902544565593664,0.902566749708386,0.902585149012776,0.902602119586291,0.902617923628488,0.902623605422505,0.902632428213984,0.902644358655469,0.902659118908282,0.902672894045928,0.902685415284403,0.902699780684685,0.902707921764634,0.902722755435454,0.902728159962644,0.902738493140125,0.902748621133655,0.902759324116928,0.902768261525621,0.902848807567561,0.902856887190455,0.903017592312863,0.90302522885663,0.903032024116454,0.903040711874607,0.903051468177328,0.903056958591518,0.903063401965304,0.903071809568009,0.903353238333185,0.903357614438677,0.903362796212843,0.903374868995281,0.903381305341789,0.903392582737176,0.903396855767719,0.903403570739355,0.903406553507706,0.903411867396291,0.903419380382884,0.903424859968851,0.903430930215484,0.903438375594791,0.903444835703086,0.903452035074471,0.903458464412804,0.903463524584142,0.903467806159626,0.903474189721055,0.903478815638249,0.903483999578432,0.903490493566184,0.903495366936499,0.903498653066067,0.903503371311643,0.903508770504453,0.903513612719837,0.903517563845079,0.903520148286217,0.903524762346827,0.903528323314423,0.903532245305221,0.903535807541398,0.90354034124309,0.903544489258217,0.903546618202476,0.903549796258089,0.903552258112474,0.903554509676167,0.903556039564901,0.903559296771412,0.903561710890247,0.903563035778446,0.90356526877208,0.903568742000749,0.903572103875689,0.903575704961477,0.903577973953721,0.903580868620866,0.903584743924654,0.903586940289825,0.903588708403511,0.903591823525305,0.903596001362275,0.903599730376145,0.903603298055378,0.903606691920986,0.90360900922814,0.90361061159636,0.903613367352272,0.903616159488794,0.903618329793537,0.903620958984417,0.903624182457965,0.903628187025269,0.903630373998565,0.90363181125312,0.903635279067659,0.903637088400837,0.903638506873506,0.903640902745063,0.903643761983903,0.90364542958732,0.903646891394038,0.903649469552713,0.903650758746462,0.903653045609942,0.903656121314242,0.903658256588804,0.903661800102947,0.903664503518831,0.903666408081125,0.903670051162583,0.903673225815332,0.90367590520636,0.903677746026682,0.903678872444329,0.903681777179855,0.903683602544838,0.90368457869686,0.903687124345202,0.903689822666148,0.903691328411249,0.903693579858954,0.903695440964062,0.903696851802689,0.90369799600478,0.9037006639506,0.903702091925085,0.903703644001628,0.903705736326109,0.90370745141929,0.903709686365765,0.903712481712342,0.903713992692884,0.903715861766455,0.903716912749401,0.903717657807212,0.903718654748476,0.904037812435134,0.904038840082396,0.904041168905373,0.904042012046765,0.904045463431574,0.90404690041403,0.904049238999733,0.904050480485398,0.904053494802248,0.904055092725246,0.904057076091039,0.904058276595963,0.904060050289576,0.904062527060588,0.904064174844573,0.904066542681815,0.904068306075508,0.904069404286044,0.904071132116033,0.904073351440913,0.904074457630435,0.904075564562278,0.904077292177321,0.904079349529746,0.904080819210341,0.904081975143708,0.904083864326929,0.904085415045542,0.904086787769733,0.904088136063711,0.904089000039597,0.904090521901278,0.904091494501083,0.904093379655521,0.904093752111271,0.904094628331072,0.904096344678728,0.904097464679527,0.904098524776068,0.904100014697838,0.904100947875739,0.904101610758963,0.904102742404849,0.904104037730952,0.904105655468471,0.904106462124347,0.904107011732278,0.904108301627234,0.904109098839601,0.904110531584096,0.904111718623313,0.904112777985267,0.904113541062614,0.904114352436884,0.90411523964933,0.904116056005394,0.904116241480358,0.904117347686612,0.904118494993817,0.904119265366957,0.904120157589925,0.904120679930427,0.904121706287625,0.904122909062374,0.904124040239162,0.90412466382751,0.904125708994171,0.904126838471342,0.904127538180134,0.904128654778463,0.904129121960702,0.904130619106498,0.904131289221295,0.904132304933705,0.904133173093981,0.90413479099815,0.90413563835338,0.904136261292374,0.904136989918753,0.904137787245239,0.904138376597861,0.904139360225471,0.904139910774209,0.904140318949939,0.904140784147123,0.904141636510842,0.904141903011262,0.904142677462655,0.904143948752925,0.904144767798237,0.904145231626371,0.904145988752965,0.904146689074862,0.904147249693807,0.904148550187589,0.904149156176892,0.904150309666485,0.90415090020931,0.904151890579954,0.904152873839168,0.90415390355315,0.904154973249124,0.904155581264036,0.904156171937751,0.904157115051246,0.904157376676465,0.904158277117305,0.904158938751325,0.90415995366525,0.90416066219214,0.904161164205213,0.904161675330348,0.904162226038632,0.904163387434147,0.904163556013945,0.904164600901656,0.904165458631703,0.904166286300101,0.904167191449029,0.904167631900392,0.904167935859499,0.904168916831246,0.90416914348196,0.904170568582298,0.904171073427879,0.904171358512035,0.904172051327788,0.904172697606606,0.904173767022827,0.904174944482029,0.904175650076461,0.904176528778593,0.904176822718501,0.904177452900489,0.904177871260893,0.904178361550923,0.904179236236925,0.904179685912229,0.904179993981226,0.904180294017963,0.904180690748653,0.904181212425351,0.904181365833875,0.904182077709597,0.904182619976721,0.904183295301506,0.904183647812037,0.904184729955892,0.904185199513903,0.90418606560743,0.904186850406839,0.904187441950772,0.904188103665057,0.904188542491155,0.904188788786505,0.904189310954221,0.90418977279056,0.904190113325241,0.904190743472113,0.904191346624673,0.904192136234795,0.90419277228192,0.904193227836479,0.904194194727286,0.904194784006112,0.904194978146372,0.904195442041318,0.904195851401067
0.393128983314112,0.417118626164586,0.475898948335589,0.475898948335588,0.492787638093108,0.492787638093108,0.497321614318678,0.506297245301466,0.555789999830744,0.55594891365211,0.561016882203664,0.564071271832955,0.564288434959063,0.564288434959063,0.564288434959063,0.56671713398852,0.577392567819802,0.635629227296339,0.635657993924259,0.635657993924259,0.635668119437399,0.635668119437399,0.638080239828242,0.639232305043638,0.643150942048562,0.643235212759099,0.656570863194309,0.661477777014926,0.664387481975899,0.664387481975899,0.66460027744828,0.684441759690027,0.688055541212014,0.698695430027552,0.699629010623355,0.700625193541998,0.70657387336458,0.710780209758314,0.725711778626726,0.725981158824543,0.731477969933953,0.73587609084703,0.753992758890934,0.75402447066154,0.757537345465293,0.757685789671823,0.758648490128532,0.79237455618176,0.805456121340913,0.805523893723845,0.807629392752872,0.807656543094417,0.836302283201205,0.836319190739442,0.840145326784683,0.840392592824877,0.84082443778541,0.843750917445149,0.851850253043468,0.852037144453179,0.853237734700797,0.8534838980942,0.854690247460115,0.854712248655614,0.855540107189742,0.855673660335565,0.856262318690624,0.856573305653826,0.858327963432572,0.864977202569572,0.866441051368043,0.866641931736008,0.869880730623753,0.869895651003962,0.872314150174864,0.877736109564386,0.879399148331728,0.879476833311035,0.879770313039859,0.882565504263697,0.883032255664476,0.883105495267086,0.883751374605202,0.883837567562625,0.884253324870364,0.886145048637532,0.88673494079758,0.886907618039249,0.8912959156334,0.891522511054725,0.892018115173861,0.892227670350073,0.892526816099063,0.892736608797091,0.894901318752006,0.895021315918052,0.895280072238028,0.895510659590151,0.895672688147396,0.895875157118954,0.897031651353444,0.897444064131445,0.897539401286301,0.897728863497735,0.897825543780362,0.897931508566649,0.897965799365572,0.89816215279903,0.898345159613403,0.898363020503942,0.898462665184162,0.898500278679858,0.902317371954401,0.902324290106584,0.902398494508974,0.902416992896447,0.902603730833957,0.902630089261448,0.902701164822677,0.902733103127143,0.903017477227782,0.903038752394497,0.903122083606781,0.90314990624586,0.90321067177394,0.903239013425687,0.903329028988457,0.903349435370888,0.903532709053405,0.903578097174773,0.903700651889288,0.90371316363973,0.90433994140434,0.904375363713805,0.904438405475301,0.90446086975331,0.90453088941473,0.904557411576731,0.905237395412855,0.905260250761565,0.90531686981056,0.905330620676573,0.905359834049499,0.905371375456549,0.906490102498392,0.906499548761995,0.907126038184627,0.907153288526208,0.907183278767854,0.907208520298347,0.907242943885915,0.907270149254921,0.907423175841583,0.907447593803733,0.907474697241397,0.907489950193281,0.907529320477499,0.907547583286606,0.907574914002038,0.907587714980434,0.907612734254533,0.90763718958814,0.907664739665101,0.907688938676611,0.907717422752026,0.907742536075256,0.90776133437881,0.907780646161046,0.907813046639765,0.907829719802148,0.907847843716208,0.907858712209713,0.908131581526622,0.908148605915353,0.908167933856335,0.908179428233191,0.908198725543977,0.908210167445782,0.908220613002903,0.908228613230224,0.908241354256533,0.908253839872812,0.908264080705437,0.908291439679271,0.908297428252053,0.908313491381942,0.908326757574159,0.908335896775147,0.90834515821015,0.90835142743067,0.908366287127428,0.908373857516403,0.908532262151389,0.908542678851428,0.908547442346122,0.908565834842072,0.908583497673194,0.908594430346597,0.908603860402016,0.908611639686181,0.908619004658705,0.908627979348541,0.908647739574438,0.908655497736758,0.90866407672184,0.908672072508082,0.908678340083938,0.908691692424561,0.908704687750197,0.908709744500614,0.908723424680255,0.908726451147969,0.908731516885396,0.908743227255331,0.90874925372901,0.908757091874771,0.908763221334698,0.90877090882791,0.908773913572533,0.908782771834982,0.908789636615802,0.908797433573666,0.908806236514751,0.908813961138876,0.90881857347436,0.908826651061068,0.90883244952908,0.908840223690889,0.908846347495004,0.908849196640051,0.908853505941383,0.908857256746976,0.90886141596459,0.90886582349896,0.908868300992772,0.908873976289907,0.908877645639232,0.908884133824934,0.908887053864581,0.908890871117902,0.908897467757932,0.908902346805836,0.908906357741922,0.908910710006608,0.908911617005528,0.908916656247724,0.908919188060691,0.908920783219215,0.90892516962821,0.908933124875611,0.908938203615455,0.908945530746928,0.908949874476704,0.908957557000251,0.908959162300646,0.90896009372903,0.908966842934477,0.908969885188366,0.908972589287637,0.908976627284105,0.908981038779649,0.908984031267133,0.908987589202968,0.908990192614927,0.908992467338107,0.90899582987138,0.908999434968426,0.909000388380914,0.909003468727325,0.909005759345452,0.909008190310469,0.909012532046414,0.909015702420505,0.909017307630315,0.909020227639595,0.909021411498838,0.909023857189102,0.909025268442557,0.909029239225685,0.909030855305865,0.909032876111601,0.909036625693881,0.909039465044909,0.909043245810186,0.909046013609327,0.909048504730533,0.909050672157449,0.909056123427079,0.909060591771323,0.909064746723255,0.909068017555036,0.909069877363553,0.909070708788899,0.909074978214029,0.909188963676367,0.909190650164639,0.909191837266061,0.909194439954043,0.909198612256082,0.909199986052139,0.909201964279178,0.909204548366743,0.909207981442267,0.90921054651323,0.909212511552513,0.909214107750602,0.909216419962589,0.909218526172632,0.909221787659397,0.909225356599786,0.909229760319329,0.909231355135222,0.909233901240489,0.909234916220568,0.909237537335973,0.909242288332564,0.909245135152183,0.909246206461803,0.909249384194038,0.909250876544111,0.909252302008725,0.909254108719699,0.909256511176064,0.909258442537399,0.909259428364645,0.909260671543757,0.909262331329425,0.909264656700878,0.909266642402216,0.909267697646238,0.909270845682412,0.90927206952037,0.909274949540895,0.909276050551735,0.909277243610296,0.909278063214634,0.909279275639445,0.909281985739826,0.909283218793957,0.909286013217252,0.909287364954274,0.909290358888616,0.909291309375526,0.90929339408642,0.909294245440485,0.909296993874577,0.909298525515568,0.90930036040027,0.909301868775599,0.909302860680778,0.909303146893337,0.909304621607157,0.909306044118325,0.909307452809891,0.909308135261497,0.90930922697811,0.909310123424706,0.909311097367962,0.909312834505952,0.909314792827475,0.909315860406066,0.909316420098603,0.909316720564249,0.909317890753264,0.90931892724469,0.909319989977432,0.909321746572151,0.909323086342839,0.909420551508095,0.909422219101124,0.909423486428681,0.909424161608136,0.909424650715906,0.909425595783975,0.909426815085448,0.909427722948211,0.909428734444217,0.909429693767884,0.909430544221796,0.909431550974648,0.909432514845117,0.909434004128041,0.909434398562757,0.909435516272473,0.909437391847986,0.909438261976337,0.909438746554168,0.909440020610235,0.909441400655865,0.909442458271577,0.909443102154968,0.909444242244382,0.909445058115852,0.909445972164649,0.909446537666935,0.909447666871938,0.909448755911511,0.909449274728427,0.909450477732859,0.909451305733079,0.909452533701724,0.909452819235946,0.909453768920011,0.909454097501161,0.909455270491876,0.909455849605065,0.909456661836587,0.90945822421674,0.909459216913599,0.909459720792055,0.909460560439918,0.90946096564898,0.909461119860509,0.909461825525029,0.909462792241391,0.909463166556306,0.909463913696629,0.909464631054807,0.909465771786188,0.909466554758266,0.909466760386962,0.909467879678733,0.909468273251048,0.909468499480081,0.909469425271249,0.909470075347302,0.90947039313866,0.909470719941995,0.909470946358971,0.909471364413246,0.909472128616897,0.909472589961633,0.909518058131852,0.909518364875921,0.90951911752158,0.909519561420264,0.909520337856482,0.90952094110488,0.909521741569072,0.909522467944992,0.909523024079443,0.90952330308404,0.909524246563819,0.909525173920144,0.909525697011853,0.909526737892872,0.90952776478027,0.909528581842384,0.90952906119996,0.909529883035848,0.909530043893163,0.909530386694513,0.909530829385055,0.909531825927017,0.909532756502294,0.909533485503885,0.909534101298214,0.909534473284882,0.909534883052937,0.909535278496664,0.909536324575927,0.909536920537023,0.90953730261727,0.909537529333467,0.909537658762361,0.909538511337359,0.909539335476999,0.909539656416946,0.909540486923638,0.909540761256766,0.909541504535971,0.909541680252478,0.90954209947075,0.909542731364055,0.909543277300063,0.909543693230393,0.909543929041357,0.909544228496204,0.909544542637868,0.909545003261716,0.909545050921722,0.909545931399918,0.909546004575427,0.90954668190101,0.909547010597112,0.909547269271228,0.909547847076516,0.909548261609769,0.909548974621887,0.909549590657981,0.909549719992301,0.909551056167663,0.90955166286836,0.909552017138207,0.909552630676605,0.909553016347719,0.90955395579717,0.909554293985009,0.909554519023141,0.909554754958408
0.414244435096998,0.428728408268002,0.436033347208001,0.457499638822728,0.494648524903842,0.495204793249907,0.497232322820413,0.497232322820413,0.504740854830905,0.579500886783437,0.581232294063659,0.581232294063659,0.587079177133932,0.587088633509806,0.59065698499303,0.59065698499303,0.590676591411686,0.590676591411686,0.593685447338261,0.593685447338261,0.599262519294603,0.627284345121331,0.627481290454888,0.627481290454888,0.665629782809565,0.666099539233462,0.677599702513683,0.705634298850181,0.706021196203072,0.706021196203071,0.723003799804308,0.724521324536767,0.731459272464883,0.731459272464883,0.733888970133858,0.73442486368707,0.758142429614179,0.75850613624796,0.765805619667207,0.765955669371825,0.782114004705285,0.782263441453264,0.796059949055882,0.79667901087575,0.799558365215157,0.799683672691146,0.813932441991747,0.814222475072906,0.815031153579185,0.815590370145996,0.839901950280067,0.840258542642875,0.846399581336197,0.846521005933894,0.856574935773943,0.861076694608706,0.86183437326219,0.862076767737627,0.863788049525962,0.865443626600843,0.865843266955106,0.86600518860175,0.870012203994175,0.870246780950087,0.876949535980795,0.877014500870917,0.878592326185768,0.878638835849092,0.879888057089926,0.881633523148979,0.882585056668239,0.882983076805421,0.883510100711505,0.883564628792532,0.884855650578438,0.886679064716672,0.887019598994183,0.887123026529487,0.887524094425273,0.88755837014168,0.891333010778184,0.891485240168745,0.892002073448089,0.892209052661819,0.89259684598143,0.892740594886939,0.893111231149144,0.893584221008685,0.893890467183429,0.894049669975955,0.894205090064269,0.894261348196685,0.894537514107078,0.89480242762515,0.895481681726743,0.895615723600548,0.895682189967843,0.895782937142799,0.895984638935385,0.896168382920595,0.896291422602296,0.896320111710454,0.89650139092621,0.896535477402609,0.896730257157983,0.897316933829255,0.897532420781482,0.897550343926312,0.897808812629551,0.897828582807682,0.898101983271882,0.898152450158339,0.898306655379957,0.898327924056209,0.898483042416972,0.898554071986771,0.898674386134122,0.898695080192181,0.898777524141083,0.89879805503866,0.899495187860415,0.899555432162961,0.900005046417264,0.900074459567867,0.900137202025128,0.900221024766366,0.900323138613475,0.900357681746343,0.900429109373688,0.900498332910943,0.900571354222258,0.900590957848287,0.900849176365281,0.900893645715329,0.900940105101631,0.900969461910711,0.901020922018761,0.901061936047158,0.901113802601464,0.901140725349586,0.901171701923451,0.901203374856068,0.901270942355016,0.901297975833124,0.901339421695544,0.901352210548595,0.901385673927523,0.901411704299468,0.901437638883118,0.901454813023478,0.901474112900067,0.901492274505708,0.901525778741457,0.901555545824448,0.901577352912119,0.901599320107076,0.90162698076927,0.901654031615154,0.90167641877042,0.901698441653492,0.90172726159425,0.901734930704071,0.90176479164159,0.901778016312019,0.901797185712387,0.901826195431752,0.90184663342346,0.901868550760451,0.901900823083417,0.901927043872598,0.90194660988312,0.901978054905235,0.902002625851509,0.90202304437808,0.9020477187558,0.902060466145495,0.902083896469251,0.902091498909777,0.902102611072203,0.902113019572632,0.902129652845451,0.902144123481193,0.902157628401046,0.902171785189615,0.902190194843954,0.902207823754968,0.902226653605157,0.902236347529654,0.902245352962388,0.902256604256321,0.902272976379972,0.902280175601572,0.902293452369765,0.902302729406839,0.90231356341398,0.902326334133391,0.902339250317653,0.902343648143664,0.902351970956923,0.902364015342894,0.9023718658345,0.902378760088319,0.902385729099604,0.902398861486513,0.90241287433997,0.902423407818356,0.902433560102664,0.902442497223076,0.902447959048613,0.902456880297913,0.902462614758633,0.90246738998979,0.902472946823452,0.902479771335671,0.902486965875543,0.902499871757828,0.902966947612991,0.902971007229945,0.90310259252104,0.903113651053413,0.903122106162494,0.903128218854936,0.903135263711509,0.903143232227736,0.903153236141063,0.903158995559804,0.903163555209851,0.903172923486554,0.9031796783599,0.903183586441822,0.903190031679523,0.903193535509578,0.903200930017014,0.903204968540426,0.903212193725088,0.903216237435228,0.903220392983785,0.903225936538379,0.903232091423382,0.903238248052097,0.903241709343366,0.903246765027461,0.903252384467392,0.903257095174103,0.903263452426876,0.903269044040089,0.903273313425602,0.90327875892093,0.903282889410283,0.903286815353166,0.903289585062924,0.903294072999181,0.903301271575462,0.9033046289728,0.903309220457473,0.903312412389372,0.903315717279125,0.90331730145899,0.903319321931434,0.903323268739406,0.903327865701698,0.903332041875721,0.903337654105433,0.903340840403915,0.903342742082364,0.903346752057675,0.903350930589077,0.903354225167789,0.903356481277876,0.903362852784277,0.903368300545567,0.903369859174198,0.903372260781679,0.903373447436734,0.903376485059187,0.903379522960288,0.903382945831131,0.90338829764316,0.903389967834406,0.903391819917469,0.903394678977131,0.90339798135573,0.903400243403519,0.903403933856085,0.903408035583786,0.903410684369159,0.903414448783173,0.903417348774543,0.903420969416957,0.903424557091021,0.90342769208797,0.903431231331101,0.903432325718247,0.903433841365146,0.9034377664505,0.90343954621542,0.903441078812794,0.903443179271569,0.903445937055816,0.903448562487823,0.903450203834819,0.903452233352445,0.903454444138916,0.903455226527504,0.903456612887855,0.903457991133339,0.903459249369753,0.903461379828794,0.903462797872733,0.903465954286603,0.903467410739351,0.903470035642737,0.903471493747558,0.903473906089156,0.903475699846974,0.903477099833756,0.903479240712868,0.903480344651365,0.903483305211814,0.903486091062983,0.903487889726978,0.903489907016907,0.903491242665314,0.903491643632203,0.90349215588205,0.903492582556828,0.903493620067091,0.903494704779731,0.903495916594683,0.903496781535318,0.90349972834468,0.903500591653516,0.903502214420554,0.903504188467542,0.903505716625219,0.903507081049825,0.903508397210117,0.903509277670626,0.903510074911919,0.903511693765226,0.903513291523087,0.903514528621116,0.90351556010768,0.903517113690151,0.903517973219226,0.903519684848418,0.90352049301592,0.903521305799331,0.903522444682899,0.903524223438073,0.903524971435498,0.90352623470194,0.903527334714122,0.903529218040956,0.903529916426002,0.903531167014904,0.903531988449613,0.903532403463211,0.903532977680199,0.903534602423319,0.903535514081441,0.903536375197011,0.903537558827222,0.903538924653041,0.903539813444263,0.903541177940133,0.903542201737401,0.903542913053501,0.903543476079395,0.903544366134379,0.903544862786063,0.903545650342386,0.903547163227493,0.903548142949188,0.903549569528359,0.903550198030415,0.903551498009861,0.903553191508746,0.903553700741621,0.903554969487108,0.903555583396492,0.903556581643785,0.903557421045698,0.903558015221772,0.903558535985107,0.903559164435193,0.903560129550005,0.903561290421777,0.903561924102196,0.903562393309922,0.90356300656459,0.903564411463907,0.903565270670653,0.903565404748572,0.903566105921779,0.903567220874939,0.90356859589485,0.903569553337521,0.903569943313539,0.903570778901351,0.903571783788584,0.903572360428756,0.903573422954472,0.903574084583938,0.903574744415407,0.90357494238194,0.903575805167764,0.903576138021416,0.903577109874033,0.903577271190346,0.903578455603365,0.903579251404885,0.903580331755477,0.903581010145627,0.903581765004535,0.903582379725992,0.903582803354391,0.903583621410534,0.903584770738182,0.903585259594217,0.903586265081287,0.903586672080192,0.903587410787117,0.90358792689665,0.903588374580262,0.903588737811909,0.903589434785289,0.903590101275265,0.903590853313566,0.903591247649319,0.903592254211057,0.90359275730066,0.903593494119964,0.903594145491838,0.903595105508785,0.903595953729125,0.903597426501017,0.903597870989601,0.903598344963467,0.903598806512759,0.903599539829244,0.903599834336757,0.903600221014169,0.903601150122596,0.903601605227927,0.903602235637589,0.903602811865127,0.903603710066233,0.903604266479777,0.903604707099485,0.903605209811733,0.903605821039617,0.903606318183805,0.903607066841696,0.90360742821977,0.90360818315506,0.90360869809993,0.903609198709696,0.903609804803087,0.903610806792867,0.903611346028913,0.903611762918927,0.903612467757115,0.903613567027902,0.903614173438394,0.903614812724277,0.903615550005715,0.903615618411163,0.903616146482566,0.903617250093666,0.903618284508442,0.903618564211482,0.903618866072904,0.903619087401221,0.903619713979987,0.903620117068463,0.903620642041491,0.903620761288153,0.903621647382735,0.903622210168734,0.903623228869926,0.903623979604385,0.903624542613871,0.903625512994565,0.903625870910084,0.903626543177406,0.903626930013033,0.903627103828736,0.90362766439054,0.903628432412964,0.903628702367977,0.903629286944339,0.903629915328095,0.90363023768624,0.90363123213136,0.903631606147493,0.903632639583327,0.90363308717546,0.903634077890833,0.903634460621596
0.3912503395396,0.512709352960011,0.517367310990032,0.517367310990032,0.517367310990032,0.517367310990033,0.576182636386935,0.576182636386935,0.578198304323561,0.579105737744808,0.589021373330347,0.589068333987383,0.589105750452778,0.589105750452778,0.604193928247985,0.604211460639661,0.604211460639661,0.604332067215993,0.604791818468999,0.604791818468999,0.611841073212271,0.611841073212271,0.619041333886546,0.628831044690907,0.648229033569089,0.648270822794623,0.671103252292838,0.671360379033359,0.672068917187088,0.67301916896112,0.690602548619437,0.690602548619438,0.74425959515016,0.744279623187233,0.744782021841048,0.744782021841049,0.744782021841049,0.744782021841049,0.744782021841049,0.748161820010574,0.761754893539586,0.761754893539586,0.769906419471718,0.769906419471718,0.771880755236188,0.771880755236188,0.789725353537338,0.790063443627996,0.800355011024222,0.800655409109416,0.814483121309677,0.814483121309677,0.82179591309387,0.821807725019484,0.821876590547444,0.822758973563566,0.824246235292929,0.824246235292929,0.82505694948958,0.82505694948958,0.826015297266044,0.826579858732302,0.828675626336133,0.828775666436634,0.828958509100784,0.828958509100784,0.829616524325401,0.846318597547698,0.849244525358684,0.849393544166927,0.849498932420136,0.849550841938286,0.849786091338549,0.849978719748282,0.85139638559967,0.851408415305051,0.851659269218746,0.85254182463564,0.860418112790786,0.86052685494577,0.860937265573087,0.860938511161249,0.861308285062294,0.861356335857766,0.861566968945723,0.862871126988688,0.864073236401053,0.865457207842625,0.867967001189949,0.868029115443613,0.87152863171887,0.871733014623354,0.871793342407353,0.871941713114486,0.875975797696228,0.876090959986925,0.87648079204034,0.877149017896032,0.877672805917939,0.877695281536263,0.878030004342053,0.878070958047275,0.878286400638867,0.878418406881036,0.879760683344883,0.879994315633442,0.880414937970047,0.880528704127674,0.880720589985951,0.880837639301225,0.88381702676638,0.883896232326267,0.884143773991297,0.884598671645717,0.886160278850033,0.886401909392568,0.886869153076559,0.887061265303235,0.887400348238314,0.887587570128272,0.888802561811484,0.889150779281703,0.890224268851594,0.890804998366689,0.89160439005361,0.89186727254799,0.892923026476908,0.894213505028645,0.894584141969985,0.895018235130094,0.895901709029926,0.896412895248213,0.896919105686287,0.897360024891437,0.897564469628643,0.89782931680324,0.897944195727076,0.898517553128109,0.898718030449275,0.898988757319533,0.8990204946728,0.899635923875631,0.899700392520987,0.900398205289264,0.900654688547585,0.90104434745186,0.901053690440779,0.90157064283379,0.901637896726193,0.901752826577364,0.901809495683515,0.902024701991175,0.902182859188911,0.902283141417957,0.902675676523703,0.902703429979403,0.902991033256471,0.902993601557101,0.903277241530673,0.903301310169318,0.903481881678473,0.903494055623986,0.903800225256783,0.903803889268277,0.903966936733203,0.903972185675583,0.904092345460137,0.904121706367098,0.904283219256753,0.904299132298042,0.90449188694427,0.904573854186399,0.906548342825761,0.906562595078256,0.906727520460951,0.906776818255184,0.906975649365918,0.907001909118707,0.907195838545999,0.907257970280307,0.907466402533394,0.907469621789299,0.907581517210008,0.907613426241347,0.907768448812121,0.907798959145846,0.907896121443696,0.907939119935231,0.908085731308685,0.908282880389368,0.908384964706295,0.908436137883519,0.908539405742805,0.908578004586535,0.908675054259638,0.908702662879209,0.908821010171185,0.908845914354966,0.908956994913123,0.908998270393817,0.909063521544156,0.909091156805579,0.909148650409199,0.909186084188812,0.909265689256591,0.909290595422805,0.909349109703302,0.909372018386282,0.909415302810214,0.909458461002629,0.909579720536741,0.909610170594182,0.909702949110878,0.909731736667365,0.909783520517163,0.909801690230945,0.90983105556295,0.909943272609622,0.909968639788267,0.910003626613201,0.910041377402324,0.910067734000042,0.910097382473885,0.91013249971808,0.910165365010126,0.910191527547632,0.910219819243203,0.910237665509663,0.910272315038094,0.910295502857629,0.91031463670385,0.910335878853422,0.910358494591317,0.910387380312698,0.91042208331781,0.910432190153033,0.910451428014678,0.910459825074176,0.910476274226048,0.910494889873929,0.910523694087581,0.910543947858448,0.910558745176102,0.910577388313269,0.910607870232135,0.910620368278074,0.910644239411479,0.910679840590723,0.910688316209692,0.910703914252663,0.9107172040786,0.910737760707777,0.910750220783156,0.910760365810016,0.91077967291806,0.910789376119196,0.910802148056405,0.910819302006821,0.910831131239071,0.910841239765102,0.910849485904894,0.910867195787223,0.910875918072451,0.910889873047348,0.910898453562456,0.910911413049891,0.910933555116833,0.910944913807954,0.910952600284314,0.911054745533588,0.911069363830616,0.911075455257087,0.911084613668873,0.91109687006834,0.911113656493057,0.911121250572776,0.911137387658429,0.911146548206516,0.911150860718555,0.91115985430498,0.911171669501099,0.911174485306528,0.911248495118681,0.911258173133518,0.911270365550544,0.911277275653387,0.911285396436826,0.911298114554989,0.911310534541978,0.911322473427363,0.912000775123143,0.912006695478516,0.912019468536085,0.912023515460094,0.912029198167755,0.912040181218461,0.912048328781801,0.912059326560691,0.912067418101787,0.912074424980632,0.912083002841369,0.912091280627271,0.912100284727443,0.912105259598966,0.912113410409295,0.91211586307988,0.91212646658392,0.91213688021164,0.912142172468991,0.912146131670437,0.912148912919062,0.912155232848252,0.91216076820509,0.912163983218134,0.912168818292062,0.912175843526476,0.912181323071196,0.912183184562829,0.912191017629276,0.912198291776463,0.912204529933936,0.912210363039638,0.912218016033204,0.912222400283187,0.912226704739113,0.91223043818896,0.912235438184906,0.91224181852194,0.912251429584596,0.91225803818535,0.912321682805226,0.912327789230377,0.912333486767538,0.912337637628994,0.912341190533418,0.912344100731434,0.912347524150677,0.912350698169559,0.912354766157609,0.912357617085161,0.912838205865392,0.912841490422152,0.912843611293529,0.912847821930456,0.912854909190733,0.912857814514668,0.912862338039134,0.912864930278419,0.912869790824033,0.912875086978406,0.912878194024449,0.91288215288638,0.912887407333811,0.91289089752683,0.912895892913078,0.912900754750871,0.912965234576314,0.912966230589839,0.912968897817849,0.912971239990784,0.912974416596948,0.912975460187624,0.912978853745447,0.91298067860463,0.912984041733602,0.912985339754464,0.912988742164363,0.912990425714174,0.912993106359416,0.91299419325762,0.912997299984964,0.912999163040968,0.912999797265208,0.913002165323272,0.913003261866522,0.913004932924762,0.913008305216733,0.913012058789063,0.913014463401101,0.913016944648587,0.913018758476929,0.913019905108159,0.91302190968713,0.913024797067171,0.913027911266194,0.913031026713977,0.913034015642141,0.913037109434491,0.913040092089803,0.913042190485036,0.91304700833333,0.913049307234352,0.913053057784976,0.913054622722463,0.913058847272772,0.91306038144304,0.913063744390735,0.9130684714241,0.913070797934485,0.913072156316505,0.913073369329954,0.913077906654184,0.913080566334656,0.913082399637073,0.913084186170188,0.913085952006286,0.91308939267938,0.913092309349994,0.913095974893781,0.913098226801157,0.91309954369234,0.913100807737735,0.913102202573441,0.913103807810405,0.913106170080197,0.913108259735108,0.913110068977945,0.913112542471322,0.913176578197134,0.913179634918174,0.913180806236895,0.913182279887236,0.913182908460023,0.913184057533987,0.913185774068138,0.913187668225384,0.913188909349579,0.91319073216939,0.913192859302766,0.913194584349117,0.913195836773392,0.913198257223357,0.913199965459448,0.913201166681525,0.913202326220864,0.913204027972902,0.91320593558208,0.913207228955905,0.913210072633956,0.913211629905639,0.913212706632802,0.913214110882503,0.913215369212942,0.913216570726558,0.913217369530449,0.913217936892673,0.913255820330506,0.913256812723625,0.913258134314472,0.913259697390047,0.913261118551551,0.913261786618142,0.913262829455617,0.913264251281245,0.913266872119832,0.913267920036412,0.913269105019056,0.91326979531533,0.913270919230275,0.913271605202726,0.913272596835541,0.913273750769688,0.913274612429829,0.913276203839388,0.913276885143692,0.913278747232181,0.913279845212961,0.913281660751124,0.913282717816231,0.91328396491292,0.913284418187875,0.913285624860156,0.913286280298858,0.913287448101503,0.913288451215616,0.91328921071054,0.913291095569954,0.913291763166289,0.913856089247726,0.913857020893081,0.913857299725601,0.913858996964697,0.913861630911683,0.91386285880596,0.913864023436077,0.913864769767338,0.913918712956819,0.913918921197296,0.913920109047455,0.91392137440864,0.913923046674384,0.91392319317292,0.913924088229892,0.91392528244636,0.913926375507908,0.913927162435415,0.913929210779119,0.913929536671001,0.913930844639441,0.913931615750366
0.424890445834468,0.431751839201256,0.481640426173271,0.481646203637701,0.498799904611375,0.498799904611375,0.509710914410021,0.509766551773674,0.729774555225013,0.729774555225013,0.7377124855331,0.737712485533101,0.743632176858069,0.743632176858069,0.743632176858069,0.743632176858069,0.745446378836426,0.745446378836426,0.746249603554743,0.746249603554743,0.751615781668718,0.751615781668718,0.751615781668718,0.751615781668718,0.752172190831291,0.756048047387309,0.756048047387309,0.756048047387309,0.759283250832099,0.759283250832099,0.759305595763851,0.759411084458748,0.764504026642613,0.764504026642613,0.764764807972969,0.76476480797297,0.768244555854741,0.768244555854741,0.771822750391594,0.772519175692439,0.776432040851047,0.792564262918082,0.79283821382739,0.81002873052728,0.82379021169067,0.82379021169067,0.829768252270951,0.829796628607249,0.833021585355251,0.833021585355251,0.838652446169635,0.839172141164654,0.839500368156364,0.839550685806039,0.845914410165266,0.846079825858464,0.846558105132722,0.846797431080338,0.847662661799756,0.855534424180673,0.857864334227868,0.857957980891637,0.868119852807948,0.868131723845443,0.868275775378374,0.868675189580207,0.87330058322486,0.87330058322486,0.876074352997503,0.88030020573493,0.881184131945759,0.881331353430276,0.882179584521123,0.882288166903772,0.886986381481065,0.887194873545057,0.88833278546511,0.888349218944302,0.888658395235193,0.888736722510208,0.889800915775409,0.889806709435907,0.890573411275708,0.897728835687607,0.898448222034751,0.898634579871243,0.898812458421903,0.898834770384633,0.899057518087706,0.899329439448818,0.899527829792579,0.899558551584656,0.901897159061298,0.901947773948463,0.902865541182194,0.902935190032366,0.903241478025294,0.903246731779415,0.903602601264823,0.903747367966973,0.904063899775033,0.90429465246482,0.904356566242908,0.904548074999513,0.90458349685125,0.904682886696223,0.904782942285798,0.904983798797252,0.905000168486081,0.905033542284738,0.905040737848881,0.905327821617404,0.905436858153658,0.905570105483701,0.905629708387795,0.905749693312417,0.905860142785358,0.905987686268096,0.906177873626641,0.906512771774849,0.906671375022558,0.90696372047546,0.907117985279192,0.907289005125654,0.907310059365009,0.907313144465544,0.90736223465956,0.907426747148186,0.907500333072941,0.907627538595966,0.907659341113291,0.907902319047988,0.908109403261059,0.908176961608485,0.908186231355572,0.908279067666553,0.908670562724605,0.90871283957594,0.908755062422868,0.909163483327723,0.909166663347306,0.909271324430658,0.909779629092865,0.909834381701533,0.909991540692276,0.910052197219942,0.910310942567686,0.910312077885556,0.910351606320862,0.911389325474718,0.911456437308806,0.911464199034931,0.911612044391992,0.911615681157268,0.911629224349517,0.911646385919714,0.911713957242579,0.911716186408428,0.911815856548894,0.911816948644267,0.911982998919645,0.911997161950129,0.91222729364249,0.912627133619454,0.912635698203681,0.912642483769268,0.912792074911051,0.912885414972971,0.913281239599325,0.913291105170301,0.913451787736248,0.913453657458883,0.913533253104868,0.913555896850569,0.913597902873589,0.913599707161717,0.913640808790901,0.913645452623164,0.913708132119686,0.913721432503102,0.913801091326634,0.913806054178771,0.91401063642646,0.914014814332816,0.914063012377855,0.914069032729207,0.914099826579945,0.914101397797407,0.914250907622977,0.914253226728029,0.914265700829476,0.914283180872703,0.914313652277906,0.914317848425161,0.914386665243972,0.914391409194836,0.914417485685747,0.914428302746966,0.914432365551832,0.914465940859787,0.914544555227885,0.914552427448537,0.914606137082252,0.914611261500803,0.9146322076888,0.914635531085937,0.914657456209909,0.914661296837833,0.914693459570685,0.914708459313217,0.914752413724233,0.914766174160255,0.914837108802346,0.91484159458278,0.914907410377436,0.914915357597684,0.91496541446662,0.914968027416742,0.914976224290857,0.914981676169156,0.915120904430176,0.915126631732682,0.915181746102125,0.915185841097543,0.91520878419008,0.915222999832418,0.915288449571599,0.915304123218333,0.915334833314166,0.915356382116086,0.915481911709714,0.915502051352479,0.915535763843556,0.915557245895715,0.915586812352878,0.91558959670152,0.915658620713657,0.915665978769287,0.915745668776887,0.915747366190709,0.915792234318784,0.915801894016494,0.915851467804999,0.915857810376689,0.915879964416063,0.915901178021544,0.915954484053449,0.915968583127986,0.916007678514872,0.916033807972883,0.916084712712822,0.916090609645085,0.9161361729591,0.916143565372809,0.916159031179835,0.91618345116351,0.91619060446259,0.916197875525709,0.91623070275834,0.916233734187559,0.916250496057478,0.916266055331434,0.916353481478,0.916363348106745,0.916399196265477,0.916404089337097,0.916417418764026,0.916421891021333,0.916452341548022,0.916464800089004,0.916473244603418,0.916477195294207,0.916499604905998,0.916815691960711,0.916837077736589,0.916854875898267,0.916865031112459,0.916871890497582,0.91700243596958,0.91701073201442,0.917025420065058,0.917034873087518,0.91706892355131,0.917082689725606,0.917088454063936,0.917092232944013,0.917106366007051,0.917122390875411,0.917138424721126,0.917143021281941,0.917151272719114,0.917159694301256,0.917186622365043,0.917194271560829,0.917219159325275,0.917226119619816,0.917252508987613,0.917260957123019,0.917271308326067,0.91727663413222,0.917292251716098,0.917307856968698,0.917312184009058,0.917314544024577,0.917334780972385,0.917340886746842,0.917344229314882,0.917355758657742,0.917367106444558,0.917395921558922,0.917410299170194,0.917417882431102,0.917430829688608,0.917440010011428,0.917456204921294,0.917462879225577,0.917466484755183,0.917470801504393,0.917491904525899,0.917494384133865,0.917515960257588,0.917523340518207,0.91753368509993,0.917551735873608,0.917562570013071,0.917569890237156,0.917594308154003,0.917614574368182,0.917624168437519,0.917630860670733,0.917643396871637,0.9176587510732,0.917667062169378,0.917668328426239,0.917675364249985,0.917683314253195,0.917692459249931,0.917700991003562,0.917710461725388,0.91771384826723,0.917719483817847,0.917724879102029,0.917739619426434,0.917749592366771,0.917760610211699,0.917762896148304,0.917768451485748,0.917778038502582,0.917807133758327,0.917813497453033,0.917814890013852,0.917823878876896,0.91783304806774,0.917836371535924,0.917841639350435,0.917845499420848,0.917848804241974,0.91785391281882,0.917864662273256,0.917867253583865,0.917877404171712,0.91789015298418,0.917898518735256,0.917905376959434,0.917913763975493,0.917916006270011,0.91791973236551,0.917922753323814,0.917925819241144,0.91795308386948,0.917958694651971,0.917960013506874,0.917978354288535,0.917984967240808,0.91799826842176,0.918000992560511,0.918014691582341,0.918024067669982,0.91802645522662,0.918029711706406,0.91803268579018,0.918035689150811,0.918050061904415,0.918054439991119,0.918061657608463,0.918066432462443,0.918072896733077,0.918079223259746,0.918089570446828,0.918095331932038,0.918099551405555,0.918103215132635,0.918112727539439,0.918118648651926,0.918124124452669,0.918127747366178,0.918139050086138,0.918141841773344,0.918148464723742,0.918151615372861,0.918158004656017,0.918160955497244,0.91816880539844,0.918169184583427,0.918174015706874,0.91817904794694,0.91818614684749,0.918190982132942,0.918196541717539,0.918198874259047,0.918205519404511,0.918211145586395,0.918214686595941,0.918219601839776,0.918223714477184,0.918228911141692,0.91823884666736,0.918240657731936,0.918241663127248,0.918245870593219,0.918248307457073,0.918250250035263,0.91825097584274,0.918253810822331,0.91825645147073,0.918258164460224,0.91826028480256,0.918265407238267,0.918268128403663,0.918275264744996,0.91827841820326,0.918284439045665,0.918300819637773,0.918304052095449,0.918305894265245,0.918307158438017,0.918310471774354,0.918312368969504,0.918312848425965,0.918314462131363,0.918318250432902,0.918323509453079,0.91832839973675,0.918331247472879,0.918335569902886,0.918336567806893,0.918339789415319,0.918342254502223,0.918346527079238,0.918352907879534,0.918357002203409,0.918360424256635,0.918363651183705,0.918366491490813,0.91837069363409,0.91837108424095,0.918371985204551,0.918372683562751,0.918374363532158,0.918379905697098,0.918381360883608,0.918382902884881,0.918385114660144,0.918386611300529,0.918387977481136,0.918390463482822,0.918393955527226,0.918395285050898,0.918401494682768,0.918405692523449,0.918411338109879,0.918412558071484,0.918415412186683,0.918418129987359,0.918420564568908,0.918421171737465,0.918422474636236,0.918425155661841,0.918429334304538,0.918429877898896,0.91843153746655,0.918433780918308,0.918443147859306,0.918444616862675,0.918447616338192,0.918448731665615,0.918452053863256,0.918454505439629,0.918464191721332,0.918467839429256,0.918469303715286,0.918471293976129,0.918476989778429,0.918478062914437,0.918619004689339,0.918619513595721,0.918623525644708,0.918624815181059,0.918627779450904,0.918628626748946
0.395189891034116,0.445582830726404,0.445584822861151,0.45205731876322,0.455252826031849,0.455711648483601,0.502202449411382,0.505037246533267,0.505478631540306,0.505478631540306,0.50548672691198,0.50548672691198,0.505668391809615,0.505803338896673,0.507296112812745,0.509053270070832,0.511225218507086,0.51125614026606,0.546384091755581,0.546384091755581,0.548616601317153,0.55622971738937,0.559582428169064,0.565145775747066,0.568507259892131,0.578824690015636,0.605298007746007,0.605298007746007,0.619824758463042,0.619824758463041,0.628498469204839,0.628498469204839,0.669345124041751,0.701202832807219,0.701264174431648,0.701264174431648,0.704524325093905,0.704524325093905,0.717419050214031,0.717419050214031,0.770529200938795,0.771469319972536,0.77160978976878,0.771611056574352,0.772060585779986,0.772060585779986,0.774596410266356,0.775585561467972,0.778344964688048,0.778344964688049,0.789802046655025,0.789802046655025,0.799423720763007,0.800275180120915,0.800503940132519,0.800708124393028,0.800927209497726,0.801271103935532,0.812025565719515,0.812711782951928,0.813037290064988,0.813037290064988,0.821579494416004,0.822402931218913,0.82591871254457,0.826082669507597,0.826370349666777,0.82640622063589,0.829853834157087,0.829896748481467,0.833382220929435,0.833401539554479,0.833563135446847,0.833596669929911,0.843612492126046,0.843780401806501,0.848414996356466,0.848426118486448,0.850013547247785,0.850041363123475,0.852043573130603,0.852046534285658,0.852232979970426,0.852264059423481,0.858100934310566,0.858133164153999,0.859253769818967,0.859364418238205,0.860338462932338,0.860389788765842,0.871097949318285,0.871624858816857,0.871711405235043,0.871755722019626,0.8722850425419,0.874408921991954,0.874504916366142,0.874949731677655,0.875010666754867,0.875111000876711,0.875251929299322,0.87525792213422,0.875334998168256,0.879897245402975,0.881259651771288,0.881375696786042,0.881529682981397,0.881532033839823,0.881993107767443,0.882029713257198,0.882154295249068,0.882244235540058,0.882307826516788,0.88232414986197,0.882413389808341,0.883429793787885,0.885389835951908,0.885606131929256,0.885626414278283,0.885660454581169,0.90973772515707,0.909752018071999,0.909794772405617,0.915928273205627,0.915940604860583,0.915948454488834,0.915957467826336,0.916997202007125,0.917183660225507,0.927070715545986,0.928097781352885,0.928133411563861,0.929063806058322,0.92908095468905,0.929174539669325,0.929192676999286,0.92924237024128,0.929252793826554,0.929269416587317,0.929297848329372,0.929313278795937,0.929315948436337,0.929337027207443,0.929527258859892,0.929556177381803,0.929581587809925,0.929675024032889,0.929689589771545,0.929775193883582,0.929778518030948,0.929801271913647,0.929814463676961,0.929864440930734,0.929872377602094,0.929905073112944,0.929909036764565,0.92994202406358,0.92994784122537,0.931135595395968,0.931137521479901,0.931219199861658,0.931221379630744,0.931298886556715,0.931302107243348,0.931327699254097,0.931332231589586,0.931391536078945,0.931393880989869,0.931453671160062,0.93145577565634,0.931472947921768,0.931478310685373,0.931493864956189,0.931499071791514,0.931516003935266,0.931518985412693,0.931536288684707,0.93153809257446,0.931595256684283,0.931603101705194,0.932392060994865,0.932397834173943,0.932418677063799,0.932420797022525,0.932446052444059,0.932461168109715,0.932485803433836,0.932489765465734,0.932509811572901,0.932526382762185,0.932553867745485,0.932557795843067,0.932579139283058,0.932581666687566,0.932641464689462,0.932641702672426,0.932703713423809,0.932706988192441,0.932715694449951,0.93271772117742,0.932760920527924,0.932763988415707,0.932779187314801,0.932783389233323,0.932805731595824,0.932809258624352,0.932815430216931,0.932821188462588,0.932832091602064,0.932833466990534,0.932842119727618,0.932843179197343,0.932853157976607,0.932854591125823,0.932874539383358,0.932876960367838,0.932900150499135,0.932902905466546,0.932928304276683,0.932930660379946,0.932938310800021,0.932940932813832,0.932981604537164,0.932986513533375,0.932996201042201,0.93300447703424,0.933015348049702,0.933017986820202,0.933024971861978,0.933030792283494,0.933038954722195,0.933047688881188,0.93308113008262,0.933084362321357,0.933093673546424,0.933095248655268,0.933122267106141,0.933127990505359,0.933145077401153,0.933148220949878,0.933160851063134,0.933168629966327,0.93317901715685,0.933179668834967,0.933186148054674,0.933190481152956,0.933202695913555,0.933213151708752,0.933218967464646,0.933222183096513,0.933232554964465,0.933235986431564,0.933241863066348,0.933246749509998,0.933262418867543,0.933267998107791,0.933276760722384,0.933282685081013,0.933306949829739,0.933309081308451,0.933314032663477,0.933317346477524,0.933901991786137,0.934043567875124,0.934049797932056,0.934053657598306,0.934059810770033,0.934062535833005,0.93406573258299,0.934073907794095,0.934081683931925,0.934086613501604,0.934094516520239,0.934096475919265,0.934102821047714,0.934104329258791,0.934108636775415,0.934114287094727,0.934122617577422,0.934127738839389,0.934134644781084,0.934140290330219,0.934142617605451,0.934147785761619,0.934813483996847,0.934816989240286,0.934821627797798,0.934823948121718,0.934826169710545,0.934827087221332,0.93483207947248,0.934834440149078,0.934835372635285,0.93483907612162,0.934843884553998,0.934849150122558,0.93485453345179,0.934856160308164,0.934857995182854,0.934858526329306,0.934879447439399,0.934881469633275,0.934883960824579,0.934885396599753,0.934887881718974,0.934892257899666,0.934894853179505,0.934896119269191,0.934898356225115,0.934899800375993,0.934905540169231,0.934907128072689,0.934910109098132,0.934912693207614,0.934918153620042,0.934918754324902,0.934921627783147,0.934923384978387,0.934924458959018,0.934929350712722,0.934932338686109,0.93493401895799,0.934935984445664,0.934938970431194,0.93493993334957,0.934940326937861,0.934942561774587,0.93494513868967,0.934947991470872,0.93495008059965,0.93495237291171,0.934954815849544,0.93495607396354,0.934956990318949,0.934958363054653,0.93495951736842,0.934960839877222,0.934963211439255,0.934965252625592,0.93496674058733,0.934968282027577,0.934970827852861,0.934973603580266,0.934974444559887,0.934977574101428,0.934980188818573,0.934981316479493,0.934982713765057,0.934985519805861,0.934986568777534,0.934992455604671,0.934993635637762,0.934994642386585,0.934995887503113,0.934997160485668,0.934997935626808,0.934999806665967,0.935000987108642,0.935003783859677,0.935005263848379,0.937350927182786,0.9373527874288,0.937353210478374,0.937354402106055,0.93735525861499,0.937356207257841,0.937357772094547,0.937359162933127,0.937360499477499,0.937362120017799,0.937363868350179,0.937364543347481,0.937366460300032,0.937367633626203,0.937368607595079,0.937369247184794,0.937371927311222,0.937373415993902,0.937374095399417,0.93737457023816,0.937377605099852,0.93737870902506,0.937379369144836,0.937379992072975,0.937381106482298,0.937381683971215,0.937382245806255,0.937384068321415,0.937384944940529,0.937385430733519,0.937386574830069,0.937387776701752,0.937388590760671,0.937389377603156,0.937389707045808,0.937390287438575,0.937390990543951,0.937391431190871,0.9373928403407,0.937393458499766,0.937393923290684,0.937394431838942,0.937800034299327,0.937800324817507,0.937801144365892,0.937801301399331,0.937801925101603,0.937802396416725,0.937802954481161,0.937804417949624,0.937804628908474,0.937805214724548,0.937807160208213,0.937807567874369,0.937807626421951,0.937808154619839,0.937809257097483,0.937810351597853,0.937811071648146,0.937812182415566,0.937812720110989,0.937813366759148,0.937813956817969,0.937814987037284,0.940239229319589,0.940239668325381,0.940240069607457,0.940241257194876,0.940241806649823,0.940242386017299,0.940243099906263,0.940244378830242,0.940244964292192,0.940245378170827,0.94024655715834,0.940247548876373,0.940247940351249,0.940248722866778,0.940250377117734,0.94025091040712,0.940251520977687,0.940251963289859,0.940252206978664,0.940252825561455,0.940253072705785,0.940253438849817,0.9402540905796,0.940254486819875,0.94025519169368,0.940255920375679,0.940256584066487,0.940257280347155,0.940258003105106,0.940258336697508,0.940258386569135,0.94025871785802,0.94025933559511,0.940259538647994,0.940260440039255,0.940260638935287,0.940260938371652,0.940261526691306,0.940262080491852,0.940262784861158,0.940265200702689,0.940265565881168,0.94026589928216,0.940266318167371,0.940266967622299,0.940267490156486,0.940267855008631,0.940268334841641,0.94026911479443,0.940269885148815,0.9402707673445,0.94027165519259,0.940271955965282,0.940272608742396,0.940273038822721,0.940273550391175,0.94027435002584,0.940274683907481,0.940275684679614,0.940275991850542,0.940276218290774,0.940276621254367,0.940277183833903,0.940278660468357,0.94027896581562,0.94027949879062,0.940280172986,0.940280619362696,0.940281267679357,0.940281429877523,0.940281926656263,0.94028268257362,0.940282864162579,0.940282962865378,0.940283195445198,0.940283813011709
0.445114056538584,0.445114056538584,0.445114056538584,0.445114056538584,0.473779936336719,0.473779936336719,0.473779936336719,0.474267539795217,0.500869927534527,0.531896476257113,0.602160776314105,0.602166312218971,0.606385769340343,0.606414968174271,0.606414968174271,0.606414968174271,0.621501170933674,0.621501170933674,0.621501170933674,0.621501170933674,0.626136728039837,0.630342916323823,0.632007343968153,0.632277097739173,0.632826655821348,0.632826655821348,0.67082902006798,0.67082902006798,0.676584471525608,0.676584471525608,0.677712486551103,0.677712486551103,0.68027650774347,0.680276507743471,0.680422496431763,0.685989028350183,0.686986833073988,0.686986833073988,0.687361739985734,0.687361739985734,0.695453410337679,0.704331317990181,0.72907784135781,0.72907784135781,0.733955864975124,0.733955864975124,0.733955864975124,0.733955864975124,0.733955864975124,0.733955864975124,0.733955864975124,0.733955864975124,0.771319446176074,0.771319446176074,0.776705854744373,0.776705854744373,0.776705854744372,0.776705854744372,0.77729941627468,0.77729941627468,0.780017633570479,0.780017633570479,0.78001763357048,0.783003288424948,0.783003288424948,0.783003288424948,0.783003288424948,0.783003288424948,0.783003288424948,0.783003288424948,0.783003288424948,0.783003288424948,0.787935287077963,0.796178745879206,0.796898004637591,0.79699642153195,0.799084280487717,0.799084280487717,0.799084280487717,0.799084280487717,0.799084280487717,0.799089790781504,0.799093656293127,0.799093656293127,0.799840452782851,0.799840452782851,0.799840452782851,0.799840452782851,0.801968022329527,0.823460733354394,0.823811531910853,0.823811531910853,0.826543470073669,0.826543470073669,0.826596185722762,0.826685994842841,0.826695320687018,0.826695320687018,0.828870754953138,0.828870754953138,0.830426702100782,0.830426702100782,0.833909018726748,0.833950699598041,0.834925417150334,0.835145957516701,0.840232675095882,0.840234563379783,0.840237748741715,0.840237748741716,0.840251426678886,0.840272071943024,0.840288826206786,0.840298612546288,0.841236238459426,0.841236904404232,0.841239828447435,0.841241453111722,0.841243983407219,0.841244055912955,0.841674314197229,0.841675044732656,0.842841294574464,0.842841792603709,0.843154396180047,0.843154907484748,0.843157188596542,0.843159591217184,0.84353080288286,0.849176051392911,0.849179939585502,0.849208846956528,0.849211804424971,0.849219801548899,0.849423683641198,0.849427240418807,0.849430173128542,0.849431405000073,0.850773159341434,0.850774969626746,0.850777740972028,0.850784238278973,0.850790526168193,0.850796204185874,0.850798816095985,0.850804256470408,0.850998775455071,0.851006136443267,0.851006729049955,0.851011560672357,0.851013002726482,0.851018220677247,0.851020530951729,0.85102299082759,0.851024647463477,0.851025638079379,0.8510268360697,0.85103108942038,0.851035158867305,0.851051639226329,0.851054080743294,0.851054575242083,0.851060431125697,0.851096177770629,0.851098855851667,0.851099763787765,0.851102726122613,0.851103011841661,0.851109082368134,0.851114272233805,0.851117578018567,0.851118110876212,0.851123810341229,0.851124138335519,0.851126173852154,0.851129198613038,0.851158584668199,0.851158808705816,0.851161374730748,0.851161664602439,0.851167274175568,0.851167647335271,0.851170691474011,0.851171455509074,0.85117443733893,0.851174805066045,0.851175808673479,0.851176355073522,0.851178080946285,0.851178451827487,0.851180516263297,0.851180869612112,0.851183228147843,0.851183679295732,0.851185184699328,0.85118551838879,0.851398103989402,0.851398615355466,0.855466083184687,0.855466083184687,0.855466083364636,0.855466083364636,0.855466083364636,0.855466083364636,0.859256966889073,0.859256966889073,0.859398119375798,0.859398119375798,0.861704796656493,0.861704796656493,0.86174435478914,0.86174435478914,0.861779483872809,0.861779483872809,0.866082099129453,0.866082099129453,0.866192862768851,0.866192862768851,0.866590189224127,0.866590189224127,0.866626473024249,0.866626473024249,0.866675420696496,0.866675420696496,0.867708224057354,0.869013331620098,0.872261517592155,0.872261517592155,0.872273237395767,0.872277917681326,0.872790141644095,0.872790141644095,0.887859382001672,0.887859382001672,0.890777152263756,0.890861390936183,0.891579566311101,0.891593708272659,0.891644780587045,0.892839962665647,0.892954947350928,0.892963493500355,0.893029789570768,0.893044183446748,0.895904040974256,0.895913654107607,0.895933430908434,0.895938013321181,0.896803162155586,0.896809665786162,0.896824127751476,0.896832899949227,0.896855478861619,0.896900359637976,0.897141363097469,0.897143154216571,0.897327656698472,0.897327673622546,0.897367097953043,0.897367556486291,0.897563036859403,0.897563036859402,0.8975756374804,0.897575637480401,0.89772303047655,0.89772934481298,0.897985859345886,0.897993409883162,0.898089332295642,0.898098078738993,0.898112720209483,0.898121416007465,0.898172664951201,0.898173362872525,0.898261975727285,0.898268835188316,0.898374506031873,0.898381294863142,0.904572189319589,0.904577782775744,0.904825406332942,0.904844201115963,0.908905997582299,0.908914947719463,0.908994096073441,0.909626464965785,0.909662292400339,0.909689681195663,0.909722505451488,0.909726896405774,0.909745587666501,0.909752455332314,0.909785327357842,0.909800320905879,0.909804490315029,0.909808616232903,0.910065711137891,0.910066958945555,0.910080999293158,0.910081148243124,0.910091151603418,0.910104523915803,0.91011250222491,0.910118603927222,0.910127226064862,0.910204619562635,0.910368105268755,0.910369429687258,0.910379416311314,0.910390943959114,0.910394269128853,0.910426215618344,0.910431510201314,0.910434457436039,0.910440873994788,0.910457810066773,0.910473775962101,0.91048318883776,0.910509661707368,0.910547053834064,0.910555055776127,0.910621769922607,0.910633044152884,0.910641816391057,0.910647579276293,0.910666583985491,0.910842399306043,0.910850134073904,0.911227014225317,0.911234743613102,0.911248040991004,0.911249928643669,0.911266548818234,0.911267496342126,0.911273384675511,0.911274607708721,0.911304826221654,0.911307324019354,0.911318044598803,0.911318350114432,0.911325086592749,0.911325528579662,0.911375146073755,0.911376865658749,0.911400223532357,0.911401842268764,0.911424287269385,0.911431422759704,0.911456681923215,0.911463395783572,0.911475594423305,0.911477303884203,0.91148088715478,0.91148197678212,0.911488906965584,0.911490780400846,0.911503200216651,0.911504854335712,0.911512701156766,0.911514862644543,0.911520350649945,0.91152249288329,0.911535616915579,0.911538312953713,0.911580499847816,0.91158307833887,0.911597006886852,0.911598831170434,0.911613796423669,0.911620634882817,0.91179152722391,0.911793374563669,0.911801667567708,0.911803548260674,0.9118064630667,0.911810035446711,0.911911036145595,0.911912816291888,0.911925456805684,0.911926402276557,0.911929766779534,0.911930552861831,0.911932329799415,0.911934301281347,0.912140966400419,0.912142579478073,0.9121513259723,0.912157650597296,0.912163568615823,0.912164734850929,0.912168995520742,0.912170382864291,0.912799780341235,0.912802507790707,0.912850257351159,0.912851791807484,0.912950163597401,0.912952133093405,0.912957871475997,0.91295845166383,0.912959302558811,0.91296033343902,0.91296107978042,0.912961718391001,0.912968680670545,0.912969737371449,0.912973637768336,0.912976524746783,0.912979112288201,0.912980791761077,0.91342822262388,0.913429241479341,0.913435196170264,0.913435722730144,0.913436334517254,0.91343728342766,0.913439463640636,0.913440505117262,0.913474762706546,0.9134800689279,0.913481787427079,0.913482218670913,0.913485613178003,0.913486238400026,0.9134873063387,0.913487514413185,0.913488816589526,0.913489456236713,0.913491972709983,0.913492563490574,0.91349699704122,0.913499224692872,0.913512664255776,0.913513714551022,0.913518267350558,0.913519444381126,0.913594905733436,0.913596376023491,0.913602288073021,0.913603363535884,0.913605613743152,0.913606846866182,0.913608498104292,0.913608844271042,0.913617420294538,0.913617662138728,0.913619578974371,0.913620517934515,0.913622160041994,0.913623348846592,0.913625181888495,0.913625959857921,0.913630415665657,0.913631403874297,0.913655150141667,0.913655820375232,0.913726664270133,0.91372779763821,0.913759714695029,0.913759926182499,0.913764126809193,0.913767723129147,0.913770999151295,0.913771893952971,0.913772913321778,0.913773403801896,0.91377345077509,0.913774172481486,0.913777544175988,0.913779161553799,0.913782457304112,0.91378282923492,0.913783672496288,0.913784187654366,0.913785848549789,0.913787453833191,0.914034884031654,0.914035267085874,0.914036834263633,0.914037737717082,0.914037923775737,0.914039562771711,0.914041655468571,0.914041955448628,0.914108662774436,0.914108887056178,0.914195572763678,0.914195791698161,0.914196779814935,0.914197907646448,0.914198692858146,0.914199155526012,0.914200344886021,0.914842653736995,0.914844624903551,0.914844848295107,0.914886513946555,0.914886718334595,0.914889103590769,0.914889721085745
0.412900524532566,0.43779897797786,0.440172125396899,0.448406120603047,0.45179740131172,0.45179740131172,0.453690660296567,0.46879934115227,0.46879934115227,0.469101886639752,0.469218614663469,0.469323721154999,0.505141183045265,0.526382814943499,0.532025026718583,0.544685100625412,0.631243667523059,0.631280333941643,0.637241436369659,0.637241436369659,0.637509330855995,0.637676826959345,0.654563100251229,0.654563100251229,0.654613772894987,0.65500651122431,0.658310946758314,0.658582176471028,0.659694988654188,0.659694988654188,0.660007619520661,0.660324333443032,0.684279930196926,0.684324987640902,0.752669003833926,0.752882067110794,0.754297536824951,0.75463712252418,0.755542026656293,0.75554394495755,0.755976514283035,0.756850930892993,0.764293793772251,0.764300429192274,0.770621003579382,0.770623747123084,0.779952093450403,0.779952093450403,0.785680421939396,0.785761551183705,0.786487837905567,0.786491137863017,0.80014582061519,0.801728642131853,0.803388327934433,0.803430571153191,0.803693277425853,0.804870382536666,0.808134706791989,0.8084857350444,0.809190163868839,0.824991363063012,0.825292933571089,0.826335063872215,0.826767105757299,0.826802107459817,0.828500017248595,0.830862883334429,0.830890031348757,0.830973710592661,0.831122349889177,0.831538113611402,0.832567365709349,0.838531237900884,0.838901731662482,0.839116099019966,0.84367650654117,0.844189471176471,0.84517593123393,0.845299511740079,0.845890233171916,0.845920233946115,0.846846580773334,0.846877710568307,0.847739614545678,0.848468198588284,0.851325124538112,0.851373639988754,0.855036870750973,0.855310423631208,0.859515818402553,0.860139061176699,0.860450970562673,0.861233706379512,0.861452306437914,0.861625509282944,0.861762898168337,0.868901108418478,0.868951447595069,0.868980994099018,0.869148081797151,0.86917833192922,0.87090475317502,0.870905574391104,0.871734671419758,0.872138126545883,0.872227883248202,0.877189025558776,0.87728135032291,0.87728313031378,0.877577616676022,0.877730796738605,0.877846171038035,0.878076645744784,0.878608386865248,0.878653811777105,0.879269474004244,0.879506937127374,0.879837271925453,0.880636812607216,0.881109005703886,0.881840450126592,0.882140682885483,0.882255271878871,0.882695687993331,0.882964220977346,0.883029723558714,0.88392991299784,0.884571912083424,0.885593453615896,0.886156249054938,0.886197729945655,0.886464124249183,0.886801091619832,0.888527894778753,0.889012489142207,0.88912238127042,0.889245281421501,0.889418998890797,0.889442723216119,0.891183351343922,0.891383623989091,0.891640800603526,0.892134457555651,0.89216734397025,0.892535049140656,0.892700500991646,0.893452631274017,0.893874556347179,0.893898808553619,0.893948031717165,0.894412509309511,0.894449054113831,0.894817384386953,0.894980905746076,0.89763592698188,0.897650029466147,0.897792167501366,0.897827128383177,0.898178820495472,0.898294297725377,0.898387201118832,0.898401311510977,0.898753925224906,0.89876727165145,0.898851981067936,0.898867538349487,0.898893119942506,0.899098696714778,0.899151714074716,0.899183769823652,0.900714183577264,0.900725937956356,0.900788683473066,0.900797646575303,0.900952499173659,0.900955074651112,0.901321421114642,0.901326838239213,0.901557102704855,0.902793391465228,0.902795449196939,0.903021890870585,0.903025395772112,0.903207503658199,0.903271824131907,0.903320324228679,0.903320736936391,0.903931175468161,0.903932309507573,0.904149785610028,0.904152233518762,0.904586067714225,0.904594429412332,0.905106871729564,0.90510859090892,0.905950169394169,0.905953473449913,0.906108214502774,0.906111942051906,0.906385858127754,0.906389912640568,0.906546970607309,0.906562268138334,0.906620791593329,0.906638122881541,0.906751542865354,0.906759529112784,0.907023410578184,0.907038349388696,0.908139141596671,0.90814294571749,0.908441780854719,0.908444515938885,0.908855138082786,0.90885632290352,0.909020480869835,0.909031234719718,0.909251760466575,0.909289146517026,0.909531149043719,0.90953365281445,0.909659022447372,0.909755735268774,0.909929013412123,0.909965788965625,0.910133402500854,0.910148081634692,0.910341368799016,0.910352933102427,0.910511596836526,0.910565181523888,0.910715472717435,0.910730302388117,0.910949533267336,0.910961906840578,0.911111116271626,0.911135726306064,0.911253444414254,0.911277330689292,0.911442095109573,0.911541211802424,0.911706503842863,0.911961149640607,0.912113949010241,0.91214262778075,0.912218119745045,0.912282711318847,0.912415905331101,0.91243211254773,0.912619970106701,0.912662991476134,0.91279300969477,0.912817216728483,0.912902377492076,0.912947645657372,0.913043390019749,0.913056141266314,0.91314972552559,0.913171962340533,0.913248533093961,0.913280310203447,0.913334112868119,0.913349436945676,0.913444136359272,0.913459776143453,0.91353839732763,0.913575800854215,0.91366047337868,0.913681259187909,0.913728843544607,0.913746992034844,0.913774820859422,0.913817547401563,0.913911571667464,0.913937617703902,0.913974303381054,0.914025965826892,0.914053075471094,0.914085796669685,0.914101507513689,0.914125183672343,0.914149650789851,0.914178704007142,0.914217310727027,0.914241972107104,0.914267564995524,0.914305663756832,0.91444321180073,0.914460444705301,0.914484210435077,0.914491507862283,0.914512741669182,0.914530445194489,0.914553882273618,0.914571711578066,0.914597525479616,0.914619335454509,0.914636891521204,0.914656885818339,0.914684412639337,0.914702325369593,0.914710068336514,0.914737037183092,0.914759729987885,0.914780261803392,0.914790920181164,0.914814630250352,0.91482907798253,0.914850163729535,0.914868686565191,0.914879511815854,0.914903980061928,0.914916316377011,0.914927994933097,0.914936591307872,0.914962142789975,0.914978259524203,0.914999576323228,0.915008587220111,0.915016984500999,0.915030622051981,0.915049226453708,0.915066405991177,0.91508567130345,0.915095323439644,0.915109483386153,0.915122142451957,0.915125693978674,0.915134558990696,0.915146568030347,0.915156342257394,0.915164350984589,0.915177432283469,0.915184721745825,0.915191683671016,0.915201408837926,0.915206039246552,0.91521705786419,0.91522417854662,0.91523039125732,0.915238539959072,0.915249193172872,0.915258282454698,0.915265618725981,0.915270296384763,0.915273344403796,0.91528445031412,0.915294943898944,0.915296613823114,0.91530615158615,0.915312451873262,0.915316904907978,0.915323003766749,0.915329762510132,0.915341126290158,0.915350508912275,0.915356650342148,0.915364728146357,0.91537055878286,0.915378273918991,0.915390648956166,0.915395630418233,0.915401632421469,0.915409430150182,0.915414440262801,0.915422719140115,0.915426500699058,0.915437039007847,0.915441903220413,0.915448362424102,0.915450819069384,0.91545588667988,0.915459510944628,0.915467902438319,0.915473487698121,0.915480030908842,0.915483190306537,0.915490163353391,0.915494087664061,0.915499522344988,0.915505040934215,0.915509484818277,0.915517746986037,0.915522953042647,0.915525497971048,0.915528090540183,0.915533833092167,0.91553888465872,0.915545276645963,0.915550437170313,0.915554932032568,0.915561734566316,0.915567942003845,0.915570684976357,0.915576011408117,0.915578590698776,0.915581929226035,0.915586856501683,0.915592539337053,0.915598259326765,0.915603543766599,0.915607722808966,0.915610808950709,0.915617177810369,0.915620382397228,0.915622836532285,0.915625769590757,0.915628413170708,0.91563463596891,0.915638145167437,0.91564061940597,0.915644461546589,0.915646690595572,0.915648104007973,0.915650351120719,0.915653024024174,0.915656054602846,0.915657891630418,0.915660083264381,0.915663904119321,0.915666379300672,0.915669038358851,0.915671923227031,0.915674484492715,0.915676049387159,0.915677636149351,0.915679344308896,0.915680176877743,0.915682926074105,0.915685787032081,0.915688859379709,0.915692897116093,0.915693939522712,0.915695533892582,0.91569784379895,0.915699133399708,0.915701453005565,0.915704645194443,0.915707638018688,0.9157100938862,0.91571137421708,0.915713478664926,0.915715062528295,0.915717495998421,0.915718891017886,0.915720418740193,0.915722260819928,0.915723774442413,0.915725363271523,0.915728281997703,0.915730029264522,0.915731542710442,0.915734448946848,0.915735406286405,0.915738602249842,0.915741217092847,0.915742963242292,0.915744772832473,0.915746330610047,0.915748937738324,0.915750315376439,0.915753145055358,0.915754583763115,0.915757507643128,0.915759192961543,0.915761126001113,0.91576385930632,0.915766434551947,0.915767886232836,0.915770276082548,0.91577100115146,0.915773074785649,0.915777250819738,0.915780306651821,0.915781234944463,0.915783488895571,0.915784790827164,0.915786251849532,0.915788969054152,0.91579240953207,0.91579325260898,0.915794261239597,0.915795406244236,0.915800192345639,0.915801143722079,0.915802915527816,0.915806237820269,0.915845459751456,0.915847869366488,0.915849775259566,0.915851123858269,0.91585253025237,0.91585350660443,0.915855258238469,0.915858200744786,0.915860806527456,0.915862389108702,0.915863775180575,0.915865819797005
0.467277940557565,0.51450909456626,0.515399209191907,0.540683173264702,0.55269583621926,0.55269583621926,0.552916805513293,0.552916805513293,0.567108827126852,0.567108827126852,0.57032194982286,0.57032194982286,0.641226368249318,0.641226368249318,0.641770319508746,0.641770319508746,0.644260949818588,0.644573589312667,0.650144434919793,0.650144434919792,0.650866684958013,0.650866684958013,0.65552749884021,0.65552749884021,0.665974275527579,0.66606712772875,0.671420764112379,0.671420764112379,0.689982643379899,0.689982643379899,0.721515132076713,0.721515132076713,0.733614997865906,0.734410141529055,0.759715588131274,0.759756045029214,0.768362804897858,0.768362804897858,0.771780524591628,0.774266309793723,0.777228468333913,0.777228468333913,0.777472253660591,0.777545226773984,0.778012888465851,0.809072715774843,0.839616533654262,0.839755395050045,0.840849406032077,0.845698063790741,0.846144695826388,0.846287810783909,0.848665699981077,0.848732173745543,0.851132411224426,0.851496438709699,0.851792013455812,0.852073893363169,0.852610095515483,0.853576760012065,0.854337141519816,0.854994383870087,0.855204893030734,0.856187448329334,0.858088572856932,0.858711937870368,0.859152228589342,0.859192775665585,0.862353204411272,0.862403469638575,0.863563084289296,0.863705164506567,0.867076836636047,0.86791680786344,0.870167752052823,0.870252311288592,0.870700519849222,0.870909340391896,0.871521631062731,0.871769365680385,0.872996778242139,0.873232513932953,0.873394961947785,0.885917181296371,0.886105873229727,0.887314920962134,0.888260738598362,0.888646986873222,0.889405833901373,0.889967058381137,0.890326056542,0.890880927114451,0.891441443866968,0.891911913882276,0.892458271373798,0.89266304672609,0.893072907625255,0.893615224801857,0.894024730458896,0.894069414931098,0.894535625843867,0.894604981414719,0.895094496068043,0.89515902536987,0.895572042642983,0.895703224606509,0.896324187596577,0.896346493261288,0.896966272517445,0.897112526085034,0.897273143846202,0.897387003016378,0.8979893652082,0.89803692865215,0.898502126950117,0.898597990232151,0.898989629128185,0.899085066459803,0.899602679866499,0.899673770834407,0.899976966718156,0.900111427066995,0.900257541228863,0.900369217178614,0.900599096612779,0.900641050264607,0.900899807602121,0.901033050199785,0.90124397541131,0.901391919841,0.901590728123154,0.901676508323781,0.903768179740306,0.903841001169058,0.90393414840668,0.904011877439772,0.904129766853363,0.904184759002931,0.904240852715322,0.904351605627166,0.904507604777324,0.904573053360153,0.904643295961886,0.904682045922407,0.904894867775159,0.904946555746253,0.905089145280333,0.905152135689893,0.90520375381106,0.90526022042707,0.905310069449085,0.905334655043386,0.905380303302793,0.905419010314881,0.905454542155578,0.905494297710567,0.905538869072239,0.905577659476215,0.905604081829843,0.905640029940174,0.905663439402281,0.905689874122902,0.905713584133081,0.905737077258284,0.905762689530429,0.905801247597502,0.905822227086985,0.905851303560213,0.905881165926815,0.905903102293848,0.905916422733166,0.905930721599314,0.905949818370179,0.905965393780782,0.905986431568489,0.906012895335932,0.906031084973353,0.906048374042555,0.906067320391811,0.906079425783256,0.906138589355637,0.906153858712825,0.906176486967389,0.906190719054758,0.906216749341058,0.906236463235674,0.90625386579141,0.906269374078787,0.906290410498249,0.906315034597316,0.906323412825872,0.906336679894631,0.906353228934736,0.906367436622475,0.906377270486257,0.906389848297456,0.906408010577127,0.906414114042562,0.90641970786949,0.906429748433109,0.906453016332779,0.906475276922903,0.906483286947657,0.906491452437447,0.906497500657159,0.906509595936559,0.906517266741467,0.906526903918342,0.906537238795576,0.906546329728123,0.906671513238372,0.906681831600155,0.906757415484005,0.906764478103814,0.906773699851394,0.906782380610359,0.906794467737715,0.906802148669535,0.906810748774124,0.906817870271768,0.906823562202217,0.90683235666172,0.906839087814345,0.906845601617685,0.906852339950019,0.906857568454756,0.906871551917836,0.906876566172352,0.90688380665766,0.906891431919823,0.906898433641846,0.906908315501387,0.90691260298303,0.906918623726804,0.906925657391402,0.906930518702693,0.912469928885535,0.912475855660361,0.912483541546222,0.912489032877987,0.912630548576758,0.912635517032858,0.912697630424701,0.912705407908595,0.912709192014004,0.912717348530452,0.912719681541224,0.912724717953754,0.912727884047781,0.91273313932853,0.912742271462915,0.912748309722401,0.912753896672812,0.91275953187933,0.912763700797584,0.912768692015448,0.912826223097811,0.912831483768851,0.912835486170019,0.912840746747821,0.912843890635913,0.912848601757681,0.912852590529664,0.912854567536654,0.912858485501149,0.912860778350158,0.912869897234124,0.912876570875217,0.912882723939678,0.912886320401074,0.912889593179761,0.912892161445454,0.912895984867926,0.912900340993912,0.912905214879293,0.912908975981776,0.912914090295699,0.912918789204673,0.91292318281438,0.912925679769884,0.912953437252757,0.912958209321965,0.912962504790927,0.912965602542658,0.912969051097725,0.912972435501775,0.912974245672834,0.912977424757179,0.912981143184648,0.912984053158815,0.91298705235577,0.912988603507405,0.912990311881672,0.912992639688738,0.912995030565852,0.912997273751088,0.913001072713812,0.913002317199498,0.913010571421992,0.913013015234895,0.913018059306836,0.913021496744396,0.913025376762307,0.913029035686516,0.913262824948695,0.913264805438396,0.913268115584231,0.913270618212176,0.91327260318649,0.913273810122092,0.913276692692064,0.913278425656455,0.913280456123926,0.913283157060575,0.913339996206906,0.913341163779544,0.913342334943887,0.913344437254544,0.913347034003103,0.913349368540756,0.913350031318896,0.91335270259119,0.913355164589531,0.913356879907201,0.913365895323523,0.913366764301297,0.91340080469028,0.91340230711724,0.913404205364347,0.913405875522132,0.91340759588835,0.913409062217579,0.913430282498017,0.913431082404593,0.913431650436777,0.913433713378091,0.914570542664228,0.914571640366473,0.914580239857144,0.914581353405945,0.914583264544802,0.914584461566028,0.914586054866546,0.914588796934425,0.914592308673825,0.914593319993276,0.914599209358828,0.914600615448003,0.91460194054395,0.914603561482677,0.914643669089744,0.914645133744864,0.914648488289344,0.914649568192688,0.914651213906784,0.914653305013843,0.914654616007963,0.914656291725735,0.91465878089673,0.914661719386037,0.914664810774225,0.914666936301994,0.914685281556292,0.914687062472996,0.914687511858535,0.914689361021778,0.914691131800704,0.914693650611988,0.914696602731378,0.914697151809491,0.91469768787309,0.914698976258503,0.914699869451581,0.914700742185992,0.914731772821804,0.914732710512557,0.917715564576507,0.9177169873399,0.917720630855452,0.917722438495526,0.917723172011827,0.917723759323218,0.917724761857219,0.917726990792296,0.917733306481077,0.917734857959985,0.917749895714996,0.917750537027805,0.917756048333919,0.917756376695541,0.917759731943389,0.917761086692274,0.917761533542961,0.917763461859144,0.917771691153526,0.917772714645866,0.917777841182591,0.917780226668074,0.917781774224932,0.917784595698504,0.917785924655023,0.917790528880132,0.917790862937194,0.917792336597817,0.917795163397373,0.917796568278825,0.91779685440316,0.917798362925885,0.917798752502625,0.917799286679263,0.917800279216475,0.917801245868818,0.917803382677826,0.917806639286202,0.91780769650794,0.917808768047215,0.917810131270721,0.917811175886956,0.917811802520894,0.917812982153235,0.917819068980777,0.917819593930457,0.917820298238527,0.917821869972266,0.917822376765337,0.917822860879635,0.917823928431191,0.91782492880296,0.917826095491388,0.917826799020755,0.917827289838234,0.917829191681112,0.917831920668845,0.91783221530574,0.917851153250136,0.91785317388694,0.917853600240078,0.91785544431773,0.917856297683568,0.917856370981496,0.917863286345025,0.917865533599603,0.917866484502282,0.917867627681949,0.917869285424645,0.917869884148101,0.917870670383267,0.917872504522005,0.917873530808551,0.917875682281451,0.917883851612185,0.917884985738762,0.91789672651404,0.917897769036521,0.917898976549912,0.917900440840096,0.917940900582297,0.917942742556897,0.917953800553966,0.917955450348819,0.917956871521343,0.917957696132566,0.917990726599934,0.917991704318206,0.918070456254028,0.918071014848265,0.918082420672866,0.918082961876776,0.918083272542942,0.918085598912057,0.918086675955849,0.918087438502861,0.918532921125939,0.918533398640672,0.9185345070555,0.918535300961626,0.918536540316127,0.91853712661343,0.918590612330824,0.918591138437663,0.918666528135822,0.918666776379023,0.9186671639217,0.918667520421922,0.918668498549759,0.918669481517022,0.918678138725398,0.918679007472075,0.918679714089489,0.918680384927484,0.918680942791194,0.918681159174156,0.918681855649712,0.918683714155196,0.918706839361329,0.918712756256744,0.918713588493684,0.918714035604052,0.91872049542776,0.918721230352142
0.398630437715166,0.406226767493182,0.420737781478881,0.447120251090106,0.464918959888095,0.464918959888095,0.487271337892715,0.493928710564427,0.496214419109808,0.496214419109808,0.522566915703687,0.527121428721798,0.538489889280836,0.538489889280836,0.544100730281968,0.544100730281968,0.553425074384724,0.553425074384725,0.646641236136947,0.646641236136947,0.652187588424518,0.652522575964804,0.652931050175675,0.653068868193963,0.660737737266755,0.660737737266755,0.660914698041529,0.66144840786585,0.6914158635918,0.6914158635918,0.692209881120022,0.69225168814652,0.695728324181234,0.711172515475822,0.714782026642603,0.725377550554536,0.755091547506265,0.755091547506265,0.759544689501012,0.760606591270048,0.76778075533681,0.768342281949494,0.778649027569168,0.779297487953286,0.803926433169042,0.803947462178689,0.806036369033209,0.80844374505891,0.828031081762274,0.84820516169819,0.855845798488239,0.858095930397316,0.860806676321424,0.861368035224455,0.863639727790593,0.863712166761367,0.866907541643872,0.867589495948857,0.870018412700341,0.870144461989218,0.870604263174779,0.871201964238349,0.872542209372682,0.872751392654315,0.877268884994215,0.877768243496701,0.878716102441038,0.87875046443995,0.879467843796207,0.882979155544391,0.884100236822857,0.885884511440745,0.886871785899242,0.886983987449234,0.887323876403399,0.887558734771483,0.888071861390105,0.888391333890979,0.889605768053433,0.889970640025822,0.89031770605982,0.890540774099567,0.891067830683,0.891169593824745,0.891513779805025,0.89202892640998,0.892366820099538,0.892590528872632,0.892915069840256,0.893084637908842,0.893576485005766,0.895757055988713,0.896017492484219,0.89631723273233,0.896650995434946,0.898091761209416,0.898879902410946,0.899034871042044,0.899501700759751,0.899695658768007,0.899879070681568,0.900030900227187,0.900803962063175,0.900885252274176,0.90109344442835,0.901103565516804,0.901295009876415,0.901339674164124,0.901521129405118,0.901569342045805,0.901799482395589,0.901859211400082,0.902060998963956,0.902102461894013,0.902255632257143,0.902313505165091,0.902522040286115,0.902626691446165,0.902826211984343,0.902840785014861,0.902931525498782,0.902986739096544,0.903100388690215,0.903157447802982,0.903249711338378,0.903309783632359,0.903392059202684,0.903759023780277,0.903870733746058,0.903924687814825,0.904024539114384,0.904105700743016,0.904140344644003,0.904181811128893,0.904252601686994,0.904291004385153,0.904376340976837,0.904422444616526,0.904496748629061,0.904541834441755,0.904591489990231,0.904635928309152,0.904672526892191,0.904878184147649,0.904919728273401,0.904945070536896,0.904978078158969,0.90501036706524,0.905045995205752,0.905087311130416,0.905132625763111,0.905165793547501,0.905214898180382,0.905236833781211,0.905269682127825,0.90528868367063,0.905341227643623,0.905359193791359,0.905413763604856,0.905432996534472,0.905452906143251,0.905473334311821,0.90555003966948,0.905571578259163,0.905608237740632,0.905628646980677,0.906013853289311,0.906032482844381,0.906054411791868,0.906084605410934,0.906105514237562,0.90612565338064,0.906146639839715,0.906167861123901,0.906193132384149,0.906236623521769,0.906257843225626,0.906297793797235,0.906330981795609,0.90634548523746,0.906361457210877,0.906372986006619,0.906390557985382,0.906406587416529,0.906432612775493,0.906450612890987,0.906479113137812,0.906498218213085,0.906647998776503,0.906660859152212,0.906684695175615,0.906698523700717,0.906719488848377,0.906732104613807,0.906751322246625,0.906759144101268,0.906781653697531,0.906794531193508,0.906810111188488,0.906817711490085,0.906825152267558,0.906838720423146,0.906865576797556,0.906874593160006,0.906889735325972,0.906905425646437,0.906922037227769,0.906936418067728,0.906945219902665,0.906953189516642,0.907236404583767,0.907246757046547,0.907256437465098,0.907265884581627,0.907290095411608,0.907310650164458,0.907320998381417,0.907327264016384,0.907337561825882,0.907350773828915,0.907354320523678,0.907361530322633,0.907367157249641,0.907378139621322,0.90741176231604,0.907420761488056,0.907430164361992,0.907435679370448,0.907444638494604,0.907449536514689,0.907640297145063,0.907644886385192,0.907657842019866,0.907663779406959,0.907692795104424,0.907703105492061,0.907713322249106,0.907718638280283,0.907737110578795,0.907746693556722,0.907752662495028,0.907756256175658,0.907762317951298,0.907767909431722,0.907772720344774,0.907779078232025,0.907791276676145,0.907796201702751,0.907801173700311,0.907805676003636,0.907810224106933,0.907818868400597,0.907824392861221,0.907829180858038,0.907837095340746,0.907842013592586,0.907851646583826,0.907858948315468,0.907888824636057,0.907892288220298,0.907914168507173,0.907923290204952,0.907927021239962,0.907943090786435,0.907944987614714,0.907948252304357,0.907957005874584,0.908120436231566,0.908123922698557,0.908129597523651,0.90813619469076,0.908143037756582,0.908167352566651,0.908173400148331,0.908176929703236,0.908182747869349,0.908186825533975,0.908190978753477,0.908197710309487,0.908199594724332,0.908204522051786,0.908208340453063,0.908227977805327,0.908236953016121,0.908258441833165,0.908261488248602,0.908266307999105,0.90827465816637,0.908278807847752,0.908281916242647,0.908286919897784,0.908288650347552,0.908292138608292,0.908297559124022,0.908301523965126,0.908304782045745,0.908316104283654,0.908319508452889,0.908323431713623,0.908328854310512,0.908330577494718,0.908333922048708,0.908342416418148,0.908347101510077,0.908366046888183,0.908372430683816,0.908376238172467,0.908380318828953,0.908385273489388,0.908388884932984,0.908391397673516,0.908393884586829,0.908396098213915,0.90839920669942,0.908411768141794,0.908414074613748,0.908437331895184,0.908441981591847,0.908444438715311,0.908446865502991,0.908450358227409,0.9084546037271,0.908455763621999,0.90845952160347,0.908460976340359,0.908463018957245,0.908465537234246,0.908471829246594,0.908473715140891,0.908475565196061,0.908479804553606,0.908483785889401,0.908485572245215,0.908487756926517,0.908489618926574,0.908492391406477,0.90849734815268,0.908502534169919,0.908505695481184,0.908509193275569,0.908516133019955,0.908517257247036,0.908520649989256,0.908522613692969,0.908564361593904,0.908565746900392,0.908570197774951,0.908571802848005,0.908861954070161,0.908864227061592,0.90886597428446,0.908869758709844,0.908872797866764,0.908874366433352,0.908906456914497,0.908909239435159,0.908912529170174,0.908914944833827,0.90891647518461,0.908918068635673,0.909169048939713,0.909171076257844,0.909172213511943,0.90917388883914,0.909177782301836,0.909180005263015,0.909184169091814,0.909187092793585,0.909191085738577,0.909195236453484,0.909219507355305,0.90922053554418,0.909222438710208,0.909303936899565,0.909306402997696,0.909309351842882,0.909310608865447,0.909312703025565,0.909313995897521,0.909315385903582,0.909316710499692,0.909321536940538,0.909322976165839,0.909323820021683,0.909325456152097,0.909326443932959,0.90932771911661,0.909328589670929,0.909329530244359,0.909333577360743,0.909334690177552,0.909371835789327,0.909372434401128,0.909373051197063,0.90937339711187,0.909374441152618,0.909377440809012,0.909378760135151,0.909379539399476,0.90938017316614,0.909380932352503,0.909382919344838,0.909383917810121,0.909384547667374,0.909386771364123,0.909388578612129,0.909389417574431,0.909399164420268,0.909403318229157,0.909405115754641,0.909405681495932,0.909420213942936,0.909421700192098,0.909435894450473,0.909448056530593,0.90944965405216,0.909458019998117,0.909458179830758,0.909462728329045,0.909463085200844,0.909467814403798,0.909468859842653,0.909471215639033,0.909471923560535,0.909473285919857,0.909491345326626,0.909492664432897,0.909501247283811,0.909504055237095,0.909504847558881,0.90950855250595,0.909509252466219,0.909530843420378,0.909531348853251,0.909536290606504,0.909536624366717,0.909538973501395,0.909539296780275,0.909545960925883,0.909546503446387,0.909572323769719,0.90957368044091,0.909574072101483,0.909576038911846,0.909581096576491,0.909582150702088,0.909612748011986,0.909613505732348,0.909642952074287,0.909643361738829,0.909665020210921,0.909667376033527,0.909668871092512,0.909669805109388,0.909670400640369,0.909671731576246,0.909673064244145,0.909673656698929,0.90968080978359,0.909681867196458,0.90968563655643,0.90968657959173,0.909695337308266,0.909696901547736,0.909697970962909,0.909698367097248,0.909698805397271,0.909699389710166,0.909712841015978,0.909714056872861,0.909716122636174,0.909717186130538,0.90971899543762,0.909720003137845,0.909720371816706,0.909721145432698,0.909721443964814,0.90972281786771,0.90972385261233,0.909725337781863,0.909750813900934,0.909752360393542,0.909752887716949,0.909753788563446,0.90975440383974,0.909754914457062,0.909755926313575,0.909758713399609,0.909759898938223,0.90976037628066,0.909786412300125,0.90978843019811,0.909849371067373,0.909850753780575,0.909851523496015,0.909852308016118,0.90985268346942,0.909853804031282,0.909856754634794,0.909858738572749
0.391571877330572,0.42581673746004,0.425926099815347,0.425998903520697,0.460068296310727,0.460085637754351,0.515143690988439,0.515143690988439,0.515143690988439,0.515143690988439,0.517244946899776,0.517244946899776,0.533116950094854,0.533116950094854,0.575059925834384,0.575059925834384,0.575266918838712,0.575358454447943,0.599349812303297,0.599491936878102,0.610284046480787,0.612562498796838,0.684080614823859,0.686299773269176,0.686589723968366,0.694374437747773,0.712467215118747,0.712467215118747,0.722099138248059,0.722099138248059,0.728599576311633,0.728599576311633,0.743448287111734,0.743532540463109,0.760834452551396,0.760834452551396,0.767442884164462,0.792151212720021,0.793494086804667,0.793899308124745,0.796694391901364,0.796739980301915,0.805545879238551,0.805576365379224,0.821832170290097,0.821870191074834,0.82558698712443,0.827228412340072,0.830372931791654,0.830864035490492,0.84819406297028,0.84850591589993,0.851676595446091,0.855188918223001,0.85657723995369,0.857454936532197,0.864209273578658,0.867506573155852,0.867908135327885,0.86839792884394,0.872391916536818,0.872393095177319,0.873738925176816,0.873899432875363,0.876399003099263,0.876614541608322,0.877257513964374,0.877460850556563,0.88067370468577,0.880759662077436,0.881690640960136,0.88183459817217,0.882269805972319,0.882474416951745,0.883167192033924,0.883439522292005,0.88370267347072,0.884058282861658,0.884635040133473,0.885290787400843,0.886019323182783,0.886329660049594,0.886754656133059,0.886965362171108,0.887202570381006,0.887469972285318,0.888141268768609,0.888294716200437,0.889216882500075,0.889545523574752,0.890091738514987,0.890206356577847,0.890651860543817,0.892923501508976,0.893129911678146,0.89320157136788,0.893551855543004,0.893646463061611,0.893779109200219,0.89491983923756,0.895099486323624,0.895269025512864,0.895465245184938,0.895539948347694,0.895854809984673,0.895885491382625,0.896129056285589,0.8961820987174,0.896284037152148,0.896320056242787,0.896745355454825,0.896778602577159,0.89694375030356,0.896989219785781,0.897240749489295,0.89730652775825,0.897514486137984,0.897583288167253,0.897795762418288,0.897850566370847,0.898056963972123,0.89809349360682,0.898321977330203,0.898427583871037,0.898551424032817,0.898616507544786,0.898711969400882,0.898790486345657,0.898891432130643,0.898957323825251,0.899032025584925,0.899105824262576,0.899216670456956,0.899259335601551,0.89932859726354,0.899372771233588,0.899420020566352,0.89946518567763,0.900172225208804,0.900197965023241,0.900270176125729,0.900293416893994,0.900329307330497,0.90035978337982,0.900440686644791,0.900471524894957,0.900517322362035,0.900566176820865,0.900602232493213,0.900623294865444,0.900660477632323,0.900693892046653,0.900717251600822,0.90075530651764,0.900807791526524,0.90083861471789,0.900865768565299,0.900875671683054,0.900903045681509,0.900924385979904,0.900955207617062,0.900975063695107,0.901014102225639,0.901032314945915,0.9012546912455,0.901277291928974,0.901294901011797,0.901316588081251,0.901331482558565,0.901346322248435,0.901366268587262,0.901383101677505,0.901407054875768,0.901422426222318,0.901441700295111,0.901464363104596,0.902006781458635,0.902016844634246,0.902032771891903,0.902043118313055,0.90214921881184,0.902164343001041,0.902177101671222,0.902190523812487,0.902205435898826,0.902215117431026,0.902233892352755,0.902243881685009,0.902255586361657,0.902267625563712,0.902288386008909,0.902297012484874,0.902306566739306,0.902315064520505,0.902327202426037,0.902345116904482,0.902359682322488,0.902369596716592,0.902381634927287,0.90239244052244,0.902406420450457,0.902414049426662,0.90242387386537,0.902430068098987,0.902443704644271,0.902451734234816,0.902461090257777,0.902471982993217,0.902482906072134,0.902494668847845,0.902504013274196,0.902511948091604,0.902521397064607,0.902526932429242,0.902532921323265,0.902536098721854,0.902544181071095,0.902549108369843,0.902552790324277,0.902558111603337,0.902564809051495,0.902571995239088,0.902575085652158,0.902583267712909,0.902589385710027,0.902595738951589,0.902599773478488,0.902602511978726,0.902608694533027,0.902612987222907,0.902624169446766,0.902631102551559,0.902636366927028,0.902641937857062,0.902644347612436,0.902650845313939,0.902656690155808,0.902661616346625,0.902667338205406,0.902671745879052,0.902676849539694,0.902679002083149,0.902682478750241,0.902684305396089,0.902688123817568,0.902690264201497,0.902694898110238,0.902700421447831,0.902705246126712,0.902708902268346,0.902715663317544,0.902718502735465,0.902726051286769,0.902729577398216,0.902734090572773,0.90273682542726,0.902741022065058,0.902745002362253,0.902748877617919,0.902752724090915,0.902754593257479,0.902758657010586,0.902763805529476,0.902767797918709,0.902772097784859,0.902778986337182,0.902782400547291,0.902786070294182,0.90279145500434,0.902796413709916,0.902800565385604,0.902804457768718,0.902809318001127,0.902813533077548,0.90281543071979,0.902818401952919,0.902821702289643,0.902824655114291,0.9028289087344,0.902830635719251,0.902835118880947,0.902839514080572,0.90284383017051,0.902845968850399,0.902847947943434,0.902849913285135,0.902853430844307,0.902857025083586,0.902859598098954,0.902864777002558,0.902869770189891,0.902872924311243,0.90307247113806,0.903074643461465,0.903076189959499,0.903080315791773,0.903082495144718,0.90308598083002,0.903088113964081,0.903090755039892,0.903093892770315,0.903098981603923,0.903101127689716,0.903104784483151,0.903105599915453,0.903108218028412,0.903110005174895,0.903112017399684,0.903114610182914,0.903116931896735,0.903119228632005,0.903123540757998,0.903125870036414,0.903128265878611,0.903130481149306,0.903133347542526,0.903134014418482,0.903135734384344,0.903137452844739,0.903140966118422,0.903142596682978,0.903143838845489,0.903557729351905,0.903558113964751,0.903559379559809,0.903560152566478,0.903561105802543,0.903562808919186,0.903563103328555,0.903565612363926,0.903567772789507,0.903568889752471,0.90356999143269,0.903571025573441,0.903571790307128,0.9035731313503,0.903574407318692,0.903575064892617,0.90357672177504,0.903579564095854,0.903581132512974,0.903582010145849,0.903582890047964,0.903584727368902,0.90358620762627,0.903588352574924,0.903589843056202,0.903590339007365,0.90359101833891,0.90359260495608,0.903593324926483,0.90359475710065,0.903595838700264,0.903596580270305,0.903598123057367,0.903599498950698,0.903601609881314,0.903603544676543,0.903604715773641,0.903605335861778,0.903607125062594,0.903608037229066,0.903608708908276,0.90361046731229,0.903611326940895,0.903611965864839,0.90361257395491,0.903613716655645,0.903614818002694,0.903616410280139,0.903617076829603,0.903618968603677,0.90361954072146,0.903620424589417,0.90362170195463,0.903622394498876,0.90362462884565,0.90362566708668,0.903934511225496,0.903936580849212,0.903938160192483,0.903939225572196,0.903940006011563,0.903941113168037,0.903941566636638,0.903943522371995,0.903944922091587,0.903945967445208,0.903947298536711,0.903949032812999,0.903950353692512,0.903951335762561,0.90395154075321,0.90395238107275,0.903952969611582,0.903953733724542,0.903954347334434,0.903954682452943,0.903955719576652,0.903956820308774,0.903958011380868,0.903958385404264,0.903958817457966,0.903960685880514,0.90396174829762,0.903962740042688,0.903963831401202,0.903964737498194,0.903966719948487,0.903967460531376,0.903968063582004,0.903968524215572,0.903968945856736,0.9039695042244,0.903970072012057,0.903970930317341,0.903972045126729,0.903972771134128,0.903973326404485,0.903974823761651,0.903975451575143,0.903975908898567,0.903976737697319,0.903978166275132,0.903979563201284,0.903981186572934,0.903981682388468,0.903982243346746,0.903982541783631,0.903983674911736,0.90398429211937,0.903985052968364,0.903985401532349,0.903986540276274,0.903986746062197,0.903988487117403,0.903988984717198,0.903989712869758,0.903991151710358,0.903992753798417,0.903993709987859,0.903994478537517,0.903995853395297,0.903996831851155,0.903997764405481,0.903998425560922,0.903999343587764,0.904000404479594,0.904000946443842,0.904001326237284,0.904002106039984,0.904002862908109,0.904003445164373,0.90400395762106,0.904005207542439,0.904005454109013,0.904006316063124,0.904006825566155,0.904007546814713,0.904007856326514,0.904008716735584,0.904009164163417,0.904009917243657,0.904010426823499,0.904011364179076,0.904011825725572,0.904013046298541,0.904013789445037,0.904014346460667,0.904014982654274,0.904015328446962,0.904016076999961,0.904016674420781,0.904017253247709,0.904017966200573,0.904018592091492,0.904019739108212,0.904020270125351,0.904020977877067,0.90402206242614,0.904023046880457,0.904023935607895,0.904024566542031,0.904025060660228,0.90402622616348,0.904026963486752,0.904027674005195,0.904028295750698,0.90402914622212,0.90402954893919,0.904030311334136,0.904030926926187,0.904031760416798,0.904032588627027,0.90403307805179,0.904033802838649,0.904034181152662,0.90403493817397,0.904035494340995,0.904036164857181
0.412754373591166,0.424509059504543,0.424599857810316,0.43140055665268,0.432914249599984,0.43501860170313,0.519893041933888,0.519893041933888,0.520074618577666,0.520074618577666,0.5216818120876,0.542569006838907,0.542763655652603,0.542841739223912,0.545646375119478,0.545646375119478,0.588994298742862,0.603453076966336,0.603453076966336,0.611118994004744,0.617808879202011,0.61796222181548,0.617998496416371,0.628818641264424,0.631251821617298,0.631620451521379,0.754116435293709,0.754857979103126,0.754963858821545,0.75501476764788,0.75547593344112,0.75547593344112,0.758055777852387,0.758187115172731,0.758520560067293,0.758520560067293,0.758617428927214,0.758905946482592,0.764354618109292,0.764817767075296,0.776579841464634,0.776845311738773,0.779834503985657,0.779834503985657,0.783447494270384,0.783582258513039,0.78610485085978,0.786693341104695,0.786952521548713,0.786961747619212,0.789778867800643,0.801353636206698,0.802617829922078,0.805216351727333,0.806142928756444,0.806197544893487,0.815448109292865,0.815448828983191,0.815585249260408,0.816612455486516,0.821600875908978,0.82164190905534,0.834585635677046,0.834893855543488,0.842132893154965,0.842255066460303,0.845243793654243,0.845394930351509,0.845559835110995,0.845570994831459,0.846507356159165,0.846612307974589,0.847526666880596,0.84752785325618,0.851521756455635,0.851616874148208,0.852429893821201,0.852430609058973,0.856314631563716,0.856320777801548,0.857635212075247,0.857651351583202,0.858633684932585,0.859169724410864,0.859553539098576,0.861815893391326,0.863232883496669,0.863234758051705,0.863244237058032,0.863276381704228,0.86331039116364,0.863640836296823,0.865493856689295,0.865623046771531,0.865708551150591,0.865717959757671,0.866857629135381,0.866864802617594,0.867377735245017,0.870760837496024,0.882277108366387,0.882370674059129,0.882610561213592,0.882620911444761,0.882806272269994,0.883813714124195,0.884032277792089,0.884103689796506,0.88476756654615,0.887645717469006,0.887674502544174,0.887810540997888,0.891789497523691,0.891789596736706,0.891851987349755,0.89261132649615,0.892619687844006,0.89262139626986,0.892917545964833,0.892977237292063,0.893076482280931,0.893079651364506,0.893339926606163,0.893442939287806,0.89360779387824,0.893718712055414,0.893742130783639,0.893835527928133,0.893855939463931,0.894058864115848,0.894247010666284,0.894255941225048,0.894783790973866,0.895048324213072,0.89532218061675,0.895623773232096,0.896250529441097,0.896769406279726,0.897011596946657,0.89717500408866,0.899847826805975,0.899858262333955,0.89986900599259,0.899992537126574,0.900134469495611,0.900195703032975,0.900437246589864,0.900521568899831,0.900581485821885,0.900827095906082,0.901083431614005,0.901130253013,0.901419859974119,0.902692219493901,0.902750625888718,0.902770936575449,0.903004692363116,0.903077645631976,0.90310112520318,0.903191582470881,0.90330084508762,0.903315652868686,0.903810529294746,0.903860221744026,0.904001794684393,0.904004972526991,0.904007191894188,0.904014470863909,0.904165255636006,0.90451524535168,0.904516038526266,0.904556465457584,0.904560816448107,0.904638772451861,0.904729979561587,0.904818030124803,0.904820201543988,0.904861198973929,0.904865102734414,0.907407218930742,0.908291475874159,0.908291568626874,0.908310864667254,0.908310893533146,0.908376429990857,0.908380138598653,0.908414606939566,0.908414729471489,0.908455222785935,0.908456735796322,0.908628819173186,0.90868953367753,0.90875021028964,0.908772791944343,0.908796576160112,0.908798860381366,0.908812406939063,0.908813732071489,0.90889474655644,0.908906245615884,0.908932296798085,0.9090175669417,0.909149019069154,0.909150346514336,0.909172160619174,0.909173143698423,0.909345511414865,0.909345859050617,0.909425324470919,0.909629300342243,0.90970158895827,0.909702284885543,0.909781086818002,0.909781606627373,0.910195353449987,0.910197138633939,0.910200776275679,0.910201344891248,0.910409533641744,0.910410472683168,0.91053858972795,0.910540472247504,0.910560763699401,0.911059490382569,0.911318223063459,0.911318976416638,0.91196826221363,0.911976210435499,0.912016158283753,0.912019203524952,0.9121546872892,0.912155537795548,0.912294125334812,0.912296329757785,0.912356135492632,0.912358924197514,0.912503564566827,0.912510079074294,0.912688452532195,0.912689569160439,0.912812303527375,0.912813683047294,0.912816696826066,0.912817773142191,0.912821781714947,0.912822075333385,0.912930149615714,0.912931157898718,0.913058928637648,0.913059614179679,0.913330723741617,0.913334674840408,0.913383434613329,0.913384155223236,0.913438818411803,0.913439067369336,0.913496547488094,0.913500186136442,0.913690480117646,0.913691423642219,0.913746226255085,0.913747212790004,0.91381652759935,0.913816925191393,0.913913788896047,0.913913815320415,0.913977635735832,0.913981472455017,0.914061295534347,0.914062131367374,0.91454812843172,0.914549987386801,0.914674344336619,0.914674947020643,0.914708659395656,0.914709210012834,0.915839552653778,0.915840809971343,0.915927622040096,0.915929188312769,0.915939963905874,0.915941655459205,0.916000775810584,0.916001353509782,0.916073162204138,0.916077725596142,0.916532104383615,0.916535068240108,0.916576686211704,0.916577826756047,0.916655287496217,0.916659725540933,0.916759787765677,0.91676024043384,0.916801692056857,0.916804519719256,0.916874259464007,0.916875730629376,0.916927073055909,0.916928759148023,0.916979861510582,0.916986584717178,0.917075465618335,0.91710560768721,0.917175666189084,0.91718621723593,0.917256181148399,0.917261584012992,0.917318035204276,0.917321204221979,0.917394733452455,0.917405659550907,0.917497048337423,0.917517032449349,0.917564463664195,0.917577145086031,0.917640868620122,0.917652574519342,0.917701552065889,0.917709525223556,0.917771999358756,0.917777874511172,0.917829134177624,0.917840233090589,0.917892460441475,0.917901045688074,0.917981698313455,0.917997396828127,0.918045569173197,0.918057202708403,0.91808765414362,0.91810085820325,0.918167308422103,0.918175828493308,0.918243578334453,0.918261185045149,0.918332282243418,0.918356959401528,0.918415635161135,0.918422407971534,0.918474074670445,0.918697162797349,0.918722641067346,0.918730066644512,0.918815571186986,0.918822282546416,0.918887536617398,0.918896073773392,0.918916569194039,0.91895493948422,0.918984014919047,0.919005307776231,0.919041763512429,0.919050064048739,0.919091975570657,0.919102456710322,0.919123695069693,0.919136399391448,0.919169968561335,0.919184019548078,0.919219433861181,0.919229299474495,0.919257960797412,0.919262831227737,0.9192878901343,0.919299399941012,0.919320441786232,0.919326804514286,0.919349887516583,0.919358382161428,0.919374520712314,0.919394212097512,0.91940881146766,0.919422207582334,0.919443434326894,0.919450069691685,0.919471176601689,0.919479694500436,0.919547463117113,0.919560772979515,0.919591083860561,0.919596147826918,0.919616285476721,0.919629230705752,0.919647526983799,0.919658251730671,0.919666983475025,0.919672731580779,0.919682942974608,0.919691346156,0.919708956414752,0.919717206739682,0.919729428786467,0.919732198242678,0.919748420049367,0.919760527377954,0.919769708404712,0.919780523958113,0.919797778438125,0.91980503580191,0.919820912415672,0.919830705141679,0.919844128971935,0.919851277086618,0.919863130654435,0.919868819054159,0.919877685231217,0.91988062911645,0.919887686386982,0.919891780653687,0.919910501308092,0.91991864885569,0.919927818159088,0.91993932717342,0.919953830503707,0.919963459268907,0.919969302537445,0.91997710658937,0.919996813730929,0.92000357471828,0.920015710412769,0.920020117457436,0.920025350445079,0.920027897913521,0.920165853655178,0.920169688728139,0.920174803245186,0.920177790920561,0.920183079246076,0.920185822900884,0.920189550566474,0.920196094065108,0.920202239723288,0.9202066594789,0.920210467522817,0.920214829226647,0.920220188145155,0.920221215682577,0.920228100012215,0.920232115343839,0.920237650702994,0.920238886235856,0.920243379499583,0.92024610072122,0.920248548812945,0.920250952011122,0.920252867442165,0.920257012516257,0.920263716874968,0.920269240182033,0.920270802579701,0.920273332036966,0.920275263648253,0.92027857892019,0.92028397720951,0.920285619099134,0.920289272461925,0.920290656473389,0.920292635311295,0.920294755772254,0.920298525449594,0.920301286439165,0.920303437484902,0.920306868378489,0.920311403200136,0.920313109263712,0.920314032874323,0.9203154017725,0.920317593128087,0.920319408296543,0.920326077273137,0.920327756880049,0.920331183401833,0.920334110540299,0.920335476359512,0.920337421304455,0.920340075113632,0.920341418539938,0.920342994187995,0.920345713481645,0.920350681554874,0.920353004251559,0.920357722215668,0.920360468278045,0.920364681843274,0.920365466952394,0.920367256725986,0.920369828963159,0.920371864358996,0.920374749323843,0.920376354582448,0.92038044255532,0.920381415205053,0.920383102545404,0.920427620621242,0.920429181289371,0.920430272202719,0.920431378952147,0.920432055161349,0.920433154581568
0.382060872696509,0.384284336126154,0.385513215950176,0.39515518470197,0.481911993194434,0.481911993194433,0.499131186350803,0.499131186350803,0.545459310411641,0.545459310411641,0.545757723295762,0.558738566488111,0.616237025274141,0.616237025274141,0.616237025274141,0.616237025274141,0.621452482421923,0.621921098868657,0.67147066815001,0.67147066815001,0.67147066815001,0.67147066815001,0.67147066815001,0.67147066815001,0.697228000404045,0.697228000404045,0.697228000404044,0.697962610078957,0.6982512525571,0.702520457787377,0.703782852034666,0.703782852034666,0.724687335807247,0.724687335807247,0.741089394659191,0.741659619260845,0.742347862729264,0.742347862729264,0.805163784638572,0.805975732519098,0.811218594985765,0.811579305883568,0.818822217380253,0.82089189989359,0.849920607958959,0.851512246168571,0.865667222060913,0.865814010460017,0.866706972038039,0.8670137078794,0.868002959422524,0.868158713648531,0.869460466426714,0.869839844985959,0.87073629512772,0.87104428619066,0.871949937390529,0.872274358394819,0.873447447911926,0.874353105004752,0.875931317721804,0.876048613156118,0.877802177539868,0.877895784209172,0.879675425827864,0.88093503795362,0.882163975055155,0.882328105634665,0.88388296865636,0.884146084592333,0.884597177567788,0.884813848918845,0.885592558189049,0.885715169711965,0.886965166571012,0.887109056473996,0.887716989236782,0.887771377838394,0.889040964029341,0.889191957092763,0.889989052471732,0.890056464406089,0.891509113396447,0.891717421032001,0.892098041639539,0.893242885670108,0.893536996553862,0.893705910477014,0.893983903565259,0.894267903230253,0.894550341981101,0.894776565197131,0.894919311469206,0.895232376050125,0.895281641529092,0.895589655917727,0.895690539372841,0.895965104741961,0.896127888384287,0.896363044687722,0.896463022782459,0.897513092549135,0.897585718142643,0.897796427904518,0.89785506397256,0.897968186501071,0.89801723342254,0.898186357744027,0.898235348316565,0.898426662158839,0.898781744113211,0.898866351118437,0.898998746674766,0.899005630551673,0.899651595880499,0.899679539454542,0.899820058423978,0.900500813945523,0.901549306473739,0.901561087229931,0.902230255554289,0.902261603466704,0.90241061485143,0.902462134557077,0.902565853125521,0.902651552634503,0.902771630401175,0.90281537485562,0.902927574770591,0.902948865961744,0.90301853775229,0.903071197016326,0.903199548718539,0.903249228369204,0.903491963098015,0.903513313941085,0.903634119665202,0.90366832858845,0.90374893517442,0.90377642724006,0.903846269448741,0.903882372147148,0.903959785551804,0.904028381183078,0.904117885984767,0.904150368648474,0.904242350811359,0.90425783136197,0.904312141353979,0.904357613187806,0.904397122796297,0.904426249318821,0.904453183223809,0.904466225856456,0.90469557767236,0.904715461015004,0.904754232890579,0.904772617724664,0.904809398042031,0.904834090744226,0.904894146542107,0.904928122375966,0.904958239245897,0.905007276189695,0.905041719931943,0.905078975514292,0.905223340273332,0.905243286595211,0.905281578267045,0.905297774213955,0.905314197905325,0.90531822794835,0.905421607339795,0.905885373519678,0.906076544915892,0.90609602017707,0.906123837309908,0.906137116197686,0.906173795714471,0.906195949546246,0.906216211137536,0.906223697036384,0.90624317297223,0.906258338159053,0.906292064803403,0.906319522268241,0.90633585155478,0.906348664993533,0.906367800359422,0.906387929111357,0.906408750434143,0.906417369070609,0.906436926371262,0.906457470466651,0.906507589149174,0.906525365388276,0.906531057125566,0.906547156447035,0.906572656154216,0.906596156458598,0.906609188471537,0.906616702648283,0.906711004065417,0.906718334855768,0.906764448339457,0.906779305545302,0.906789579782208,0.906796419819993,0.906805870063941,0.9068085335467,0.906828816109787,0.906838114523651,0.906848457847754,0.906864336880871,0.906871339854046,0.90688280225785,0.906892019156935,0.906897843159761,0.906918130108782,0.906923225513059,0.906960589015036,0.906967155412362,0.906977601106753,0.906987702804338,0.906996415527747,0.907003017699899,0.907004329965008,0.907013912540767,0.907034687577563,0.907040877824592,0.907048220000172,0.907057595692306,0.907064622816389,0.907071135119217,0.907079336859407,0.907086210384173,0.907096267106354,0.907107678628457,0.907111415994484,0.907116716572272,0.907120693263613,0.907126616499986,0.907209191180238,0.907226584188274,0.907233139339649,0.907398938749781,0.907407820019325,0.907419733564945,0.907428498231419,0.90743604866745,0.907444994826204,0.907449062335208,0.907468393398087,0.90747608851311,0.907496011577594,0.90750154736826,0.907504848671939,0.907510287870641,0.907515148527287,0.907518202683559,0.907636235197505,0.907639861225354,0.907652026225667,0.907656443945505,0.907658421187426,0.907662999061424,0.907664968150577,0.907668252159916,0.907669765573024,0.907678962871,0.907693573176695,0.907695709015757,0.907709163320254,0.907719227101672,0.907724900704764,0.907731186566225,0.907735887595129,0.907740559454206,0.907759640277652,0.907761301945668,0.907764312453054,0.907766420195643,0.907770032355938,0.908211405019035,0.908213971516995,0.908223894175059,0.908226405270691,0.908233534014278,0.908244627325331,0.90824924049762,0.908253572449913,0.908257939809135,0.908328419401996,0.908329879698224,0.908334623686661,0.90833656915205,0.90833748845062,0.908339388667706,0.908343580827595,0.908350521754278,0.908353057115147,0.908354872648906,0.908605851134142,0.908609481365345,0.908611792440754,0.908612474587588,0.908613471122139,0.908621152175889,0.9086565609233,0.908657834403602,0.908674625958612,0.908679494048355,0.908681760867569,0.908685354271475,0.908698357282853,0.908701159188575,0.908707808947256,0.908711495772576,0.908850236804531,0.908852009209554,0.908853563152223,0.90885468250645,0.908856149330223,0.908856818934221,0.909055057137128,0.909061903934245,0.909064849514302,0.909065067714409,0.90906880792382,0.909071485264489,0.909075756909769,0.909080762934939,0.909082311960633,0.909083016603487,0.90908494109113,0.909086685147644,0.909087160147821,0.909089580128084,0.909090509238603,0.9090940358435,0.9090952157696,0.909097093111596,0.909127675354412,0.9091287080337,0.909129634967423,0.909160750509149,0.909218998658323,0.909221091566368,0.909223952057278,0.909226115314761,0.909228766382966,0.909230477369366,0.909231609971979,0.909233147367466,0.909245117787322,0.909247978337728,0.909249020315236,0.909251559531016,0.909254684390449,0.909257166524593,0.90925818686355,0.909260416782419,0.909261420465007,0.909265295420161,0.909266743592096,0.909276332620527,0.909278558605934,0.909280242021648,0.909281645599108,0.90928296872522,0.909284267382493,0.909285301735184,0.909296531056598,0.909298076587927,0.909304588746969,0.909305766152174,0.909306797871036,0.909308474933706,0.909310887529432,0.909312648404612,0.909313710403934,0.9093183504481,0.909319555851248,0.909321288829218,0.909322069953203,0.909323889842167,0.910935324164948,0.910936973348489,0.910938673855236,0.910939173136258,0.910981117229424,0.910982613278697,0.910984987576164,0.910986398640391,0.91099849413825,0.910999179115301,0.911001931205999,0.911002628472891,0.911003231279991,0.911005105300361,0.911012182049932,0.911012517706327,0.911017927043437,0.911019221343164,0.911062360435995,0.911189355640255,0.911190437708937,0.911191472943008,0.911256722667362,0.911257922814769,0.911259363632647,0.911262724254381,0.91126647057721,0.911267385577615,0.911268612754606,0.91127053641265,0.911271545265639,0.911272663232904,0.911273786198013,0.911275835905829,0.911276356615745,0.91127729018367,0.911333841159087,0.911335030803767,0.911339359564286,0.911340693254159,0.9113436373828,0.911344707110817,0.911347722446606,0.911348587133119,0.911349283748995,0.911350389047415,0.911351402682775,0.911353021501839,0.911353700174402,0.911355702605254,0.911364260744719,0.911364708526258,0.911443089577128,0.911443750932152,0.911444600829181,0.911445882785634,0.911460761782715,0.91146097789874,0.911472943549082,0.911472943549082,0.911474764849396,0.911484772194188,0.911485440331297,0.911486630944176,0.911497950917476,0.911498830145793,0.911500113843289,0.911507284567202,0.911639379778449,0.911639858392885,0.911649900277265,0.911655866588,0.911657011437611,0.911657656810948,0.911659339243295,0.911660055996231,0.911661914642741,0.91166272038181,0.911680934485968,0.911681614214647,0.911697457939151,0.91169796305869,0.911698718452898,0.911699810762327,0.911704944465608,0.911705186923131,0.911706704659315,0.9117074593051,0.911711919917136,0.911713447432187,0.911727725916024,0.911728566066436,0.911765420894526,0.911765828865239,0.911767313006769,0.911767873677485,0.911771898729383,0.911782971917935,0.91178332383507,0.911784195757835,0.911785048775985,0.911786157466197,0.91178659324127,0.911788686585185,0.911797104301596,0.911810261355913,0.911811681857364,0.91181427093222,0.911820897649136,0.911821511693283,0.911832195449479,0.911832297428096,0.911832927087453,0.911833317955463
0.384865948221922,0.467104550828983,0.480089141494526,0.488916406280398,0.494509117605096,0.494509117605096,0.500049984937682,0.500603790081943,0.514967235249814,0.514967235249814,0.525278560347467,0.525278560347467,0.629516459726352,0.629516459726352,0.630922424474041,0.630922424474042,0.646304328188099,0.646304328188099,0.697162810859128,0.698830848274481,0.712635663298396,0.712660871205844,0.714176882622514,0.714176882622514,0.716734394975732,0.716734394975732,0.716734394975733,0.716734394975732,0.716734394975732,0.716734394975732,0.717629714555893,0.717629714555893,0.790027672117716,0.790027672117716,0.790643252355247,0.790643252355247,0.796644261357496,0.796644261357496,0.82151770297509,0.82151770297509,0.822711184403507,0.82297014187978,0.82777449605984,0.827792204477828,0.828450381533892,0.828450381533892,0.828561309758739,0.828576869666284,0.830443448811271,0.830522865934631,0.830981853184498,0.831131820014494,0.832438745796786,0.835000824842674,0.840045400581109,0.840436197880658,0.846338934019466,0.846427392355259,0.850696178983309,0.851321688494909,0.852874022757001,0.853174281156731,0.854768876040231,0.855145911103386,0.861169583780991,0.862138383340694,0.862969087417858,0.863307957465465,0.875238980505348,0.87537203194952,0.876706002018962,0.876809171153459,0.877722205923907,0.877912456956244,0.878713317850508,0.881969282785225,0.88282061083012,0.882850054225062,0.883914717232,0.884212621955826,0.884952323901973,0.885002165089945,0.88582796678425,0.885902455201457,0.88902754216863,0.889265154114761,0.890322436470654,0.89052229762411,0.890860228588128,0.890921417348634,0.891612569289868,0.892139660332562,0.892730915208743,0.89278781425472,0.893185622808567,0.893403934727001,0.893707846930754,0.893786243362873,0.894114393580555,0.894164713222715,0.894481197983411,0.894626022019161,0.895049813612063,0.895131580073483,0.89529998428911,0.895408711281723,0.895649947634181,0.895695292298685,0.89589007817087,0.89599962971823,0.896253233520746,0.896336016232408,0.896563295905449,0.896588638311481,0.896736933504814,0.896788061615683,0.896962598168201,0.897018072255908,0.897179571260249,0.897209466215591,0.897431939483227,0.897501434422424,0.897655276380606,0.897697277077886,0.897827813349111,0.89790292673609,0.898053984141416,0.898106431894056,0.898271459322468,0.898324613209347,0.898418098713353,0.898489293677071,0.898575992505386,0.898610077835896,0.898696909204007,0.898711753070686,0.898770362911241,0.898815629594316,0.898865417636743,0.898912814525583,0.898962782644886,0.898999831040779,0.899087522645753,0.899112698101496,0.899172962020478,0.89920035018962,0.899238030546754,0.899269427223384,0.899310218391824,0.899348045821875,0.899380936677626,0.899417502782508,0.899434135484757,0.899457758729551,0.899475389623832,0.89949688275958,0.899949112155385,0.899957285776567,0.899993878680542,0.900009353368481,0.900047918389695,0.900069728647341,0.900098071587662,0.9001223848925,0.900136366544843,0.900162464130001,0.900181186520515,0.900200007930253,0.900233625709408,0.90024722835344,0.900269771687766,0.900287127097171,0.900309255829974,0.900327347294951,0.900351605292825,0.900366587504265,0.900377001792232,0.900389334705424,0.900409151606903,0.900421825139477,0.900442755171841,0.900460431604278,0.900481449841959,0.900493346918483,0.901740008650875,0.901748932891007,0.901760603786694,0.901780073145308,0.901788368040312,0.901801272696646,0.901810513509124,0.901826758803803,0.901841082285565,0.901854130608579,0.902274475738269,0.902284308578979,0.90229285528684,0.902302804698008,0.902312755721982,0.902321245150278,0.902333236449512,0.902344763385519,0.902357672823201,0.902369844313618,0.90238271286336,0.902392055461471,0.902404323581091,0.902411712589752,0.902419283914513,0.902429586939939,0.902436703814538,0.902446718972515,0.902454015538898,0.902462933082041,0.902477166649574,0.902488333550676,0.90249575837898,0.902504843930418,0.902516484605931,0.902522706586795,0.902533579016205,0.902539289816349,0.902547156510442,0.90255811756188,0.902563673292732,0.902568975170307,0.902574184222227,0.902579959251761,0.902585777546133,0.90259160400305,0.902594670709489,0.902599148424503,0.902604441828316,0.902608922474432,0.902613580558368,0.902619115535632,0.902624152641019,0.902633462089551,0.90264023411972,0.902643304813925,0.902647711476634,0.902651160775432,0.902655690261057,0.902660250679849,0.902666044327772,0.902670897091183,0.902676601060355,0.902681976770822,0.902684979947642,0.90268929968874,0.902694071836412,0.902699763727699,0.902704935367803,0.902707250176896,0.902712105588979,0.902715083728326,0.902718485020065,0.902722609583149,0.902724478614233,0.902731279616386,0.902733706591363,0.902737048536274,0.902740522381126,0.902743171006216,0.902748693445074,0.902750861663046,0.902752789302293,0.902755361213265,0.902758044483063,0.902760727938427,0.902763420425059,0.902766620363117,0.902996973057956,0.903000593638042,0.90300306711749,0.903006066545926,0.903010786374721,0.903013788284341,0.903016829551598,0.903020991188597,0.903023187426477,0.903025658928271,0.903029085358633,0.903031073984455,0.903034287125818,0.903037135928715,0.903039239605481,0.903042031414832,0.903044256896182,0.903047491711016,0.903049397383345,0.903051923243282,0.903054043254292,0.90305658785089,0.903058725020397,0.903060904588187,0.903062759732713,0.903065660073531,0.903068487443061,0.903070314073448,0.903071542486995,0.90307375463059,0.903075878559088,0.903077439712917,0.90307935487926,0.903080720086153,0.90308396476255,0.903085671565662,0.903088569398151,0.903090050545412,0.903091211839098,0.903091838883949,0.903093239836014,0.903095185755609,0.903097083006285,0.903098764722022,0.903100425020246,0.903102973086749,0.903104052910469,0.903105680416055,0.903107666813363,0.903108805834857,0.903110670065888,0.903112737482001,0.903113962157037,0.903115500347555,0.90311732800346,0.903117899153657,0.903119076168747,0.903120110827053,0.903121926406366,0.903122378314108,0.903123458338981,0.903125020292376,0.90312732094582,0.903128380048904,0.903129493759512,0.903130681127963,0.903131732554282,0.903132846812091,0.903133769068656,0.903134463517332,0.903135842172679,0.903138340796195,0.90313904528583,0.903141064861461,0.9031428571298,0.903143386286278,0.903144358093804,0.90314534689722,0.903146578686593,0.903147898793116,0.903148689152192,0.903150074847164,0.903150921997204,0.903152702118271,0.90315443643109,0.903155797869022,0.903157413932021,0.903158679734523,0.903159134976281,0.903160480492637,0.903161094863098,0.903162340828792,0.903163366885999,0.903164425031893,0.903165566035317,0.903166484019165,0.903167450009244,0.903168239148999,0.903169457078044,0.903171661268053,0.903172750423587,0.90317382999136,0.903174354853299,0.903175747555798,0.90317704035026,0.903178009656021,0.903178795156436,0.903179653572993,0.903179925211806,0.90318086067911,0.903181823309346,0.903182558285176,0.90318305466448,0.903183776642076,0.903184748380007,0.903186303592469,0.903187026747613,0.90318817640406,0.903188639748657,0.9031895354476,0.903189928135577,0.903190920927892,0.903191727502245,0.903191990511853,0.903192356940317,0.903193260789374,0.90319351897458,0.903193927109643,0.903194487864313,0.903195555595182,0.903451426137649,0.903453010660354,0.90345336805271,0.903454406039724,0.903621995083316,0.903622846219581,0.903623485981965,0.903624078290983,0.903625142041003,0.903625896089503,0.903626328309205,0.90362728934858,0.903628499812022,0.903629517069637,0.903630084728199,0.903630526292889,0.903631572799394,0.903632152722242,0.903632310552178,0.90363269803685,0.903633586481224,0.903634311355114,0.903635181923184,0.903635487164689,0.903635702912126,0.903636960589348,0.903637507054835,0.903638623861996,0.903639408626978,0.90364078563789,0.903641373097195,0.903641645858861,0.903642270094939,0.903642973308113,0.903643228771082,0.903644252605505,0.903644905094826,0.903645575822192,0.903646232899077,0.903646966324377,0.903647927520335,0.903649079277841,0.903650015650951,0.903651032083321,0.9036516963694,0.903652751837458,0.903653466974969,0.903654530487204,0.903655033401602,0.903656221186165,0.903657075426205,0.903658233850107,0.90365884889134,0.90365977868486,0.903676688203469,0.903677508649651,0.903677823452603,0.903678352479703,0.903678684146882,0.903679784126759,0.903679986988994,0.903680517207896,0.903681416737842,0.903682029188742,0.903682383473602,0.903682686530818,0.903683336630755,0.903684054111147,0.903684768338069,0.903685470438992,0.903685785001194,0.903686686072563,0.903687256767525,0.903687944906745,0.903688357488465,0.903688696967651,0.903688902550476,0.903689603284728,0.903690154157738,0.903690512964424,0.903690832286902,0.903691278729643,0.90369147921647,0.903691967458643,0.903692426780336,0.903692743606468,0.903692971484672,0.903693335030141,0.903693663291155,0.903694023006114,0.903694489263955,0.903694790464343,0.903695308375942,0.903695709288991,0.903696034672524,0.903696190070601,0.90369637338417,0.903696909052069
0.402292904488839,0.404513732641777,0.405243439951591,0.415964095877185,0.445739295909574,0.445739295909574,0.492859785545333,0.525590132972834,0.525590132972834,0.525590132972834,0.525590132972834,0.525590132972834,0.525590132972834,0.525590132972834,0.525590132972834,0.538543392922227,0.543220868548916,0.550711390762498,0.550775269553015,0.550775269553015,0.560274981277675,0.560274981277675,0.607729405979226,0.60798168219598,0.616062213828158,0.616062213828158,0.616183554899429,0.616199723670717,0.61831184603663,0.61831184603663,0.653110654439874,0.653110654439874,0.654180065966192,0.669396792278529,0.66940837996225,0.669658349507935,0.671174790572759,0.672196193006256,0.680006400874161,0.680006400874161,0.706985408260341,0.70698540826034,0.710329184241109,0.710329184241109,0.710956219114743,0.710956219114742,0.711217836845138,0.729039973959071,0.730245252485125,0.730402102297196,0.736573588816088,0.741409920602554,0.748104550810515,0.748104550810515,0.754094960485387,0.75411434744176,0.759802549452921,0.759802549452921,0.762553443569435,0.762562307504804,0.773397536107185,0.776293117541691,0.777909528756636,0.777909528756636,0.777933083557524,0.785461007400009,0.810328785463852,0.824477928573574,0.838891192038162,0.838891192038162,0.839958689187086,0.840052005123881,0.841210409514352,0.841217298771345,0.850032159960732,0.850275553751045,0.851360875699218,0.858622790166218,0.859471450025688,0.859563315528983,0.860488286598166,0.862018051842252,0.865483563428109,0.866628732131442,0.868370901703531,0.86875041007915,0.869133536113857,0.869197758221833,0.872356823207524,0.872396622474056,0.873780234274054,0.874962166090647,0.878314409828503,0.879114752048731,0.880315804539296,0.88478032756227,0.885559478604637,0.885798036369769,0.88636993366818,0.886655249512362,0.886876130948897,0.887305888278425,0.887863311841145,0.888275853506565,0.888648517090365,0.889717380470866,0.890144520892792,0.890219673279095,0.890786167410231,0.892022368938785,0.892121000727401,0.892428212013415,0.892694039573336,0.893419574082922,0.893705091569196,0.89389787824194,0.893953393940937,0.894078146910779,0.89435162414188,0.894448228755591,0.894730448240403,0.894934449732727,0.895173904060352,0.895400236943507,0.895587032585708,0.895667576588479,0.895866599227705,0.895959221761634,0.896195567507637,0.896204821118218,0.896439008681991,0.89644469095883,0.896738147735393,0.896746515675454,0.896835795962839,0.896978294329466,0.897212792325026,0.898121082101062,0.898395478969963,0.89844477966529,0.89867027900448,0.898713228822797,0.899069867617989,0.899113575387035,0.899222047138966,0.899251221957045,0.899335729512236,0.899346086255685,0.899614638671725,0.899628065461988,0.899716037327062,0.899748639760006,0.900008139944617,0.900291587463953,0.90038356809176,0.900425678794086,0.900595133291605,0.900611322332622,0.900751533463151,0.90174054383291,0.901919663964684,0.901977554505812,0.9021477779083,0.902259824636509,0.902395153269752,0.902513070724156,0.902705922532773,0.902730656310875,0.902847002701014,0.902891960204718,0.903064359564869,0.903075143715778,0.903202423151938,0.903218369996341,0.903324540530958,0.903338671269202,0.903502888497907,0.903576775677627,0.903621443118086,0.903638477218006,0.903728710568736,0.903797368704521,0.903862989175291,0.903891401508722,0.903984747391342,0.904017994649482,0.904136141029431,0.904155235491241,0.904232272313101,0.904269992242613,0.904375089605495,0.904407932342614,0.90445137380222,0.90452008440507,0.904563367333005,0.904591307676855,0.904615934534628,0.904651118726285,0.904695807687247,0.904738893369564,0.904770430776999,0.904784168892528,0.904823487405368,0.904857004487345,0.904936346304429,0.904953421163449,0.904991827542543,0.905054173841989,0.905094203567354,0.905124437082405,0.905153886418501,0.905175846207462,0.9052197079639,0.905239513098978,0.905289722606159,0.90543548961242,0.905468050286688,0.905474890224262,0.905497540598368,0.905510080987686,0.905541703192757,0.905571342117767,0.905621104317697,0.905643908534201,0.905674269314432,0.905704353127413,0.905732679240646,0.905750845466043,0.905770223900404,0.905801611550598,0.905817020799814,0.905844322978123,0.905872240637225,0.905882540085739,0.905923726168194,0.905939784872289,0.905960764789197,0.905982639976945,0.905997781324976,0.906013503675464,0.906035433437294,0.906041240210323,0.906057724711513,0.906068664430325,0.906091390879444,0.906100990308345,0.906120273910718,0.906125802462627,0.906147509496509,0.906158927220693,0.906177344621765,0.906191210893044,0.906210809767573,0.906229246847288,0.906250315108698,0.906259443125259,0.906265465180059,0.90627943194823,0.90629269736108,0.906308436442851,0.90632212959795,0.906338293437582,0.906359081214266,0.906371436046378,0.906378405647133,0.906388015773245,0.906419688244649,0.906430822725182,0.906438812138454,0.906458571846496,0.906464614419375,0.906478524855,0.906492128191766,0.906503928916966,0.906518741309007,0.90652334584503,0.906540979345755,0.906549039721366,0.906557570596382,0.90657067816796,0.906581523151068,0.906595585219386,0.906604807171903,0.906613642013638,0.906621726923424,0.906634759550895,0.906642811710024,0.906645621717845,0.906653413261876,0.906659584826599,0.906668850625079,0.906677697779189,0.906692326324572,0.90669694260874,0.906707093504519,0.906710733970888,0.906714929480721,0.906723155129436,0.906732023281978,0.906743952447254,0.906749462276711,0.906758138867897,0.906763915213417,0.906770701010335,0.90678100992327,0.906783982175503,0.906827129976723,0.906831562789161,0.90684051544621,0.906844060762608,0.906850836026544,0.906853875575146,0.906857047285403,0.906863023524032,0.906863701847593,0.906867582217666,0.906871544856679,0.906877829795024,0.906887144537228,0.906892437796986,0.90693782312944,0.906939811734152,0.906943283710642,0.906945939030081,0.906948479190759,0.906953145173942,0.906957358001481,0.906960021191529,0.906964936440194,0.906968401272905,0.907230894366365,0.907238557457743,0.907241071798841,0.907245944638146,0.907249875853809,0.907253101012764,0.907255695015,0.907259172818258,0.907263472641018,0.907269149843613,0.907271548179785,0.907275598629768,0.907277305925168,0.907280077544642,0.907546286337612,0.907548391664853,0.907550132831189,0.907554383280404,0.907558352991901,0.907560099824211,0.907561418233333,0.907562135548504,0.907563915021506,0.907568674789802,0.9075735183385,0.907577596366893,0.907578408714318,0.907581090693871,0.9075833579773,0.907588397544922,0.907592455350084,0.907598868081974,0.907601168855766,0.907602942185153,0.907604810130013,0.907607461716618,0.907611093645368,0.907613765361527,0.907613838280603,0.907617420518714,0.907618724734505,0.907622334931263,0.907627030735794,0.907630599774447,0.907632326183047,0.907637145468741,0.90763893912266,0.90764190423339,0.907643521472606,0.907645848939649,0.907734234271185,0.907738104811845,0.907742391998989,0.907744977638339,0.907747811649936,0.90774859820857,0.90775183662065,0.907755237952562,0.907756752457129,0.907760517888926,0.907765465569236,0.907767215202282,0.907933557908211,0.907936711011316,0.907939324981828,0.907942313070205,0.907944271049412,0.907947689815411,0.907953211962993,0.907955852474471,0.907957553918809,0.907959430815413,0.907963778470294,0.907966571551935,0.907968634149643,0.907969503003253,0.907973616443381,0.907975264734489,0.907978227863145,0.907980747828126,0.907986584972388,0.907987485520876,0.90798998847142,0.907992735672602,0.907993621902211,0.907995476973061,0.907996869603281,0.907998167985644,0.908000544833096,0.908002820959739,0.908006796243658,0.90800914426034,0.908010666882125,0.908014068793309,0.908016672236006,0.908019173722085,0.908021541592258,0.908023204938667,0.908025855668644,0.908028745743292,0.908030746072064,0.908032753646244,0.908035256903883,0.90803694438497,0.908039323991516,0.908040778866648,0.908043776318308,0.908046690796239,0.908048831258425,0.908054720639785,0.908056482454399,0.908060648018647,0.908064626812363,0.908066579265566,0.908069189363316,0.908069904598499,0.908072775452547,0.908075072431198,0.90807742950296,0.908078615944539,0.908080589637698,0.908083846533121,0.908085634033898,0.908086989925074,0.908090207559537,0.908093733424433,0.908096006572212,0.908098728659092,0.908099986632802,0.908102644238267,0.908103925004314,0.90810618373548,0.908107851209125,0.908109103606736,0.908111225823085,0.908113170949494,0.908115990864803,0.90811840094685,0.908121511691677,0.908123161378138,0.908124083955435,0.908126590822163,0.908127709051094,0.90813039578329,0.908131782589111,0.908134202790443,0.908134834114805,0.908137713507172,0.908139792745514,0.908141009684213,0.908142245181336,0.908143363587055,0.908145188604352,0.908146607827228,0.908148750559176,0.908151843374823,0.908154077835419,0.908155609844312,0.908156929708436,0.908159104699257,0.908160226316359,0.908162770167184,0.908163259968484,0.908165277992943,0.908166556337799,0.908167342775695,0.908168850690155,0.908169968408105,0.908171453548263,0.908173130429514
0.391030248817746,0.413697563872078,0.451772651007841,0.457396033544451,0.470587610165643,0.470587610165643,0.471603701020607,0.471624627807062,0.478480487495297,0.478664092336229,0.570145176974987,0.570145176974987,0.571417072307141,0.57141707230714,0.574245628032095,0.5751647954897,0.575687524675557,0.576691769518172,0.597587019745568,0.598117402833232,0.622413743512331,0.622413743512331,0.622413743512331,0.622413743512331,0.645182279193714,0.645188673653498,0.654808677388894,0.694836955784017,0.698484567293078,0.698484567293078,0.698713109670338,0.698713309138449,0.709425434969059,0.709577875736744,0.710284336804825,0.711249618024797,0.71730840872991,0.71762626236927,0.721009843622564,0.743297758895601,0.762030304362245,0.762030304362245,0.776718563380789,0.776718563380789,0.776718563380789,0.776718563380789,0.777591152761653,0.793761718432847,0.799156566922899,0.802731971180648,0.812724078830801,0.812728084456278,0.82446870578503,0.824820858504436,0.825263720921015,0.848134846634178,0.853679714508931,0.85369024748349,0.862308965393878,0.862404622961608,0.869091732016102,0.869203982126094,0.869828866280241,0.869880329660882,0.870078027752358,0.870412659474758,0.871633429736979,0.871812019969407,0.872157619480376,0.872305397094988,0.872999847459825,0.873171797397287,0.873442912874289,0.873699987293593,0.875128448537309,0.875806671701087,0.876326879272032,0.878683718582559,0.879117017817864,0.879466938707573,0.881207439636555,0.881264670825183,0.881601724208035,0.883070912142971,0.883353241583211,0.883448895086756,0.883708564842427,0.883765231274959,0.888016711172765,0.888098830553742,0.889280338831754,0.889829704080347,0.889951875861381,0.89006206357506,0.890228697273612,0.890574934050855,0.890915477964387,0.891145494259766,0.891523306991953,0.89166557647757,0.892038621002111,0.892176001277959,0.893288338532923,0.893648405487852,0.893659531036684,0.893815310239622,0.893880230637766,0.894184582785369,0.895253762150094,0.895377089602047,0.895447858845716,0.895537790177145,0.895579152393589,0.895676539203642,0.895694481313616,0.895904754760781,0.897599589076284,0.897801426351982,0.897822492305622,0.897862298230261,0.899423824019639,0.899530732063362,0.899801298007826,0.899822402076688,0.899939637142452,0.899943114626698,0.900029978557902,0.900037072736368,0.900125953708519,0.900304507281137,0.900358611505325,0.90036674026208,0.900485664636251,0.900504424616631,0.900558473374284,0.900586358250851,0.900678667697966,0.900692557585237,0.900788456892932,0.900802813629876,0.900853991802398,0.900863098302105,0.900904112549564,0.90092495108931,0.901022911459476,0.901042484461465,0.901074843926733,0.901093638245442,0.90116945690679,0.901182401744985,0.901239285382172,0.90125976815832,0.901307374889785,0.901325460581898,0.901364943297226,0.90139505822196,0.901440192475412,0.901463648633121,0.901487910825958,0.901506360102879,0.901553366341321,0.901565912913402,0.901593041266624,0.90162073451797,0.901759966081188,0.901776381739002,0.901802105667123,0.901899436791037,0.901948775579329,0.901960687343086,0.901980870951533,0.901996682543827,0.902043707471933,0.902055750577685,0.902088470220249,0.902096349518589,0.903419239042818,0.903440854646122,0.903460724062239,0.903479727720151,0.903491846299889,0.903509039701197,0.903540926628363,0.903551986466455,0.904780669435428,0.90479803782939,0.904812678106565,0.904829107836157,0.904849560789356,0.904860608022788,0.905479614988638,0.905488523779718,0.905511412626094,0.905516688909655,0.905532956719349,0.905551553549948,0.905574041179587,0.905597286364761,0.905615811446804,0.905626529465377,0.905648517116494,0.905665935004504,0.90568854087155,0.905696717160884,0.905705735082969,0.905716268362762,0.90572781700407,0.905732295918135,0.905744945625131,0.905753267844189,0.905763613978988,0.905773205617563,0.905781158332028,0.905786088871072,0.905797046384282,0.905803592394078,0.905813757312513,0.905827758489449,0.905834873991803,0.905839619516851,0.905846733857724,0.905852596804569,0.905863136744289,0.905866152011642,0.905877413614367,0.905881308912012,0.905891595121816,0.905895624457241,0.905902270117718,0.905906323989252,0.905915899945287,0.90592080756753,0.905927821516917,0.905932058159456,0.905936264098657,0.905941549981491,0.905944885797998,0.905951401495486,0.905956163006473,0.905962620344284,0.905968208504474,0.905978833234032,0.905982920240894,0.905987739466128,0.905992395412712,0.905994390871869,0.906002360653437,0.906008492407312,0.906013107525613,0.906019102493578,0.90602272090738,0.906027170169836,0.906034002699979,0.906040454081198,0.906043816365646,0.906048276853634,0.906051174406344,0.906053775599266,0.906086900047114,0.906088407011079,0.906091329667351,0.906095684863132,0.906098846152192,0.906103892292063,0.906108386410019,0.906110895105141,0.906113523249185,0.906114809076744,0.906118167367362,0.906125582097721,0.906128439505516,0.906131026212995,0.906133958183233,0.906136579667923,0.90613908376523,0.906140610735677,0.90614573481771,0.906148373838306,0.906151388610129,0.906153237056503,0.906154904709323,0.90615842775817,0.906160327513825,0.906164821112013,0.906167246606657,0.906169705858135,0.906172010365027,0.90617654593695,0.906179740485102,0.906183729260501,0.906185999063875,0.906190050252132,0.906194317849325,0.906199432831314,0.906200679443275,0.906202530501596,0.906206603700642,0.906208895476225,0.906211266505812,0.906213569049591,0.906215371265684,0.906219564655614,0.906223795650472,0.906226422377998,0.906228007867596,0.906229781856024,0.906231213178863,0.906233412101016,0.906235504058313,0.906237677441569,0.906239975642053,0.90624070993897,0.906243495991208,0.906245723914264,0.906247472418046,0.906250629571005,0.906253277342342,0.906256800838421,0.906404098620225,0.906405237506894,0.906407018731737,0.906410104149338,0.906413989406583,0.906416187545392,0.906419530353339,0.906420144431889,0.906421787346744,0.906422941213694,0.906424865188107,0.906428750722301,0.906431448106709,0.906434037076623,0.906435595140737,0.906437102782584,0.906438510563566,0.906440778839849,0.906443138504444,0.906445968093344,0.906448248073473,0.906450937829993,0.90645236047648,0.906454272289124,0.906455631467866,0.906458749548698,0.906459870951505,0.906461860056675,0.906463251377803,0.906464981670428,0.90654922733035,0.90655076814057,0.906554879662124,0.906555969861499,0.906557457194432,0.906559358302768,0.906561032829548,0.906563814529353,0.906565079225355,0.906566131455626,0.906567863892098,0.906569179560964,0.906570114658979,0.906570757960222,0.906572001224318,0.906573135483737,0.906574814932495,0.90657584817536,0.906576607242666,0.906578072177035,0.906579551587127,0.906581763787352,0.906584015046377,0.906585311842674,0.906586225195408,0.906588282117583,0.906589281499732,0.906591640174802,0.906593453688339,0.906595273926152,0.906596177941852,0.906597160083473,0.906598143784263,0.906600636641002,0.906602680225468,0.90660400591002,0.906604571576993,0.906605852657922,0.906606555390409,0.90660785767305,0.906609208793705,0.906610532200383,0.906611049950274,0.90661158384621,0.906612681205751,0.906613983870176,0.90661513196266,0.906615717828668,0.906616709604871,0.906617477669427,0.906619097577923,0.906620300437612,0.906621757607532,0.906622943780655,0.90662375043708,0.906624628703285,0.906626410435411,0.906627190826826,0.906628018670331,0.906628208986093,0.906628669078653,0.906629871978728,0.906630852855317,0.906631863787484,0.906632651791086,0.906633272647851,0.9066342402854,0.906635320833748,0.906636002404032,0.906636224295587,0.906637007042888,0.906638440609871,0.906639411303548,0.906640037749568,0.906807043577741,0.906807279489229,0.906808581094798,0.906809117792998,0.906809881398342,0.906810764017732,0.906811948932801,0.906813378077059,0.906813929266332,0.906814956885697,0.906815813814731,0.906816349164276,0.90681751393883,0.906818171797264,0.906819142974955,0.906819955640299,0.906820908225957,0.906821489869568,0.906822079063706,0.906822651640181,0.906823897044401,0.906824898992677,0.906825998902088,0.906827249654485,0.906827806006422,0.90682864973516,0.906829217621706,0.906829595106973,0.906829648284456,0.906830639463609,0.906831572117122,0.906832420435812,0.906832618162291,0.906833623705863,0.906834528758487,0.906835133473235,0.906835929365882,0.906836539333283,0.906836860874881,0.906837511212325,0.906838170855921,0.906838616986684,0.906839213236683,0.906839445574086,0.906839751838956,0.906840693536471,0.906841070083927,0.906841597900065,0.906841932720492,0.906842501742506,0.906843462266135,0.906844037540946,0.906844793422438,0.906845534816521,0.906846113251812,0.906846990292192,0.906847678895225,0.906848279886063,0.906848741825433,0.906849166918063,0.906849912683149,0.906850473159234,0.906851131026657,0.906851579371969,0.906852389995952,0.906853160488068,0.906853396221126,0.906854313189193,0.906854570377673,0.906855097424062,0.906855857040252,0.906856835576847,0.90685801744503,0.906858578863372,0.906859094217515,0.906859416798296,0.90685953492114,0.906859630065834
0.396599413901803,0.418445909549793,0.420426265843499,0.431530852421836,0.462913028923334,0.465341191791808,0.470519081353508,0.473781178364196,0.481113468031703,0.52237830925894,0.567911892152909,0.567911892152909,0.570407162524178,0.570407162524178,0.609550173709132,0.664309012291895,0.664812813403817,0.69274966681534,0.692813624362291,0.692813624362291,0.73990037702779,0.747982033625689,0.759139438614005,0.759139438614005,0.759139438614005,0.759139438614005,0.759139438614005,0.7591807858609,0.7591807858609,0.7591807858609,0.7591807858609,0.7591807858609,0.763527103448477,0.76366485490959,0.763791311918851,0.763791311918851,0.764915374237231,0.76491537423723,0.764937491415574,0.764937491415574,0.768862522300337,0.768862522300337,0.768914835606669,0.768914835606669,0.771994386530731,0.771994386530731,0.777273583655106,0.777273583655106,0.780359521805334,0.781068525090038,0.781261702754088,0.781875750457702,0.781955567920106,0.781955567920106,0.803749665602986,0.803788373769757,0.807466373322527,0.807490986134402,0.807654025501253,0.811140869112249,0.820669094319856,0.821072761043401,0.826214649649265,0.82663628354662,0.828596888978882,0.82866409825441,0.830446666253823,0.830663949261109,0.830722034518603,0.837390696662134,0.839246840617524,0.839246840617524,0.853729590391507,0.85373369250885,0.854467313420575,0.85562523051137,0.859704250416843,0.859731645317177,0.861527894139321,0.86353858279983,0.864912703865967,0.865746535291256,0.866241403090008,0.871367147835957,0.871709052578102,0.872066230163295,0.872321725128026,0.87298399348597,0.8738229039875,0.878982450777737,0.879652015937862,0.881863434693592,0.882445077764493,0.882527167383954,0.883337227933866,0.883429037811313,0.884093120202239,0.889469278932703,0.889725987704812,0.889782846690897,0.890025757410277,0.890060450267769,0.890136094539225,0.890216582086624,0.896803591063241,0.896866384573781,0.899234945491708,0.899316659071554,0.899524021338237,0.899651285955864,0.901280429961923,0.901349448898537,0.901694769919288,0.901712448028027,0.901835159824015,0.901906096424822,0.90222781643851,0.902323928390846,0.903104077656855,0.903259465085731,0.903378086936483,0.903494410517655,0.903573776860903,0.903627554943736,0.903929374727136,0.904014952610309,0.904035931581809,0.904148070969857,0.90419844702038,0.904321940981357,0.904430872691659,0.904544452434593,0.904662988521377,0.904742936652383,0.90475551660027,0.904842040573166,0.905015590904509,0.905181567999661,0.905227874672916,0.905328034383537,0.905385302901726,0.905537529351687,0.905549152784374,0.905569781182218,0.905668820603103,0.905782342674784,0.905859003709746,0.905860433144385,0.906007893101169,0.906011553890916,0.906113283699386,0.906122889447047,0.906689801248182,0.906698664391312,0.906830052554737,0.906841107160222,0.906930683935712,0.90693918608144,0.907039863745239,0.907065437458824,0.90709971126642,0.907158477990839,0.907216301665152,0.90723762727476,0.907270379838267,0.907286321815884,0.907332725756698,0.907357078917995,0.907386668236718,0.907401886937615,0.907468683665681,0.907478419275845,0.907538324049607,0.907559533166708,0.907607472247322,0.907631651094896,0.907656956097399,0.907677406962958,0.90771567109377,0.907726506841769,0.907763516026642,0.907787949912423,0.907832643799093,0.90786383680119,0.907910304442334,0.907925054881118,0.907960496209571,0.907982937728505,0.908025028066984,0.90803694302739,0.908073250574979,0.908091871008953,0.90841846464599,0.908433414141211,0.908458446455211,0.908471928258146,0.908495568412092,0.908504627697529,0.908528437738523,0.908540063656788,0.908564333163123,0.908570070217572,0.908585803252582,0.908599072877167,0.909322977396878,0.909337056317184,0.909362624567746,0.90937005750481,0.909383513677288,0.909396187877354,0.909409891997948,0.90941765398045,0.909428702152823,0.909436693905683,0.909495629723756,0.909509207712826,0.909531390263882,0.909539779149889,0.909555418343253,0.909566524514273,0.909585575421043,0.909595418034174,0.90960692701465,0.909616140486575,0.909632967978484,0.909640184418966,0.909652848911502,0.909661925609376,0.909874968301568,0.909884961952655,0.90989616970876,0.909902443867806,0.909915018137944,0.909922852568819,0.909941393990202,0.909948867720602,0.909966032289375,0.909980713397283,0.909993383624283,0.910006537553642,0.910012200956222,0.910022167046808,0.910027982379587,0.910037623678477,0.910042459071259,0.910047103507216,0.910054962724033,0.910061491549731,0.910071072274071,0.910072373097901,0.910085337378064,0.910087171693714,0.910094329474787,0.910103288745146,0.910109266828954,0.910115043554012,0.910127294018458,0.910133004951831,0.910138413402272,0.910142182240679,0.910154908396821,0.910158792204658,0.910167199964442,0.910176166081569,0.910182397138705,0.910190225764506,0.910198681516958,0.910201448518152,0.910207984292538,0.910211989780441,0.910315946851055,0.910321554341555,0.910328477894456,0.910329841147497,0.910337160520935,0.910339205736465,0.910346098903608,0.91035164376355,0.910358943815329,0.910361175672922,0.910369183483488,0.91037137035997,0.910378761052513,0.910380376883975,0.910383517321959,0.910387008112801,0.910390971003738,0.910392680502715,0.910395996598745,0.910400865054019,0.910406331476195,0.910409363204074,0.910415246036812,0.910417833321878,0.910424580533206,0.910427099953802,0.910429712931727,0.910431900698733,0.910435066939957,0.910439015558482,0.910442911414898,0.910446724949417,0.91045174926699,0.910453673711329,0.910457704058149,0.910461376856552,0.910464262382548,0.910468106075072,0.910471506123449,0.910473553197248,0.91047710770639,0.910480429523033,0.910484046663669,0.910488298263634,0.910490584115438,0.910491988935034,0.910497082153765,0.910500157771836,0.910503304862081,0.910505169585469,0.910507483436709,0.910510400699499,0.910513450757541,0.910517790320273,0.91051940635718,0.910522492654369,0.910525309208619,0.910528739448703,0.91053053987309,0.910533443713159,0.910535246619152,0.910537662023461,0.910539570810764,0.910541866930784,0.910543406074581,0.910548153284221,0.910549451425766,0.91055058502403,0.910552624090144,0.910556168714286,0.910558408597458,0.910559565652455,0.910562440256117,0.910563730331401,0.910564905268672,0.910566697158647,0.91056853313279,0.910570152555599,0.910571788514737,0.910573444953934,0.910745344893641,0.910746639001295,0.910748916387694,0.910751503746126,0.910756400243169,0.910757857317605,0.910760188553275,0.910762639427302,0.910764757202423,0.910766916105519,0.910771201794629,0.910772665867839,0.910774600708325,0.910777089831719,0.910779101083911,0.91078113042463,0.910784074441828,0.910786181306563,0.910787334336782,0.910789541146474,0.910791879766992,0.910793243254466,0.910794798352623,0.91079867183318,0.910800552934778,0.910802214173477,0.910804293634676,0.910805219757324,0.910806932974046,0.910809220851197,0.910810454527483,0.910812698132151,0.910814964589285,0.910817084266726,0.910818778832908,0.910820586459322,0.910822393395701,0.910823806664399,0.910825684930167,0.910826551417073,0.910828613950567,0.910829778250263,0.910831043144226,0.910832447944336,0.910833785186812,0.910834853260074,0.910835593298375,0.910836621981681,0.910837836437693,0.91083968116889,0.910840095313662,0.910841608238676,0.910842263023891,0.910843089100084,0.910843951682497,0.910845387859466,0.910847498495025,0.910849982398222,0.910850808434282,0.910851547342014,0.910852114628582,0.910852746444815,0.910853521617999,0.910854378061738,0.910855361306149,0.910857031644102,0.910858940736087,0.910859725414451,0.910860530554789,0.910862159619328,0.910863124040598,0.910863574202981,0.910864359227012,0.910865322866804,0.910866229127036,0.910866874479118,0.910867839600493,0.910868220044989,0.910870072236341,0.910871090990232,0.910872247808032,0.910873657604505,0.910873990021756,0.910874619912053,0.910875482335361,0.910876349909354,0.910876841041595,0.910877342843282,0.910877817139442,0.910878316134679,0.910879537002129,0.910880013642649,0.910880324352103,0.910881460533834,0.910881840525869,0.91088271234837,0.910883064010576,0.910883624490134,0.910884551215703,0.910885284899368,0.910886075696416,0.910886482890984,0.910886764431005,0.91088730343221,0.910887751663436,0.910888605241964,0.910889060713621,0.910889489343267,0.910889948418167,0.910890507384002,0.910891064034998,0.910892032046556,0.910892990330619,0.910893566278968,0.91089390042757,0.910894278111229,0.910894772642414,0.910894916410373,0.910895190891013,0.910896114738673,0.910896138599195,0.910896297461941,0.910896495738621,0.910896823238822,0.910897166720323,0.910897609974802,0.910897744620349,0.910897806388561,0.910898413629246,0.910898904556087,0.910899544330049,0.910899896043445,0.910900455695263,0.910900761531178,0.91090106465685,0.910901232962268,0.910901905881268,0.910902079501705,0.91090297370633,0.910903039385505,0.910903282045408,0.910903485497559,0.910904304557344,0.910905336133653,0.910905981736234,0.91090626302988,0.910909563047375,0.910910060228282,0.910910226051129,0.910911110614914
0.435786138834126,0.436388586121297,0.461546968967924,0.466323386134938,0.468865138725887,0.468865138725887,0.469902266295094,0.476419066823825,0.556843785081466,0.556843785081466,0.566084602440503,0.566084602440503,0.573135095072151,0.573151021520748,0.634008103219592,0.635222008958565,0.67265453465416,0.673298570212641,0.706036566769955,0.706092729552558,0.706201068167872,0.706201068167872,0.706919333765477,0.707006157301257,0.711235213886457,0.711883371933338,0.715432382536274,0.716422441699653,0.71644589092469,0.71682801195558,0.732140476788902,0.732219501202574,0.73281414999988,0.732850466134274,0.748944245507153,0.762640607498226,0.764265572746116,0.765771019819298,0.766779679519366,0.766779679519366,0.771285454498286,0.774830058588496,0.776709258184288,0.777761167592135,0.778819131962949,0.79810550856237,0.804612441299229,0.807092052486319,0.808328298414785,0.808515596586178,0.811304137118743,0.821932857044749,0.827976191873243,0.834385096594442,0.838941491713735,0.842752703594755,0.846167096246031,0.846208784415416,0.847635866914945,0.847771395510616,0.854570179463074,0.857180158464787,0.862010226436564,0.862169399358372,0.865704864728454,0.865881862582755,0.86780952219437,0.868175520583408,0.869140542969442,0.869196082184188,0.872959191466314,0.874514081468119,0.876533641321713,0.877786989197197,0.878580386392851,0.8786997799353,0.879640181188177,0.880307998712089,0.882591677423827,0.882662721233472,0.882986147223525,0.883156836299469,0.883416929974407,0.883857080225691,0.88433809375063,0.884513488276553,0.886426113049068,0.886689555098322,0.887087497233158,0.887275098141475,0.887962152909034,0.888092160276598,0.888287149792567,0.888437268539427,0.888703163107077,0.888890517750249,0.889692314938967,0.889888761497816,0.890182861094985,0.890323944825945,0.890876110445107,0.89432319988784,0.894874779154919,0.894986655656877,0.89513360423757,0.89517395681645,0.895333278767182,0.895451248051708,0.895689358993384,0.895714931352255,0.895869238999247,0.895945042687513,0.896178961452994,0.896213995683044,0.896414892316259,0.896443296543364,0.896524405994171,0.896593602260416,0.896732692036859,0.896785905017006,0.896943600372303,0.897020931689456,0.900102317925221,0.900162443148203,0.900311123338762,0.900345337985386,0.900485734691167,0.900507329999657,0.90060037146404,0.900644918137152,0.900693234792849,0.900724725962256,0.900788127493327,0.900834927191148,0.900926659700219,0.900999047780262,0.901047019795581,0.901091950547642,0.901170307866547,0.901202579952254,0.901259904900384,0.90128322934876,0.901346190636922,0.901380487380169,0.901447983651181,0.9014651581956,0.901574281183814,0.901612270820364,0.901651069019213,0.901679048747978,0.901717776386468,0.901753170212001,0.901795518932926,0.901833015144044,0.901866614248993,0.902396093578613,0.902437062371876,0.902459816970666,0.902493426308528,0.902519226878821,0.902549476084124,0.902564847462936,0.902583252965814,0.902605893305186,0.902612920463624,0.902631974979348,0.902652044575671,0.902676325559729,0.902693801146653,0.902706990164607,0.902715887592166,0.90272956976265,0.902747112038189,0.902758589191313,0.902769380276259,0.902791565106919,0.902802285553784,0.902816076694014,0.902847087505256,0.902861011317734,0.902883317338968,0.902895220989057,0.902903313146492,0.902919531057418,0.902934516938053,0.902947956795716,0.902964219365289,0.902973826118173,0.902993639617101,0.903003093500965,0.90302158705902,0.903027061427632,0.903043507634564,0.903052263085133,0.90306827808406,0.903075963695869,0.903082693176282,0.903093056815779,0.903104244631534,0.903113725792641,0.903120260607932,0.9031244337131,0.9031318393742,0.903143768456117,0.903150840618991,0.903159745840924,0.903169809896055,0.903177702566194,0.903188450997519,0.903193678486401,0.903200748046686,0.903204664386234,0.90321122248535,0.903214122517919,0.903219569891058,0.903226802238037,0.903234919678308,0.903241425520344,0.903246157563567,0.903250942317286,0.903256415239967,0.903264953481014,0.90327045434893,0.903274055655837,0.903279647647575,0.903284901297848,0.903289773788802,0.903293956696838,0.903296613210859,0.903301099071735,0.903307931839254,0.903311378985244,0.903322344800755,0.903328859860083,0.903333084902817,0.903335620228941,0.903341059419263,0.903344769427691,0.903349336210118,0.903351639712259,0.903356989613772,0.903360629162482,0.903367546549556,0.903371438235539,0.903379836934658,0.903383847669299,0.903387345858272,0.903390005492275,0.903392355644091,0.903395744933671,0.903399540316732,0.903403086478393,0.903405741735689,0.90340940196276,0.90341551221191,0.903417906051951,0.903420992842655,0.903425094822183,0.903429372280825,0.903433047215972,0.903436870208341,0.903440620161297,0.903444775918573,0.903447044013893,0.903448890086887,0.90345189912668,0.903455132544988,0.903458393543226,0.903461224035762,0.903464230490456,0.903467687747432,0.903470605813238,0.903473465506387,0.903476498797941,0.903478851502904,0.903482154679982,0.903485173971367,0.903486711414695,0.903487852531143,0.903491173710726,0.903492755365531,0.903495308274222,0.903500011852944,0.903503668068137,0.903505475178092,0.903507700397029,0.903508367507844,0.903511922202209,0.903514430026212,0.903516038534621,0.903518091094327,0.903519117000236,0.903520693783532,0.903522471073379,0.903524563517912,0.903527425348044,0.90352972013882,0.903530761643999,0.903532284680079,0.903533146711638,0.903534971145569,0.903536447147786,0.903539674558672,0.903540960217599,0.903543122136609,0.903543569937376,0.903544694321705,0.903546303417306,0.903547548026457,0.903549095796106,0.903550234248614,0.903552266703253,0.903554967944711,0.903556619571744,0.90355729839904,0.903559396300117,0.903560461478785,0.903561353760966,0.903562608577402,0.903563792541664,0.903565778481538,0.903568947613779,0.903570275985062,0.903570994211145,0.903572139521791,0.903574296089103,0.903575648032952,0.903576702807174,0.903579289737825,0.903579927679113,0.903581245799171,0.903583423365689,0.903584700435708,0.903585155561556,0.903587125251102,0.903588419103574,0.903589551127099,0.903590773715438,0.903591910284536,0.903592720863972,0.903593055557329,0.903594203958297,0.903595361985845,0.903596712636582,0.903598154734374,0.903598644616254,0.903599718736306,0.903601767438239,0.903602769070555,0.903604131632559,0.903604590604431,0.903605939710002,0.903607677972395,0.903611256402894,0.903613011533856,0.903614495132583,0.903615653497233,0.903617956398255,0.903619440083143,0.90362071858793,0.903621927964863,0.90362323765122,0.903624546706543,0.903626136464523,0.903626356822329,0.903627148197149,0.903628000290696,0.90362897428991,0.90362968593599,0.903630179029839,0.903631145209253,0.903631243427538,0.903632226568654,0.903634260961441,0.90363569960633,0.903636744358064,0.903637813727506,0.903638382558148,0.903639383516934,0.903640734610044,0.903641325766465,0.903642183002872,0.903642978223136,0.903643688061251,0.903643997753734,0.90364439059552,0.903645287567745,0.903646105229689,0.903647316662229,0.903647926213538,0.903649193737131,0.903649644467464,0.903651154393601,0.903651761906446,0.903652808603763,0.9036536350286,0.903654149141916,0.903654387066176,0.90365552942426,0.903656615733226,0.903657361953308,0.903658346430898,0.903660104108655,0.903661595728655,0.903661966070351,0.903662820298562,0.903663701605919,0.90366449158957,0.903665043719289,0.903665545266489,0.903666215475832,0.903666838898284,0.903667782387209,0.903668742828073,0.903669716260211,0.903670152309785,0.903671062351584,0.903671647187764,0.90367205818932,0.903672563786937,0.903673466972729,0.903674337594269,0.903674993539018,0.90367544441339,0.903676450961004,0.903677377112977,0.90367807505949,0.903678481495828,0.903678926545144,0.903679556921148,0.903680096890053,0.903680686446263,0.903681121125654,0.903681429286612,0.903682379411402,0.903682859334156,0.903683363281714,0.903684125379334,0.903684447666467,0.903685392052648,0.903686000918974,0.903686185371163,0.903686883825291,0.903687627156147,0.903688190594715,0.903688591034448,0.903689250076445,0.903689692657216,0.903690787807706,0.903691306130064,0.903692081382997,0.903692465147738,0.90369330200323,0.903693820111405,0.903694386015416,0.903695055897613,0.903695490161475,0.90369621699713,0.90369630588576,0.903696847193974,0.903697344856011,0.903697793130162,0.903698225508199,0.903698869443937,0.903699149672117,0.903699495927072,0.903700408778642,0.903700692069647,0.903700796860564,0.903701608060576,0.903702023619828,0.903702701473624,0.903703401129123,0.903703466060669,0.903704042985499,0.903704328804627,0.903704715497683,0.903705209758758,0.9037053828196,0.903705631243306,0.903705987172967,0.903706734797675,0.903707010710325,0.90370739548416,0.903707679558682,0.903708513657285,0.903709056766791,0.90370938717969,0.903709532264748,0.903710169952891,0.903710467883598,0.903711488367563,0.903711621073353,0.903712241314167,0.903712834109209,0.903713097305094,0.903713238724283,0.903713761040503,0.903713985753049,0.903714200524592
0.434997138692594,0.437172804877165,0.470550457290074,0.478422799402109,0.484596836127323,0.484596836127323,0.48900831235285,0.49043109073969,0.507693630818752,0.507986668544803,0.560418378400495,0.560528450941151,0.580447162013865,0.580488792371687,0.586066220389219,0.586066220389218,0.58843106241993,0.58940172240859,0.591585759529209,0.601279564019818,0.61789928583973,0.61789928583973,0.6859698374646,0.686241091123653,0.703105177798079,0.703105177798079,0.729134978941197,0.729134978941197,0.72966686829386,0.729666868293859,0.733418312089002,0.733418312089002,0.734798286647804,0.734798286647804,0.734961142873171,0.73852241526476,0.758309469257076,0.763611391212265,0.763671540659449,0.76598363245578,0.768838132823565,0.769404786268332,0.777222044528623,0.777222044528623,0.790999889410739,0.791081618123479,0.802675706843373,0.802675706843373,0.811697263367225,0.811697263367225,0.811719384094495,0.811719384094495,0.811868661027686,0.820785644430462,0.820865396509613,0.820865784196948,0.820913181531813,0.820914647071866,0.820928193892038,0.821449048984363,0.821514534908567,0.821589161903502,0.821649011998462,0.821651315263673,0.821722550258715,0.821729062587541,0.821818922997234,0.827588814052875,0.831598880638983,0.831600011368813,0.831644247604436,0.835063863832039,0.835101045057426,0.835128187953397,0.836146506850163,0.836156722241842,0.837238705531244,0.837268668811644,0.83729500844738,0.837359513948535,0.8373937002902,0.837406976686853,0.839662035001295,0.839689296926823,0.839713512619461,0.839721732614406,0.840206822713441,0.840347613664885,0.840357338335392,0.84065197661331,0.840663341356912,0.840664750765307,0.840719357319344,0.840777729947892,0.840941400744816,0.840969186233611,0.841037324946221,0.84106770990356,0.842071001524166,0.843585296953824,0.843601562701588,0.84361144359063,0.843620656680801,0.843640853081263,0.843844324246504,0.852134005210254,0.852237240944384,0.852362930115858,0.852559606914964,0.852578537400695,0.852580078142807,0.852583673323283,0.854290992014584,0.854593317400438,0.854605861963711,0.855252356766132,0.855262878938409,0.85573626259303,0.85711018459203,0.858238731076697,0.858245845904977,0.858246367196626,0.858258980679274,0.858259081844248,0.858266995222402,0.858316602376129,0.858397079364953,0.85910516885077,0.860357424806636,0.86035773138646,0.860451905144249,0.860453954551556,0.860468808067378,0.860469785890656,0.860778539739757,0.86077878287076,0.860856266305676,0.86085649967758,0.861068177178862,0.861068556590312,0.861085843818052,0.861168745724102,0.861450345367756,0.861450770567848,0.861458351204808,0.86145906019778,0.861535798208065,0.861536978235071,0.862786076656241,0.862790105792104,0.862794207778326,0.862794977169236,0.862858058062044,0.862859388682373,0.862875716462945,0.862876980665584,0.86288241880683,0.862882999183557,0.862886705935469,0.862887567890037,0.862997475827857,0.863000618349972,0.86300393007951,0.86300655302612,0.863010580825072,0.863011111799543,0.863013991267428,0.863015054790621,0.866446379626614,0.866447560438496,0.866535390611875,0.866536036748329,0.868869180574113,0.868870120107685,0.868872626076929,0.868875165172425,0.868876119732714,0.868877843239414,0.868922410301266,0.868923515126783,0.868926479242674,0.868927037652883,0.868963586455644,0.868964439356533,0.868989643291435,0.868990616159895,0.869029202513318,0.869031953847281,0.869261422400025,0.869261933062623,0.86967460112745,0.869676047152653,0.869676773037875,0.869677773067896,0.87007991893354,0.870081421975879,0.870998171901079,0.870998567834474,0.87112755585427,0.871127887780003,0.873277140630873,0.87327774920449,0.873278645254745,0.873279225150789,0.873708863854664,0.873709580846116,0.873734092560999,0.873735021505006,0.873786213489065,0.873787385185913,0.874896192855044,0.87489696144797,0.875068018409942,0.875068453307768,0.875069265462278,0.875069683716043,0.87507229454078,0.875072622409991,0.875117649351946,0.875118157478087,0.875409133004207,0.87540926660409,0.87544706147136,0.875447560137958,0.875720123963003,0.875721154495002,0.875721596009953,0.875722261513045,0.876190863016087,0.876191624317977,0.881774550697,0.88177495121463,0.882013868603639,0.882014399572101,0.882026277786013,0.882026587251514,0.882580575123156,0.882581197866384,0.882775612038321,0.882775914646768,0.88278612708667,0.882786441111548,0.88281580185193,0.882816314790115,0.882872115649271,0.882872468987274,0.882916948428534,0.882917174268449,0.88299308962309,0.882993447221109,0.882993679712081,0.882993877169081,0.882994279498205,0.882994500059799,0.882994596725872,0.882994756990853,0.883044502162857,0.883044786327283,0.883149744928459,0.883149939963265,0.883150715630179,0.883150838792925,0.883341367538719,0.883341513861129,0.883539570515097,0.883539854500793,0.883560335327322,0.883560853803096,0.88356686133415,0.883567187089124,0.884022711720511,0.884022805671237,0.88415802739714,0.884158119221819,0.884165069983771,0.884165245590648,0.884165246926459,0.884165418740075,0.884755810488218,0.884755974896633,0.884887776321461,0.88488804663008,0.885259755045637,0.885260017482846,0.885260079808454,0.885260392500932,0.885340803508889,0.88534098732011,0.885496897073036,0.885497152278934,0.885581752717993,0.88558216959659,0.885605631724911,0.885605803408476,0.885605920898961,0.885606055398245,0.885685671545524,0.88568579429207,0.88581284852931,0.885812947394675,0.885857928146287,0.885858044125908,0.885864512118273,0.885864722497971,0.885936514308054,0.885936696747121,0.886055888690285,0.886055982158016,0.89210271210437,0.892102855809621,0.892118431346528,0.892118543162869,0.892174267735007,0.892174519267829,0.893241729230443,0.893241834893258,0.898820678888494,0.898820735081869,0.898869886403562,0.898870010406191,0.898919547827764,0.898919623979243,0.89892078570704,0.898920868580157,0.899118444115924,0.89911850899725,0.899224296229239,0.899224491095601,0.899240807402782,0.899240957708046,0.899243511695303,0.89924371026983,0.899310804478716,0.899310925933218,0.899364400899789,0.899364494174676,0.899380972122739,0.899381050007708,0.899547278330541,0.899547358974986,0.902001218387484,0.902001273813054,0.902351135324902,0.902351170413383,0.902390503371932,0.902390519370072,0.902454396410993,0.902454477411185,0.902514549881816,0.902514616152792,0.902572068652094,0.902572162574107,0.902746080869238,0.902746115822399,0.902859562009956,0.902859600488123,0.902864877939354,0.902865096156196,0.902929812969801,0.902929859712151,0.903044863999331,0.90304501920349,0.903068793310181,0.903068805278357,0.903113294809174,0.903113365002082,0.903183358614816,0.903183403150909,0.903223330394332,0.903223404122916,0.903336044111422,0.903336104347656,0.90344965349535,0.903449687379909,0.903518492477294,0.903518575072287,0.903569819766616,0.903569869157413,0.903662925615261,0.903662929608972,0.903752080827638,0.903752136286709,0.903769787083071,0.90376983624577,0.903839577920454,0.903839627797097,0.903884729794008,0.90388478013869,0.903890358546813,0.903890443165641,0.904000204635484,0.904000332561997,0.90403490515815,0.904034968751131,0.904060265299395,0.90406030365256,0.904569453777749,0.904569499117755,0.904623709960378,0.904623847014768,0.90464114886638,0.904641214627693,0.904662301255167,0.904664047841102,0.904801171471093,0.904801233962584,0.904846155839861,0.904852634953326,0.904984252884111,0.904984276736252,0.905134061157281,0.905137056042224,0.905253790697826,0.90525380873006,0.90529110562181,0.90529111487399,0.905362435689007,0.905363133782632,0.905914704456656,0.905914715535103,0.905936810484633,0.905938149461106,0.905999524742373,0.905999644673397,0.90603890637713,0.906039111806825,0.906099448309313,0.906112061058675,0.906195778646565,0.906196681112271,0.906300384878591,0.90630042100241,0.906310543535358,0.90631150885304,0.906436579898333,0.906436638619344,0.906457564635228,0.906461507095403,0.906486303400387,0.906488524769864,0.906496278976292,0.906497097001263,0.906540271756441,0.906541655583823,0.906816743963087,0.906823518730144,0.906869905611302,0.906884026001912,0.909122166604796,0.909125338160487,0.909143705726685,0.909161124427528,0.909184969561494,0.909189094671902,0.909262581372323,0.909262706635734,0.909283822789084,0.909283844390334,0.909324881527617,0.909327924501587,0.909352009925091,0.909358257088645,0.909373498198467,0.909377525847969,0.909512018333543,0.909514847427627,0.909820134544189,0.909828575982704,0.918237789268561,0.918238043357635,0.918263013405018,0.918268099232923,0.918349280355843,0.918349503028609,0.918358449503324,0.918361599945821,0.918369000313056,0.918371837710703,0.918484239528661,0.9184925270668,0.919166298028255,0.919199735532666,0.919309759925512,0.919319987991799,0.919395158048427,0.919403523138357,0.91941296075858,0.919424721050862,0.91943443002226,0.91943667480018,0.919492824417993,0.919498556655846,0.919526918644976,0.919531461194941,0.921811549290023,0.921813380404892,0.924557959764705,0.9245586723086,0.924617809719921,0.924623429895144
0.388843830949924,0.435252247094479,0.436583716710271,0.43664809370914,0.437280707790798,0.437477258515252,0.464091510572743,0.47796453717111,0.482307450406617,0.482307450406616,0.482521087071483,0.505538683192756,0.548788498900102,0.548788498900102,0.550429412491379,0.550735386764826,0.662668593210196,0.662668593210196,0.685128334179209,0.685128334179209,0.697085992456826,0.697085992456826,0.707089724147951,0.707089724147951,0.707119679606596,0.727633869367848,0.7290014440701,0.744636289801299,0.744892239897144,0.744892239897144,0.745637494608618,0.745643858374368,0.745804355718956,0.746102333826159,0.752719359370687,0.752876956822059,0.761893024689058,0.777564823295356,0.777792415592864,0.779243734128247,0.790149940838859,0.790149940838859,0.791289785074526,0.791289785074526,0.79595560225807,0.796286280718208,0.79707799510727,0.79707799510727,0.797848761837685,0.797848761837685,0.797848761837686,0.802142246525342,0.803983293344657,0.803983293344658,0.816178215069999,0.816178215069998,0.81688910542188,0.816894652857282,0.817622106763067,0.817656490914637,0.818215753871378,0.835395946167506,0.835416196308146,0.835416196308145,0.837080718305607,0.837080808408348,0.842398037359173,0.842424966877337,0.84329498968184,0.843323852980957,0.843836561172785,0.850319363380482,0.85107345786878,0.852569716700951,0.852907611917186,0.853014066071894,0.854602722690931,0.854678784971712,0.856207060348985,0.856207060348985,0.863139284124754,0.863139284124754,0.863876723692424,0.865984057559964,0.867044982966956,0.867066270701363,0.867121694952188,0.885135717020625,0.886275374918311,0.886285068401905,0.886734471346627,0.886811862002804,0.887758441247232,0.887789156460792,0.889248882984988,0.889474960452189,0.890817103884845,0.890824832528619,0.893895168345022,0.894057078552658,0.895816575124282,0.895901403530584,0.89612568033643,0.896245616925231,0.896562947515868,0.896994033904623,0.897427211011438,0.897433433692773,0.897466188216927,0.897772333215234,0.89788224399235,0.898084622469349,0.899644451829411,0.899713791299296,0.90021529167063,0.900369592002683,0.900696776410467,0.900766745005755,0.90119668840616,0.901545207537473,0.90179333486076,0.901982144177795,0.902420320576942,0.902710443237995,0.903008002247105,0.903065243261388,0.903207540696847,0.903562640258804,0.903669308578424,0.903781194974571,0.903906369842961,0.904355260855903,0.90449803973325,0.904594788772657,0.904683079609246,0.904778331314779,0.904869881493823,0.904976364720876,0.906147193949371,0.906265444741815,0.906381578799532,0.906599253995058,0.906710265618525,0.906757493561289,0.907174730426425,0.907222526424143,0.907303637149602,0.907409434971358,0.907527758265705,0.908502762055066,0.908622549105304,0.908847293295661,0.908887510150114,0.908948518021957,0.90901587597418,0.909112918694452,0.909187347536345,0.909262622926228,0.909619162621811,0.90999511643127,0.910082677249889,0.910106332493673,0.910289569939642,0.911254370208744,0.91133744336695,0.911350493849997,0.911478185211858,0.91149328563345,0.911607770310859,0.911675083694904,0.911814588338744,0.911829955715795,0.911918046483948,0.911953174885854,0.912091578596386,0.912119973080481,0.912208604544799,0.912271372477121,0.912400851747911,0.912432176919348,0.912591493898213,0.912615945797447,0.912677904164415,0.912695244681202,0.912855140542913,0.912871217593976,0.912975060714122,0.912996148751961,0.913085769877202,0.913143650343051,0.913241991785029,0.913292803445578,0.913336930921487,0.913383632296029,0.913443040601093,0.913468710093481,0.913545509740219,0.91357487717005,0.91374664003872,0.913768086967871,0.913834459833541,0.913847666673778,0.913912989820477,0.913944998767998,0.913991645905599,0.914020170877408,0.914052935801597,0.914068286860424,0.914097668998791,0.914127826613114,0.914204473685707,0.914226908682071,0.914285398325957,0.914314193480358,0.914342452572859,0.914358944311301,0.91440422151672,0.914440281735337,0.914482729673207,0.914505379622788,0.914528713427058,0.914541209641549,0.914586431196547,0.91460319901401,0.914614774621773,0.914636781022676,0.914665607729569,0.91467879263933,0.914699401071935,0.914710349478853,0.91473547669699,0.914748043375819,0.91478245822322,0.91479608981373,0.914830497302862,0.914859742604971,0.914879350159744,0.914901268905105,0.914930482742726,0.914943454118638,0.915054449867848,0.915075147660709,0.91509586859923,0.915106092248794,0.915121323401577,0.915135348114757,0.915155398624486,0.915167503699013,0.915177571047797,0.915191531378995,0.915214986283656,0.915226259037937,0.915238667608185,0.915252346831709,0.915270912696212,0.915283237752385,0.915295165551206,0.9153042199185,0.91531665650609,0.915325484105268,0.915335465723484,0.915344466885348,0.915351842335021,0.915355568775614,0.915367740403812,0.915374043701822,0.915381116119976,0.915397383667791,0.915415810895562,0.915420502344998,0.915431263891929,0.915442317855915,0.915446476117507,0.915461678201219,0.915471049794656,0.915479633142573,0.915494468472149,0.915506493086303,0.915512153291564,0.915516175786481,0.915523822726427,0.915535865516405,0.915543055889575,0.915553658317677,0.915559955245137,0.915565737589822,0.915574261061179,0.915578873061569,0.91558659453883,0.915591956944544,0.915599450883068,0.915602949024728,0.915613072116885,0.915619453985717,0.915623632414166,0.915627764697335,0.915631338539724,0.915636905675469,0.915643452219367,0.915647388558226,0.915654020192015,0.915657814910053,0.915784384100938,0.915790866211573,0.915794305640318,0.915803993674935,0.915809298486572,0.915812676499911,0.915817371411553,0.915822938788234,0.915827052072912,0.915830371565547,0.915834196665515,0.915838149605562,0.915841303554746,0.915846434205936,0.91585176161524,0.915857781534694,0.915863196263881,0.915868209974107,0.915870812823052,0.915874211437714,0.915876308271034,0.915881761804329,0.916027358892101,0.916029968206665,0.916034121875696,0.916038106238273,0.916044476435672,0.916049805867981,0.916052569906995,0.916055566064296,0.91605960083231,0.91606425763514,0.916073629659661,0.916078107167144,0.916080091613917,0.916083697196451,0.916086101734968,0.91608743513169,0.916091092921585,0.916093549360656,0.916096253496035,0.916100958565088,0.916102726890218,0.916104028582949,0.916106937506377,0.916110456886608,0.916112181103666,0.916117075029752,0.916119519910038,0.916123552927518,0.91612701766581,0.916129435736561,0.916134206507586,0.916137443580337,0.916140541296601,0.916142211277631,0.916144201480189,0.916147261899955,0.916149251357543,0.91615111643579,0.916151562673443,0.916154852417607,0.916158169883528,0.916160951084034,0.916163278735438,0.916166292172374,0.916171520250905,0.916175037140472,0.916178068717432,0.916180332661497,0.91618195050048,0.916184192324938,0.916187358790809,0.916190136625449,0.916193922549226,0.916195508800176,0.916197918611348,0.916200934381051,0.916205072987445,0.916207146198653,0.916208157058074,0.916211195961639,0.916213698325886,0.916216786943752,0.916219314572368,0.916221460432957,0.916223562136989,0.916225995200416,0.916227487386671,0.916230991741979,0.916231554827312,0.916233505170088,0.916235502631737,0.916237982026464,0.916240137872983,0.91624266707581,0.916244964856218,0.916247694497523,0.916248766273809,0.916250363714445,0.917005153530412,0.917008463041487,0.917009108566566,0.91700997360143,0.917011245957194,0.917013234718597,0.917015911496738,0.917017664791172,0.917020519953775,0.917023505049611,0.91702576305887,0.917027197168852,0.917028446538185,0.917030085242126,0.91703202516034,0.91703398079485,0.917034766982705,0.917036307748356,0.917040267872882,0.917041997996693,0.917044676958658,0.917046144825015,0.917048365566817,0.917049667662311,0.917050683502802,0.91705286554928,0.917054867167144,0.917055665355392,0.917056516210226,0.917058402030586,0.917059269074461,0.917060722721116,0.917086218072588,0.917087433765059,0.917089652526377,0.917091177329063,0.917092537160616,0.917094729500288,0.917096059084314,0.917097646635962,0.917124943798123,0.917126322057808,0.917126962024612,0.917127385209101,0.917128347475002,0.917130677873157,0.917131263967063,0.917132217033017,0.917133458184805,0.917134993421178,0.917140841303626,0.917141962856231,0.917143274812814,0.917143880260181,0.917145326880351,0.917146381865701,0.917147485578469,0.917147835277916,0.917148654720695,0.917149944243679,0.917151872591529,0.917152903490094,0.917153746464884,0.917154476392515,0.91715507672478,0.917156067457965,0.917156949770925,0.917157258506317,0.917159072692617,0.917160071825074,0.917161627707816,0.917161840159386,0.917162458797768,0.917163368496959,0.917164376811503,0.917165567154587,0.91716726872858,0.917167862280026,0.917168417319487,0.917169179238565,0.91716992374461,0.917171664498433,0.917172344627698,0.91717297938213,0.917173728276745,0.917174296435498,0.917175590995233,0.917175945879914,0.917176364159272,0.917176950273175,0.917177573368366,0.917178179642886,0.917178542659624,0.917179244795753,0.917180132147884,0.917181072904855,0.917181472955588,0.917182059869786
0.444564644363094,0.479516838071347,0.484905112145343,0.484923703722696,0.485807202625902,0.485807202625902,0.487285714373242,0.489581496672826,0.490704586971292,0.493208040810633,0.543517150015083,0.543814268844494,0.54695853438683,0.54695853438683,0.550342416751356,0.614278764445826,0.624973461202844,0.625192862308449,0.67146672484266,0.671702072653762,0.676921395717388,0.678136189636255,0.737192518562883,0.737192518562883,0.750313332037678,0.750410392090782,0.818883194003635,0.819342393377363,0.820540313335321,0.820549858492997,0.824259777402421,0.824259777402422,0.827225319368182,0.827232829225987,0.836344173186619,0.836405800346602,0.838189348479297,0.838325688194266,0.840871485290067,0.840929987832449,0.841744689626427,0.842329016189205,0.853083848237642,0.853124242327392,0.854636388779707,0.855009492037087,0.855627055707291,0.855932791974957,0.857454717588572,0.85777201041072,0.860545241502958,0.861903584872594,0.862729909732614,0.867952635450887,0.869725759824152,0.871144401060835,0.874104798794775,0.874676209268247,0.875037059730082,0.87532538668517,0.87635075189274,0.876437240788314,0.877495653690274,0.877651462202846,0.878501180044171,0.878697187631255,0.879691782976348,0.880234582919165,0.880856958730125,0.881149021510396,0.88316007782262,0.883344951453288,0.885422471855996,0.885483906705472,0.886302535317833,0.886469928578047,0.887118412825585,0.887341337263604,0.888669124232461,0.88893666467305,0.88912924677834,0.891547297199011,0.891838660789629,0.892284365496498,0.892641095534911,0.892839638985588,0.893275786503233,0.893454506926316,0.893784736228004,0.893886863788745,0.894312568155673,0.894367672311442,0.894583761092673,0.894725994100306,0.894960770819152,0.895107078796701,0.895265174400451,0.895402727337461,0.895672597679052,0.895762858665689,0.896517838541554,0.896544753038035,0.896742695165381,0.896811355520256,0.896983777995359,0.897014560183123,0.897213300383811,0.89728326915573,0.897507471411629,0.897567305024488,0.897733608364219,0.897803459386281,0.897942258647321,0.897961960661753,0.898108004297954,0.898131006225692,0.898317259237393,0.898376351481728,0.898586120467472,0.898633515316446,0.898764716355924,0.89884709899239,0.898986118180297,0.899034208370561,0.899123639447488,0.899159982401726,0.899270794183087,0.899314722652315,0.899414091942899,0.899461878736638,0.899532892519102,0.899580687668186,0.899653256541035,0.89969559537565,0.899771478926555,0.899800000030668,0.89986418155837,0.89991153621407,0.901304069592084,0.901331051660545,0.901373999295666,0.901405378083336,0.901444645468597,0.901475043202332,0.901516654321828,0.901552589002871,0.902634849441711,0.902661429269276,0.902712450778441,0.902738515162903,0.902763416902084,0.902794735830266,0.902821164543505,0.902836427235179,0.902886491017151,0.902901100683685,0.902924545310464,0.902938125877218,0.902961476718632,0.90298238224015,0.902993504411147,0.903014837696445,0.903027787200614,0.903043187311567,0.903063924617087,0.903080995971043,0.903108375564469,0.903123680575033,0.903148604176857,0.903172345107777,0.903193759761631,0.903202964432846,0.903224403703278,0.90323502659013,0.903247977041532,0.903260006265082,0.903270366637451,0.903288557917798,0.903300939971923,0.903319790195238,0.903334316069134,0.903346899087915,0.903357246571574,0.903365750798093,0.90338270766109,0.903399847330118,0.903408018120502,0.903423070664483,0.903429187819162,0.903443457897061,0.90347617226104,0.903489898092353,0.903504679667383,0.903513889442384,0.903524799373549,0.903531614509161,0.903544393239079,0.903555662144563,0.903566878903462,0.903577628714556,0.903587911863041,0.903596445373442,0.903606395312703,0.903616095070221,0.903624731179012,0.903635547657662,0.903642746531788,0.903653631986138,0.903663181731485,0.90366721835231,0.903676397511545,0.903682322317192,0.903692389447151,0.903700112257883,0.903703816539557,0.903711534810733,0.903722520133985,0.903728250543056,0.903735028827651,0.903738297779841,0.903746123523294,0.903749342236907,0.903758106216288,0.90376189711466,0.903768587380224,0.903771976900853,0.903777306844474,0.903780151351728,0.903785223595717,0.903787747442899,0.903794684733119,0.903799584848621,0.903804834103242,0.903806190102913,0.903810249440987,0.90381609947992,0.9038201197719,0.903823128926282,0.903829093393407,0.903830666354708,0.903832988446101,0.903835897069422,0.903838829049957,0.90384365308459,0.903848565797929,0.903853507391092,0.903856863892093,0.903859584978499,0.903863463217365,0.903867268642063,0.903871885929676,0.903875990659157,0.903879485133556,0.903881660793099,0.903884882314427,0.903887445442543,0.903890991394002,0.903895063517792,0.903898481655699,0.903901649855106,0.903905778701061,0.90390791938877,0.90391421015322,0.903917364415559,0.903921577254901,0.903924598931495,0.903926667991508,0.903928995477828,0.903932473602577,0.903936670626355,0.903939996187869,0.903944677008842,0.903947375160962,0.903951870785725,0.903954010878627,0.903958803769319,0.903961485386525,0.903965498433641,0.90396810439346,0.903973495765191,0.903976518902847,0.903979379408338,0.90398444566692,0.903988164088603,0.903993306421562,0.903994449045462,0.903996720192472,0.903998741861,0.904004318523503,0.904007588644281,0.904011456540833,0.904013804850944,0.904015759280251,0.904018312089441,0.904021030479208,0.904023442746229,0.904025386410684,0.904027143082837,0.904028155878804,0.904031703757511,0.904036215468905,0.904038962722809,0.904041701433381,0.904043684063533,0.904044933192009,0.904047157750608,0.904049819718734,0.904052688941289,0.904055499361516,0.904057361305991,0.904061010639269,0.904063076998708,0.904066481135388,0.904190846231957,0.904192844218949,0.904194875831904,0.904197231356595,0.904198633310966,0.904200697003137,0.904202411483485,0.904204973602474,0.904205775771352,0.904207025829284,0.904208843072227,0.904209629492256,0.904212237451375,0.904213476894592,0.904214843388536,0.904216451892426,0.904219082468053,0.904220403839128,0.904221814584883,0.904224157144807,0.904226084922983,0.904227062306055,0.904228290260815,0.904229452341589,0.90423073846482,0.904232416067595,0.90423335840359,0.904233787384261,0.904234612998736,0.904235232743372,0.904236606925098,0.904237327357227,0.90423994898785,0.904240575731711,0.904242650580853,0.904243488230624,0.904244551245525,0.904245150143021,0.904246866215793,0.904247391689579,0.904248829089782,0.904249472203289,0.904250534481595,0.904252034581542,0.904253520323203,0.904254957369095,0.904256639432141,0.904258339491262,0.904259915774014,0.904261443799878,0.904262293198648,0.904263201382966,0.904264949562318,0.904265323844936,0.904266648416183,0.904267674152436,0.904268887455259,0.904269933233094,0.90427215298628,0.904273321072831,0.904275881157887,0.904277482481334,0.904278347070399,0.904279339915236,0.904280324848472,0.904283408094448,0.90428498703458,0.904286199223585,0.904287488365288,0.904288675907542,0.904291013165956,0.904292322431891,0.904292885263365,0.904294276785081,0.904294496017281,0.904296038111653,0.904297364370536,0.90429825762162,0.904299503265893,0.904301441783777,0.904301930254633,0.904303806492794,0.904304465682081,0.904306173601037,0.904307124088567,0.904307926557361,0.904308457577476,0.904309191064216,0.90431039895055,0.904311907485531,0.904312992401736,0.90431340022161,0.904314056301544,0.90431551150994,0.904316124005887,0.904317929887104,0.904318711341177,0.904320089282575,0.904321789485168,0.904322545591646,0.904323310520173,0.904324241517931,0.904325213669325,0.90432634128287,0.904326991992371,0.904327690468108,0.904329490560517,0.90432997231724,0.90433021145554,0.9043314285226,0.90433219491547,0.904333387638175,0.904333965514202,0.904335114160693,0.904336194684532,0.904337326741817,0.904338465822009,0.904339196915123,0.904340275420205,0.9043408483452,0.904341722093633,0.904342728273968,0.904343785074078,0.904344425223113,0.904344977519146,0.904345854454795,0.904346917967679,0.904347940298688,0.904348967497121,0.904350231856042,0.904350787530639,0.904351455094537,0.90435209139102,0.904352570016509,0.904353163289822,0.904353579778075,0.90435454565485,0.904355583351681,0.904356681190946,0.90435690407395,0.904357393582612,0.904546395551845,0.90454654347288,0.904547792679376,0.904548748212354,0.904549629992869,0.904550445334983,0.904550945089396,0.904551496378432,0.904552306400902,0.904553817667834,0.904555260222558,0.904555839556441,0.904556812626332,0.904558145986087,0.904558805309521,0.904559875344147,0.904560147914612,0.904560751486856,0.904561264496169,0.904561892440936,0.904562484078913,0.90456292389895,0.904563410521744,0.90456400084861,0.904564438618353,0.904565269678734,0.904565860008502,0.904566730021958,0.904567290967895,0.904568353471276,0.904569089862125,0.904569900580478,0.904570912853243,0.904571641329703,0.90457268183441,0.904573183044201,0.9045748601636,0.904575565158019,0.904576228982015,0.904577427324321,0.904578240835561,0.904578842685787,0.904579398737758,0.904580477622701,0.904581375168733,0.904581978406003
0.391373215774339,0.410157823009907,0.429500557035729,0.429500557035729,0.434668465878427,0.441862734449523,0.460125319830906,0.460125319830906,0.47217875530802,0.47217875530802,0.477279853326572,0.477390242302319,0.480562394346385,0.480562394346385,0.485258589703368,0.485258589703368,0.497156625657911,0.497156625657911,0.502877543035954,0.520498722807501,0.5299733535978,0.5299733535978,0.591122438186684,0.591122438186684,0.591122438186684,0.596257344800756,0.596257344800756,0.596288861048736,0.604436863049171,0.634278074068159,0.68118866046046,0.685718688768221,0.694201148446447,0.694559162602944,0.695522357155894,0.695522357155894,0.721597954947957,0.721597954947957,0.721597954947957,0.721597954947957,0.721597954947957,0.721988751661278,0.739659661607931,0.739659661607931,0.74109079771387,0.74109079771387,0.780857065224136,0.780857065224136,0.781460545994478,0.781460545994478,0.781460545994478,0.78147393884098,0.781595304688403,0.781595304688403,0.79534124879254,0.79534124879254,0.795516527422875,0.795516527422875,0.795946984113184,0.795964537422986,0.795972523077551,0.796948867996269,0.805615864475635,0.805615864475635,0.80561657660687,0.805829819572114,0.829310356214034,0.829310356214034,0.835350354111731,0.835350354111732,0.853726321501576,0.853726321501576,0.863809706077865,0.863809706077866,0.865421561133621,0.865421561133621,0.865570993053291,0.865570993053291,0.871378660959388,0.871378660959388,0.871378660959388,0.871378660959388,0.871509336197347,0.871509336197347,0.87425988563796,0.875108836674581,0.877748672667239,0.877777534241541,0.877788344618399,0.877788344618399,0.879267653748471,0.879275145135443,0.889096714323078,0.890732672157351,0.89691738705449,0.896923126115057,0.896934251496536,0.896938740849493,0.900467402592257,0.90046790100315,0.900503476538146,0.900504875999427,0.901653338227348,0.901653363562367,0.901696960399796,0.901697754165149,0.901717368213365,0.901725092970429,0.901740020741231,0.901744684283431,0.901782772898977,0.901789671584254,0.901797871154676,0.90192570261116,0.902333583583434,0.902339940890404,0.903273337301734,0.903280172646431,0.903287907693014,0.903294741757539,0.90330932186023,0.903311261170015,0.903359820675903,0.903364076162075,0.903458100555247,0.903469476881096,0.903479812839503,0.903481898025515,0.903483062516371,0.90348828053982,0.903494298102116,0.903500831413866,0.903505192849288,0.903510588295644,0.903554776913849,0.90355931078251,0.903562111095509,0.903568688332198,0.903575725911571,0.903576198101427,0.903580396152898,0.90358314119776,0.903593265765374,0.903593637660379,0.903607400314807,0.903609294416317,0.903614073277632,0.903614550144968,0.903620845698757,0.903621250999056,0.903626622393101,0.903626872806546,0.903634953263033,0.903635819419637,0.903644234423589,0.903644544659442,0.903659966020356,0.903668458450771,0.903688376153813,0.903688590719239,0.903694022204008,0.903694991179811,0.903713146397513,0.903713674126684,0.903717969785381,0.903820568529454,0.903829483703646,0.9038308657999,0.903834751746753,0.903835090186122,0.90384018180074,0.90384072828873,0.90384310864648,0.903844226193065,0.903846181697514,0.903846839461513,0.903852664073237,0.903854498273934,0.90385827225137,0.903859122731408,0.903863662665387,0.90386450310846,0.903866454416253,0.90386761181423,0.903927913000362,0.903929484496121,0.903933098727509,0.903933720974482,0.904277867492196,0.904278768909837,0.904281937578211,0.904283115621655,0.904286143986307,0.904287637540818,0.904290055192084,0.904291221972207,0.904293096084439,0.904293834816117,0.904296914023991,0.904297555081555,0.904299713509077,0.904300261616918,0.904300961297581,0.904301711400199,0.904303959659863,0.904304357237723,0.904305481103521,0.904306548987354,0.904307898420813,0.904308278796909,0.904309365943644,0.904309810913315,0.904311167158507,0.904312142673147,0.904313081328956,0.904314776459479,0.90431550400887,0.904316533522251,0.904317519839616,0.904318461220359,0.904319230468492,0.904319627183634,0.904320663851084,0.90432148562426,0.904322550683666,0.904323101175627,0.914219156986214,0.914219261740267,0.914219437077442,0.914219527980601,0.914219620596599,0.914219765067514,0.914332301266224,0.91433240852598,0.914332508620447,0.914332577889918,0.914332683519691,0.914332746046188,0.914332870557604,0.914332978071783,0.914333053654824,0.914333133360071,0.914340449078701,0.914340522155086,0.914340599864546,0.914340681973839,0.914340750434123,0.91434078944869,0.914340826758183,0.914340878969334,0.914340943853934,0.914340991710358,0.914341066658919,0.914341153458954,0.914801777409371,0.914801841736314,0.914801918518545,0.914801988657901,0.914802046598314,0.914802085740786,0.914802107189688,0.914802135716182,0.914802175560605,0.914802217232818,0.914802288634999,0.914802320494439,0.914802360909374,0.914802413518273,0.914802473811437,0.914802527029557,0.914802566491755,0.914802601298262,0.914802637413528,0.914802685324699,0.914802738862818,0.914802804405131,0.914802840535165,0.914802924756235,0.914802972288512,0.914803015870177,0.914803068777509,0.914803096255436,0.91480311701062,0.914803153101616,0.915053966383166,0.915054007653125,0.91505404162086,0.915054069489039,0.915059698788777,0.915059718480998,0.915059770613277,0.915059798826315,0.915675867143158,0.915675893935508,0.91567590866734,0.915675940451433,0.915675959769457,0.915675971585098,0.915675993787464,0.915676020545449,0.915676041932803,0.91567606402346,0.915676080500489,0.91567611005553,0.9156761461454,0.915676157195139,0.915680349363146,0.915680370435978,0.916004821088801,0.916004850213166,0.916045132746891,0.916045148650175,0.916045181994399,0.916045199742942,0.916045224661865,0.916045237175085,0.916045250304342,0.9160452671143,0.916045287449878,0.916045302081576,0.916090917913728,0.91609093162117,0.916128309632676,0.916128326120753,0.916128337655213,0.91612835021188,0.916128364033776,0.916128379839788,0.916134339609755,0.916134347940489,0.916134359139497,0.916134368589054,0.916175011591075,0.916175044787694,0.916175050916642,0.916175072841737,0.916175090957151,0.916175109556426,0.916376639434622,0.916376652764731,0.916376669265731,0.916376685305633,0.916376699020189,0.916376715803072,0.916379743895784,0.916379755397617,0.91665862608533,0.916658647249451,0.916658661754434,0.916658684289795,0.916838772639612,0.916838786764121,0.916838795996475,0.916838807302848,0.917914929847754,0.917914938824982,0.918015313243782,0.918015326011536,0.918015331825877,0.918015339447677,0.918031374436797,0.918031392255042,0.918071112051093,0.918071124949282,0.918209794575266,0.918209801949891,0.918209813779587,0.918209821295014,0.918228165803896,0.918228178150517,0.918228183352254,0.918228189554397,0.918403997602586,0.918404008311587,0.918404017447896,0.91840402334407,0.918404025872795,0.918404032599794,0.918549946949067,0.918549952669121,0.918549957472591,0.91854996192597,0.918555516151511,0.918555520148881,0.91855552573754,0.91855553026497,0.918580777452738,0.918580785188899,0.918580786860529,0.918580792067651,0.918581648360624,0.918581657391375,0.918581664002956,0.918581665380181,0.918777624933021,0.918777635751184,0.918829076673199,0.918829079904698,0.918829085254934,0.91882908904906,0.918868162560639,0.918868165484467,0.919340625710386,0.919340634823729,0.919878592327158,0.919878596233128,0.919878600150039,0.919878609325325,0.919878612345095,0.919878619180503,0.920354706418081,0.920354709241382,0.920354713737088,0.920354714928177,0.920354719634366,0.92035473002655,0.920354732873378,0.920354735834232,0.92035489261688,0.92035489818622,0.920474300686775,0.92047430529891,0.920485456644019,0.920485462918978,0.920485472717907,0.920485477269607,0.920485479171438,0.920485483236821,0.920485484940372,0.920485489463546,0.920503648284605,0.920503653952106,0.920503657675829,0.920503662644618,0.920530220277221,0.920530223778774,0.92055167424254,0.920551678510596,0.920565866531443,0.920565869026656,0.920566179365936,0.920566181893426,0.920570558360634,0.920570561817502,0.920637919786887,0.920637922898392,0.920637926086845,0.920637931334821,0.923032382501201,0.923032384982277,0.923083398879971,0.923083401783222,0.923085306514126,0.923085308588454,0.923124398932087,0.923124404893471,0.923124406105297,0.923124407790166,0.923254697150478,0.923254700996646,0.923254701917185,0.923254703876716,0.92327832011004,0.923278322651356,0.923280518994606,0.923280523032353,0.923303041444216,0.923303043403282,0.923322120666626,0.923322123500612,0.923347508045838,0.923347511682562,0.923347513068896,0.923347514940123,0.923347515503346,0.923347516910031,0.923983256697709,0.923983260428151,0.923984328417903,0.923984328658225,0.92398432946447,0.923984330450804,0.92409777282038,0.924097774359977,0.924112766362795,0.924112767350774,0.924132203609048,0.924132206521186,0.92413220692689,0.924132211039002,0.924132213641948,0.924132215956114,0.92416084207537,0.924160844549952,0.924268839240712,0.924268839987367,0.924268985102832,0.924268989282054,0.924275252901065,0.924275255770789
0.398364969442082,0.417292256655529,0.44592116579164,0.450736227072666,0.456402427642635,0.456402427642635,0.537965434525003,0.538052835611309,0.571851224990828,0.571851224990828,0.578133526989443,0.578478950291862,0.578834178511171,0.579456921028505,0.581391592806911,0.582810201502605,0.584489085864381,0.584489085864381,0.615664440277087,0.615664440277087,0.625869286714557,0.625869286714557,0.629718420630554,0.629718420630554,0.645810928282853,0.645810928282853,0.647982333458228,0.655036419951153,0.65582435904953,0.65582435904953,0.701473813404168,0.702004863285968,0.702004863285968,0.702619882810392,0.710710968595403,0.710740614005005,0.729776525653295,0.729942968063988,0.775777222987835,0.775777222987835,0.778290054339225,0.778439439346333,0.791127876905581,0.791248236635463,0.798476258256106,0.798494724457406,0.798692188620797,0.798787285458372,0.798937481649723,0.798949089192281,0.811410628800503,0.812167276064764,0.814096127727915,0.814450617188202,0.819810393936768,0.820410801882041,0.820600473436357,0.820977187761689,0.82583874007317,0.837165883158121,0.841187383264537,0.841604897006003,0.848704684161692,0.849546349376489,0.849998645090756,0.850103604219523,0.851680247833698,0.852191698950248,0.866910270774253,0.866931723442116,0.868437324339119,0.868780302696011,0.870359152094987,0.870649945665532,0.872583698071586,0.872810375121423,0.874478486896432,0.874628042788885,0.875057733997407,0.875268869793726,0.875800116198909,0.875872504975611,0.877558971254839,0.878034527598428,0.879032902885367,0.879297000811889,0.880182061742817,0.880804635662256,0.881455120842506,0.881631669438881,0.882250862555819,0.885086476757279,0.885706245859998,0.886875333789466,0.887821052232136,0.888030122039629,0.888610730527032,0.889256213547071,0.88947414927428,0.88965208096445,0.890418002083597,0.890792826512245,0.891007504195814,0.891190824406149,0.891710212605102,0.892026012664377,0.89232891793211,0.892742577577289,0.893108429254784,0.893265240122534,0.893595013998729,0.893841055422818,0.894072895801581,0.894186968879836,0.894388121945751,0.894507998633555,0.895287482835012,0.895437283648891,0.895496383524496,0.895637102718269,0.89580587437392,0.895855822731616,0.895974040624823,0.896508204852789,0.89677813591613,0.896819660700054,0.897131650919124,0.897184686958575,0.897334710898238,0.897375301437046,0.89753535001351,0.897618666224337,0.897786833035578,0.897810212145535,0.898022398838964,0.898079606840172,0.898227406885437,0.898268140312264,0.898414699074783,0.898445406390017,0.898561550234592,0.898640272963643,0.898750605121496,0.89883041032877,0.898937285735876,0.898982828816595,0.89975136066607,0.899767472996263,0.899824555626113,0.899895241138106,0.899983907618127,0.90002602445653,0.900092807708683,0.900115113286926,0.900168223517326,0.900211638376018,0.900284212769525,0.900339380597181,0.900380550467938,0.900430317471602,0.900480938261196,0.900517428697974,0.900581553156543,0.90062165594771,0.900686277660772,0.900710249148307,0.900745991565554,0.900780212672491,0.900807067956589,0.900838754464932,0.900892507891772,0.90091649675073,0.901064061070704,0.901088760442315,0.90112705303213,0.901150550172127,0.901175421627387,0.901212127042007,0.901253991212409,0.901283114385573,0.901308315230916,0.901322614699464,0.901355862698077,0.901381538881352,0.9014020118894,0.901441926889912,0.901561870973507,0.901582840681305,0.901611961501084,0.901627759046733,0.901643839091608,0.901661196692809,0.901686199400605,0.901698807280741,0.901725783469414,0.901751200595872,0.901764996759335,0.901776490995941,0.902104498852132,0.902124338349285,0.902137462699231,0.902158954173658,0.902176078702873,0.902182543098579,0.902195914805705,0.90221379476439,0.902228044354101,0.902233116201512,0.90225161168541,0.902258812971437,0.902273660690159,0.902285159767343,0.90229889429061,0.902315034146449,0.902324046898173,0.902332852178146,0.902349390342608,0.902364459878131,0.902378158052102,0.902383491078665,0.902393528449089,0.902400934775357,0.902410338234682,0.9024149772461,0.902424625414076,0.902433144904905,0.902443622932037,0.902458345590094,0.90246907207777,0.902477461597012,0.902489369887289,0.902496035148143,0.902503141052387,0.902512759250719,0.902526065114619,0.902539075957822,0.902550936415315,0.902553974521551,0.902560649317448,0.902569024180919,0.902576588411942,0.902585184826495,0.902593644292945,0.902600351821388,0.90260399262875,0.902611763178838,0.902621593637409,0.902631419440311,0.902639305585198,0.902645584050673,0.902654932064743,0.902662333764388,0.902670134798017,0.902674450508691,0.902680218859003,0.902684595376653,0.902689262311194,0.902695291896482,0.902700712981434,0.90270348967918,0.902707947003052,0.902710531710566,0.902713015267874,0.90271698108196,0.902720319125775,0.902726567946706,0.902728830835248,0.902733098514846,0.902736607858706,0.902744209543771,0.902748510226586,0.902751485815748,0.902755663939767,0.902757620886866,0.902760741857986,0.90276380604952,0.902769424526025,0.902771795306289,0.902776990933394,0.902778475990126,0.902783852057099,0.902785790057503,0.902789196040472,0.902792222495752,0.90279428121037,0.902795942531087,0.902799413652522,0.902801968799286,0.902808175766424,0.902812538752356,0.902816278976639,0.902818122380716,0.902820877474204,0.902823081806888,0.902824869562542,0.902827037007575,0.902828425950856,0.902830004257713,0.902831910833028,0.90283531804241,0.902837098166555,0.902839356284398,0.902841520570389,0.902843213983449,0.90284501404329,0.902847524965749,0.902849256813134,0.9028521988614,0.902854736805397,0.90285660168926,0.902858216275765,0.902859775143621,0.902861125811456,0.902864021218257,0.902866909326155,0.902868933347054,0.902871878294822,0.902874446692942,0.902876151994771,0.902878215576533,0.902880553685382,0.902881815005275,0.902884267607902,0.902886916933952,0.902888722134465,0.90288998754556,0.902891017975875,0.902892630807759,0.902894383695201,0.902897255646817,0.902897713823368,0.902899190591211,0.902900777692247,0.902905000528967,0.902907052422763,0.90290857467703,0.902911045912193,0.902912104088481,0.90291304028464,0.902914320174649,0.902916398166485,0.902917396903064,0.902919962146099,0.902921703245625,0.902923221178443,0.902924933657636,0.902925559466025,0.902926817975863,0.902928192496699,0.902929443860523,0.902931695979641,0.902932667595874,0.902934711335328,0.902935459427872,0.902936937183403,0.902938507280646,0.902939707969183,0.902940636500088,0.902941483732647,0.902943448785397,0.902945004376101,0.902946329251378,0.902947866365956,0.902948598611189,0.902949508908326,0.902950555159386,0.902951778191099,0.902952561860295,0.902954266639656,0.90295549170277,0.902956933204262,0.902958334148294,0.902959567287048,0.902961223877124,0.902962071358616,0.902963122964126,0.902964051553743,0.902964952018171,0.902965422988687,0.902966225943527,0.902966535687215,0.902966967804759,0.902968108966622,0.902968395044829,0.902968795873222,0.902970234035381,0.902971718138528,0.902972815751356,0.902973512311822,0.90297481444641,0.902977437975434,0.902978791031047,0.902979938783314,0.902980558706135,0.902981838773169,0.902983025405355,0.902984336561564,0.90298530587843,0.902986103579069,0.902987762126503,0.902989150267708,0.90299074901977,0.902992226702705,0.902992792583092,0.902994144256963,0.902995332691982,0.903119268706133,0.90312008617186,0.903121171676237,0.903122148353395,0.903123687320944,0.903125522028124,0.9031279901162,0.903129043368965,0.90313011327123,0.903131954318653,0.903133728240871,0.903134800005207,0.903135758388948,0.903136765508791,0.903137761125568,0.903138851334197,0.903139815399811,0.903140273083459,0.903141165509248,0.903142452459015,0.903143816156963,0.903144530642968,0.903145242022607,0.903146078315722,0.903147344879487,0.903148350138906,0.903149677216196,0.903150612987768,0.903151896946231,0.903152762980879,0.903154378783332,0.903156983390132,0.90315778226422,0.903158622059494,0.903160109948948,0.903161911647905,0.903163566466189,0.903164075143062,0.903165014277972,0.903165936075546,0.903167056718783,0.903167994074119,0.90316935492946,0.903170238639805,0.903170696040847,0.903171924579259,0.903173337631257,0.903174565265728,0.903175744014865,0.903176791417481,0.903177656702564,0.903178485427493,0.903179825068659,0.903180623485713,0.903181820810438,0.903184305077829,0.903185440937032,0.903186680811323,0.903187657641729,0.903188370783217,0.903189042249578,0.903190120411533,0.903191229059815,0.903191629713725,0.903192168439783,0.903193188321537,0.903193838958284,0.903194715877422,0.903195738713305,0.903197115699918,0.903198236073512,0.903198906509388,0.903200007560485,0.903201083277477,0.903201943132365,0.903202732637862,0.903203962970826,0.903205118361672,0.903205349805632,0.903205915318875,0.90320697869949,0.903207467667229,0.903208149634673,0.903208537499812,0.903208897032939,0.903209837705177,0.903211495747664,0.903212189626908,0.903212745753668,0.90321360837152,0.903214828638269,0.903215511600734,0.903216468744979,0.903216759824291
0.387869881496817,0.412139265541751,0.491008418040801,0.535394810854296,0.538661982493184,0.538661982493184,0.538661982493184,0.538661982493184,0.549578991651338,0.549578991651338,0.549583653651922,0.549583653651922,0.550200177436688,0.550200177436688,0.550856135166155,0.550859662890254,0.555226884539711,0.558039113690543,0.560933523285685,0.567776460928683,0.592161988160924,0.592316338273359,0.5925733213946,0.5925733213946,0.599506037932652,0.599506037932652,0.616929090499503,0.616948089438454,0.619758042904497,0.619914060641618,0.657326554682327,0.657326554682326,0.678945959774666,0.678967124789628,0.69657398672162,0.696700576047755,0.697550850079019,0.698381053715096,0.702093554503162,0.702723339750016,0.750874722337554,0.751265277660149,0.754342743770771,0.754434807046708,0.768032717391917,0.781427415354823,0.78388099010532,0.79443074839968,0.831778741625379,0.8318106497411,0.843457696669098,0.843477448689423,0.848561813718021,0.848724814090647,0.849694097273925,0.849861216736694,0.85060599201538,0.850834568122763,0.852262868983801,0.852286621103729,0.858354810276167,0.85866913902697,0.860114998373492,0.870628918647655,0.871935749169186,0.872093256985004,0.872644958428925,0.873190853901217,0.873749904271498,0.873846846812733,0.877430889085676,0.882779395885984,0.88530331537244,0.886128550062625,0.887025160365761,0.887214529082311,0.887893946510599,0.887931315908207,0.888380316919128,0.8889074040913,0.889483648611973,0.889666605079004,0.890508377415932,0.890658131568524,0.890853890067336,0.891142307603688,0.891443009663728,0.891609582378094,0.891909254153604,0.892200910684852,0.892313157892202,0.893676604871451,0.894061767058084,0.894196784419288,0.894737736556626,0.895058846576998,0.896250273892206,0.896458454797919,0.896701171320639,0.896863068184018,0.897206814068394,0.897250998869983,0.897424486936959,0.898264168420692,0.898440478632423,0.899052543117988,0.899348218989258,0.89939805486425,0.899625903221068,0.899640656948597,0.899824170020531,0.89985152646152,0.899986807367209,0.900056791435678,0.900178062312282,0.900198541418265,0.900318981790982,0.900411868935865,0.900553700659382,0.900615473915603,0.901017404042001,0.901055823040023,0.901116037190563,0.901136301333406,0.901204884621432,0.90123433436371,0.90132813979388,0.901367595865303,0.90158412466022,0.901622451804034,0.901662217583368,0.901721171631513,0.902341397213753,0.90311247886765,0.903168116363157,0.903237918363201,0.903332504168484,0.9033532290221,0.903426492166348,0.903474329835788,0.903534008227178,0.903599601456562,0.903658770865884,0.903715933793265,0.903805070867027,0.903846282836992,0.903951187973002,0.90401143251107,0.904142577133715,0.904168064801922,0.904208792144205,0.904232303537457,0.904262242016795,0.90429500750107,0.904341368814451,0.90435807967978,0.904389333728474,0.904422578148397,0.904463720488669,0.904494457816398,0.904543937250165,0.904557305419171,0.904601076161135,0.904634294225803,0.904673488029347,0.904700247728182,0.90472244872445,0.904750694007655,0.904803180563936,0.904835169259015,0.904864139217072,0.90489374589694,0.904916982251202,0.904942934548799,0.904980332655344,0.9049988850293,0.905029381167278,0.905056538487867,0.905075300603993,0.905098741581773,0.90525803066969,0.905280522695756,0.905299073948676,0.905309259408713,0.905334634160219,0.90535991155891,0.906085169365227,0.90610043050372,0.906133606499491,0.90614861974311,0.90617481531736,0.906185389512125,0.906220996761795,0.906233961537916,0.906254461263312,0.906262649141272,0.906285137301524,0.906291799147543,0.906314789497567,0.906330371389078,0.906350408008113,0.906362529643297,0.906377623684234,0.906389060227617,0.906404294598617,0.906415420726264,0.906430294440035,0.906441078632223,0.906461334862164,0.906468045947361,0.906480212165265,0.906506402792103,0.906531094820204,0.906547799892515,0.906567469107175,0.906580152127782,0.906601462306282,0.906607712913659,0.906631966065765,0.906642805736808,0.906651166386588,0.906662374227609,0.906675244181611,0.906680954001161,0.906687990758583,0.906693143331538,0.906708317871021,0.906718321783253,0.906722758321623,0.906731567318866,0.90674315797665,0.906754776499972,0.907096618649298,0.907100667633545,0.907117752335814,0.90713083531929,0.907136018841614,0.907145367459472,0.907160577246899,0.907169224454536,0.907184595831794,0.90719460725656,0.907203095699589,0.907215813292737,0.907222543557655,0.90723395623834,0.907246073443028,0.907252124684872,0.90726455175888,0.90727336955392,0.907285540912856,0.907301414020292,0.907318803723302,0.907324185756162,0.907338299494781,0.907346881790202,0.907355106081578,0.907366666132057,0.907380320262495,0.907388503978377,0.907404289552582,0.907410722165049,0.907417300308164,0.907424522688374,0.907429911875081,0.907435956353259,0.907441800646863,0.907453844262499,0.907459346282546,0.90747279393424,0.907483797918838,0.907491501173851,0.907498689440071,0.907510527678254,0.907515891366416,0.90752116259346,0.907681546249368,0.907686279768481,0.907690474163162,0.907694998679032,0.907698692637096,0.907707076873585,0.907716540793477,0.907721645018899,0.907728874699483,0.907730406449037,0.907734775826072,0.907737297268973,0.907741855719578,0.907748449171297,0.907749776842341,0.907757097084696,0.907762491484712,0.907766266505804,0.907770398811979,0.907774968653236,0.907779494601507,0.907786678167354,0.907790929391078,0.907795145092559,0.907798362194964,0.907805103252256,0.907806116980016,0.907813594093943,0.907817101403603,0.907827172582425,0.90783017880295,0.907836392776521,0.90784164474627,0.907845150994519,0.9078506956377,0.907852562618653,0.907856180448603,0.907860353433088,0.907864979587117,0.907868894826215,0.907875702502103,0.907880297899828,0.907887628477594,0.907892872771707,0.907897750238952,0.907901557782122,0.907903692762504,0.907909315258281,0.907913814624447,0.907917419647144,0.907922142858433,0.907925415106028,0.907929369949993,0.907934718807221,0.907936814384201,0.907938928227361,0.907941097843601,0.907943597202928,0.907946333738629,0.907948909586644,0.907953731924215,0.907955613223006,0.907957243116839,0.907961996173764,0.907964202061708,0.907967199906978,0.907968933682018,0.907969607432719,0.907970550304497,0.907973322036923,0.907975345392786,0.907976725124892,0.907978832107928,0.907981620871664,0.907984671592549,0.907987840223565,0.907988843528579,0.907992780810144,0.907993973059526,0.90799677402564,0.907998825344024,0.908000507913305,0.908001992918633,0.908006238664489,0.908006913724043,0.908008472391059,0.90800976145341,0.908010908003134,0.908012516639891,0.908014325342942,0.908017812672559,0.908019024149188,0.908020325111151,0.90802262963256,0.908023780245562,0.90802594936758,0.90805293032382,0.908055458126256,0.908056802783701,0.908058622250604,0.908061448663419,0.908063513402037,0.908065775187657,0.908068344820084,0.908071619169609,0.908073902984625,0.908076603987673,0.908079407374622,0.908083104128098,0.908084612011545,0.908088076381146,0.908089411600187,0.908091996509822,0.908094317245159,0.908095174178021,0.908097553175372,0.908099199618817,0.90810039821923,0.908102288278947,0.908103293689791,0.908104959102631,0.908106173893237,0.908109680612774,0.908110707739734,0.908111086365841,0.908111752264386,0.908113014463662,0.908114167329276,0.908114776465215,0.908116296813033,0.908116437247973,0.908117279728187,0.908117674685649,0.908120031788832,0.908122443595999,0.908124799823642,0.908129173600633,0.90813002728407,0.908132770452378,0.908134308625835,0.908152204777186,0.908154521910262,0.908155900856767,0.908158684852736,0.908160400850436,0.908161034212908,0.908162082035465,0.908164610721169,0.908165350578518,0.908167406746718,0.908167761259105,0.908168372216852,0.908169704159706,0.908170781390762,0.908171447525926,0.908171645394428,0.908177779641382,0.908178513319838,0.908179342597197,0.908186260294075,0.908186979583929,0.908188067725127,0.908194593431925,0.908195141965584,0.908196116933621,0.908197668075972,0.908199706426546,0.908200889335535,0.908202212193691,0.90820354959342,0.908204116153664,0.908204400917477,0.908205505505752,0.908205893609646,0.908206487463537,0.908207270464476,0.90820845528925,0.908208989337247,0.908209155016265,0.908209828840026,0.908211544697143,0.908213261692419,0.908214376224585,0.908215520012229,0.908239387310194,0.908241339176075,0.908252298349806,0.908254147587283,0.908256516693837,0.908256756595437,0.908258177662422,0.908259349781149,0.908271195223321,0.908272212424379,0.908272686985947,0.908273853872112,0.90829453480987,0.908295850081765,0.908296355206665,0.908297605390035,0.908298671513193,0.908299053448377,0.908305722807505,0.908306128701223,0.908307118710405,0.908308270125772,0.908310436554421,0.908310871269837,0.908311413681812,0.908312019929212,0.908313550049581,0.908313892583751,0.908317878136847,0.908319293465433,0.908320391644227,0.908322241693992,0.908610112702885,0.908611103068499,0.908611468848504,0.908617624332073,0.908622493304375,0.908622663678334,0.908623279462976,0.908624492686553
0.389082579275158,0.398141874817521,0.41840657307771,0.421136964026594,0.489995667707972,0.490303262693938,0.492108891587874,0.492108891587874,0.509554188163518,0.509613270219018,0.510750582340776,0.517095390546995,0.534485554841918,0.558116190884274,0.580905922608931,0.585080481756098,0.611409209046099,0.611409209046099,0.611515035903993,0.611515035903993,0.611515035903993,0.611589391830783,0.61182434322087,0.61211861198373,0.621962410743588,0.622052458026394,0.640894994057303,0.641115598212809,0.65122424823915,0.65122424823915,0.65122424823915,0.655805550345311,0.724132772879323,0.724326292252784,0.724783232182498,0.724811361903968,0.724859825155511,0.724941140511001,0.72708072534006,0.727227454133714,0.727752493961133,0.727752493961133,0.779041551660916,0.779330582981953,0.780640377802751,0.780822596476062,0.786317371297475,0.786325625397794,0.788102566234482,0.788111295491211,0.788269465087231,0.788337116053535,0.806386982692772,0.80647300854534,0.81509620824472,0.81509620824472,0.827786736421258,0.828621051455259,0.829878292464685,0.829885535205915,0.83042647010168,0.830432555763637,0.832657726181959,0.833979214901353,0.834615681993423,0.835071424304716,0.835846442302276,0.835859506639399,0.836528123862668,0.836665129254354,0.83723699443921,0.83998506563162,0.842179126107407,0.847706043099982,0.84827168836033,0.849877885976522,0.850310010009916,0.850382337665545,0.850614366723356,0.850636938652956,0.85070507985122,0.850817455929944,0.850878351534277,0.851327364206427,0.852137171664603,0.859569906330437,0.860474008283454,0.861320985960885,0.862903516731898,0.862909903093943,0.863053420463424,0.863060098211998,0.866028820626976,0.868475638635079,0.869674243524913,0.86971334589714,0.870456148187562,0.870466226899717,0.870932508224241,0.871687200075355,0.87229604863407,0.872303106693855,0.872312227362769,0.872476628776926,0.872721390587418,0.872728163707808,0.872922377845123,0.873507378367989,0.873531457134204,0.873552814385133,0.873619438395402,0.873826936482626,0.873837132882725,0.874268512652302,0.874410363135214,0.874859098014579,0.87531995610196,0.875452741955403,0.875457385399659,0.877587477565183,0.877594262004222,0.877778512703693,0.877785329615903,0.877798821914064,0.877839212169569,0.878000833546594,0.878759460337003,0.878761096493984,0.878769161400174,0.878794126031098,0.880528141598499,0.88062571363807,0.893112246443656,0.89313780390991,0.893150499697315,0.893152489346844,0.893174336926137,0.893174743173698,0.893176590223116,0.893177012268947,0.893773145108242,0.893773686167747,0.893956515585882,0.893957028730555,0.894523433915063,0.894559340862426,0.896072321401717,0.896072624269145,0.896154962400363,0.896155158417961,0.896355779171634,0.89635604073151,0.896420955186827,0.896422263599707,0.896424058184425,0.896424713153774,0.896480440777062,0.896480965813198,0.896527721987519,0.896528516709253,0.896641895215617,0.896642312571004,0.896776625422322,0.896778409629232,0.903235312216387,0.903236301167639,0.903659286519819,0.903659644479708,0.903848204456547,0.903848352017746,0.90397365254067,0.903973839644749,0.90412999602427,0.904130229154053,0.904161841003747,0.904162198766042,0.904769836517816,0.904770365062182,0.905328864206577,0.905328983608528,0.905538600841609,0.905538827888505,0.905539307225551,0.905539624144211,0.905621806922917,0.905621946295125,0.905678365476474,0.905678603265609,0.90775886500617,0.907759185489386,0.9081378622526,0.908138018446559,0.908382664895826,0.908382818313692,0.909172850147702,0.909173230352336,0.909246802412934,0.909246846432793,0.909548788262763,0.909549368493517,0.909807104102971,0.909807377355858,0.910212847838177,0.910212907968948,0.910547622084691,0.910547954208869,0.910894548281741,0.910894768284443,0.911590763198972,0.911591039549245,0.91166551445524,0.911665715251372,0.911705357184435,0.911705425942873,0.91200132521227,0.912001588594144,0.912460044264719,0.912460121458293,0.912870038407846,0.912870220252365,0.913062415225998,0.913062637275774,0.915450755026782,0.915451040817651,0.915960995723859,0.915961031717695,0.916149545229756,0.916149708608441,0.916460692083861,0.916463937443622,0.916797795167736,0.916797947376991,0.918143933005699,0.918146026503968,0.918211455927531,0.918237651295249,0.91839380593332,0.918394079072052,0.918812844941809,0.918812900967673,0.919183177782073,0.919183249473764,0.919293252701269,0.919307889917921,0.919660155563941,0.919660239528489,0.919779419287841,0.91979903143024,0.919955086366481,0.919956454118759,0.920144252053091,0.920153437086982,0.92035508760299,0.92036280326332,0.920593957486614,0.921107029164913,0.92144289024961,0.921447475260578,0.921583881753937,0.921598196143416,0.921791719382173,0.921830729211788,0.921979623660016,0.922028234511964,0.922301165202956,0.922350763371074,0.922597130244434,0.922611554902871,0.922831218299575,0.922842050552835,0.923212237475948,0.923220077614998,0.923504357491832,0.923524163262724,0.923972584484685,0.923983686518803,0.924124005881887,0.924127969535522,0.924259850590262,0.924279030047222,0.924333098181628,0.924787002995897,0.924877210118283,0.92494215214604,0.925071490717493,0.92509394176656,0.925284755988003,0.925309631214269,0.925470821080827,0.925481780960313,0.925594133885382,0.925640664485939,0.925714446974535,0.925732458993543,0.926013943986144,0.926104310631636,0.926237327320739,0.926262743200661,0.926356019893813,0.926410146231671,0.926533685591626,0.92657168618914,0.926666300421199,0.926817795114097,0.926934890703665,0.926945461981855,0.926979317709004,0.927036128936195,0.927084853632506,0.927151650576042,0.927218298450258,0.927252728416954,0.927373216272452,0.927425586175294,0.927501942156519,0.927534978038455,0.927562543849924,0.927698924981257,0.927730233853318,0.927783001860446,0.92784083636396,0.927866107439702,0.927913180011618,0.92793662034306,0.927988752665686,0.928021001516375,0.928095941320768,0.928141012599082,0.928268813039557,0.928297337361519,0.928380915903744,0.928398482757245,0.928437528487257,0.928454034996579,0.928488219988901,0.928537943801792,0.928577643445228,0.928597389960306,0.928621131417349,0.928637293358178,0.928997963452971,0.929034530810681,0.929065907834911,0.92910830212819,0.929122474798522,0.929142094096708,0.929170512335083,0.929192908988012,0.929215024856692,0.929258980152796,0.929283219703317,0.92944111309508,0.929458767762894,0.929482729346186,0.929496470536236,0.929514704027958,0.929546569390306,0.929554244144251,0.929591902429737,0.929608876990835,0.929622788560894,0.929640200144406,0.929652702432633,0.929666490063865,0.929675937584441,0.92969263123917,0.929701419078065,0.929716274449573,0.929774319657663,0.929780581930081,0.929791472602614,0.930065442750693,0.930087137305235,0.930100262382629,0.930110097175207,0.930325581536673,0.930337204147342,0.930348949862396,0.930357868815924,0.930367519270257,0.930372134408596,0.930383249663472,0.930393371379212,0.93039916222826,0.930406913911811,0.93041607097147,0.930429008116147,0.930434503503754,0.930443976520645,0.930448308646017,0.930504774305389,0.930514674578537,0.930527275682602,0.930535499345592,0.930544725704814,0.930554823892845,0.930562567547776,0.930569814855298,0.930577900747933,0.930588092368047,0.930594113690232,0.930605362791568,0.930612494034232,0.930623257752652,0.930626839906265,0.930633944052295,0.930641862757897,0.930647733654898,0.930656032454353,0.93065844779171,0.930662861069033,0.930671014448846,0.930676702418422,0.930684016405314,0.930728376918558,0.930730063446305,0.930734078107511,0.930739932105794,0.930745433383897,0.930749873137944,0.930752826255913,0.93075778171897,0.930764214799019,0.930768889461646,0.930771458018757,0.930775406539222,0.930780021759012,0.930782243387966,0.930786377870342,0.930792007166494,0.930795257436154,0.930798913775373,0.930802674286782,0.93080858286216,0.930812529937817,0.930817770725315,0.930821550842872,0.930825406446561,0.930830486128055,0.930832635278552,0.930834691403256,0.930840298948148,0.930843735300466,0.930850717676819,0.930883719179038,0.930888849686683,0.930892893395496,0.930894151263117,0.930897294963513,0.930901606796445,0.930906787139898,0.930909176578033,0.930911883186219,0.930917337539457,0.930920265201657,0.930923968908846,0.930926392123658,0.930928901107884,0.93093096036605,0.930933399973011,0.930938162829802,0.930942448080753,0.930944885763546,0.930949724449341,0.930955123848773,0.930959698947715,0.930963413123227,0.930965040148785,0.9309677183017,0.930971118568944,0.930975007805981,0.930980191421265,0.930984279535507,0.930986315445804,0.930990101520546,0.930991887239488,0.930994280876303,0.930996238274923,0.930997339155304,0.931002004625482,0.931004909604543,0.931007296251376,0.931009551333311,0.931012058220939,0.93101385885905,0.931015232739528,0.931034630011181,0.931035696229291,0.9310398532184,0.931042102784114,0.931046311667541,0.931048476471873,0.931050040071392,0.931052328168276,0.931054886402248,0.931057391300156,0.931059990936865,0.931061424444902,0.931062836032,0.931065080586347
0.400464761011425,0.447065898069222,0.447815491298309,0.447835313698759,0.492168006660807,0.500660268638885,0.500660268638885,0.525673557403446,0.581040633506012,0.581040633506012,0.581040633506012,0.581089045601783,0.581089045601783,0.581089045601783,0.581089045601783,0.581089045601783,0.583465768519271,0.58346576851927,0.587017993876673,0.587852492050242,0.618991626395706,0.619653830979178,0.630045923968153,0.630045923968153,0.633198891722388,0.633198891722388,0.633660115272039,0.688605340199812,0.691671584939421,0.705011168701932,0.706293588733919,0.708184403953693,0.713148200618548,0.713407661823898,0.713407661823898,0.713948513635437,0.714225800396455,0.714225800396455,0.714427732723565,0.724450455880655,0.73189034255631,0.732007698622674,0.759596531826358,0.75998623767278,0.80640339246741,0.806405673689744,0.812911872884316,0.812911872884316,0.813596216996956,0.813596216996956,0.827517361968568,0.827595173326588,0.82809840989999,0.82842448969604,0.83324856711533,0.833334480284966,0.839428116518586,0.839901842940327,0.841045945705271,0.841098649121912,0.848560643448844,0.848619338758764,0.849631734135924,0.853046210854507,0.85668487817374,0.857267565084397,0.858562131595916,0.858581417839303,0.863307407256103,0.86384474147416,0.8644779557299,0.866025677300361,0.8677074034459,0.868016638239094,0.870835420210744,0.873438011618243,0.874129810468222,0.87453851179034,0.874887322278929,0.875044008374409,0.875596660202085,0.875669413245203,0.876553014183311,0.877073966878862,0.878182298239894,0.885044074187257,0.885691533548044,0.885734337615724,0.886354939090664,0.886443105174514,0.88715773308258,0.887769178874629,0.888233724285785,0.888622949493105,0.888926447636527,0.889349036977368,0.891479042611359,0.891567948006702,0.891724327615888,0.891916347477863,0.891964706665344,0.892084651580546,0.892243356466914,0.892434814966094,0.89248095888808,0.894367386166961,0.894373283408676,0.894792809419793,0.894865462752389,0.894959508771808,0.89544762780516,0.895633452830069,0.896307790070819,0.896539228727197,0.896796229216195,0.896925193464212,0.8969953074904,0.897074541755561,0.897137472840082,0.897282318774915,0.897373009021826,0.899481525998699,0.899636911356831,0.901031690083788,0.901198047685109,0.901208186436665,0.901329860688511,0.901351711561659,0.901565356897256,0.90194087223933,0.902064505048222,0.902083110562558,0.902138725365405,0.902153327625121,0.902316829483303,0.90236273595047,0.902491785559454,0.902502351544447,0.902724820755473,0.902740228873503,0.902854524364821,0.902866684430206,0.902986587110284,0.903001617423642,0.903125704491863,0.90313981317123,0.903227320519206,0.903244697493384,0.903350196617928,0.903416689562327,0.903525465447697,0.903541883278157,0.90363098732817,0.903680245389147,0.903771622595508,0.903826488717903,0.903940004572914,0.903967193406764,0.904031533706257,0.904071067662614,0.904146972701579,0.904175966471318,0.904253894818323,0.904278524543393,0.904359010333293,0.904388555680251,0.904482934217461,0.904514068239474,0.904878254508741,0.905594860824584,0.905670744629071,0.905706392173024,0.90578604474084,0.9058149675077,0.905835785092533,0.905867275592137,0.905912428253651,0.905947250912178,0.906013072134229,0.906043185606535,0.906094194831621,0.90610304129237,0.906140278695533,0.906176731143363,0.906222067376197,0.90624274937649,0.906283790971683,0.906323936903846,0.906380137433556,0.906391196974434,0.906404869557951,0.90641900898932,0.906446671219219,0.90648543128751,0.906499864575337,0.906510916695189,0.906538236145135,0.90654914841325,0.906566371258085,0.906601657561896,0.906636849922902,0.906668349603302,0.906718920951016,0.906734074783886,0.90675959636154,0.90677224971764,0.906803643045091,0.906807643169625,0.906836481640907,0.90685946236842,0.906879954634355,0.906889502233805,0.906925534945423,0.906935389552172,0.906973188793442,0.906992065894113,0.907025125827796,0.9070557372171,0.907074504962165,0.907082653837776,0.907102688987772,0.907120215865181,0.907143738780029,0.907155192810721,0.907342716271047,0.907355637286698,0.907372595956327,0.907378747718464,0.90740461025523,0.907422497847355,0.907447945638639,0.907457846868498,0.907471938233697,0.907480015678022,0.907510818804357,0.907524985143663,0.907541173083315,0.907552450339589,0.90755706696963,0.907581763771668,0.907595355541727,0.907606825046873,0.907629457939082,0.907637987176257,0.907649345117962,0.907658329385049,0.90766638522935,0.907679831379728,0.907687649600038,0.907694542105043,0.907711589568106,0.907717352687819,0.90772409373531,0.907734705119526,0.90774589000253,0.907757310434699,0.907763688156434,0.907771394396587,0.907779803896091,0.907791054467644,0.907798513656766,0.907808334716362,0.907811562872123,0.907820805422647,0.90796985701098,0.907975416516251,0.907988824395964,0.907997894939455,0.908007308390813,0.908021619357095,0.908026637185497,0.908031014624293,0.908040860978643,0.908049669797755,0.908058965231995,0.908068422621253,0.908074341579649,0.908082780542371,0.908089658257452,0.908098813865104,0.9081152152246,0.908126920605153,0.90813631238954,0.90813957888817,0.908152495283154,0.908160118673139,0.90816455791956,0.908171698027113,0.908178103419833,0.908187695142121,0.908198095184695,0.908207719799138,0.908216464393506,0.908225241710224,0.908229331357368,0.908237198048469,0.908244453789021,0.908249484774076,0.908261503100474,0.908273570203801,0.908281049262507,0.908285394956663,0.908293991287259,0.90830526600643,0.908312490928923,0.908316815972598,0.908325892902238,0.908333838572892,0.908344020537615,0.908351054921802,0.908356385867834,0.90836377366978,0.90837313293199,0.908380288558399,0.908383807381941,0.908392798850651,0.90840426697057,0.90841350581521,0.908421506519515,0.908434283357585,0.908438353378468,0.908446659294233,0.9084536065708,0.908457195260366,0.908553504002809,0.908557809203089,0.908561150099789,0.908566372665439,0.908577785269043,0.90858315582367,0.908587500254701,0.908593256925863,0.908602385479474,0.908614908339249,0.908624677272548,0.908629415598916,0.908633067588466,0.908641457879262,0.908647840513272,0.908651141258403,0.908654888580966,0.908659429243065,0.908662389862442,0.908667872337101,0.908670877190349,0.908674017544048,0.908677128084208,0.90868089296697,0.908685047928844,0.908686519038638,0.908690570922803,0.908693088483456,0.908696755103594,0.908706094031552,0.908711592439106,0.908712356533337,0.908717650357677,0.908723159131849,0.90872598481264,0.908732043146195,0.908735330646263,0.908737764723493,0.908740391630586,0.908741772069385,0.908744773894757,0.908752202986857,0.908754630602505,0.908756473064162,0.908769754208578,0.908772198550763,0.90877576294081,0.908777937041826,0.908780807972896,0.908784241577084,0.908787443564864,0.908791318467052,0.908792226947971,0.90880020071491,0.908804842636742,0.908805999656661,0.908807237653244,0.908809000564235,0.908810743138752,0.908813032341791,0.908818724763521,0.908821626775791,0.908824495712814,0.908826946459004,0.908830100794038,0.908831730574145,0.90883266949518,0.908836261345312,0.908838414211443,0.908844005725283,0.908845613172826,0.908847143515546,0.908848123755676,0.908849639225572,0.908851001661343,0.90885214801487,0.908854873132689,0.908856185699526,0.908860324998015,0.90886275776317,0.909371736971536,0.909373339200194,0.90938276820988,0.909385190799901,0.909386913826081,0.909388465048879,0.909391931673889,0.909393102095503,0.909394443795285,0.909396207566724,0.909398067398546,0.909400120711291,0.909402066139591,0.909403719857195,0.909404503357216,0.909405413161064,0.909409520439954,0.909412453351121,0.909414872252933,0.90941629620281,0.909421490126163,0.90942267782606,0.909423443733041,0.909423906346365,0.909431233220659,0.909434279138581,0.909435128342341,0.909439717522524,0.909440327738128,0.909441617404482,0.909442909485811,0.909445297091418,0.909446659512048,0.909449593331401,0.909450370924108,0.909451496780678,0.909457344091258,0.909459329736237,0.909459893516433,0.909461223911057,0.909463304678113,0.909464292533693,0.909468101331704,0.9094700829018,0.909472359031632,0.90947294692834,0.90947388678594,0.909474987453432,0.909475350964076,0.909476823393796,0.909477281274059,0.909478455641838,0.909483295912852,0.90948364632057,0.909484225857962,0.909485256363208,0.909486448963884,0.909488328362782,0.909502874101388,0.909504136569554,0.909505911405998,0.909507457209893,0.909508222587979,0.909509715645368,0.909511160732956,0.909513005487922,0.90951507354949,0.909516574773927,0.909530838899604,0.909532151244913,0.909533616212306,0.90953541817143,0.909536197410769,0.909537558073522,0.909538028291745,0.909538797857597,0.909539398036703,0.909539924100806,0.909542215794557,0.909542940987687,0.909543772406688,0.909544257146659,0.90954854175973,0.909549359004134,0.90956112859561,0.909561743695354,0.909566506078555,0.909567573150574,0.909570302217079,0.909571324620964,0.909571788856735,0.909572776940223,0.909573997976858,0.909574966694868,0.909575469845559,0.909577639256103
0.403639524317514,0.420764390338085,0.4208177253449,0.481008020234382,0.48338287372886,0.495851567614303,0.514781037835966,0.514781037835966,0.519188792579497,0.525703895442364,0.526940122323091,0.526994803339394,0.528531603215293,0.528531603215293,0.528533947782994,0.549135791616179,0.555615452053168,0.555615452053168,0.555882820638907,0.556714162621295,0.558986686773768,0.562449859569574,0.577342329864488,0.596355289760292,0.610910057107697,0.610910057107697,0.66506292326897,0.691464608793455,0.693888362553588,0.693888362553587,0.693940268506844,0.693940268506844,0.693940268506844,0.693940268506844,0.695949769849013,0.695949769849013,0.713918067943117,0.713946137336417,0.716372179658991,0.731255611584614,0.738940477353583,0.738940477353583,0.776931932535008,0.784199556491567,0.81320411189088,0.81320411189088,0.82169920872432,0.82169920872432,0.829168901189086,0.829225056870352,0.830730029625979,0.830919656936556,0.837887282179426,0.837887282179426,0.838186607474444,0.839973123233296,0.840377829068775,0.840487712502172,0.858185478904954,0.858185478904954,0.861204420218387,0.861211423383794,0.863810416210617,0.864099615295178,0.869532275434759,0.871693656770511,0.872378081432057,0.872433228298256,0.878034620429287,0.878190075139593,0.878811813124124,0.879083580466627,0.880157070304817,0.880185693884167,0.881459990447967,0.881892389461426,0.882592666777396,0.883157074288905,0.886351908126982,0.886447134908893,0.887816099817656,0.88803920853034,0.888386128421745,0.888458978834963,0.888868167547588,0.888904837202501,0.889828644400125,0.890045617017901,0.890981862989235,0.891138309397423,0.891407402118549,0.891641224540812,0.891965406289316,0.892068627567384,0.892488423652275,0.892978998303887,0.89326535957046,0.893333563267693,0.893547138193136,0.893668231664167,0.894685604535173,0.894744734955516,0.895017400274325,0.895130820520475,0.895991127539094,0.896135691883919,0.896238862063965,0.896407359160418,0.897805590282649,0.897826538176844,0.898009848681183,0.898333908995186,0.899522509457562,0.899630533437963,0.900358119908377,0.900522381568532,0.90183719697604,0.901885485302249,0.901901534175619,0.901988938777672,0.902184312971762,0.902205167728598,0.902299878699055,0.902306114076207,0.902454642614704,0.902466923146714,0.902686970068661,0.902715448130516,0.902811004915359,0.902818756808914,0.902885147539243,0.902898600247531,0.90295145799722,0.90297068036079,0.903051413667763,0.903074888976781,0.903155331670405,0.903172261781672,0.903279137108325,0.90331323498846,0.905582268487787,0.905588237901123,0.905665060171966,0.905680085250071,0.905756580416432,0.905768484843,0.905837256061188,0.905866442675756,0.905956177313642,0.905991383790754,0.906035586403668,0.906048620520347,0.906116064707397,0.906132683410451,0.906198341544408,0.906245722117246,0.906301813647034,0.906335286339527,0.906422016361511,0.906455242155812,0.906514081666302,0.906531651540818,0.906549144396723,0.90657391837726,0.906612327689189,0.906660894207401,0.906701558625869,0.906710803922616,0.906741676588812,0.906761384672512,0.906806427668035,0.906822848072494,0.906839613069863,0.90685523965059,0.90689053603757,0.90690891972438,0.906926869259822,0.906943095400708,0.906958861054593,0.906968280814633,0.906986965163997,0.90700551963303,0.907033557550076,0.907052914335242,0.907071716861995,0.907096547696703,0.90711492404401,0.907132382719159,0.907158124834421,0.907170689706147,0.907189607346586,0.907200529425656,0.907222815611404,0.907233447118521,0.907251525515118,0.907260103438456,0.907271591184015,0.907281889603052,0.907287230028145,0.907299014668727,0.907310989754093,0.907328527991197,0.90734157747918,0.90735407500277,0.907358595964768,0.907367887553363,0.907373986163243,0.907389033753985,0.907399843247229,0.907403657210391,0.907414873314462,0.907425737602888,0.907432854385613,0.907448234010916,0.907463231852144,0.907470814660179,0.907482924064598,0.907494931569241,0.907508300837945,0.907516998480808,0.907526831170317,0.907532470066759,0.907541801165017,0.907549378922846,0.907557268174844,0.907565155294572,0.907574659465917,0.907579176097332,0.90758465941041,0.907590287589928,0.907600316423023,0.907608846019308,0.907617073219284,0.907623892490152,0.907629093632785,0.907638027343456,0.907644382306399,0.907648642991095,0.907660293011852,0.907667454958049,0.907673493146651,0.907677955526759,0.907683139169924,0.907687135351536,0.907692178890946,0.907701059176478,0.907704711277198,0.907709874271836,0.907715855055566,0.907718374362004,0.907724914079839,0.90772827568738,0.907735124539183,0.907737552493854,0.907805108728456,0.907810356857566,0.907812897550931,0.907815691936374,0.907820936194109,0.90782509874105,0.907927633063403,0.907931168220941,0.907935115528069,0.907938394735461,0.907950476235234,0.907951649542414,0.907954136116352,0.907958824839573,0.90796507178357,0.907967957101425,0.907974028415002,0.907976954548039,0.908145500632328,0.908148699993438,0.90815312861423,0.908156745688893,0.908160641489089,0.908162580455275,0.908167627892141,0.908169546164509,0.908172879651646,0.908174651898055,0.908177898861929,0.908179998248725,0.908182692913912,0.908184841932462,0.908186491706671,0.908188018688944,0.908189607187201,0.908194152132736,0.908199540612025,0.908202737952536,0.908205935508847,0.908210347924617,0.908212596111443,0.908216693649683,0.908218642627797,0.908220472012345,0.90822494520905,0.908228119944718,0.908230978924683,0.908232717646432,0.90823560546681,0.908237801581558,0.908240708636076,0.908242894621965,0.90824591336143,0.908247603625627,0.908250127936342,0.908253094863485,0.908254853076059,0.908257881787668,0.908261555731042,0.908263179618726,0.908265078194231,0.908267165635128,0.90826919796742,0.908270694141947,0.908275454587225,0.90827631623946,0.908278689714725,0.908280705622505,0.908281723869109,0.908283649028227,0.908285497118836,0.908288045776151,0.908289885903237,0.908291569970151,0.908293867369982,0.908295648790644,0.90829674958285,0.908298034092765,0.908299066884374,0.908300267790398,0.90830247697522,0.908304746354883,0.9083053985839,0.908306573209784,0.908307282796879,0.9083094648304,0.908310977037911,0.908311951482316,0.908315016184376,0.908316690487535,0.908317912041072,0.908320224954759,0.908322157249934,0.908323887268063,0.908326182791103,0.908327136119314,0.908328882758793,0.908330277442436,0.908331543228337,0.908332198994975,0.908335861278063,0.908338251224799,0.908340219983565,0.908341418606413,0.908342527374557,0.90834366581216,0.908344908557243,0.908346838843999,0.908347941824129,0.908348938700368,0.908350768186333,0.908352419897582,0.90835354596852,0.908355738860678,0.908356575524222,0.908358465449316,0.908359517584253,0.908361809921189,0.908362924835557,0.908365053139886,0.908366249811797,0.908367393488803,0.909764647053792,0.909765924477544,0.909767443965945,0.909768693311167,0.909769325194605,0.909770219061824,0.909772441369785,0.909774125163109,0.909775480524288,0.909776613692716,0.909778074256254,0.909779631544592,0.909780853415604,0.909781671150185,0.909783127050771,0.90978475336061,0.909787047807541,0.909788187005334,0.909790442320141,0.909790675019355,0.909791491846523,0.909792414947734,0.909793886521729,0.909794666336684,0.909796016414384,0.909796826930779,0.909797805147008,0.909798375041452,0.909798870478342,0.909799678770376,0.909800991357912,0.909801739576658,0.909802015674015,0.909804155891374,0.909805318799811,0.909805670400508,0.909806719822452,0.909807653672715,0.909808490035421,0.909809011737884,0.9098096111691,0.90981017626134,0.909810721818377,0.909811121073634,0.909811448658821,0.909812285751929,0.909813162785794,0.909813556523727,0.909814364944765,0.909814518344247,0.909815285587313,0.909816182085345,0.909816738176677,0.909817815677662,0.909818590698718,0.909819842278853,0.909820142151574,0.909820753773493,0.909821536256763,0.909821765298526,0.909822512098451,0.909822810858874,0.909824161239948,0.909824654473907,0.909825219712995,0.909825906745,0.909826514055741,0.909827046431628,0.90982751183443,0.909828785733459,0.909829074327533,0.909829577100343,0.909829897622987,0.909830934424496,0.909831764040292,0.909832179979467,0.909833037856071,0.909833408136114,0.909833834882432,0.909834128466837,0.909834744883477,0.909835383773238,0.909835712011012,0.909836611474247,0.909836883665347,0.909837467968808,0.909837781260659,0.909838577417584,0.90983876027666,0.909839294809659,0.909839399135378,0.909839681274575,0.90984076933324,0.909841695042183,0.909841867248866,0.909842213046344,0.909842817696514,0.909843266958014,0.909843816708106,0.909844152616312,0.909844526237525,0.90984478750819,0.909845028126368,0.909845485548078,0.909845599486046,0.909845923051847,0.909846540257201,0.909847286005168,0.90984811466232,0.909848687185405,0.909849102435793,0.909849687433215,0.909850084631362,0.909851027202701,0.909851186181306,0.909851512948519,0.909852290974788,0.909852483918569,0.90985281811044,0.909853056417207,0.90985318816657,0.909853390361938,0.909853836758319,0.909854366301021
0.39833478550844,0.414360050779747,0.414989867819934,0.41945208270722,0.457886789464525,0.471818999549542,0.539012737535295,0.539012737535295,0.539551807630577,0.539654190097022,0.540391996850844,0.540391996850844,0.577035332769741,0.577489176194694,0.577649254973705,0.577649254973705,0.577675299302509,0.578259138390108,0.590545051911456,0.590545051911456,0.590612165170739,0.590612165170739,0.591660525715295,0.594544926714733,0.620870267651631,0.620870267651631,0.648065440736376,0.654856669608967,0.654856669608967,0.68408075805097,0.686793462510914,0.686793462510914,0.686793462510914,0.687023779577806,0.70359307340313,0.70359307340313,0.721052295086995,0.721057950884894,0.723762584483499,0.724008549393728,0.725365635556872,0.725365635556871,0.735966984782058,0.737907090706775,0.781960134388719,0.781960134388719,0.78376582946641,0.783771540770295,0.784074162528997,0.784074162528997,0.784628116818543,0.795808671004471,0.795887978691895,0.795928100463923,0.79627705237329,0.796291510235788,0.802031956775278,0.802031956775278,0.804474731992949,0.804531721214675,0.807221971111277,0.807468743401557,0.810076196799539,0.810261016118469,0.818363242836068,0.818368048461139,0.821794380490281,0.82330938889821,0.829858954538492,0.829907317592872,0.829953226137098,0.833366915215343,0.839249790884939,0.8414137536207,0.853724403368418,0.854011233319544,0.854703016860226,0.854758848463965,0.858994452700069,0.85899760292412,0.859260539806034,0.860891972516383,0.861312697323612,0.862965927275609,0.863368533169381,0.863369104924221,0.864946691118142,0.86559229088994,0.867200867458896,0.867596375627855,0.871105725337177,0.871410550437703,0.87207520359076,0.872537038016856,0.875400025089727,0.876368552095614,0.878034586167652,0.881857265344421,0.884555957779132,0.884674058086896,0.884754714464498,0.885003719377034,0.886868815232632,0.887042492176047,0.888242889195646,0.888258444922074,0.88842706315781,0.889001125215911,0.889776059111566,0.889776582241445,0.890064197349169,0.890087609908662,0.890441300209327,0.890988158762395,0.891301032437495,0.891718611920321,0.892229393823173,0.892461528194234,0.892708074160536,0.89277966145001,0.892984011156874,0.893436414043182,0.893541290781935,0.894076324422856,0.895229125322886,0.895435111887558,0.895583121023044,0.895882461246907,0.896183148280507,0.89632512634077,0.89767752295222,0.897859745876526,0.897928567152479,0.902803277319153,0.903156149947709,0.903361604193741,0.903774242745988,0.90390911820519,0.904073748141762,0.904306812487144,0.904593875596141,0.904905644266624,0.905075970802719,0.90527866570389,0.905409675907051,0.905661423058623,0.905848504049348,0.905973721956461,0.906111637053548,0.906167856077983,0.906260440836925,0.906404025209039,0.906553193103903,0.90678552250815,0.906943878626444,0.90712662160695,0.907215831279585,0.907407347447599,0.907551884181961,0.907777312693793,0.907824254907732,0.90791873646006,0.908016797187831,0.908068370548525,0.908175625485019,0.90819487807722,0.908329185771575,0.908521441940745,0.908690164563307,0.908742167525536,0.90895200636258,0.909003260230876,0.909170653615269,0.909205593449419,0.909333264707949,0.909408536392568,0.909519028911374,0.909595947988866,0.909696173614644,0.909741754935408,0.909828718522747,0.909845242819125,0.910007593242051,0.910051157002227,0.910147550322179,0.910174954304259,0.910264850539861,0.910301946213169,0.910413064484281,0.910471594616971,0.91056203666464,0.910613429961586,0.910684021682696,0.910715010094322,0.910767418532367,0.910835201091052,0.910894465324818,0.910948677293492,0.911003001825302,0.911031454956982,0.911084195346329,0.911116674166806,0.911190227938537,0.911211264014461,0.911254608612854,0.911286692089842,0.911312134945079,0.911383195641875,0.911424419841433,0.911447671007737,0.911475169378942,0.911494780632594,0.911535170879886,0.911560336634642,0.911603154460389,0.911626045598779,0.911653951406105,0.911671318219003,0.911701780588365,0.911721265908132,0.911736719951067,0.91175498363562,0.911779193900815,0.91179698126511,0.911834597997344,0.91185074383186,0.911869646331299,0.911887940229165,0.911901625032583,0.911906361046274,0.911927999740802,0.91194779377457,0.911971756508564,0.911984873517857,0.912006037198365,0.912017700117684,0.912032522183366,0.912040406895337,0.912051815470226,0.91206099641875,0.912079260503727,0.912095878293817,0.91211392056603,0.912121968362253,0.912130898520164,0.912142752752651,0.912151624417766,0.912162720793404,0.91218002327174,0.912191737096412,0.912202408026926,0.912212990508267,0.91221951988766,0.912235438659925,0.912246735025163,0.912255440824828,0.912263119467475,0.912269219181566,0.912278247665809,0.912286635539313,0.912297042508722,0.912305645598954,0.912315081553379,0.912325710541269,0.912400333304305,0.91240484532777,0.912416534636285,0.912427830868536,0.912433512181024,0.912439552455841,0.912446897593351,0.912452373202822,0.91245905436329,0.912464186898471,0.912475645171036,0.912487137557799,0.912495763220275,0.91249749207543,0.91250559006282,0.912513051190984,0.91252612020767,0.912530317589977,0.91253496705066,0.912542086699388,0.912547940602189,0.912555426345219,0.912563294951357,0.91257000508274,0.91257524754522,0.912582870006165,0.912587544232994,0.912594125865435,0.912598705307383,0.912605537082368,0.912610652899738,0.912618965831947,0.912660910158842,0.912666623362698,0.912673811144992,0.912676983458208,0.912681422312874,0.91268702762806,0.91269540341669,0.912699404300584,0.912704743577812,0.912710988419722,0.912716445333184,0.912720956355653,0.912725736654582,0.912734683237649,0.912739056693696,0.912744230900053,0.912747890207803,0.912752483625057,0.912757095820069,0.912761352285701,0.912765991258407,0.912769427939994,0.912775819149419,0.912783237829145,0.912789414087347,0.912794757736216,0.912801416951183,0.912805760124101,0.912808211663452,0.912811478443245,0.912814826415391,0.912818050709566,0.91282100282852,0.912825765628043,0.912830098177777,0.912834887356448,0.912837211372846,0.912840450611687,0.912845259427901,0.912849205468221,0.912852441415149,0.912855202824908,0.913174334723692,0.91317620968072,0.913180745448798,0.913183620282455,0.913187371569492,0.913189712189678,0.913193828243729,0.913196687299733,0.913198553798981,0.913200783482292,0.913203445503173,0.91320525368117,0.913207508271402,0.913210535218469,0.913212932854522,0.91321499679197,0.913219320827776,0.913223230164661,0.91322402209513,0.913227496530373,0.91323025135772,0.913233477280124,0.913236725386311,0.913240176916562,0.913241538937003,0.913245436808152,0.913248150571166,0.913249782822075,0.913252963375758,0.913254538780378,0.913256417552723,0.91325815903531,0.913259516354487,0.913261389804303,0.913263885853553,0.913267202772585,0.913268542000326,0.913271223747224,0.913274954277704,0.913277463692043,0.913279796338991,0.913282338973402,0.91328589543006,0.913288764711436,0.913292883814011,0.913295140201154,0.913295815661824,0.913299229036525,0.913300487174761,0.913304816374878,0.913307917247879,0.913310726989497,0.913312338726259,0.913314447982423,0.913317077117318,0.913319704485543,0.913323214433188,0.913324857760551,0.913327349014776,0.913329812520306,0.913330614422643,0.913331766920236,0.913333054337211,0.913334387486336,0.91333621388358,0.913337284933766,0.913339933471804,0.913341754299604,0.91334453952678,0.913346374065189,0.913349421081735,0.913351013587475,0.913351425300274,0.913352506281937,0.913356050257621,0.913356950754008,0.913358750718215,0.91335991677871,0.913361720176939,0.91336362927434,0.913366158270827,0.913367183078162,0.913369783826324,0.913372018974839,0.913372932425086,0.913375089333743,0.91337593733433,0.9133769711735,0.913379346401675,0.913381886588378,0.913383445469597,0.913384642490896,0.913387041945071,0.913387736138477,0.913390133342938,0.913393445572903,0.913394412484049,0.913396001141251,0.913396742102857,0.913398126163124,0.913399238603871,0.913400009239182,0.913402332491888,0.91340376296601,0.913404737157296,0.913406433391918,0.913408010126341,0.913409520413253,0.913410309556227,0.913411922917124,0.913414013268567,0.913531742201559,0.913532078245622,0.913533037178678,0.913534267837906,0.91353495870393,0.913535941348648,0.91353696170472,0.913537975901476,0.91353879560033,0.913540028843776,0.913541612561879,0.913542318348237,0.913542932821602,0.913543802545096,0.913545228823589,0.913546104637243,0.913546649993825,0.91354790722867,0.913548943087783,0.913549622693297,0.91355071927237,0.913551311216826,0.913551859373281,0.913552540009644,0.913553211716274,0.913553297372574,0.913554179424527,0.913554859454766,0.913556335291347,0.91355721794449,0.913558376910022,0.913559014779056,0.913622539518919,0.913622909381864,0.913624110691144,0.913708359110045,0.913709478937104,0.913710023966017,0.913711196544118,0.913711478616284,0.913712263975699,0.913713388677004,0.913713832664608,0.913714645238936,0.913715687294894,0.913716166911921,0.91371670005156,0.913953752483843,0.913954345792742,0.91395536294712,0.913956029196755
0.377645270963051,0.390607120821717,0.4287541863398,0.430270975583658,0.479594396956554,0.47988530565344,0.516256309879666,0.516336727673207,0.516484958198186,0.516645572079106,0.518267922917163,0.526040169289547,0.530140834562431,0.532295917398782,0.532349070748658,0.549561879687265,0.551986744873244,0.551986744873244,0.646037394600132,0.646037394600132,0.646037394600132,0.646037394600132,0.656553676860641,0.656553676860641,0.66143517422511,0.66143517422511,0.675572639888702,0.727377891705174,0.728134756523074,0.732013231161125,0.732131415273076,0.733554945084749,0.733845597236001,0.733845597236001,0.73396349777666,0.774744589338844,0.774882150945652,0.775278783098017,0.801881896336028,0.801881896336028,0.802393339546007,0.802393339546007,0.807122592752366,0.807546205148151,0.809671082851036,0.811969120794173,0.831107413592274,0.831383796331471,0.834229266503279,0.83423511869955,0.835526453397409,0.84345802461733,0.855557252887979,0.855627212500899,0.857125943312086,0.870375408258081,0.870627217853168,0.870652851319664,0.873674742891247,0.873711496613102,0.874210415460293,0.874352487452962,0.875167612964551,0.875346864597809,0.877010335284914,0.877101851234618,0.881750794627529,0.881921916070909,0.883696450072956,0.883776771329739,0.884644566494906,0.884711071600663,0.885196725644582,0.885217753890183,0.885534975172795,0.885590192599014,0.888014350532273,0.888174836454898,0.888774432776223,0.889131797777766,0.890954296091704,0.891044736839228,0.891717586191181,0.892088274158687,0.892808545109629,0.892904659623699,0.893113265571006,0.893507474338768,0.893911255963655,0.894034406405273,0.894317627757754,0.894611717564393,0.894750171937186,0.89489699905926,0.895102955716412,0.895154405744357,0.895389742736792,0.895502073795325,0.896511738914191,0.896689781305257,0.89685305608721,0.897098891057726,0.897211293522284,0.89739100578566,0.897659291387067,0.89772746392347,0.897828797191446,0.897989363131938,0.898054950569972,0.898138153678665,0.898432604464086,0.898544917822059,0.898687179909626,0.89932218272559,0.899388087426645,0.899417129674597,0.899608330213033,0.899732217029502,0.899912219773314,0.899979126650549,0.900167863266971,0.900210846166178,0.900362867726853,0.900401095504283,0.900513626878794,0.900545844517082,0.90069348031523,0.900712151283613,0.900856954740252,0.90090693378347,0.901003394347449,0.901035885442889,0.901158811282229,0.9012076754859,0.901256069517558,0.901276439927897,0.901444506129663,0.901460703648392,0.901614776589631,0.901642585801652,0.901722990240651,0.90176747766752,0.901838982269626,0.901862265281362,0.901925112004318,0.9019740052996,0.902085349332393,0.902115167906779,0.902201632127775,0.902240490220028,0.902298343004537,0.902329084528406,0.902415141529258,0.902434980380974,0.90249480092193,0.902522046522671,0.902579024245891,0.902590577213009,0.902645116816074,0.90267429985005,0.902711854923413,0.90272159441598,0.902761818423459,0.902790227248944,0.902824455433127,0.902849263645399,0.902894679759704,0.90291890850277,0.902938528856518,0.902968090784766,0.902998151802428,0.903017460633086,0.903049942190661,0.903075784863949,0.903105754814817,0.903137904953774,0.903165304569566,0.903180812880029,0.903193231747684,0.903211770209807,0.903234385722219,0.903243157440455,0.903265300926179,0.90327831573032,0.903303368802577,0.903314683175284,0.903433108301478,0.903446329423626,0.903460200313349,0.903473999162427,0.903501167908443,0.903513204057058,0.90353604398329,0.903551306813971,0.903569869729737,0.903588732220992,0.90360262088684,0.903612787651759,0.903627665281992,0.903637504249692,0.903653233138201,0.903658847014166,0.903673472834709,0.903684868662663,0.904078954623091,0.904087420710069,0.904097463965978,0.904108322232186,0.904123189753422,0.904133552403003,0.904148244466386,0.904153310501576,0.904160102622255,0.904167802056258,0.904177126206722,0.904181074297651,0.904195901181374,0.90420292553294,0.904211728280828,0.904218897143159,0.904222954365887,0.904232614162064,0.904237742748073,0.904248323178628,0.90426039984966,0.904266869815835,0.90427469792628,0.904283141937052,0.904288263102669,0.904294372848925,0.9043030383475,0.904307360409476,0.904309468778529,0.904315839730028,0.904319920001641,0.904326260248228,0.90433075497032,0.904335347822824,0.904345942526494,0.904349334539537,0.90435671474826,0.904360693136636,0.904367551069964,0.904371666292119,0.904375215396741,0.90438014404543,0.904384040013198,0.904389077039477,0.90439358925923,0.904399416497018,0.90440187798021,0.904407826235419,0.904415067160931,0.904419010601573,0.904426015001618,0.904430185614208,0.904434825058405,0.904440588669832,0.904444001372537,0.904448329006499,0.904451694500185,0.904456429530033,0.904460918898982,0.904464497393229,0.904467430588949,0.904472576906563,0.904478383794525,0.904481312853699,0.904597458607971,0.904600521217488,0.904602169379264,0.904605330808362,0.904606359332507,0.904608684747611,0.904612825160084,0.904617141338326,0.904619689234211,0.90462407729804,0.904660960291955,0.9046645273069,0.90466746383515,0.904670642806294,0.904673955820236,0.904676551014652,0.904678968610226,0.904680684929779,0.904837319531753,0.904839348906358,0.90484379012682,0.904846119594576,0.904889229382528,0.904891503427247,0.904892510514457,0.90489485646335,0.904896588095789,0.904898962830926,0.904899947215453,0.904904063545914,0.904906687409956,0.904909823802323,0.904913715590663,0.904915806396202,0.904917588114004,0.904919832169211,0.904922552612749,0.904925639557465,0.90492702703379,0.90493005999485,0.904932690056325,0.904935298999122,0.904938380129225,0.904940837371268,0.904944117137793,0.90494624308924,0.90494831277347,0.90495019064174,0.904952098351603,0.904954477485746,0.90495590192756,0.904957673666294,0.904960334687435,0.904962395902924,0.904963801281517,0.904964713902986,0.904966441122949,0.904968106947776,0.904969543996834,0.904970939520989,0.904972660421835,0.904974706514837,0.904976787228827,0.904977364521698,0.904979246173359,0.904981193599145,0.904983600269172,0.904985256869905,0.904987516188852,0.904988441262262,0.904989645818152,0.904990436424717,0.904991131022623,0.90499153828011,0.904993729699893,0.90499677993248,0.905127637651552,0.905130023607128,0.905132035973302,0.905133663201092,0.905135128622548,0.905136764591166,0.905137949743105,0.905139014645241,0.905140837222935,0.905141691983484,0.905143279764013,0.905145280160081,0.905145890135223,0.905147499060536,0.905149330889445,0.905150814126964,0.90515186943506,0.905152269147971,0.905153874601481,0.905155375913897,0.905156451133438,0.905157525365315,0.905157908299181,0.905158763919074,0.905159157636118,0.905160653122311,0.90516165848589,0.905162987556209,0.905164194646495,0.905164596237334,0.905165769299667,0.905166856010831,0.905168211948303,0.90516956985039,0.90517067545001,0.905171342321669,0.905173000222491,0.905173703666135,0.905175115652383,0.905175984313315,0.905176890299516,0.905178131150234,0.905179112636983,0.905180033287605,0.905606049802609,0.905607697377442,0.905609170182058,0.905610951008358,0.905612275055128,0.905613045336535,0.905613825035782,0.905615224923639,0.90561625958626,0.905616994559037,0.905618049026508,0.905619946218734,0.905620537619166,0.905621270672129,0.905621876022822,0.905623265732655,0.90562389209686,0.905625281872168,0.90571632295863,0.905717659205184,0.905718720712677,0.90572047005529,0.905721688662691,0.905722389612111,0.90604983766056,0.906050680218428,0.906051331804295,0.906052608193445,0.906052954481427,0.906054039548449,0.906055109672339,0.906055254016451,0.906056245636004,0.906057013334011,0.90605732992727,0.906058027271605,0.906058743974889,0.906059763214596,0.906060398293232,0.906061548090901,0.906062266700807,0.906062985898602,0.906063648498992,0.906064454635618,0.906064634196803,0.906064907712977,0.906065267342138,0.906066677169183,0.906066931723104,0.906067422548837,0.906068096184771,0.906068629075434,0.906068932831443,0.906069583299713,0.909686377105441,0.909686820362321,0.909687184052749,0.909687695039654,0.909688343984858,0.909688646094015,0.909688924318116,0.909689384427117,0.90968978337194,0.909689995250525,0.909690735899573,0.909691169968371,0.909691551207405,0.909691684223633,0.909692611551936,0.909693348262349,0.909693593989332,0.909694377055635,0.909695539761966,0.90969656395649,0.909696835805558,0.909697168047352,0.909697831788832,0.909698561786822,0.909699382266332,0.909699893472549,0.909700616898175,0.909701285813345,0.909701658156258,0.909702166497659,0.909702424799275,0.909702867327191,0.909703243106168,0.909703677076779,0.909868226628847,0.909868731532767,0.90986908463113,0.909869932232948,0.909870224069283,0.909870677077622,0.909871120889979,0.909871466268003,0.909871854007123,0.909872025192704,0.909872428669469,0.909872933875535,0.90987374981886,0.909874046345471,0.909874314240303,0.909874476700798,0.90987481647281,0.909875172148879,0.909875518751589,0.90987605390329,0.909876362062476,0.909876898605242,0.909877385422319,0.909878168207541
0.382369315836811,0.425192636472946,0.4260035511932,0.465573323504971,0.465589145237779,0.467742675206955,0.474872479580306,0.474872479580306,0.504894442454789,0.504894442454789,0.505302807891953,0.505302807891953,0.531719061789528,0.531804461746501,0.540368897142524,0.540368897142524,0.619225509164415,0.619225509164416,0.620293147716077,0.626431262728305,0.642845097046374,0.642845097046374,0.642944523730858,0.642944523730858,0.737451790961963,0.737451790961963,0.737459936964321,0.737459936964321,0.737459936964321,0.737464432908064,0.737464432908064,0.738339231053427,0.738339231053428,0.738339231053428,0.760675052911032,0.765491423690955,0.76556702719865,0.769528698473787,0.781527692223959,0.781527692223959,0.790567297061613,0.790567297061612,0.796377370428634,0.79642865875566,0.796482073492154,0.796506316873652,0.798217148696995,0.804791553684226,0.810963396184425,0.811098261077958,0.833829616480032,0.833856966671926,0.842175855797123,0.842314505919479,0.847690595253758,0.847770616439928,0.847785653442523,0.848969478631335,0.849022057768956,0.849065770391902,0.849229374918169,0.849236903057621,0.8499214284567,0.853289132734883,0.855180956377007,0.855237151397616,0.85537580228763,0.855393233471413,0.855494110447158,0.85576280008652,0.856959730612775,0.857685229859496,0.85777865298434,0.858067639580543,0.869103952116488,0.871528815203433,0.87171755307824,0.871734520212971,0.871994715064945,0.871995720736664,0.874695187391707,0.874742286270222,0.874776330231236,0.87480613543312,0.875022421567248,0.875030113664024,0.87503614330273,0.875054996258444,0.875264285161493,0.87526973940516,0.879965118805671,0.879967293504694,0.880459329522726,0.880459800321616,0.880526957080385,0.8805466796448,0.880812425238892,0.880831866424218,0.880942721266048,0.881037960425321,0.881789780352204,0.881872714930897,0.882215778163134,0.882258542350003,0.882277773162031,0.882279646959173,0.882317864926465,0.882318606110043,0.882349803254505,0.882484702754399,0.882497690892714,0.882576025652837,0.882660414432263,0.88297444013246,0.883754526670585,0.883849808826172,0.892919316322079,0.892936511097331,0.892970122565573,0.892991747956024,0.893032242923552,0.893053979512229,0.893070061145648,0.893080561438022,0.893087154528728,0.893145744557788,0.893155161103203,0.89319716259643,0.893209799733712,0.893229895770627,0.893249422277506,0.893273413414006,0.895018399284199,0.895030738689819,0.895035750762407,0.895127380801124,0.895135055534021,0.895138950128163,0.895141102354539,0.895154161900262,0.895161454260999,0.895170488353656,0.895173695534609,0.895181607244587,0.895204466417483,0.895219121669673,0.895230626169986,0.895250170593301,0.895473967369467,0.895474375075919,0.895502772582764,0.895503119757556,0.895519972193866,0.89552068007123,0.895570088845998,0.895572102675296,0.895643766302783,0.89564430931272,0.895660300569636,0.895662209859605,0.89567568578986,0.895677471213562,0.897353427476228,0.897354475758241,0.897360817763892,0.897365023784226,0.897398923204543,0.897399565988754,0.897434659734388,0.897437350580463,0.897453541785954,0.897454484162948,0.897482305709739,0.897483308711203,0.897509110419128,0.897511641474334,0.897526690203277,0.897532030791388,0.897635142116784,0.89763639874261,0.89765794928123,0.897659212328796,0.897699836472948,0.89770320090288,0.897736430078997,0.897739080909973,0.897748276217861,0.897752388547103,0.897822580875843,0.897824107004246,0.897827423567423,0.897829226409399,0.897833728453293,0.897839493453852,0.897847130733671,0.897848506533776,0.897866033586598,0.897868108562236,0.897883571366946,0.897884328959373,0.897892168843238,0.897894737693164,0.897902607926721,0.897908540739999,0.897909878120248,0.897911220951143,0.897915371652137,0.897919903680788,0.897957436369853,0.897959019556229,0.897962669062017,0.897963645920583,0.8979718241977,0.897972947220993,0.897978221776438,0.897979942058499,0.89798314126939,0.897985168027171,0.897992297180262,0.89799356332028,0.897996876815643,0.897999294148534,0.898004147134449,0.898005565125962,0.898006950184204,0.898010961026339,0.898015796893884,0.898017671281121,0.898020016695133,0.898021553356762,0.898026393435538,0.898027366544005,0.898053749786172,0.898056788013577,0.898057779252868,0.898059301881906,0.898066405305455,0.898067125231354,0.898071700840148,0.898073590171584,0.898077490664601,0.898078400566212,0.898095587051856,0.898096258371813,0.898096821768236,0.898098794327456,0.898112041333369,0.898112848713749,0.898113240004106,0.898114198265966,0.898131545051686,0.8981435117634,0.898159995017204,0.898160584218531,0.898178187421263,0.898178713126211,0.898220153524038,0.89822107514039,0.898221683243012,0.898223193907778,0.898237893170748,0.898238591984601,0.898242482759761,0.898244403597805,0.899008535555634,0.899008871193603,0.899012092371412,0.899933049452,0.899943146235065,0.899944200984285,0.899958557173086,0.89995915764228,0.899960881465494,0.899965633768384,0.899966353360821,0.899968608349678,0.899971382836159,0.899971789998376,0.900008665984106,0.900009314104351,0.900011217619668,0.900012462505968,0.900015054803936,0.900015871997936,0.900028299878339,0.900028505148663,0.90004022463397,0.900040480155181,0.900042903500363,0.900043082076384,0.900045070287865,0.900045747414526,0.900045900368184,0.900046016730554,0.900053512205979,0.900053805847787,0.900057153933581,0.900058028065428,0.900061781727129,0.900062023135748,0.900080735714872,0.900080952235207,0.900092369407121,0.900092788528647,0.90009464218584,0.900095467644903,0.900102853509838,0.900103325429092,0.90010863777202,0.900109622514309,0.900115467980651,0.9001155718409,0.900120084961906,0.900120102261199,0.900120912665199,0.900122899572584,0.900132256908402,0.900132505041784,0.900134088656694,0.900135635563876,0.900139822269873,0.900140584739308,0.9001499286751,0.900150445586788,0.900156930703775,0.900157507224184,0.900166312553951,0.900168499614499,0.900175610088946,0.900177194782929,0.900190230799957,0.900190397133655,0.900382741850283,0.90038682686779,0.900389590301871,0.900390718115384,0.900391864985512,0.900392420990272,0.900401522432495,0.900401548443558,0.900404091197243,0.900404246642875,0.900406155429784,0.900407385027989,0.900449281188998,0.900449432176719,0.900453236749388,0.900455906303078,0.900462910348073,0.900465217533688,0.90046961858245,0.90046997466717,0.900489356438698,0.900569730837555,0.900571150075644,0.900572244653494,0.900577133184723,0.900578149369553,0.900579131478196,0.900579247415116,0.900579644941204,0.900581792265001,0.90059466360298,0.900595779276928,0.900599489103327,0.900600054423156,0.900684565083288,0.900684813864707,0.900687351604947,0.900688716921946,0.900689183089356,0.900689417355714,0.900689962027491,0.900690243394823,0.900751976088778,0.90075204832292,0.90075595469101,0.900839043473395,0.900841448159249,0.900841994807718,0.90084384933667,0.900844391439412,0.900845325504268,0.900845555990233,0.900845744898804,0.900845926007607,0.900846550345828,0.90084703758008,0.900847750698322,0.900848254351394,0.900851790848499,0.90085191905771,0.900852269310914,0.900852475897524,0.900852981831905,0.900853167840382,0.900869970361283,0.900870583406862,0.900885940890125,0.900898309560007,0.90089884634259,0.900901902351971,0.900902658684555,0.900903135225619,0.900903709040687,0.900904562299958,0.900905166081593,0.90090559040886,0.900938549502427,0.900939787381968,0.900939962548587,0.900940355219499,0.900968450382547,0.900969171948291,0.90097315784476,0.900976599312771,0.900993089810376,0.900993125291219,0.900996401377838,0.900996993648731,0.900998611827307,0.900998951790389,0.901006643833942,0.901006960009937,0.901033737133205,0.901053314190156,0.901054008229551,0.901054532582761,0.901055181486202,0.901055245504868,0.901055762163356,0.901056739922602,0.901066468849598,0.901067327483741,0.901067404612658,0.901067546721307,0.901079701908439,0.901079782345135,0.901080616236023,0.901098137448096,0.901099803928568,0.901099929233773,0.901110869780764,0.901111273849508,0.901112371984866,0.901112814053031,0.901140487046496,0.901140811587249,0.90114311519448,0.901143315398463,0.901164452945193,0.901164571887301,0.901166732854936,0.901167253901671,0.901168644506009,0.901168668322031,0.901169243777561,0.901169810858373,0.901172311261675,0.901172342404509,0.901175934114274,0.901176545503705,0.901177962543997,0.901178122102409,0.901197503653324,0.901198122129297,0.901212708296134,0.901212924660385,0.90121348677284,0.901213614207929,0.901214440616256,0.901214608618921,0.901220329485705,0.901220869654462,0.901223744333147,0.901223778152253,0.901229489140789,0.901229818461498,0.901229852451349,0.901230106997043,0.901230704749995,0.901231162384946,0.901239709104082,0.901239909472263,0.90124041273393,0.901241098366109,0.901241748177617,0.901241821708363,0.901245811812052,0.901246931378851,0.901248619251542,0.901249122045164,0.901249374454449,0.901249514677346,0.901262397804549,0.90126281863711,0.901264092487599,0.901264834887634,0.901270524220875,0.901270986860977
0.468886882732529,0.47232508169792,0.473575054895714,0.532138784176158,0.534449151587166,0.534676808856701,0.534907205979645,0.535106955879515,0.603292984135466,0.603292984135466,0.603292984135466,0.60427203739814,0.620796481223369,0.620796481223369,0.63925983220848,0.63925983220848,0.654982022010782,0.654982022010782,0.6562221597146,0.662990120195213,0.668174810938217,0.668174810938217,0.681550012942035,0.681550012942035,0.681619200005313,0.681619200005313,0.688061486992469,0.688061486992469,0.689796199156377,0.690522124517503,0.692356142672557,0.692356142672557,0.722997675116957,0.722997675116957,0.729390912644479,0.732154280251415,0.732154280251415,0.732154280251416,0.755088679343839,0.755255179511465,0.760193263473484,0.760193263473484,0.760193263473484,0.760514751865873,0.785424014643463,0.785424014643463,0.790871490084256,0.790871490084256,0.816756453473807,0.817012509258055,0.817843102037013,0.817877874996926,0.818010844303214,0.818050725656887,0.832945409624243,0.833212199211243,0.834714467743964,0.834837025507313,0.835313159067519,0.835390955601287,0.837147524793833,0.837147524793833,0.838187077423839,0.83821025147509,0.844423577107362,0.844423577107362,0.847765544806386,0.847765544806385,0.849083864033582,0.849083864033582,0.850724380876945,0.863099257680841,0.863134763934864,0.863134763934863,0.863737815532278,0.863759796736871,0.863938639626035,0.863938639626035,0.865728920155985,0.865728920155986,0.868685807878586,0.868685807878586,0.868693062669212,0.874877078372115,0.874879654714888,0.874881071466242,0.876858823326098,0.876858823326098,0.876886464985489,0.881719250931461,0.881792377991867,0.881792377991867,0.881835494490455,0.881840547270303,0.882007824502543,0.882008547460132,0.88216755857841,0.882171115130004,0.88232230783536,0.882328041604684,0.882551440806893,0.882553722022941,0.882557982342153,0.883361121294025,0.883423959423519,0.883460217072619,0.886673220330445,0.886683215589368,0.886697671713444,0.887596586201511,0.888566310177153,0.888568491218586,0.889753676919808,0.8897540219776,0.890517420560021,0.89098931298381,0.891000926549653,0.891001085225972,0.891014012016851,0.891015685116511,0.891025313804807,0.891046593713112,0.891063031347096,0.891073142857417,0.891337481572857,0.891348181226236,0.891378140282438,0.891380596811579,0.891385688832176,0.891399592801729,0.891424736951385,0.891531759858671,0.891935166032775,0.891942368504162,0.891947949406732,0.891960965472695,0.89350807400962,0.893521320639813,0.893534431311792,0.893537329193497,0.893537743698701,0.893539839685595,0.893542310361808,0.893561464091466,0.893913562988175,0.893930008114582,0.894224267550184,0.894228699118361,0.894240459543831,0.894245494259052,0.894249953412385,0.89425071826852,0.894254522884415,0.894257106555801,0.894348035319146,0.894350946428934,0.894920901204149,0.894924045382168,0.894932936980317,0.895393878960934,0.895399825274242,0.89540128021671,0.89540443900881,0.895444132710923,0.896355962299439,0.896421549878198,0.896426151950202,0.896617848202758,0.896691176140714,0.896693060939357,0.896697076432101,0.896815904358077,0.896820211615945,0.896822490417933,0.896828517561474,0.896986199512387,0.897023542300213,0.8970301794798,0.897031162242702,0.897272876311243,0.897277780740911,0.897282697824768,0.897283505570106,0.897287883822275,0.8973214485122,0.897321935275131,0.897328001618553,0.897328850953159,0.89733097371967,0.897331865324847,0.897334418058811,0.897335655157724,0.900174134885479,0.900176069941772,0.900179968254683,0.900181932137599,0.900715112086365,0.900716657053212,0.900718882040921,0.900719997917775,0.900752316958177,0.900752996621551,0.900790057294668,0.90079090724141,0.900793622303309,0.900794602445708,0.900796931108691,0.900798137466715,0.900953592550362,0.900954225972884,0.902916605753735,0.902917015997783,0.902929945748868,0.902930301908157,0.903289228086253,0.903290286389705,0.903955768839589,0.903956380282353,0.903966926097956,0.903967650033243,0.904028356417606,0.904028899586544,0.904368292352874,0.904373625387426,0.904374549802498,0.904375015182535,0.904378439489624,0.904378880819037,0.905203447483352,0.905203743339682,0.905207782561037,0.905208440043843,0.905249037161465,0.905249410628018,0.905337015451287,0.905337340292916,0.90535895119473,0.905359392824007,0.905841519001916,0.905841852135505,0.906230230595818,0.906230924397696,0.906322322176175,0.906323043615419,0.906343145031433,0.906343519393722,0.906343615937075,0.906343995323172,0.90636884232717,0.906369333763396,0.906412502360296,0.906412851034926,0.906560575784166,0.906560783289836,0.90675112442586,0.90675148935668,0.906913750908805,0.906913890862705,0.907200736173376,0.907201191070718,0.907226826640805,0.90722734897878,0.907265464828671,0.907265615094357,0.907280222019441,0.907280379345757,0.907368014366845,0.907368604607301,0.907374602265209,0.907374728545432,0.907582923269497,0.90758300056426,0.907926741131226,0.907926951280777,0.907943447191984,0.90794370671507,0.908143795126328,0.90814395016487,0.908168147095301,0.908168501563471,0.908171755973854,0.908172915252834,0.908177697269058,0.908178279345912,0.90823105872476,0.908231559284934,0.90826619404021,0.908267140076544,0.908312305957079,0.908316002252976,0.908332478132297,0.908334420620903,0.90836361124598,0.908364320060402,0.908375203612005,0.908375983332034,0.908623981351547,0.908624571034896,0.908637166818059,0.908638615734043,0.908647552637389,0.908647856370331,0.908711240969383,0.908714546572278,0.908721154539813,0.908726074098434,0.908729739537021,0.90873218299795,0.908739901761125,0.90874739738587,0.908811685310935,0.908813098026462,0.908814204916013,0.908826638321523,0.908835066419554,0.908862201960137,0.908866574432807,0.908867410052782,0.9089623140045,0.908964902154734,0.910783156074263,0.910788039164023,0.910790395900508,0.910820764499913,0.910826063439899,0.910827626411957,0.910830701984873,0.91083158091253,0.910842129529649,0.910842479487858,0.910846776799422,0.910946060211078,0.910948155746722,0.91094915302442,0.911004627136719,0.911005749073491,0.911388386813301,0.911389038764185,0.911390244863398,0.911391379152487,0.911393249214779,0.911393878234193,0.911571381233561,0.911573121394946,0.911609465687822,0.911611263546106,0.911613162048138,0.911613822624313,0.911617995018277,0.911618321874229,0.911663746973783,0.911665410913646,0.911667028753794,0.911667843691899,0.911724039624174,0.911724345285803,0.911776324612967,0.911776714269322,0.911782894951434,0.911783487891827,0.911784561914716,0.911785593798807,0.911791422776178,0.911792116123041,0.911794198577792,0.911794718130162,0.911795402988501,0.911796279429716,0.911853315677633,0.911854123540826,0.911855856494078,0.911855986834132,0.91185638235994,0.911857424763924,0.911860289129613,0.911861592621676,0.911862454202263,0.911862956892355,0.911925020476611,0.911925616387673,0.91194712778152,0.911947416534979,0.912062064931525,0.91206283582397,0.912145966450815,0.912146351621786,0.912146953277264,0.912148158710583,0.912168457656997,0.91216906990773,0.91229373037663,0.912312330413555,0.912359655219139,0.912359883011087,0.912361016683272,0.912361150498003,0.912379641552137,0.912380267163152,0.912380610826421,0.912381177446857,0.912381434903707,0.91238286001325,0.912383467738367,0.912384120293991,0.912386250689278,0.912386570708325,0.912394992654922,0.912395179324854,0.912401284283183,0.912401999273803,0.912522317894794,0.912522581846893,0.912595236869456,0.912595613000059,0.912596011833315,0.912596281577785,0.912596303020622,0.9125965202553,0.912607651644931,0.912637143316038,0.912725485042335,0.912725806676335,0.912759582271289,0.912759871429191,0.912759895917631,0.912760211673213,0.912913376066695,0.912913613826395,0.912914121475477,0.912914364231716,0.913090111089965,0.913090260634766,0.913127916223477,0.913128221994646,0.913128874457754,0.91312952573032,0.913129676879735,0.913130056486726,0.913144758625507,0.913145043165719,0.913654808830653,0.913655322314417,0.913655337043935,0.913655551519295,0.913657221539358,0.913657364992321,0.913701667708495,0.913702910937105,0.913881736195625,0.913881824600767,0.914285590725998,0.914285758374021,0.914378412156618,0.914379060731281,0.914391497403615,0.914391536255539,0.914436169748911,0.914436217013527,0.914519997713628,0.914520066120409,0.91454087094325,0.914541099389057,0.914541281942738,0.914541523882186,0.914542865648214,0.914542966814322,0.914555470284987,0.914555536811487,0.914626783240274,0.914626789247431,0.914833934791744,0.91483414090074,0.914932974808006,0.914933082336898,0.917609233835748,0.917609309902556,0.917754186747267,0.917754283657707,0.918009320602686,0.918009635563259,0.918163539933976,0.918163620992477,0.918193493050337,0.918193741099984,0.918222519226821,0.918222641827283,0.918262258062204,0.918262325750071,0.918262747314095,0.918263028978874,0.918283508542509,0.918283633284714,0.918283634797191,0.91828366159269,0.91829388980368,0.918293949429704,0.918342603028299,0.91834275891957,0.918348589776566,0.918349418349567
0.402320534784858,0.420429354506387,0.435392217745159,0.44131229515823,0.454861236940803,0.455573084131422,0.469298407293269,0.471147197727483,0.472501877952438,0.472952770842881,0.531239477034956,0.531239477034956,0.532486572054787,0.532899372798059,0.532899372798059,0.572307458072188,0.669733335022633,0.669753253142918,0.670232029110173,0.670232029110174,0.671478491763061,0.671524623514853,0.671579064116698,0.672440456211791,0.672440456211791,0.672782240345271,0.705712199877481,0.705712199877481,0.70571219987748,0.711763615554631,0.711971363161249,0.721059211987961,0.721059211987961,0.72217930671766,0.722772821226873,0.722772821226873,0.722772821226872,0.722772821226873,0.72279311526406,0.724323657907174,0.731486311204004,0.731486311204004,0.731867539891758,0.731867539891757,0.731929288075875,0.731929288075875,0.74237409886412,0.742390084928406,0.744106210926791,0.744106210926791,0.744138334741114,0.744138334741113,0.744555713803822,0.770094155294119,0.777759809342795,0.777759809342795,0.777759809342795,0.77775992616331,0.811240121064981,0.811246461865553,0.811305220977511,0.816359371832256,0.836539301819456,0.836706126812693,0.836912350324744,0.836912350324744,0.837147630308916,0.837299676667304,0.837347037329805,0.8374784496328,0.840300543071035,0.840300543071035,0.84061510648933,0.84061510648933,0.85348037974418,0.85348037974418,0.858461404840021,0.858461404840021,0.860301398724138,0.860304379167995,0.871981019767917,0.871997128876673,0.872049317874405,0.872050866056126,0.873130930521682,0.873131694208736,0.87316727181629,0.873189770831089,0.874246185609109,0.874278214540267,0.874283041299397,0.874284733023506,0.874314008207709,0.874316266092297,0.877186615229289,0.877220371461982,0.877242130341963,0.877264672012145,0.877342760835179,0.877349651758943,0.877386606160232,0.877436627360649,0.878956151324175,0.880014598759962,0.880038497772607,0.880098635708419,0.880140003133206,0.880143929652653,0.880388648790499,0.880393929015725,0.880604414392494,0.880632130165984,0.88063725682541,0.880640293931612,0.881075908581918,0.881097481900949,0.881129973807494,0.881166619648648,0.881282450347024,0.882222501576923,0.882328767048454,0.882339359679195,0.882398489151549,0.882410863950579,0.882476974938274,0.882477121765609,0.882989393153922,0.88299052439226,0.883681863269964,0.884362563059547,0.884572402983146,0.88458729794058,0.886022420745435,0.886058083658123,0.886086842555484,0.886118505480331,0.887196325323188,0.887235913389113,0.889120946684326,0.889122090607,0.889173828748843,0.889209558344201,0.88942585541427,0.889500167943917,0.890150821446669,0.890183634960386,0.890247595329341,0.890253501868726,0.890260806175398,0.89026833919141,0.890272157216387,0.890349068986087,0.890509558499788,0.890530115563867,0.890545758864171,0.890574903078835,0.890639393791555,0.890640367560248,0.890652559157333,0.890695728635982,0.890726440362595,0.890741537181762,0.890988831499686,0.891035244366511,0.891456926355022,0.891472614489883,0.891481857447065,0.891523163895287,0.891526789339018,0.89178048015992,0.892026385732657,0.892805290147655,0.89281587513386,0.892875917441265,0.892942812583621,0.892949971354589,0.8929993266667,0.893282392571702,0.893399248792362,0.893407753788658,0.893738453823473,0.893760273036586,0.893772034738895,0.893779668591893,0.893781039011339,0.893805619428616,0.893807621242312,0.893811944267313,0.893837831359988,0.893864368059785,0.893891335708092,0.893921102540776,0.893921638121953,0.893923939268044,0.893930035150712,0.893930442945017,0.893943617513153,0.89394426891552,0.893958025115527,0.89396484861075,0.893983973942331,0.893984108933113,0.893999514277564,0.89400710286687,0.894026316464661,0.894027152229372,0.894031092132306,0.894040526081603,0.89406761997798,0.894068546489155,0.894082085157855,0.89408947772802,0.894124169603446,0.894128225353958,0.894139420248214,0.894141128553235,0.894150604177487,0.895334847660995,0.895359058874914,0.895362454392978,0.895381966816604,0.895382455572365,0.898761608969118,0.898763190929735,0.898783346674801,0.898784926647914,0.898791629662691,0.898793497971386,0.899624870826004,0.899625421451668,0.899627386774724,0.899628878448621,0.899902833104101,0.899904139184666,0.899906610943515,0.899908524780356,0.899918558889353,0.899919279417191,0.899930772247844,0.899932612959362,0.901053039078942,0.901055807254793,0.901059309640184,0.901066175940649,0.901807168942288,0.901808520916342,0.901811444184978,0.901812458537084,0.901840160333252,0.901841107140202,0.901851273328139,0.901852273693356,0.903270045326577,0.90327185523779,0.903275443206118,0.903277189873374,0.903289783183891,0.903290077801719,0.903292576353205,0.903294315197131,0.903304482997724,0.903305938078638,0.903313901944577,0.903314434603173,0.903471158663228,0.903474718788917,0.903476412935079,0.903478002271953,0.903493278806045,0.903495885919303,0.903499022193344,0.903500639412383,0.903501404333398,0.903502407936594,0.903503331562433,0.903503964485643,0.903507141433081,0.903508135302591,0.903534565383905,0.903535768459243,0.903597915307478,0.903693089201682,0.903698446177119,0.903699611376292,0.903703407433157,0.903703914714315,0.903708749872849,0.903708909668098,0.904609743772001,0.904610541699692,0.90461750998607,0.904618256112219,0.904757304973888,0.904758634484348,0.904760067450534,0.904760553577106,0.904763183444307,0.904763864083262,0.904766390493613,0.904770906144568,0.904772039023045,0.904773177160973,0.904777392497791,0.904779527347106,0.905343989880675,0.905349481644182,0.905349897472648,0.905350939581909,0.905354075278934,0.90535479658818,0.905357530541428,0.90535815564274,0.905914956052628,0.905915677901337,0.90598765497398,0.905988560271523,0.906280235096558,0.90628068045722,0.906324917643445,0.90632766918229,0.906565182160629,0.906565993828879,0.907084230758517,0.907084958068464,0.907086268021356,0.907086981485645,0.907239792448201,0.90724036899636,0.907242697297023,0.90724320097003,0.907260932984985,0.907262184863876,0.907262535246396,0.907262715862786,0.907262925974661,0.907265698915246,0.907295418240936,0.907295991800084,0.907364914206971,0.90736759443292,0.907368243881813,0.907369098176272,0.907424458348854,0.90742632506017,0.907471358470403,0.907472274531944,0.907475464795163,0.907477227537032,0.907479834525414,0.90748061563363,0.907480942030355,0.907481447047465,0.907604829797185,0.907605483341932,0.907606872794371,0.907607040297248,0.907709419615458,0.90771097120638,0.907795000150685,0.907795738190218,0.907796610432076,0.907797771100049,0.907798765082108,0.907798997969679,0.907800370246719,0.907800643645974,0.907807020452417,0.907807886697547,0.907887843841289,0.907888328552965,0.908761654176002,0.908761909656923,0.909100135581792,0.90910101585548,0.909623294684864,0.909625042487006,0.909955580726121,0.909956098904682,0.910004975274125,0.91000594286512,0.910229830087139,0.910229978093695,0.910408464416769,0.910409206592666,0.910459225339909,0.910459849593271,0.910691350203925,0.910692972371702,0.910940143617271,0.910940412027856,0.911049080765893,0.911049437094425,0.911182928163347,0.911184075481136,0.911217730581734,0.911218258664591,0.911241683662952,0.911242518950598,0.911295789302595,0.911295948628672,0.911350542481508,0.911350710295552,0.91146522464626,0.911466990571752,0.911509425339806,0.911509848753091,0.911622080118985,0.911622203458078,0.911630475757809,0.911631268674916,0.911794894849086,0.911796132909669,0.911881158911646,0.91188165391231,0.912054742755861,0.912054892215477,0.912131944353672,0.91213341797889,0.913550689471851,0.913550827916385,0.913741231474523,0.913742308642285,0.914780123203681,0.914780449682132,0.914810460576003,0.914811417400199,0.915143319261172,0.915143385554737,0.915291770140939,0.915292151300646,0.915941219633717,0.91594186099871,0.916005554970359,0.916005666180123,0.916114981001667,0.916115207580724,0.917736923285332,0.917745726080725,0.917814627767034,0.917814815890497,0.917824107673953,0.917824431413105,0.917910292807974,0.917910401447329,0.917983806677418,0.91798385988639,0.918030515360664,0.918031860340052,0.918106811599959,0.918106879420722,0.918322188683091,0.918324292742599,0.91849818715181,0.91849850988735,0.918893810614973,0.918893986785345,0.918903636594117,0.918903847874953,0.918946799464788,0.918947308663643,0.918984789114959,0.918989248742984,0.919018521939106,0.919022808749742,0.919079216605716,0.91908159812589,0.919140181979187,0.919146753338868,0.91917762064671,0.919182762539527,0.919266994104906,0.919282238220132,0.919345791606414,0.919370774053465,0.919409938865412,0.919424498326696,0.919486481762915,0.919499935340205,0.919563715041525,0.919571748013074,0.919619559874068,0.919634851917663,0.919654614189953,0.919670751669389,0.91974054585971,0.919749565242526,0.919777942925648,0.919796992038893,0.919820588938047,0.919845256057815,0.91987192484597,0.919888252211574,0.919905417314517,0.919915620552326,0.919941991369869,0.919952273337846,0.919974440893029,0.920004669752282,0.920020035382871,0.920026219910689
0.398329510021994,0.413967971143932,0.414630073179735,0.415365839106411,0.454167143431192,0.467980322069353,0.483967847020464,0.483967847020464,0.487031954045063,0.495145593951491,0.52223669115743,0.554005394934668,0.56338240211049,0.564279776218855,0.568705576148323,0.575459714599671,0.575571639389193,0.575571639389193,0.590308951115135,0.590529262680721,0.590768021301991,0.590768021301991,0.604205106112773,0.604205106112773,0.613556869608592,0.613711996100109,0.625962796837087,0.625962796837087,0.647343950389215,0.650999391748285,0.670542531082373,0.670542531082373,0.671268667400816,0.697863408816223,0.715480071210549,0.715480071210549,0.724809607777986,0.724809607777987,0.72582519744148,0.72582519744148,0.762770257867495,0.774074274701368,0.800696501435734,0.816719105981825,0.820224297556665,0.820231560845871,0.826334400696504,0.826495437870559,0.828297196780294,0.828333863714888,0.829829026684753,0.82990922611631,0.834340151284078,0.839434819791065,0.847536559921887,0.847559999938918,0.849400578738827,0.855966934693895,0.866378510708387,0.866665239363333,0.867315242796381,0.867356240501921,0.868205709967299,0.868402663087022,0.870001565553891,0.870255682313457,0.87096291076175,0.871626645714263,0.876582609934444,0.87698061535074,0.877854608034068,0.878127406503342,0.878712345037133,0.878998688679126,0.880301490666054,0.880370746363027,0.884877911227348,0.885157698930123,0.885965523568352,0.886188091978626,0.886549400876293,0.887471508491765,0.887995721153633,0.888457810619984,0.889259594204348,0.889369822612407,0.889747326766814,0.890107201776009,0.890424044748541,0.890933999440305,0.892026831464458,0.892058836699521,0.892876629522328,0.893053354732336,0.893194104204105,0.89344962420964,0.894065673702209,0.894390014996032,0.89507279340825,0.89520192966539,0.895368689185112,0.89557805701695,0.895660192268547,0.895864743688424,0.896037879010472,0.896067106128696,0.896226910432767,0.896276807885649,0.896822568679554,0.896999673250867,0.897600603718467,0.897638937758818,0.898538978853379,0.898688001150212,0.898864474214945,0.898935147287614,0.899180962353537,0.899229070500506,0.89939040763079,0.899420423042377,0.899642566526785,0.899698443420714,0.899800464391843,0.899861849535423,0.899994957978254,0.90003643998787,0.900139651399558,0.900182854138112,0.90035642169974,0.900384551167279,0.900620806237827,0.900702130861238,0.900863394650687,0.900942039007404,0.901098537725197,0.901124374414641,0.901226969509129,0.901279061199863,0.902281405140351,0.902314747651078,0.902419903592545,0.902455477465598,0.902552303893632,0.902578666695334,0.902628495031707,0.902692947135652,0.903050975281547,0.903100835368755,0.903201328327901,0.903230372264169,0.903255092012917,0.903304048243354,0.903378045025225,0.903407026308768,0.903470853925184,0.903497790710337,0.903538804677964,0.903552141484166,0.903704400860082,0.903723343502242,0.903756095140575,0.903777153923092,0.903803446908919,0.903817614889002,0.903876740245021,0.903891250604598,0.903921497340325,0.903947106805734,0.903968593049263,0.903994995581368,0.904029361802197,0.904041263217655,0.904137883869795,0.904150894379962,0.904175148371972,0.904193473630128,0.904212603454097,0.904226827943602,0.904249189108982,0.904274698681504,0.904557695169167,0.904799207688177,0.904811433216867,0.904828598882346,0.904844019485362,0.904853040693896,0.904869491641559,0.904884406246016,0.904898525312833,0.904913570767034,0.90492514565561,0.904942344318066,0.904953879400527,0.904966990283579,0.904981081246884,0.904988239480535,0.905005839960375,0.905013442049922,0.905030022823064,0.905043341388627,0.905053110024679,0.905061958773136,0.905074703828238,0.905090676884583,0.905105666905934,0.905112678799239,0.905132232643535,0.905137424753094,0.90514559835924,0.905155737246601,0.905181256021749,0.905186801222993,0.905197024963455,0.905202872604546,0.905207410163921,0.905215724063406,0.905238431509582,0.905246604956887,0.905267806578896,0.905273326705851,0.905276933228662,0.90528550410486,0.905296902205708,0.905299767087108,0.905306930236258,0.905309374674631,0.905447505411338,0.905451769622728,0.905463149315705,0.905467227662196,0.905470803303035,0.905478262105153,0.905482337308326,0.905489098120072,0.905495746428664,0.905503123532489,0.905517550739871,0.905523464271686,0.905873914938209,0.905879590922966,0.905882001973887,0.905893106979733,0.905900342199678,0.905902824866952,0.905914770181074,0.905917457685805,0.905924967561087,0.905929738110478,0.90593354522849,0.905937148802651,0.905956711460794,0.90595999422042,0.90596309472237,0.905967946937922,0.905972019914457,0.905979309811209,0.905985166030631,0.905987332102533,0.905997957629775,0.906000764216047,0.906006918484533,0.906012952325146,0.906017473247697,0.906024696674794,0.90602844362911,0.90603155591204,0.906880632061204,0.906882997492218,0.90688677730904,0.906892435248641,0.906899595376025,0.906903075587403,0.906909247792405,0.90691436104673,0.907031277232048,0.907033412304502,0.907047019278338,0.907050710472729,0.907055051153549,0.907060061319351,0.907067937583785,0.907069626589356,0.90707676750478,0.907082811033669,0.907084863038084,0.907086842144597,0.907093071599552,0.907096595428545,0.907099839921272,0.907103894837018,0.907107423616154,0.907109688711921,0.907140122622239,0.907143598139273,0.907146393433591,0.907147922353473,0.907150469772949,0.907152714965508,0.907160595704223,0.907162802761158,0.907165148239724,0.907167876006709,0.907179192290455,0.907181951102749,0.907231848497433,0.907234340064661,0.907255988448158,0.907260357525497,0.907264569073619,0.907268220195283,0.90727231232087,0.907278649198174,0.907285784325782,0.907289531692446,0.907291661928339,0.907293866483355,0.907296222863242,0.907301215432772,0.907303418957091,0.907305811219373,0.907308328435117,0.907312144952807,0.907314828897436,0.907317060275983,0.907320056454978,0.907323163857304,0.907327760993114,0.907329363672061,0.907331483520986,0.90733384162915,0.907336497590649,0.907337673347537,0.907339989101856,0.907341432113456,0.907343007227988,0.907343682653334,0.907862575260904,0.907864367216481,0.907881874639826,0.90788413298543,0.90788618955046,0.907887747222769,0.907888142708334,0.907890022703058,0.907891363223447,0.90789233854365,0.907894301918073,0.907895933693634,0.907897573834597,0.907899281397356,0.907900999254555,0.907905260762778,0.907912400282763,0.907916410042432,0.907917113560311,0.907922917563612,0.907934255414209,0.90793583631032,0.90794450850731,0.907945783085461,0.90794782009503,0.907949399832157,0.907951748445747,0.907952925596694,0.907954068444232,0.907955448841127,0.907957746394347,0.907958847197739,0.907962455440529,0.9079646359901,0.907973163575869,0.907975226305481,0.908027227410634,0.908032147134929,0.908033522407111,0.908034373322555,0.908034675721814,0.90803485898156,0.908036809609049,0.908038327902288,0.908044864087123,0.908046908341064,0.908047973679007,0.908048460659522,0.908050935958576,0.908051659186459,0.908054728024813,0.90806155195878,0.908063132456277,0.908063351866276,0.90806565361319,0.908066937145719,0.908073876327276,0.908075809231781,0.908077265633288,0.908080696187162,0.908081181340554,0.908081939636519,0.908082955850942,0.908085138741376,0.908086248161291,0.908086725626975,0.908086983455752,0.908087711879593,0.908089182588908,0.908090673334303,0.908109087589827,0.908109892272225,0.90812721898807,0.908127816807649,0.908128633313319,0.908129163381141,0.908131612940748,0.908132730734706,0.908139305495935,0.908144139903742,0.908145256370176,0.908146516704962,0.908173849593436,0.908174727935525,0.908175879675302,0.908176534538686,0.908177058641989,0.90817767943798,0.908359997751024,0.908360334677762,0.908367121215788,0.90836781584931,0.9083683513686,0.908377277315031,0.908379870620157,0.908380927071865,0.90838264930963,0.908384018954988,0.908384975776531,0.908385675913846,0.908387157773909,0.908387262893266,0.908390570718076,0.908392235015471,0.908392442427205,0.908399342373223,0.908399604761813,0.908400136486919,0.90840045572266,0.908401893832395,0.908402453887491,0.908404575877164,0.908405299985172,0.908406346839446,0.908406643374027,0.908406955785099,0.908407198678653,0.908408432309888,0.908409551381772,0.908409595132328,0.908410489510133,0.908411582515429,0.908415148148755,0.908415259210369,0.908415726084856,0.908416703760179,0.908418153926002,0.908419960512901,0.908420770470352,0.908421033163923,0.908437664678137,0.9084382725474,0.908461638049513,0.908461912830906,0.908465072673804,0.908465615101797,0.908646104464507,0.908646365030882,0.90865024014081,0.908653928768766,0.908654312572985,0.908654535380025,0.908654631964252,0.908655300703946,0.908656100882342,0.908656702705885,0.908656935581888,0.908657318124098,0.908657540774553,0.908658002196806,0.908661288793214,0.908661925576828,0.908661997405779,0.908668853243509,0.908668949046289,0.908669345003807,0.908669494285891,0.908669969057864,0.908697798486546,0.908697973438998,0.908713966506458,0.908714428814917,0.908716006533007,0.908716123701839
0.392779578826343,0.417995950881512,0.423029297488782,0.456849666814725,0.460024749321514,0.46337616497284,0.485543809386268,0.485591989772533,0.486864797068429,0.492812590712923,0.494379845611182,0.494379845611182,0.495236824339857,0.520530562720122,0.555798074021309,0.555896762827918,0.5798584926791,0.5798584926791,0.596287052350924,0.611527120317384,0.611527120317384,0.611527120317384,0.638296092571716,0.638687681296171,0.638886914718973,0.638886914718973,0.644222295872891,0.644222295872891,0.644222295872891,0.65291667391206,0.653171057256305,0.660723426096788,0.665119858718418,0.665119858718418,0.669062942442234,0.669062942442234,0.669212375709181,0.669243465100732,0.672710023816221,0.672710023816221,0.728728161176563,0.747225085170572,0.786533293707858,0.786533293707858,0.786572414653935,0.786572414653935,0.788564383886384,0.788564383886385,0.788564383886384,0.788564383886384,0.788567846271518,0.788567846271518,0.788567846271518,0.789292909012094,0.789292909012094,0.789292909012093,0.798961846203314,0.798961846203314,0.807362266165035,0.807362266165035,0.807431830073204,0.807431830073205,0.807479402674772,0.807479402674772,0.807498338013304,0.807498338013304,0.807498338013305,0.807498338013305,0.807516248966347,0.823848667446922,0.823848667446922,0.823932374979634,0.824094025332076,0.824094025332076,0.824094025332076,0.824229571814177,0.824229571814177,0.824229571814177,0.824239304368387,0.824239304368387,0.824272652880729,0.824272652880729,0.824448843576029,0.82506919452183,0.82719086368993,0.82719086368993,0.829584145032816,0.829584145032816,0.833259452557142,0.833259452557143,0.833332755451628,0.839482716440533,0.839496654292586,0.841932648238371,0.842254717366671,0.842254717366671,0.848403567004855,0.848403567004855,0.860926354939899,0.860941984644,0.862002271945127,0.862002271945127,0.862002271945127,0.862002271945127,0.862016290268685,0.862016290268685,0.867125753050745,0.867339145827774,0.869401070330929,0.873103265082254,0.873220791278275,0.873220791278274,0.873328240258006,0.875392624583433,0.875544844399512,0.875547277654567,0.87621568624208,0.876223070267525,0.883997918524864,0.883998788347225,0.884017053319113,0.886086918623994,0.886339180492199,0.886577717199705,0.886606380271433,0.886606717840803,0.8866781762548,0.886751164750494,0.886885513183096,0.889025338208996,0.889132441570034,0.893866345994449,0.894179270179355,0.894180755204051,0.894455859767829,0.894463147071711,0.894628283332677,0.894831744948594,0.895841407293548,0.895865241469332,0.89857546376168,0.898589029841158,0.898910651298251,0.898932477528852,0.899101723838042,0.899111672088392,0.899266310545012,0.899369009696658,0.899496100132924,0.899811117361866,0.900156019335074,0.900173013880652,0.900401689153283,0.900488553773175,0.900747446044169,0.900900438039927,0.900989604681908,0.90109374256819,0.901275461652608,0.901514446025929,0.901788749059649,0.901842196865211,0.901976810788975,0.902187172512575,0.902311789858377,0.902374228076979,0.902505689582261,0.902602216170512,0.90274922395955,0.902901104232105,0.903045639415662,0.90320574753761,0.903310664515962,0.903405475697223,0.903605866952966,0.903755755085877,0.90380079228297,0.903896428012391,0.904013554288383,0.904073001210068,0.904275233255596,0.904323712962554,0.904397081993286,0.904502582641637,0.90470952872666,0.904894694149637,0.905013881162325,0.905146940692149,0.905156278982163,0.905263479801211,0.905283309372832,0.905327282690276,0.906343157174541,0.906386645302355,0.90649670184123,0.906497864716643,0.906623432416955,0.906645744812497,0.906772780469857,0.906778191304322,0.906901985015257,0.90693178113223,0.907250013950895,0.90725596573599,0.907520213520298,0.907567041309957,0.907755945065024,0.90778402805785,0.907859819003451,0.907899689808325,0.908044478744014,0.908064038773607,0.908136416304145,0.908161374926056,0.908200654238975,0.90823324090693,0.908304573175652,0.908318634048719,0.908370759331068,0.908379736181191,0.908444116345227,0.908498764054316,0.90858667579857,0.908597867461268,0.90869503647854,0.908715667991571,0.908832365353938,0.908858902789975,0.909044772258915,0.909072989918089,0.909127776314254,0.909155750271077,0.909224413003083,0.909248637600095,0.909296190202905,0.909310750404907,0.90936810336767,0.909381703524262,0.90943445369734,0.909451101401143,0.909480529694142,0.9095062635882,0.909590923494862,0.90960526893957,0.909703290060149,0.909716962248742,0.909785894912352,0.909811768927172,0.909837758108422,0.909847183689609,0.909858617917769,0.909869536398697,0.909886939802824,0.909894602937851,0.909910249225408,0.909942278955405,0.909971742827356,0.909987848784617,0.910025147604756,0.910036355874994,0.910233028698644,0.910430646644693,0.910455226129344,0.910466895496728,0.911424153599413,0.911437649752603,0.911448748907664,0.911459215171145,0.911473801771509,0.91148660977141,0.911519981990376,0.911535124194337,0.911558552577076,0.911566426401233,0.91157735213063,0.911589843794569,0.911607753128722,0.91161749808748,0.912155928325848,0.912160460830514,0.912182308033389,0.912187772585907,0.91228985501049,0.912301336823832,0.912309664675105,0.912325854712823,0.912328837075437,0.912341506261444,0.91236233240663,0.912376939616711,0.912393118152055,0.912400685172259,0.912411545500022,0.912422059648552,0.912434860533496,0.912443877663179,0.912454630420625,0.912476316718986,0.912492275961632,0.912505479820989,0.912527463408859,0.912543196880988,0.91255982595248,0.912581510598519,0.912588146345324,0.912592488082754,0.912604309692065,0.912614219426756,0.912620305118692,0.912638083205841,0.912642934160729,0.912659850231982,0.912672416752805,0.912683227860201,0.91270608735684,0.91270761648462,0.91272311554056,0.912725475027976,0.912774713857016,0.912777210214835,0.912789779521946,0.912793298087626,0.912797956530497,0.912805669886023,0.912819889821816,0.912828205176326,0.912839224265746,0.912844666371208,0.912848149290002,0.912856527622915,0.912868245270466,0.912876221219879,0.912884560463746,0.912888894751412,0.912894373822962,0.912896933681526,0.915871519816294,0.915875692582632,0.915879398248227,0.91588590535653,0.91588963604959,0.915892004684733,0.915895382265411,0.915898312151044,0.916178245526587,0.916180881281012,0.916184643487594,0.916191470112071,0.916194914927519,0.916199736909081,0.916204293776325,0.91621048241299,0.9162181580065,0.916223801207305,0.916229774747632,0.916236248784973,0.916239408267857,0.916242609542387,0.916252345722259,0.916254151995107,0.916259954622814,0.916263058101788,0.916272018000594,0.916276241609525,0.916279250362821,0.916284425086742,0.916289506246969,0.91629609894246,0.916304369236298,0.91630785750137,0.916387816469794,0.916392972209035,0.916393946470176,0.91639928726823,0.916401420401467,0.916405095915508,0.916406399195273,0.91641353578744,0.916415674495857,0.91642108719172,0.916426326351707,0.916431337471571,0.916435573516425,0.916439757072977,0.916442363559104,0.916444954833303,0.916449288006893,0.916451737311911,0.916455142056919,0.916456125459153,0.916457604071183,0.916459384214141,0.925286364368819,0.925288296682792,0.9252917495149,0.925293491415379,0.92542832551154,0.92543043278127,0.925432535453112,0.925434313335025,0.925436882099273,0.9254418039604,0.92544406123582,0.925445272294403,0.927046653467639,0.927049189233489,0.927050126008882,0.927052303059521,0.927053538607941,0.927058076164176,0.927060454385723,0.927063176584177,0.927064759484848,0.927065789434454,0.927099148584412,0.927102023617797,0.927111163236255,0.927112959493287,0.927115091032399,0.927115612279733,0.927116765119894,0.927118455307078,0.927163504432321,0.927164906831035,0.927166978020319,0.927170406568453,0.9272037293201,0.927207560281607,0.927209484513682,0.927212806740935,0.927213782875144,0.927215415063328,0.927216196298464,0.927218540602759,0.927219390751152,0.927220824179404,0.927221771097104,0.927223081609722,0.927223739836761,0.927224501068059,0.927226227787666,0.92722708920312,0.927445674307236,0.927446459531975,0.927446667544257,0.927448587313092,0.92745017402579,0.927450756258912,0.927452371136335,0.927452935754637,0.927454324947989,0.927457344676513,0.92747986074428,0.927480611197638,0.92748924461445,0.927490537394248,0.927491958662971,0.927493562313336,0.927494519231954,0.927495886625195,0.927497149540941,0.927498754833816,0.927499538138259,0.927500839537472,0.927502305006975,0.927504796602236,0.927510747738456,0.927512225919357,0.927516155733724,0.928013685233755,0.928014539704262,0.928015785677494,0.928018854398921,0.928019327170503,0.928019813704805,0.928020886748986,0.928021549799432,0.928024668338584,0.928057633136765,0.928058817570412,0.928077546673604,0.928081230214939,0.928081717080853,0.92808240411357,0.928083837162873,0.928084282636924,0.92808807267233,0.928091926042973,0.928094300280389,0.928094675758522,0.92809514832594,0.92809588381187,0.928096924359738,0.9280974101747,0.929393046571715,0.929395116586709,0.929397562651142,0.929397821371604,0.929399710092432,0.92940097965388
0.407798493310692,0.431499493502296,0.468355544033882,0.468938448299749,0.470481810825569,0.47064638572832,0.472422226253955,0.474920518695337,0.494683985106193,0.494683985106193,0.506473002413802,0.506473002413802,0.511746938639447,0.511746938639447,0.550702526308407,0.550702526308407,0.558072936208834,0.558734744211086,0.623463449651253,0.67908048442899,0.696323812711453,0.698111181661623,0.700885817123026,0.700885817123026,0.765258143211134,0.765258143211134,0.766961807417088,0.767795734498422,0.773713447543039,0.773713447543039,0.775106409185273,0.775123193111056,0.775993244712903,0.775993244712904,0.777140772830451,0.777140772830451,0.777986161120509,0.778165765658888,0.790611822701593,0.79170628705866,0.79365653488795,0.793669589273395,0.809750339151843,0.81381175202524,0.815536780179876,0.816288634494477,0.817448910096883,0.817448910096883,0.820031775948095,0.825560182712777,0.827402556177998,0.827905325428,0.830433221054405,0.832274899430904,0.849783469079446,0.849874107998446,0.853743760435367,0.867325155204519,0.873582539779698,0.874728432669321,0.876819213971971,0.877043328988078,0.881361748203941,0.881567051433533,0.882211789957575,0.882413711690378,0.892271897928476,0.89260189977416,0.893770769045651,0.893895036624444,0.897030951598487,0.897365341651157,0.899398710314912,0.899557275170659,0.901922022386362,0.90201974159885,0.902575447281596,0.902779169695775,0.905206255817099,0.905366356466495,0.906828563318711,0.907033701649631,0.907781668484784,0.908262140362999,0.908848369907355,0.909035103501683,0.909638754567223,0.909859697583775,0.910579551074055,0.911098056662997,0.911534652437427,0.911972597845737,0.912286974033816,0.912599251607361,0.91311370044259,0.914883401981214,0.915167756562836,0.91549245842986,0.915783455646978,0.916210221510812,0.916504795726662,0.916756383627656,0.916828997288258,0.917266115620641,0.917453765315583,0.91766812687251,0.917728986760998,0.917806835519757,0.917928843491378,0.918200353181836,0.91827447374944,0.918401246053928,0.918627609318875,0.918672999953832,0.918849968634414,0.918899654013959,0.919093410164942,0.919127436199776,0.919436658421674,0.919480035350798,0.919674696423606,0.919711354017766,0.919895845306429,0.919917537037428,0.920205571220926,0.920315056727043,0.920719693287157,0.920763680745204,0.920969928616623,0.92101570242119,0.921266605129322,0.921327297569585,0.921465947476901,0.921486986890647,0.921586276738832,0.921620791630388,0.921774543175997,0.921823470530909,0.921964588275903,0.921988462938154,0.922097592260471,0.922137521571263,0.922258338625154,0.922298160428421,0.922385292240924,0.922424502855449,0.922541491735681,0.922589896694889,0.92268769001591,0.922749958691553,0.922791596440204,0.922842731261221,0.922920139710268,0.922965086125793,0.92302448806023,0.923086925349899,0.923150828775919,0.923173824565458,0.923217939796009,0.923264295645692,0.923325983816352,0.923358082310817,0.923423108840488,0.9234417121996,0.923472953914393,0.923493342795265,0.923539763523283,0.923557893654998,0.923604095718652,0.92363259247048,0.923669714884152,0.923691133787933,0.923714019326382,0.923746253993439,0.923777903654003,0.923800788936389,0.923830309722068,0.923866015107247,0.923891308116157,0.923916221683282,0.923938630843269,0.923962189804749,0.923981795632286,0.924009480867486,0.924024361055157,0.924033173197754,0.924054671002531,0.924067485226016,0.924090022614904,0.924114721841154,0.924128666336437,0.924148113439977,0.924162941278975,0.924173428027964,0.924190422897673,0.924201242323876,0.924222067882447,0.924241914612928,0.924262995177658,0.924273318890301,0.92428896774594,0.924298513723383,0.924308703959695,0.924320646329213,0.92433533158727,0.924348580300497,0.924363845489875,0.924376689414963,0.924388629353472,0.924397523018564,0.924408769970549,0.924422990567935,0.924434270166395,0.924442722847704,0.924454275289947,0.924467888597846,0.924482995846998,0.924487375675253,0.924500969247778,0.924511075982574,0.924522449993645,0.924533953489982,0.92454953882493,0.924558889134145,0.924566549507583,0.924583150160075,0.924595366010948,0.924603913671888,0.924611102579909,0.924617740058043,0.924625960364392,0.924633804606322,0.924643601536839,0.924656865570466,0.924664203590467,0.924667380785034,0.924672731308544,0.924679151578235,0.924689751837249,0.924694038158863,0.924700675429257,0.924704650865226,0.924708955754526,0.92471637871961,0.924723436265962,0.924729239363567,0.924736614831068,0.924742725444186,0.92475013999364,0.924754440031993,0.924759797698804,0.924764213681751,0.924772115334691,0.924775619965444,0.924780835046154,0.92478746794736,0.924794531485984,0.924798450574997,0.924804236587982,0.924808782131058,0.924897099632263,0.924900768467961,0.924906206660247,0.92491075217589,0.924915099361339,0.924918709211519,0.924925532824098,0.924930763130631,0.924934258908127,0.924937807280836,0.92494493241642,0.924949932581772,0.924953248820772,0.924958667841185,0.924964518879841,0.924966961647497,0.924971449243892,0.924974470518195,0.92497960124111,0.924985177787751,0.924986908901774,0.924989198634652,0.92499359871414,0.924996332864898,0.924997957998037,0.925000738029211,0.925017159778722,0.925019405517843,0.925022216647828,0.92502544258227,0.925029141286469,0.925032215093386,0.92503456288093,0.925036356774942,0.925037681685558,0.925040198981645,0.925042820238653,0.925045830396407,0.925047406733085,0.925049226817182,0.925051908385398,0.925054971458293,0.925057299049324,0.925058991525577,0.925060895189114,0.925065919585769,0.925068852735002,0.925071107534826,0.925074135606089,0.925076805048657,0.925078229871348,0.925080214135436,0.92508316574542,0.925086178947945,0.925088396691332,0.925091589888566,0.925093807365387,0.92509611748785,0.925097644049662,0.925100192180237,0.925103051013909,0.925103644951779,0.925105346826328,0.925106206978817,0.925109348647658,0.925111275707034,0.925113745863654,0.925116783289825,0.92511929227274,0.925121093571985,0.925162575899341,0.925164702806463,0.925166261380657,0.925168196806986,0.92517057951514,0.925172893347386,0.925272438112636,0.92527558747213,0.925277408692518,0.925279752646498,0.925281302760868,0.925283302243177,0.925285561818487,0.925287159338913,0.925289404782996,0.925290533882616,0.925293911666376,0.925295688681409,0.925298434598434,0.925298817175938,0.925299911920677,0.925301012018232,0.92530294303216,0.925304633419035,0.925307098603398,0.925307876189885,0.92530916591948,0.925309786160524,0.925311153260765,0.92531200975993,0.925313215094838,0.925315316781926,0.925317257809001,0.925318480933842,0.925319538235689,0.925321055989238,0.925321797645188,0.925322731835991,0.925324413657099,0.925325111394731,0.925326807922941,0.925328107238774,0.925329473339613,0.925330750422752,0.925331906312315,0.925333681108465,0.925334527147128,0.925336461622288,0.925339163949117,0.925341063176265,0.925342758278194,0.925344849876552,0.925347032390338,0.92534811713362,0.925349968614919,0.925352392070478,0.925354298157825,0.925354971325842,0.925355809356221,0.925357276668064,0.925477177865037,0.925478899965286,0.925480304789023,0.925481121689556,0.92548164736299,0.925483524282959,0.925484371505084,0.925485579641168,0.925486724428804,0.925487950181734,0.925488490838446,0.925489593625998,0.925490740962071,0.925491726119181,0.925494281808247,0.925495338108219,0.925497291878389,0.925497973559677,0.925498735812642,0.925499602406415,0.925500595740691,0.925501959262461,0.925503358143857,0.925504258801527,0.925505063676295,0.925505963798983,0.925507123734172,0.925508218260486,0.925509051594712,0.925510854232845,0.92551151047077,0.925511939796382,0.925512648479142,0.925514544334725,0.925516207571025,0.92551700775822,0.925518155570655,0.925520146042838,0.925521335601776,0.925522510284184,0.925523540141352,0.925525186884299,0.925537632674476,0.925538385352115,0.925539229087916,0.925539530422546,0.925541802675031,0.92554251483435,0.925543821815287,0.925544343969432,0.925545057726688,0.925545405273051,0.925546604404452,0.925547524668873,0.925548412968038,0.925549145758502,0.925549611470778,0.925550532117575,0.925550929648117,0.925551515429277,0.925551863264171,0.925552620862813,0.925553714269959,0.925554318105419,0.925554724359882,0.925555689817687,0.925556439819154,0.925557071388954,0.925557295649619,0.925558181121694,0.925558546307533,0.925559378236428,0.925561084518729,0.925561519383489,0.925562119341102,0.92556242734084,0.925562732705952,0.925564236533211,0.925564663487204,0.925565511205216,0.925565988339964,0.925566896533985,0.925566971745531,0.925567303875541,0.925567453309678,0.925567981398241,0.925568589234377,0.925569187863094,0.925569661294361,0.92556998323411,0.925570202948795,0.925570648032653,0.925571376273944,0.925572188638895,0.925573330577905,0.925574071627155,0.925574710655786,0.925574978327554,0.925575327893074,0.925576059337704,0.925576311120959,0.92557678936817,0.925577333984259,0.925577750440267,0.925577997887878,0.925578376333872,0.925578941501929,0.925579304124878,0.925579890529234,0.925580330438699
0.367078098962023,0.451301395849512,0.492934468404108,0.495502737894875,0.502891636436431,0.502891636436431,0.506113282459315,0.506113282459315,0.513054121091658,0.513054121091657,0.560236961826056,0.560267448264443,0.563211383422915,0.563211383422915,0.580548001963939,0.580548001963939,0.613670845069368,0.614435865632547,0.614453175315368,0.614547237048995,0.628119110676232,0.628119110676232,0.631033176592839,0.631033176592839,0.631151863896286,0.631152641722813,0.631404676044767,0.640379780706755,0.640645838830265,0.643246679650206,0.70957333911117,0.709618273083095,0.771333157934624,0.771996021358027,0.772726139270816,0.776207881313802,0.77625968959316,0.776259689593161,0.777698929236299,0.777702492952208,0.779097484856178,0.779329501108579,0.7913891934695,0.791748970347382,0.794392550327889,0.79439371215299,0.805460438279625,0.805696114950702,0.824711295425741,0.825489058867635,0.826650131002067,0.826796426477177,0.828455094413706,0.828510000561028,0.831011291077662,0.831168215221308,0.839317954155347,0.839818031680856,0.841069221935089,0.844790223634173,0.860667401538063,0.864688117110536,0.866487024994367,0.869425135243422,0.870271873390322,0.875954256619223,0.877744947502062,0.879476084983537,0.880191057518999,0.880297737542548,0.881411494714797,0.881499573700027,0.882141009216835,0.882549198866448,0.883630377887895,0.88391636307625,0.884406021228221,0.884612700385364,0.885245893788431,0.885515765132709,0.886267294088215,0.886506703550341,0.887050147118664,0.887250165057192,0.887604228134389,0.887755765998752,0.888138260599595,0.888456852640231,0.888862606570295,0.889114142236715,0.889448953732609,0.889578812190467,0.889795706308902,0.889985661051417,0.890208955097847,0.892174799353779,0.892452082854323,0.892565873821353,0.892724159479273,0.893556328681851,0.893701787147626,0.893785906962361,0.894018458718528,0.89404944957109,0.894380865570725,0.894397798581604,0.894631795855851,0.894665021300322,0.895033593688556,0.895054412490107,0.895190919181935,0.895258890027038,0.895464029078772,0.895510231826821,0.895643380611409,0.895714786670394,0.895904768825325,0.895985174184821,0.896196049123148,0.896257569092597,0.898214817192236,0.898294283277354,0.898381829079844,0.898412510357389,0.899005738919939,0.899039029436597,0.899133598807594,0.899176472948708,0.899233158158551,0.899286901742291,0.900575767481955,0.900620489946868,0.900691080435007,0.900740775766258,0.900795747638225,0.900837865130997,0.900900294617904,0.900923845231427,0.900988036720114,0.901014753763097,0.901047175911803,0.901092786944691,0.901152483964729,0.90118332026381,0.901238637653095,0.901265768163634,0.901328821615713,0.901344354821246,0.901378557651651,0.901397268085445,0.901431348239722,0.901458550569164,0.901483614196652,0.901501603472378,0.901525994236734,0.901543608381291,0.901574109207107,0.901594605455264,0.901619459507033,0.901633940024315,0.901653945564104,0.901664187751731,0.901694051962154,0.901733368106044,0.901761010564543,0.901774267107621,0.901798267992209,0.901815731704824,0.90205448083173,0.902073569253862,0.902101301746953,0.902109379255637,0.902132426968881,0.902144388158686,0.902164724334695,0.902182409880651,0.902198916686673,0.902216106595117,0.90223031627713,0.902244401871767,0.902263527207369,0.902270923669596,0.902282681982188,0.90230270952758,0.902314041199534,0.902326726102991,0.902341533100461,0.902358305307195,0.902368871802918,0.90238042645754,0.902389146815089,0.902397209230703,0.902406556795838,0.902416062936208,0.902427361051468,0.902434841822575,0.902446410003922,0.902461801028168,0.902474501665867,0.902483259268886,0.902488556444867,0.902493273415694,0.902504034084009,0.90250951621662,0.902514818732113,0.902519446364705,0.902729898740483,0.902734679259905,0.902741767329161,0.902749259373749,0.902755755288632,0.902764961032061,0.902770093473793,0.902776269380815,0.902784435549192,0.902790894482574,0.902798751590879,0.902804198033262,0.902811091445221,0.902817022810163,0.902821138364568,0.902828116462375,0.902834499888582,0.902837823306133,0.902842083896151,0.902847051200137,0.902851843426845,0.902855934358924,0.902861568542333,0.902868276731491,0.902875546159977,0.902886207850672,0.902892067081796,0.902898962183746,0.902905325386511,0.902910158770264,0.902913482979387,0.902918704644249,0.902924264211231,0.902926667481858,0.902930861494192,0.902933675826196,0.902939120795691,0.902942973349904,0.902948554394358,0.9029516302437,0.902956516756111,0.902961176837647,0.90296485381265,0.902967425966348,0.902970940262342,0.902973931098209,0.902977098502663,0.902980485731767,0.902982414767889,0.902988009549705,0.902989897993133,0.902991873178255,0.90299381155654,0.902995863481234,0.90300010009098,0.903005122816897,0.903008792083211,0.903011177174702,0.903013929026278,0.903017094194729,0.903020532941245,0.903022458531058,0.903023561368184,0.903029528826189,0.903032565110268,0.903034956829885,0.903036203419735,0.903038637055667,0.903040685551698,0.903043218917155,0.903046202231786,0.90304825441988,0.903050065962771,0.903051656160093,0.90305219675195,0.903054051491706,0.903055038180121,0.903056750964035,0.903059537804658,0.903060918064673,0.903061905009873,0.903064199229291,0.903066120303627,0.903067609011568,0.903068065819806,0.903070384818005,0.90307141212126,0.903073217328222,0.903074631285431,0.903077363688586,0.903078637526657,0.903080306282527,0.90308173343199,0.903083225815952,0.90309746726209,0.903100453641357,0.903101171971739,0.903104117227248,0.903105362774197,0.903107894604935,0.903108726010852,0.903110901321935,0.903111576239254,0.903114270456317,0.903115755737153,0.903117749240204,0.903120231271489,0.903120695145623,0.903123064839604,0.903125662470387,0.903128027453348,0.903129563542926,0.903130332915901,0.903132196439027,0.903134212360497,0.903135477990975,0.903135809032183,0.903137227778853,0.90313846514181,0.903139561865845,0.903141501914728,0.903142754337384,0.903146941046781,0.903148089380376,0.903149522508348,0.903152148811229,0.903153510351123,0.903155748450553,0.903157955683001,0.903159881943815,0.903162010654653,0.903164091968188,0.903165751360776,0.90316766482164,0.90316922992761,0.903170159923167,0.903170798042258,0.903171842274828,0.903173372049632,0.903174736642852,0.903175709316296,0.903177353083799,0.903179001558477,0.90317985706761,0.903181317945909,0.903182991494522,0.903184426897092,0.903185247973311,0.903185650350252,0.903186637052982,0.903188036770554,0.903188618402206,0.90318951980379,0.903191174929196,0.903191897719108,0.903193319803573,0.903194001804003,0.903195237612959,0.903196062866914,0.903196952420065,0.903197471835855,0.903198897106596,0.903200357287163,0.903201694223854,0.903202722239235,0.903203483620786,0.90320375940828,0.903205181205849,0.903205829380695,0.903206817260974,0.903207907343268,0.903209083484606,0.903209847382667,0.903210942615079,0.903211652282538,0.90321229970662,0.903213508183601,0.903215009739112,0.903215683673909,0.903216812797346,0.903217405568835,0.903218043853588,0.903219159552786,0.903219737320403,0.90322031457853,0.903221579410934,0.903222891331816,0.903223698952953,0.903224695245425,0.903225067152011,0.903225868065091,0.903226465085976,0.903227736864363,0.903229840477629,0.903231211751469,0.903232040350964,0.90323320661687,0.903234271688245,0.903234754734963,0.903235856259075,0.903236875378964,0.903238651979058,0.903239147319334,0.903240434162389,0.903240671919111,0.903241854924213,0.903242666968051,0.903243325584686,0.903243945761793,0.903246053973739,0.903247206182664,0.903248111770855,0.903248247850181,0.903248864250329,0.903249488174216,0.90325026626225,0.903251001699941,0.903251720171353,0.903252376657724,0.903252905533937,0.903253744388563,0.903255246473007,0.903256239674904,0.903256760192412,0.903257550463271,0.903258295075895,0.903259066685696,0.903259545241696,0.903260236181884,0.903261062763725,0.903262073709967,0.903262823912492,0.903263476565787,0.903264305041537,0.903264669694169,0.903265538173756,0.903266565355324,0.903267483391166,0.903267702715797,0.903268367752069,0.90326878190797,0.903269471315202,0.903270297666539,0.903270418055887,0.903271114078859,0.903271410789295,0.903272862410854,0.903273484033647,0.903274620456861,0.903275886464276,0.903277191207173,0.903277883226453,0.903278539659729,0.903279368937489,0.903280303167263,0.903281277224136,0.903281729462964,0.903282521797908,0.903283592716804,0.90328404795449,0.903284766443859,0.903285644235411,0.903287114220663,0.903287719819031,0.903288704473579,0.903289900274146,0.903290471811158,0.90329126398939,0.903291663255821,0.903292517566837,0.903293355161052,0.903293651588545,0.903294459044317,0.903294919702599,0.903295389300776,0.903296149123773,0.903297030389385,0.903297493568453,0.903298531670908,0.903299399120246,0.903299897636792,0.903301092954066,0.903301991236401,0.903302328797814,0.903303135946158,0.903303952839778,0.903304714606299,0.903305462622931,0.903306415560721,0.903306915318673,0.903307562663403,0.903307867091493,0.903308304906699,0.903308819200451
0.416482786602159,0.429562592996192,0.446851373381471,0.446851373381471,0.450536776870123,0.450536776870123,0.478805333675189,0.478805333675189,0.491336978929578,0.492751333444621,0.494074211089629,0.494074211089629,0.533928246218103,0.533968662002401,0.54807530837284,0.548084125737535,0.585903716453578,0.585903716453578,0.591061304893236,0.591061304893236,0.635270019497792,0.635270019497792,0.638808141178391,0.638808141178391,0.668564283226436,0.668564283226436,0.668998170741926,0.668998170741926,0.669455391323903,0.669455391323903,0.669665718027395,0.69115331363417,0.69115331363417,0.69115331363417,0.691361777331341,0.691361777331341,0.692047867855001,0.715258343468215,0.758806016721659,0.758806016721659,0.763066790488726,0.763972519586555,0.763972519586555,0.763972519586555,0.768784233629518,0.768784233629517,0.770395610310416,0.770395610310416,0.770395610310416,0.770515760759111,0.795794987220942,0.80561875003162,0.813710674093139,0.813710674093139,0.813710674093139,0.813710674093139,0.813710674093139,0.813726000618019,0.818935751552797,0.818935751552797,0.818965935800541,0.81896593580054,0.824857664067498,0.82703500349259,0.834480234061712,0.834533469545283,0.835274281092391,0.835441905982894,0.846599190531745,0.846599190531745,0.846659252646097,0.846659252646097,0.847682652764449,0.847682652764448,0.847699187992968,0.847699187992967,0.848954601326896,0.848954601326896,0.858587147482811,0.858587147482811,0.858707772274964,0.858707772274964,0.858819434716887,0.859932753392327,0.859948750223705,0.859955793814168,0.860013252357399,0.86001664142566,0.860088338563429,0.860296987985749,0.860345659145655,0.860348858487973,0.860373692420123,0.860609246919061,0.860627430279646,0.860667238140569,0.860707567754684,0.861287399514114,0.861379437751901,0.864219126462389,0.867885473701527,0.867889985824662,0.868206647024402,0.86821930164814,0.868249673134655,0.873176820496897,0.873270467774418,0.873285334735333,0.873308330129797,0.873315030408882,0.873445420034493,0.873450884122294,0.873461705482678,0.873464002583375,0.876097605631703,0.876100072819335,0.876111619707177,0.876115129610148,0.876124284956764,0.880769599743366,0.880781648533897,0.880808248478654,0.880828725033613,0.881164477334395,0.881168033887689,0.881604254999997,0.882038947292536,0.882066531001433,0.882079419192556,0.882245455676324,0.882246404595608,0.882275478375321,0.882283457431142,0.882568341566211,0.882573210812106,0.882643733808466,0.882647580752421,0.882666285046055,0.882670600077489,0.882714933749913,0.882721105811328,0.882824565638594,0.882833485248659,0.88283624751831,0.884389891807879,0.884439055035535,0.884452233056337,0.884455888478408,0.884480385331697,0.884480739243727,0.885227854056258,0.885237191184353,0.885241151179035,0.885242075104447,0.88525802129987,0.885258402851402,0.885275516277755,0.885276142400191,0.885290075473892,0.885290752346674,0.88530059960567,0.885302781205398,0.885316316952696,0.885318358344694,0.88533237951598,0.885334508758436,0.886465980693468,0.886467500806343,0.886471657643946,0.886473374088815,0.886497711971814,0.886564159186318,0.886566331003152,0.88656835000868,0.886683461122405,0.886684170601201,0.886693902658278,0.886705324374164,0.886817896665148,0.886819490632713,0.88687136981325,0.886872550320095,0.886879901486849,0.886880530153604,0.886888107589137,0.886888592721481,0.886892811566039,0.886894508273502,0.886898355146744,0.887027648942898,0.887036566025756,0.887038083720683,0.887039743279034,0.887041941266421,0.887046230823533,0.887049414754712,0.887098065565357,0.887098903583716,0.887130401905509,0.887131173111794,0.887155035016199,0.887183301767625,0.887306924850916,0.887308238004112,0.887312311064225,0.887312782149493,0.887317315424466,0.887317749543178,0.887320259899612,0.887321400763157,0.88732433023182,0.887326040498961,0.888107631357939,0.88810950237742,0.888111968869626,0.888113851822162,0.888115193962669,0.888115527718366,0.888117773394972,0.888118453059486,0.888202638449072,0.88820499622679,0.888207718911376,0.888208925120618,0.888210581044617,0.888211444984504,0.888213264746713,0.888215486796556,0.888341237160249,0.88834248277573,0.888378090060937,0.888380287203133,0.888386759959861,0.888387279971612,0.888448896929942,0.888450516822411,0.888452063165323,0.888453108980809,0.888473390155553,0.888473705613164,0.888548488208114,0.888549457626787,0.888549917810736,0.888550836493105,0.88855127917868,0.888552218844093,0.888553335549463,0.888554846725973,0.888584640051226,0.888585041023535,0.888587391227612,0.888588004625394,0.888769209637018,0.888770219709523,0.888825282920983,0.888826207829303,0.888827111976421,0.888827959381745,0.888831134401483,0.888831811727632,0.888833072150539,0.888833808107505,0.888834961479291,0.888835800484681,0.888900329912133,0.888901092148408,0.888914163625222,0.888915104278645,0.888949320178682,0.888949633816497,0.889223956954845,0.889224375576171,0.889253760543084,0.88925418478517,0.889261416920406,0.889261752705602,0.889262246163665,0.889262696238573,0.88977449217215,0.889774838914749,0.894060823397903,0.894061153905723,0.894061210378937,0.894061634749568,0.894133874674208,0.894134256672931,0.894134355105333,0.894134590593711,0.894135605709543,0.894136103869276,0.89413960449396,0.894139927096782,0.89441731060489,0.894417530088241,0.894472398870329,0.89447270091055,0.894488519499735,0.894489258019683,0.894513938594799,0.89451443266303,0.89451539488233,0.894515732009332,0.894519368459443,0.894519548822065,0.894525233723652,0.894525433029208,0.897444606802613,0.89744501228884,0.897799521134787,0.897799732755486,0.897986611005617,0.897986839248194,0.897987189947747,0.897987251649195,0.897988573345233,0.897988701409879,0.897989107428972,0.897989429098485,0.897989539803733,0.897989655293016,0.897990342025465,0.897990477638848,0.897991794567112,0.897991908172273,0.898515188632484,0.89851534034718,0.898678846257313,0.89867964836685,0.898724338572936,0.898724589897308,0.898742138980175,0.898742396254725,0.898743824734796,0.898744120419832,0.898744151275987,0.898744380096586,0.898744931689781,0.898744993464313,0.899978312380705,0.899978425652334,0.899978654705047,0.899978728460516,0.899993715478937,0.8999939179927,0.900004398579466,0.900004536548896,0.900012525410058,0.900012640753075,0.900112923081037,0.900112967336855,0.900132303049815,0.900132374527679,0.900252286488402,0.900252400767136,0.90025355206452,0.900253607265795,0.901048720985696,0.901048812944404,0.901049987818382,0.901051039787278,0.901058472774847,0.90105848183409,0.901058652612549,0.901058733569961,0.901062991866705,0.9010630823227,0.90495867612156,0.904958736161441,0.904960030003648,0.904960095965859,0.905097032467528,0.905097038821101,0.90509731328775,0.905097368637011,0.905102665044005,0.905102730607251,0.905438101445679,0.90543816670355,0.905443523305382,0.905444116936767,0.906185986095483,0.906186002942873,0.906814014561821,0.906814038058176,0.909137664700556,0.909137695371548,0.909234873879947,0.90923905555667,0.909240778581885,0.909240806441042,0.909252422608623,0.909252458406787,0.909256034536506,0.90925608755671,0.909256502842515,0.909256560887798,0.909385182820112,0.909385224499748,0.909404255546574,0.909404268213433,0.909407884777827,0.909407903099624,0.909618211023101,0.909618225993489,0.909718984875886,0.90971900321065,0.909719021855627,0.90971903865779,0.909842967917525,0.90984297626462,0.910781282608879,0.910781309465825,0.910803779511505,0.910803814864033,0.910821895791284,0.910822077888015,0.910826614778888,0.910826814292809,0.910848691101935,0.910848699090711,0.910853566768382,0.910853599422399,0.911348453000399,0.911348483978056,0.911348488782297,0.911348500404871,0.911496295886999,0.911496328059872,0.911496874142083,0.911496935980289,0.911518914677101,0.911518961724995,0.911524283547934,0.911524305300107,0.911525256859423,0.911525320314408,0.911525488240509,0.911525579366669,0.911537862846749,0.91153791756111,0.911584503032637,0.911584535284798,0.911590528530645,0.911590539403396,0.91229521001722,0.912295222702273,0.912299857851892,0.91229986525562,0.912300876393349,0.912300941772178,0.912301009457421,0.912301025386841,0.912307773033784,0.912307802742197,0.912311394683067,0.912311417174758,0.912315894459848,0.912317161530642,0.912317436846656,0.912317453492942,0.912322276466131,0.912322649567449,0.912326484600673,0.912326506090046,0.912375606890167,0.912375618027851,0.912406425429583,0.912406426803606,0.912478752612874,0.912478779578244,0.913906285446921,0.91390638496347,0.913908494516871,0.913908513239138,0.913915936946613,0.913915951493473,0.91399683709871,0.913996856820996,0.914539875660298,0.914539921087284,0.914552759420029,0.914552891005601,0.915189156987793,0.915189170615632,0.915206390849391,0.9152063974305,0.915208466216447,0.915208530803607,0.915209122611784,0.915209837816315,0.915238892736709,0.916686635069009,0.917119302107695,0.917120417344941,0.917121922230633,0.917121934998995,0.917153453905573,0.917153457463893,0.91720697526149,0.917206977038296
0.406669800814241,0.453519950631447,0.45437564285459,0.454408346196729,0.478053334363648,0.478932782472935,0.545680392916652,0.545680392916652,0.545680392916652,0.545680392916652,0.557719026861913,0.558756019165318,0.558756019165318,0.558756019165318,0.604404730798213,0.605336512825567,0.608570570617305,0.628868937441275,0.628868937441275,0.628868937441275,0.703955676544921,0.703955676544921,0.718217434995351,0.718217434995351,0.71822748605053,0.71822748605053,0.718689183984651,0.718689183984651,0.753062301654615,0.753062301654615,0.753847286392588,0.756542164795325,0.792595691074306,0.792595691074306,0.793050141769199,0.793760942173413,0.794324604427256,0.794914160756724,0.839571962964001,0.839677388031651,0.849534457851975,0.849534457851975,0.851256778949795,0.851329206865709,0.85437017485065,0.854501101254151,0.856144178273775,0.856494728688865,0.857236478864413,0.862150826442414,0.863223484542122,0.863296315635803,0.864543520066686,0.864606010498908,0.869692013065942,0.869819554015716,0.871829424457511,0.874714169286573,0.876406578683596,0.876569993853578,0.879826326050267,0.881099635607769,0.881611245239656,0.881742732396541,0.882457200488844,0.882758158132095,0.883828020190853,0.88401432230094,0.884450531564404,0.884554173143974,0.88656505773179,0.88855960683845,0.88918075210409,0.890191898548401,0.890653250189282,0.890910376314924,0.891296867452013,0.891566683896414,0.89172822580766,0.891993544001008,0.892492552741258,0.892686834520748,0.892853231108577,0.893233210140528,0.893457500784831,0.894952508735588,0.895097959884983,0.895291936906184,0.89545109682773,0.895587501713283,0.89570779148493,0.89596707868827,0.896087557267441,0.89634268142391,0.896421269686914,0.896637405527755,0.896670268209901,0.896841677554381,0.896877243607211,0.897111254773516,0.897228088606277,0.897242113020755,0.897409654483445,0.897415286184819,0.897573494507555,0.897600155401871,0.897799044817599,0.89782618112911,0.898036591508558,0.898064115961664,0.89826124851023,0.898265932601749,0.898445209067877,0.89847955669026,0.898652451245547,0.898694420994202,0.898831028857348,0.898851102632255,0.898954729790043,0.899000577887211,0.899067117361246,0.899106029632383,0.899261310891485,0.899342345349461,0.899422002589083,0.89947251421237,0.899572498788597,0.899578788979031,0.899768990809329,0.899804921002613,0.899871989641891,0.899942942704048,0.900199238099479,0.900252576826898,0.900328339962613,0.900357693289134,0.900413128646951,0.900443868343369,0.900508981310439,0.9005364321211,0.900584739742623,0.900603557814101,0.900656383498826,0.900673741822606,0.900718455745316,0.90074448225408,0.900778082279381,0.90082417598008,0.900852334968354,0.900884778693956,0.900936362895217,0.900976144585295,0.901014781579872,0.90104353509876,0.901087420047114,0.90110822981878,0.901146410737653,0.901169084041252,0.901190452157353,0.901216591437388,0.901225998555858,0.901240687743053,0.901250295200806,0.901280503058963,0.901305841803053,0.901323129899834,0.901345182390143,0.901369656605506,0.901392386853194,0.901403740448969,0.901417453604117,0.901435824977317,0.901630014908505,0.901643912177284,0.90166703823741,0.901678547683413,0.901696973830791,0.901718724536055,0.901737937694684,0.901755814884772,0.901769907330112,0.901784376579225,0.901800523171857,0.901817387364863,0.901841865247541,0.901851846019881,0.901863644864683,0.90187630762452,0.901884087345805,0.901900983784012,0.901915101828977,0.90192237056719,0.901933992866235,0.901945508655104,0.901959156826212,0.901964249624108,0.902012755459816,0.902019425122176,0.902029879083732,0.902046003086901,0.902054516741605,0.902066910457967,0.902078541436363,0.902086240637758,0.902095484653725,0.902104221193498,0.902111904712123,0.90211980234529,0.902127423097584,0.902133935346089,0.902148997300935,0.902155930004345,0.902161948842774,0.902169767885973,0.902178670793418,0.902182310894502,0.902667328593822,0.902673927431864,0.902683731462316,0.902689570908432,0.902698857188859,0.902708406541111,0.902717807145532,0.902728680471146,0.902736122444325,0.902746421539289,0.902756709153547,0.902764559382597,0.902773480478209,0.902779098935059,0.902785142035742,0.902788838212222,0.902794269844939,0.902804418686149,0.902810724321751,0.902814935337368,0.902820322498662,0.902826307064401,0.902830866196657,0.902835216266323,0.902839680249386,0.902845406526406,0.902848781209274,0.902852430341892,0.90285759156165,0.902861869539644,0.902866249188742,0.902873323878252,0.902876133621731,0.902879312953702,0.902884380024395,0.902889661174446,0.902893162284826,0.902896193014003,0.902900642440344,0.902908417161655,0.902913826831597,0.902918629201604,0.902925247271546,0.902928903913922,0.902932603678527,0.902937425916183,0.902942250226518,0.902945788986326,0.90295063151387,0.902954270967355,0.90295671609541,0.902961628132263,0.902964878416536,0.9029699844338,0.90323861974073,0.903240912939924,0.903245635966023,0.903248767631253,0.903251973184941,0.903253069864696,0.903257456722438,0.903260981107812,0.903262992954897,0.903265507755,0.903267502065955,0.903271114073391,0.903273450048647,0.903275381423085,0.903277423526335,0.903279637344021,0.903282179177344,0.903284671464985,0.90351996738406,0.903522386463517,0.903524751620324,0.903526779611764,0.903530286552873,0.903532594951361,0.903534417543088,0.903539993361017,0.903543849168798,0.903546422719926,0.904937086474125,0.904939005389918,0.904941718076979,0.904944249001675,0.904947884566454,0.904949790649545,0.904950795738345,0.904952999338629,0.904954242369776,0.904958020850542,0.904959652467585,0.9049606226107,0.904962582704376,0.90496366205135,0.904965703121981,0.904967996461927,0.904969115394552,0.904970726800708,0.904973904294028,0.90497480054223,0.904976399762494,0.904976763918547,0.90497968402594,0.904981409201068,0.904983154699026,0.904984748757526,0.904986479222004,0.9049872643432,0.904988856535134,0.904989746215472,0.904990985791618,0.904993040888962,0.904994382209344,0.904995485688621,0.904996648753565,0.904997427282153,0.905022925615015,0.90502485891878,0.905025916019623,0.905026472969845,0.905027172453711,0.905027675988755,0.905029075161762,0.905030546675869,0.905031363318401,0.905033181543362,0.905034285886388,0.905035882401025,0.905037798629832,0.905039387252449,0.905040349693259,0.905042300793184,0.905488610867379,0.905489679266636,0.905491889812894,0.905493548060993,0.905494359618143,0.905495049889823,0.905496638116591,0.90549897902878,0.905500111265709,0.905500663643173,0.905503316298697,0.905503749725417,0.905504277867468,0.905505413799417,0.905506471502214,0.905508220216688,0.905528599742288,0.905529392821848,0.905531291658259,0.905532427021036,0.905533526866711,0.905535450358384,0.905536507182667,0.905537655571113,0.905538456428235,0.905540646633275,0.905541629530337,0.905542747985629,0.905571127095078,0.905571735547742,0.905573005982048,0.905574007985495,0.905575068274275,0.90557567763888,0.905576437480744,0.905577301066377,0.905578453551333,0.905579555279923,0.905579838887002,0.905580620421571,0.905581449147631,0.905582260777315,0.905583241421718,0.905584488336914,0.90558516874846,0.90558587122914,0.905586697733493,0.905588148246492,0.90558903967511,0.905589722471904,0.905590355836237,0.905590661751234,0.905591040005044,0.905591447942438,0.90559258118069,0.905593179666054,0.905593716809863,0.905594345446283,0.905595102438274,0.905596348867117,0.905596970202699,0.905597955592052,0.905598903889021,0.905599658330937,0.905600390584773,0.90560119968036,0.905603137586745,0.905604314006004,0.905605298718625,0.90560586778437,0.905606359566098,0.90560687948979,0.90560802229285,0.905608663518594,0.905609952468709,0.905610919366388,0.905612282108217,0.905612833249194,0.905613222827836,0.905613758141667,0.905614606703767,0.905615215447057,0.905616347349786,0.905616801852788,0.905617349394105,0.905619215770268,0.905620140350199,0.905621493564567,0.90562248645457,0.905623163909379,0.905623689794096,0.905624748836106,0.905625403267745,0.905625770598473,0.905626020753926,0.905626448286418,0.905627525740999,0.905628135943677,0.905628582562628,0.905629032298862,0.905629721932563,0.905629999659727,0.905630598942699,0.905630957429178,0.90563198028407,0.905632509337121,0.905632694617453,0.905633410435683,0.905633678646895,0.905634486894346,0.905635176669978,0.905635958515131,0.905636634420504,0.90563745449776,0.905637780429936,0.905638740975826,0.905639650972481,0.90563991471742,0.905640213968003,0.905640475673889,0.905640739217194,0.905641181469692,0.905641618135236,0.90582844689307,0.905828934976701,0.905829409957747,0.905830232163416,0.905830491878935,0.905830951542529,0.905831730360763,0.905832285113182,0.905832624914771,0.90583307475509,0.905833436184228,0.905833955868557,0.905834084430877,0.905834868855349,0.905835479308064,0.905836129443618,0.905836385440416,0.90583704096142,0.905837221431428,0.905837554190325,0.905837912667254,0.90583813251341,0.905838438517514,0.905838946895359,0.905839474110552,0.905839999380753,0.905840544524701
0.39481680933527,0.423382111617512,0.47562829849802,0.47687786105586,0.481613659488801,0.500984787366557,0.501842510136607,0.501965341372211,0.513583097736946,0.53803094555329,0.555780166562199,0.559761254014251,0.560666644331878,0.560666644331878,0.564044042153848,0.564044042153848,0.566905205039921,0.566905205039921,0.570410746541115,0.617073290555061,0.617073290555061,0.617166607854973,0.617166607854973,0.617172500140468,0.660880197599209,0.662915664255424,0.677263493900281,0.680829579483697,0.682564949228515,0.682867724436151,0.685342525172544,0.687955960649829,0.691968076493533,0.691974614844397,0.692784916641416,0.692784916641416,0.693471698686335,0.693650276113544,0.695741906436657,0.695741906436657,0.695751110808348,0.69644851162806,0.731005425730909,0.744240385291934,0.745836033983694,0.745843970587304,0.751952541470682,0.754205272154356,0.756861009446743,0.758006358192965,0.765194272888532,0.771628409161909,0.772372853457421,0.772407284867534,0.794814652759415,0.79482874090329,0.807700519290214,0.807701726061112,0.81288415610124,0.812902781733764,0.816483682826834,0.816545353741603,0.819077360636954,0.819124204904583,0.819220253363862,0.819248890853794,0.819301394887551,0.819309025052036,0.819358725378426,0.819387902751046,0.82218224770369,0.822182912714004,0.823460217479651,0.823463851177076,0.823552841456992,0.823564458213314,0.824753409917312,0.825028256052292,0.825076847093483,0.825107258721875,0.825183356900896,0.825190092005038,0.827494768698468,0.827515721535149,0.827878065371365,0.827894795640371,0.830986244234152,0.830996670735478,0.831007407989878,0.853449897571779,0.85365694251666,0.853669063291062,0.853674244106787,0.853690213443733,0.8537325756378,0.853903440473058,0.85401828065841,0.854418282736096,0.854478598654862,0.854929049520521,0.854941332065433,0.856061264198885,0.856069730566077,0.856098296225169,0.856119381598561,0.85641106137965,0.856413652766451,0.856806273605634,0.85739310965129,0.857394755181502,0.857420605547874,0.857430706059275,0.862376992443116,0.86237985908304,0.86273010221189,0.862732156139283,0.862839435444387,0.86284106472559,0.862952001039122,0.863020950792955,0.863080002951946,0.863080847607668,0.872214841825743,0.872217374010843,0.872236853044071,0.872237517757323,0.872366523123929,0.872368911836817,0.872483022564516,0.872484367396147,0.872539307749023,0.872540685547562,0.872745301526603,0.872745824173705,0.872887128002199,0.872887836470687,0.872893940948031,0.872894551512275,0.872993031814224,0.872994938549583,0.872998628792492,0.873000607819569,0.873002238912224,0.873002884620298,0.873005477394719,0.873006338810108,0.873310059244277,0.873310330203611,0.873420686885232,0.873421836651893,0.873600011065736,0.873600881272426,0.878747537852772,0.878749874732154,0.878797736328896,0.878799345865694,0.878834269420585,0.878836239514808,0.879246240228232,0.879246924998937,0.879257731359511,0.879258991872962,0.87926275800238,0.879263046556809,0.880560217471413,0.880560729634128,0.880616015867424,0.880616581521138,0.88075386868829,0.880754137377232,0.880819327274313,0.88081979298047,0.880848990704671,0.880849816608124,0.882069077623812,0.882069613126866,0.882077112544759,0.882078522608651,0.88217396643099,0.882174242263392,0.882403803240725,0.882404381272378,0.882581516092439,0.882581729889846,0.882659403725515,0.88265968255089,0.882758921965845,0.882759240445304,0.882778647619307,0.882778841487256,0.88395602497967,0.883956168308894,0.883962340675568,0.883963780113037,0.884173237462263,0.884174047988369,0.884196416022657,0.884197061640102,0.884297492935934,0.884298380208805,0.884361074032218,0.884361462295736,0.88438708586713,0.884387545393674,0.885784589015697,0.885784804307428,0.885963262990393,0.885963728698175,0.886032836291685,0.886033019460965,0.88604003660447,0.886040437713319,0.886070184120664,0.886070534198474,0.886318124537858,0.886318518647838,0.886318928391797,0.886319361525872,0.886458502562048,0.886459756365093,0.886481350191487,0.886481548800087,0.886524075313264,0.886524395836774,0.887526445333984,0.887526665847977,0.887818473259005,0.88781901051236,0.887863199380664,0.887863327852022,0.888101765676468,0.888101975055664,0.888225542647296,0.888226380329168,0.888281482332384,0.888284252439698,0.888336884820023,0.888337158622648,0.888359945136397,0.888360201290463,0.888423120634742,0.888423338058444,0.888493322482625,0.888493470983469,0.890652791983394,0.890653009756635,0.890664578596892,0.890664682180042,0.891027165047429,0.891027874858345,0.891148726300223,0.891148926113321,0.891156913372139,0.89115711333207,0.891335849334777,0.891336046814522,0.891369850828523,0.891369965433088,0.893985450328297,0.893985571136707,0.89405831277702,0.894058351537921,0.894152827850903,0.894152937638773,0.894243782633265,0.894243839421784,0.89425588836729,0.894255946545374,0.894312066167172,0.894312346401132,0.894414764433627,0.894415754150109,0.894469413766823,0.894469539082391,0.894513192131581,0.894513338706357,0.894560065751928,0.894560204756708,0.894613622912816,0.894613643417764,0.896255612545627,0.89625609031867,0.896357917905239,0.896357921128019,0.896372088281131,0.896372149419719,0.896395579714045,0.896395641521756,0.89640165374118,0.896426639886473,0.896437495666236,0.89643771825653,0.896966859090141,0.896966867266045,0.897070271619234,0.897078674745283,0.897112682589616,0.897112689670369,0.897127083049397,0.89713101185968,0.897160358836677,0.89716063959026,0.897167873907218,0.89716969561076,0.897225326384419,0.897226271187677,0.897273101074253,0.897278291847901,0.897331989252243,0.897332408295624,0.897376165185693,0.897382019493901,0.897434313789493,0.897435492604607,0.897484826260731,0.897489268356078,0.897504993570532,0.897505181675029,0.897564679453829,0.897565194224766,0.897623899411949,0.897624537258607,0.897646651235579,0.897646892229814,0.897672443570646,0.89767467996128,0.897695902053387,0.897696623075845,0.897759736401491,0.897761925924655,0.897824832427192,0.89782519784314,0.897847008681132,0.897849937276059,0.897881059149225,0.897885707694982,0.897911479835632,0.897913107777853,0.898234449995592,0.89823816802376,0.8982855475918,0.898288108801268,0.898313570608776,0.898322302674492,0.898342710937957,0.898344722361093,0.898408511615082,0.898423897442924,0.898440658843051,0.898443528030182,0.898521626852075,0.898524692744399,0.900332199265509,0.900339815023218,0.900395184688631,0.900399346373181,0.900408914538134,0.900410834356962,0.900452164099189,0.900453902417134,0.900471868405957,0.900476204459806,0.900528487407862,0.900532926021575,0.901091885337203,0.901096578682824,0.901111146188408,0.901113136503089,0.901131548449242,0.901133216328443,0.901141361884378,0.901154228616355,0.901210803429694,0.901217666119464,0.901241196630254,0.901248237023706,0.901265511992471,0.901270308518662,0.901278665510984,0.901281205784377,0.901310384040985,0.90131792805842,0.901343205757875,0.901348754408492,0.901356839174998,0.90136598320786,0.901377410423859,0.901380954289966,0.901383318029204,0.901391507933129,0.90140153482162,0.901406339160902,0.901439760649955,0.901451883850892,0.901464558225462,0.901467069941144,0.901479450619697,0.901481547608549,0.901506252242086,0.901511010958471,0.901524307114213,0.90152712946543,0.903110010999309,0.903112638817657,0.903117905473909,0.903127256141974,0.903155510972754,0.903162427761142,0.903186880638052,0.90318959182551,0.903201334290248,0.903205994126709,0.903215769681561,0.903225525813977,0.903233889472903,0.903238494852945,0.903254350625726,0.903256770957325,0.903326761046253,0.90332823832602,0.903339459713825,0.903347792580033,0.903355223413215,0.90335813332273,0.903365090145626,0.90336692824492,0.903370875230947,0.90337221961521,0.903373834771871,0.903378025867363,0.903388806214692,0.903391762460382,0.903396094223635,0.90340010822155,0.90358163418357,0.903584307695231,0.903593071118721,0.903600564351739,0.903601117305697,0.903605002253013,0.903619052717092,0.903621795364787,0.903629599556816,0.903632850668999,0.903654617802029,0.90365613141402,0.903657852967804,0.903661467645528,0.903666051464407,0.903667534540229,0.903692076636759,0.903693635877734,0.903699129312872,0.90370055449871,0.903704433310221,0.903705672063766,0.903710610710459,0.903712629906847,0.903713935888647,0.903714535683454,0.903747534323291,0.903749045742744,0.903750773594473,0.903752010754259,0.903757545498497,0.903759641858284,0.90453224980218,0.904534771175669,0.904640053050041,0.904641056881076,0.904665342883894,0.904665830393458,0.904672973032846,0.904674611213952,0.904676453874248,0.904677610172452,0.904681591929582,0.9046838161332,0.904689366529423,0.904691551412563,0.904694520497648,0.904696448270683,0.90477228925937,0.904773365161333,0.904779091528303,0.904780495999728,0.904792342664711,0.904795777525407,0.904799332970811,0.904801393775024,0.904817094939933,0.904817652480326,0.90481852493983,0.904820206810644,0.904821234607867,0.904823706034445,0.904826456802339,0.904829587263939,0.904837040443652,0.904839731246525
0.391954199715043,0.429231331210774,0.432785140422998,0.44460114629226,0.469154857100899,0.472949919673042,0.50846895572288,0.50846895572288,0.509603327845856,0.5218435204633,0.526245761880027,0.526245761880027,0.52649439857101,0.526723066929009,0.5469890323385,0.5469890323385,0.5469890323385,0.547013232773256,0.58468285947863,0.58468285947863,0.641876555117856,0.641876555117856,0.689267132429234,0.689267132429234,0.697531775932245,0.697531775932245,0.698716381159502,0.698716381159502,0.699232308375084,0.699232308375084,0.705338471393656,0.705338471393656,0.708522974769318,0.708522974769318,0.708811491239916,0.708811491239916,0.709352679885365,0.709640817454008,0.759139989268567,0.759440486755414,0.760173444627115,0.760611879638752,0.76302816716506,0.76302816716506,0.768266530751373,0.768298101499616,0.771409696462174,0.771866523311427,0.78258730480071,0.789803614792314,0.793347919968412,0.793637522387407,0.805775022519951,0.80579946164014,0.809154561758522,0.815833796705857,0.826759543964055,0.828322555498951,0.829873306288028,0.840300867795217,0.853608523020654,0.853954752190254,0.855772147648268,0.856638235469552,0.859937340745676,0.860096805934508,0.861574009412065,0.861614866743757,0.862358687785057,0.865225223609113,0.872908532465516,0.873122639200938,0.874204933098668,0.87929084743085,0.880088037339722,0.880380963381643,0.88173488766078,0.881980377424825,0.883331601679369,0.883938247891365,0.884633405561097,0.884739474981888,0.885876319918779,0.886191209070304,0.886882820110218,0.887820987135576,0.888670858335979,0.888847887350447,0.889152356018996,0.889847519299707,0.890508831032019,0.891253181458112,0.891643507610701,0.891827898180366,0.892060513430509,0.892186622692691,0.89252372573134,0.89270328267859,0.893220959122339,0.893483780523246,0.893708962895686,0.894416869737843,0.89551330242871,0.895655851620805,0.895756102727418,0.896141552500864,0.896351741020741,0.897147828220153,0.897293939469526,0.897369740045445,0.897537523367885,0.897578666306946,0.897734082431882,0.898952546257172,0.899473265209895,0.89951328354541,0.89968289383726,0.899709940251513,0.89987485747958,0.899920366168767,0.900047756674224,0.900083885128154,0.900283901019566,0.90035529060666,0.900448719394232,0.900465954913053,0.900627733581963,0.900692209666375,0.900997589994028,0.901029189418729,0.902018109781791,0.902085587220378,0.902197943249001,0.90223357722256,0.902370465799422,0.902410056991052,0.90256164311075,0.902607500369284,0.902740274900062,0.902812958625905,0.902977456776345,0.903027927052278,0.903177729420262,0.903255200475327,0.90428606725755,0.904316648127315,0.904410083111537,0.904446812229117,0.904813514065188,0.904833932222767,0.904896971417128,0.904940367629214,0.90502037011282,0.905056754370829,0.905119966788986,0.905158792651367,0.905212350593575,0.905243739159234,0.905310626962679,0.905348395789531,0.905389507389777,0.905431166093478,0.905465244612347,0.905518181997998,0.905580228700859,0.905611875790355,0.905655032414021,0.905690814185368,0.90575359369393,0.905777294961483,0.905835075984132,0.905858811459942,0.905908195328014,0.905932980494568,0.905964972860333,0.906004978156909,0.906042026667958,0.90607419266582,0.906092723910694,0.906114292751069,0.906148768056316,0.90618435942736,0.906212851334912,0.906242125167603,0.906259390044319,0.906271734141006,0.906297386620889,0.906307817862599,0.906423184035511,0.906427643182744,0.906443097362409,0.906518247992896,0.906532681286373,0.906548779264661,0.906569625368192,0.90658743149809,0.906697176839221,0.906711442819794,0.906864706480515,0.906881130933257,0.906897689755199,0.906914118949632,0.906929398756574,0.906954786553566,0.907146260751796,0.907156708456245,0.907511081206515,0.907524265608398,0.907542507273566,0.907557482644628,0.907573216450286,0.907592505836067,0.907611786241514,0.907616424623791,0.907634722959771,0.907643119357721,0.90766030407702,0.907688924596996,0.907699968822423,0.907708166170432,0.907722606310762,0.907727949852367,0.907736212753535,0.907754145814319,0.907760280438592,0.907772722128566,0.907788955604662,0.907803849104227,0.907825971189282,0.907829811405649,0.907843936412323,0.907852452514366,0.907859763538544,0.907871649410446,0.907879756260308,0.907889730865344,0.907897958716974,0.907910045922078,0.907924158325058,0.907933771754931,0.907939162172942,0.907944464841518,0.908092098891424,0.908097390420586,0.90810355746239,0.908109711628383,0.908118020358586,0.908123665870742,0.908132189068169,0.908142124420634,0.908158945395808,0.908168946059037,0.908175066154614,0.908183898077366,0.908188813983595,0.908195340062506,0.908199492185459,0.908205788144442,0.908211378430562,0.908216531203007,0.908223056945694,0.908227749436423,0.908236079333999,0.908244441683523,0.908255536988622,0.908259290693519,0.908268383782596,0.908272061355552,0.908275731652847,0.908279351587141,0.908281788364805,0.908289249820708,0.908293147750709,0.908298120687718,0.908301211643338,0.908308894211811,0.908314003420496,0.908322677243484,0.908324258846849,0.908329064781739,0.908333637630508,0.908364469065813,0.9083702097258,0.908376237052653,0.908380475253448,0.908383154602486,0.908386925707454,0.908389824045249,0.90840007932219,0.908409466522892,0.90841347765597,0.90841799572428,0.908424854237234,0.908431426729443,0.908435981138651,0.908437887829404,0.908443316286242,0.9084476318937,0.908451846578181,0.908459221615931,0.908468842116012,0.908471538059737,0.90847324972935,0.908474958588153,0.908476766599566,0.908479714160762,0.908483552685562,0.908488710746081,0.908495170154347,0.908505748652326,0.908512394567093,0.908515966046251,0.908520005077465,0.908524184830616,0.908534116686611,0.908537193049065,0.908540792523984,0.908543567129663,0.908547535931608,0.908549348179046,0.908553948425594,0.90855570825986,0.908631173188701,0.90863549544371,0.90863930920461,0.908641762853782,0.908644276120513,0.908647463655527,0.908649634238173,0.908652225673777,0.908654253350351,0.90869472466745,0.908697848246603,0.908699230667443,0.908707061112179,0.908708263311802,0.908708484995816,0.908712176201377,0.908721686825163,0.908724127618383,0.908727763921895,0.908728594051824,0.908732158316494,0.908735433360659,0.908736575788431,0.908737812459963,0.90873983902644,0.908741249982185,0.908742455706733,0.908744165979831,0.908747371941004,0.908753140951113,0.90875536643788,0.908757643651259,0.90876025261527,0.908761483369597,0.908762251624278,0.908764435521793,0.908772184509401,0.908773154125133,0.908776951205734,0.908778461634928,0.908820482430435,0.908821438392292,0.908827365580788,0.908828388156936,0.908830332404381,0.90883303200259,0.908835895156506,0.908838130182252,0.908840379031138,0.908841155933788,0.908843127549222,0.908845136193362,0.908847337251443,0.908847581250803,0.908848431550451,0.908848911779343,0.908850241539845,0.908853385736336,0.908867326939072,0.908868204843475,0.908868700332487,0.908869128746491,0.908870320350456,0.908871795616016,0.908872537388649,0.908873386439582,0.908874396983177,0.908876388965794,0.90887744393823,0.908879002937837,0.908883701526278,0.90888626532529,0.908889347606699,0.908890042508686,0.908897351740907,0.908898313692249,0.90890889980708,0.90890935556509,0.908910171181325,0.908910856076134,0.908914300176959,0.90891522752977,0.908916982964172,0.908918220491874,0.908918828260618,0.908921076023064,0.908922012104621,0.908988210276642,0.908993733019879,0.908994508743713,0.90900387949138,0.909064822282326,0.909065386164224,0.909066101225473,0.909067339331325,0.909069368032514,0.909072125068726,0.90907296768833,0.909073200396063,0.909073708977361,0.909075102180861,0.909076326513009,0.909077372327245,0.909078108605371,0.909142415657086,0.909143691796549,0.90914461727348,0.90914727810827,0.909147591267559,0.909148244380919,0.909151262563867,0.909173648232642,0.909178316703362,0.909179085958929,0.909186148603713,0.909188028376874,0.909192672943373,0.909193647398373,0.909194013684055,0.909194504844189,0.909195092234658,0.909197001796496,0.909197976388895,0.909199669600975,0.909201049550248,0.909202483557033,0.909202790903804,0.909203832290481,0.909204594986651,0.909205535887637,0.909206483199684,0.909208183842001,0.909210096384983,0.909212752236382,0.909213421645118,0.909215184113726,0.909216307214258,0.909217312384973,0.909218394907762,0.909218925584801,0.909219242314853,0.909220016195089,0.909220851137849,0.909221467711983,0.909222327917034,0.909222745614337,0.909225139021439,0.909225505262974,0.909236348542565,0.909236664260773,0.90927211467307,0.909273043568378,0.909317538367877,0.909318379383704,0.909347745349125,0.909348615274478,0.909349574554067,0.909350898681733,0.909351812010796,0.909352203902417,0.909359568715048,0.909361275738629,0.909362986161613,0.909363956195638,0.909366682476398,0.909367242917178,0.909368405283106,0.909369637637251,0.909376700972912,0.909378103592742,0.909383078658295,0.909385197145741,0.909386128224595,0.909388244253713,0.909389136092917,0.909389658911914,0.909390532642446,0.909391610718968
0.375789074816725,0.394441345196686,0.395353681046578,0.416179404238928,0.448464993076413,0.449786719912768,0.510385268634608,0.510385268634608,0.510784675051356,0.510784675051356,0.537866310682645,0.537866310682645,0.537866310682645,0.561658738110679,0.563838268451067,0.563838268451067,0.563838268451067,0.566217841182061,0.573134295237085,0.573134295237085,0.646438674476798,0.646438674476798,0.646438674476798,0.646475564443013,0.702058618542755,0.702058618542755,0.702183373038854,0.702183373038855,0.702488060575698,0.702488060575698,0.702859744444248,0.707294105432187,0.707356327394657,0.707465803905984,0.707514936911136,0.707784517658835,0.715085086852637,0.715085086852637,0.726204509344452,0.726204509344452,0.727248322914481,0.727248322914481,0.75211982434944,0.752151491410914,0.754281921867124,0.754804868112191,0.755802399352599,0.7558023993526,0.760176508390806,0.760176508390806,0.792488207674107,0.79269616090717,0.812804313597252,0.812942742258893,0.821761902934168,0.821959368488299,0.829504116565122,0.829762483244992,0.84128698162335,0.841582036647058,0.842229175754103,0.842271215295542,0.843446972718301,0.843625168830217,0.855896413375997,0.85611566613708,0.859461673511831,0.859772751807137,0.867259729751935,0.867574520982225,0.869976994714466,0.870600900531758,0.871924040210057,0.872489578893806,0.87363051204585,0.873639199444365,0.874075966955599,0.874948274231104,0.875579543934052,0.875831528991256,0.87603771172268,0.877026272823781,0.879929547662278,0.880042311360072,0.883487895357817,0.883568220204562,0.884380427486088,0.884880002437894,0.885864119790612,0.88592530895766,0.886336595069438,0.886445641798337,0.88775004115999,0.887941421975142,0.888379407761368,0.888577116039806,0.889537916808566,0.890530504109556,0.891008217575499,0.891165266296503,0.891881111931257,0.891963708214368,0.892460797424214,0.892590255335489,0.89288878367044,0.893040127062199,0.893232715905881,0.894239808432012,0.894792544461068,0.895040944477434,0.895229069742003,0.895471078134296,0.89567290017105,0.895898586684683,0.896022876600522,0.896289289619117,0.896486760936063,0.896561622853743,0.896708426649158,0.896795297467382,0.897027808434727,0.897082039566534,0.897343137023336,0.897423529281507,0.89760371312646,0.897623280574975,0.897802582415339,0.897871990650396,0.898031613886436,0.898060903078845,0.898223182445934,0.898266713341785,0.898502147298761,0.898543876660888,0.898684655331876,0.898750908172916,0.898846748667369,0.898889308742483,0.898977695682939,0.899059506518082,0.89919031791039,0.89922894296128,0.899353241226608,0.899410364156664,0.899507382659113,0.899547253933045,0.899632920995797,0.899663217946431,0.899733928602528,0.899772826453528,0.899860810876461,0.899880803376645,0.899947093534455,0.900010876485334,0.90008193866952,0.9001128473346,0.900139842578677,0.900181934791137,0.900246630113629,0.900257131523757,0.9003264873157,0.900352464370547,0.9003765181605,0.900403631728222,0.901042392308879,0.901065088694229,0.901091390203492,0.901111826587993,0.901135448017859,0.901156210207817,0.901180638707724,0.901201590589623,0.901217450742941,0.901247945478253,0.901277230604724,0.901292432314915,0.901319731836504,0.901343371037287,0.901367739235711,0.901385016539294,0.90140463898571,0.901423651236222,0.901442335016697,0.901457238088312,0.901476820999264,0.901489878803288,0.90150168781098,0.901517588813333,0.901531813614761,0.901551676826287,0.901565037437689,0.90158150415427,0.901600769694991,0.901611492745141,0.90162394534439,0.90164029960243,0.901656722074079,0.901669215219102,0.901682046843331,0.90168742788069,0.901698701110045,0.901708912341588,0.901720831245555,0.901732762681698,0.901750164724706,0.901759822590014,0.90177030443105,0.901782758440931,0.901791921345287,0.901804641940227,0.901813922814382,0.90182007871666,0.901832645251226,0.901842214579644,0.901850246694276,0.901855644970082,0.901860928851955,0.901864665352192,0.901872894559585,0.9018806997811,0.901886930783988,0.901891096709677,0.901907153246966,0.901917802486431,0.901926350436667,0.901938205351501,0.901947237285184,0.901953117398045,0.901962886821711,0.90196639178457,0.90197324387945,0.901978904850134,0.901990358472541,0.901995857048828,0.902003380093324,0.902013584320609,0.902021958561573,0.902030075374023,0.902596093920679,0.902603801099204,0.902611145615719,0.902616799451834,0.902627773087307,0.902633682480628,0.902636534435664,0.902644458453058,0.902648792053692,0.902654721283172,0.902657839516172,0.902668938939333,0.902675739535464,0.902680271499048,0.902685046872387,0.90269333669545,0.902700094347729,0.902708995223641,0.902713026469442,0.902715832840752,0.902721085588835,0.902727324611606,0.902731090048037,0.902735304820101,0.902739624391718,0.902745331397595,0.90274850358607,0.902752648444488,0.902755541262424,0.902760967433308,0.902765091288035,0.902770353156784,0.902774579037591,0.902781292461661,0.902785236649463,0.902788054174941,0.902793277484896,0.902798261749563,0.902800245623,0.902803075125389,0.902806510916208,0.902808852237904,0.902812987712068,0.90281626701353,0.902819108682446,0.902823615414309,0.90282662490822,0.902829858352627,0.902833657796511,0.902837243945585,0.902839021664492,0.902843106965725,0.902907976058574,0.902912064399988,0.902913300976676,0.902918617444287,0.902920604116427,0.902923200848023,0.902927453348852,0.902928628201579,0.902932063866908,0.902934582567459,0.902937282668192,0.90293857249881,0.902941848623373,0.902944396165419,0.902947842037969,0.902950540944528,0.902952708443499,0.902953614292399,0.902954994330157,0.902958038254836,0.902959342754623,0.902961685402765,0.902964737622625,0.902967424026133,0.902969316738039,0.902970471146219,0.902973315180859,0.902975009621644,0.902976315919967,0.90297812471544,0.902980067987127,0.902981895911353,0.902984191373157,0.902985891415337,0.902988874440723,0.90299238103526,0.902995248260138,0.902998426425168,0.903000303422409,0.903002551413369,0.903005504604515,0.90300820058199,0.903010374384682,0.903013763051948,0.903015817340637,0.903017911986677,0.90301946671406,0.90302201081082,0.903023063666051,0.903025529441434,0.903026305981051,0.903028536926011,0.903031230323751,0.903033451247484,0.903035796378502,0.903039196072059,0.903041182147848,0.903043290711742,0.903044180245943,0.903046768957359,0.903049929927001,0.903051770046539,0.903053337306773,0.903055140884409,0.903057177592253,0.903059979026097,0.903061103689366,0.903063412425623,0.903064938174498,0.903066518449977,0.90306800233246,0.903069173419635,0.903072591306015,0.903073660389161,0.903075558620711,0.903077712430822,0.903079325336759,0.903080833698115,0.903082734765159,0.903083585357522,0.903084687598419,0.903085224849855,0.903086412851291,0.903087885638617,0.903088615856921,0.903090733146272,0.903092025224091,0.903094366000264,0.903094829582517,0.903096361698546,0.903096628018749,0.903097650700611,0.903097893437782,0.903098510460042,0.903099213960672,0.903100110855304,0.903101317544321,0.903102540897351,0.903103278427463,0.903104087337869,0.903105311602895,0.903105751958474,0.903106527704119,0.903107899548254,0.903108322474387,0.903109053723072,0.903109685282431,0.903111234400642,0.90318800866456,0.903189187135739,0.903190201469503,0.903191178187326,0.903191841943536,0.903192403692388,0.90319294536889,0.903193737633779,0.903194255174957,0.903195657179624,0.90319857942533,0.903198924131485,0.903199387722954,0.903200085656611,0.903201317786121,0.903201617778196,0.903201906478092,0.903202863929323,0.903204706831906,0.903205456126782,0.903207167664997,0.903207627628074,0.903207947890621,0.903208544014003,0.903209453793702,0.903209861845498,0.903210553623118,0.903210801162706,0.903211944629362,0.903212398605473,0.903213210025269,0.903213901406908,0.903214662760734,0.903215761086585,0.903216558003539,0.903216703500954,0.903218085684076,0.903219395299713,0.903220064391562,0.903220232887687,0.903221904247382,0.903222058996045,0.903223150325708,0.903224408323509,0.903225048378529,0.903225341987584,0.903226023552795,0.903227059773539,0.903227539277224,0.903227996136873,0.903228543186613,0.90322947712423,0.903230071053266,0.903230762094944,0.903232078968953,0.903233021272261,0.903234643744058,0.903234829724847,0.903235832574942,0.903236519993553,0.90323735936896,0.903238320666325,0.903239056225334,0.903239617547075,0.903240352242344,0.903241246904256,0.903241886631272,0.903242915293166,0.903244085267932,0.903244819693161,0.903245848082709,0.903246747537336,0.903247431856921,0.903248417949764,0.903248792869651,0.903249247242455,0.903249790767441,0.903250337886704,0.90325062734616,0.903251360388196,0.903252591204381,0.903253801715321,0.903254890799724,0.903255980092919,0.903256364506094,0.90325700728631,0.903257495037342,0.903258280733027,0.903259103135834,0.903259530618338,0.903260130031782,0.903260534868929,0.903260998067926,0.903261543463508,0.903262382820431,0.90326296069764,0.90326370709554,0.903264191398823,0.903264680057014,0.90326501657985,0.903265415580515,0.903266303468072
0.410094914447593,0.450837588790562,0.451102308496691,0.453353399135254,0.48233311224161,0.48233311224161,0.495385881525475,0.506916971941817,0.507148361986425,0.507148361986425,0.534337980533208,0.534450432407039,0.587986482150182,0.587986482150182,0.587986482150182,0.588270182803691,0.588434091084914,0.589854898897898,0.606073251909047,0.606073251909047,0.614756111133416,0.614756111133416,0.635963958580982,0.636138428452196,0.639339248831276,0.639339248831276,0.673794633114472,0.674606936638772,0.676713033640919,0.699948413244415,0.740886717202341,0.740912112734609,0.743537932629884,0.744174679270634,0.746417123002285,0.746417123002285,0.754163020748375,0.754163020748375,0.754524537163412,0.754615982939851,0.763431104646097,0.764003573092724,0.771053627227476,0.771053627227475,0.773115002046779,0.786673401436716,0.813658300573068,0.813658300573068,0.814779295168401,0.815104376518777,0.815847745926802,0.815890128354572,0.823462762588423,0.823503550569764,0.824438618202066,0.827634454128515,0.829112659314088,0.829186479896656,0.835110073827722,0.838267416022991,0.840242990514036,0.841010295611542,0.858172336512138,0.858199926776486,0.85897729482477,0.864121881662682,0.865206291097746,0.865645506074053,0.866847099056074,0.868256060215238,0.871663182292714,0.872266847953764,0.873473534654768,0.87376938226413,0.876209132765239,0.876485977712874,0.877570862722439,0.87775095017163,0.878392105267192,0.878578281523085,0.879581316334411,0.88013423805432,0.880430981531393,0.880545211846396,0.881074645721486,0.881171375209486,0.881445924991757,0.881679395829605,0.882462697047569,0.882555515498243,0.885755413265696,0.88621096513674,0.886815259997214,0.886911413702275,0.887250743791602,0.887577495438542,0.889798921761931,0.889931910690143,0.891509063327296,0.89179759839757,0.891973432796276,0.892074067911509,0.892360502298205,0.892589742884775,0.892964993181713,0.893136967824391,0.895331719264609,0.895426833916375,0.89546047634479,0.895539360298594,0.895843198596796,0.895976023286059,0.896103473269818,0.896164883686627,0.896444683563554,0.896500443642718,0.896658370865258,0.897112031436764,0.898077981672307,0.89809309346167,0.89835070126671,0.898371308421387,0.898680216887964,0.89870205379306,0.898955675468377,0.898969745179242,0.899071283285547,0.899117257969815,0.899279796696869,0.899321361935623,0.899449469358613,0.899506499631391,0.89963222676365,0.899672421791973,0.899808235001701,0.899870566463011,0.900049732426491,0.900091145409507,0.900205286008345,0.900235570442777,0.900373191371099,0.900388715781344,0.900452230645596,0.900490949831993,0.900586907602093,0.900630567269002,0.900708328354922,0.900733962885191,0.90083058543029,0.900869334942824,0.900937892167725,0.90096877683206,0.901020183771929,0.901065617607674,0.901144847252878,0.901210794363403,0.9012685656884,0.901300792952387,0.90133994772941,0.901373740804996,0.901432489143429,0.901461770826073,0.90150003610992,0.901532878278278,0.901564078205826,0.901577200930801,0.901608103688444,0.901623916764678,0.901656156462369,0.901674601088891,0.901685175849673,0.901718364527622,0.901733754268287,0.90175002314439,0.90176817808056,0.901792612459863,0.901820852290196,0.901838780767643,0.901853964097952,0.901872107074066,0.901892175965312,0.901909075648702,0.901918068812226,0.901934582777762,0.901953992554516,0.90196757519022,0.901990258858712,0.902005112357127,0.902019633349858,0.902029018358915,0.902126911991156,0.902142462527802,0.902161324646812,0.902172868174171,0.902188795060158,0.902195743069462,0.902206886086251,0.902216007751945,0.902233518292437,0.902242655138018,0.902258146536556,0.902266831546545,0.902279719542677,0.902288465397675,0.902299668487927,0.902309431715511,0.9023180485267,0.902325880167812,0.90232991481258,0.902339875428703,0.902345642825135,0.902353337166486,0.902722981967237,0.902729070122044,0.902734973947935,0.90274667177406,0.902754034323993,0.902764292563847,0.902771837094633,0.902783331251678,0.902789586919506,0.902796767387528,0.902800832373338,0.90280673463663,0.902810157159094,0.902819098369187,0.902822298574343,0.902825657513899,0.902832788788434,0.902835574301519,0.902840106916245,0.902844864168008,0.902849657076498,0.902856410772363,0.902862591361038,0.902870942278201,0.902875923010165,0.902880185146179,0.902884588226562,0.902890852993456,0.902893382234514,0.902898365858373,0.902906767389236,0.90290895478838,0.902913120439043,0.902916227243398,0.90291897757211,0.902923079663449,0.902928367064342,0.902933662767033,0.902935720306594,0.902940018253738,0.902945067861366,0.902949671131112,0.902952008703261,0.902954376510859,0.90295912045345,0.902961954214073,0.902965866809551,0.902969749998274,0.902973448621283,0.902976701523505,0.902979198713636,0.902982459610499,0.902985135005327,0.90298729131683,0.902990194878929,0.902993999565224,0.90299811484772,0.902999993091245,0.903001609161023,0.903006124561746,0.903008746129439,0.903011485119745,0.903014777241298,0.903017676252683,0.903150138418881,0.903151410419742,0.90315685620901,0.903158753562287,0.903160824537135,0.903162046412539,0.903164429000111,0.903166581302127,0.903168810623294,0.903171282368471,0.903174857738571,0.903176959054804,0.903180159833183,0.903181806688726,0.903185826099958,0.903188008054475,0.903189545286697,0.903192827369687,0.903194487749246,0.90319674897996,0.903199195450043,0.903202562481048,0.903562771388853,0.903567375598988,0.903570978641121,0.903573184673673,0.903574392886321,0.903578740063318,0.90358053454299,0.903582959618456,0.903585024500929,0.903586704727287,0.903587871736957,0.903590928588767,0.903594583965632,0.903596329951422,0.904032711366404,0.904034721893284,0.904036365175265,0.904038422038987,0.904041588152254,0.904044097020412,0.90404548042988,0.90404654617148,0.904049448671972,0.904050222721184,0.904053820302095,0.904056764453963,0.904060653887837,0.904062908519715,0.904065004365487,0.904066981898481,0.904071677922642,0.904073911568555,0.9040760214524,0.904077344726448,0.904079624988715,0.904080675111042,0.904083119873355,0.904085676302415,0.904087419829118,0.904089599632274,0.904091857548657,0.904092682686039,0.904094583877306,0.904095674465008,0.904097201674913,0.904098995802547,0.904100302650919,0.90410202522879,0.904104825544511,0.904106755360365,0.904110992458819,0.904112312098112,0.904114188358981,0.904115577635798,0.904254766801726,0.904255579804116,0.904256845253217,0.904257833226395,0.904259762414204,0.904259931555311,0.904261100603281,0.904263045933999,0.904265877251786,0.904267016790791,0.904268282117038,0.904269673964408,0.904271388125963,0.904271921553649,0.904272283594802,0.904273884892879,0.9042757246592,0.904276693905463,0.904278741055902,0.904280894961819,0.904282659216636,0.904283636919563,0.904284394293669,0.904286619733757,0.904287639384305,0.904288332133718,0.904289048397034,0.904290377280295,0.904291203373588,0.904292761204175,0.904292992118093,0.904293433366715,0.904294226660353,0.904295436553025,0.904296500213293,0.904297656230655,0.904298259871517,0.904299516459002,0.904300735682133,0.904302069038601,0.904389095117927,0.904390118884966,0.90439077232217,0.904392537761425,0.904393200461567,0.904394040500856,0.904395576615369,0.904396551930462,0.904396959195155,0.904397933396957,0.90439850211244,0.904399267644134,0.904399600385312,0.904401209822572,0.904401690506327,0.904401917679659,0.904402876649492,0.904404316202133,0.904405308907811,0.904405858475631,0.904406359190486,0.904407122780942,0.904407905273292,0.904408473961692,0.904409604564865,0.904410749775534,0.904411366264447,0.904412775697356,0.904413570787003,0.9044143467354,0.904415066977718,0.904415200907938,0.904415538774569,0.904416052909102,0.904416774137296,0.904417082012687,0.904417701368028,0.904418163456709,0.904418709615739,0.904419186555299,0.904419943531183,0.904420629733728,0.904421565089307,0.904422610861251,0.904423786170419,0.904424566750173,0.90442516443757,0.904425946267228,0.904426553778426,0.904427419167242,0.904427848634468,0.904428079906925,0.9044286885637,0.904429351417737,0.904442536209607,0.904443437734697,0.904445466512216,0.904446032572046,0.904447251554281,0.904448096260743,0.904448949805945,0.904449406255748,0.904450194162334,0.904450952119376,0.904451339181753,0.904452219861639,0.904452511793125,0.904452902183432,0.904453338576903,0.904453640173984,0.904454219573906,0.904454582191,0.904455587927248,0.90445596048836,0.904456856553771,0.904457647868571,0.904458013838131,0.904458987836475,0.904459715846128,0.904460323821286,0.904460866815751,0.904461173623608,0.904461482178662,0.904461843793275,0.904462671332127,0.904463922379396,0.904464805875251,0.904466457768408,0.904467022630196,0.904467641718382,0.904467832388684,0.904468093638636,0.904468704399505,0.90446939851444,0.904469677534441,0.904470290781432,0.904470930794153,0.904471672429428,0.904471949231767,0.904472125211968,0.904472240179931,0.904472558888473,0.90447296224862,0.904473442345159,0.904473905104404,0.9044742320921,0.904474652530534,0.904475276944278
0.388830300182945,0.394112328190576,0.42749982727654,0.431143003680792,0.442025193896454,0.481703912757436,0.509669432284246,0.520996522394358,0.526576691168341,0.526704373921514,0.531948311773706,0.531948311773706,0.57600391613272,0.57600391613272,0.599978310976163,0.600187201184366,0.600526137789943,0.600526137789944,0.617276250370248,0.617276250370248,0.661934187604571,0.662281203261665,0.68263573465886,0.684165038147968,0.685042046788628,0.685736088341789,0.687668633455591,0.696650105150906,0.707458612413638,0.707762187702854,0.715489643404948,0.726808540009074,0.732752274669389,0.732752274669389,0.765905688253065,0.765905688253065,0.785069039271942,0.785069039271942,0.788674858348571,0.788685397544996,0.792614541939774,0.794270001368192,0.804284123475561,0.804309890242145,0.806823673223131,0.807135135295604,0.834926218339429,0.835299465068742,0.836209939083626,0.83660094534975,0.83793141963266,0.837970976124837,0.838670034977939,0.838945418106662,0.848523486764499,0.848735716525692,0.850000758905927,0.850208601104152,0.855571852213456,0.85580518580684,0.856954232642121,0.858508729315248,0.859276871363848,0.859287118649493,0.860924880245363,0.870172410165934,0.871702372187291,0.871761060614096,0.872232059762786,0.873415808811223,0.877094676558902,0.87731052766061,0.878162555497347,0.878330932584544,0.882555976820142,0.88263782129171,0.883181537843354,0.883415218724793,0.890068212678936,0.890121185069098,0.89048709774793,0.890830460053138,0.891385008873579,0.89159929679625,0.891803321592451,0.892043158749677,0.892254047491967,0.892674758387724,0.893033684442535,0.893133815679097,0.893413305105423,0.893629291030619,0.893851216302198,0.893991345616651,0.894718417471636,0.894932446244695,0.895451070469556,0.895669515229462,0.895866621591236,0.896179824347553,0.89656181774752,0.896718829153975,0.896859200213194,0.897054520037577,0.897306525763559,0.897485436172881,0.898432672677341,0.8984924355222,0.898905897773804,0.899033278515248,0.89928974430089,0.899362744529185,0.899556213706282,0.899581618317323,0.899780209195911,0.899803181888778,0.900019328949974,0.900053853461257,0.900226213513265,0.900288570728134,0.900490749114138,0.900521423479526,0.9007461838264,0.900800155763964,0.90102477525428,0.901053168059927,0.901176984009002,0.901216651260783,0.901280087716032,0.901316690693467,0.90140955341731,0.901467644044242,0.901576518314038,0.901650216397696,0.901750651761522,0.901792782404693,0.901828337130622,0.901853257236881,0.901900842645021,0.901985601523062,0.902058124494884,0.902109650110208,0.902148250924357,0.902179388916466,0.90222315456888,0.902246424414858,0.902316233093805,0.902350432872072,0.902390012212876,0.902412987013272,0.902485184829487,0.90250412361261,0.902564110105218,0.902599812687149,0.902630988364552,0.902668246127581,0.902693245088326,0.902731422711689,0.902770924045154,0.902803177966783,0.902842072585936,0.902873474544724,0.902902469920329,0.902916856373807,0.902951471663392,0.902966935685995,0.902989696188751,0.903005573662974,0.903025387150506,0.903061361712273,0.903072936963746,0.903087131766232,0.903103753949021,0.903123275268386,0.903138691143658,0.903149627157366,0.903168254597665,0.903179101687037,0.903199504118475,0.90321051941045,0.9032286800638,0.903241101920413,0.903251868844201,0.903260116860491,0.903274791466141,0.90328997939254,0.903302903872478,0.903315986218302,0.90346537428911,0.903471661396619,0.903487461376181,0.903502432534473,0.903517285613385,0.903529438533467,0.903539175642085,0.903554560901958,0.903561085061865,0.903574839990954,0.903587354970746,0.90359258887999,0.903600935425322,0.903607478940315,0.903618808228178,0.903628436750687,0.903637307500024,0.903647776886408,0.903659292785046,0.903666200146575,0.903673233853918,0.903677648350958,0.903688522896158,0.903695379969991,0.903897102535586,0.903902058855885,0.90390712901884,0.90391316245994,0.903920347829555,0.903928124167549,0.903930042090812,0.90393828273544,0.903945788305751,0.903953128086155,0.903957191845764,0.903961629339067,0.90396842960837,0.903972751970407,0.90397791740289,0.903981619494429,0.903985947878032,0.903990585324381,0.90399549476795,0.904004292391182,0.904012024208075,0.90401778966042,0.904020896003758,0.904027538090481,0.904033142181154,0.904038638161496,0.904040003941843,0.904043522040947,0.904053009770343,0.904060959556861,0.904065612050289,0.904070505769278,0.904075790274735,0.904083260597125,0.904088200487109,0.904093377659002,0.904101313268924,0.90410504952565,0.904108643713828,0.904113312916176,0.904116308303016,0.904118910185406,0.904123625595546,0.904126419528747,0.904130414741501,0.904134729414282,0.904139564730218,0.904144241261637,0.904147265366477,0.90415183453766,0.904157974703116,0.90416383456117,0.904169791120885,0.904173519684389,0.904177918079969,0.90418222703455,0.904187285386858,0.904191314434585,0.904196293796268,0.904199139108278,0.904202037919232,0.904206927487237,0.904212851465728,0.904218595948564,0.904221096189161,0.904223722138125,0.904227012139226,0.904228826002542,0.904233782200185,0.904235772655125,0.904238646307143,0.904243398417526,0.904244935354646,0.904247716640915,0.904250819199391,0.904253105272552,0.904256008953862,0.904257986899658,0.904260583018934,0.904262797257457,0.904265138929046,0.904267919800291,0.904271590522935,0.904274135434593,0.904276297141893,0.904278562606856,0.904281231317986,0.904283501981175,0.904284525253353,0.904287128718774,0.904448338018785,0.904450896699891,0.904453870180349,0.904456607346149,0.904458757263619,0.904461492229559,0.904464342032475,0.904466921104663,0.904469032211608,0.90447113472497,0.904473264384852,0.904474853926398,0.904478391606979,0.904482005924814,0.904484405157826,0.904486262087019,0.904488806106447,0.904490914584072,0.9044920756647,0.904493411233266,0.904494488287696,0.904496784404052,0.904498379000326,0.90450049053183,0.904502658518086,0.904505557072361,0.904507924895692,0.904510109870252,0.904512835464599,0.904514494829785,0.904516066613389,0.904520272487276,0.904521554873808,0.904524183542504,0.904526528817344,0.904528009769344,0.904528922556765,0.904530401759146,0.904531433631787,0.90453356234111,0.904535999131849,0.904537076688261,0.904538503464509,0.904540331219174,0.904543171810457,0.904544453900017,0.904546551397377,0.904547716539028,0.904548811164393,0.904549907413968,0.904552047983608,0.904553674519368,0.904555245760231,0.904556950168915,0.90455897761316,0.904559578121515,0.904561935879242,0.904563970884327,0.904564953688898,0.904566205764205,0.904567709797572,0.904569771271022,0.904570740343218,0.90457171316816,0.904573157656891,0.904574869475271,0.904575987729541,0.904576690150623,0.904579417772668,0.904580220637505,0.904580757657442,0.904582069571555,0.904583150151658,0.90458413152991,0.904584620343364,0.904584936053275,0.904586514992296,0.904587087904355,0.904588520912978,0.904589612437597,0.904591491353131,0.904592510603678,0.904593910806094,0.904594972863181,0.904596771917103,0.904598183991162,0.904598860129711,0.904599958715895,0.904601643545003,0.904602776557538,0.904603996387887,0.90460508204412,0.904606295779839,0.904607025834131,0.904608029682117,0.904609293377279,0.904611064135334,0.904612608142,0.904613043001326,0.90461491376475,0.904615555681882,0.904617424039499,0.904618144024188,0.904619796446845,0.904621298774871,0.90462300290581,0.904623827731439,0.904624729613028,0.904757229752937,0.904758168316473,0.90475869947997,0.904759283030164,0.904759991352907,0.904761505873128,0.904762462754985,0.904762938951741,0.904764116773086,0.904765675207456,0.90476641739712,0.904767337570016,0.904768093112351,0.904769284120683,0.904769670978894,0.904770698043616,0.904771770068583,0.904772367604964,0.904772700588643,0.904774077085064,0.904775258990194,0.904776557070494,0.904777800110405,0.904778673211882,0.90477916041114,0.904780059038131,0.904781524105436,0.904782347346168,0.904782753231405,0.904783545199712,0.904784120166543,0.904785343132777,0.90478573377608,0.904786249105721,0.904786811645979,0.904787460387918,0.904788136378571,0.904788618162795,0.904789761447891,0.904790237678797,0.904791197626962,0.904791666162827,0.904791910108366,0.904792319303215,0.904793164737243,0.904793406288683,0.904793544062071,0.904794207034251,0.904794647779439,0.904795355520216,0.904795965767303,0.904796787577122,0.904797396590298,0.904798626017391,0.904799246365994,0.904799672906174,0.904799869820991,0.904800229292236,0.904801138289445,0.904801925385494,0.904802172886482,0.904802938105706,0.904803335006825,0.904803773047048,0.90480407292755,0.904804573902878,0.904805273621275,0.904805631889509,0.904805854637138,0.904806467573196,0.904807209737202,0.904807788420375,0.904808355265194,0.904808706202607,0.904809033149178,0.904809678847275,0.9048099594497,0.904810572901774,0.904811362712302,0.904811610689431,0.90481205707042,0.90481265219475,0.904813697576103,0.904814487114455,0.904815589927243,0.904816365885661,0.904817082590764,0.90481769689514,0.904818324732947,0.904819260419645
0.407340155313218,0.414991009584579,0.415607683575513,0.422146927008168,0.437156270917485,0.437156270917485,0.461943489284197,0.464349553275641,0.481675655259117,0.481675655259117,0.483137321719132,0.496883922321023,0.501295915404317,0.501295915404317,0.501359154719544,0.501359154719544,0.50194065729022,0.533962623669974,0.563233360844871,0.566708524697194,0.594497176124917,0.610533654792139,0.639659433163366,0.639659433163366,0.639659433163366,0.639659433163366,0.639726737281048,0.659231317864942,0.660538091077069,0.660811224470809,0.670200127188596,0.67235142921529,0.683162804827949,0.683162804827949,0.683162804827949,0.683162804827949,0.683162804827949,0.683162804827949,0.697170886613211,0.697170886613211,0.734612030401962,0.734617310906661,0.741551608836571,0.741592010110187,0.741592010110186,0.742300228379267,0.744672925366298,0.744674096273675,0.756012590593911,0.756118155386106,0.776858372871689,0.77691522485404,0.777263764792076,0.777321814588142,0.781127297468268,0.781377817628442,0.794135722347654,0.794220102841308,0.794252957026866,0.794331021858391,0.796616023821731,0.806692435244709,0.81110032858841,0.811309349585821,0.811602755661106,0.816146390091026,0.826124051406889,0.826216405166771,0.83449231498127,0.834533938375497,0.839281515298992,0.839606239119402,0.841844961029707,0.841972964281596,0.843203842702041,0.843384936039559,0.857005387031363,0.857416318787235,0.862376158092898,0.86241220662765,0.863562845986159,0.863999568198324,0.865589422713806,0.865859154557668,0.867126371483892,0.867633616764018,0.867916505273509,0.868200304842874,0.869896393056713,0.869987430699003,0.870726952099978,0.87078503999883,0.871810174621025,0.872397258928235,0.873448097732307,0.873791387400583,0.874258509025713,0.874476111120742,0.874821121224823,0.875116393383806,0.875819981685449,0.876236833317555,0.876448962864478,0.880644869582283,0.880738758470258,0.880875572371645,0.881673876668356,0.882068315684861,0.88224617757703,0.882480293925365,0.88557068151815,0.885957364934811,0.886200745031816,0.886397866752641,0.886537736937885,0.88759664406005,0.888774728331118,0.889079661280136,0.889150864888919,0.89335298010495,0.893538415102651,0.893553628787841,0.89393189966573,0.893935979624438,0.894318275915536,0.894344267990056,0.894588924313638,0.894597627457117,0.894793285830437,0.894801604145846,0.895007716259968,0.895048058523329,0.895278703107835,0.895292081629718,0.895673649607036,0.895738711110645,0.895925127956232,0.895953246959505,0.896128054297658,0.896209487936985,0.896326078600671,0.896361473380153,0.896487439018973,0.896519662672881,0.896609348031761,0.896662807533841,0.896778315187991,0.896798591670302,0.896930106799027,0.896987988433653,0.897097549186102,0.897145555140205,0.89721975295663,0.897266063747443,0.897354508414572,0.897419211285345,0.897519230570373,0.897543512855998,0.897628074742211,0.897660808934923,0.897732842544987,0.897760901074899,0.897822013626322,0.897841443477788,0.897886404339081,0.897905964352304,0.897951432790144,0.897982821901603,0.898030605816317,0.898052784278526,0.898082605265256,0.89813306960526,0.898184716216458,0.898214094242966,0.898257216040504,0.898281298578528,0.898317910817146,0.898357315328193,0.898413804332569,0.898441773587556,0.898461636980754,0.898489266485704,0.898514032240435,0.898549653381819,0.898579168872963,0.898602986999639,0.898620233310221,0.900017896899533,0.900039448150691,0.900059679980318,0.9000914896165,0.900113386355238,0.90013631827274,0.900148959515857,0.900164762534609,0.900182107263393,0.900201543978929,0.900222390708044,0.900245194226881,0.900262819966351,0.900276204738146,0.900290901630209,0.900308556355819,0.90032953152303,0.900346888927106,0.900359316686719,0.900373769499949,0.900381994674562,0.900399155256126,0.90040635335363,0.900414685202822,0.900426590684259,0.900435161516848,0.900446041337489,0.900453858964574,0.900465233516354,0.900476762356388,0.900486944480338,0.9005016680086,0.900513859192744,0.90052350131718,0.900529463423942,0.900534560037583,0.900542673948958,0.90055211857344,0.900557040343368,0.900562972685547,0.900573564219954,0.900584180736559,0.900590656061814,0.900598998763248,0.900668255109755,0.900672961099357,0.90068147932151,0.900687699512236,0.900696888591529,0.900704421878251,0.900713404759687,0.900719579109311,0.900728127937909,0.900738265454645,0.90074693344664,0.900756951717519,0.90076834891653,0.900773754929582,0.900780245802629,0.90078794699419,0.900792407413032,0.900798373632514,0.900802986989794,0.900809369939112,0.900818309995818,0.90082286084216,0.900830249493608,0.900837008717808,0.900842232836721,0.900848187933359,0.900854864299524,0.90086000780245,0.900867664461286,0.900870512197136,0.900874460350707,0.900878897309929,0.900884600618929,0.900888162397507,0.900892987755135,0.900895914285115,0.900900047733732,0.90090558696981,0.900910181183873,0.900912971404096,0.900918191708082,0.900923326925898,0.900926417093279,0.90092995234097,0.900932557610826,0.90093786021115,0.900939189647052,0.900942904589907,0.900945824878583,0.90094859274501,0.90095254298996,0.900955092827626,0.900957915005228,0.900961005788037,0.900963907082785,0.900966359449809,0.900968791519749,0.900970726039347,0.900974979750172,0.900977886953098,0.90098061428657,0.900982878453165,0.900985392475257,0.900986879601002,0.900988819169803,0.900991848149889,0.900993597753244,0.9009966042147,0.900998476001274,0.901001913342379,0.901003722722947,0.901006417634607,0.901008878797304,0.901010803782159,0.901013198480978,0.901015611668729,0.901016728091555,0.901071034053241,0.901072273421461,0.901074653665121,0.9010763327224,0.90107680745937,0.901080812072269,0.901082600976427,0.901085127445833,0.901086214633911,0.901088174835762,0.901090958704135,0.901091609132932,0.901094148219617,0.901097195174163,0.901593745925545,0.901595225331844,0.901597149751141,0.901597966018887,0.901599834600523,0.901601468254236,0.901603240280716,0.901605080901107,0.9016059804447,0.901608018054347,0.901609546629035,0.9016114381193,0.901612782467313,0.901614611101188,0.9016152473025,0.901615944070072,0.901617121622464,0.90161862248958,0.901620495608805,0.90162171561966,0.901623711053465,0.901625552989024,0.901626956622892,0.901628957421248,0.901630781654951,0.901632443250844,0.901633491289233,0.901635393272979,0.901636328454193,0.901637832363579,0.901639552909497,0.901642129871144,0.901643132784415,0.901645746634247,0.901647437026851,0.901648539343302,0.901649609255324,0.901652294580896,0.901653912469245,0.901654309806874,0.901655685995086,0.901656357894802,0.901658100854281,0.901659156530138,0.901659988371651,0.901661249664005,0.901662137743471,0.901662722974386,0.901664034254654,0.901664619683099,0.901665873936749,0.901666840334628,0.901667565526862,0.901668686717327,0.901669994345686,0.901670899322623,0.901671925804277,0.901673030024655,0.901674636277521,0.901676291281622,0.901678501823252,0.90167920215643,0.901680170982172,0.901680861907907,0.901681654435038,0.901682495022626,0.901682951607172,0.901683642788812,0.901684360389514,0.901685661613861,0.90168605013381,0.901687697788695,0.901688195137318,0.901688834358306,0.901689661709957,0.901690651261357,0.901691013028633,0.901691637438915,0.901692162832726,0.9016931937141,0.901693845581903,0.901694377701051,0.902860141497992,0.902860594302228,0.902861234791396,0.902861476485992,0.90286197834839,0.902862486556784,0.902863566014034,0.90286480092511,0.902865489609046,0.902866262362865,0.902966606371212,0.902967752458251,0.90296882974488,0.902969279746694,0.902997100898537,0.902998734991356,0.902999819886607,0.903000598381625,0.903001388915336,0.903002194552155,0.903002641363472,0.903003184515478,0.903003871891739,0.903004265697387,0.903005178716695,0.903005636554929,0.903107700306143,0.903108306494063,0.903109836996278,0.903111275408769,0.903111810508106,0.903112222500143,0.903113195463194,0.903113927757085,0.903115216754994,0.903117156426138,0.90311755834571,0.903118044571579,0.903118813215612,0.903119914293053,0.903120552655658,0.903121521193969,0.903122354267888,0.903123034884549,0.903123526475686,0.903124961768419,0.903125576167667,0.903126242145176,0.903126428504564,0.903126996469626,0.903127469609176,0.903128721533771,0.903129985829339,0.903130376300919,0.903130687838816,0.90313158994561,0.903132150838756,0.903132742845114,0.903133895838384,0.903135628682854,0.903136774454699,0.903137322986583,0.903138702435283,0.903139364083408,0.90314032972523,0.903140791278896,0.903141904212635,0.903142467155547,0.903143101874011,0.903143802493883,0.903144245100646,0.903145173782867,0.903146228757703,0.903147447575753,0.903147746713256,0.903148403590047,0.903149276421468,0.903149986829268,0.903151346983731,0.903151792924658,0.903153073729036,0.903153396600516,0.903154162691264,0.903154581014682,0.903155452618915,0.903155819519107,0.903156267131312,0.903157348279519,0.903157957045356,0.90315907700983,0.9031601635553,0.903160588417528,0.903161286319142,0.903162305182807,0.903162814499163,0.903163477767571
0.412540728972748,0.412555021207855,0.414191862620315,0.445001958872422,0.456152699506353,0.457881527002949,0.493596110101698,0.493596110101698,0.581825971271965,0.581825971271965,0.602183681966173,0.602832897619721,0.603762449210796,0.603762449210796,0.641996316748513,0.641996316748513,0.642377479384512,0.645506023296884,0.668197703155856,0.668197703155856,0.670193624795125,0.670193624795125,0.6705432328075,0.6705432328075,0.676682204839368,0.678420810653348,0.725226468865709,0.725497390410489,0.72713028742599,0.755374179457556,0.760536201764345,0.761155909862619,0.805992440653091,0.806677215081887,0.830189803277828,0.830220371427988,0.832482330421401,0.832613712452766,0.833918985586799,0.834404016871311,0.837224834681262,0.83724763151816,0.838544948751445,0.838582676869401,0.8411092582888,0.841289462527371,0.848370761825804,0.84997507433721,0.855548925702525,0.85570019213614,0.85793850554752,0.860567119901419,0.866362890246853,0.866497545935442,0.871813514757863,0.872005257840464,0.873511343527101,0.873598378709016,0.875298651110738,0.876152592746734,0.877290278031795,0.87747469548986,0.877804612687026,0.877920348955064,0.879030661009141,0.879875051165661,0.880431549527037,0.880571785270105,0.881246840940759,0.881683680818192,0.882326732422253,0.882590056206266,0.883111361017295,0.883440345895567,0.884525397280425,0.884745697030173,0.884924138860033,0.885102978237848,0.885405600148663,0.885778180874093,0.886119462885241,0.886485906367671,0.89071775657996,0.890940664247332,0.891115443863798,0.891356162057459,0.891643821654609,0.891687462785934,0.891794183374111,0.891912257767454,0.892162396131139,0.892403642451691,0.892529791275125,0.892934294584151,0.893004575902955,0.893141116597936,0.893356762790241,0.893538652919727,0.893693776997008,0.893809808881857,0.894034477267526,0.894425430802407,0.895829320338839,0.895877219783045,0.896081741911298,0.896538842674635,0.89671332220927,0.896779879052497,0.89695476914963,0.897008908544831,0.897174794959677,0.897222156520255,0.897380319637825,0.897465789781037,0.897639757940303,0.897697195908827,0.897835911007457,0.897883920423426,0.898052578275513,0.898076169510765,0.898174598692904,0.898205194827091,0.898338950678647,0.898392861663796,0.898540234743626,0.898556608842708,0.89868192770613,0.898703043677949,0.898795633949924,0.898817103680029,0.898913723431408,0.898934631484608,0.899430309074552,0.899466862565644,0.899519726838216,0.899554548496656,0.899612241814064,0.899636051310715,0.899705529319926,0.899719259138696,0.900308808990965,0.90033058905617,0.900353084173103,0.90039128015228,0.900446697265682,0.900474176184277,0.900526412614354,0.900558356223156,0.900599235548077,0.90063062944949,0.900670666679406,0.900699080538419,0.90074337995908,0.900768862881086,0.90080149982272,0.900831760729719,0.900878386039509,0.900906550955571,0.900938500387903,0.900973274460955,0.901003113100674,0.901025681548608,0.90105068218335,0.90173808089319,0.901755247686038,0.901767848243686,0.901792646690194,0.901818002452859,0.901832727478929,0.901854840730858,0.901877392900468,0.90189016247057,0.901911761969505,0.901928730780013,0.90195158120019,0.901970053764326,0.901988802026143,0.902000868677735,0.902016468664919,0.902025910134206,0.90204200703181,0.902059966630573,0.902076238114963,0.902085629062388,0.902102403439411,0.902119941907816,0.902138878412412,0.902150627771088,0.902166065235903,0.90217664410677,0.9021920491801,0.902201489862594,0.902213120136549,0.902222363843012,0.902234823976222,0.902243732672917,0.902255582880517,0.902265266583915,0.90227363506019,0.902281892875392,0.9022917272153,0.902301673737211,0.902308799168361,0.902320471679796,0.902331624943315,0.902340966082768,0.902348200177078,0.902354337009497,0.90236264459939,0.902368347010752,0.902374423918294,0.902383669199619,0.902391917139093,0.90239762582545,0.902402584857028,0.902411237261983,0.902875862492686,0.902882501108005,0.902888289012757,0.902895296546479,0.90290246304538,0.902904335992167,0.902911566251071,0.902918997062119,0.902924722111248,0.902931778030222,0.902936844370633,0.902941435050863,0.902944652312158,0.902948381401056,0.902952984115768,0.902958534605004,0.902964028769807,0.902970787926397,0.902977331647436,0.902980993183324,0.902986242330564,0.902994319542974,0.902998992559489,0.903005314896327,0.903009122434434,0.90301913013435,0.903027761785411,0.903031975895065,0.903038473319525,0.9030403691328,0.903044859683836,0.903049836013244,0.903053901161618,0.90305840930271,0.903065393209273,0.903070731331469,0.903098937146195,0.903102569691613,0.903107029877573,0.903109718807155,0.903113075214365,0.903116647613246,0.903119341866167,0.903122046403686,0.903126914576886,0.903131823297091,0.903136258653551,0.903142511594,0.903145659452932,0.903148504591445,0.903150154073214,0.903154251486898,0.903157394552899,0.903165074975854,0.903167547125119,0.90317063856676,0.903174562848129,0.90317736564707,0.903180187848685,0.903181263958649,0.903185386581032,0.903187158205228,0.903191143665523,0.903193790791536,0.903195979613227,0.903198674213109,0.903201891849582,0.903205648950865,0.903207499772752,0.903208847895072,0.903212504612562,0.903216481040157,0.903219637534471,0.903224100902646,0.903227961120206,0.903230530058657,0.903232483719291,0.903233658713778,0.903236602029722,0.903238989624737,0.90324177430823,0.903244578700046,0.903247636110047,0.90325075621531,0.903254524318091,0.903255808279818,0.903257563451689,0.903261575196683,0.90326404664664,0.903265448265051,0.903266832963026,0.903269240279127,0.903270495115963,0.903272282800507,0.903274392226815,0.903276392658427,0.903279156665359,0.903282506896662,0.903284033569292,0.903286117068651,0.903287662060553,0.903288945611167,0.903290759370104,0.903292810994652,0.903295039117706,0.903296687966502,0.9032984013719,0.903300911303271,0.903302726446171,0.90330428764593,0.903306400884344,0.903308274445375,0.90330942852726,0.903310513725144,0.903311408356811,0.903313241282946,0.903314678250864,0.903315056220463,0.903316166503582,0.903318477512257,0.903319772464927,0.903321194756106,0.903323432851,0.903324905752188,0.90332592387189,0.903327220086254,0.90332865990024,0.903330407883222,0.903332240343432,0.903333782170056,0.903335391222611,0.903335877383874,0.903336755162377,0.903338491011844,0.90333948042998,0.903340595828063,0.903341381492166,0.903343123335622,0.90334418527304,0.903344930102948,0.903345710682094,0.903347155566188,0.903348552054605,0.903350607473788,0.903351033674126,0.903353405946096,0.903354026869474,0.903354612484377,0.903356653886268,0.903357571582212,0.903358407133583,0.903359152893501,0.903359371138708,0.903360626648807,0.903581245241447,0.903582040617582,0.903582875771657,0.90358344089143,0.903585018561621,0.90358604276386,0.90358709847221,0.903587840853451,0.903592954198355,0.903593959271168,0.903595434150878,0.903595756310015,0.903596776165987,0.90359771755128,0.903599401970209,0.903600248320684,0.903601291517036,0.903602126342765,0.903603048297958,0.903603840763346,0.903604760656265,0.903605596156992,0.903606167956526,0.903607443751255,0.903608216534062,0.903608896187442,0.903609938834993,0.903610557936052,0.903611376162709,0.903611999977872,0.903652986531234,0.903653454590507,0.903654714504486,0.903655835170708,0.903656890625031,0.903657742945281,0.903659274228405,0.903659650799976,0.903660861564324,0.903661525364355,0.903662213915462,0.903664332610036,0.903665148197395,0.90366537765687,0.903665736619205,0.903666671131774,0.903667317895159,0.903668645018484,0.903669431946127,0.903670109336375,0.903671124390726,0.903673021659668,0.903674097133565,0.903675504695145,0.903676601445436,0.903677738845912,0.903678147512884,0.90367933509427,0.903679899213943,0.903680784643909,0.903681779050654,0.903682491186444,0.903684331975931,0.903684946779953,0.903685916067925,0.903686479283827,0.903687653098223,0.903688230765424,0.903689558752575,0.903690505674122,0.903691795595273,0.90369293324017,0.903693541438886,0.90369402446339,0.903695481685148,0.903696820697825,0.903698116716592,0.903698959738952,0.903699923388733,0.903701081987976,0.903701952807998,0.903702817267369,0.903702907949824,0.903704088827082,0.903704561971303,0.903705808440668,0.903706128508878,0.903707057718981,0.903707829944349,0.903708162878237,0.903708708062472,0.903709557400253,0.903709773733755,0.903710610409672,0.903711354757604,0.903712038600563,0.903713186496942,0.9037146553912,0.903715431447412,0.903716318562722,0.90371690553572,0.903717671042213,0.903717870052985,0.903718962638502,0.903719514724234,0.903720491229166,0.90372087563384,0.903721460422753,0.903722393105919,0.903722935757752,0.903723656769163,0.903723950410347,0.903724465312642,0.903725144134918,0.903725788822494,0.903726330293857,0.903726902087113,0.90372784626883,0.903728898591432,0.903729463573571,0.903730183185341,0.903731180778087,0.90373206517557,0.903733133022111,0.903733695660921,0.903734811629321,0.903735644021789,0.903736297950951,0.903736852939899,0.903737765423874
0.404774956657915,0.408178319103139,0.427992590658847,0.42828353506701,0.434636631811322,0.434636631811322,0.475056755724082,0.476846802853691,0.485637120520012,0.485637120520012,0.493235870610624,0.502080990408417,0.514268458023685,0.514268458023685,0.533574490466089,0.629358961831155,0.631026385983084,0.659771202630707,0.659971747741577,0.670149952421967,0.670751068019203,0.671290121240996,0.699621508746199,0.699621675778801,0.715773914432883,0.715773914432883,0.724668525465256,0.724668525465257,0.72496147782754,0.72496147782754,0.755909472370112,0.756068551574355,0.788345078462974,0.788601415134801,0.790254240473397,0.79058938771273,0.792757495543784,0.794457660056476,0.811059502893349,0.811370920561441,0.816227940123383,0.81717457862989,0.818489104509266,0.8190683537373,0.834112833103161,0.834183433427204,0.841657327481937,0.842937322408393,0.84743772875862,0.847491789872057,0.849174115738696,0.849656710986847,0.857661438665944,0.857724279794079,0.865578619626251,0.866002388809452,0.867472805240456,0.867891519484292,0.869787340407904,0.870557586040817,0.871829153110221,0.872395918946217,0.873096362739014,0.873265538049965,0.874707033474015,0.874800942228163,0.875763581060181,0.876299783985004,0.876982252785665,0.878077261177872,0.881835270734915,0.884296652428926,0.884640335304146,0.884788487663389,0.885112020644395,0.88526516782992,0.886103325866551,0.886341261092117,0.886838615633799,0.887167285167033,0.887629248634466,0.888006235616156,0.888617276200234,0.888738271291375,0.888943864194426,0.889225403606301,0.891369259453367,0.89145948229435,0.891706485728126,0.892046494218841,0.89377412265965,0.89412631887457,0.894366250117199,0.894543253790738,0.895055063097484,0.895364552885211,0.895545246482449,0.895750001794027,0.896443435845794,0.896638684760729,0.896850186963497,0.896993465929045,0.897121048710551,0.897317549029821,0.897472538261745,0.897586502461328,0.897760889800005,0.897894637605481,0.89827592726092,0.898296024209496,0.898492659047788,0.898534778993085,0.898670330009592,0.898696838110045,0.898879382060448,0.898913101453369,0.899103387243767,0.899120315886159,0.899279706052437,0.899319605424458,0.899440544523926,0.899545171749842,0.899749110329866,0.899801628591618,0.899897038534321,0.899934582954695,0.900073553955315,0.900119043106379,0.900214986253559,0.900242120447543,0.900375711909351,0.900443213138056,0.900526873934691,0.900599962719621,0.90065485950472,0.900721429062409,0.900798793905949,0.900830096230155,0.900904830745081,0.900940787234885,0.901000321150271,0.901030022804836,0.901085605633984,0.901128820549464,0.90118471235473,0.901222299276892,0.901270631552835,0.901298906804925,0.901348323395761,0.901374481382088,0.901434617883201,0.901456622280748,0.901482603186025,0.901510291973596,0.901545248869755,0.901570624088127,0.901608893305032,0.90163725057994,0.901666243585974,0.901694898167757,0.901881288762751,0.901901220408994,0.901931235981111,0.901966701231902,0.901994556338145,0.90202168015594,0.902049848352718,0.90206335816721,0.902096220160622,0.902111700038348,0.902220468142762,0.902237461209611,0.902269262961495,0.902290631242704,0.902314288517409,0.902329823433374,0.902359954356596,0.902370549649456,0.902382313674996,0.902397426027359,0.902418029813727,0.90244589756774,0.902469241509374,0.902486384564284,0.902505265833672,0.902521369107787,0.9025395436424,0.902557626008459,0.902571208153369,0.902590036216488,0.902608004436675,0.90261590814583,0.902632001060011,0.902643774519987,0.902663407178335,0.902680896359873,0.902699089063887,0.902713491155923,0.902727820642849,0.902740511006015,0.902753897629061,0.902765868001388,0.902777431056605,0.902785946034058,0.902798176594026,0.902809567584222,0.902857254261776,0.902863446257686,0.902872331200335,0.902882085699035,0.902894241137667,0.902899899856863,0.902910223511722,0.902921029327128,0.902928887023889,0.902935504832657,0.902943180240669,0.90295057553094,0.902959986857588,0.902971514217899,0.902978575063682,0.90298304800449,0.902986192717359,0.902991037879921,0.903001176773672,0.903010841217338,0.903017291269038,0.90302402612216,0.90303091115563,0.903036893446119,0.903042384073922,0.903046887579491,0.90305267312295,0.903056690650815,0.903063438650811,0.903067748240789,0.903074078098878,0.90307845131221,0.903087024582796,0.903095088564688,0.903100976818528,0.903108771155872,0.9031124460857,0.903114526866479,0.903120215905094,0.903123712080507,0.90312866771755,0.903131141685322,0.903134602406132,0.903138191991548,0.903141319669742,0.903145048614854,0.903149455272539,0.903153805147529,0.903157874411059,0.903162381240617,0.903168530100419,0.90317188729785,0.903176594672111,0.90318121812858,0.903185240225968,0.903188874901135,0.903191652311717,0.903195770478081,0.903200162074037,0.903203714870397,0.903205606361598,0.903208398795117,0.903634543241695,0.903638183259666,0.903642909948861,0.903646706340454,0.903650990138673,0.903656243516075,0.903658385179928,0.903662471201636,0.903666538855351,0.903669533734133,0.903671884067238,0.903676091417998,0.903679932476831,0.903683597077122,0.903685479123935,0.903689699967518,0.903693837942855,0.903696813024992,0.903701574783304,0.903703882541924,0.904025735610123,0.90402695029842,0.90403327161947,0.904034806691242,0.904038562293249,0.904040697895752,0.904042395951576,0.904046442478898,0.904048618641439,0.904049939544484,0.904051588054988,0.904053715131923,0.90405618358751,0.904059267259597,0.9040614623288,0.904064050351569,0.904065060786259,0.904066917393409,0.904280453989199,0.904282484344753,0.904284375587024,0.904286162110391,0.904289497491836,0.904291727541,0.904292881783216,0.904293958859679,0.904295625011626,0.904297554829593,0.904299613526581,0.904302985765653,0.904304802245181,0.904306374244983,0.904308580413867,0.904309868012094,0.904311745395583,0.90431335063488,0.904315501869922,0.904318640954532,0.90432000318864,0.904321697348851,0.904323575786386,0.90432579457172,0.904328125699413,0.904329849566538,0.904331820473096,0.904334871846805,0.904336717559921,0.904337357191482,0.904339067742019,0.904341070996798,0.904343023113312,0.904344427760037,0.904347061546965,0.904348864400767,0.904350923721043,0.904352614718398,0.904354614082539,0.904357133332354,0.904359978267942,0.90436254073495,0.904363723178017,0.904365269669322,0.904366142094875,0.904367685654222,0.904368997809329,0.904370592333886,0.904372633701577,0.904374433403421,0.904375259948466,0.904377142457284,0.904379382879718,0.90438121469461,0.904382974977765,0.90438494142986,0.904386592365504,0.904387417842878,0.904389752710226,0.904391645346875,0.904392583556433,0.904394185458502,0.904401125554962,0.904402203691813,0.904404355467468,0.904404870807513,0.90440566338633,0.904406840956258,0.904408027692899,0.904408694673955,0.904410799782389,0.904411912825925,0.90441312651852,0.904414236438999,0.904415659633764,0.904417145451818,0.904418739060665,0.904419772440693,0.90442091427377,0.90442315616233,0.904423670708603,0.904424777822834,0.904426186599439,0.904427172047607,0.904428008497208,0.904429174956218,0.904430333930295,0.904431969443674,0.904433791976956,0.904434203087386,0.904435030426071,0.904435592765921,0.904437509931645,0.904438197468942,0.904439111793207,0.904439373754759,0.904440049247225,0.904441202152682,0.904442540248156,0.904443347535447,0.904444047421359,0.904445044450521,0.904445846945991,0.904447103072858,0.904447907539745,0.90444895116642,0.904449903579544,0.904450446263439,0.90445076140276,0.904451739511243,0.90445291019024,0.904454319078781,0.904455253554059,0.904455637974848,0.904456727289863,0.904457179927106,0.904458452980632,0.904459411876513,0.904459985470925,0.904460955647368,0.904462731249985,0.904463414232794,0.904464192706421,0.904465283203506,0.90446579495647,0.904466768011867,0.904466944263966,0.904467902191684,0.904468977473508,0.904469390676361,0.904470097578456,0.904471032313157,0.904472140596437,0.904472678458352,0.904474010492478,0.90447477120871,0.904475348507409,0.904476591999684,0.904476799338869,0.904477468208246,0.904477653325379,0.904478143975968,0.90447910784209,0.90447978704568,0.904480621045706,0.904481205007182,0.90448249203628,0.90448314815643,0.904483999060715,0.904485707207474,0.904486104344337,0.90448711061902,0.904487734805275,0.90448835367076,0.904488940247786,0.904489571866597,0.904490256644111,0.904490977023519,0.904491442783965,0.904491973800164,0.904493090501864,0.904493755103308,0.904494391166701,0.904495037218946,0.904495882722075,0.904496148903518,0.90449689546473,0.90449772664539,0.904498152743537,0.904498523793613,0.90449881233404,0.9044996015059,0.904500092105634,0.90450027195006,0.90450164036475,0.904502273026611,0.904503328026797,0.904504359530142,0.904505397704591,0.904506118432944,0.904506559098317,0.904507269912306,0.904507727518826,0.904509204862875,0.904510110252487,0.904510512032426,0.904511204954919,0.904512065480188,0.904512678237379,0.904513201816459,0.904513720080272,0.904514850653524,0.904515972587455,0.904516532225338
0.404479136667545,0.410375342914678,0.428031096829877,0.429286114155094,0.43078148932829,0.437486183217348,0.439975163029964,0.440922216933824,0.521900354990685,0.525607940129251,0.551636146565138,0.551656545592512,0.55289068658823,0.552890686588231,0.59574136955418,0.59574136955418,0.611045551800542,0.611045551800541,0.611045551800541,0.611045551800541,0.636208626099216,0.636208626099216,0.656505128939198,0.656680955207285,0.656680955207285,0.656680955207285,0.657201550106165,0.670112295345247,0.670962393922073,0.670962393922073,0.672419784840462,0.672419784840462,0.672419784840461,0.672419784840461,0.679776442413367,0.679776442413366,0.684050984872243,0.684050984872243,0.686968399686164,0.71501828556733,0.71674278433348,0.716742784333479,0.7169617610442,0.718467943727334,0.718749301551198,0.718749301551199,0.722423935262073,0.722423935262073,0.790843893147321,0.79084389314732,0.804340281644383,0.804340281644384,0.81146358293037,0.811463582930369,0.811767082078219,0.811767082078219,0.813132814311619,0.831374199334937,0.837292244809221,0.837292244809222,0.837412131691999,0.837412131691999,0.838013161232913,0.838686458417977,0.83885635243532,0.862764950358512,0.862851308079159,0.862851308079159,0.863791672231712,0.873974310100618,0.874772797975106,0.875193461433267,0.878391103754236,0.878452388236622,0.880450613832393,0.880465371043246,0.880612371006951,0.883355344980839,0.8863762063697,0.886435209515981,0.887796551203995,0.887796551203995,0.887908690678544,0.88791346867211,0.889780494544213,0.889816150398972,0.890887922475582,0.890908462329631,0.894173910244806,0.894241994483713,0.894340260319904,0.894413352121669,0.894973913703529,0.895106711786771,0.895858100522497,0.895910742203745,0.896420172341774,0.896513169350536,0.896775748927441,0.896929719696459,0.897127433677022,0.897409098383099,0.897741666924793,0.897850467503494,0.898096363767745,0.898252884706581,0.898658547467836,0.898694890427121,0.899518824055073,0.899585979725567,0.899828328211981,0.899911653911487,0.900305534490879,0.900387387900497,0.900620976895164,0.900807344584994,0.901490279504494,0.901666691553539,0.901838848170653,0.90199269588994,0.902455633927645,0.902505807006267,0.903469302416187,0.903560340285764,0.903994785340778,0.904646156677287,0.904693363336241,0.904875888154484,0.905361780944388,0.905426557137625,0.905548176055079,0.905808105949426,0.905855163566369,0.905967347021403,0.90604821262651,0.906109878540742,0.906163499893519,0.90624030506707,0.906275873233681,0.906310691706654,0.906368112111615,0.906405664110275,0.906485034930173,0.906489267215282,0.906645193296853,0.906656608625558,0.906776714376619,0.906800058166187,0.906856294768156,0.906931922679798,0.907025341687323,0.907041704880227,0.907140410433538,0.907152115214133,0.907188019359796,0.907255745929312,0.907368117444246,0.907385696594108,0.907522164874156,0.907543891970695,0.907688238603538,0.907698074637814,0.907732621829626,0.907750722028379,0.907797367449311,0.907823915370663,0.907914371477434,0.907927088193824,0.9080227105141,0.908036285950563,0.908457914669347,0.908475755057066,0.908564000210819,0.908575068717995,0.910788744859893,0.910808674449445,0.910867310117999,0.91087600948768,0.910896505358283,0.910912044733961,0.910974094142928,0.910982553092421,0.91106128288229,0.911079653432024,0.911111009022308,0.911126578879165,0.911157380796407,0.911176926677904,0.911260288410088,0.911279619019808,0.911310677373959,0.911321612085957,0.911366539429571,0.911382461457968,0.91154099194805,0.911560008988889,0.911589166506044,0.911601319461199,0.911990373451191,0.911997863554323,0.912033504157619,0.912043953611522,0.912070738320416,0.912088307122462,0.912101504942504,0.912112939877185,0.912133068966194,0.912141664318918,0.912147438600214,0.912167256448308,0.912174008864536,0.912192305085971,0.912230802138771,0.912237757098171,0.912245540765313,0.912262840527267,0.91228083438558,0.912288573982624,0.912303499872226,0.912309963771714,0.912317017317283,0.912336499864613,0.912346321953923,0.912353947470575,0.912364274365801,0.912372849980333,0.912375928455817,0.912387122922486,0.912400061964557,0.912407339346087,0.912420505032604,0.912428302187424,0.91243201450389,0.912442279890997,0.912452506136819,0.912462358281446,0.912470595530035,0.912479717668652,0.91248825650631,0.912495050482824,0.912530532806522,0.912534513888084,0.91254093054517,0.912546984551007,0.91300768750049,0.913015006992664,0.913025096880399,0.913032721482537,0.913043439738358,0.913046824309518,0.913057109889987,0.913063268829239,0.913068038398865,0.913073966812992,0.91307612740788,0.913080389715617,0.913091130750258,0.913093910510931,0.91309990248195,0.914000139068102,0.91400230540823,0.914008411498786,0.914013354590402,0.914023828402751,0.914025819038805,0.914032879745869,0.914034674865797,0.914037964461852,0.914132158022015,0.914137507049762,0.914145526380822,0.914151221746286,0.914159176712587,0.914162210257426,0.914166568587533,0.914171762353911,0.914175617310448,0.914177960690285,0.914183861059408,0.914185704330684,0.914188446373797,0.914191398639989,0.914193410778538,0.914200338055164,0.914203653068137,0.914206079940467,0.914207539516218,0.914223088266703,0.914224732728649,0.914227959788118,0.914231418493926,0.914233552588473,0.914235323566264,0.914239660134205,0.914243898025719,0.914245923575482,0.914246901564437,0.914250475947314,0.914253710410675,0.914257601727974,0.914262501263215,0.914263638289588,0.914266440840317,0.914269291385497,0.914272048590235,0.914273884080301,0.914277450238067,0.914280760086787,0.914283386207541,0.914283601193211,0.914286997768973,0.91428830372791,0.914290782948692,0.914293573685145,0.914297373468125,0.914299158668071,0.914305076102127,0.91430670630808,0.914309732376004,0.914312245032092,0.914316249714866,0.914316919049042,0.914318259947325,0.914319794526411,0.914322852293263,0.91432464484973,0.914325906895406,0.914328311619749,0.914330737230135,0.914331558537322,0.914340181156419,0.914345429414676,0.914347585737633,0.91434950600522,0.914353353785415,0.914354152967802,0.914356272388644,0.914357701212937,0.914359817671007,0.914361724436579,0.914365434422214,0.914367983074328,0.914369816926077,0.914370818617501,0.914371482180146,0.91437260228182,0.914373779937671,0.914375631390219,0.914379029476848,0.914380553751306,0.914382087849053,0.9143846719045,0.914386209488144,0.914387302703633,0.914514517581404,0.914515935518339,0.916146859494534,0.916147476865343,0.916148789311107,0.916150852245484,0.916153763513092,0.916155278466884,0.916158330736388,0.916159303792088,0.916159709220284,0.916161071783392,0.916165442474479,0.916167172494046,0.916167863301886,0.916169959938307,0.916170382777548,0.916171775473628,0.91617353461752,0.916175093227272,0.916191776159792,0.916192297193737,0.916193174100738,0.916194433847379,0.916195178717239,0.916197067950217,0.916198985022661,0.916200746846275,0.9162034796151,0.916204879619383,0.916205670744372,0.916207419034725,0.91620838240069,0.91620977159005,0.916211841581789,0.916212617962933,0.916213664185603,0.916214098982453,0.916216410752056,0.916216712115712,0.916217936477162,0.91621818927521,0.9162193077027,0.916219490036348,0.916220862145218,0.916221468589781,0.916222779515497,0.916224352688071,0.916225176946268,0.916225803762445,0.916227212284633,0.916228572928785,0.916229251078911,0.916229721524742,0.916230254062812,0.916231413375804,0.916232569118855,0.916233002769876,0.916233875644364,0.916234246918579,0.916234790007041,0.916234992328399,0.916236843140242,0.916238339400557,0.916239515166428,0.916239937427444,0.91624069662692,0.916241570807174,0.916242417504787,0.916243396382313,0.916243665042996,0.916244297930322,0.916245070380907,0.916246294065024,0.916246771483879,0.916247255224611,0.916247998333737,0.916248721047401,0.916249400773775,0.916250448756667,0.916252042697341,0.916252825140789,0.916253987306939,0.916255034595248,0.916255399200987,0.916256405852118,0.916257300671669,0.916257615046874,0.916258167437491,0.916258868649538,0.916270880198626,0.916271626061197,0.916272398696784,0.916273029262344,0.916273834243299,0.916275227766717,0.916275901537038,0.916276964513989,0.916278718409124,0.916279224762046,0.916279884013482,0.916279963370384,0.916280717413079,0.9162813297698,0.916352312078648,0.916353325998174,0.916353613307239,0.916354351414813,0.916355047994971,0.91635610190339,0.91635655219957,0.916356963242698,0.916358629620258,0.916359523103757,0.916360095374353,0.916360533039144,0.916360934606451,0.916361915530058,0.916363005953893,0.916363767004121,0.916364770130859,0.916365612921295,0.916367238805439,0.916368120365492,0.916368546939078,0.916369307719082,0.916370500844901,0.916371182697915,0.916371696327387,0.916372477535679,0.916373210710122,0.91637429892284,0.916375133840112,0.916376561159292,0.916376748341662,0.916377510665577,0.916377793614518,0.916379137300844,0.916379969912264,0.916380649411619,0.916381325113649,0.91638241964508,0.916383054258167,0.916383528422645,0.916384130463424,0.916384868654096
0.402460025122781,0.406897251186803,0.406945320149737,0.428382210817445,0.440467056100989,0.462339722670762,0.463426959306585,0.463426959306585,0.503610653850939,0.503956701584092,0.534183578087088,0.534183578087088,0.534978462589778,0.538020368804283,0.551175449704594,0.551175449704594,0.559926200113747,0.559926200113747,0.581528392703202,0.583103638243332,0.613221417057617,0.613279357942756,0.613882249446156,0.619266495857423,0.657422078839419,0.657422078839419,0.6610856873149,0.6610856873149,0.661105286258447,0.661105286258447,0.661195964407371,0.66119596440737,0.681832795543324,0.681929013186845,0.716781679645007,0.717000877082845,0.725015119016723,0.731517793461926,0.748855726046646,0.748855726046646,0.749152168686791,0.754421099772562,0.754483188523093,0.754483188523093,0.754899133701607,0.754899133701607,0.768890071864436,0.777801039135053,0.788247367005799,0.788247367005799,0.788489330881665,0.788851435564668,0.79021561686643,0.797645309771262,0.801049520522401,0.802622352914135,0.811353215837028,0.818303769117883,0.824957237564874,0.824970022719869,0.825869173897479,0.827853159158059,0.82823027096591,0.828499527439936,0.831444062198852,0.833172070181493,0.841516960416807,0.843738528774263,0.844462130430698,0.844520330911959,0.852013304584773,0.853283287389367,0.854175029180683,0.854408689310278,0.85543077830671,0.857107143086013,0.857797391944533,0.858321102651421,0.859279412368121,0.859439510554355,0.869011187108065,0.870167024189041,0.871456698785354,0.873579824475165,0.874246031175309,0.874484447065188,0.877354104578062,0.877512197604146,0.877895783445063,0.878474311221842,0.878744990389594,0.878918210181647,0.879968653907728,0.880305464215062,0.880883291110268,0.881169192211636,0.881552280136616,0.881793778131838,0.882355983647427,0.884966392582119,0.88564211257375,0.88593136920234,0.887352023411488,0.887519175933749,0.887977574013841,0.888317221619844,0.888622447644981,0.889029379086353,0.889184449366967,0.889422974400681,0.889555493124448,0.889715404972345,0.889913197035802,0.890106121785629,0.890196087670851,0.890323746287847,0.890542545128886,0.890646580318406,0.891202275365172,0.891320309040607,0.891364562749753,0.891931150012716,0.892005766613199,0.892240001655772,0.89233283650665,0.892515516482132,0.89267093787917,0.89267739573308,0.894017284135819,0.894094032096935,0.894295209767523,0.894349756454391,0.894515334783501,0.894532585810031,0.894801342993017,0.894815016174787,0.895165657533141,0.895198608186288,0.895370000212015,0.89538750177061,0.896686372806798,0.896750256186256,0.898364039019972,0.898520541835825,0.898659249416258,0.89869632828951,0.898918531879963,0.898950269704731,0.899036589709669,0.899083364509759,0.899217519784413,0.899254638174209,0.899451822248744,0.899470803079242,0.899570926936186,0.89958374185115,0.899699323201331,0.899727025803738,0.899809354556649,0.899844511393199,0.900939002238359,0.900973592022169,0.901052535770336,0.90106765276681,0.901141009254612,0.901174596779192,0.901226450711848,0.901247537116442,0.901297692299244,0.90133580673511,0.901380918052973,0.901416761213558,0.901469774635263,0.901496303005466,0.901890535096983,0.90190368849663,0.901966490236494,0.902001669977941,0.902046993073191,0.902077152512938,0.902124316609653,0.902162475269473,0.902177224452653,0.902223345267115,0.902248751820005,0.902307233678281,0.902341516192565,0.902362711984253,0.902449008819631,0.902482351630748,0.902507080052976,0.902536539220918,0.903126449746247,0.903170373019554,0.903198465365939,0.903219711348981,0.903245352119786,0.903261197969769,0.90327938423137,0.903293705750201,0.903316956474879,0.903332525237342,0.903366273471398,0.903395326006075,0.903409798085591,0.903423668820872,0.903610092637152,0.90364293951202,0.903667162034886,0.903679282532658,0.903717166991116,0.903727864133415,0.903743480000228,0.904090910760421,0.904105559743596,0.904119556425268,0.904521363465326,0.904536068012371,0.904551323261326,0.90457273498883,0.905686143405355,0.905699038218274,0.905719160720477,0.905731169034369,0.905762256445308,0.905780906786583,0.905793201171258,0.905805315604866,0.905820316572076,0.90583057013672,0.905848339088512,0.905859912679756,0.90586688811056,0.905878478778612,0.905885145413783,0.905893597868842,0.9059015244467,0.905910311444422,0.905922258527983,0.905926127294433,0.905933479266849,0.905944079782142,0.905956651079884,0.905965251882011,0.906160115555929,0.906169077987585,0.90619204577151,0.906200659881482,0.906204717527981,0.906215444645607,0.906224550815075,0.906234067978956,0.906236435820109,0.906243277650201,0.906250922450427,0.906256606270885,0.90626158148533,0.90626882171329,0.906273784620114,0.906275618345185,0.906282638138487,0.906287046704158,0.906294655456972,0.906298732701777,0.906308368535209,0.906314414216561,0.906326907459048,0.906332725683884,0.906385588055233,0.906388388020354,0.906395813590703,0.906444989703545,0.906448648495853,0.906454472771264,0.906459104736698,0.906462610316651,0.906466683958202,0.906472333122867,0.906475074839637,0.906479898775132,0.906490481035673,0.906495517672511,0.906498509425295,0.906511809460838,0.906514170113482,0.90651836596192,0.906521308666999,0.906527226312818,0.906533307908397,0.906536601401406,0.906542133200383,0.906545168905405,0.906556586864616,0.906560047701128,0.90656412572174,0.90657063412566,0.906578379779628,0.906581050526248,0.906586571036304,0.906590900667794,0.906595394182773,0.906601831313829,0.906767431562035,0.906771095796967,0.906775366838975,0.906779308355182,0.906783996176795,0.906791188852768,0.906930201102663,0.906937765402761,0.906940304140312,0.906942733194344,0.906946838710606,0.906951238523261,0.906954550643264,0.906959420163351,0.906966887429155,0.906973238860429,0.906977544469244,0.906984387141842,0.906990374545014,0.906994461220741,0.907001284214742,0.907002967886729,0.907007533564934,0.907011468414645,0.907020296124051,0.907031921599222,0.907032495971574,0.907035499035578,0.907040446715412,0.907045186410509,0.907047179577734,0.907059050181382,0.907062536177414,0.907064060719762,0.907065908114462,0.907068394669859,0.907072315709292,0.907076087377205,0.907077994143063,0.907079791232009,0.907080785432605,0.90708526760234,0.90708790837942,0.907498427160566,0.907499187196195,0.90750170463735,0.907504349043846,0.907507691941361,0.907731217868289,0.907735249467767,0.907737598550234,0.907739925296131,0.90774097720986,0.907743535197908,0.907950826433485,0.907954669772839,0.90796539527442,0.907976200463721,0.907983076596487,0.907985261864188,0.907986610759178,0.907989024303543,0.90798989207729,0.907996043629239,0.907997119062069,0.907998430744046,0.908000075943143,0.908001653069219,0.908004241916562,0.908005166264177,0.90801044407675,0.908012825851841,0.908014370061925,0.908015449493335,0.908016940677454,0.90801891371994,0.908021379278754,0.908022411916637,0.908023920603657,0.908025637072112,0.908025988030235,0.908027409135151,0.908028975245417,0.908033797748414,0.908034927661123,0.908035420050833,0.908279422123072,0.908281267742788,0.908282240033278,0.908342682365956,0.908343870146802,0.908346703502172,0.908347879013577,0.908353725013327,0.908356321099813,0.908357099997184,0.908361938546415,0.908363000929843,0.908364013660909,0.908368775993247,0.908370051570599,0.908371360509314,0.908372310994016,0.908373212386741,0.908378695862193,0.908379934039457,0.908380141981879,0.908380956868144,0.908382752895139,0.90838341269544,0.908413736982763,0.908414222778569,0.908415005086867,0.90845077292151,0.908451926189861,0.908453029561928,0.90846926231306,0.908470494850583,0.90848958252212,0.908490393217148,0.908493167707616,0.90849407917291,0.908504976789295,0.908505608169735,0.908507805692679,0.908509054757973,0.908509706404573,0.908511759597494,0.908512248363365,0.908513092627713,0.908514039418959,0.90851636150376,0.908517613111973,0.908518198457129,0.908520742900947,0.90852205042157,0.908525745370329,0.908526334501264,0.908526924405262,0.908530981611381,0.908531569092349,0.908532662268512,0.908533386217911,0.908534820808079,0.908536081684535,0.908536942265129,0.908537680846075,0.908537959042127,0.908552965422381,0.908554269679646,0.908555596369572,0.908556223093263,0.908557472332212,0.908558391252778,0.908598284053088,0.908598951821264,0.908606188156472,0.908606798485352,0.90860750179765,0.908608539283193,0.908609371106565,0.908609678011234,0.90862003436594,0.908620679004904,0.908621453796855,0.908622125197934,0.90862336862523,0.908624322936918,0.908662278281167,0.908662617183816,0.908663375799084,0.908663821001561,0.908664236213469,0.90866578164287,0.908666403682844,0.908666599159558,0.908671864795691,0.908672284514937,0.908673089512279,0.908673814547079,0.908675080902758,0.908675921916875,0.908676314168442,0.908676658027683,0.908678092988766,0.908678843771853,0.908682955662826,0.908683446966349,0.908684586350282,0.908685650923208,0.908703735825067,0.908704033325962,0.908781610660039,0.908782588476878,0.908790349535718,0.908791008242597,0.908791786420479,0.908792577830824
0.450148455145258,0.450281819218495,0.460991086359743,0.464769839039939,0.496930931523276,0.497002701278079,0.507427775040503,0.507427775040503,0.51459809631054,0.515407105418806,0.515991881264878,0.525915232613521,0.529619978211593,0.600722460922354,0.602389995512902,0.602483459609332,0.604827805111515,0.611062371067173,0.617636620081093,0.697476296333315,0.697548727356417,0.699256110715694,0.702160565430971,0.70275764819154,0.708555124304052,0.708555124304052,0.735866890658925,0.735866890658926,0.740264333579471,0.740445592256343,0.744168676081517,0.744423103343453,0.744897651165255,0.744897651165255,0.745271698970864,0.745271698970864,0.746949851795253,0.746949851795253,0.747736387402509,0.760518063275873,0.762089990364191,0.762599548737329,0.787413232601342,0.78921170251967,0.789552849999893,0.790258871384818,0.801131068626973,0.801460614080422,0.802949093740934,0.803469730278971,0.826883389270477,0.82692860885423,0.827622305289934,0.828136356888124,0.842285665960571,0.842338888537941,0.852789553066964,0.853593420851275,0.856301859471907,0.857081243546798,0.857715431057004,0.857766409712552,0.858594522681709,0.858802956777063,0.861656636599888,0.861674713265883,0.862811708683802,0.863502750264246,0.865635534432972,0.866182281766207,0.867194950704868,0.867887459057701,0.868981933626071,0.869205770717032,0.870150960131937,0.871421315036053,0.873515199512203,0.877724607025318,0.87824078448589,0.878323329777958,0.87866388244428,0.881463983661786,0.883584756017071,0.883609680395018,0.884010225570402,0.884118361609281,0.885257697192091,0.885435745309656,0.886144821033081,0.886278828223795,0.887396275728878,0.887564260053149,0.887961965008325,0.888129849178815,0.888449177005737,0.888736327150421,0.890085737569709,0.890157980398849,0.890378071195834,0.890460911246151,0.890664310126506,0.890763004751847,0.891020867325909,0.891114541475099,0.891286904239168,0.891300415409644,0.89162431393753,0.892285273029203,0.89259092949402,0.892626440720256,0.892804876551098,0.892833679446941,0.892974130787498,0.892998602074715,0.89323363015602,0.893307388095797,0.893521250112797,0.893570374540701,0.893709954843462,0.893752510593473,0.893984663920067,0.894048778564593,0.894170304134098,0.894207719550817,0.894341360580406,0.89436330349924,0.894457579993521,0.897144861797869,0.897231288387305,0.897263010105723,0.89736684046909,0.897428893806925,0.898249253301481,0.898287274487554,0.898349666012396,0.898369233836755,0.898442294522074,0.898491994355292,0.898562097773127,0.898599471324013,0.900362612958054,0.900429120847658,0.900473882864533,0.900495285377185,0.900539639054282,0.900578166661722,0.900617593288029,0.900647584949768,0.900674813781715,0.900692014752698,0.900723712880316,0.90073632892383,0.900787280644854,0.900807739384732,0.900837565368484,0.900852738726801,0.900881641107189,0.900911072242914,0.900936268252364,0.900950307254147,0.900986282661255,0.901016126015488,0.901032341119038,0.901056482776825,0.901086054315298,0.901109190069879,0.901139309484326,0.901170803932334,0.902170776092909,0.902196121600972,0.902271414567101,0.902284824144423,0.902293416780744,0.902306082035048,0.902329975863404,0.902353591569309,0.902365941813411,0.902374475798948,0.902391008686768,0.902407770418388,0.902420790163085,0.902431778179022,0.902446005944414,0.902460953323054,0.902469813892945,0.902479410814338,0.902489313750851,0.902498474678589,0.902512873471588,0.90252618586472,0.902539237898132,0.902546768269809,0.902556588712926,0.902565148813239,0.902574567348187,0.902584587491419,0.902596811132191,0.902603908741399,0.902611983130036,0.902622889839814,0.902631985774586,0.902643081134398,0.902651095739606,0.902661053168937,0.902666722679655,0.902675749958063,0.90268052030617,0.902690816955192,0.9026991038538,0.902706265948478,0.902983914018281,0.902988948996032,0.902997032526919,0.903006913697238,0.903012108715693,0.903019962806426,0.903025152657082,0.903032646377553,0.903042653081449,0.903044221066716,0.903048979044161,0.903058531689069,0.903066532246962,0.903075672363877,0.903081096000159,0.90308843664948,0.903093814268797,0.903101796335019,0.903109161085953,0.903113654172581,0.903118225428958,0.903126189883543,0.90312823459822,0.903135148564222,0.903138326794768,0.903142807839447,0.903147173763566,0.903151599819789,0.903156705617248,0.90316411041417,0.903169333235334,0.903173453963394,0.903179743779324,0.903185738757203,0.903188591148089,0.903194633321254,0.903198502282027,0.903203481480903,0.903207043489739,0.903210073759561,0.903214641287094,0.90322022924076,0.903224730379549,0.903226900439283,0.903230776811571,0.903236765263091,0.903241273780302,0.903244092221004,0.90324699443447,0.90325123872448,0.903252258320748,0.903256715747956,0.903261032171745,0.903265238327264,0.903268371839673,0.903271781536395,0.903276940851981,0.903280624888767,0.903283801596607,0.903287968088003,0.903293568315004,0.903296703322002,0.903299462454073,0.903302700554212,0.903305171752983,0.903308157587766,0.903311354144123,0.903312717018884,0.903314298195702,0.903316227460568,0.903737260942201,0.903740333042996,0.90374321690241,0.903745909677611,0.903748661275965,0.90375161966898,0.903753677909738,0.903754482751758,0.903757217799178,0.903759968758743,0.903765575730796,0.903767221862527,0.903769075197405,0.903772059726948,0.903774959286831,0.903777757864259,0.903781199766685,0.903783835591345,0.903785835516944,0.903787903060402,0.903790221096162,0.903791076179382,0.903792442991202,0.903794475324003,0.903798105573207,0.903800251430299,0.903802384430875,0.903804525889965,0.903806355987325,0.903808350961006,0.903812204195492,0.903814193991097,0.903817030170808,0.90381790919059,0.903820276284383,0.903822224059586,0.903823548322201,0.903824405371766,0.903828772668772,0.903830761941236,0.903832830207685,0.903834056206,0.903836933856933,0.90383861324914,0.903841483235967,0.903844106612702,0.903845228820586,0.903846933440048,0.903848201445104,0.903849088350794,0.903852758288791,0.903855456370195,0.903856629390667,0.903858035587782,0.903859458773868,0.903862501605001,0.903865864524979,0.903867465211496,0.90387086271253,0.903871746114921,0.903875166510703,0.903876452551389,0.903879401156138,0.903881295669547,0.903882457283643,0.903885571574136,0.903887593337618,0.903889614475319,0.903892190305541,0.903896235233981,0.903898290450642,0.903900305905099,0.903902794748183,0.90390528483566,0.903906067724559,0.903908962175634,0.903911818754363,0.903913808370867,0.90391635107775,0.903918190649629,0.903918887683234,0.90392042121391,0.903922061478494,0.903923599701078,0.903924698067613,0.903925586895618,0.903928527717219,0.90392984279805,0.903931671299792,0.903933093632105,0.903934826401598,0.903935700256464,0.903936337642562,0.903938324059283,0.903940573950081,0.903941938119764,0.903944369822474,0.903945232479335,0.903946549594575,0.903948137424392,0.903949108530954,0.903949917006488,0.903951387560571,0.903952594477,0.903954956210241,0.903956964640512,0.903958481822792,0.903959559917085,0.904018476937561,0.904019290107404,0.904019910640904,0.904020788993933,0.904021824562418,0.904024726288795,0.904026285175389,0.904027428425832,0.904028877373924,0.904029887694936,0.904031043968066,0.9040329642178,0.904033969782243,0.90403428938899,0.904034942958931,0.904036539578351,0.904037884083328,0.904039747329909,0.904040164125752,0.904040745795653,0.904041213985505,0.904042119987554,0.904043321142993,0.904044417439718,0.904045205112182,0.90404637778557,0.90404790268397,0.904049621516158,0.904050779178852,0.904051676036357,0.904052772584533,0.904054487063977,0.904054783852394,0.904055517283488,0.904056292423093,0.904056548612853,0.904098423924223,0.904099578719578,0.90410036237688,0.904101386793788,0.904112091299988,0.904112858078313,0.904113550818545,0.90411375204415,0.90411469504559,0.904115397447271,0.904116513905141,0.904117951752,0.904118916695673,0.904119341794658,0.904119953255046,0.904120253798442,0.904120908623797,0.904121592112861,0.904123602734635,0.904124930879188,0.904126261225697,0.904126838740416,0.904128377595315,0.904129520911824,0.904130670927532,0.904131148032589,0.904131930682368,0.904133331095726,0.904133887439837,0.904134641578104,0.904136021265978,0.904136522337545,0.904137654069252,0.904138364631262,0.9041402856757,0.904141616895393,0.904142178669126,0.904142859149059,0.904143317221356,0.904143969867162,0.904144498612743,0.904145472375821,0.904145937419555,0.904147401964985,0.904148404153128,0.904149569092181,0.904150461374174,0.904151528681082,0.904152033714922,0.904153193316156,0.904153686688081,0.90415445029532,0.904154906186664,0.904155741025479,0.904156401324361,0.904156861237197,0.90415752208476,0.904158066223641,0.904158436066732,0.904159337559471,0.904160201423055,0.904161419823247,0.904161803913549,0.904163097752216,0.904163914136775,0.904164521607566,0.90416511287415,0.904165741444602,0.904166465214185,0.904167706647875,0.904168249746447,0.90416861906338,0.904169173597929,0.904170114576455,0.904170495538092,0.904172480262228
0.387069413151623,0.403899985679602,0.422668228735957,0.422857006789123,0.465436589991698,0.465597148774945,0.47204215037234,0.521609004760516,0.532008839338286,0.532008839338286,0.542247052041494,0.55354394504713,0.566740290131887,0.566740290131887,0.568504103336165,0.570263966449568,0.570943375283494,0.573152311291076,0.573260217259687,0.573830812642069,0.574411848401057,0.574411848401057,0.578074453499591,0.578074453499591,0.611127021659207,0.614643707910597,0.615537146922488,0.615537146922489,0.624255314146996,0.638269731751291,0.665155897270659,0.665155897270659,0.665173994149472,0.665173994149472,0.668512433262519,0.723290747449941,0.725175505415651,0.725456457794792,0.726862761517751,0.745864855372642,0.746270224474773,0.746271695187017,0.753608030898822,0.753608030898822,0.756056874186703,0.7560665294142,0.756609991598605,0.756609991598605,0.76196178311487,0.76196178311487,0.766133872957625,0.773621888610153,0.800121038420214,0.802322443979507,0.805120797807951,0.80518656101263,0.811589230458603,0.811893259939262,0.812638042957414,0.812814437038055,0.822397518385168,0.822810158621628,0.84106015422883,0.841565890665226,0.848640205337375,0.851512193840579,0.85759617821264,0.857719081367197,0.858447474572027,0.859335561283874,0.864557177895454,0.864881446499394,0.866928139967851,0.868109209381408,0.871690290727488,0.871766876830006,0.872525218266725,0.873331809768704,0.874357741174183,0.874560689668146,0.875351227691777,0.876587906974637,0.877125398175278,0.877211424426791,0.878111436941065,0.880144209084975,0.881000008888989,0.881255210311994,0.885086563099561,0.885281014490204,0.886605014176361,0.886745835544075,0.888497605832058,0.888604346381199,0.889061039890812,0.889170998170988,0.889751186451762,0.889849645759912,0.890155860325649,0.890254484761162,0.890553961698374,0.89076735643572,0.890880421878395,0.891015148720564,0.891783378479438,0.891966284606454,0.892250261774105,0.892619370537143,0.892915896687268,0.893160316090857,0.893352927308262,0.893583284033497,0.893865455720492,0.893914350621928,0.894119729414915,0.894252349210187,0.894389732418672,0.895287622884294,0.895406344124697,0.895496629201969,0.895727106930913,0.895747713858109,0.895993018911577,0.896012503985604,0.896209263913014,0.896233431562404,0.896471473315643,0.896517647878194,0.897784043930133,0.897869924721008,0.898053284892374,0.898122383546204,0.898264525095726,0.898318119264926,0.898525441647096,0.898617883502473,0.900372885722574,0.900469711523049,0.900614331616426,0.900687487319176,0.900749751395007,0.900800400914707,0.900902936242214,0.900977616901407,0.901090850565176,0.901109514691292,0.901190630444914,0.901239260749267,0.901311875964288,0.901372942926543,0.901440163024704,0.901468435715842,0.901540341693418,0.901574487725138,0.901652523492939,0.901693113687871,0.901727013234397,0.901793194147844,0.901842533323541,0.901880290981469,0.901923823126357,0.901946364886469,0.901989927514842,0.902036206915711,0.902096838594934,0.902132702587196,0.902165288027067,0.902189512549549,0.902232980941945,0.902263955760143,0.902299754254759,0.902324935825427,0.902344536721095,0.90236162059723,0.902398775867765,0.902425244875697,0.902452827935554,0.902467479367361,0.902489452288423,0.902511982151961,0.902533528986459,0.902543910793076,0.902573305525355,0.902594651667784,0.90262573798777,0.902643663405966,0.902657278769305,0.902675052418006,0.902843936952987,0.902858916527085,0.902886046142145,0.902901839146522,0.902920879237577,0.902935037604533,0.902950781440721,0.902970394743249,0.902993895902821,0.903005904523719,0.90301755073599,0.903039092575388,0.903058623866929,0.903072476022118,0.903089718871995,0.903099789948335,0.903110819260981,0.903124213412341,0.903142113176005,0.903150215422528,0.903157361173011,0.903170816530707,0.903185082872612,0.903196770452487,0.903209113333668,0.903217823891918,0.90322616655881,0.903236557479151,0.903242978775976,0.903254695587565,0.903260652754059,0.903274155247472,0.903283098427543,0.903292677663974,0.903301990285686,0.903309181118398,0.903318145573364,0.903330213992984,0.90333646839696,0.903348659542816,0.903358539481212,0.903364814190126,0.90337363759883,0.903381662029593,0.903392511777266,0.903396332253192,0.903404110766457,0.903411143321458,0.90341783943284,0.90342800796093,0.903433521883406,0.903442472348018,0.903448642792923,0.903454032391929,0.903458524572501,0.903461091851585,0.903467585234287,0.903471178163334,0.903475549420619,0.903479936959651,0.90348663441146,0.90349353897068,0.903495671313697,0.903500480669484,0.903504867084442,0.903507847255943,0.903511277299627,0.903516332135841,0.903520232383015,0.903526181851726,0.903530547367783,0.9035342948997,0.903538501613196,0.903542820605907,0.903549457117826,0.903555184861757,0.903560924902669,0.903565378736981,0.903571093093704,0.903575406132415,0.903581531427483,0.903583914990318,0.903589372597095,0.903591983675931,0.90359594344051,0.903597810412852,0.903600455228146,0.903603119903352,0.903604760406552,0.903609102612148,0.903612772562308,0.903617960464946,0.903620198037623,0.903623171419217,0.903627237307474,0.903630981997824,0.903632842185972,0.903635592018899,0.903639080099224,0.903641032544631,0.903643978492927,0.903647617201303,0.903650525089405,0.903652605638112,0.903658125722844,0.903659502695747,0.903661772794884,0.903665454949776,0.90366797361423,0.903669869770358,0.903673133048581,0.903675661807797,0.90367904658014,0.903681879442031,0.904072021730239,0.904076794743581,0.904078523508875,0.904082311898425,0.904085235584908,0.90408759204553,0.904090776941391,0.904092171020138,0.904095798643683,0.90409837546181,0.904099679160232,0.904101645251766,0.904103649660398,0.904105427215108,0.904107779482144,0.904108915967903,0.904111115021076,0.904114458857951,0.904115488726157,0.904116519201891,0.904119415633733,0.904121061671225,0.904122179423194,0.904124571441496,0.904127152907843,0.904129882669739,0.904130868592625,0.904133250494428,0.904133607490948,0.904134972736326,0.904136341891166,0.904137596294057,0.904137941179677,0.904138972616716,0.90414130333342,0.904144518824601,0.904146193738124,0.904147883450308,0.904148825429886,0.90415077134616,0.904152951982929,0.904155222133485,0.90415771763768,0.904160401561657,0.904162173576412,0.904164721526438,0.904165835164623,0.904168407791724,0.904169805179226,0.904170873971002,0.904171367879762,0.904172549279907,0.904173220022574,0.904174606137736,0.904175999312294,0.904176823761412,0.904178383301849,0.904179264295276,0.904181878866072,0.904183257188212,0.904184679543678,0.904186608060739,0.904187626011877,0.904189049950849,0.904190178872331,0.904190920306362,0.904191847284993,0.904193072269097,0.904194084665213,0.904196133153664,0.904198240908452,0.904200257639268,0.904202211669016,0.904202670745409,0.904203754606941,0.904205127580585,0.90420634435765,0.90420875183301,0.904210470774631,0.904211642197849,0.904213736967144,0.9042151756173,0.904295186045667,0.904296818471382,0.904297895497865,0.904298649915878,0.904299825567937,0.904300438955129,0.904300958503821,0.904301872333334,0.904303037731639,0.90430349667994,0.904303807848032,0.904304622111443,0.904305968262248,0.904307138224428,0.904308557486396,0.90431048504248,0.904310900467109,0.904312024570085,0.904312637659063,0.904313476514742,0.904314551317733,0.90431512404179,0.904316641996537,0.904318706019847,0.904319816978069,0.904320534754306,0.904321774693046,0.904321949504367,0.904323783298931,0.904324854464845,0.904325300668395,0.904326293021133,0.904327509781084,0.904328580382922,0.904329841108236,0.904331290295993,0.904332285867744,0.904332646944448,0.90433397452267,0.904334475873005,0.904335409680098,0.904336765864393,0.904337767267322,0.904339192205002,0.904339638403434,0.904340431541407,0.904341293833724,0.904341886944792,0.904342343721812,0.904343176474639,0.904344298830363,0.904344743577915,0.904345173097698,0.904346153741354,0.9043467935721,0.904347563664214,0.904348014060557,0.904349304661385,0.904350059964665,0.904350430543097,0.904351067682042,0.904351392899888,0.904351768291597,0.904352285913753,0.904352910634083,0.904353164305713,0.904354015487744,0.904354984710202,0.904355326363199,0.904355921948879,0.904357114755641,0.904358547566326,0.904358920144891,0.904359404896986,0.904359594607762,0.904360236028911,0.904360949868948,0.904361501224344,0.904362243966146,0.904362742303138,0.904363110040293,0.904363795040255,0.904364133370112,0.904364665025273,0.90436505071237,0.904365648899852,0.904366039890359,0.904366214949286,0.904366809309976,0.904367063214559,0.904367275148792,0.904368415927098,0.90436945481865,0.904370046712039,0.904370399580666,0.904370674231829,0.9043711197138,0.904371547684029,0.90437181577953,0.904373083459866,0.904373675592253,0.904373974640901,0.904374861903392,0.904375732611383,0.904376360814278,0.904376633085683,0.90437751898185,0.904377761489326,0.904378564026975,0.904379079170107,0.904380144730032,0.904380582288744,0.904381041864993,0.904381427548134,0.904381896491846,0.904381973425904
0.405161807458824,0.416552405319854,0.419640727296773,0.432863625768774,0.451118323360781,0.453284652927297,0.455748928313518,0.455748928313518,0.458532303570626,0.458532303570626,0.459976197538982,0.459976197538982,0.47382534153432,0.47382534153432,0.486871526532845,0.50154096696133,0.530064457210277,0.537549030826883,0.557881340184971,0.559064583140231,0.560095216808044,0.560594722070333,0.588605186384051,0.588605186384051,0.608999476681917,0.608999476681917,0.609976946013536,0.609976946013536,0.694166107940132,0.694166107940132,0.696674534946129,0.696674534946129,0.763676497633714,0.763771285475359,0.765360175039877,0.765360175039877,0.766068471091103,0.766475152104545,0.772785807891016,0.773109959290055,0.793673991003576,0.793781291956563,0.819368395647004,0.819965238772334,0.822089024432628,0.822350974483196,0.824586879883901,0.824701975967069,0.836909531101351,0.848501320429789,0.859811790826444,0.860011211646861,0.861045558652896,0.861097892564746,0.863221040187582,0.863512452576578,0.864620036996803,0.865576625626149,0.866531745262378,0.866533705036246,0.867324369402616,0.867446613922964,0.872367781111898,0.872425459315288,0.873740703986017,0.874156676028765,0.877032309561944,0.877481117609572,0.878301900684636,0.878387099918038,0.880365502964849,0.880663468613757,0.880975211332487,0.881085568691642,0.885905211975879,0.88598367309003,0.886701106870597,0.886845870555447,0.88742316026023,0.887746774424023,0.888350980932125,0.888628214430682,0.89033011297631,0.890659890199156,0.891390161065736,0.891633837277425,0.892870531837163,0.893046564195726,0.89340363336105,0.89372327107382,0.893920661430482,0.894092639668288,0.894429634300562,0.894651957519067,0.895519249774111,0.895743283967684,0.896034052457146,0.89619937216507,0.896487783718079,0.896528581153412,0.896861805678005,0.896940475994635,0.897088311837802,0.897309652276323,0.897343156779066,0.897481179227879,0.898538008757435,0.898577175851097,0.898736652215076,0.898795934098028,0.898934738487339,0.898969530891759,0.899095985573487,0.899117199644588,0.899258255295747,0.899275770445646,0.899433643168312,0.89944977183572,0.899611296066109,0.899666947404578,0.899815056745741,0.89985259688833,0.899977479062199,0.900014257731785,0.900161387232234,0.900194389244904,0.900328456346326,0.900373826293853,0.90044769652976,0.900500630176908,0.900561999535298,0.900605228189124,0.900756703357403,0.900772929770438,0.900837039780056,0.900884275381734,0.900979606860106,0.901012264013866,0.901058500407923,0.901104922138187,0.901178966919943,0.901238109535453,0.901291870423268,0.901336446489572,0.901392176602429,0.901407184547563,0.901462608616178,0.90148160117427,0.901543926341161,0.901592033204644,0.901622476071794,0.901648709290492,0.901678497492278,0.901715711653445,0.901741244113979,0.901765865807639,0.901802445784652,0.901817446757453,0.901851913913172,0.901875086267005,0.901897385120578,0.901910602133777,0.901928581581491,0.901942251035698,0.901971350773462,0.901991553078568,0.902017292296321,0.902034905292032,0.902064072747566,0.902075950000864,0.902085621178998,0.902105628977109,0.902120180327005,0.902131357243705,0.902437038515267,0.902452369732921,0.90246670585293,0.902475963362502,0.902490018786373,0.902496102985604,0.90250709240899,0.902517305426022,0.902529435788183,0.902545963409599,0.902556062535372,0.902566588855378,0.902593945846639,0.902608544986025,0.902618102028394,0.902627486204182,0.90264327919758,0.902654364445823,0.902669083464123,0.902681197816037,0.902692410793692,0.902703741095532,0.902714694039574,0.902720553707564,0.902728297722787,0.90273613198131,0.902744439621263,0.902753293701688,0.902765580625757,0.902778844665127,0.902786096810805,0.90279931976032,0.902804402357915,0.902812666652242,0.9028174527038,0.90282979679539,0.902837852635337,0.902842821998388,0.90284893360637,0.902854277350145,0.902858632612083,0.902864775216832,0.902868169237737,0.902876164052858,0.902883004003479,0.90288934636705,0.902897702487309,0.902903115920879,0.902908161738715,0.902916923736953,0.902920588671403,0.9029276986059,0.902930161732666,0.902935241409836,0.902942713102707,0.902945229606408,0.902947821374854,0.902951053641194,0.902957243826372,0.902962562968881,0.902967588188416,0.902971953699827,0.90297663956967,0.902982320448604,0.902989499524805,0.902994066380194,0.903059783791636,0.903064639491014,0.903358705315672,0.903364813138106,0.903370683869227,0.903378745196026,0.903381841850724,0.903386121478747,0.903391100045535,0.903395351054777,0.903399087057605,0.90340647846952,0.903409062367169,0.903414008370563,0.90341810739353,0.903421734326698,0.903424018028208,0.903428395343477,0.903431848034058,0.903437543891308,0.903440234071173,0.90344366123903,0.903447268981306,0.903450677029315,0.903455426076986,0.903461862159657,0.903465463909032,0.903467772541297,0.903471703583526,0.903475977888294,0.903478379437145,0.903483115292269,0.903489178262188,0.903493162262231,0.903495091094544,0.903498032853171,0.903500901249014,0.903503321427887,0.903508157579665,0.903512038580084,0.903514002453997,0.903516396318754,0.903519922613227,0.903523646722762,0.903525591641255,0.90352988380907,0.903533264208898,0.903536155040616,0.903539685552199,0.903541344077058,0.903544392588489,0.903546455760037,0.903549494986192,0.90355312482875,0.90355829748326,0.903561312067342,0.903564488303608,0.903567578920531,0.903571195559583,0.903574626763204,0.90357717847995,0.90357926975034,0.90368603237982,0.903689784558575,0.903692693476175,0.903696001336661,0.903698654665726,0.903700902814707,0.903703461895334,0.903706015584635,0.903708912056965,0.903711225612486,0.903712767097467,0.903715375089861,0.903718679050453,0.903721141803577,0.903723063022021,0.903725502029936,0.903726741181296,0.903727997457206,0.903729104813566,0.903731694201994,0.903732676623755,0.903733811155521,0.903734375490608,0.903736912450686,0.903738436506649,0.903740765995534,0.903742385627221,0.903744182155571,0.903745597810443,0.903746636087183,0.903747704815896,0.903748774338811,0.903750969826189,0.903753020317365,0.903754198334048,0.903756629616316,0.903757411193669,0.903758933201332,0.903759903381338,0.903761481080906,0.903762365432614,0.903763505747735,0.903764416075315,0.903765060630484,0.903766325567456,0.903767402576998,0.903768607827441,0.903769887959387,0.90377164973853,0.90377303103229,0.903774014762902,0.903775338117443,0.903777231284418,0.903778395162561,0.903779173271408,0.903780352009561,0.903781383394542,0.903782268005139,0.903783475543443,0.903784141961692,0.90378585485443,0.903786593026896,0.903786862543908,0.903787665697563,0.903788899682235,0.903789433913325,0.903790448299846,0.903790873970693,0.903792349134919,0.903793619304613,0.903794588049031,0.903795140266353,0.904165866148056,0.904166793508208,0.904167513372409,0.90416841027366,0.904168898401556,0.904170109211349,0.904170539767375,0.904171251917858,0.904171631065591,0.904172339602045,0.904172972581097,0.904173958257252,0.904174822965456,0.904175090880025,0.904175769170583,0.904176252167485,0.904176615041765,0.904177052673825,0.904177513088404,0.904178828467552,0.904179940048925,0.904180594945378,0.904210712196381,0.90421167783608,0.904212248015719,0.904212698986619,0.904213051143331,0.904214053677596,0.904214896611402,0.904215571789678,0.904215927969876,0.904216464054906,0.904217280845597,0.904217881531531,0.904219076413783,0.904219718226742,0.904220451989144,0.90422100295199,0.904221178701788,0.904222288865595,0.904222778460773,0.904223179115719,0.904224086574538,0.904224383273827,0.904225248664576,0.904225952194079,0.904227035421564,0.904227800677658,0.904228090234042,0.904228795990027,0.904229382042882,0.904230729652114,0.90423145240532,0.904231839347826,0.90423237614119,0.904233298893028,0.904278085221207,0.904278399232157,0.904278819841875,0.904279378349112,0.904280169776628,0.90428047183122,0.904281076715311,0.904281596016231,0.904282082102452,0.904282630646345,0.904283516461713,0.904284439745377,0.90428481859582,0.904285928338863,0.904286464648771,0.904287447964939,0.904287719270111,0.904288976963968,0.904289732368071,0.90429077372387,0.904291623930881,0.904292800324168,0.904293821747771,0.904294571936537,0.904295196639502,0.904295966701102,0.904296551914896,0.90429714784188,0.904298334961315,0.904299013863624,0.904300147753431,0.904301098693845,0.904302001107281,0.904302847339672,0.904303552355859,0.904304734379066,0.904305468812124,0.904306181106062,0.904306722434644,0.904307802642404,0.904307947219787,0.904308608562565,0.904309077172199,0.904309691294267,0.904310528041053,0.90431107730712,0.90431167993662,0.904311975317988,0.904312745233202,0.904313626276763,0.904314292818716,0.904314715124638,0.904315532805716,0.90431603597651,0.904316653382847,0.904316711433705,0.904317665464802,0.904318169281328,0.904318651180819,0.904318954412254,0.904319191948868,0.904319456645873,0.904319995469693,0.904320296309191,0.904320795480562,0.904321187952274,0.904321343337379,0.904321830193035,0.904322069586776,0.904322246276888
0.388292506962742,0.452086599317687,0.464355286233335,0.464355286233335,0.467868139226101,0.472519929760192,0.488907254611944,0.488907254611944,0.533969979447987,0.533969979447987,0.539977762756588,0.546882656440388,0.547737520101504,0.551628949187932,0.574059073389814,0.596175502704509,0.611290936344671,0.611290936344671,0.611797609934154,0.611797609934155,0.622420952804784,0.623037939503054,0.625595083756043,0.625595083756042,0.652083751851378,0.652083751851378,0.655755039371983,0.657062293056484,0.662696761332878,0.664982905273357,0.665114314388055,0.665315675296061,0.715202432831011,0.716296282558296,0.717807796870266,0.717807796870266,0.727005710669779,0.730310215995854,0.75240121688177,0.776598075413463,0.778319793241651,0.77930918712724,0.794270551012208,0.794432054176271,0.811057566281315,0.812153341400036,0.812920901551571,0.814035418215166,0.818293142479726,0.835686584709296,0.835878220442046,0.835878220442046,0.837010817823457,0.837090204171854,0.840561332375157,0.840569220132396,0.84226239016582,0.842351207397472,0.850528453789618,0.850571173103735,0.859581249167676,0.860863560016109,0.861382426070967,0.861395380372215,0.864598859658165,0.865798611252169,0.866224687093544,0.866339352232152,0.867993967858032,0.868701708315104,0.879280517987757,0.879332292772224,0.879898612974254,0.883355732334748,0.884594572544198,0.886932715939948,0.889418089579623,0.890538462385137,0.891176160531767,0.891305410703232,0.891691902467335,0.893013077401129,0.893989300247922,0.89428105482578,0.894955924720266,0.8984190962632,0.898940046387894,0.899081858154988,0.899392684365897,0.900829059800005,0.901267067663592,0.901519804413942,0.901701140251372,0.901969270266712,0.90234527691708,0.902439466514433,0.902629761185955,0.903177036528321,0.903276424008523,0.903372313456331,0.903448653982688,0.903600970760875,0.903750466822808,0.90388416603209,0.904059234522214,0.904409309392644,0.904615917174982,0.904640842826222,0.90487664249862,0.904893619322068,0.90516558748853,0.905198252985668,0.90538981591269,0.905421316236589,0.906109402566992,0.906144466626777,0.906272364702728,0.90631321777565,0.906387292448922,0.90643625799412,0.906518843677051,0.906572351676277,0.906685555497999,0.906721620793637,0.906824637462358,0.906834289630429,0.907411669021442,0.90745410064609,0.907698167743719,0.907747638736502,0.907886170085171,0.907911331034572,0.907968162695304,0.908014444961426,0.908108671183427,0.908142439975472,0.908275886875492,0.908317820580823,0.908381538633959,0.908430573705296,0.914445701809741,0.914491136853,0.914523600299489,0.91453861090882,0.914619478601107,0.91464806454273,0.914697081223766,0.914736249967347,0.914778295785802,0.91479437149618,0.914841238507527,0.914857402187635,0.914933696787463,0.914951216399943,0.914994968452441,0.915012767864129,0.915050724977169,0.915068763075679,0.915124053367971,0.915132261496469,0.915161777899668,0.915181940572194,0.915223224934117,0.9152377567242,0.915279125203624,0.915299224274972,0.915318554638634,0.915328917261189,0.915349224644962,0.915356582806406,0.915382386668181,0.915392771965242,0.915405484860552,0.915440181003356,0.915461072340009,0.9154717118049,0.91549943263368,0.915518484722461,0.915536045822634,0.91555509214504,0.916569823137519,0.916584587183561,0.916604964722554,0.91661427685037,0.916629873638941,0.916634428051059,0.916643120979357,0.916654023096465,0.916667888664513,0.916674002169555,0.916687452230772,0.916695487234693,0.916702637005527,0.916710178443892,0.916718884590579,0.91672507833559,0.916734921440234,0.916743914029873,0.916754773609067,0.916759949271655,0.916765392021161,0.916774116966004,0.916780594458535,0.916789432630345,0.91680033254765,0.916806435426884,0.916810303713822,0.916816911985197,0.91682420601398,0.916829067014221,0.917183451355881,0.917186411080525,0.917192736102298,0.917199677104228,0.9172052232331,0.9172106178974,0.917217686509044,0.9172224022522,0.917229123144881,0.917234535026118,0.917235981245056,0.917240183600443,0.917243929703702,0.917247871215891,0.917251740684522,0.917257787681001,0.917262296134071,0.917264751740611,0.917269800410743,0.917274512638251,0.917278166033007,0.917283690819291,0.917290446668292,0.917295680039051,0.917298173395679,0.917302341242172,0.917307581826739,0.917314380047981,0.91731777966679,0.917321190829344,0.917323780148675,0.917326000739242,0.917330026933925,0.917333771329654,0.917336077343675,0.917342673611564,0.917346930832993,0.917351942705004,0.917354341732538,0.91735762613798,0.917358719708913,0.917360167272157,0.917362510297581,0.917365616726419,0.917367687898522,0.917369529606644,0.917373156129206,0.917375835013016,0.917378197248303,0.917380226139927,0.917383671194315,0.917384921389079,0.91738800862198,0.917391344826744,0.917395118669449,0.917398620525647,0.917401940820692,0.917404129959642,0.917405432217018,0.917407520595764,0.917409062297841,0.91741090524177,0.917412433329463,0.917414513687891,0.917416688495454,0.917418756086293,0.917420473097157,0.917422501224405,0.91742501137821,0.917426298670489,0.917427345371501,0.917429866555988,0.917445776632604,0.917447128779609,0.917449289785656,0.917452309525895,0.917453100497073,0.91745412267088,0.917454861948542,0.91745644054643,0.917457288174996,0.917459018794552,0.917461411710718,0.917463464350682,0.917464946525739,0.917466064365792,0.917469049326884,0.917471686703364,0.917473377113238,0.917474774233889,0.917476613218216,0.917478144964253,0.917635328462484,0.917636437570758,0.917724051308709,0.917726265373346,0.917727192326487,0.917728980956444,0.917729995817384,0.917730955998416,0.917732675076086,0.917733695194276,0.917734222546574,0.917735830374897,0.917737271958818,0.917738773692225,0.917740701759816,0.917741947216784,0.917743907650998,0.91774485657481,0.917746579386609,0.917748116099332,0.917750047498485,0.917751621559551,0.917753388622749,0.917754787409777,0.917756333886621,0.917757026575947,0.917758899140155,0.917760097443293,0.917760993290969,0.917761672737804,0.917763511835513,0.917764484550305,0.91776646887464,0.917767223478786,0.917768412027325,0.917769773659588,0.917771084716562,0.917772703536417,0.917773444680637,0.91777441787919,0.917775513391651,0.917776672790742,0.917777992541304,0.917779555010428,0.917780623758883,0.917781799536377,0.917782564729362,0.917784041118622,0.917785445450624,0.917786414635593,0.917787251988232,0.917788734303444,0.917790414959715,0.917791814639077,0.917792389536268,0.917793117911173,0.917794174687708,0.917796061674559,0.918158365162383,0.918158981981912,0.918159735520323,0.918160630779975,0.918161380357262,0.918163139465436,0.918163810884977,0.918164856934125,0.918165480515955,0.918167036631751,0.918167673528216,0.918168506430458,0.918170389070638,0.918171352246996,0.918172634272415,0.918173804113971,0.918174563578392,0.918175217630526,0.91817545586936,0.918176209277482,0.918176738972555,0.918177533584138,0.918178319607627,0.918178876426655,0.918180354922049,0.918180866727881,0.918181455114269,0.918181834393715,0.918182377553754,0.918182816524761,0.918183291577396,0.918184010077484,0.918184188857273,0.918185044862505,0.918185954653916,0.918186597677661,0.918187146210644,0.9181881100938,0.918189086664121,0.918189659210638,0.918190352545251,0.918191186605293,0.918191786439384,0.91819246231502,0.918193083541567,0.91819377933415,0.918194108547169,0.918194541264875,0.918195272100932,0.918195626789246,0.918196135013897,0.918196775992218,0.918197596110852,0.918198528942428,0.918198866645199,0.918199676469289,0.918200094501522,0.918200528932109,0.918200833600451,0.918200927501069,0.918201106521348,0.918201595842091,0.918202113189783,0.918202479595313,0.918203231362925,0.918203693982859,0.918204053164951,0.918204266597388,0.91820438781058,0.918204818954649,0.918205269539209,0.918205500510526,0.918205555060668,0.918206065671635,0.918206355329083,0.918206714743151,0.918207351906381,0.918207893010235,0.91820799225987,0.918208589371435,0.918209106837194,0.918209962725769,0.918210417106615,0.918210824863193,0.920443911373803,0.92044469957904,0.920444973541633,0.920446163756485,0.920446797471675,0.920447116588664,0.920447818322505,0.92044854694936,0.920449191324257,0.920449427839593,0.920450003989172,0.920450861415469,0.920451195265216,0.920451626490258,0.92045179772756,0.92045211891286,0.920452499211144,0.920452772911785,0.920453020392574,0.920453822119026,0.920454378187553,0.920454641964573,0.920455140308195,0.92045550421765,0.920455940767454,0.920456675868583,0.920457734310858,0.920458281862554,0.920458654316516,0.920459047440354,0.920459350295063,0.920459572192048,0.920459853208602,0.920460508177205,0.920460874717954,0.920461226834212,0.920461760137848,0.920462459937015,0.920462938163868,0.920463243649494,0.920463672814382,0.920464248132893,0.920464575768329,0.920464791812093,0.920464931538547,0.920465593242084,0.920466037673028,0.920466639888466,0.92057360492539,0.920573960438788,0.920574170172497,0.920574421949982,0.920574695092656,0.920574915710428,0.92057540790239,0.920576059903376
0.364720951032475,0.376620637386483,0.390481918784484,0.401183312133359,0.430296361811817,0.451913583358843,0.475438320301081,0.475438320301081,0.501046764411249,0.501048615673723,0.501067835380725,0.502793463984719,0.578347557833865,0.579625785118192,0.586174222001603,0.586174222001603,0.586238340408312,0.598018172309028,0.601344350971608,0.605516896138665,0.606026182999362,0.60894087571722,0.648036579062327,0.648221170196377,0.652474057436805,0.652474057436805,0.656263947716342,0.656263947716342,0.688679011438607,0.691342914827853,0.712114582873206,0.712401283140725,0.730342713289089,0.730578564589974,0.784321632715886,0.785165312766284,0.795454987245923,0.795907972505467,0.799586729474574,0.799704545436795,0.819168376437568,0.8245819422003,0.826874236753596,0.826874236753596,0.835525649022162,0.835557233218063,0.845100522259547,0.845191557258811,0.853294521160539,0.853424060566416,0.854674477054886,0.854705660917438,0.857783558538987,0.858108600172152,0.865680171408549,0.867722870361199,0.871375009912879,0.871745020751819,0.875205051779599,0.875504509701471,0.876291714130357,0.876608787806821,0.878741112655849,0.878940910031595,0.881850075374919,0.882207373950581,0.882639155952526,0.882844526615485,0.883586848004097,0.883865845503002,0.88457142667949,0.884636553312012,0.88541311430766,0.885786053253937,0.887873777778782,0.887983148307546,0.888416661113096,0.888537686628162,0.888954782560635,0.889162701864442,0.889547494817478,0.88967684771153,0.89095175580508,0.891097303443814,0.892260919124047,0.892535657952271,0.892890620672713,0.893004631174024,0.893477809660014,0.893701738562418,0.893839261017735,0.894010571434968,0.89415965685012,0.894268807750698,0.894885856662422,0.894988391460856,0.895055907923221,0.89638309483084,0.896536485963999,0.896610573922395,0.896826413264444,0.896863809875172,0.897036516228549,0.897135256630388,0.897244697804141,0.897281764814717,0.899353469770158,0.899390438476791,0.900320598188307,0.900615972866782,0.900724661774806,0.900788314674329,0.900889744223011,0.900952726346933,0.901086430901351,0.901131711072733,0.90123087852019,0.901276285525442,0.90143285202623,0.901454576016986,0.90154625911789,0.901575156255616,0.901668579044624,0.901691401662646,0.901775419639575,0.901806660511243,0.901925615780665,0.901947418092417,0.902018103849944,0.902054131165691,0.902106364141188,0.902130291769609,0.902176459575027,0.902231040864272,0.902323452513279,0.90237842721069,0.902425679632486,0.902441894342098,0.902472891631238,0.902527099141238,0.902562023972839,0.902593527785572,0.902615649808056,0.902664300761871,0.902705466773495,0.90343661853108,0.903453293782724,0.903485825950258,0.90351123556262,0.903560337823036,0.903584144717926,0.90361101454525,0.903638414125486,0.903663407619211,0.903728189414088,0.903753080648294,0.904026188336588,0.904046446615454,0.904079351563163,0.904104867474428,0.90412404794531,0.904147652245757,0.904165651210564,0.904183343233601,0.904197948604509,0.904210125000621,0.90452538571913,0.904571009170875,0.904590041016506,0.904602965018597,0.90462219355571,0.90464037160418,0.904656376756419,0.904673441469409,0.904693130459433,0.904704737611482,0.904721861595465,0.90473855054288,0.904766629711516,0.904778702562092,0.904785914875342,0.904795643385013,0.904812680183793,0.904830098094026,0.904853652046972,0.904864670759723,0.904879305546733,0.904885371179051,0.904893147680905,0.904907058611287,0.904920758088387,0.905615451612442,0.905623408822833,0.905629300399594,0.905634149361778,0.905640052106523,0.905670153165934,0.905685943982921,0.905703135180477,0.905706048751967,0.905717222305876,0.905728086093097,0.905740466445475,0.905933388575015,0.905948655701657,0.905959759531448,0.905972258041389,0.905976083516887,0.906001646801726,0.90601504166494,0.906025258037919,0.906031436263113,0.90603759445339,0.906043107714477,0.906047333537075,0.906050662361438,0.906051839796554,0.906061060576511,0.906063267358587,0.906067137153403,0.906072589896422,0.9060795470959,0.906087326228873,0.906095220288774,0.906103418011269,0.906109918482029,0.90611788586494,0.906123556367948,0.906230201495421,0.906235012214827,0.906241335569484,0.906247056949257,0.906249874884367,0.906254121629911,0.906259306693812,0.906267602064609,0.906299893661927,0.906305363921851,0.906310046080972,0.906316501682006,0.906318924097088,0.906321786700404,0.906326572122525,0.906330706970701,0.906337267858538,0.906340954899131,0.906343522629446,0.906415300078369,0.907238704619816,0.907244118214985,0.907246796337089,0.907251695876041,0.907255081731906,0.90725994625042,0.907262057968722,0.907264505842107,0.907271622462709,0.907275918068524,0.907279622730852,0.907287257031249,0.907290028449811,0.907295750631683,0.907302074704222,0.90730638878613,0.907321379807722,0.907325789968482,0.90733224879856,0.907338129823545,0.907547854225646,0.907557065134877,0.907571357854144,0.907572068953117,0.907577322030227,0.907581870380042,0.907587301514163,0.907590704504156,0.907594776927002,0.907600442169283,0.907689717634974,0.907693104941879,0.90769630896376,0.907699751564116,0.907704074998784,0.907707502733629,0.907711447596327,0.9077153907912,0.907720170271236,0.907724583549822,0.907727280227202,0.907730592352712,0.907735935462729,0.907738474702988,0.90775616854134,0.90776194575884,0.907764080274606,0.907765361222769,0.907768021129615,0.907769835732279,0.907801692349213,0.90780355439975,0.907806546916653,0.907809047509353,0.907820382482151,0.907823456837119,0.907826143285549,0.907826895781034,0.907830486024493,0.907832864811171,0.907834386713338,0.907836329402227,0.90783851083135,0.907841729662325,0.907844212861531,0.907847502670566,0.90785199484173,0.907855583088093,0.907858542696368,0.907859871382759,0.907861230355972,0.907863360462143,0.907864126190704,0.907867086233316,0.9078786969119,0.907880558494809,0.907882740857776,0.907886423949607,0.907889585083618,0.907891085849902,0.907893405206143,0.90789607725472,0.907898207202992,0.907901446540107,0.907904098129927,0.907905590496819,0.908261383909162,0.908262189945066,0.908264488188566,0.908266273974512,0.908267450912246,0.908269163284388,0.908270676399889,0.908272420016809,0.908334423556368,0.908336583088065,0.908337710937863,0.908340981228198,0.908342307093153,0.908344762667998,0.908346743171072,0.908350017578713,0.90835166882352,0.908353718424262,0.908355114747432,0.908357470755885,0.908358807559371,0.90836185458005,0.908363337875394,0.908364289027696,0.908365061427778,0.908372884559542,0.908374498009516,0.908376682152548,0.908377335766308,0.908379905765001,0.908380596108425,0.908382442721451,0.908384762360089,0.908386756035136,0.908387830720488,0.908389043097528,0.908392844351778,0.908393814915506,0.908396271100901,0.90839833049555,0.908399599957687,0.9084006665218,0.908401918121207,0.90840263100115,0.90840488330517,0.908405522054704,0.908407439525597,0.908408686609756,0.908409793275318,0.908411180980806,0.908417420411261,0.908418367399873,0.908419700942014,0.908421213420751,0.908422641032369,0.908425501513233,0.908426620853828,0.908427675365056,0.908428364380296,0.908429164432644,0.908457350805003,0.908459720765138,0.908461685996675,0.908462739699695,0.908463919414256,0.908465238265085,0.908467240760781,0.90846915823137,0.908470326898966,0.908473722833633,0.908594847205439,0.908595372091711,0.908596540950425,0.908597848921495,0.908600681141433,0.908601361066271,0.908603816778601,0.908605553354918,0.908606673841505,0.908607571866897,0.908608717420185,0.908609174439078,0.908609874400992,0.908610683565813,0.90861114288941,0.908612712050074,0.908653572989021,0.908654007702907,0.908656525570397,0.908657719596517,0.908664389963006,0.908665560075254,0.908666926316051,0.908668071693353,0.908668841178167,0.908669738413497,0.908671905679781,0.90867299325219,0.908698967748343,0.908700049370706,0.908700621285988,0.908702893209128,0.908705848275788,0.908707037029907,0.908708109961481,0.908713225766897,0.908713763670439,0.908714668827818,0.908756336052889,0.908757191575809,0.908758747461042,0.908760161014753,0.908760744389919,0.908761014211431,0.908761611853885,0.90876270438833,0.908764890143582,0.908765889309062,0.908767868144982,0.9087694261494,0.908812509939058,0.908813028533546,0.90881352125691,0.908814403143015,0.908815506104887,0.908816423954051,0.908817222458958,0.908817735015219,0.908818741280145,0.908819979996169,0.908823663254692,0.908824612852852,0.908827029044864,0.908828704708919,0.908830029841961,0.908830500098633,0.908834224250913,0.90884340414331,0.90885113756856,0.908852412883038,0.908852780177127,0.908853352910064,0.908853675409095,0.908854761569782,0.908863591203928,0.90886473995732,0.908865859529796,0.908866291972222,0.908876744944072,0.908877539683421,0.908878671328522,0.908879272317093,0.908880044556175,0.908880504091772,0.908882277497412,0.908886650684682,0.908887040673715,0.908888644165375,0.908889719541721,0.908890353679911,0.90916267095075,0.909163869576038,0.909164420762867,0.909164779070086,0.909169873303226,0.909170181927593
0.395238948275011,0.402500683579138,0.427122799658057,0.428371585897856,0.480788924474161,0.480788924474161,0.481102886653451,0.506407839970428,0.508011635165244,0.508011635165244,0.52545942137291,0.52545942137291,0.560435192427277,0.560435192427277,0.561209659136179,0.561221291963736,0.577036669083594,0.577197516959589,0.577868911361791,0.578473254319112,0.578774054952904,0.578797760523962,0.58236386433395,0.58236386433395,0.642359131445465,0.642364234702216,0.652212012819425,0.655490677408294,0.697316088362381,0.700856651905912,0.703302604556104,0.703302604556104,0.707383497251198,0.707598455087098,0.708512195516054,0.708512195516054,0.708516342002744,0.708516342002744,0.715521234767544,0.715521234767545,0.716542403660075,0.716542403660075,0.721076918682003,0.721076918682003,0.74547530002586,0.745723991519617,0.746163826835582,0.746163826835582,0.746263819012215,0.74629036049596,0.749705161986618,0.815723932457522,0.833941265598005,0.834010193652749,0.834687174250469,0.834689846857553,0.836716500602806,0.837360843008179,0.840208786406909,0.840208786406908,0.840546949395231,0.840610764210052,0.842768076446286,0.843700959249181,0.850269642942956,0.850414557945696,0.850684399656501,0.850742029718043,0.85313287645083,0.853258126269764,0.854863776122299,0.854886782758778,0.855726112331781,0.855726112331781,0.857058495015291,0.857093405463508,0.858431086467717,0.858525051837364,0.868938471628459,0.869104476834624,0.878618249240858,0.879979368796837,0.881410769322786,0.881533245424193,0.883147975342026,0.883228448412321,0.883797676311806,0.883969965697236,0.884260459940318,0.885589600195933,0.886282312222406,0.886379867090822,0.892145471302068,0.892593840896703,0.893311114100331,0.893584646105331,0.894464139889947,0.895025519252314,0.895711825154738,0.899099155876621,0.89968756369234,0.899806734981987,0.900108919944842,0.900538782778339,0.900720738885184,0.900733562450504,0.900828650103947,0.900921392171762,0.901305039698354,0.901664752448406,0.901901105845938,0.902545134925468,0.902994828530629,0.903119665252667,0.903258103260257,0.903526350750808,0.903594457048709,0.903791415868866,0.904225344885899,0.904378303557143,0.904444323059677,0.904501616285092,0.904766074397201,0.904867304379246,0.905229498086939,0.905505500324092,0.905598596208044,0.905697113890961,0.905711875365492,0.905957628077211,0.906015179956989,0.906206421039457,0.90626478069956,0.906425140811912,0.906495097112566,0.906620926756551,0.906644018809301,0.906785705377301,0.906856338734566,0.90686158188637,0.907003935508375,0.9070301011249,0.907225578353845,0.907275178986183,0.90742229819085,0.90742986251113,0.907528559343558,0.907541972737852,0.907670462982512,0.907689689468075,0.907985112998422,0.908005787698599,0.908125475743645,0.908135971826839,0.908267522379506,0.90829076572214,0.908438856167075,0.9084439535889,0.908544861989106,0.908557499154139,0.908623360897518,0.908633266761778,0.90872235417396,0.908745393527543,0.908818017942461,0.908839751340888,0.908882813772291,0.908920546408137,0.909015275757034,0.9090316155391,0.90908670468658,0.909099213196287,0.909158873281251,0.909173148999072,0.909251102232058,0.909277469171555,0.909323535244531,0.909332950850596,0.909386108891847,0.909400307068807,0.909441639047014,0.909454898963817,0.909488850219909,0.909505433676044,0.909578680804401,0.909594979868387,0.909636756205082,0.909660312663013,0.909696730514745,0.909706359069118,0.909746732223572,0.909778088890296,0.909812499450798,0.909830293371412,0.909871059660693,0.90988376385852,0.909914861468379,0.909975821369572,0.909998508737544,0.910024727303221,0.910160816608786,0.910180230210328,0.910195576363172,0.910221359410896,0.910237793654085,0.910253274169351,0.910278047057142,0.910286562059707,0.910303425738643,0.910317103078127,0.910339642972404,0.910353119852764,0.910367041387769,0.910381752420745,0.910398388428763,0.910412967575169,0.910434792369352,0.910443179766521,0.910465073400173,0.910472677610423,0.910483968319859,0.910494741671651,0.91050915274383,0.910526824249734,0.910538712033652,0.910555567782122,0.910618645149854,0.910628204920424,0.910638808230414,0.910649362341169,0.910663033526204,0.910677820918749,0.910695578238033,0.910705233223248,0.910724030256586,0.9107277917979,0.910733125060059,0.910740781960397,0.910752285220244,0.910758392503306,0.910769819941112,0.910780271495938,0.910785819876082,0.91079212414853,0.910802660209421,0.910807801134917,0.911032131424577,0.91103836180347,0.911056160130608,0.911059493986013,0.911065468941354,0.911070939259213,0.91107933105645,0.911083504692933,0.91108991089566,0.911095163868291,0.911102517683261,0.911112386428278,0.911118479888193,0.911130213845733,0.911135915939382,0.911143240448793,0.911148401460199,0.911155579528464,0.911164521559366,0.911169523447741,0.911178442464787,0.91117914628269,0.911183177642726,0.911186990898316,0.911202501681302,0.911209394769103,0.911215695575949,0.911220979454589,0.911228516636141,0.911235123960236,0.911242062049988,0.911253094603333,0.911255674375303,0.911258288334959,0.911262445167747,0.911265657713038,0.911272014439851,0.911279217120087,0.91128424590256,0.911290085935308,0.911297193307202,0.911301807198319,0.91130726066756,0.911309920680606,0.911315819990066,0.911318407411618,0.911322602798565,0.911327730003775,0.911330873704395,0.911334759250067,0.911340872340001,0.911344016462423,0.911347944720666,0.911349878626818,0.911357522319189,0.911359491388763,0.911363970918584,0.911365983384214,0.911437877528491,0.911444152668623,0.911445833483128,0.911448777590527,0.911450983930769,0.911452698765574,0.911456681143831,0.911459949761659,0.916310982102344,0.916313441706678,0.916315508710288,0.916318063897148,0.916319432427444,0.916322720732223,0.9163246552685,0.916326656855376,0.916329469843304,0.916331005548199,0.916333872774232,0.916336865143434,0.916338619096706,0.916340474585296,0.916342688549849,0.916343787164319,0.916345616693457,0.916347728487012,0.916350484508746,0.916354185333239,0.91635676491663,0.916359042625714,0.916412665939823,0.916414440541827,0.916417210828684,0.916418347933062,0.91641986462649,0.916421612078402,0.916424889511682,0.916426979106517,0.916429573430424,0.916430593925841,0.916433190710209,0.916436228663308,0.91643823121691,0.916438911489344,0.916439456405612,0.916441608091891,0.916443758133851,0.916445667676292,0.916446907749078,0.916449481285767,0.91645142169909,0.916452113807999,0.916453677078507,0.916455210695824,0.916457646451265,0.916459928375413,0.916460896506286,0.916462900313491,0.916464428120347,0.916465937643877,0.916469591191214,0.916471470409054,0.916472544522204,0.916474168386229,0.916476565747168,0.916478242475456,0.916479855126521,0.916482694313515,0.91648388079559,0.916484187197053,0.91648553924706,0.916488655934739,0.916490557326616,0.916492178034033,0.916492922271286,0.916493693228288,0.916495750209231,0.916496232631884,0.916496838544159,0.91649775386398,0.916499526847928,0.91650035982619,0.91650283275162,0.916505268067619,0.916506271476039,0.916508056121844,0.916515136446636,0.916516044833436,0.916516854377733,0.916518531790067,0.916519231415409,0.916521028825365,0.916523229197828,0.916524356246779,0.916525406714886,0.916526231620079,0.916527363088678,0.916528089952791,0.916529127938148,0.916529574351844,0.916531016798309,0.916532592402477,0.916533379274529,0.916534528255693,0.916535602251038,0.916537860823806,0.916538956050391,0.916540117351096,0.916540701424585,0.916541404972928,0.916542053512963,0.916543229734507,0.916543641238013,0.916544558273708,0.916545169184423,0.916546691379764,0.916548523762171,0.91654991918382,0.916550934332822,0.916551993990652,0.916552810884563,0.916554458696153,0.91655472136214,0.916555572275091,0.916558375845315,0.916559266481886,0.916560073934597,0.916561240844889,0.916562004680589,0.916563110651683,0.916563933176905,0.916565598017985,0.916566404261594,0.916567608888718,0.916568578696823,0.916568749633967,0.916570002614505,0.916570541824918,0.916571479310728,0.916571978779959,0.916573287473565,0.916574265351717,0.916574897028299,0.916575132474845,0.916576168616799,0.916576917918815,0.916577889467787,0.916578672764046,0.916579122802578,0.916582265619626,0.916583590421362,0.916585187241959,0.916586656375335,0.916588523146507,0.916589283158422,0.916590850214694,0.916591861390097,0.916592171400486,0.916592828392802,0.916593168857156,0.916593724480187,0.916594603591938,0.916595217156355,0.916596243379779,0.916596649889132,0.916597295519471,0.91659757554918,0.916598669873525,0.916599311318438,0.916599917986618,0.916600182154302,0.916600559575018,0.91660124436566,0.916601732924061,0.916602439233017,0.916603824123248,0.916604064126893,0.9166042454337,0.916605187938264,0.916605915907267,0.916606335529654,0.916606897127218,0.91660793041536,0.916608536466235,0.916609472221565,0.916609989712788,0.916610717240844,0.916611100126797,0.916611730058151,0.916612255695736,0.916612932270781,0.916613619367898,0.916614352996269,0.916615492030169,0.916616057694699,0.916617285284363
0.40526791612588,0.426314233659337,0.430431518141516,0.431338130595463,0.497309108288417,0.497681751889327,0.506223473218277,0.506964502317871,0.522697019337337,0.574027104745045,0.615979281470494,0.615979281470494,0.61753931438479,0.61753931438479,0.617566647521677,0.617566647521677,0.617638343031085,0.62009110657849,0.620428732685812,0.631130184335938,0.682394118536157,0.682475714847817,0.746580477487422,0.746954066438301,0.748111485629912,0.748246232680225,0.749699840291926,0.749699840291926,0.766717320800022,0.766911180314034,0.76829311258542,0.768461278063478,0.76911772218895,0.769752016931017,0.773343357144524,0.779024985107597,0.779283063243575,0.779334446438274,0.78122507981015,0.78122507981015,0.782924362767513,0.783033012081445,0.784010474147787,0.784057272639075,0.801899327970673,0.802189749840626,0.803947707879109,0.804103606711585,0.810831794153114,0.810909849619663,0.820208811972765,0.822648760434016,0.825986405818883,0.82869804610131,0.857596806483274,0.857610297439167,0.859892987273574,0.861158040213959,0.862128036473109,0.862131728789043,0.86420948549374,0.864360008745098,0.866315563069748,0.870640442634367,0.871749792621519,0.871819746428496,0.874506293991863,0.875181478774253,0.876854192995964,0.877690230773889,0.879461278903768,0.879491494580163,0.879984577133559,0.881240308523663,0.881734095584063,0.881935330713127,0.882615207123151,0.882996367596221,0.885274718211161,0.885428467769251,0.885960541962105,0.886035114387708,0.886750024270306,0.887166413676638,0.888055149394371,0.888139383896969,0.889012946126676,0.889364407233895,0.88961842619047,0.889752330904662,0.890690701918051,0.890854833365605,0.890954550340065,0.891196542637555,0.891795609715249,0.892073148456382,0.892455249412652,0.892565753695466,0.895055209856505,0.895276273134211,0.895506737728864,0.895863967815585,0.896170330708139,0.896316596100582,0.896766353043756,0.897045101763459,0.89731081046202,0.897393960802838,0.897609051942455,0.897885808475559,0.898042706708059,0.89816777086048,0.898413209933251,0.899271514629855,0.899544483340126,0.899616882535155,0.899725364376823,0.899921166295459,0.900133566891472,0.900188857244402,0.90048455583187,0.900638321992645,0.900831772083211,0.900851715684676,0.901048337180078,0.901074470304436,0.901304563689366,0.901322340059629,0.901454019000905,0.901485163794565,0.901611935204223,0.90168099224098,0.901834026385878,0.901891466369722,0.901996367907491,0.902048182201134,0.902201446679237,0.902264924040903,0.902442612084748,0.902484442333534,0.902623564994994,0.90268390759274,0.902791289446727,0.902812852584116,0.902902684476509,0.902931560594603,0.903043349436514,0.903080287783344,0.903196585585904,0.903219861000459,0.90326720128824,0.903302251467186,0.903424450536111,0.90345017831313,0.903782438679386,0.903814890910758,0.90384819436188,0.903887512507434,0.903935676583998,0.903979359151497,0.904108604748411,0.904151897410775,0.904189184121105,0.904234086669029,0.90427579648514,0.904313639095131,0.904357955923159,0.904381461123228,0.904448366047427,0.904484322052149,0.904521160401313,0.904545447677443,0.904602779561419,0.904627063668162,0.904656265342382,0.904687789970249,0.904721403167153,0.904730554545579,0.904746879698897,0.904765207010351,0.904791457785056,0.904810565120519,0.904839517911884,0.904857428615223,0.904879942681018,0.904903860649704,0.904923402880102,0.904940483696967,0.904966614562637,0.904985231846967,0.905009162797797,0.90502477596402,0.905045092529326,0.905063209201914,0.905085362786669,0.905096514887286,0.905119271928445,0.905128279004865,0.905145118757863,0.90515467386055,0.905168541566627,0.905179122327497,0.905190489687147,0.905200241769503,0.905957161009625,0.905967718628094,0.905979709280725,0.905989043404257,0.905998768658105,0.906005193433915,0.906018632847534,0.906023658079189,0.906033768986189,0.906041178422577,0.906047466891004,0.906054468152741,0.906059180077201,0.906065289787789,0.906076252401287,0.906081757921485,0.906106791197957,0.906119173698046,0.906128794500179,0.906137126552225,0.906146449717171,0.90615553905639,0.906164628191013,0.90617543403682,0.906183006904914,0.906198709820984,0.906208288919074,0.906216923922198,0.906221512258922,0.906236325686571,0.906243676511055,0.906249799044763,0.906259058606599,0.906265215767446,0.906272541993996,0.90627897433605,0.906283281869282,0.90629049896731,0.906298497865915,0.906307275643643,0.906314228914155,0.906316732034836,0.906323066640953,0.906327468289597,0.906335563363911,0.906342494074893,0.90634642484109,0.906349275529926,0.906354960160504,0.906360593110042,0.906366778874217,0.906371011338116,0.906375261930513,0.906381247748747,0.906386711142299,0.906390638549176,0.906402148307828,0.906407310823604,0.906411765036695,0.906420633188068,0.906424230268167,0.906428596934738,0.906457158469094,0.906463026978366,0.906466521889661,0.906468157271579,0.906472351621916,0.906475126067419,0.906478045307763,0.906480777749267,0.906486887363686,0.90649020857516,0.908231833497701,0.908237136100867,0.908241844899516,0.908243748434591,0.908248164483885,0.908251995980682,0.90825658097349,0.908261360425816,0.908264488791192,0.908268889093709,0.908274102816876,0.908276334512342,0.908281199857442,0.908282866506178,0.908287452530857,0.908292708775041,0.908295180798248,0.908298704312359,0.908302107025372,0.908305406104409,0.908310843403347,0.908312597318296,0.908314909198882,0.908317587065041,0.908321537543805,0.908323491623603,0.908325833593044,0.90832759648802,0.908332431695584,0.908335806776552,0.908338702273714,0.908341683063879,0.908345807001216,0.908347522480206,0.908350740469782,0.908353004179374,0.908353908489359,0.908357690597658,0.908362278491093,0.90836559291271,0.908368862871422,0.908370083959582,0.908371066724764,0.908372835522482,0.908375296367058,0.908376659321204,0.908448584273335,0.908450367528295,0.908451902227947,0.908453159656443,0.908454130560704,0.908455682016753,0.908457809133411,0.908458817956487,0.908459970634793,0.908462295737941,0.908463480478378,0.908464155513588,0.90846592543396,0.908466619780904,0.908467811418204,0.90847096300039,0.90847229274239,0.908472966659946,0.908473600017837,0.908474860533994,0.90847574709758,0.908476801362236,0.908577647558777,0.908578711751175,0.908686250355465,0.908688806510232,0.908690538867568,0.908692546916038,0.908695316217688,0.908696496336696,0.908697935031841,0.908699024518929,0.908700410052709,0.908701608087837,0.908702568023032,0.908704943939707,0.908705822089511,0.908708465499247,0.908709477356587,0.908711229279508,0.908711605060535,0.908713595430795,0.908714371936684,0.908716308043273,0.9087172614798,0.908719334993376,0.908721005666618,0.908722822382005,0.908723732972517,0.908724787422223,0.908726195057519,0.908727081351975,0.908728189665692,0.908729763275197,0.908730572355769,0.908732153584344,0.908734062217541,0.908735021082149,0.908735432155927,0.908736442310828,0.908737044513097,0.908738203907483,0.908739801811612,0.908741040024955,0.90874199540322,0.908742777546354,0.908743987183811,0.908744561281946,0.908745791130528,0.9087468684227,0.908748338917742,0.908749488422302,0.908750159286774,0.908750632012293,0.908752525763349,0.908752930826058,0.90875457098466,0.908755201461189,0.908755811845408,0.908756284800512,0.908757885873463,0.908758587397234,0.908759462889626,0.908760787485838,0.910548911130667,0.910549971004972,0.910550787299069,0.910551809378304,0.910585463430518,0.910586765831678,0.91058790344701,0.910588798039105,0.910590466603901,0.910591150932652,0.910592081701813,0.910593438905807,0.910594024357996,0.910595264376355,0.910621120287817,0.910621910807152,0.910622242511179,0.910623522062475,0.91062390287317,0.910624985783508,0.910625263531661,0.910625832504211,0.910626216286399,0.910627300357734,0.91062754096521,0.910628088632134,0.910629552984382,0.910630268582438,0.91063091294557,0.910631608123273,0.910632699353091,0.910633050675161,0.910633216071945,0.91063354394067,0.910634082659795,0.910634497960546,0.910635071116644,0.910635253770696,0.910635542754626,0.910636536752793,0.910637467300334,0.910638103651997,0.910639017344347,0.91063997500998,0.910640202939239,0.91064064141004,0.910641176547927,0.910641718334266,0.91064231653453,0.910643086323237,0.910643934289585,0.910644500684456,0.910644881606776,0.910645477334565,0.910649420508884,0.910649961048094,0.910650785086088,0.910651562970298,0.910652649333245,0.91065354158338,0.910653937472699,0.910654389339293,0.910655030701838,0.910655479309968,0.91068534922857,0.910685767438441,0.910686322729455,0.910687161726522,0.910687407625539,0.91068802795767,0.910688843643379,0.910689110356699,0.910689670837691,0.910690012012824,0.910690307390811,0.910690526229747,0.91069110929823,0.910691775501478,0.910692168141757,0.910692801517279,0.910693084463168,0.91069333258821,0.910693830738517,0.910693916471433,0.910694456515509,0.910694662022298,0.910696167389404,0.910697224183486,0.910697722144724,0.910698297443142,0.910699147760145,0.910699763927801,0.910700222203459,0.910701084329781
0.379937991380358,0.432415240520415,0.432415240520415,0.458229665091043,0.492656582038994,0.492656582038994,0.495801242286209,0.495801242286209,0.522940733014208,0.522940733014208,0.569986786361662,0.569986786361662,0.592232084805323,0.598201585099657,0.616513073731697,0.616513073731697,0.646095160125259,0.646569251913423,0.656149599261746,0.656149599261746,0.685180929961865,0.686072835718587,0.686279830153779,0.686279830153779,0.689251342183487,0.689425854619338,0.693073519387689,0.693073519387689,0.693205408834217,0.722742653552367,0.722742653552367,0.722742653552367,0.722742653552367,0.722742653552367,0.725823902989827,0.725929815162748,0.728096711625307,0.73094975270484,0.731223924448003,0.731223924448003,0.762698947333792,0.762698947333792,0.788446323726959,0.788446323726959,0.793179103287153,0.793179103287153,0.80020225546752,0.80020225546752,0.801366010467325,0.80288633375933,0.80603100922934,0.806101375256939,0.806110082276062,0.806110082276062,0.806640879525603,0.806640879525603,0.806692904321145,0.806692904321144,0.825386455454368,0.82547430518322,0.825616530751948,0.825616530751949,0.826655780239242,0.831205919260501,0.831578408251731,0.831578602256132,0.837483222117366,0.845911549883674,0.846528835961121,0.846601693479939,0.850733279121597,0.85078282119702,0.851670079818201,0.860206068682213,0.860375621512747,0.860380093038076,0.861330360163311,0.861330708455317,0.864459085888362,0.864459085888362,0.864761921035461,0.867159786650349,0.867173463003662,0.867173463003662,0.879798746533496,0.879798746533496,0.881989974940005,0.882142029012569,0.88215075063224,0.882156352272843,0.883162759040095,0.884858522195318,0.886184921564074,0.88619555957808,0.88624587462165,0.88624587462165,0.889072831287018,0.889077786878173,0.889130479257827,0.88916877587932,0.889187214447616,0.891131814568764,0.891136941207591,0.891796882523427,0.891833706314433,0.891865032096712,0.891870495282462,0.891870773655808,0.891875024008898,0.891877975063642,0.89188579502628,0.891948713235656,0.89196167353535,0.891961930864745,0.891973744874615,0.892234802487763,0.892280201162482,0.892281055690914,0.892995935683769,0.893024595154379,0.893033789110309,0.893072387789014,0.893075323621924,0.893079621541995,0.893080070706486,0.893098679296064,0.893317351457659,0.897023764461288,0.897024140927647,0.897035038690463,0.897126607370971,0.897141050550334,0.897142206630381,0.89731480523872,0.897319887539459,0.897320578339975,0.899107162944313,0.899108154878822,0.899110878169932,0.899112508171644,0.899138922426566,0.899139533907489,0.899393550919906,0.899394579632453,0.899397493713812,0.89940215467003,0.900611363881919,0.900611759507731,0.900621625933573,0.900624110057187,0.900645408330163,0.900646410033489,0.905570735619096,0.90567585607336,0.905679321008561,0.905680222693125,0.906022775172108,0.906025050956183,0.906026454213971,0.90602794293853,0.906031776068699,0.906033750841572,0.906071761094286,0.90607311103176,0.906076384476638,0.906076826823886,0.906429256349661,0.906430291740478,0.906487498987052,0.906488112627723,0.906494731546438,0.9064957382352,0.906505668155565,0.906506391517385,0.906508373301648,0.906509680135358,0.906864439720861,0.906865290641005,0.906870472897275,0.906870865465697,0.908016401525195,0.908016648554921,0.908043254925929,0.908043602134655,0.908519926699306,0.90852060933488,0.908592766122883,0.908593179814826,0.908605497349785,0.90860601993768,0.908729191790699,0.908729634493429,0.908732787126512,0.908733293781771,0.908761781219271,0.908763070528259,0.908941120103527,0.908941372359995,0.908987366280735,0.908987622404899,0.909525732087423,0.909558790036011,0.909572776740958,0.909586908941024,0.909619336363768,0.909619483916136,0.909628657292473,0.909628885573719,0.909633181274795,0.909637216156973,0.910112234338945,0.910113003555633,0.910170189023165,0.910170495958297,0.910366841635304,0.910366905011911,0.91037904584254,0.910379552607533,0.910766262144777,0.910766860695599,0.911179000093253,0.911179202357695,0.911211047481316,0.911211133879781,0.911222502795377,0.911222516882852,0.911243167751615,0.91124333192774,0.911946014432107,0.911946254510071,0.912287869608345,0.912288035571767,0.912311149045031,0.912311485686443,0.913410223915493,0.913410313660151,0.913412496941256,0.913412649829474,0.915354149203122,0.915354573238805,0.915357873210367,0.915358058157505,0.915464831866291,0.915465160756621,0.915781009483607,0.915781402722728,0.915813668900703,0.915813858375595,0.915900691713697,0.915900952746032,0.915933016896634,0.915940561383274,0.915951021885223,0.915951111288391,0.915987370055673,0.915987413116024,0.916051997382512,0.9160521864669,0.916084248795281,0.916084431263612,0.916297359536933,0.916297501215181,0.916330977882452,0.91633220322822,0.916366897230152,0.916367290359215,0.916449839369971,0.916449880146154,0.917357380429346,0.917357625821085,0.917391215534402,0.917391274212526,0.917409080247813,0.917409456376429,0.917511235811372,0.917511304967406,0.917660758791414,0.917660876807782,0.917802019335876,0.917802142559034,0.917875064826608,0.917875237019391,0.917907090731458,0.917907325611685,0.918033492899865,0.91803358074775,0.918068481357679,0.918068553504337,0.918090437972128,0.918090506317359,0.918096726236531,0.91809681793532,0.918148307618555,0.918148350532395,0.918214311993667,0.918217085440756,0.919481491330246,0.9194836794018,0.919516235458287,0.919516368138839,0.919533177946896,0.919533700319433,0.919577885196479,0.9195779326607,0.919585440755004,0.919585463157389,0.919700289783186,0.919700306094326,0.919729684025276,0.919729807070069,0.919735111756471,0.919736290181054,0.919793765505848,0.919802896418002,0.919878162010662,0.919878181333671,0.91992218058389,0.919922208708796,0.919926401094904,0.919959709113602,0.920271289451214,0.920298463082524,0.920370828849796,0.920370855578219,0.920388883832145,0.920393931959012,0.920443060877241,0.92044396659628,0.920687658268473,0.920687827699406,0.920751736124235,0.920751944938066,0.920802134086619,0.920828416726566,0.921284554333962,0.9212846247577,0.92129975385557,0.921301518515963,0.921462468227237,0.921463773684289,0.921498142560409,0.921500403687553,0.92162995811221,0.92163052619718,0.921868405233491,0.921868607768844,0.922013707237704,0.922014525964622,0.92212454861245,0.92212454861245,0.922233083989647,0.922233233972206,0.922297676748099,0.922299620034276,0.922301861897649,0.92251422762347,0.92255719217955,0.92255719217955,0.922713287952058,0.922713577735978,0.922801120086808,0.922801342384224,0.922877617466226,0.922883713489579,0.922896380083561,0.92289644270379,0.922939230986593,0.922939287337858,0.922944443062703,0.922944731259361,0.923036081439287,0.923037460648416,0.923148686625295,0.923148838850279,0.923360822972783,0.923367594714921,0.923375633450065,0.923375909127438,0.923417432679614,0.923418332040845,0.923454661677704,0.923454971918662,0.923520146908223,0.92375391513222,0.923902216505872,0.923906200564926,0.923976021563085,0.924511186332271,0.924685622079089,0.924686008281081,0.924758439913829,0.924758439913829,0.924833051047523,0.924844212808393,0.924982747067245,0.924983225245247,0.92501734137359,0.925021105550557,0.925055537083715,0.925060212616667,0.925127183134341,0.925140146289212,0.925312011628606,0.925312320321482,0.92538924137996,0.925390268095584,0.925411055135615,0.925418205067853,0.925524406322854,0.925525914831167,0.925620590685308,0.925636043726854,0.925685462315715,0.925708953866437,0.925753907164673,0.925754050082266,0.925797551198911,0.925811478863316,0.925827625717725,0.925836656452808,0.925930334385141,0.925930533477739,0.925958270461338,0.925959285639864,0.92614768616738,0.926167692449764,0.926215314426516,0.926218132603803,0.926252497317902,0.92625981124629,0.926363254334859,0.926389041898859,0.926409100691923,0.926415330864384,0.926508287739309,0.926513590860377,0.926589841469998,0.926592139656146,0.926675003346725,0.926716718683867,0.932484873716821,0.932523965226233,0.932597137199706,0.932598833001498,0.932680423965487,0.932684110043543,0.932692774956553,0.932704603473659,0.932718521977654,0.932727348442897,0.932782443389037,0.932785035788203,0.932810554392641,0.93281289914378,0.932848270308913,0.932848636830904,0.932882092892057,0.932885989245055,0.932940836996038,0.933126784183947,0.933189774477776,0.933191092276751,0.933227093705027,0.933235784167305,0.933273254692282,0.933331407899357,0.933348536827523,0.93336744162935,0.933439813681813,0.933439829208437,0.933491187021511,0.933494638938703,0.93351867569332,0.93352157195049,0.93355903728054,0.933565870105592,0.933577374849506,0.933581073235606,0.933663651243167,0.933677485054756,0.933684595344826,0.933688719318066,0.933713951491586,0.933717523054643,0.93373265290773,0.933743874776501,0.933771528389979,0.933775121244243,0.933841890764851,0.933855727069581,0.933870752457806,0.933873155709639,0.933908007752244,0.933908190840722,0.933931019861507,0.933940010045978,0.933956870637578,0.933960270929804,0.93399616021387,0.933999252188116
0.417562838831485,0.447329086388488,0.450632707487688,0.451046462164875,0.45208597506532,0.45208597506532,0.501876264895257,0.503291382691167,0.574266202877516,0.574266202877516,0.581720922732404,0.581720922732404,0.581773055090919,0.581972979758608,0.58434208837105,0.58434208837105,0.590393625603591,0.590393625603591,0.640739373535918,0.641872213973602,0.649577568485305,0.649577568485305,0.649690800026977,0.649690800026977,0.650403708324097,0.650408074748329,0.654549770673398,0.654549770673398,0.655496840657009,0.660334738534042,0.74708032899614,0.747080328996139,0.752571439701307,0.752571439701306,0.753612924576551,0.753618998680616,0.769963530996246,0.770573401451271,0.77704737157282,0.77704737157282,0.777713142349101,0.777713142349101,0.777816040601709,0.777853716628731,0.777951417735293,0.777951417735293,0.777951417735293,0.778117597068585,0.778651922891743,0.778651922891744,0.786071081289841,0.796520617153846,0.796837621788281,0.79683762178828,0.798158353242678,0.798158353242678,0.803402925975004,0.803628084278255,0.804051156197332,0.804335355216773,0.819564136824668,0.820092875820721,0.834528190992874,0.834563622434391,0.835983973812889,0.836012821800642,0.837511686092821,0.837511686092821,0.842774785472924,0.843350972693853,0.843604223502231,0.844089238304317,0.84511451669948,0.845696766540889,0.850581508729626,0.852076602240318,0.863368467574432,0.863452804546259,0.866816031269152,0.866980858588467,0.870887540842491,0.871438012869335,0.872155872985742,0.872540445471386,0.875101570971686,0.875345360512886,0.875722971814409,0.87606875260957,0.904098777815137,0.904373975483309,0.905138202808615,0.905598670312829,0.90596108284964,0.912512645050083,0.912994305957664,0.913251434666077,0.913940514777148,0.918250935599739,0.918710774383229,0.920393252387266,0.920974565991657,0.921378973094997,0.922017839409141,0.922171418584365,0.922779058502282,0.924115737972809,0.924452060032785,0.924644572628637,0.925082251166046,0.925420465561206,0.931466984988657,0.931642620454198,0.931913438275375,0.932098967311688,0.932429620538506,0.933116521143285,0.933179358244491,0.933641558555592,0.934039395691176,0.934332128472255,0.934369312609679,0.934763662044355,0.935114862848571,0.93529183947992,0.93543911196416,0.935805827497769,0.93593193163494,0.936256626303292,0.936363141544284,0.937406438291563,0.937488085757183,0.937791603395643,0.937852674513171,0.938214260546736,0.938496328256541,0.938613506865177,0.93869901683202,0.939378069805224,0.94211510511899,0.942307230123362,0.942630853654737,0.94269750218094,0.942929694441178,0.942970131181487,0.943244608924952,0.943285071593812,0.943457214675644,0.94348095964817,0.943705788587974,0.94379250895114,0.943915161354549,0.943949954014182,0.944383669198063,0.944447656849865,0.944572157910582,0.944594587240602,0.944692314327642,0.944731033786843,0.944944989410694,0.94496947187018,0.945050807801431,0.945080127588408,0.94526283715353,0.945294783535291,0.945514465855893,0.9455706397932,0.945654763521403,0.945733874600559,0.945846805252072,0.945910815024279,0.94600170520235,0.946101281351539,0.9462486634579,0.94628529268526,0.946349512498782,0.946393463303991,0.946467438225292,0.946497033445147,0.946617147311947,0.946645125895821,0.946765612723532,0.946787900159107,0.947503341133887,0.947548607450938,0.948913960410503,0.948941056134331,0.949009598845901,0.949045226919269,0.949096115939473,0.949132125167434,0.949177483340286,0.949197386377843,0.94927045755269,0.949302272708291,0.949352828435362,0.949378622738731,0.949424817357447,0.949433445999401,0.949480610041717,0.949510573345765,0.949568389814052,0.949588113954432,0.949654627967114,0.949673152950633,0.949704978633063,0.949736539949049,0.94977865532671,0.949797412031893,0.949831159421382,0.949854815019164,0.949890121011054,0.949900443825681,0.949918276855843,0.949930211457719,0.949953317716081,0.949967322418734,0.950011128334438,0.950021585101522,0.9500369124236,0.95005629877849,0.950094977252071,0.950102904132407,0.950110907146863,0.950131273470073,0.950996234875761,0.952707250658014,0.952738211828603,0.952747489280392,0.952779445286348,0.952799305970994,0.952820386193063,0.952841251305273,0.952867288345824,0.952885771687348,0.952899157246758,0.952909556494197,0.952916893846138,0.952930594008404,0.95294764622405,0.952968426398729,0.952989913837911,0.952997199936311,0.95301640305373,0.953027732894425,0.95305158450702,0.953079992318762,0.953091500173478,0.953100495270479,0.95311724039619,0.953129649726598,0.953149446852854,0.953161037636285,0.953187461101679,0.953195520871336,0.953203713789806,0.953216624215823,0.953227974623199,0.95325007518321,0.953271312410957,0.953289839105158,0.953307989513129,0.953327897016574,0.953342691970217,0.953359707071162,0.953376031141415,0.953380568607292,0.95339338598999,0.953402561687671,0.953412855418759,0.953421047051835,0.953436971382669,0.953471034489111,0.953485726489748,0.953492603119654,0.95350306112141,0.953507539361402,0.953515997136673,0.95352210971603,0.953578492617032,0.953584209197331,0.953588623713723,0.953598884189148,0.953603323180761,0.953607478832011,0.953613869979519,0.953623940635565,0.953638918767725,0.953648365968218,0.953654158706336,0.953663766267681,0.953671907237946,0.95368239441585,0.953689983699414,0.953699937662214,0.953739183686487,0.95375053756657,0.953908873935828,0.953919463544047,0.953930643173966,0.953937747461892,0.95394476446009,0.953949362936067,0.953961939948014,0.953968679162194,0.954351175242114,0.954356580566701,0.954368042092807,0.954379593100535,0.954388593262083,0.954396615283666,0.954425261426781,0.954451187700969,0.954458082992518,0.95446299393602,0.954468656673534,0.954479391866226,0.954500658320295,0.95450447653106,0.954511899780599,0.954520323196297,0.954528074057944,0.954537940167021,0.954552298616649,0.954557199144621,0.954567282211265,0.954573343265543,0.954582381298374,0.954585405140166,0.954592040155621,0.954597111128641,0.95460170469857,0.954613130697233,0.954619561784515,0.954625209238494,0.95462811021874,0.95463725587202,0.954641658917213,0.954644539683643,0.954649283218921,0.954651678078653,0.954658660637774,0.95466647011521,0.954669672975399,0.954675176118826,0.954681121026453,0.954682920359499,0.95468657716841,0.954701158910194,0.95470685751139,0.954711323435547,0.954712724517398,0.954722364032354,0.954730039323011,0.954738704548604,0.954760674622006,0.954767235863275,0.954788083220362,0.954798068138568,0.954803681662875,0.954807229450479,0.954812422586016,0.954819256947762,0.954992442510624,0.954999334408104,0.955002912066847,0.955009544091461,0.955017940393493,0.955026433288063,0.955028841230749,0.955029817433088,0.955034809213362,0.955040357124652,0.955043250855178,0.955045944105079,0.955047066306391,0.955049833884253,0.955055827998585,0.955070005399039,0.955073840595471,0.95507650457739,0.955086220199144,0.955088775028321,0.955094697729313,0.955096503222939,0.955100347241475,0.955105480433742,0.955110347570756,0.955117032108885,0.955119572373206,0.955127627302785,0.955133499417107,0.955139769074501,0.955141534249241,0.955144348169636,0.955145594106416,0.955154558040923,0.95515597942204,0.955162173294331,0.955168901417933,0.95517310521651,0.955174994887343,0.955183039680928,0.955186326735689,0.955189174865867,0.955561352507325,0.955565795159768,0.955590449537612,0.955594081365064,0.955595045356387,0.955598206215273,0.955603544731957,0.95560597201367,0.955615181738866,0.955617895536312,0.955621741929456,0.955625071913037,0.955635688866848,0.95563950289238,0.955641187298451,0.955643725872187,0.95564556939453,0.955648594539505,0.95565389750729,0.955663977012034,0.955667966260921,0.95566928689705,0.95567148567268,0.955674158375553,0.955676337010773,0.955679161053719,0.955684980382801,0.955688175291248,0.955690927999694,0.95569271239953,0.955700796533087,0.955704218100789,0.955714630597273,0.955716648888597,0.955719576298404,0.955720660292476,0.955723135147225,0.955724639634366,0.955739477041722,0.955743649473904,0.955758669709959,0.955761509985677,0.955763602300908,0.955766241937499,0.955779186446555,0.955781819147333,0.955783349617826,0.955788842708525,0.955790409151699,0.955793201303672,0.955803930694774,0.955806050348595,0.955810419468761,0.955812371083348,0.955814486474114,0.955817942680331,0.955821398625934,0.955824256366414,0.955826882030768,0.955827338574298,0.955832071116974,0.955834210864062,0.956200889328962,0.956201698047582,0.956202501908272,0.956203825628092,0.956205873940918,0.956208004273271,0.956208431208466,0.956209854317903,0.956212150029646,0.956213689236112,0.956215812543024,0.956216648231714,0.956220042754339,0.956221014883652,0.956222738369393,0.956223457348599,0.956225220476644,0.956226052318866,0.95622641886111,0.956227868115171,0.956229108267661,0.956231334574878,0.956233547020975,0.95623487920836,0.956235784888369,0.956237692162356,0.956241140309242,0.956242451572147,0.956244377308261,0.956245889600925,0.956250660082245,0.956252215660278,0.956264382204528,0.956265123783588
0.418181251929547,0.41825216990061,0.43714623991045,0.439266290681185,0.440106826576381,0.441732719218835,0.515681021057041,0.515681021057041,0.641838661723838,0.641838661723838,0.642293154302039,0.646947070065006,0.646947070065006,0.646947070065006,0.647145138436152,0.663276643071959,0.66362354688416,0.66362354688416,0.66362354688416,0.66362354688416,0.664023878792504,0.664207918169867,0.66578755394643,0.665988081911306,0.6680801847358,0.6680801847358,0.67825232273536,0.67825232273536,0.680693569536888,0.712497485390927,0.766922515062298,0.766922515062298,0.775332625925446,0.775332625925446,0.777248736200128,0.777302494595304,0.810168799406101,0.811441527374513,0.813540166743377,0.814483568841757,0.83487379547153,0.835102743566014,0.837389929021216,0.837467759782712,0.838888395705638,0.839044789680906,0.839465735846132,0.83954553204076,0.841351350722666,0.847016242972102,0.849260784464684,0.849805552053856,0.853204624654408,0.854773798111077,0.867293159802432,0.867751546205546,0.868392217735247,0.870533587366502,0.873022412977746,0.877484051803981,0.880274889098216,0.880678320448028,0.881484350227583,0.881635056723809,0.882723149599749,0.882850464437654,0.885723049319273,0.885779973506844,0.886075864091091,0.886253386956162,0.886520092150752,0.886886779002627,0.88711021435328,0.887236008631553,0.887603476231748,0.887749636028987,0.88830425381461,0.88845481632488,0.888909972811717,0.889156513163433,0.889460229411135,0.889851313975543,0.890164510525677,0.890312263450042,0.890597960088087,0.890704648190373,0.890944939710191,0.891050900014952,0.89130637790238,0.891392700690707,0.891584560148464,0.891713304201765,0.891905382182344,0.892126650166079,0.892220481509739,0.892469140062947,0.892789520521958,0.893036962762097,0.893334947421636,0.897551056045285,0.897766956481036,0.897796912921664,0.897901424626232,0.897918588937104,0.898010468369169,0.898054227887269,0.898240811647735,0.898372074882057,0.898784451389359,0.898814997570645,0.899087823786665,0.899147342219454,0.8992836631246,0.899338260976545,0.899505199650682,0.899551872272416,0.899608583030348,0.899683007742239,0.899780225732097,0.899796862590762,0.899904170631831,0.899954561955541,0.90002830549183,0.900069397107242,0.900125901287321,0.900153657062802,0.900189813539266,0.900242242491875,0.900291508258139,0.900323241381152,0.900396180020222,0.900462513712149,0.900541529705086,0.900586612752378,0.90065348496638,0.900690745955915,0.900750292929994,0.900784255144389,0.900818970144596,0.900854453632286,0.900929702579384,0.900954993993637,0.901013860507147,0.901037215098495,0.901077025148544,0.901107769049889,0.901144243136958,0.901177837473682,0.901210418747154,0.901237133471547,0.901263184657728,0.901279729473837,0.901324811692883,0.90134031975067,0.901360731724099,0.901381717617523,0.90140919055207,0.901425972074636,0.901440232625564,0.901457788342472,0.901485242652584,0.90150889767691,0.901533699029239,0.901552662853831,0.902199250470553,0.902210806816856,0.90224879610344,0.902259271351281,0.90228177316537,0.902295919140411,0.902313492164724,0.90233343707911,0.902354820214273,0.902362825700848,0.902371166742906,0.902389123869882,0.902397378311878,0.902407165244551,0.902416031555416,0.902430088269726,0.902439932478069,0.902454597804692,0.902464917661386,0.902484643905214,0.902492097678027,0.902502738142152,0.902514454378702,0.902520899022681,0.902525164287985,0.90253014055819,0.902537133208712,0.902544678480522,0.902552648972072,0.902561423689752,0.902567106626605,0.902575341731355,0.902580239257193,0.902587895765717,0.902592901700677,0.902604620037276,0.902611337023644,0.90262056257104,0.902626398601433,0.902632670326868,0.902639890902553,0.902647302060201,0.902652114116209,0.902657041349515,0.902662159749262,0.902668531566975,0.902750119937504,0.902756416346162,0.902761686154891,0.902771140276125,0.902776854712024,0.902783072056408,0.902793633202211,0.902799882290529,0.902809086272436,0.902813994706996,0.902925054895827,0.902928337730081,0.902930488119998,0.902937982376416,0.90294288318926,0.902946479333049,0.902949914382501,0.902951500288361,0.902957804003668,0.902962611352848,0.902966597222153,0.902968509043537,0.902972479547204,0.902974987741777,0.902981259422295,0.902983674459126,0.902989470728547,0.90299252154216,0.902998747472084,0.903002439067161,0.903008136060197,0.903014755045902,0.90302010068491,0.903026260554316,0.903028939323498,0.903032715271764,0.903035431619938,0.903040026427794,0.903043434580392,0.903047337791234,0.903052163330345,0.903056174880024,0.903060716233533,0.903063081423347,0.903066915268583,0.903069599183464,0.903075197563935,0.903077660943824,0.903083894940131,0.903088529272033,0.903090943019754,0.903094235666064,0.90319700599265,0.903198579123181,0.903200048863759,0.903201794216707,0.903204064710207,0.903206678439621,0.903211338225219,0.903212808477168,0.903217224852922,0.903219245933409,0.90322212615487,0.903224662679123,0.903227494392255,0.903229792613269,0.903234051423331,0.903237641017987,0.903240590164445,0.903244406847763,0.903247186682497,0.90325033516533,0.903252096748576,0.903254709238593,0.903257680592807,0.903260432330143,0.903263398286418,0.903265186126922,0.903266930779517,0.903268575485977,0.903271202832582,0.903272866544355,0.903274458225672,0.903276488648176,0.903276969825543,0.903279010597264,0.903280868858317,0.903283599907051,0.903286828569073,0.903289844039663,0.903292911119779,0.903294050945145,0.903296955003261,0.903299089572971,0.903301232711846,0.903302647345405,0.903306308259421,0.903310412279796,0.903313054428151,0.903314826137478,0.903317448592355,0.903318082847543,0.903319453061785,0.903321387119464,0.903322823543918,0.90332490752988,0.903327121162996,0.9033297181101,0.90333145183277,0.903334537044489,0.903335769461725,0.90333826008605,0.903339446659877,0.903342221889369,0.903345442069132,0.903347078011095,0.903349807833487,0.903351340083708,0.903353134424888,0.903354224789979,0.903356822437334,0.903359177928972,0.903360838536665,0.903362753715701,0.903364059810971,0.903364896801978,0.903366896982664,0.903368101927523,0.903369200913848,0.903370484927675,0.903371802287355,0.903372077528174,0.903374046657744,0.903375043217344,0.903376610436968,0.903377931380798,0.903379721983215,0.903380272692846,0.904002020926056,0.904003867562773,0.90400529352217,0.904006912891055,0.904007912265079,0.904008968296032,0.904010730437183,0.904012097541667,0.904012875606443,0.904044526025327,0.90404569244014,0.904046314293993,0.904048198222606,0.904049510353127,0.904051080853857,0.904052021607487,0.904052788993126,0.904054044263154,0.904055196045026,0.904056568928695,0.904057659572259,0.904059642062464,0.904061262211861,0.904062766984101,0.904063680358865,0.904064646558549,0.904065639867837,0.904066977193984,0.904067858827293,0.904068361080811,0.904069106279856,0.904070331016774,0.90407223765348,0.904073008896897,0.904073715680116,0.904074153788464,0.904075279323399,0.904075859817208,0.904076832394625,0.904077977582094,0.904078568848193,0.904079237142659,0.904079993205746,0.904080749290708,0.904081765536107,0.904082337728613,0.904082853098476,0.904083146978404,0.904084153407564,0.904084701700728,0.904085967468045,0.90408729321274,0.904088055031633,0.904088541480534,0.904089568852262,0.904090533114203,0.904090874612312,0.904091787543126,0.904093231753298,0.904094030876719,0.904095630428746,0.90409588370357,0.904096978566575,0.904097706107094,0.904098459411683,0.904098692113122,0.904099482661967,0.904100338090305,0.904101033186929,0.904101907501341,0.904102201625049,0.904103366531895,0.904103726553443,0.904104032324347,0.904104809772878,0.904105215233256,0.904106554831274,0.904107396316044,0.904107520753535,0.90410799988331,0.904108492938417,0.904109337537867,0.904110185270045,0.904110926845575,0.904111400825351,0.904112081345303,0.904112912212554,0.90411389021896,0.904114238708438,0.904114807914939,0.904115164879722,0.904115587217873,0.90411630263783,0.904116613074302,0.904117209085561,0.904118265215744,0.904118323348987,0.904118596442176,0.904118916191833,0.904119006406783,0.904119584340865,0.90412008773372,0.904120425170108,0.904121377141657,0.904122409017283,0.904122787973238,0.904123311979515,0.904123522236608,0.904123823261046,0.904124218680427,0.904124987868584,0.904125248984613,0.904126040934568,0.904126481999735,0.904127405690092,0.904127953864023,0.90412831916781,0.904128470426555,0.904128614189255,0.904129261274498,0.904129816010073,0.904129902894417,0.90413037554482,0.904131398775866,0.904131712199815,0.90413207567402,0.904132587405513,0.904132800682063,0.904133097516744,0.90413364011297,0.904134378066946,0.904135134225941,0.904135561094203,0.90413588993813,0.90413638453525,0.904136853560145,0.904137502212651,0.90413799498443,0.904138609363704,0.904139027616328,0.904139496380076,0.904139719522122,0.904139887128541,0.904140428011028,0.90414069438019,0.904140918144159,0.904141230056154,0.904141838708388,0.904142437112316,0.904142776390043,0.904143094232098,0.904143303130949
0.380045660360369,0.41515041767753,0.416762717358645,0.436230343548532,0.448938222329688,0.448938222329688,0.495354432261705,0.495354432261705,0.505745667891466,0.505895704782463,0.520855551963157,0.520855551963157,0.522132867541872,0.525719317508459,0.560547801444056,0.56070838619281,0.622692126686806,0.623032907907138,0.627970090229545,0.627970090229545,0.646453373099762,0.646563054921559,0.667940256106712,0.66794591959884,0.716680031844764,0.716680031844764,0.75814437106969,0.759744103326584,0.760759874859523,0.760759874859523,0.761480897198256,0.774584834825565,0.785463631100809,0.786270039764489,0.797220026163867,0.797949706360794,0.805469967259109,0.805469967259109,0.83470509585972,0.835873564419475,0.836646893218228,0.836752709908453,0.838608411050441,0.848493641864803,0.849442019191233,0.849505617401341,0.853532404972828,0.855106949194917,0.857044240523024,0.857198760959883,0.858452994076947,0.859072356581036,0.8619004329274,0.865698700319755,0.866424202451905,0.867088739586277,0.867887370057056,0.87011959560759,0.872990726144695,0.873353756608282,0.87432588164825,0.875294131389858,0.881685891613377,0.881890327530099,0.88255330433431,0.882885328731009,0.883632477690223,0.884247183770101,0.885348979854832,0.885986944417426,0.88657164311897,0.886593519495484,0.887049277706414,0.887263507232213,0.887804878689321,0.888275144655844,0.88957353973759,0.889821891801359,0.890082673571495,0.890280005361712,0.89064569137316,0.890978458451606,0.891628287857871,0.891847119293193,0.892135229799632,0.892169686523504,0.892408257717843,0.892596664286307,0.892750255983461,0.893331443453865,0.893520312380389,0.893655451840599,0.893971943105334,0.894178684223166,0.894437274475846,0.894615555491382,0.89510887820719,0.895156702055512,0.895301273407676,0.895320555584816,0.895401470478598,0.895476132732405,0.89570818515026,0.895727972086942,0.895994516723979,0.896028490471108,0.896352381344813,0.89638767208949,0.896627216719368,0.896711961460094,0.897067283920328,0.897090046278301,0.899185727161535,0.89922574843488,0.899492856445103,0.899519433557795,0.899659391125662,0.899705237878299,0.899911118537998,0.899960975167727,0.900065026216348,0.900216047908588,0.900348842560011,0.900425016839337,0.900584501377221,0.900639042493213,0.90075609035151,0.900812574726128,0.90092854633563,0.900964549576023,0.901079197968417,0.90112237461024,0.901248668446975,0.901274517007294,0.901356548921558,0.901393554016439,0.901460237904364,0.901498781168436,0.901580821378341,0.901627464013512,0.901698190092919,0.901724013338086,0.90177006369473,0.901792256735312,0.901844880229774,0.901883146058874,0.901937615602449,0.901965179353997,0.902010178295529,0.902023757646151,0.902067249376586,0.902093281397505,0.902131647477955,0.902155914834385,0.902192502491034,0.902203921911393,0.902237240078775,0.902258362832798,0.902282956609068,0.902317472520755,0.902347289278916,0.902375811701765,0.902397274766003,0.902428316280749,0.902451360814582,0.902472217067017,0.902496752523719,0.902518166661011,0.902535129851509,0.902548256935492,0.902579528166242,0.902600466851031,0.902622777545812,0.902646254651649,0.902660351549169,0.902670674487401,0.902686643976453,0.902707588870437,0.902731229832813,0.902748228911577,0.902846525396631,0.902863935398475,0.902876511580291,0.902890588980141,0.902907274314626,0.90292261698183,0.902935474393574,0.902949856999416,0.902956565193813,0.902963475151759,0.902977741059287,0.902994537847479,0.90300127136292,0.903009574503496,0.90302466230866,0.903031424642834,0.9030402651518,0.903043205457908,0.903051597285357,0.903061936713759,0.903078432544819,0.903087197006843,0.90309836498296,0.903105774035657,0.903113642397221,0.903122416259161,0.903131597659801,0.903137708534133,0.9031476504304,0.903158496315012,0.903164978883739,0.903169919907919,0.903177591255807,0.90318286518273,0.903191462694353,0.903200677011752,0.903208050987825,0.90321352875026,0.903221597775201,0.90322399467309,0.903227806685861,0.903230803436103,0.903238293606534,0.903242015182568,0.903250735724378,0.903255135781882,0.903262927913901,0.903269384976297,0.903276189246155,0.903279395853622,0.903289426539021,0.903293006241822,0.903300132079529,0.903306543765028,0.903311274112206,0.903321587578618,0.903327349482212,0.90333623257521,0.90334089062153,0.903347973835653,0.903351962599094,0.903356247573813,0.903362115179462,0.903365837592094,0.903370794667527,0.903376286035243,0.903379311678043,0.903383801884756,0.903389195645307,0.903394120557435,0.903399323124036,0.903405019861749,0.90341100956663,0.90341287301077,0.903417002133435,0.903422075017032,0.903425504129404,0.903430132562626,0.903433256349975,0.903437497428562,0.903439093974408,0.903441678633164,0.903446372988358,0.903449899845424,0.903453656316656,0.903456505199936,0.903464238653182,0.903469009704171,0.903473360307251,0.90347692282298,0.903479262011115,0.90348176282356,0.903485242873163,0.903488731082944,0.903493615749197,0.9034965825386,0.903499351039807,0.903502713220793,0.903506430377595,0.903507898292433,0.903512333724369,0.903514397120358,0.903518173118705,0.90352009275076,0.903524135101947,0.903525836578498,0.903529250301133,0.903533000290788,0.903535669567247,0.903539821091694,0.903541226238738,0.903544433809802,0.903548779202067,0.903551041575205,0.903553934609988,0.90355598431677,0.903558454848117,0.903560071279118,0.903562108990205,0.90356346893918,0.903565724953378,0.903568670974892,0.903571634987909,0.903573022402995,0.903576564507355,0.903578773924932,0.903582257764354,0.903585044153874,0.903586815438867,0.903590455895453,0.903593304179189,0.903594684811802,0.903597244035305,0.903598234162734,0.903600198591962,0.903602603441605,0.903606139832275,0.903607337879427,0.903609530181997,0.903610963247725,0.903613069504556,0.903615565616869,0.903618864101315,0.903621015524741,0.903623035358844,0.903623288484844,0.903626048776539,0.90362837214271,0.903630362093693,0.903631711010904,0.903632624676263,0.903634388947991,0.903635693174962,0.903637299179955,0.903638047016177,0.903639036040397,0.903640953074181,0.903643765625983,0.90364560365063,0.903647131508188,0.903744635282909,0.903746467183388,0.903748344793058,0.903749731942284,0.903751659269257,0.903752897683465,0.903754244430313,0.903755165409746,0.903757633001744,0.904149266214389,0.904151376899082,0.904152435818504,0.904155433563581,0.904157569909088,0.904159358911096,0.904161866089946,0.904163993760545,0.904165712763632,0.904167847743693,0.904169579181995,0.904171597873088,0.904173151201308,0.904174805154494,0.904176990471922,0.904180130831948,0.904182827906971,0.904184632639256,0.904187115471591,0.904188841198923,0.904190349353887,0.904191439212481,0.904193006373945,0.904194764147814,0.904197077812173,0.904198901710723,0.904200185631374,0.904201466967884,0.904201994043594,0.904203738950113,0.904204673200345,0.904487805303385,0.904489041796552,0.904489851704556,0.904491364511891,0.90449310528373,0.904494601029134,0.904496870537301,0.904497843489145,0.904499207237498,0.904500665206293,0.904501171302645,0.904502239535315,0.904503162982018,0.904505120526436,0.904506235971598,0.904507864121168,0.904510034380132,0.904511403852872,0.90451229474679,0.904514694777447,0.90451566530743,0.904516989368174,0.904518735661947,0.904519606858444,0.90452086672269,0.90452199388704,0.904522951292709,0.904524372554043,0.904525790755453,0.904526265058456,0.90452764891636,0.90452877620201,0.904529599636978,0.9045312559072,0.904532173568366,0.90453337392539,0.904534896493167,0.904535774403282,0.904536896856214,0.904538179773098,0.90453934706934,0.90454063721456,0.904542065923743,0.904542643021702,0.904543217854231,0.904544107906177,0.904545782999488,0.904546729539644,0.904547431714774,0.904548164102973,0.904548891452191,0.904549290934841,0.904550720162004,0.904551599270943,0.904552820775573,0.904553908876882,0.904555106017254,0.904555618767916,0.904556375807025,0.904557378205276,0.904558627476635,0.90455916571598,0.904560429799358,0.904561247931221,0.904561960264959,0.904562963869343,0.904563508481826,0.904564049285614,0.904565014135414,0.904565569047703,0.90456691850588,0.904567572634762,0.904568239377245,0.904568932031917,0.904569761119041,0.904569988097024,0.904571543565046,0.904571905822617,0.904572613826039,0.904573106109473,0.904574225510114,0.90457534259762,0.904575972606589,0.904576972338606,0.904577265105406,0.904577971862588,0.904578788950616,0.904579158851741,0.904579816237267,0.904580047057848,0.904580803409803,0.904581287207938,0.904581920135789,0.904582864735821,0.904583049616231,0.904583570532963,0.904583893938628,0.904584341437785,0.904585656049223,0.904586349166602,0.904587141005538,0.904587347264853,0.904588518757172,0.904589199037122,0.904590015877574,0.90459074770927,0.904591110111731,0.904591776552803,0.904592288385718,0.904593254611371,0.904593866509994,0.904594687288118,0.904595404571418,0.904596669402184,0.904597591820102,0.9045994815739,0.9046001946698,0.904600976616665,0.904601795224805,0.904602829626213
0.40655175452677,0.413461600230696,0.427397996736624,0.447166639644467,0.447166639644467,0.447289526148393,0.486253681491096,0.486253681491096,0.492976122703496,0.492976122703496,0.495300078895036,0.495301888466746,0.583660629689177,0.600474326630597,0.659870524956302,0.660059269496251,0.660538685143545,0.660538685143545,0.680476049121777,0.680476049121777,0.681171646492079,0.681171646492079,0.682579795678184,0.682579795678184,0.765739956984903,0.766247251555255,0.766666251561736,0.767604348456388,0.77269945587548,0.77269945587548,0.794116509310395,0.794116509310395,0.794164822700374,0.798449139460719,0.79861625623253,0.79861625623253,0.802383637388588,0.802601427605032,0.805876400047044,0.806026926946348,0.806028707255326,0.807083267209651,0.810794007457512,0.810885861237226,0.811376769393996,0.812910651244564,0.838417376604535,0.838417376604535,0.838574519341124,0.838574519341124,0.845373325171793,0.845373325171793,0.85080749936866,0.856614517526362,0.858318060813214,0.858730245806996,0.861685218485621,0.861703547624484,0.871668652451176,0.871896930941174,0.873303389871577,0.875551097942298,0.876043772470803,0.876119444178193,0.878383925913278,0.878383925913278,0.881405592488696,0.881405863596973,0.884133615107094,0.884243604443293,0.888383016002001,0.888499543649119,0.889075340781501,0.889076238154752,0.890040687617477,0.89220044723576,0.892828161604943,0.893013851421005,0.895522970995455,0.895951935458556,0.896814953155386,0.897138963590423,0.897803162093305,0.897831757629695,0.899450364463404,0.899754394238294,0.903857362533753,0.903950677298235,0.907928509114899,0.908009180004889,0.908632672437748,0.908693854419258,0.909220365311658,0.90968546572673,0.910882771444599,0.910959104333555,0.911457472615125,0.911713355585819,0.911824179559241,0.911957299042842,0.912714512011457,0.912865183085406,0.913250523185956,0.913661590551403,0.913888351680726,0.913966345893356,0.914483717150924,0.914876015776803,0.915045668644808,0.915097307214865,0.915263262667676,0.915415436815851,0.915562896048629,0.915854723000145,0.915920570836903,0.916074236407612,0.916265280354838,0.916294632730872,0.916466531083991,0.916505289571927,0.923081396385785,0.92382179215537,0.923848171108797,0.924148507989715,0.924217089420804,0.924260599310948,0.924349351010021,0.924610424019903,0.924664860998118,0.924740653347999,0.924887688379798,0.92490219510332,0.925143938727847,0.925238494176068,0.925507947091352,0.926040253594313,0.926420240465305,0.926432023995581,0.926649283760278,0.926663941242962,0.926891962039459,0.92690131159971,0.927081749254445,0.927100542751435,0.928804171093008,0.92882423977073,0.92884963049282,0.928901305986011,0.929017951594006,0.929082497932913,0.929140617099885,0.929143373446456,0.929324900780799,0.929378546933013,0.929594155635236,0.929661043534298,0.929939939024434,0.930013951022836,0.930090825501457,0.930115590737626,0.930243594784117,0.930274495142446,0.930595641797923,0.930635834778829,0.930742616774549,0.930760455997079,0.931211290794609,0.931226856311256,0.931295837581034,0.931345460958225,0.931607033850871,0.931635508543056,0.931810349280036,0.931875122465701,0.931947981663384,0.931980787397957,0.934922485951402,0.934960426279425,0.935082334368793,0.935107447265918,0.935155834576745,0.935179523474404,0.935276837402169,0.935300165804581,0.935404928998045,0.935434017204617,0.935478348244283,0.935493919532542,0.935541656972828,0.935571624595785,0.93602144267162,0.936073562833908,0.936121485836162,0.9361520150254,0.9362381582956,0.936253864655524,0.936303319625,0.936355309180813,0.936370777192484,0.936431028532058,0.936475439819137,0.936488168517227,0.936703152126429,0.936720351635281,0.936732120926344,0.936755152171779,0.936769873262259,0.936785079943152,0.936837831156898,0.936857405050192,0.936890111483226,0.936915272509611,0.936942858867884,0.936953286949824,0.93697108275585,0.936979034559266,0.937037385370119,0.937056268011632,0.937093318244251,0.937122432371935,0.937150282609071,0.937166043926228,0.937185644826896,0.937244729579622,0.937381879179205,0.937403105408123,0.937470656586514,0.937485125006107,0.937503497621807,0.937516264882223,0.937544297877444,0.937561127726809,0.937867165783372,0.937897965319967,0.937928482554583,0.937948245017999,0.938001246178415,0.938031827457026,0.938063432008156,0.938084343889338,0.938499809681604,0.938512424343406,0.938531297274696,0.938580092367071,0.938600125533962,0.938620180635915,0.9386286351027,0.939078699383987,0.93909313733743,0.939113358317959,0.939144945317926,0.939151119964748,0.939171335771455,0.939181441546832,0.939223103484791,0.939243144714596,0.939265545118291,0.939273227334939,0.939287617919507,0.939318908323003,0.939326749645582,0.939334787734384,0.93936464780176,0.939383576178633,0.939457220799023,0.939472137255465,0.93949269852878,0.939496962023871,0.939767762394156,0.939798965820293,0.93981399894273,0.939826138109316,0.939901742741857,0.939916996928763,0.939976623175189,0.939984357190408,0.939995861088004,0.940001818243485,0.940007734765692,0.940010652130201,0.940021226327498,0.940032092364771,0.940113917834685,0.940122496297454,0.940126687418046,0.940131400346176,0.940153689532882,0.94016139087964,0.940174521591964,0.940178703895809,0.940207758017287,0.940213005486109,0.940254215112817,0.940261842129515,0.94026915782859,0.940275298210868,0.940330923743756,0.940332976951524,0.940362597668026,0.940373057989079,0.940405801725384,0.940422707634799,0.940535120086988,0.940537851646795,0.940546490024533,0.940551857497211,0.940579559799911,0.940583429378802,0.940590628266647,0.940609134647039,0.940671788355553,0.940674005339339,0.940681593980306,0.940688799319866,0.940777243804628,0.940818485968744,0.940859432597939,0.940876052864881,0.940932448685637,0.940934797937359,0.940946241909465,0.940947253352933,0.940970099762509,0.940971869264331,0.941723660036857,0.941825647446598,0.941853223017988,0.94185669011124,0.941861270729064,0.941874818914152,0.941952415575379,0.941970966150979,0.942024506065927,0.942041220688399,0.942051212384694,0.94205618596914,0.942103640915539,0.942116356761714,0.942144092098673,0.942147382323711,0.942158847979749,0.942161733226649,0.942171541282845,0.942203442975276,0.942214061053958,0.942219981492576,0.94222586120647,0.942249378546345,0.942276765700374,0.942282958578989,0.942284382849177,0.942292299891166,0.942295620817443,0.942300272997989,0.942314313156218,0.942340705204863,0.94237323405412,0.942383811131447,0.942396469738659,0.942398084056616,0.942412798579,0.942423004187155,0.942436720502641,0.942443475871141,0.942460283356109,0.942464223173641,0.942477350064263,0.942482252750962,0.942535702053772,0.942538972739119,0.942548657369264,0.942554864335016,0.942564325864778,0.942568442494607,0.942571066836345,0.942577278323742,0.942603275927931,0.942608961983087,0.942615152486775,0.942646680294714,0.942649299716548,0.94265629828229,0.942664472667207,0.942669506550464,0.942670992069008,0.942672340092689,0.942684113158962,0.942689711939747,0.942710037116752,0.942735914317609,0.94281798726637,0.942826029661745,0.94283870069856,0.94284607547991,0.942858016348589,0.942862936860658,0.94286979896864,0.942906009646989,0.942915029031109,0.942939660842361,0.942952863841407,0.942959397265164,0.942962238608359,0.942969028950126,0.943015367418692,0.943029719788881,0.943031942453339,0.943035332022049,0.943051189331338,0.943059200395062,0.943101438597743,0.943111406912895,0.943118908658345,0.943138258517542,0.943144610078629,0.943156142023284,0.943171982167332,0.943175470693708,0.943193760556722,0.943198695431603,0.943210985823982,0.943217105494745,0.943221167211406,0.943233655171808,0.943251847181479,0.94325421008811,0.943275423734338,0.943280758828326,0.943286011544959,0.943294450194925,0.943310095790096,0.943312547313436,0.943321196860844,0.94332292896242,0.943327265281346,0.94333881113289,0.943342175895102,0.943354003024104,0.943389941175941,0.943398821167418,0.943403891129482,0.943406775958992,0.943415243980569,0.94341648798387,0.94341956438405,0.943421638887574,0.943427113334689,0.943430199575691,0.94343038335005,0.943431789984685,0.943442849021901,0.943444488412116,0.94344883516051,0.943451221182964,0.943452513227622,0.943457861851303,0.943458813116825,0.943461195676428,0.943485477410711,0.943500569901585,0.943528887395011,0.943529820472162,0.943536913385501,0.943538312872251,0.943540816849808,0.943553227525767,0.943555024574548,0.943569207974958,0.943581187087277,0.943581358206088,0.943614940278524,0.943621713853387,0.943623322048111,0.943626705094573,0.943635999331493,0.943644243318965,0.943645509878184,0.943647572465039,0.943658967714647,0.94366471450706,0.943690057802519,0.943692678417192,0.943697742654729,0.943698843260452,0.943704853914104,0.943706763492289,0.943706822253585,0.943707738992769,0.94371291838115,0.943720656792214,0.943726168653682,0.943727753899236,0.943757452951272,0.943758754840806,0.943761335836192,0.943762814170118,0.943763914263976,0.943797414511351,0.943806132680359,0.943818358401746
0.406698412117205,0.429677389271228,0.436765564314094,0.436965543022936,0.50155674927632,0.501571395536679,0.501645435266835,0.502228609974659,0.503528945408151,0.503528945408151,0.503528945408151,0.508324280469822,0.58057015667584,0.58057015667584,0.58057548253897,0.587065994101263,0.587065994101263,0.59029012711967,0.59029012711967,0.59029012711967,0.591691290580039,0.643479795609005,0.645407440417433,0.645407440417434,0.654004450524614,0.654004450524613,0.657913512230562,0.661290464420625,0.661810839465164,0.661810839465164,0.661999407653779,0.661999407653779,0.701713462911855,0.701713462911856,0.72455059192008,0.727023423871323,0.793524534955295,0.795567508991684,0.796310762566398,0.796484057345744,0.79913326601083,0.799482993964855,0.806330861024037,0.806330861024037,0.811748879028581,0.811783111683149,0.81341202046992,0.817577933184406,0.838928977177551,0.852315653720277,0.853403961772157,0.854544700386174,0.855215035603043,0.857468056424386,0.858576855243218,0.858577033872748,0.859465683588121,0.859535958684614,0.860765396559116,0.860842390973931,0.867696774052515,0.867986557715305,0.871351984277204,0.880846578912403,0.881675964494782,0.881845933234569,0.883207467129363,0.883420425674672,0.887833602827455,0.888011653047873,0.888763669214593,0.88904438821033,0.890247606213926,0.890361705213593,0.890619670993282,0.890729351262507,0.891414135023005,0.891466410433222,0.891719581621396,0.891857659093712,0.892219248850563,0.892546853074151,0.892865658510587,0.892929239523627,0.893228536616862,0.893535721066694,0.893742261127082,0.893990623362912,0.894384932658001,0.894666861523035,0.894981739548952,0.895133158845204,0.89534075644971,0.89552854318645,0.895823201234126,0.895961912149426,0.896204856620528,0.896533922451677,0.896731460393604,0.896812826333159,0.896986209659532,0.897123425014703,0.897291616129077,0.897948363459843,0.898166336793786,0.898236181357616,0.898370838459082,0.898401473696175,0.898754698141086,0.898786154963474,0.898935734480882,0.898973809727179,0.899140213303689,0.89921105469552,0.89944160557058,0.899481745650803,0.899655694650973,0.899724670216661,0.899928372509121,0.899970427355205,0.900131773855922,0.900178140545985,0.900326957739542,0.900365001991813,0.900505254756768,0.900526915779762,0.900673215390299,0.900740137743369,0.900868717584336,0.900915638117252,0.901024014211723,0.901107353952756,0.90127814740254,0.901300997409033,0.901380385376923,0.901431572578554,0.901522280684109,0.901572975331169,0.901675700971131,0.90173996586875,0.901822954298127,0.901844981425834,0.901918239998855,0.90194982049615,0.902075520388895,0.902105838594575,0.902174721821344,0.902188149628313,0.902216388240023,0.902260291257077,0.902302386310884,0.902332116071756,0.902363114240389,0.902393090428239,0.902441577547048,0.902468086043682,0.902531160822326,0.902571964158839,0.902605223846726,0.902633125500278,0.902687203215739,0.90270959949806,0.902734136592198,0.90274929357275,0.902784134419167,0.90281038353621,0.902834426052413,0.902857492023367,0.902873399097588,0.902894201246059,0.902928963742708,0.902949346553875,0.902972411811753,0.90298701419413,0.903015871361715,0.903035317567469,0.903056277164984,0.903076568559508,0.903096943935548,0.903112412108235,0.90313272564522,0.903146753886543,0.903164840048091,0.903175605317841,0.903197578812389,0.903213247854817,0.903226750753196,0.90323869378557,0.903258103534992,0.903269354972598,0.90328880935152,0.90329621766089,0.903310636930188,0.903317543533096,0.903340992215323,0.903349896623371,0.903363592410619,0.903368774290926,0.903381874458833,0.903388546343063,0.903400618281127,0.903409862293603,0.903416202089424,0.903426261892149,0.903434359302611,0.903440408142489,0.903516141656416,0.903521120231196,0.903528700102896,0.903536108804231,0.903546905313042,0.90355231703311,0.903557587421887,0.903561826296649,0.903568463503828,0.903572376260127,0.903576821365734,0.903583893088374,0.903594184132005,0.903599992863102,0.903606369549159,0.903612694408237,0.903617396030184,0.903623004995193,0.903630328313293,0.903632989166742,0.903637852918032,0.90364287400277,0.903655752992973,0.903661914790078,0.90366710626234,0.903674373479846,0.903683345890566,0.903686860952939,0.903691000098707,0.903694816286357,0.903699182893446,0.903702821021134,0.903730472904809,0.903735860310717,0.903740888193973,0.903745659216426,0.903749336904359,0.903751493328867,0.903757991658175,0.903762498637073,0.903768443325599,0.903772673055356,0.903775061218367,0.903780832591052,0.903785026460222,0.903792043743886,0.903795589653614,0.903798262293726,0.903801940769421,0.903803884438616,0.90380867432802,0.903811136514931,0.90381482915913,0.903817180895083,0.903821200838653,0.903825168085706,0.903828075884966,0.903831068492529,0.903833892020708,0.903836523652395,0.903839150690588,0.903840838998351,0.903843270916543,0.903847375261011,0.903850940613961,0.903853841729336,0.903855532928915,0.903858179112136,0.903861786197134,0.903864723952345,0.90386640001151,0.903868829823724,0.903872558343496,0.903876606197642,0.903878733101461,0.903881084398053,0.903884077244174,0.903886010466642,0.903889954327897,0.903893699405722,0.904034590015656,0.904037171337216,0.904039674960481,0.904041290012112,0.904043124243528,0.904047541611218,0.904049751272314,0.904053632682932,0.90405718228821,0.904059599533077,0.904061318029581,0.904064803880709,0.904066281672527,0.904069945416101,0.904072899297755,0.904074814354123,0.904076656345529,0.904078714174972,0.904080756043102,0.904084685329703,0.904088198535836,0.904090499583419,0.904093540770789,0.904097484272069,0.9041002980749,0.90410321648461,0.904105331023535,0.904107833060739,0.904109095317538,0.904111372200225,0.904113782867641,0.904115049457417,0.90411660021577,0.904117991181049,0.904120097374491,0.90412243989196,0.90412599353679,0.904127189755706,0.904128435622098,0.904130047992003,0.904131220084554,0.904132177816105,0.904135046052596,0.904136807191066,0.904138235970669,0.904139151580345,0.904141962900652,0.904143208467778,0.904145062500543,0.90414775165976,0.904149759565707,0.904151089069174,0.904153173255272,0.904154111210352,0.904156169391422,0.904158097153542,0.904160983291386,0.904162019893592,0.904163533406085,0.904164977021062,0.904166755709899,0.904167981061609,0.904168817236576,0.904169979774407,0.904172515899485,0.904174435537443,0.904175764145565,0.904176097867274,0.904177513688882,0.904178242155051,0.904179484311027,0.904181016123846,0.904256873985493,0.904258368539897,0.904260005393258,0.904261002417863,0.904262719386442,0.904264266667933,0.90426651559967,0.90426743275889,0.904268390861601,0.904268850248792,0.904270972988574,0.904272424307714,0.904353733081137,0.904354761255464,0.904358106468102,0.90435917861396,0.904359699796623,0.904360151570959,0.904362224952742,0.904364555079591,0.904365451527372,0.904365978461306,0.904368364960285,0.904370299733731,0.904371318904037,0.904372533048055,0.904374366741236,0.904376434411857,0.904378603631945,0.904380121034618,0.904381808312545,0.904382621048828,0.904384296295528,0.904385502534242,0.904387120339301,0.904388257544675,0.904388974514868,0.904390777847382,0.904392971620346,0.904394649868149,0.90439585830431,0.904397334806488,0.904398095339302,0.904399382959187,0.904400630832578,0.904401722927152,0.904403037016104,0.904403746576058,0.904404719455393,0.904405795179649,0.904407269090106,0.904408922558044,0.904409709600568,0.904410826683657,0.904411181038916,0.904412089487061,0.904413537036038,0.904415300464304,0.904416775443385,0.90441816514234,0.904418806062113,0.904420139235683,0.904421242614628,0.904422183353008,0.90442316387336,0.904423906478691,0.904426062000785,0.904427198404641,0.904428092909929,0.90442914848444,0.904429515281811,0.904430573214038,0.90443153714026,0.904432036363836,0.904432427446429,0.904433817156541,0.90443431232243,0.90443514608076,0.904436139183091,0.904437021122293,0.904438509376718,0.90443919790593,0.904440571154847,0.904441784185587,0.904442605485866,0.904443955789744,0.904444724234517,0.904445745091292,0.904447337181445,0.904448574219583,0.904449656729286,0.90445029099885,0.904450901842948,0.904451633870609,0.904451733351213,0.904452210180848,0.904453368578893,0.904454047094102,0.904455152364153,0.904455743570533,0.904456941894774,0.904457814216221,0.904458331437936,0.904458565659562,0.90445905498879,0.904459517590949,0.904460199648277,0.904460578058312,0.904461063848345,0.904461576603148,0.904462256206518,0.904462704871449,0.904462949647302,0.904464129326072,0.90446481036954,0.904465447061525,0.904465810750983,0.904466460412296,0.904466896861798,0.90446803796486,0.904468787151493,0.904469440716705,0.904469984303702,0.90447043080323,0.904470985483028,0.904471517029089,0.904472174682301,0.904472698237936,0.904473433265272,0.904473704443254,0.904474069519374,0.904474705117339,0.904475121098618,0.904475282711888,0.904475364466053,0.90447572694493,0.904476374193294,0.904476790548287,0.904477139466485,0.904477704037765,0.904478161454915,0.904478660266474
0.389771328524581,0.41425177669612,0.418244730012848,0.419856879856405,0.45929715969826,0.468496153130646,0.468496153130646,0.525511142389806,0.551122671900517,0.551405257801712,0.55904453916232,0.55904453916232,0.560447105124803,0.560447105124803,0.560447105124803,0.560447105124803,0.56323554465516,0.563283761373936,0.564327701721146,0.564730074748095,0.581261203717272,0.581261203717272,0.638720417093044,0.638720417093044,0.676767081555272,0.676767081555272,0.703687122002279,0.75375165275215,0.753960739220412,0.757652695251285,0.78429311573602,0.78429311573602,0.785989134339633,0.785989134339633,0.785989134339633,0.785989134339633,0.796514111234407,0.796514111234407,0.805304316670556,0.805304316670556,0.822401556175408,0.830575766190238,0.831169690085121,0.831169690085121,0.832059849965224,0.832059849965224,0.84536588030803,0.84574240758318,0.847741261320308,0.848788667625488,0.857624990616671,0.857814051111326,0.859481027912093,0.859491445476424,0.869544791897553,0.869763323282028,0.870476442593023,0.870614287476512,0.871348928649702,0.871437727685133,0.87221687764536,0.872292388348739,0.873638184238329,0.873881621039506,0.877539199606976,0.877863261100191,0.878263180253002,0.880043661699101,0.880536918087274,0.885882714892762,0.886313756254222,0.886840062596107,0.887405056119843,0.887431870183116,0.888474586115888,0.888941877339229,0.889468387231722,0.890001450507961,0.891005463209699,0.89107060356225,0.891554831245785,0.891580854054205,0.891910507662792,0.893350603184366,0.893732183234751,0.894037665362976,0.89451501913159,0.89471515756575,0.895453652247962,0.895700843623097,0.896043047159154,0.896149638242912,0.896288311452123,0.896372949347991,0.897113822601513,0.897184859451618,0.897279878608915,0.897912289008415,0.89801721623914,0.898159676839748,0.898267559358849,0.898408661317103,0.898513988272196,0.898628877840924,0.898704287990542,0.898825979175631,0.898935643770241,0.899061942422976,0.899189853870389,0.90003562150164,0.901024031598191,0.901107483129394,0.901235963576018,0.901240893271372,0.901335762624216,0.901364806206176,0.901458315797951,0.901492587804808,0.901573729315884,0.901592982619631,0.901734891259867,0.901763298914228,0.901893528925812,0.901965076757119,0.902068700798907,0.902113463956634,0.902210154378582,0.902235967098209,0.902336898417688,0.902368457786632,0.902440302570579,0.902457925512413,0.902518013613355,0.902550237108308,0.903425172122028,0.903461157238654,0.903525648202742,0.903564802451646,0.903626924441223,0.90366985500833,0.903747860243836,0.903779248458035,0.903843248434913,0.903866676929712,0.903926019971777,0.903951532071138,0.903976296179437,0.904004266994553,0.904043916118344,0.904083385519305,0.904116516994908,0.904139470302987,0.904191041901768,0.904209588830263,0.904263699396489,0.904283622431258,0.9043319269502,0.90434886553386,0.904379967479021,0.904410532571573,0.904445682465572,0.904458638402409,0.904479395443106,0.904493926592708,0.904520287050887,0.90453410841647,0.904565398597545,0.904579009203497,0.90459015263187,0.904606133098007,0.904634462621919,0.904650653287154,0.904674391381196,0.90469669633189,0.904714462418767,0.904729667765875,0.904807565108972,0.904824522888216,0.904850942206669,0.904867241317141,0.904883143158742,0.904902444230764,0.904949143721339,0.904972445492961,0.904984239582156,0.904993549622633,0.905005095586704,0.905023214027247,0.905039162666127,0.905043485496512,0.905056045844357,0.905069499581979,0.905076609293741,0.905087666562834,0.905093964983548,0.905102518118542,0.905111258742762,0.905118741621602,0.90559961215955,0.905871883614358,0.90588726801813,0.905895537810839,0.905905512506496,0.905917013178475,0.905931518768537,0.905939191845238,0.905947377694929,0.905953523255171,0.905963832174507,0.905970845386376,0.905980079009712,0.905988148141046,0.905998990737756,0.906004585869068,0.906014561309809,0.906022653366157,0.906027291142996,0.906032003656936,0.906038021382488,0.906042338132337,0.906051787348066,0.906057918737171,0.906064037623874,0.906070348025954,0.906074745672436,0.906080061522871,0.906087270270521,0.906091597011481,0.906095665190011,0.906098700131586,0.906105813978791,0.906112683805459,0.906120746604793,0.906128960764046,0.906132367629175,0.906135588383548,0.906141345884485,0.906143944771444,0.906150929005314,0.906156522270441,0.906160727980182,0.906164063227573,0.906172386140743,0.906177097602945,0.906179169522215,0.906184661786203,0.906187053288955,0.906191068570627,0.906195836699113,0.906199776597535,0.90620297889037,0.906210668015289,0.906215256956025,0.906218907845668,0.906222504013878,0.906227406285154,0.90623054857868,0.906235810845005,0.906238477021082,0.906241796010642,0.90624561655033,0.906248575226295,0.906254356545449,0.906257833008458,0.906260096968463,0.906260707148461,0.906265021856869,0.906270702855315,0.90627277990193,0.906276717038899,0.906277732528946,0.906281141430209,0.906284374979009,0.906286325370338,0.906289664339583,0.906292725561054,0.906293297832153,0.906296518724324,0.906298632251602,0.906302199182158,0.906304238868712,0.906307221666151,0.906310120912189,0.906311003902106,0.906313241973549,0.906317350333206,0.90631922441801,0.906322216982111,0.906326294783217,0.906329123306095,0.906331498746981,0.90633451795608,0.906338248851177,0.906339831429641,0.906342629998732,0.90634440879263,0.906380311923296,0.906382783973439,0.906385159784698,0.906387491777826,0.906392844672074,0.906395662304791,0.906398494243168,0.906399546552514,0.906401309480931,0.906403497220234,0.906405377729024,0.906406745647774,0.9064096804359,0.906410705439086,0.906415474269967,0.90641825807151,0.906420645197292,0.906421611057534,0.906423510263045,0.906424638390004,0.906534899018677,0.90653729428975,0.906539542585138,0.906542649547328,0.90654444448271,0.90654702185045,0.90654859066177,0.906550849318865,0.90655396933232,0.906556301153217,0.906558906548716,0.906562171579162,0.906565265760273,0.906567395653007,0.90656901157148,0.90657050446651,0.906572219305457,0.906574906624043,0.906576184492474,0.906577529581499,0.906578294089546,0.906579301158412,0.906582565086677,0.906583832544636,0.906585418315112,0.906586160003391,0.906586952785254,0.906589981334803,0.906592058201599,0.906593502401249,0.906594696209529,0.906596013327986,0.906596842699313,0.906600017756973,0.906600904605487,0.906602135921829,0.906603831866376,0.90660521382134,0.906606081470641,0.906606960575186,0.906607464050829,0.90660861744583,0.906609606173123,0.906610123614789,0.906611190729386,0.906612139813423,0.906614081154062,0.906615169795134,0.90661673781471,0.906619160504288,0.906619852700325,0.906620217250558,0.906621298583876,0.906622564044928,0.906624431006043,0.906626072382049,0.906628098386498,0.906629147814635,0.906630037707414,0.906631675634019,0.906632861561646,0.906634300352083,0.906635186259755,0.906636167232556,0.906636844115993,0.906637721669922,0.906638342163099,0.906639959467663,0.906640799948539,0.906642875996613,0.906644749150535,0.906645401758771,0.906646754123769,0.90664741693325,0.906648737709797,0.906650473152248,0.906651555982867,0.906652110837811,0.906653539297608,0.906654739350663,0.906655424693639,0.906657102633844,0.906657938842263,0.906659591881087,0.906661465430992,0.906662245683973,0.906662660149405,0.906663965732518,0.906664588159407,0.906665823704014,0.906666512976514,0.906667130011377,0.906667912800308,0.906668466350647,0.90666916355959,0.9066700580999,0.906672021548337,0.906672279473797,0.906672710662025,0.906673222658989,0.906673429201306,0.906673766412654,0.906674784073161,0.90667555712502,0.906676531156932,0.906677890487971,0.906678800225987,0.906680429137634,0.906681400154243,0.906681979463561,0.906683316577196,0.906684132988245,0.906685359784525,0.906686026461261,0.906686624606452,0.906687306638894,0.907015583378306,0.907015754972747,0.907016623500555,0.907017101437895,0.907018075748593,0.907018376848277,0.907018707229439,0.907019290529342,0.907019623598062,0.907020381410946,0.907021434973411,0.907021961008952,0.907022836275438,0.907023999610362,0.907024805507021,0.907025434696692,0.907026194386817,0.907026967755975,0.907027760497778,0.907028156054023,0.907028832229693,0.907029631520365,0.907029802606481,0.907030288341471,0.907031039775191,0.907031937395289,0.907032242054936,0.907032695668725,0.907032751990868,0.907033373419941,0.907033676637963,0.907034256353806,0.907034997967988,0.907036040718981,0.907036535055885,0.907037102993401,0.907037519256497,0.907038505755675,0.907039252280764,0.907039759357675,0.90704034589224,0.907040729597146,0.907041129438452,0.907041557165053,0.907041808578956,0.907042804086925,0.907043241713231,0.907044075955183,0.907044514241819,0.907045381417766,0.907045767166495,0.90704735550377,0.907047842253315,0.907048393631441,0.907048611260495,0.907049679312241,0.907050389171196,0.9070505391385,0.907050952419812,0.907051188869817,0.907051456210287,0.9070517555767,0.907052133721339,0.907052495695794,0.907052537815431,0.907052617656843,0.907053842749274,0.907054054436495
0.376610652067552,0.421998141947189,0.435305578670544,0.435534087256322,0.439454925175428,0.439454925175428,0.441854837343368,0.492374327986424,0.506311280625201,0.5063112806252,0.506791429232551,0.506791429232551,0.538440223199249,0.539014435168549,0.539365285542842,0.539683732544615,0.632468921790179,0.632468921790179,0.633691292549585,0.633754236063055,0.633754236063055,0.633783935471401,0.643682594916572,0.643682594916572,0.644779230203874,0.644779230203873,0.647123114223121,0.647123114223121,0.674253812819507,0.674253812819506,0.708658988392402,0.710091333867886,0.737281908496099,0.76971135244575,0.771085494123827,0.771085494123827,0.773291243809149,0.773296277714758,0.774280013256891,0.774419174154786,0.777101030487776,0.777695706954597,0.784378922950308,0.784403248238345,0.791232727426581,0.791236579999653,0.79296499008735,0.803386619015083,0.805443909828371,0.805595975214967,0.82345610591725,0.82382701176095,0.832773591430267,0.833025753287142,0.83450217969866,0.834772375510352,0.836950182244414,0.83848733440074,0.849862583693451,0.850116868789648,0.853219643948219,0.858658978702398,0.860931668540551,0.861215015346307,0.862149504918285,0.862672486468998,0.869980228501847,0.870611013437951,0.872226779812928,0.87256654587287,0.873326521690055,0.873798095626596,0.876158928821189,0.881840235362977,0.882399783355337,0.882785401621442,0.885305969123535,0.885380379353143,0.885956181611111,0.886156188398626,0.888684571024525,0.888907864894739,0.8900840278207,0.890158205457828,0.890317647497732,0.890520570922457,0.89089103397145,0.891140238407864,0.891440043635999,0.891791405536373,0.892656044162809,0.892964371232954,0.893307916551199,0.893514234662499,0.894051630269322,0.894174998007939,0.894343752262871,0.895729764426089,0.895827197697114,0.895993961109961,0.896313709173112,0.896338593301596,0.896660275344739,0.897186523943885,0.897327228409833,0.897353526793147,0.897607376384364,0.897675168119521,0.897901654382753,0.897927039336319,0.89804701011544,0.89814644177625,0.89836591201207,0.898434901783937,0.898638722511228,0.898667025030943,0.898893718452452,0.898965355315933,0.899096908722973,0.899134881440487,0.899507668040834,0.899539809015285,0.899650402190116,0.899679861863843,0.899805099877349,0.89983669584595,0.89995214657249,0.89996654798437,0.900111815689703,0.900152281448551,0.900266484947757,0.900327543993472,0.900450294436847,0.900491917695914,0.900568064600755,0.900620903421491,0.90070286464329,0.900750714342429,0.900814298330143,0.900849750675886,0.900946832904395,0.900971968719944,0.901073683792096,0.901125697616038,0.901220017047794,0.901262426681392,0.901314430664597,0.90136867607698,0.901412466170944,0.901449551508482,0.901483939675268,0.901504945892929,0.901548775544053,0.901573288075244,0.901610617647329,0.901627492773883,0.901668711660803,0.901680025202947,0.901719643521797,0.901741868130691,0.901790683555692,0.901809390714242,0.901828673842043,0.901858848399972,0.901893996662687,0.901918324534608,0.901961743104386,0.901979662974907,0.902000836977684,0.902026628462952,0.902053304614182,0.902085823764796,0.902130008579118,0.902147244467212,0.902181185534379,0.902207091932303,0.902225602646599,0.902246670476416,0.902258494690564,0.902289984522733,0.902301917598185,0.902321481598656,0.902334215345517,0.902358782183029,0.902372403561341,0.902388875739125,0.902396302460374,0.902407491955439,0.902421715706949,0.902434510292362,0.902448075534376,0.902467829918129,0.902476049228821,0.902491164962901,0.902503208875308,0.902521181604382,0.902530338982023,0.902541983953918,0.902548465095459,0.902557527173555,0.902564536425003,0.902574387532534,0.902578734445432,0.902588397714533,0.902602714344999,0.902610371702218,0.902622017579489,0.902632557443564,0.902644781993479,0.902649280507982,0.902657995560297,0.902666290873365,0.902675829918179,0.902680416688452,0.902689542187794,0.902698765100419,0.90270486939638,0.902711926291055,0.902720634832467,0.902728748281926,0.902734931671659,0.902748040059725,0.902754359587896,0.902763971523622,0.902770983858735,0.902775210661911,0.902787218228212,0.902794572000496,0.90279900556045,0.902806415931144,0.903144541900545,0.903149488654918,0.903162029014207,0.903166678610709,0.903176219142073,0.903187807900559,0.903192781942586,0.903201573491118,0.903207582653627,0.903219051353846,0.903226944400206,0.903231171802694,0.903236420648726,0.903242294559283,0.903246741968122,0.90325602164909,0.903258726736234,0.903262308119961,0.903268159336226,0.903274085707253,0.90327627080217,0.903280853697957,0.9032853670039,0.903289666392828,0.903297984901329,0.903300020059429,0.903303173158191,0.903306504747693,0.903378457897189,0.903381728402017,0.90342179752133,0.903427124706387,0.903432231269347,0.903434617363997,0.903438448336154,0.903442611200988,0.903448157161165,0.903454140988329,0.903460911023714,0.903466117149079,0.903470803085775,0.903473542080978,0.903479760208178,0.903483098337411,0.903486638895834,0.903490288856242,0.903494795671812,0.903497458194311,0.903502282698914,0.903505157502063,0.903509117396736,0.903512164590061,0.903513311625352,0.903518131786601,0.903522754992688,0.903527726556594,0.90353044772393,0.903533424460311,0.903536216401976,0.903539358767701,0.903542135241407,0.903544414094596,0.903547058271152,0.90354857528093,0.903553365391224,0.903557673004658,0.903562240236141,0.903566016185636,0.903568673179748,0.903570834570882,0.903574269569631,0.903577594941215,0.903580746586331,0.903582552463658,0.903585886885793,0.903588949306095,0.903592345235531,0.903594437485417,0.90359748077649,0.90360026799897,0.903601877589392,0.903604063215311,0.903607007313224,0.903609027904612,0.903611040508687,0.903612815133393,0.903615658324931,0.903618615887226,0.903620332951163,0.903621942923453,0.903623246192328,0.903626003010793,0.903627956145109,0.90362882725162,0.903630737563392,0.90363298659996,0.903634291479103,0.903635252106214,0.903636289404887,0.903639156237597,0.903641539216095,0.903644330488698,0.903645872384623,0.903649119916723,0.903652198950807,0.903653109429264,0.903654051395933,0.903655957906486,0.903657284619881,0.903658352564546,0.903659474701255,0.903662481850723,0.903665503157091,0.903668042066407,0.903669996381341,0.903671472912679,0.903673316085829,0.903674770372943,0.903676438256787,0.903678982588315,0.903680359383015,0.903681921876022,0.903682669795152,0.903683971834482,0.903685313018793,0.903687285189398,0.903689272618211,0.90369059401513,0.903691504413014,0.903692565205978,0.903694297398711,0.903695948311041,0.903696907354882,0.903697972357974,0.903699807469558,0.90370086065906,0.903702720777688,0.903704284554088,0.903705164385474,0.903706459079586,0.90370818567857,0.903709235256713,0.903711305035073,0.903711618659406,0.903712991666354,0.903713799751732,0.903715825775604,0.903716628427701,0.90371796743184,0.903718353762324,0.903719910184404,0.903720658254646,0.903722261660629,0.903723288549428,0.903724130101467,0.903725505583937,0.90372702793385,0.903728646138934,0.903729271099235,0.90372965700068,0.903730817139912,0.903731635404379,0.903732488252287,0.903733223154341,0.903733953396376,0.903734566307141,0.903735712511656,0.903736542677627,0.903737103367449,0.903737791813444,0.903738509949525,0.903739302199622,0.903740102438062,0.903741118743014,0.903741583336228,0.903741941052474,0.903743249522693,0.903744544961127,0.903745530177294,0.903746911221123,0.903747992576923,0.90374827618449,0.903748822652951,0.903749429942603,0.903749846226671,0.903750857245,0.903751150801067,0.90375236363435,0.903753263022233,0.903754609165663,0.903755883930451,0.903756712827211,0.903757332974494,0.903758355070353,0.903759093106764,0.903759542820976,0.903760837091845,0.903761446186904,0.903762184688639,0.903762957334986,0.90376419759357,0.903765212154465,0.903890391180247,0.90389076336786,0.903891891492253,0.90389262608749,0.903893907413893,0.903894947445562,0.903895638395329,0.903896352438775,0.903897045751238,0.903898254611277,0.903898374267115,0.903899011362522,0.90389963744231,0.903900403859642,0.903901122697742,0.903901550895179,0.903901771407377,0.903902156468923,0.903902818124467,0.903903373762421,0.903904382252041,0.90390476164038,0.90390531549841,0.903906007127187,0.903907039073117,0.903907281540608,0.903908037035703,0.903909081370431,0.903909638483124,0.903910430950212,0.903911612895607,0.903912491851173,0.903913104276762,0.903913827359359,0.903914155681157,0.903914390321874,0.903915029874057,0.903915218246897,0.903915773148108,0.903916256056321,0.903916765516229,0.903917684601184,0.903918025339879,0.903918455705985,0.903918989387104,0.903919821821498,0.903920443904473,0.903920902731866,0.903921364922915,0.903922026082525,0.903922714733115,0.903923285902004,0.903923562890337,0.903924407325677,0.903924834360321,0.903925655449182,0.903926382581309,0.903927099575978,0.903927500413784,0.903927812850112,0.903927994951631,0.903928354064112,0.903928904699235,0.903929402067808,0.903929931612427,0.903930915167547,0.903931691848262,0.903932219307447
0.39330997752566,0.408600158490524,0.408600158490524,0.446448798188785,0.453931163084153,0.453931163084153,0.578774640236884,0.589681232352378,0.595388558093148,0.669125579836343,0.672132075826302,0.672132075826302,0.672132075826302,0.672132075826302,0.688458664648051,0.688458664648051,0.68931272978129,0.689699633106126,0.705012622211137,0.719820985895503,0.721146302013054,0.721146302013054,0.721153274561766,0.721153274561766,0.725994547423546,0.725994547423546,0.730844976805159,0.730844976805159,0.730922788207795,0.731565688722324,0.782985938542045,0.782985938542045,0.788149750939115,0.788149750939115,0.801117679341851,0.801117679341851,0.80111770025637,0.801117700256371,0.801373731267001,0.801395166231807,0.807210837835797,0.807210837835797,0.809909300393077,0.810377221315025,0.827757298398367,0.827757298398367,0.82800574715931,0.82800574715931,0.828343357126596,0.828343357126596,0.843663681894884,0.846271907016504,0.84728615357711,0.847604403783732,0.858907198980491,0.8613040060572,0.862690535855059,0.862707648689493,0.86317301337421,0.867182175974792,0.86783531480038,0.872428751112078,0.872870115782364,0.87300420684354,0.87471200159136,0.877779169491288,0.878597378536556,0.87915197423846,0.879613885614365,0.879871458986882,0.881850879643207,0.882121169620552,0.882858062132886,0.883371766531727,0.883942397533882,0.885361559609111,0.886077152912416,0.886239507156671,0.88689463091687,0.88701032420629,0.888174874575536,0.892127719781373,0.893432482023925,0.893672919526763,0.893750650709665,0.894371397700329,0.895993768826965,0.896987238202609,0.897910346856623,0.897961404924961,0.898405239615038,0.898438135691846,0.898944117112791,0.899141555498412,0.899476001700671,0.899489314344025,0.899719294129346,0.899783099291196,0.900063655915945,0.900171362131268,0.900352440059553,0.900387123541667,0.900423977154801,0.900801623670994,0.900910956117815,0.900967905243741,0.901046391291515,0.901073212832758,0.901187634918758,0.901357490343066,0.901423425269903,0.901472095221397,0.901580116523885,0.90165361359027,0.901734911079129,0.902196702051865,0.902266168241619,0.902433679410456,0.902623559309766,0.902651110661737,0.902763935117259,0.902770626518876,0.902924815204478,0.90293685378636,0.903052304209061,0.903061551345773,0.9032112252781,0.903223736106123,0.903354272927918,0.903380088909038,0.903452317460985,0.903474177361314,0.903534629748529,0.903574319009742,0.903644925829199,0.903690665095044,0.90469148860646,0.904714007618959,0.904777996053292,0.904795326852646,0.904869087461215,0.904884862775468,0.904940122311914,0.904966825902587,0.905025739431295,0.905062926126734,0.905124008156739,0.905153339602692,0.905212783748795,0.905230846521965,0.905268917249563,0.905292954336347,0.905330919797138,0.905349126167232,0.905399371459746,0.90541911688398,0.905464914887078,0.905469843017555,0.905504512445306,0.905512553510582,0.905581564101113,0.905591381590158,0.90562578546744,0.905643974687588,0.905693510872497,0.90571065855843,0.905752533169571,0.905776353973961,0.90582249909968,0.905854313648597,0.905883023853554,0.905917344079208,0.905954843772523,0.905966865380704,0.905999538090943,0.906019628676777,0.906033331430342,0.906047630104556,0.906065879043881,0.906077588063036,0.906110185260721,0.906125251493254,0.906148701080587,0.906175719163318,0.906196691586192,0.906212828564211,0.906228318185419,0.906247599643061,0.906277886332654,0.906288876795135,0.906302160148022,0.90631009519563,0.90634834495098,0.906356844907127,0.90638191622315,0.906391889128775,0.906406854971456,0.906425567102329,0.906448025842487,0.906465875557417,0.906477484891714,0.906486504728406,0.906504273919707,0.906508952708614,0.906529944717698,0.906536511768395,0.906549363911846,0.906553708570052,0.906570657470605,0.906574442579001,0.906583683767466,0.906598907474098,0.906607104154128,0.906615812477493,0.906628870243778,0.906641936852412,0.906652887973806,0.906660659861094,0.906675042001882,0.906680508407425,0.90668779807881,0.906696177882087,0.906700449740306,0.906707490377581,0.906717491891811,0.906723970837121,0.906735018385274,0.906749337338966,0.906755730349639,0.906765839759647,0.906772779526794,0.906778010845781,0.906786326249894,0.906799129368144,0.906805384485307,0.906812950670881,0.906818552910493,0.906831461141303,0.906838929395185,0.90684431698506,0.906888478079693,0.906896544843903,0.906905031158571,0.906908054373492,0.906916063779134,0.906921967468509,0.906924568001975,0.906933288394792,0.906938322019494,0.906946317315547,0.906949701698364,0.906956161189643,0.906961544883543,0.906966897267941,0.906971504555958,0.906978522487609,0.90698491898832,0.906989415334115,0.907078833095862,0.907083975486842,0.907090826540039,0.907095968281896,0.90709938132841,0.90710575053123,0.907112187810517,0.907117460396925,0.907122518442243,0.9071252740665,0.907128788624151,0.907131819555681,0.907134326903907,0.907138142402457,0.907143547325524,0.907146397297347,0.907149779030641,0.907152571570137,0.907159413033583,0.907161417742509,0.907163523251313,0.907166055367594,0.90716984323052,0.9071713674277,0.907174407141088,0.907176881571422,0.907179488815382,0.907182932929572,0.907186615217542,0.907187811133396,0.907190694536746,0.907193119967472,0.907196455305865,0.907199207706384,0.907205247502404,0.907206908762823,0.90720959356407,0.907212006313861,0.907214958315213,0.907217085040611,0.907219411366052,0.907220342077376,0.907222688956916,0.907225410388657,0.907228054435553,0.907230842427155,0.907234765065597,0.907235688987627,0.907237512526519,0.907239320616447,0.907241858858157,0.907243687025234,0.90724559707287,0.907248789299865,0.907249716336392,0.90725195141662,0.907254131380627,0.907255847185772,0.907258291676768,0.907261184875695,0.907265258181638,0.907267745720946,0.907268995247124,0.907271591270282,0.907272898094664,0.90727554186788,0.907276610331108,0.907279926209658,0.907281605261323,0.907283768505193,0.907285861353763,0.907286836751765,0.907288072966404,0.907288886932601,0.907290685459777,0.907292818083101,0.907294142179478,0.907295761288291,0.90729715519358,0.907298323024464,0.907299910586668,0.907301775156998,0.907303890551497,0.907305787689861,0.907310295135627,0.907311908714037,0.907314069680246,0.90731556130236,0.907316874244893,0.907318264666335,0.907320407256457,0.907322430867262,0.907324002838614,0.907324957846683,0.90732700161284,0.907328191062793,0.907330356563151,0.907330913287304,0.907332869499155,0.907333821401515,0.907335192172785,0.90733700327729,0.907337982753121,0.907339147548302,0.907341221498698,0.907341811576603,0.907342966254882,0.907344223090185,0.907345888544858,0.907347577390097,0.907348479854345,0.907349538940697,0.90735068363763,0.907351946957632,0.907352543701244,0.907353569199444,0.907355722292978,0.907358068933395,0.90735949436486,0.907360439483316,0.90736188584919,0.907362527978353,0.907363403876301,0.907364919552727,0.907365706954184,0.907366495700734,0.907367725390873,0.907368554878146,0.907370076772564,0.907370768296237,0.907371262040578,0.907371636128792,0.90746962597733,0.907470930254397,0.907471586891915,0.907471952014857,0.907473364682588,0.907474467203909,0.907475375100936,0.907475930783979,0.907477083124381,0.907477361995427,0.907478192114278,0.907479083042311,0.907479428844259,0.90748043760888,0.907480944303253,0.907481637889526,0.907482328990542,0.907483058559668,0.907483248179917,0.907483392883649,0.907484412498979,0.907484981147882,0.907485783008713,0.907486700114261,0.907496331130157,0.907497559598135,0.907498104937005,0.907498818296877,0.907499240520878,0.907499943498191,0.907500713304689,0.907501703382968,0.907583768691316,0.907584538442767,0.907585163045532,0.907585568439148,0.907586727819255,0.907587626107746,0.907588555152293,0.907589234544209,0.907590131677005,0.907590442034861,0.907591153634939,0.907592107637377,0.907592480299057,0.907592896162816,0.907593238795834,0.907594201384332,0.907594623612381,0.907595154340415,0.907595945307762,0.90759660624862,0.907597086745689,0.907597477395793,0.907598007724227,0.90759832891994,0.907598704722711,0.907599328211113,0.907599892985599,0.907600950576721,0.90760163587337,0.907602023889828,0.907602666146095,0.907603958684982,0.907604589401214,0.907605197674604,0.907605861483619,0.90760620282422,0.90760717196591,0.90760815752008,0.907608973991983,0.90760983140059,0.907610709917453,0.907611315906873,0.907611892760213,0.907612320981755,0.907612661444621,0.907613251360094,0.907613800950039,0.907614552392254,0.907614759593816,0.907615457334438,0.907616073804401,0.907616662662357,0.907617162342589,0.907617501570319,0.907617753765678,0.907618396896456,0.907618718680292,0.907619531013073,0.907619910909859,0.907620428146705,0.90762087671952,0.907621256876554,0.90762160820643,0.907622441497407,0.907622846123224,0.907623252643314,0.907623855302513,0.907624404538596,0.907624530257164,0.907625168530986,0.907625575534544,0.907625872706517,0.907626250529803,0.907626740562204,0.907626988508616,0.907627430966005,0.907627695762119,0.907628185126759
0.461184747879731,0.461294079925972,0.477958795415201,0.478245509107996,0.47852168807777,0.502787860570335,0.503074821931436,0.505595498418088,0.507967075446929,0.507967075446929,0.514368018704531,0.514368018704531,0.515212021859526,0.516545816962899,0.534082192304989,0.551948879183201,0.552478247334745,0.55541819289255,0.562090234122464,0.562090234122464,0.599858370629187,0.600500250725191,0.660949461597543,0.660949461597543,0.66363156353954,0.663635540089178,0.667339232553359,0.681458619606872,0.701024144782392,0.701024144782392,0.707675993615484,0.707675993615484,0.710654832731294,0.710728555103219,0.777252332560973,0.777252332560973,0.778527017977226,0.778527017977226,0.781813199918151,0.782724819500213,0.810052550427482,0.810052550427482,0.810809430778294,0.811276398547395,0.81488429055602,0.815425838530898,0.824511039901629,0.82451829744081,0.826123871600617,0.826130450131521,0.854655848154988,0.854676945972292,0.855459813299458,0.855785695069129,0.85714117760031,0.85714117760031,0.863120873434914,0.86326625704671,0.864786726851302,0.865925456492132,0.871682197308726,0.872052228584251,0.874035152712932,0.874083948043255,0.874739163396049,0.874908415483192,0.876190911381183,0.876468792125507,0.879155901375892,0.884778948533866,0.88510756719317,0.886004127058986,0.889369515404048,0.88955408117372,0.889838247180117,0.889941082161549,0.890211050991606,0.890398275325605,0.890605044951697,0.890715943457468,0.89107010243889,0.891381513242458,0.891845565652952,0.891921112782961,0.892294998220217,0.892419833726298,0.892579866166186,0.892796115018613,0.893116257125287,0.893299624759188,0.893578063846598,0.893644100911941,0.895878588716962,0.895969782686595,0.896089096013727,0.896158849547235,0.89636604848853,0.896481364890255,0.897721630635093,0.897826096451783,0.897915506058935,0.898059199139348,0.898236932129931,0.898399828128226,0.898479709268759,0.898516772048975,0.898609359877464,0.898714120698136,0.898802872594346,0.898827487540456,0.898973268747177,0.899017062315758,0.899140412327323,0.899200372626707,0.899360103036165,0.899415791999636,0.899527784526951,0.899976849059506,0.900667242055748,0.900702150816242,0.900837586142277,0.900857608096958,0.900900836991594,0.900933639046911,0.901049156595184,0.90109001126728,0.901189450486574,0.901230721693736,0.901337900475761,0.901396610130108,0.901468139529183,0.901499284350112,0.901572016615127,0.90160333802012,0.901660059122567,0.901675538274662,0.901749545462616,0.901778805251677,0.901820138827794,0.90183717063164,0.901887922308754,0.901920277954235,0.901987762752263,0.902007712012467,0.902076559196212,0.902103265189232,0.902127679467937,0.902152469760081,0.902192548402079,0.902206951155733,0.902257985094671,0.90228043133246,0.902325749924535,0.902341047773727,0.902361471229717,0.902386056715165,0.902400419480467,0.902423067404407,0.902464209519142,0.902553748295298,0.902573273055657,0.902590386408466,0.902630897275702,0.902648603397677,0.902666739035074,0.902677770833717,0.902812989438859,0.902826451312555,0.902853402050055,0.902871085282943,0.902889997311832,0.902909110470519,0.90292670716169,0.902939603429285,0.902968099446469,0.902980329385351,0.902994849156195,0.903004573086931,0.90301485170529,0.903021935130791,0.903033357436066,0.903043536295203,0.903062853525064,0.903076072057622,0.903102983791266,0.903110782961185,0.903124601229115,0.903131757166469,0.903149166431822,0.903157709500363,0.903169046221347,0.903176097888918,0.903194867677247,0.903205901346301,0.903218950414688,0.903229127720126,0.903245304804115,0.903258152767469,0.903269243936152,0.903278003129414,0.903289455901008,0.903300353286544,0.903311698050485,0.903315945025863,0.903324387323621,0.903329590135725,0.903342121085667,0.903354143195838,0.903362751348468,0.903368002585142,0.90337448175287,0.903382914760594,0.903390606742064,0.903402813837603,0.903411351912619,0.903417637809239,0.903427604879873,0.903434845728597,0.903443698915169,0.903449309273036,0.903454787596008,0.903457604488698,0.903462036453871,0.903468272721789,0.903474067343427,0.903480792469214,0.903493123675677,0.90349882519225,0.903503590273577,0.903509289011389,0.903515348036892,0.903521185682737,0.903526559737552,0.90352993464127,0.903533187861055,0.903537101460014,0.903540171459827,0.903544479668182,0.903551494738115,0.903554650976591,0.903560060141523,0.903563583410234,0.903566476831395,0.903571503626351,0.9035781972934,0.903581551268639,0.903586094749761,0.903588813907473,0.903595390355295,0.903599023313816,0.903601695566253,0.903605074028728,0.9036066271413,0.903611797086699,0.903615255908916,0.903620246380693,0.903623233445747,0.903627853870629,0.903632435035965,0.903634103993854,0.903638546772752,0.9036409355457,0.903644604450774,0.90365124528298,0.903657087949956,0.903660307875291,0.903664483678789,0.903669368581846,0.903673665146225,0.903679274143578,0.903681704753849,0.903688821884476,0.903690751588272,0.903693666926381,0.903696097335376,0.903699098819126,0.90370175377088,0.903706639487088,0.903708990031808,0.903711736569509,0.903714830164995,0.903717477342454,0.903718904537205,0.903724346165673,0.903726386753651,0.903728756143122,0.903731587026555,0.903734268764464,0.903735766081872,0.903739478799364,0.90374039087329,0.903745150421443,0.903746659339599,0.903749892813255,0.90375314268829,0.903754698520734,0.903757211399588,0.903758577717877,0.90376066739506,0.903763919725146,0.903791822546324,0.903793451753806,0.903795356469581,0.903801296732546,0.90380278187212,0.903805541932584,0.903807571654047,0.903810077847926,0.903811915427857,0.903815231172832,0.903816577012519,0.90381898693826,0.90382068899759,0.903822043270286,0.903823804421633,0.90382705663418,0.903829156243932,0.903832153841319,0.903834048078451,0.903836531394621,0.903837772973252,0.903841175883456,0.90384395759203,0.903846266411712,0.903846754153888,0.903848215997924,0.903850313378736,0.903852029631788,0.90385357156803,0.903855005128381,0.903856568247262,0.903858854655187,0.903860615661129,0.903862700764237,0.903864131602867,0.903866288455439,0.903867574959389,0.903869090772587,0.903871070596346,0.903873255615838,0.90387672214738,0.903878147811815,0.90387875180464,0.903880304290544,0.903882351795101,0.903883823251299,0.903884942185957,0.903886577331338,0.903888662903327,0.903890627150476,0.903890977728509,0.903891980820424,0.903893037907244,0.903893554707114,0.903895253732452,0.903897800595987,0.903900144893603,0.903901693080765,0.903901792498739,0.903903764199219,0.903905218009852,0.903906338793414,0.903907450882737,0.903908996390684,0.90391073186394,0.903912237854064,0.903913086659109,0.90391390982633,0.903914660976267,0.903915428051738,0.903916293524065,0.903917725278824,0.903918388015447,0.903919996556992,0.903920889017458,0.903921696660606,0.903922804735314,0.903925207210231,0.903925985154598,0.90392739236607,0.903928283491357,0.903929019699496,0.903929802537508,0.90393069791195,0.903931876374447,0.90393275395212,0.903933147308462,0.90393355738136,0.903935672861012,0.90393656476843,0.903937441011176,0.903938471740281,0.903939751373666,0.903940634191685,0.904055370039142,0.90405649833198,0.904058442217071,0.904059328655186,0.904061039220637,0.904061881834185,0.904062679486405,0.904062971366271,0.904064397594342,0.904065381490296,0.90406686373812,0.904067582261922,0.904068095559192,0.904068983449363,0.904069668218594,0.904069913901883,0.904071382226535,0.904071896529068,0.904072764136949,0.904073944261004,0.904074740547602,0.904075317964482,0.904076241535185,0.904076763691496,0.904510331716124,0.904510994073529,0.904511559914275,0.904511905219197,0.904512497483089,0.904513594361308,0.90451425723894,0.904514678183119,0.905676774140533,0.90567783405128,0.90567863848908,0.905679629058536,0.905680335149261,0.905680719445008,0.905682083367624,0.905682403369382,0.905683118309229,0.905683720538517,0.905684021347146,0.905684596707673,0.905685820339571,0.905686302031334,0.905687859414521,0.905688262255867,0.905688922598328,0.905689903083965,0.905690126871476,0.905690712135725,0.905691351405041,0.905692240347284,0.905692803207772,0.90569347091762,0.905693973100179,0.905694800004822,0.905695122312742,0.905695444257586,0.906155036445268,0.906156001225049,0.906156530834204,0.906157292292524,0.906158036395969,0.906159065734214,0.906159738307893,0.906160172209658,0.906160575071914,0.906160791400078,0.906161933248224,0.906162319904627,0.90616310083949,0.906163596590789,0.906164171881722,0.906164456126529,0.906164863394737,0.90616572152668,0.906166146348703,0.906166638537769,0.906167522314272,0.906168164770951,0.906168690044695,0.906169475435674,0.906170519466492,0.906171405489759,0.906171634834391,0.906172182418217,0.906172957527728,0.906173783392285,0.906174023693933,0.906174553723081,0.906176058825708,0.906176751101822,0.906177419018933,0.906178409732643,0.906178770626676,0.906179067861719,0.906179722975246,0.906180750497566,0.906180842188466,0.906181321259859,0.906181845844602,0.906182305286924,0.906274858320687,0.906275731126884
0.370889158464984,0.408114683644621,0.40983212576649,0.40983212576649,0.45460519886736,0.458083994980024,0.504117187217619,0.504117187217619,0.611958079000496,0.611958079000496,0.655806285739142,0.655806285739142,0.655806285739142,0.655806285739142,0.656086682122513,0.656086682122513,0.656182261228717,0.661418704748164,0.661445006199519,0.661445006199519,0.67002145585787,0.67002145585787,0.67002145585787,0.67002145585787,0.672085920132984,0.672085920132984,0.703782729191509,0.710102365733576,0.711330978970336,0.711330978970336,0.746317291746511,0.746317291746511,0.746836950656087,0.784862187955876,0.785464338461269,0.785464338461269,0.809374029849393,0.809374029849393,0.811172201102178,0.811172201102178,0.814851718478595,0.814875595895024,0.816049419728075,0.816162843044638,0.835275991201266,0.835377170554817,0.841406935310295,0.841428543676281,0.842028237368101,0.842028237368101,0.84241805701876,0.844284295342854,0.853921264117364,0.85423028353144,0.861758382637328,0.862203810037286,0.862765066201822,0.862860451354381,0.865599900594246,0.865840118136829,0.86877630122989,0.868892983099208,0.876523061571775,0.876805050677678,0.877236068146247,0.883942642236992,0.884203627964681,0.884574674523125,0.885739618699618,0.886262557429379,0.887298720021456,0.88736671603965,0.887873450403777,0.88796458710644,0.888283602204356,0.888540462505774,0.889178947726703,0.889277582173096,0.889911676420886,0.890177661565541,0.890593149034837,0.890656715167564,0.890860787623146,0.890942517436965,0.891581733609907,0.891752303572668,0.892030470923383,0.892094496812812,0.894308592671329,0.894440687156423,0.89447219892853,0.894662866991027,0.89509286481249,0.895347100065375,0.895860371741157,0.895975028705861,0.897003525762387,0.897054952181556,0.897221399308961,0.897371265347607,0.89755651885938,0.897681600457649,0.897784712793768,0.897835276426788,0.897936762272418,0.898064134638469,0.898244668525624,0.898429505643052,0.898452698614692,0.898839034091378,0.899063496288196,0.899072708351923,0.899150283874053,0.900471881105773,0.900612741927696,0.900621321517581,0.90087772228151,0.900956017295105,0.901147456581032,0.901177496879309,0.901284483437881,0.901302368944243,0.901396730354183,0.901439878534526,0.901505052716211,0.901555041840852,0.901628559983983,0.901670140923462,0.901926243138529,0.901964881811631,0.902090421514994,0.902113119762898,0.902212219285586,0.902247110023186,0.902342003770445,0.902694438252994,0.902812023197215,0.902845842030168,0.902969555532064,0.903032477799742,0.90310562812017,0.903124184037513,0.903173653583401,0.903233636471132,0.903326358302858,0.903369622543957,0.903460658252088,0.903480011869772,0.903556240117788,0.903598573764329,0.903693770355904,0.903724473895193,0.903801157994837,0.903837976677549,0.90391461605266,0.903934108181524,0.903985893263124,0.904001793370307,0.904818490592055,0.90484025591151,0.904893134194012,0.90614229068423,0.906185196920558,0.906207649741355,0.906251154293321,0.90627482247339,0.906318134825493,0.906344033793087,0.906377294395684,0.906390427460411,0.906424165204143,0.906460870579272,0.906502900344239,0.906542027741554,0.906617470964947,0.907268773262002,0.907306045458222,0.907320470284575,0.907336446642973,0.907399769343811,0.907423466065564,0.907437837827872,0.917351736236571,0.917372817913383,0.917394404291409,0.917407909382683,0.917442446068058,0.917450149859543,0.917505718934991,0.917511883344883,0.917656347118719,0.917666188683517,0.91769317296628,0.917703925754603,0.917725190748268,0.917732689731887,0.917746819131547,0.917759400163264,0.917770321239918,0.917774892501922,0.917785219615487,0.917800913637999,0.917806839192011,0.917813637537725,0.917890525488597,0.917896663659265,0.917909902380376,0.917921618997152,0.917942125330317,0.917956433801545,0.9179763767223,0.917979414714186,0.918007141201855,0.918018085296597,0.918028304487059,0.918034542528173,0.918039753655139,0.918059539919449,0.918068792587718,0.918077164729884,0.918079087206375,0.918087619365317,0.918090591972184,0.918099951384279,0.918105045543535,0.918109376327963,0.91811855107292,0.918127038166716,0.918130116761559,0.918152803045207,0.91815876021892,0.918161851681391,0.918557438761607,0.91856201287865,0.918583792160253,0.918588314101967,0.918591981246576,0.918596778874895,0.918605517940365,0.918609969134638,0.918616072625212,0.918619974190042,0.918628889548684,0.918632282387368,0.918650596421029,0.918655437393687,0.918657876371173,0.918660516330928,0.918875574165533,0.918879651240516,0.918881921231763,0.918890145167721,0.918898367115034,0.918902645530851,0.918918866383817,0.918922051879631,0.918924148027068,0.918927570133772,0.918930257575465,0.918932166874095,0.918935109654163,0.9189401820684,0.918968863766608,0.918971824223564,0.918974532906859,0.91897747685626,0.918995079113396,0.919001061229277,0.919006087460362,0.919009270653136,0.919012225344514,0.919013992161422,0.919022398866128,0.919025150319373,0.919030498408379,0.919032421138935,0.919036420469532,0.919051361934943,0.919052921732413,0.919053768841549,0.91905460761623,0.919058565649411,0.9190716039887,0.919073274270521,0.919082166251188,0.919083108661095,0.919118219972344,0.919120647355994,0.919122835692104,0.919125824700523,0.919127624636363,0.919134206305219,0.919139483480123,0.919142679539843,0.919154362567848,0.919159422135295,0.919161926728975,0.919165032745452,0.919175705781179,0.919178395572136,0.919181616136097,0.919183780254423,0.919188357035733,0.919192152244781,0.919195997751781,0.919198626261352,0.919204810727672,0.919209382474887,0.919209982457949,0.919214733953284,0.91921670605969,0.919223368782975,0.919224244367168,0.919225690415294,0.919257238518552,0.919260324270779,0.919262896288718,0.919264307519909,0.919266395460183,0.919274127768401,0.919275697495106,0.919279808522712,0.919282874550497,0.919283362041374,0.919287783027864,0.919289491807124,0.91929040988259,0.919291565904041,0.919294232935945,0.919297676348829,0.919299257166033,0.919301022903997,0.91930816410875,0.919309322666769,0.919311108857285,0.919317371841573,0.919318500994309,0.919320506634691,0.919322078555793,0.919323595628851,0.919331841106575,0.919332732645009,0.919333702676981,0.919335377845928,0.91933628171743,0.919338726321451,0.919409881555406,0.919411920699441,0.919833568621786,0.919835528091464,0.919836649104323,0.919837552812869,0.919838435466461,0.919839509032332,0.919840708134955,0.919843527714522,0.919843922237442,0.919846060021376,0.91984836795383,0.919850610468142,0.919851622553833,0.91985256766659,0.919852890705307,0.91985533302673,0.919904325274778,0.91990623675873,0.919907374968896,0.91991043028393,0.919911884134648,0.919913372668732,0.91991466597144,0.919915882196221,0.919917962666652,0.919921405799318,0.919922931993902,0.919923668447995,0.919924691784474,0.919926253497402,0.919927823976011,0.919928886453176,0.919931836733669,0.919934308856395,0.919950852800737,0.919951890447173,0.919954636361027,0.919956633186604,0.919958414032605,0.919958784327104,0.919960779075978,0.919962083624866,0.919965327193479,0.919966884026393,0.919969496358954,0.91997014480648,0.920047410101682,0.920049126731736,0.920050184635835,0.92005100084352,0.920051628109772,0.920054694135783,0.920056336025143,0.920056666580744,0.920060670652059,0.920061718539259,0.92006315461829,0.920064009615317,0.920064953358849,0.920074624786871,0.920103100382008,0.920103501665249,0.920104197138752,0.920116906235958,0.920117473087592,0.920118475023977,0.920118926924352,0.920119198334116,0.920123800699143,0.920123999009425,0.920130396058151,0.920130892294795,0.920157000295041,0.920157466175066,0.920256418012775,0.920257356364418,0.920259455517878,0.920259822424839,0.920261587768648,0.920262655716044,0.920265263449322,0.920266013555352,0.920268075724914,0.920269844979383,0.920272262335152,0.920272816282903,0.920274468147903,0.920275192810808,0.920276521131463,0.920277023788682,0.920277697282668,0.920278125382037,0.920284059689826,0.920284172252175,0.920284926270475,0.920285673656093,0.920286349250014,0.920287193512284,0.920287645402813,0.920288397430229,0.920289815182485,0.920326042836945,0.920326415928789,0.920327359945291,0.920328172861691,0.920329334696935,0.92032964099879,0.920330294457139,0.92033424936241,0.920334982074742,0.920364018805093,0.920364504539601,0.920383996195071,0.920384623904699,0.920395512029823,0.920395999465073,0.920436214655805,0.920437583826204,0.920437925198856,0.920438574231043,0.920440748819799,0.920441104198046,0.920441767382185,0.920442300854922,0.920445119922521,0.920445523042011,0.920445686941182,0.920446200078019,0.920446629159919,0.9204469656674,0.920449101839847,0.920450188709616,0.920450422043184,0.920450709593803,0.920455237050104,0.920456107009579,0.920456797934622,0.920457093018302,0.920481868867984,0.920482408327645,0.920486174329198,0.920486558153783,0.920486661898162,0.920487124237366,0.92049556120725,0.920496134453282,0.920496663091834,0.920496738308282,0.92049719810435,0.92049722241567,0.920509995372849,0.920510309663253
0.468276106573649,0.488950424431834,0.488950424431834,0.4889630193317,0.504500508161436,0.504500508161435,0.50688403720948,0.50688403720948,0.50688403720948,0.506960154081173,0.512961419879004,0.512961419879004,0.554462158181979,0.560252924390433,0.560252924390433,0.609012416157104,0.609249835279083,0.609249835279083,0.613209308887992,0.613209308887992,0.613225350167803,0.613225350167803,0.653546708125614,0.667142960152757,0.667142960152757,0.667142960152757,0.688028442805413,0.688028442805413,0.70552783981957,0.706076271948917,0.706493524515483,0.706493524515483,0.7379741878429,0.738030566075523,0.800219694587759,0.800243700077826,0.80365151969524,0.803651519695241,0.806871878374226,0.806964121488928,0.809101478011254,0.821357505105794,0.822441682720463,0.822451376542138,0.824570644711586,0.824635542471119,0.825899575350681,0.825899575350681,0.827539182506757,0.8277652698663,0.830394677369131,0.830534253343746,0.83131300463172,0.832002244806477,0.848220179078159,0.848608867516226,0.851366791972014,0.85162033213294,0.858243736346765,0.858604723659983,0.865268402245771,0.865553594444879,0.86620476125753,0.866625974736292,0.874958042187116,0.875373587424387,0.876870453457721,0.877059506803932,0.877578459616658,0.879354003582861,0.881482027016419,0.881798313389409,0.885920961037791,0.886281990046212,0.88811049599014,0.888479630105072,0.891112791323132,0.891189420512674,0.892129470316271,0.892501009601082,0.89330087906734,0.89349369032823,0.894127190249634,0.894455317466224,0.89494064069611,0.895761636738151,0.896214449198013,0.896453223146127,0.89670609136649,0.896916143056233,0.897266743819247,0.897379522385731,0.897951309952549,0.898322019507179,0.898639316463599,0.898790864199771,0.899417023434092,0.899459246486215,0.899739024229048,0.899787849758224,0.900071354827491,0.900250628706047,0.900399805625338,0.90048627167266,0.900673144893115,0.900819965223548,0.901054844411348,0.901217834208179,0.901446879005775,0.901573864200181,0.901763225603456,0.90185409773535,0.902042561636484,0.902219383159071,0.902423157874077,0.90243987748397,0.902578609687979,0.902604474124594,0.902821580888054,0.90283515416971,0.903005680262845,0.903192603400721,0.903385128971343,0.903393287903946,0.903575167043797,0.903603352580733,0.903729040164321,0.903769264311356,0.903885405911048,0.903932708053719,0.904130287602433,0.904166057885361,0.904344612698585,0.904371693144816,0.904472150611974,0.904545416373799,0.90466418340614,0.904710053630385,0.904793810781567,0.904838969383419,0.904943448495666,0.904995323879585,0.905069031354661,0.905163814703249,0.905304152336975,0.905330890078932,0.905419789340205,0.905448538881548,0.905494560173613,0.905523171420935,0.905569748060873,0.905586496816818,0.905640488260609,0.905680724362784,0.905722966656394,0.90575362937828,0.905799678463334,0.905817385299333,0.90587760558759,0.905899414007774,0.905929814545976,0.905951880580592,0.906004522615017,0.90603852129781,0.906071209119736,0.906104469643567,0.906144054939219,0.906175617571866,0.90623028647632,0.906261883058031,0.90629957932086,0.90631762294661,0.906341834137895,0.906360638909074,0.906397287866501,0.90643769427443,0.907954157095219,0.907968510733362,0.907983859363952,0.908005552170256,0.908022572190241,0.908033589461114,0.908046711867974,0.90806688814141,0.908082591716774,0.908096774151654,0.908108764319398,0.908127317239066,0.908140201266876,0.908159319050736,0.908173768933883,0.90818436648552,0.908200585203885,0.908213706215075,0.908228033293345,0.908246319649556,0.908251490224296,0.908273358704817,0.908281511768497,0.908294407507388,0.908303825236028,0.908314304534803,0.908321705998843,0.908324009241545,0.908331041137,0.90833813360024,0.908346914223099,0.908348291627262,0.90835822074238,0.908363801031435,0.908369215587866,0.908375325094868,0.90838168342322,0.908390457175808,0.908398500054633,0.908403944744993,0.908410916055695,0.908415381215833,0.908424860617205,0.908429833757298,0.908436885272728,0.908440680103548,0.908445943873293,0.908453730016097,0.908459974472112,0.908463437074482,0.908470450756144,0.908476256921694,0.908485387726963,0.908489535395313,0.908495484687454,0.908499324786821,0.908502246637906,0.90850844878047,0.908514979735551,0.908521439264591,0.908524511356845,0.908528190891782,0.908533245319685,0.908537170903619,0.908544985241042,0.908549805881141,0.908554106712366,0.908558058578493,0.908560807190171,0.908565347459352,0.908570483129375,0.908574441444105,0.908578674879781,0.908584270793781,0.908586914708574,0.908590287806472,0.908594047469025,0.908599132985363,0.908601086071706,0.908605046535154,0.908608206598267,0.908609635686009,0.908615741670788,0.908617807532512,0.908620618767218,0.908624059908907,0.908627015800988,0.908631853786509,0.908636259787255,0.908640891171969,0.908721838682064,0.908725639468219,0.908729726943075,0.908734773697406,0.908739141331662,0.908740993362413,0.908744410335792,0.908748871687373,0.908754198542529,0.908757941308191,0.908762758501844,0.90876644361523,0.909493171290576,0.909496772494506,0.909499874971018,0.909504446217955,0.909507648421608,0.909510121955599,0.909512039436379,0.909513679827862,0.90951591465854,0.909519034760199,0.909521466992639,0.909524461777572,0.909527370693663,0.909530076203057,0.909532891433786,0.909536264641536,0.909540183305102,0.909542893211183,0.909545273409922,0.909548526121042,0.909554147796746,0.909555137925402,0.909556601518226,0.909559332313407,0.909560887406593,0.909562841551792,0.909566367556609,0.90957115172381,0.909576723452038,0.909579589144365,0.90958222535589,0.909585456040407,0.909589544658388,0.909591382337682,0.909596075445662,0.909599404188871,0.909600555300922,0.909602396870292,0.909604969831659,0.90960651841311,0.909608999995489,0.909609861523948,0.90961187134832,0.909613191398217,0.909614417947444,0.909615603508041,0.909617786243271,0.909619199456501,0.909622987793158,0.909626357955462,0.909629533793508,0.90963153830485,0.909633860521594,0.909635262447786,0.909637707350173,0.909639374869599,0.909641492381958,0.909642459697144,0.909643057877461,0.909645146510422,0.909647622095548,0.909649622221039,0.909651945551545,0.909653436164831,0.90965586473047,0.909658039806364,0.909660654532875,0.909662183371242,0.909663456596117,0.90966605227038,0.909667265031289,0.909671177763319,0.909673643068734,0.909675977547364,0.909676567626287,0.909677970975427,0.909728007529515,0.909729342162976,0.909730797972579,0.909733390911537,0.909735749792051,0.909736642939084,0.90973808901231,0.909739429270093,0.909741893506514,0.909743832901632,0.909744974990172,0.909746743561054,0.909748463537089,0.909749261218817,0.9097521983823,0.909753135487182,0.909754443514652,0.909755398860473,0.909757527923815,0.909758936082954,0.909759792528184,0.909761291225879,0.909762457089288,0.909764133080457,0.90976541662781,0.909766362383373,0.909768143777241,0.909769499262334,0.909771448415685,0.909772511875179,0.909774421059962,0.909776013578057,0.909777390961685,0.909778757933443,0.909779087738097,0.90978051989748,0.909782790812329,0.909784041115998,0.909785633078232,0.909787646521763,0.909788596784042,0.909789955027846,0.909792626284079,0.909793400746354,0.909874979950917,0.909875702140227,0.909876531421518,0.909878214696475,0.909879105346566,0.90988060826036,0.909881537552924,0.909882860598479,0.90988420868688,0.90988461774784,0.909885073486148,0.909886553688952,0.909887574790283,0.909888414365452,0.909889333753789,0.909890449658177,0.909891426738796,0.909892487492508,0.909893821936109,0.909894910423924,0.909896089339721,0.909896766858992,0.90989767539292,0.909899427438166,0.909900366525696,0.909901000601163,0.909901985991376,0.90990291785633,0.909904034966328,0.909905473199378,0.909906732160371,0.909907396066978,0.909908847470317,0.909910211767355,0.909910615450248,0.909912284819989,0.909913406643807,0.909914572293124,0.909915229223209,0.909916348884515,0.909916884853393,0.909917958347317,0.909918733914735,0.909919861395614,0.909920578678686,0.909921014572968,0.909921684208804,0.909922259324214,0.909922983588808,0.909923745670075,0.909924363961912,0.909924690647182,0.909925336410959,0.909925925868801,0.909926080037649,0.909926622576537,0.909927846229713,0.909928665011307,0.909928844201109,0.909929216007006,0.909929493754403,0.909929989590679,0.909930394473361,0.909930742327021,0.90993078590922,0.909931013205159,0.909931515646337,0.909932148525691,0.909932649351438,0.909932925647128,0.909932964555516,0.909933774706717,0.90993493738935,0.909935538415342,0.909936333490553,0.909936973336958,0.909937374459118,0.909937585175281,0.909938455202378,0.909938997236059,0.909939126785696,0.909939365962291,0.909939814379136,0.909940295458994,0.909940963038362,0.909941345862649,0.909941592539158,0.909941939962668,0.90994217385946,0.909942636715493,0.909942768738593,0.909943523990334,0.909944537590536,0.909944795363341,0.909945604686214,0.909946054165862,0.90994645732138,0.909946772857476,0.909947487786053,0.909947864329992,0.909948368003815,0.909948958641787
0.465754002721342,0.472711309903667,0.47306021813721,0.47306021813721,0.476113501281086,0.476176042025346,0.501553213717232,0.502649829244412,0.504438171268062,0.543839336386636,0.543839336386637,0.543839336386637,0.62013525941539,0.620135259415391,0.648572233863054,0.650485988177317,0.652736522917017,0.652736522917017,0.66083137043865,0.66083137043865,0.685289069641612,0.685289069641612,0.7211737255477,0.721173725547701,0.723078556519898,0.723078556519898,0.723598919319339,0.723613603054497,0.726579930747726,0.726581130786444,0.728443282844764,0.728443282844764,0.741983191273394,0.752750218777518,0.753107666364235,0.753240345362977,0.793806870964351,0.795522229483901,0.811382979143517,0.81458266330657,0.815724717842134,0.816137883874528,0.817013990394185,0.827302880392259,0.832473750053711,0.832473750053711,0.8435295021269,0.843781973448212,0.85831971255636,0.859595987196496,0.861136849523384,0.861551978032592,0.863072987894481,0.864060061336996,0.865766728640348,0.865879096426483,0.870885484378743,0.87185302582559,0.872943777553224,0.873214643939169,0.876824980480542,0.878048450351413,0.87850061969944,0.878738862768358,0.879441292721083,0.879553151065547,0.880353000557329,0.8813203278993,0.882724974460341,0.883251836020421,0.88420711905638,0.884357335109321,0.885215802849003,0.88572515795186,0.889765878930555,0.889841097607432,0.892459892437226,0.892696076796529,0.904916801327652,0.905195502976173,0.906273355983082,0.906465134878097,0.906937296901047,0.90715078998963,0.907585527820714,0.907860372464425,0.908176884040161,0.908506797345827,0.90880644385204,0.908967551482054,0.909179536133794,0.909343529421869,0.909647523323032,0.909824165945624,0.910068070371729,0.910429765010724,0.910619386636288,0.910917861739527,0.911240084809883,0.911420658670372,0.91186388385213,0.912102839808968,0.912289225989162,0.912407022644164,0.912663417708233,0.912737214016576,0.912911906587542,0.912985644409324,0.913143522685398,0.913206451858455,0.9133725917106,0.913397259302667,0.913569849603662,0.913621787248841,0.913737071445425,0.913781160764365,0.914010304039051,0.914084041397365,0.914526600549008,0.914563004315416,0.91466739232256,0.915868142482243,0.916018457329787,0.916089578388413,0.916208350478232,0.916235941252865,0.916321189592053,0.916356872781023,0.916445363469123,0.916491497919804,0.916675239116015,0.916744751555953,0.916862493412226,0.916901651530453,0.916993240523157,0.917048590710953,0.917145926925647,0.917196973073033,0.917260394480224,0.917297585122885,0.919587418135981,0.919618964632709,0.919673437067928,0.919707708995241,0.919768802679544,0.919803279856436,0.919844972087125,0.919888059163671,0.919941608372122,0.919970357766408,0.919997091625649,0.920026271996965,0.920065285174081,0.92008638884918,0.920118255343444,0.920139633966816,0.92016574024496,0.920192223120434,0.920228119252717,0.920265605895114,0.920289891698758,0.920316127299764,0.920347829733424,0.920358176105022,0.920489190087324,0.920512940635318,0.920535620474598,0.920556727587807,0.92058045507168,0.920595106914195,0.920604476137953,0.92062514574918,0.920640686170867,0.920663774801901,0.920671523716876,0.920700568435121,0.920719938632696,0.920732096416788,0.92074390827444,0.920754832225009,0.92076120931521,0.920770003446311,0.920781416335287,0.920795831765216,0.920800014623233,0.920807949144206,0.920814478954767,0.920825132223137,0.920903583998951,0.920911259093218,0.920918320369497,0.920923597008909,0.920934498049,0.920943319865045,0.920949207575057,0.920954248919112,0.920960855496094,0.920970858329634,0.920977114673477,0.920989006800428,0.920997716392551,0.921005764363811,0.921007999087753,0.921020169057118,0.921028888248316,0.921033497343446,0.92104096946106,0.921047461665331,0.921057687542171,0.9210645689133,0.921070531430315,0.921079662364203,0.921085233048914,0.921088150183449,0.921093177320051,0.921101256868222,0.921112430649334,0.921117566715468,0.921126975754824,0.921134822730613,0.921145728078888,0.92115298037935,0.921160859361117,0.921170175321632,0.921176689197943,0.921182580410353,0.921188146522958,0.921194703019514,0.921199213690485,0.921203838327994,0.921208697110546,0.921213172765606,0.921223559278484,0.921227852393394,0.921233585690858,0.921239084556306,0.921247907406386,0.921253840563457,0.921257715851183,0.921263522324291,0.921266929349462,0.921271628501008,0.921277596153031,0.921283219247366,0.921547609144037,0.921550797849514,0.921556423563886,0.921559525910179,0.921563920888329,0.921568156761761,0.921569773030316,0.921573933776231,0.921579903525195,0.921586393355862,0.921590550840226,0.921594995549291,0.921597950488495,0.921600251070317,0.921604565047001,0.921607934489967,0.921662560431954,0.921667081736927,0.921669657063431,0.921672594588964,0.921674708438885,0.921675463862135,0.921677725958494,0.921681435266966,0.921684831291291,0.921686164800072,0.921689635864787,0.921693765910191,0.921697299213683,0.921701384851284,0.921705042440207,0.921706949309867,0.921708815422383,0.921712571129222,0.921718738030093,0.921721498368819,0.921724608906597,0.92172691592319,0.921730352088918,0.921733646746364,0.921736525069358,0.921740024469604,0.921745656011388,0.921750030526376,0.921754657963389,0.92175711389553,0.921759527375387,0.921763198419478,0.92180531540695,0.921810915889328,0.921866910961337,0.921870220659155,0.921874778778776,0.921877500678319,0.921879832509028,0.921881013072464,0.921885653857746,0.921887903580055,0.921890774804165,0.921894677133845,0.921897257662221,0.921900371627849,0.921905077237982,0.921909987567626,0.921913685884479,0.921918993523286,0.921921071675951,0.921922804423232,0.921924936462663,0.921927138806184,0.921929335418637,0.921932121317639,0.92193369009025,0.921937473448567,0.921938782258149,0.921941156229632,0.921942444090814,0.921943679157257,0.921945109175732,0.921948537022348,0.921949422341376,0.921951826113186,0.921954061193793,0.921955972346413,0.921960064136635,0.921962115767715,0.921987376572068,0.921988697927727,0.921990771740061,0.921994132614561,0.921996174306975,0.921996878464121,0.921998733650789,0.922000502601572,0.922003112037075,0.922004625122714,0.922072259276635,0.922074737939049,0.922076330260865,0.92208036080803,0.922082245014385,0.922084198551526,0.92208597323548,0.92208688118446,0.922089087938999,0.922092893146806,0.922094603189659,0.922095752482047,0.922097017909728,0.922099412791204,0.92210086012722,0.922102770730982,0.922104464340778,0.922105158241363,0.922106835746178,0.922107489501401,0.922108095578235,0.922108925293099,0.922251682531721,0.922252234756907,0.922468966144738,0.92247012092193,0.922471888780615,0.922472741720254,0.922472911902425,0.922473727783883,0.922474234779621,0.922474363056325,0.922474791505145,0.922476830822035,0.922478286770352,0.922479172114735,0.922479745363077,0.922481453033005,0.922482187225953,0.922483613453523,0.922510018637983,0.922510589161663,0.922511704651466,0.9225135995016,0.922515154721902,0.922516292507711,0.922517221859712,0.922518036144544,0.922518902484523,0.922519950782199,0.922520514505899,0.922521718919742,0.922522589297309,0.922524020731233,0.922524787930587,0.922525451602261,0.922526405153706,0.922527430641118,0.924626982525623,0.924628429443088,0.92462973904178,0.924630340779272,0.92463107647561,0.924632739381197,0.924671176523527,0.924671748700628,0.924672241755655,0.924672824366321,0.924673141848123,0.924673582057583,0.924674111739661,0.924675865097552,0.924676772173968,0.924677892303388,0.924770500817435,0.924771502706795,0.932521441741053,0.932521989190383,0.932524180940735,0.932524637236716,0.932566838482225,0.932568143491495,0.932675800173521,0.932676257567145,0.932687535858057,0.932688405347392,0.932688810369459,0.932689332143414,0.932718093748462,0.932718811366985,0.932721810079955,0.932722192641006,0.932728858226655,0.932729132205713,0.933048466779493,0.933048818870906,0.933149459588797,0.933161652714158,0.933226769043966,0.933226976783284,0.933261446196845,0.933261990741476,0.933262080036274,0.933262482251767,0.933262783539521,0.933263695107652,0.933281114028146,0.933282406311467,0.933296171555928,0.93329651730299,0.934218465162588,0.934219120295201,0.934225685915664,0.934226658211147,0.934343838910476,0.934344479964877,0.934423624901051,0.934441651222402,0.934441689674863,0.934442195761888,0.934443530738685,0.934448747359419,0.934449166273166,0.934451975906494,0.934480448864271,0.934493628010251,0.934544773441337,0.934545310381666,0.934621114435154,0.934664079894526,0.934664307824441,0.934666197020153,0.934712253763768,0.934713095403585,0.934715297475137,0.934715664319937,0.934771765821853,0.934781892013392,0.934805424527087,0.934805591035938,0.934823263015294,0.93482389915553,0.934880286396817,0.934901065797269,0.934918975812602,0.934919659297485,0.935789832382459,0.935792887313487,0.93579728603219,0.935798469290663,0.935809333299297,0.935809936008296,0.935863693887853,0.93586388063679,0.935874127720368,0.935880078414402,0.935916818349839,0.935918773101155,0.935930875266167,0.935931912744176
0.414969723799095,0.431172467226969,0.515429813514656,0.516347458811842,0.518812168002116,0.518812168002116,0.521031526650111,0.526318014733767,0.526334961183825,0.527004030183889,0.532428459590522,0.532566069365527,0.553092631405268,0.555797532400556,0.558417143269269,0.558417143269269,0.558417143269269,0.574885090853981,0.590150010328388,0.590431415897555,0.596999663004526,0.596999663004526,0.616223649776211,0.616223649776211,0.650096549394489,0.650096549394489,0.663027904591302,0.663479918967451,0.663929415978807,0.664268889711739,0.718994058424501,0.718994058424501,0.720034564157828,0.720034564157828,0.723269373837234,0.723269373837234,0.724785138976319,0.724785138976319,0.726527318076607,0.727636347533024,0.727858139057961,0.728999531568348,0.734270490296405,0.751720567149589,0.751747681015709,0.751747681015709,0.780136201781386,0.780136201781386,0.781197940160591,0.78146087766773,0.79269492650086,0.792844274230566,0.793560037554502,0.800184441043134,0.801723716725228,0.80321000021574,0.818461273204009,0.833894310476947,0.835932682013401,0.835932682013401,0.837558606264647,0.83786039853881,0.847689497644421,0.848142607701353,0.850811873504884,0.860197972441242,0.86208261988378,0.862121634383308,0.863252238319058,0.863435426064133,0.865196853477038,0.865540389087253,0.866826869886747,0.86693003182185,0.86977186377953,0.87299312588117,0.883200490866913,0.883439152486001,0.883733408221058,0.884081675713152,0.884953069857583,0.885114965183933,0.886708688599273,0.886902098551486,0.887470069351672,0.88761541609224,0.8880863150221,0.888448477976888,0.88879826114897,0.889059410934017,0.890420485631284,0.890510225990335,0.890778203257149,0.890980213185707,0.891050380309073,0.891237643915635,0.891455870713597,0.89160394756993,0.892020226780702,0.89224883203616,0.892756124405035,0.892838272347712,0.893096195441181,0.89315772588349,0.893412513356577,0.893428929800478,0.893729778685314,0.893759869171616,0.89546548557984,0.895580855180165,0.895768269567068,0.89580079979278,0.896101035225474,0.896120240205401,0.896299001272714,0.896307156692173,0.896488377080324,0.896505167526051,0.896610734532702,0.896625919275828,0.896787866297976,0.897078541520938,0.897221369258906,0.897252616858477,0.897557857659338,0.897612677236104,0.897816765725522,0.897861135066508,0.897963864699123,0.897980173007085,0.898165597120926,0.898193508058279,0.898389256352075,0.898415788454374,0.89852108432208,0.898555664682536,0.898635338410894,0.898687296606155,0.898794725526255,0.898825675823529,0.89889374906051,0.898932934055831,0.899048953543066,0.899064052865747,0.899144327529658,0.899192179469373,0.899226602398533,0.899266336157844,0.899304347070436,0.899359373341409,0.899422316575974,0.899480861244829,0.899541333469836,0.899593641673873,0.899639146234387,0.899676594379132,0.89972092003316,0.899736422745158,0.899759238134577,0.899791978007511,0.89984348804631,0.899861409809785,0.89988534379856,0.89992569804121,0.89996382717115,0.899990775881105,0.900023231160228,0.90004557879901,0.900079093421498,0.900099801949096,0.900135090373682,0.900163742229628,0.900187937683359,0.900200048534442,0.900215924993047,0.900234963482098,0.900255777394786,0.900274804902415,0.900293016160964,0.900319024692271,0.900339161605976,0.90036071195019,0.900374132140205,0.900387027268288,0.900402877391074,0.900423637147751,0.900430916546612,0.900444881429521,0.900460301780685,0.900470610862006,0.900480029887956,0.900498678778574,0.900516260119409,0.900530608385444,0.900553387061862,0.900560926623901,0.900572849866902,0.900601567753988,0.900611654209729,0.900623817059968,0.900633285418975,0.900640019714462,0.900649232019587,0.900656104049827,0.900664804483513,0.900667907806889,0.900680842705799,0.900692485830042,0.900701992727767,0.900714622555622,0.901502275027794,0.901510031800435,0.901519061257509,0.901524539557176,0.901535852665325,0.901542033404475,0.901549920090085,0.901554929862151,0.901566537758598,0.901572890530518,0.90157756209207,0.901582997048045,0.90158754795079,0.901597720544793,0.90160301405694,0.901613170487169,0.901621940149609,0.90162857394681,0.901693365686928,0.901703516958801,0.901714694472801,0.901719050730369,0.901725712013312,0.901732892859341,0.901737942941117,0.90174496950232,0.90175142694473,0.901760760407099,0.9017658057212,0.901771928768829,0.902255045138366,0.902256662166312,0.90226282203164,0.902271031225745,0.902276070476306,0.902280775457264,0.902286290792333,0.902291850400682,0.902299039538814,0.902303348803122,0.902309732966412,0.902316436909992,0.902320327455716,0.902325462193582,0.902327320157278,0.902333524935413,0.902338149912707,0.902342620364198,0.902347814334326,0.902353781463135,0.902360699929019,0.902362599662014,0.902368232716278,0.902370098813977,0.902373117618918,0.902375335793775,0.902382524379811,0.902388525761893,0.902391759926364,0.902394486371195,0.902397834611466,0.902400444181982,0.902402883655597,0.90240545304678,0.902407030883026,0.902410603291044,0.902416452103171,0.902421560037932,0.902424660862322,0.902427269444367,0.902430680030647,0.902433676983067,0.902438166272644,0.902441053826675,0.902903020654667,0.902906843204385,0.902909537308311,0.902912522021925,0.902915131183759,0.902916668218102,0.902919232234798,0.902922924022775,0.902924706098129,0.902926479308995,0.902928966841844,0.902931058528103,0.902933225704586,0.902935002903531,0.902936107671424,0.902937152632471,0.902939866478478,0.902942172437142,0.902945338243397,0.902946721324914,0.902948295897104,0.902950126024922,0.902950849205309,0.902951919972783,0.902954564852563,0.9029564910969,0.902957979437789,0.90295965848533,0.902960578622928,0.902962342889209,0.902963232264528,0.902964214561713,0.902965956299993,0.902966901070345,0.902968144701859,0.902969206470798,0.902970361662996,0.902972295482778,0.902973724757532,0.902976159134884,0.902976635000142,0.902977680599441,0.902978220611506,0.90297983861439,0.902981788665207,0.902983277515776,0.902984443921151,0.90298573443271,0.902986813132735,0.902988905032413,0.902990679749392,0.902992663184322,0.902994358889092,0.902995018482267,0.902996551284694,0.902998292813338,0.903000699155575,0.903001604759148,0.903002511668683,0.903004540068627,0.903005635488366,0.903006375037295,0.903007171493455,0.903008327523603,0.903009491759846,0.903011186939152,0.903011936949481,0.903012793395007,0.90301349265988,0.903014634540365,0.903015991719129,0.903017353936558,0.90301864344638,0.903019822127058,0.903020914512978,0.903021494176081,0.90302224965102,0.903022795620434,0.903023979463254,0.903025117360329,0.903026918045764,0.903027233069218,0.903027976615442,0.903028678647025,0.903029484923969,0.903030540092921,0.903031429314403,0.903032578514305,0.903033957500627,0.903034717220134,0.903035322142282,0.903035624578187,0.903036373228844,0.903036938465591,0.903275228674951,0.90327569721896,0.903276300208914,0.903277001604178,0.9032783380673,0.9032789097682,0.903280008711105,0.90328118861921,0.903282330718658,0.903283584788594,0.903284758655503,0.903285204878705,0.903286250008155,0.903287155115109,0.903287850742251,0.903287964944628,0.903288559840806,0.903289074025346,0.903290091956853,0.903291004130486,0.903292034911622,0.903292942444326,0.903303280674614,0.903304413709048,0.903305280797786,0.90330595371674,0.903306727313108,0.9033073638271,0.903308147117547,0.903309099745924,0.903309818434347,0.90331005062261,0.903311137385684,0.903311784503081,0.903312613105789,0.903312826591165,0.903313456155485,0.903313942820715,0.903314997509736,0.903315601306722,0.903315932520106,0.903316859233958,0.903317596903031,0.903318006851784,0.903318865015608,0.903319686866008,0.903320118713051,0.903320496000727,0.903321275435742,0.903321530615294,0.903322437105297,0.903323130673435,0.903324205693841,0.903325150140678,0.903325730484465,0.903326700901585,0.903327240188614,0.903327496562677,0.903327955988437,0.90332861976014,0.903329241977482,0.903330709224072,0.903331502110072,0.903331943131729,0.903333096161043,0.903333575908833,0.903334374249884,0.903334978251176,0.903335102502802,0.903335450560635,0.903335623649381,0.903336314936709,0.903337673240008,0.903338722418941,0.903339295906795,0.9033399023992,0.903340903438415,0.903341536801538,0.90334194570956,0.903342874837576,0.903343154706348,0.903343591859738,0.903344108130741,0.903344638147518,0.903344969752548,0.903346026440404,0.903346579083595,0.903347136715391,0.903347622460905,0.903348370340198,0.903348996737734,0.903349494537575,0.903350079246989,0.903350425900935,0.903351337984116,0.90335155557007,0.903351840091458,0.903352618358424,0.903352943255514,0.903353585608333,0.903354159330039,0.90335539524519,0.903356008874997,0.903356616438168,0.903357231723522,0.90335758483099,0.903358492530921,0.903358843785768,0.903359275185792,0.903359553559202,0.903359957302598,0.903360596683525,0.90336092763962,0.903361392596321,0.903362110849098,0.903362312763076,0.903362620391639,0.903363005387915,0.903363666446587,0.903364135953799,0.903364775954373,0.9033660532889
0.42604849508314,0.428361081133636,0.436416004375672,0.436416004375672,0.445521026180468,0.446297461519037,0.450040042597556,0.450040042597556,0.461236945522678,0.461756202547856,0.474539120445892,0.540161270416152,0.540854158995175,0.544844916598135,0.589070831029724,0.589951593448607,0.60052301331643,0.600971614440698,0.660079861663575,0.66076048579331,0.661098620314801,0.661098620314801,0.663033632064371,0.663033632064371,0.664599955485053,0.664599955485053,0.665389754275122,0.665389754275121,0.66799417182941,0.66799417182941,0.675945639315701,0.676015173308351,0.683607294852589,0.684857001649048,0.690945702871654,0.704508217302997,0.705183040931426,0.705216386840906,0.740681254859531,0.740681254859531,0.743477615815603,0.743477615815603,0.745419911289672,0.745449304185683,0.798622271231909,0.798622271231909,0.79880682014719,0.816303230076642,0.816720152064368,0.816720152064368,0.816761139601127,0.816766994847677,0.816803648753663,0.816803648753663,0.822512012463491,0.822512012463491,0.822869065903597,0.822872770685217,0.822948723146591,0.827483932373204,0.827527992464549,0.827533645282095,0.828968410278886,0.829024449925073,0.829120214354841,0.829164502889093,0.829213666904375,0.829216583799135,0.839451365897062,0.839456444010026,0.839514682809665,0.839517327272957,0.839520925907433,0.839530153330599,0.839533607358152,0.839547303077802,0.839647852175779,0.839660224328723,0.839665773939412,0.843002589694417,0.843425518477745,0.843427770677794,0.845429672098433,0.845433226641088,0.852561529321423,0.852564817135105,0.85262678885402,0.85263055879158,0.852654943020219,0.852913292061432,0.855147673698939,0.870590597222452,0.87107327658054,0.871088970578483,0.873219928082713,0.874514821621357,0.880832481487853,0.880836324449914,0.880846687693343,0.880849025405165,0.880852348348103,0.881237737344979,0.881242257928475,0.884367141339419,0.884404426341458,0.884509289651183,0.884513434962171,0.884523265411131,0.88478366899457,0.884873225347706,0.885080228857361,0.885198199256244,0.885221255960261,0.885242892804848,0.885246827354323,0.88793861847203,0.88794713891407,0.888007707503516,0.888008013252699,0.888008557622267,0.888010596602263,0.888053501673443,0.888113837101441,0.888121258143001,0.888123722916119,0.888142798797023,0.888215935050537,0.888394578553449,0.888395250441472,0.888471608572238,0.888473274785244,0.888602239621721,0.888633466317676,0.888633911028043,0.888635471189734,0.888635881896802,0.888655288200959,0.888655654404518,0.889198095866143,0.889199003930548,0.889368422699336,0.889369555388757,0.889418705305319,0.88941934639754,0.889422667688058,0.889459437244011,0.889557310509963,0.889557769665983,0.891205215903539,0.891205477355423,0.891224103692653,0.891224193389117,0.891225949748492,0.891226247005449,0.891248651243466,0.891248776936286,0.892824382067819,0.892824665866134,0.892855106770036,0.892855305361102,0.892878481801821,0.892878631446126,0.894188011130829,0.894188259097011,0.894215393371186,0.894215480863299,0.8942448576181,0.894245003999079,0.894336313642316,0.894336495814386,0.894974269042936,0.894974424165519,0.896135859976588,0.896135928432658,0.896734272329832,0.896734335835969,0.896837662041305,0.89683785186768,0.896838334004456,0.896838419249272,0.89689515649082,0.896895287012583,0.896895981368567,0.896896116808776,0.896897910697551,0.896898018776779,0.896904738369727,0.896905122322925,0.896908461006455,0.896908646342299,0.897649096044876,0.897649183133544,0.897800280894171,0.897800654355793,0.897801247673838,0.897801308373979,0.897892071109969,0.897892142031487,0.898018215206104,0.898018300876937,0.898022341258844,0.898022512909983,0.89849877501679,0.898499098750631,0.898665029082777,0.898665081538512,0.898684306334911,0.898684382413634,0.898688685945234,0.89868874217531,0.898793522879958,0.898793636487302,0.898803545640371,0.898803793472885,0.898804067174885,0.898804215914506,0.898831644069094,0.898831757382412,0.899636986297779,0.899637213652582,0.899673978660309,0.899674201999477,0.899674369019358,0.899674611679219,0.900692377129402,0.900692556765712,0.903257196556563,0.903257261527894,0.904087327365804,0.904087400050496,0.904397968068039,0.904398100266311,0.904399932196688,0.904399998644628,0.904409297894981,0.904409407730491,0.904410128407794,0.904410268059687,0.904468465633261,0.904468487079429,0.904469555682617,0.904469625150768,0.904639566478383,0.904639582213212,0.904643140758573,0.904643217478647,0.904932345184749,0.904932359339303,0.90493306771903,0.904933121936659,0.904933229615848,0.904933344327019,0.905026806679919,0.905026897496558,0.905053208583162,0.905053287499427,0.905124282838218,0.905124348078293,0.905290937321417,0.905290997040871,0.905292021903404,0.90529206956554,0.906663139292652,0.906663151147674,0.906723499087952,0.906723550316173,0.906730551456721,0.906730566568107,0.906865508869892,0.906865554384355,0.907411737955298,0.907411802189257,0.908171079922115,0.908171099951503,0.908389476555133,0.908389488456692,0.908445124047658,0.90844513491248,0.909021568622326,0.909021610948375,0.909027876845146,0.909027897881365,0.909040720115445,0.909040734098773,0.909308205137736,0.909308247475261,0.909431563246072,0.909431593322374,0.909457489684502,0.909457526811258,0.909926943235268,0.909926951489325,0.91008404344982,0.910084053134368,0.910392742056063,0.910392744124231,0.91040430829791,0.910404327083795,0.910569531533737,0.910569538172458,0.910843963996753,0.910843966723914,0.911084683885484,0.911084748314133,0.911145417250604,0.911145429434204,0.911161997397624,0.911166547240366,0.911388564360887,0.911388695851751,0.911510285609875,0.911510305377549,0.911656058013167,0.911656072642914,0.911747789769155,0.91202731975375,0.912227507559912,0.912227513201381,0.912375780559017,0.912376021600869,0.91245295626206,0.912453474505287,0.912583789551274,0.913177775623367,0.913711494448494,0.91371197567232,0.91383912040935,0.913839584060913,0.913937335758047,0.913937633054242,0.914023519235683,0.914026373898909,0.914075555872238,0.914086147783641,0.914154955235543,0.914155049409677,0.914220129233514,0.914225438218739,0.914708038040747,0.914708058311804,0.91474284787362,0.914742873537414,0.914911209234298,0.914911735727946,0.915002942434122,0.915003978604715,0.915045435392238,0.915045875863148,0.915163602122737,0.915165110396099,0.915519094497678,0.915519342211269,0.915570868441453,0.915573016703742,0.915685341939785,0.915686464314512,0.915846859215031,0.915850013934705,0.915984866859482,0.916005072698814,0.916063721894902,0.916066021359752,0.916212628890927,0.916214191396952,0.916274413025405,0.916274931013802,0.916359666340251,0.91637767534244,0.916457433676236,0.916464800508997,0.916534834231078,0.916536784110875,0.916605564769662,0.916608923460129,0.916779697472054,0.916780136520389,0.91684624933541,0.916860988389655,0.916924053638432,0.916924973820459,0.916977258106055,0.916980697721343,0.917057703937692,0.917066728201456,0.917136913268034,0.917140416276815,0.917176636900987,0.917194332248252,0.917250985690468,0.917256444810783,0.91729558392121,0.917326982258301,0.91740536718166,0.917407407709532,0.917473629335461,0.917478843081989,0.91751970591784,0.917527477220257,0.917576013613224,0.917593965473805,0.917636159177978,0.917647181261252,0.9176785644887,0.91770079465695,0.917757490007656,0.91776251798618,0.917842386511437,0.917870374282046,0.917887186225337,0.917893563527602,0.917942465464004,0.917956131246769,0.917967755626844,0.917976715065418,0.918037754148711,0.918046988788024,0.918087554913385,0.918101544583584,0.918132847552947,0.91813906417916,0.918167284166701,0.91818635622652,0.918217823131312,0.918228518316698,0.918249023829221,0.918257963877429,0.918278914884104,0.918299734239201,0.918332571687137,0.918345601892196,0.918370780875463,0.918381008265351,0.918403340229783,0.918425224439333,0.918444232097931,0.918455848212917,0.918465223717426,0.918480185379984,0.918505872596035,0.918521060063283,0.918531765110385,0.918539755206587,0.918565527775799,0.918573949582891,0.918590829989176,0.918600177218476,0.918609467509495,0.918627157015435,0.918646732198838,0.918653911767421,0.918658089911078,0.91867952577933,0.91870295509447,0.918705705950166,0.918715965766339,0.918724189328869,0.918745211994808,0.918750560461283,0.918761508341375,0.918765749572544,0.918779582047524,0.918784107451471,0.918791819973866,0.918799495902813,0.91881333079073,0.918820333983306,0.918831595446358,0.918842487953016,0.918854354168962,0.918868760895112,0.918871872045267,0.918874374495638,0.918882632528152,0.918886529131684,0.918899940985132,0.918906778377992,0.918920265840364,0.918927885463533,0.918937580020946,0.918941159768942,0.918951641109615,0.918954648940469,0.918960048987158,0.918969068167344,0.91897646670482,0.918980804260915,0.918987825556885,0.918994466888671,0.919000041651304,0.919003654835665,0.919008935851846,0.919013914130861,0.919022423357865,0.919024962492555,0.919030575424564,0.919036697028994,0.919046772108597,0.91904904420298,0.919053330601497,0.919057912602019
0.403723839185852,0.421513616733328,0.421648195518718,0.457394056797323,0.458111366358597,0.45828996868192,0.493727037477189,0.493727037477189,0.494001772914353,0.494222257594274,0.522954282500313,0.522954282500313,0.524786338271992,0.524966123486049,0.551065539787971,0.555276820780057,0.593230842497108,0.593230842497108,0.624150370166327,0.69220860299152,0.695860426856684,0.696762821828838,0.697562433712602,0.697583292219562,0.727027713070518,0.728196086329429,0.729499534397678,0.729584002033396,0.731217447261098,0.731217447261098,0.765015044472617,0.765025160986941,0.765387005414648,0.765406579571254,0.767545827912431,0.771842447918887,0.782439849720485,0.782682014962352,0.785647059897678,0.785647059897678,0.791051815071333,0.793798323431842,0.796044628955749,0.797053316139236,0.80080589132054,0.800980077766593,0.805391494816257,0.806948019597022,0.827458190536973,0.827967332706595,0.82944155333992,0.830464256463071,0.831085060348641,0.836309638789938,0.837623804966603,0.838169271804203,0.839622055902345,0.839819378033137,0.840480693311411,0.840578076104375,0.842288264981103,0.842617175799647,0.852659946041611,0.856287032373521,0.859811614724259,0.861102893901916,0.86224964381218,0.862612108390054,0.868501860227653,0.868658197045836,0.86951417804566,0.869618368489404,0.878151247041383,0.878472224947006,0.879721544779017,0.880000891709184,0.880853514668255,0.88115436274896,0.881941140119048,0.882060325630346,0.88293167275171,0.883301422402319,0.884187096812672,0.884510796946327,0.885211536465855,0.885325677702082,0.886339986275423,0.886501894262789,0.887820034510665,0.888120663325499,0.888543689778883,0.888579059363893,0.889916709860323,0.890445537389825,0.89091697977515,0.891050370881103,0.891542364165121,0.891689450306295,0.892406948842113,0.892594737449459,0.892896260507859,0.893002360332383,0.893129235225421,0.893311025856366,0.893686230128819,0.893893178111401,0.894088186939745,0.894483110131477,0.894665323555163,0.894795882158473,0.894870562696016,0.89498219888572,0.895299063959572,0.89542844136984,0.895608640241976,0.895638229127783,0.895942507411123,0.895991335308417,0.896236579982423,0.896253813690775,0.896550666255447,0.896590708917282,0.896763650661173,0.896777533526959,0.896920501145916,0.89695575472071,0.897101533800743,0.89801214347741,0.898241668594822,0.898277016366858,0.898408466580277,0.898484542700906,0.898584430971515,0.898610698021679,0.89883546147217,0.898874362154632,0.899058469503843,0.89915845136022,0.899277345249707,0.899322055145151,0.899535508321156,0.899558845253938,0.899665944601693,0.89969464085156,0.899804163420971,0.899837815411706,0.89995377543063,0.900734141516537,0.900876747653313,0.901289474355468,0.901425956074983,0.9014575118273,0.901527538860822,0.901578342745081,0.901828185184794,0.901851313822532,0.901957045818726,0.901997153660182,0.902073030424518,0.902134319388513,0.902181609819596,0.902210371670716,0.902247407846522,0.902267374029336,0.90233831380515,0.902356942275129,0.902427017942302,0.902451945806791,0.902491446272804,0.902528234348467,0.90256556117709,0.90260386931751,0.9026437183867,0.902658804047423,0.902701855503719,0.902725060302947,0.902758510993923,0.902771704425211,0.902802832036257,0.902820652821103,0.902839560248914,0.902864196978503,0.903033465821961,0.90304890271393,0.903078859345853,0.90310526269808,0.903134268511434,0.903155406334128,0.903183338771817,0.90319672253935,0.903215736216651,0.903236578773241,0.903259214274456,0.9032776545633,0.903290652807818,0.903304308159976,0.903318022505658,0.903329705633807,0.903346126688533,0.903363644721297,0.903385091448453,0.903394325816007,0.903537805058915,0.903550015244863,0.903563299707153,0.903568209220662,0.903580435493779,0.903587964142641,0.903600808260551,0.903609353847888,0.903618809877544,0.903641161859564,0.903651684747317,0.903663102305955,0.903669546296508,0.903680063678989,0.903687530387303,0.903699803997021,0.903712563799464,0.903727422592437,0.903739401583071,0.903751474295823,0.903762771943584,0.903771049732861,0.903775521914724,0.903784891761621,0.903791957356451,0.903805353498966,0.903812134911111,0.903817709618033,0.903827300908726,0.903834315326196,0.903839469596095,0.903847213661316,0.903854697516222,0.90386389989481,0.903869719935626,0.903875916217369,0.903880589836622,0.903886708942681,0.90389686346462,0.903900926334362,0.903908803582445,0.903916518689593,0.903920212332741,0.90392643751274,0.903932847840582,0.903941085813385,0.903945201262966,0.903949030466275,0.903953000722739,0.903959714519687,0.90396305393973,0.903967260240089,0.903970894238528,0.903977430417592,0.903982498779897,0.903985863696974,0.903992741461688,0.90399425765986,0.904000138845904,0.90400557009363,0.904010026168134,0.90401479087205,0.904018180410449,0.904022176892897,0.904026172129959,0.90403207044412,0.904035749291516,0.904038173209931,0.904042153632751,0.904043453904359,0.904047057775194,0.904051503388738,0.904054077390894,0.904057102699278,0.904059479315109,0.904064680315535,0.904068117654357,0.904071060352268,0.904074796130166,0.904078399235769,0.904080598141839,0.904083443284265,0.90408630624551,0.904088693702049,0.90409173242109,0.904094205965838,0.90409578004714,0.904100255413223,0.904101860008038,0.904105392806439,0.90410673546493,0.904109527436308,0.904112775676143,0.9041151411293,0.904117223942112,0.904119372181225,0.904121817216706,0.904126232263871,0.904127825183153,0.904129661763075,0.904131634911001,0.904134739250709,0.904136589755972,0.904139009393473,0.904141038301041,0.904142749983841,0.904144695256481,0.90414515793473,0.904146652274107,0.904147794140859,0.904151302870337,0.904153828802486,0.904155348438425,0.904157961359946,0.904160823270053,0.904161506444031,0.904258300362061,0.904260150254237,0.9042619655203,0.904264516853701,0.904267912351116,0.904269299152774,0.904271375182849,0.904274884975611,0.904275932651839,0.904276347002619,0.904278328452595,0.904279691303879,0.904281504843915,0.904282810388702,0.904284374919613,0.904285236768079,0.904286669256314,0.904288383873586,0.904289330613205,0.904291668002981,0.904292848592164,0.904293674393544,0.904295819675556,0.904297781686856,0.904300773777233,0.904301939998567,0.904304261646441,0.904305720934069,0.904307500968215,0.904308460532017,0.904309657656161,0.904311672741173,0.90431363932311,0.90431468490832,0.904316714145072,0.904318298378757,0.904319003064585,0.904320366792176,0.904321752449296,0.904323567359314,0.904325378472154,0.904327787090207,0.904329905894078,0.904330911783682,0.904332661280282,0.904334466849822,0.904336913058833,0.904337974194515,0.904338883008121,0.90434034715839,0.904341831611968,0.904342959463661,0.904344224959379,0.904345332271236,0.904347383112059,0.904347894056622,0.904349432784829,0.904351016866549,0.904543148334591,0.904544728868678,0.90454616222037,0.9045481106624,0.90454997590485,0.904551160285899,0.904552316475986,0.904553866042344,0.904554532980881,0.904556365240642,0.904558176329969,0.904559392284103,0.904560765697832,0.904562473105861,0.904563768980609,0.90456522037924,0.904566566785162,0.904567621131017,0.904568873470079,0.904571842521787,0.904573048762553,0.904573976296849,0.904575452797287,0.904577351458826,0.904578063994835,0.904578629222116,0.904579657305355,0.904580386289405,0.904581256634982,0.904582087029951,0.904582706918523,0.904583755845663,0.904584297468909,0.904585369164503,0.904586471041773,0.904588196807949,0.904589849052004,0.904590088278525,0.90459090087583,0.904592348231909,0.904592694092351,0.904593285893291,0.904593767454325,0.904594201574084,0.904596197469476,0.904596547917346,0.904597095219309,0.904597896639007,0.904599179700755,0.90459993676097,0.904600475299385,0.904602157989101,0.904603049448164,0.904603690421376,0.904692886060293,0.904693593474613,0.90469413012159,0.904694840733376,0.904695444389392,0.904696536740319,0.904696997196039,0.904698123719814,0.904698601605225,0.904699662632049,0.904700280050901,0.9047011956337,0.904701684607024,0.904701971594882,0.904703009952654,0.904703925919795,0.904704590101745,0.904704678999305,0.904705419749765,0.90470624298058,0.904706850361431,0.904707227999022,0.904707428352537,0.904707948829238,0.904708598414706,0.904708935635052,0.904709589579556,0.904709850186413,0.90471070060863,0.904711122314335,0.904711436997864,0.90471215844761,0.904712471548501,0.904712717849076,0.904712947864678,0.904713547937858,0.90471401700846,0.904714411874439,0.904714970032441,0.904715408103971,0.904715932286033,0.904716456664569,0.904717051442436,0.904717655131636,0.904718618303395,0.904719076610213,0.904719559824641,0.904719950775186,0.904720646671169,0.904720874460738,0.904721633357255,0.904721886118987,0.904722593868182,0.904723502384527,0.904724271873013,0.904724826532791,0.904725458221153,0.904725955753842,0.904726579355553,0.904727335370245,0.904728104575906,0.904728362364901,0.904728795304567,0.904728804463644,0.90472957496696,0.904729966925056,0.904730680764106,0.904730797970557,0.904731280839695,0.904731431311004
0.38297423404498,0.417162652642232,0.42612314745295,0.429066698804121,0.458939772988607,0.458941334499365,0.463300686467783,0.487566100502079,0.489500611235724,0.48954139813113,0.502512270015826,0.502512270015826,0.512218153490229,0.533094941971071,0.623241958813266,0.65935238101433,0.659383646311231,0.659613388865472,0.659899216447329,0.659962320132045,0.665172825488772,0.665172825488772,0.665172825488772,0.665172825488772,0.677288990749412,0.68027513457071,0.685335187768683,0.685343689345436,0.692910788307763,0.693027677467926,0.693027677467926,0.693075824041466,0.700882037767875,0.717286929493362,0.717286929493362,0.717286929493362,0.721390642116505,0.721390642116505,0.744365778136736,0.744365778136736,0.744511031239733,0.744551785827865,0.744833612894584,0.744873866278587,0.768321946776126,0.768321946776126,0.770330928270412,0.771288804272807,0.799042073455087,0.80072705014775,0.801755960185985,0.801755960185985,0.810227500655454,0.810740899211178,0.811463044466724,0.811464225655029,0.826917593170712,0.826920622769479,0.827883435503477,0.832076305892613,0.832798670648453,0.832922822179419,0.835867046814469,0.838891856042298,0.840693581840065,0.840701660533817,0.841246025027888,0.841566429200581,0.85740200321139,0.857543220659784,0.85852213818917,0.858532113551869,0.859923944799472,0.85999911304151,0.871282016029831,0.871790685622386,0.874329990419886,0.874700882185499,0.874992781119513,0.875071920541099,0.875748769195501,0.875997051820235,0.878511178970859,0.879150094113698,0.880260871688001,0.884266528008845,0.885113264779219,0.885236475008295,0.885751922199969,0.885966956274862,0.886705260778521,0.887005670190694,0.887810048217603,0.887887662486245,0.888273779814458,0.88836904729425,0.889647000294154,0.889861229047313,0.890180067353632,0.890457094311487,0.890568536101357,0.890841817556962,0.891153494323321,0.892464340039075,0.892704811179115,0.892888440549588,0.893168136790987,0.894085554510615,0.894302191640719,0.894388040049636,0.894507362248259,0.89463210293624,0.894974928443743,0.89531919710994,0.89541025578053,0.895560527292186,0.895774059414213,0.89579516760116,0.895959214382323,0.895984876689337,0.896669808709154,0.896682119403978,0.896904238491255,0.896934406434302,0.897157926698289,0.897167701457125,0.897376323339642,0.897396380233744,0.897537525572364,0.897565051097559,0.897647406518257,0.897707953040125,0.897829336831805,0.897896171753436,0.898020737496938,0.898029268234259,0.898166883163403,0.898189295275484,0.898300835550905,0.898339590085191,0.898444806708549,0.898464658315374,0.898614275290968,0.898640226318184,0.899010209895201,0.899033554533596,0.89907966381205,0.899099971413361,0.899147004380296,0.899170060827504,0.899231353762808,0.899279083921778,0.899363042284357,0.899396578488458,0.899449571586155,0.899472848895102,0.899506772092685,0.899561436223355,0.899643917744298,0.899674101689096,0.899727518406464,0.899743969940855,0.899795460779514,0.899816118094347,0.899873931648706,0.899887922570277,0.89991545335739,0.899933815117241,0.90037783958142,0.90039289859119,0.90044625148017,0.900468937882871,0.900506856889397,0.900543451619168,0.900579163078012,0.900597813729682,0.901159187030982,0.901168557228174,0.901198998666984,0.901212669535168,0.901232830605716,0.901260886153617,0.90128600998829,0.901311649285435,0.901347102971202,0.901368702942415,0.901393089211551,0.901408751677297,0.901428371958421,0.901437986955678,0.901446746721979,0.901458348229815,0.901478080434772,0.901492451358741,0.901499969416497,0.901507022592806,0.901520320854123,0.901528682588118,0.901545274810709,0.901553028277764,0.901569646735475,0.901579906597678,0.901592427598189,0.901602054782028,0.901610917974983,0.9016288845007,0.901643365373752,0.901652664643141,0.90190250127029,0.90190854384309,0.901919581854618,0.901926691198672,0.901939254085907,0.901948498386678,0.901963982516564,0.901972331758231,0.901983242920577,0.901990661253851,0.902002298021684,0.902010964605281,0.902017529268232,0.902024552244186,0.902033394458283,0.902040991932925,0.902049077512118,0.902055485714752,0.90206597780549,0.902072259663593,0.902079398055858,0.902085502701297,0.902090257629472,0.90209894835507,0.902103047086257,0.902107834457648,0.902115071583042,0.902123612135119,0.902132900175441,0.902140747348044,0.902924128800218,0.902931236870891,0.902934858181808,0.902942146902607,0.902946307737598,0.902953269572732,0.902958976068911,0.902965398556752,0.902970582251244,0.90297611889357,0.902981141509178,0.902985127423737,0.902991351333,0.902998285414346,0.903003208383764,0.903006813240354,0.903010669741013,0.903017693031159,0.903021435094045,0.903026403189481,0.903031595289924,0.903036774696596,0.90303985973674,0.903045404754935,0.903051834163349,0.903059692024808,0.903066565298373,0.903072634580617,0.903074804273181,0.903080604966894,0.903090030602497,0.903093336464428,0.903096230206867,0.903101459976384,0.903106750736318,0.903113930742809,0.903117935887454,0.903121875022681,0.903127098189004,0.903129521461774,0.903134806528152,0.903136455471555,0.903139473237539,0.903145782067216,0.903149986882886,0.903154972696371,0.903157684520491,0.903160482061591,0.903162418320127,0.903165468506152,0.903169394368802,0.903174335084223,0.903176950318735,0.903179917440224,0.903183088646424,0.903185198802931,0.903188110937675,0.903193523283358,0.903195716924911,0.903197403582437,0.903201155303561,0.903202468809327,0.90320554044848,0.903208005276952,0.903210199588439,0.903211558170048,0.903212379034878,0.903214043776673,0.903215912923435,0.903218787430761,0.903220197925058,0.903223268835293,0.903225753861237,0.903228797197663,0.903231974650746,0.90323349199466,0.903235979930434,0.90323906660586,0.903240911009533,0.90324358428198,0.903245378611837,0.903247818408703,0.903249015980855,0.903250846903803,0.903253303818696,0.903254910225719,0.90325618068315,0.903258033580357,0.90326006617092,0.903261113030393,0.903262022625831,0.903263484391641,0.903264996362748,0.903267175661922,0.9032688168652,0.903271119176941,0.903272533340838,0.903275331460259,0.903275967382379,0.90327806697397,0.903278613943717,0.903280249481758,0.903281443318159,0.903282675938515,0.903284428546118,0.903285615291796,0.903286757600091,0.903288086028213,0.903290286537851,0.90329308555138,0.903293860386936,0.903295883230249,0.90329822174347,0.903298839456166,0.903300079147891,0.903301714850686,0.903304145724252,0.903305618224998,0.903306568943367,0.903307405731666,0.903350284399734,0.903351109243373,0.90335270555582,0.903353627197722,0.903355718510452,0.903357447122615,0.90335828526311,0.903359275528838,0.903360880562796,0.903361941933129,0.903365630876747,0.903366255360998,0.903366849974788,0.903367372863065,0.903369344732508,0.90337111613921,0.903372296453745,0.903373132826085,0.90337446943572,0.903375084807076,0.903376613873876,0.903377257151969,0.903378287797795,0.903379631247047,0.903380340864838,0.903381430485245,0.903381687618179,0.903382460067727,0.903484002395387,0.903485700223962,0.903486823345503,0.903487236082173,0.903488522591071,0.903489339404615,0.90348953648933,0.903492182431015,0.903493231403715,0.903494150555675,0.903494614630109,0.903495400542352,0.903496026038417,0.903496326467766,0.903498386104185,0.903499627851995,0.903501117862568,0.903502350587554,0.903502903104223,0.903504255374429,0.903504569666973,0.903505665026301,0.903507347405347,0.903507837803465,0.903508301601946,0.903509364857365,0.90351054490983,0.903511669033712,0.903512252461218,0.903513647838552,0.903514792914036,0.903515842360235,0.90351736532084,0.903517801423374,0.903519242704051,0.903520176584498,0.903520950236592,0.903522061738072,0.903522762203459,0.903523856539214,0.903524700882102,0.903525061158548,0.903526052754388,0.903526671202189,0.903527507157323,0.90352863707224,0.903529035941031,0.903529835245639,0.903530400235422,0.903531486360752,0.903532478774904,0.903533216054454,0.903534688328736,0.903535623783209,0.903536471733142,0.903536884096224,0.903537430077497,0.903538302359654,0.903539135435127,0.903539420640657,0.903540271764089,0.903541313000748,0.903541924480967,0.903542321854399,0.90354275950565,0.903543176999364,0.903544883176485,0.903545930155877,0.903546272546129,0.903547064913889,0.903548045306768,0.903548475242064,0.903549248618116,0.9035502708073,0.903550741233074,0.903551053482347,0.903551564448191,0.903552423659142,0.903552992643299,0.903553746935445,0.903554416149297,0.903555411724622,0.903555866965899,0.903556711617698,0.903558055022281,0.903558920028284,0.903560015708722,0.903560867201717,0.903561183623271,0.903561546758266,0.903561950790925,0.903562810750849,0.903563502234506,0.903564815278595,0.903565685056876,0.903566205105719,0.903567249143897,0.903568106933285,0.903569063763075,0.903569856955375,0.903597718198954,0.903598535221907,0.903599147986799,0.903599881531105,0.903600258248441,0.903600398557076,0.903601496265572,0.903601873161921,0.903602188972267,0.903602558879867,0.903602952658145,0.903603714709708,0.903604422146651,0.903604960379713
0.405097730574074,0.406299619272103,0.412600366225629,0.429913958420645,0.431840397106104,0.431840397106104,0.463757250371309,0.464482072944255,0.472266061102721,0.47460042107541,0.475261549847488,0.47541146497909,0.518098053424867,0.518146430327653,0.522453344917788,0.528630812088441,0.569251163834214,0.569453556793508,0.574383014255437,0.581365130282345,0.587293027324845,0.588006603441029,0.645813436895965,0.645813436895965,0.645813436895965,0.645813436895965,0.645952610636281,0.645952610636281,0.661851945214057,0.661851945214057,0.676814304259105,0.720976196193905,0.720976196193904,0.722204562263343,0.726533019575664,0.726533019575664,0.74063985447552,0.74063985447552,0.747635320991362,0.749002529582567,0.754020584178868,0.754355578304206,0.76464450662473,0.764805568858762,0.766743152210508,0.775249460942017,0.790312900240439,0.790312900240439,0.821265738711299,0.844003200064826,0.844742252850103,0.847450019243364,0.849262571623767,0.849451021959213,0.850425107183142,0.850500436549396,0.854110238328919,0.854544202143184,0.866830852716026,0.867167052247297,0.869152466171449,0.869251517041389,0.872651769894083,0.873177399881836,0.873440623136012,0.875181619753261,0.876119700020339,0.877262872999171,0.877746249631683,0.877866711229643,0.878422358643018,0.878926851924541,0.87951680715719,0.879945488708711,0.88124689758927,0.881554760841299,0.881712686683812,0.882755377828041,0.883167207731408,0.883243619641257,0.883650333296722,0.883675730986333,0.88415003118259,0.884335777375981,0.884614416851994,0.884835586394323,0.886275438142916,0.886463316878935,0.886494416044645,0.886613804638917,0.887462562366305,0.887619837619263,0.887856845591759,0.888124172873148,0.888323988403952,0.8885410218293,0.888659827944148,0.888686334757727,0.888806272668468,0.888921377692528,0.889122398821621,0.889211861272526,0.889297521017977,0.89270527963265,0.893047288723848,0.893238463780619,0.895295897756045,0.895445625417779,0.895663245503817,0.895934083952272,0.896052243417003,0.896216478210818,0.896348144592564,0.896632426107431,0.896857057926022,0.897614862045609,0.897815071221947,0.897838883273196,0.898089923075601,0.898096579819592,0.898451344749242,0.898462539580495,0.898643478539111,0.898884329411395,0.900173893572773,0.900292728190801,0.900519743282056,0.900540471235404,0.90064240772172,0.900667612497574,0.902210041438999,0.902221771643681,0.902265915240137,0.90230209688378,0.902462409927691,0.902489766784763,0.902721911346685,0.902755908592064,0.90291393575654,0.902947539503767,0.903059170710818,0.903061818351521,0.903160185991273,0.903170247179093,0.903233111328451,0.903245829322884,0.903358699191686,0.903381149036043,0.903428374743237,0.903452016445149,0.903570399790516,0.903610133071359,0.903702777752836,0.903745117095769,0.904168864042283,0.904220065303911,0.904623134777405,0.904674620537727,0.90477333733832,0.904784755229384,0.904850188823538,0.904858706035763,0.904956755296206,0.904963960332146,0.90498547806523,0.905039922180299,0.905121494856298,0.905150045349983,0.905239927571225,0.905287407460842,0.905348174535911,0.905387298771365,0.905516536128507,0.905536769474424,0.905636160058615,0.90566302876252,0.906216592428001,0.906240836386632,0.906480491534131,0.906505504115851,0.906543485819526,0.90658439532218,0.90662680249567,0.906688951011881,0.906746311327603,0.906789605388109,0.906842726849847,0.906877621642188,0.906918780160096,0.906995108388745,0.907035598193629,0.907051596151228,0.907139506126704,0.907164862644881,0.907220312766805,0.907271813149185,0.907335502950479,0.907364282104826,0.907401046239313,0.907424663690663,0.907439661681185,0.907461660537383,0.907489505175302,0.907513139353917,0.907544841935028,0.907576380374755,0.907600465848358,0.907621353797298,0.907657337829831,0.907697394525989,0.90772946907842,0.90774035921536,0.907769361405344,0.907789345373215,0.907835548720767,0.907860651490781,0.907880922855292,0.907896267410083,0.907926961638065,0.907941856257051,0.908352237848924,0.908372154665746,0.908385511320537,0.908400167776839,0.908408910109234,0.908425593544261,0.908436632924909,0.908458371660384,0.908488307377974,0.908496378462277,0.908504813657393,0.908523929282781,0.908537784929607,0.908547292978273,0.908554676660177,0.908565663418745,0.90858428664455,0.908598698609688,0.908660078435553,0.908667694621647,0.908679407223028,0.908699881894246,0.908707893404369,0.908720356199174,0.908727021163146,0.908755558950438,0.908766661698317,0.908783142288743,0.908841367622845,0.90884963396163,0.908875601154634,0.909322903011357,0.909330336598712,0.909362889775229,0.90937421636449,0.909382230558688,0.90939441664173,0.909397926860359,0.909411775274259,0.909418307783248,0.909430800138733,0.909439367083562,0.909454675875615,0.909459279222621,0.909464051011221,0.909466355766284,0.910778720576502,0.910783818180056,0.910787384386064,0.910793283649556,0.910801208295907,0.910804523606851,0.910810373938243,0.910816087615786,0.91083063108641,0.910838831899953,0.910841564876425,0.910847246106738,0.91085606554803,0.910865142950088,0.91087287116872,0.910882029218814,0.910903965848331,0.910907138803647,0.910909134925526,0.910921074104132,0.910935760799474,0.910942985539255,0.910950284435796,0.910956629088072,0.910960062342113,0.910970634551446,0.910975760898026,0.910979978336966,0.910988010185638,0.910992398409414,0.910993250718042,0.910997053595734,0.910999774529482,0.91100245977799,0.911011116589592,0.911012778445374,0.911014061200716,0.911016438435428,0.911020378938819,0.911023485974188,0.91102702470827,0.911032380687844,0.911044323584628,0.911056115047181,0.911062759768662,0.911067828949364,0.91107223163898,0.911083032433259,0.911087249613087,0.91109016508128,0.911096390396725,0.91110499021871,0.911107877366222,0.91111123808034,0.911114208708951,0.911122024732983,0.911127248982227,0.911129113533782,0.911132965459098,0.911135175548764,0.911139610009665,0.911144297046777,0.911152067968516,0.911152895709526,0.911157980477313,0.911159232833812,0.911178265045404,0.911180699820364,0.911183475622037,0.911205633622944,0.911215798939905,0.911219607226615,0.911226073052604,0.911227081484167,0.911230715098961,0.911236058414665,0.9112380670227,0.911241186113688,0.911246416455967,0.911249487043702,0.911254008030577,0.911257111709789,0.911259780772587,0.911262933310931,0.911268620119307,0.911277113335955,0.911277716997805,0.9112823822155,0.911286688409621,0.911296312677639,0.911302940931867,0.91130437444382,0.911308024083468,0.911311841515301,0.911316273150504,0.911319765367178,0.911321801917383,0.91132401040537,0.911327014893782,0.911329876328894,0.91133582783402,0.911340554183708,0.911341781080408,0.911344065128596,0.911349351435177,0.911350632726222,0.911351668241199,0.911354824096822,0.911360527227124,0.911362869368717,0.911364909107902,0.911367254454568,0.9113682067445,0.911370531185743,0.911371012082945,0.911372522799338,0.911374315113434,0.911375525996577,0.91137960586278,0.911385732881438,0.911397992857727,0.911400273838612,0.911404370525306,0.911405786013809,0.911407512132199,0.911410522466061,0.911414724829369,0.91141749707195,0.911424125721719,0.911427443558663,0.911430294122624,0.911435414169085,0.911438265648535,0.91144147484113,0.911444585467283,0.911447518454646,0.911448739221939,0.911454301579302,0.911456278875474,0.911458439023104,0.911459487541977,0.911461192881372,0.911464903490897,0.911467342132287,0.91146965146652,0.911473696243115,0.911476746149431,0.911482684048232,0.911485786254865,0.911492119579612,0.911493808122205,0.911494796232986,0.911496254502748,0.911498849262874,0.911500301621435,0.911501696573607,0.911504132266667,0.911505646524457,0.911508034628653,0.911522718785798,0.911575219145473,0.911577269267813,0.911619122066696,0.911622341929855,0.911624380660452,0.911625128755732,0.911629134778038,0.911630993756356,0.911681775947316,0.911683765371241,0.911686368774508,0.911693491502418,0.911694243606718,0.911696010626069,0.911699968487566,0.911702287106593,0.911703866836702,0.911706735079733,0.911708083589223,0.911711150303101,0.911714330565756,0.911715884780118,0.911716806582754,0.911718251568401,0.911720903018985,0.911722512100085,0.911732385526929,0.911733394445898,0.911737259918197,0.911739037288907,0.911749050182687,0.911750975236846,0.911771767742986,0.911774484857955,0.911785930052261,0.911787274256115,0.911789911614089,0.911791940394873,0.911793837360823,0.911796181665354,0.911798888557149,0.911803720115925,0.911805558731519,0.911806889418061,0.911823245790769,0.911825114843133,0.91193651614992,0.911939142487555,0.911941159926472,0.911943615780235,0.911950256095484,0.911952107655139,0.911960257395671,0.911961840244902,0.911962565321583,0.911968648122766,0.911970381250944,0.911972616797297,0.911973711428041,0.911977272120886,0.91197856346136,0.911980531043455,0.911984372748852,0.911986108048773,0.911994275378517,0.911995037324585,0.91200312281379,0.912003693425409,0.912004507599369,0.912005310220555,0.912005536312087,0.912008360927512,0.912008942209593,0.912010819363471
0.379766251689696,0.406450106365428,0.409430542072759,0.434421211901593,0.467043016840207,0.467043016840207,0.487915331063267,0.488968522798584,0.499304165817909,0.509919912569421,0.515386079473985,0.551676958752681,0.554196543277787,0.554196543277787,0.560219588633813,0.560219588633813,0.562195983007292,0.568215689109196,0.568215689109196,0.568215689109196,0.602315942985762,0.604925090775418,0.608454696738932,0.611248789295919,0.63867654810282,0.640917730176452,0.666412833046635,0.6666584178371,0.670307338204162,0.670307338204163,0.670307338204163,0.670307338204162,0.696185125974107,0.70833023856214,0.709915330702959,0.709915330702959,0.736078932789743,0.736078932789743,0.737335648872138,0.737335648872138,0.742930405547237,0.742930405547237,0.743289860331545,0.743289860331546,0.743289860331545,0.743289860331545,0.754367110019502,0.754367110019502,0.758543002359003,0.758935261158124,0.75901713144459,0.75901713144459,0.75901713144459,0.75901713144459,0.759360623817079,0.759360623817079,0.760876211415059,0.760876211415059,0.760876211415059,0.760876211415059,0.760876211415059,0.760876211415059,0.760951599681586,0.760951599681586,0.76103514712537,0.76103514712537,0.761417740142945,0.761417740142946,0.761417740142945,0.78216442952882,0.796225398419978,0.796225398419978,0.796225398419978,0.796225398419978,0.811421194410998,0.811421194410998,0.815864746054672,0.815877456856567,0.815886761616347,0.815886761616347,0.815929574788987,0.815929574788987,0.81993532982913,0.819938780887206,0.823285373722526,0.823285373722527,0.823749853269383,0.826632604921026,0.827377212088006,0.827389804204468,0.831061132873069,0.831063821894385,0.83151495516894,0.831522632137968,0.831563486805601,0.831564268665063,0.842875592845075,0.843912768659518,0.843920412091961,0.844231844092446,0.846366471405404,0.846549914856361,0.846570706617877,0.846575295911391,0.846598674045555,0.846614958034913,0.846641821128228,0.846648716433473,0.846680334269019,0.846697494237454,0.846722792642805,0.846728465490106,0.847269676974583,0.847277163419765,0.851398299873167,0.851432879622007,0.87002714868413,0.870040740365312,0.870076475177761,0.870076993385195,0.87009469658098,0.870119565819332,0.87021957410099,0.870223910205336,0.870673298039254,0.870684600907017,0.870811399742712,0.870817313459522,0.870829301983628,0.870842432477039,0.870972561293488,0.870975201074672,0.870990553163679,0.871004739275708,0.871052701484229,0.871058254031329,0.87107745886899,0.871099347848398,0.871301979814875,0.871306173923235,0.871316824126674,0.871322158972139,0.871337333729585,0.871361047357674,0.8713861276094,0.871389282538032,0.871397451478628,0.871415987970676,0.871493503157072,0.871498099747769,0.87150142306287,0.871505504780175,0.8715153068192,0.871520929018426,0.871598775489064,0.871601753217627,0.871618734628236,0.871647500544613,0.871653713144417,0.871660750167963,0.871679948496864,0.871681961105621,0.871694689094545,0.871695026320678,0.872844148949896,0.872844779047988,0.872851717826533,0.872854362080168,0.872861737096817,0.872863889285332,0.872878328588858,0.872879654148601,0.872891392024894,0.872891761631608,0.872895783727749,0.872899456614092,0.872917583772143,0.872918784397638,0.872931125905883,0.872931636333479,0.872942058207188,0.872942419268378,0.872951575071479,0.87295240024694,0.872962322373322,0.872964334305001,0.872970244816843,0.872971243896643,0.872978267782078,0.872979185216834,0.872984805925056,0.872985312964771,0.872993595300303,0.872994324223188,0.873000090077356,0.873001117445939,0.873010805853894,0.87301156600915,0.873039508858603,0.873040383106732,0.873043566487972,0.873044764749121,0.873047263732885,0.873048099385627,0.87312911652411,0.873132081815179,0.873135858748804,0.8731367006063,0.873140315863335,0.873141436243981,0.873165187124211,0.873165998516853,0.873168815381955,0.873169751278622,0.873171953202303,0.873172692979456,0.873174400059283,0.873176541090072,0.873178833661868,0.873179394488184,0.873191628754249,0.873192510001488,0.873193514522351,0.873194636981762,0.87319595056281,0.873196662547891,0.873197468650234,0.873198306656048,0.873199585355218,0.873200002572365,0.873200873415464,0.873201834346058,0.873203215508936,0.873204269977823,0.873204988640053,0.873205657961057,0.873206707947063,0.873207909787134,0.873512488676805,0.8735130581757,0.873513774345968,0.873514277083576,0.873515045094083,0.87351580447331,0.873516205577692,0.873516674088009,0.87351709990374,0.87351758157113,0.873517941015129,0.873518437435876,0.873518912495428,0.873519255405136,0.873587531875053,0.87358823420159,0.87359054226691,0.873590842237623,0.873591042947214,0.87359150769076,0.873592070806511,0.873592503495346,0.873593020416537,0.873593292220542,0.87359354587203,0.87359375916943,0.873594151054395,0.873594329708418,0.87359477015062,0.873595224069155,0.873595736839009,0.873595982598781,0.873596381020575,0.873596625331159,0.873597374709967,0.873597586697935,0.873597867333321,0.873598054506754,0.873868726592744,0.873869150334775,0.873869465229915,0.87386973948047,0.873869997999154,0.873870239149451,0.873870516205452,0.873870758946369,0.873871012807046,0.873871206110386,0.873871507627908,0.873871697033602,0.873872006066145,0.873872223072387,0.873886741532058,0.873886963854337,0.873953919580889,0.873954104814205,0.87428656806473,0.874286724120226,0.874286915049166,0.874287120343318,0.874287317266359,0.874287467991455,0.874287664409308,0.874287954266556,0.874288166784896,0.874288335061609,0.874288482207573,0.874288607958968,0.8742887164041,0.874288900237411,0.87428903892282,0.874289133762696,0.874289250729885,0.874289471464997,0.874311307394279,0.874311456409465,0.874311682398787,0.874311814739201,0.874311922075709,0.874312064340759,0.874312205412791,0.874312348590549,0.874312474932562,0.874312572877439,0.874312706297084,0.874312782309875,0.874312918919265,0.874313079277987,0.874313142477324,0.874313281023302,0.874320532315779,0.874320577654729,0.874320673762863,0.874320775682632,0.874328579856287,0.874328659089259,0.874659292465183,0.874659387080794,0.874659485861277,0.874659574523939,0.87915391266746,0.879154017279817,0.879154061730146,0.879154142886321,0.879154235763482,0.879154308090186,0.879154388987142,0.879154459502503,0.879154553369744,0.879154742172555,0.879154849337897,0.879154924561245,0.879322157784441,0.879322260211327,0.879322344026967,0.879322413755652,0.879322502344846,0.879322558699215,0.879322636635522,0.879322700033229,0.879322774779758,0.879322823568884,0.879322917264697,0.879322970319038,0.879495785232597,0.879495880215191,0.879495909804898,0.879495994409003,0.879496057990772,0.879496147930458,0.879496240360715,0.879496348383063,0.879496453345141,0.879496516662559,0.87949656812036,0.879496655404388,0.879496752312116,0.879496813050511,0.879507832628361,0.879507893146296,0.879507940517605,0.879508028151113,0.879508100522978,0.879508187847188,0.879508248687452,0.879508304549139,0.879563694070401,0.879563755476326,0.879563778026202,0.879563809030351,0.879564229361766,0.879564268504052,0.879672017912101,0.879672071605078,0.879672085594288,0.879672149189385,0.879695828651601,0.87969590918969,0.879695962546147,0.879696016776824,0.879696067346596,0.879696139244846,0.87969618696579,0.879696227839905,0.879709824144306,0.8797098704016,0.880006753763312,0.880006802409027,0.880006808035896,0.880006847910742,0.880010002358325,0.880010048661443,0.880010068766277,0.880010111208428,0.880016751094641,0.880016781869054,0.880041155617151,0.880041212849406,0.880058677392554,0.880058715057704,0.880139991033798,0.880140017826227,0.880140060377739,0.880140108613475,0.880149186874069,0.880149233455875,0.880236897980705,0.880236923033264,0.880248627923394,0.88024865736223,0.880248692688056,0.880248723642836,0.880248734509085,0.880248760148177,0.880248816290474,0.880248853357716,0.880320343540469,0.880320372183902,0.880338549610351,0.880338578854518,0.880363517180368,0.880363544382742,0.8803847780336,0.880384796335045,0.880386570895948,0.880386591234965,0.880386604005166,0.880386610483238,0.880670489984869,0.880670512193466,0.88068932555193,0.88068935763811,0.880689378485257,0.880689388644574,0.880689405756632,0.88068944483296,0.880797527675466,0.880797539847509,0.880798900308524,0.880798927048943,0.880800432915674,0.880800460768908,0.880839172635228,0.880839189526256,0.880865063374749,0.880865091194037,0.880865380189589,0.880865404681954,0.880877863653544,0.880877874351709,0.881023382909603,0.881023397130116,0.881027175150211,0.881027191271482,0.881027269852484,0.881027294933924,0.881091436100062,0.881091449516582,0.881115897311108,0.881115906305817,0.881115907829158,0.881115915651248,0.88111592399707,0.881115964186767,0.88115011868483,0.881150126237998,0.881158605066122,0.881158629237989,0.881179346322329,0.881179354155725,0.881241141308139,0.881241179208223,0.881253692726816,0.881253701545354,0.881256225649691,0.881256241028603,0.881349488566676,0.881349504642983,0.881349505984073,0.881349512028972,0.881360862876479,0.881360922417812
0.372858990564649,0.428153761939111,0.445289639051333,0.445289639051333,0.445339458767101,0.454269448193404,0.472698447718176,0.472698447718176,0.472698447718176,0.494759572838298,0.517966732707952,0.518738071731101,0.518759932939213,0.518759932939213,0.559947428800897,0.582856156365837,0.588836351011314,0.593124088314075,0.61160988280801,0.61160988280801,0.63682532901058,0.63682532901058,0.63682532901058,0.63682532901058,0.639803919061298,0.639803919061298,0.65966247674709,0.65966247674709,0.714754227134839,0.714754227134839,0.7171821823871,0.717395592208081,0.734156119601465,0.734156119601465,0.753004790588237,0.760700056217066,0.787596828252663,0.787715779781458,0.787957590053614,0.787968664459349,0.793834434354308,0.794339486989,0.815520724529969,0.815520724529969,0.816812571511302,0.817189583071466,0.827192046050827,0.827449844472003,0.828297403471206,0.828652952354611,0.830133798889152,0.831531029846812,0.8365896683214,0.836646766682864,0.837462433940301,0.837657045591748,0.852236719183876,0.853592410735376,0.855673433288188,0.859846874783901,0.86068581289674,0.860825951485243,0.863540215733296,0.865858758201921,0.867023246476386,0.86707811225605,0.870132379261127,0.870309526607795,0.873399509022418,0.873792314725546,0.880464707031924,0.881010382683406,0.881869918918092,0.882202001059739,0.883086768516644,0.883484751270924,0.884041897526772,0.884070152106544,0.884845413945117,0.884929405031761,0.886735587547394,0.886888465974447,0.887769133976522,0.888010530802113,0.888889418702879,0.889069290492767,0.889400606930699,0.889694403453226,0.893059993501243,0.893221681782836,0.894995902800786,0.895321292928126,0.895487707456907,0.895622450868699,0.896229467505857,0.896365152366724,0.896676200543568,0.896753189220674,0.897152624546286,0.897291725149101,0.897560204518309,0.897691454738008,0.897846356872706,0.897949541253128,0.898333317772861,0.898430687975453,0.898624898246058,0.89868080537061,0.898896669830711,0.898940073506116,0.899201643180217,0.899227882904682,0.899430700740355,0.899469055587681,0.899605323668956,0.899666787423927,0.899926859738336,0.899955610320728,0.900069439071637,0.900118150334237,0.900259394801844,0.900321138799265,0.900495565926891,0.900545232435564,0.900725708599194,0.900747227187502,0.900879761665541,0.900897392070766,0.901027182898168,0.901063279218339,0.901176458136067,0.901219843944664,0.901339537098129,0.901370843942044,0.901424190860972,0.90145228295601,0.901549311223467,0.901597984904325,0.901707601266206,0.901745151561064,0.901842637588044,0.901872724745003,0.901974182632411,0.902002154541107,0.90203410913939,0.90207736960605,0.902313453046322,0.902344156494086,0.902392406299571,0.902412345469765,0.902454263425903,0.902486952131814,0.902538810956864,0.902575560173158,0.902636343103854,0.902655816713658,0.902710273049056,0.902741909662807,0.902772409966305,0.902803129146226,0.90283849614052,0.902859246147082,0.902878265520636,0.902908455639441,0.90295489522568,0.902987243199168,0.903009663138237,0.903023851672271,0.903054643259427,0.903069140788937,0.90308278559163,0.903095609021506,0.903118226348325,0.903134194046401,0.903156172548261,0.903167607152586,0.903182319484982,0.903195062885721,0.903210820312729,0.903228174746561,0.903238980378349,0.903248123820806,0.903263175533804,0.903270392786233,0.903281730047695,0.903296716904144,0.903307743051261,0.90332102966407,0.903333944932809,0.903345892509319,0.903351946567534,0.90336520344967,0.903372807137196,0.903384446959401,0.903391752401308,0.903401389684672,0.903412088728117,0.903425529946519,0.90343532026485,0.903449541789311,0.903456698943786,0.903464721228152,0.903471346677198,0.903482158335467,0.903494310252271,0.903500371833959,0.903510079868953,0.90351313285883,0.903523406111326,0.903528464374126,0.903535522005673,0.903546552934622,0.903551284284875,0.903556432136049,0.903562118083476,0.903567513627907,0.903572976979681,0.903580760907555,0.903586346537379,0.903593185320818,0.903602082748512,0.90360735592171,0.903682338786931,0.903689459737524,0.903694923969395,0.903698576797842,0.903704359248803,0.903713711078287,0.903718267174286,0.90372167505071,0.903726480962218,0.903730869775139,0.90373569089578,0.903742114666503,0.903745071653268,0.903748773943324,0.903757114228378,0.903761359525561,0.903764171476794,0.903771229830104,0.903775424623351,0.903781743329509,0.903785830696665,0.903791186091833,0.903794906488916,0.903798913029439,0.903804463343497,0.903806728962959,0.903810299120966,0.903814920540227,0.903819558442614,0.903823483510407,0.903827601274114,0.903833054546255,0.903836197872048,0.903838853110899,0.903842225111836,0.903846080744045,0.903847331981409,0.90385135818206,0.904403389698041,0.904408923389092,0.904413389752461,0.904417183292067,0.904419597145042,0.904425000627774,0.904426898259761,0.904430720955691,0.90443615029419,0.904439841863512,0.904554937700132,0.904557199290296,0.904560268552487,0.904562942930894,0.90456478286281,0.904567722907583,0.904568953599099,0.90457311870455,0.904576684495685,0.904579700009104,0.904582084502712,0.904584186008293,0.904587443650396,0.905007472968831,0.90501015660514,0.905011563426309,0.90501351832805,0.905016550632337,0.905019368206528,0.905021962777632,0.905024228479225,0.90502904778225,0.905037443940876,0.905039160877195,0.905042376126136,0.905043712236305,0.905046934503201,0.905048091877202,0.905050048475243,0.905052331485956,0.905056572449484,0.905057896483397,0.905060492484671,0.905062850096442,0.905064240992567,0.905067505964878,0.905223814279303,0.905225923937401,0.905228240616545,0.905229777521446,0.905232316666952,0.905235518715593,0.905237100906935,0.905239555222431,0.905241067295175,0.905242200234919,0.90524506144827,0.90524595032519,0.905247612085041,0.905249115858799,0.905250140924664,0.905251514909488,0.905252743487767,0.905254156683392,0.905256878401781,0.905258883614733,0.905260527758015,0.905261689938905,0.905262471935286,0.905263232772446,0.905263455726284,0.905264290883301,0.905265479126357,0.905266244815188,0.905309040089504,0.905315365426982,0.905316838032101,0.905317820353451,0.905494662883929,0.905496048455212,0.905497333888837,0.905498151705014,0.905499209500199,0.905501178392885,0.905501986388673,0.905507769468225,0.905517936218026,0.905518558841094,0.905519821706165,0.905521057095114,0.905522001841775,0.906413187846379,0.906430068699527,0.906431618518834,0.906432338223052,0.90643288278436,0.906434484520007,0.906436082027283,0.906437883876769,0.90643915704204,0.906457555523502,0.90647498935006,0.906476395041287,0.906477803572137,0.907043046736461,0.90704351232355,0.90704498837627,0.907047558482871,0.907048065905766,0.907049176236219,0.907054148238271,0.907055865964144,0.907059533840242,0.907061371711794,0.90706193274168,0.907063127000904,0.907070024302582,0.907071492532566,0.907074251824975,0.907074687579804,0.90719699518718,0.907197620971617,0.907198542567513,0.907199102902927,0.907200792801887,0.907201971573718,0.907202404743442,0.907203462974058,0.907214175402471,0.907214698622242,0.907215857042185,0.907216704016199,0.907217075380844,0.907218070865051,0.907456820289705,0.90745778365924,0.907458523730012,0.907459341362553,0.907460081783242,0.907461047511527,0.907461360378555,0.907462071521344,0.907464949817337,0.907465682044435,0.90746804814115,0.907468497420988,0.907473343860837,0.907474432262456,0.90747518672662,0.90747555014307,0.907476757833946,0.90747715730449,0.907485139144952,0.907487542765943,0.907487973818343,0.907490761120434,0.907492408275932,0.907496801932045,0.907523320284149,0.90752385982158,0.907525072138147,0.907525491510864,0.907526096395381,0.907526737577641,0.907528266470484,0.90752948943396,0.907530938882697,0.907533766631965,0.907535001993913,0.90754026652118,0.907557952036423,0.90756293568957,0.907563095046878,0.907563693460032,0.907563877586055,0.907564484508408,0.907564764895237,0.907566859828777,0.907567638499654,0.907567904628235,0.907568149309554,0.907570450370258,0.907570518624753,0.907571305126295,0.907571411289992,0.907574892882868,0.907575481641273,0.907575848627067,0.90757622616917,0.907577260561975,0.907577511236403,0.907578095707308,0.907579713965635,0.907583401537529,0.907586199498986,0.907586724391188,0.907590036045803,0.907590325199736,0.90759164845726,0.907591781525433,0.907608720494706,0.907611210237777,0.907612223775181,0.907613673156183,0.907613867396045,0.907615508544633,0.90761577387453,0.907615940196126,0.907653827615508,0.907654190356007,0.907654642550714,0.907655861560667,0.907656402486271,0.907657996485274,0.907658374939045,0.907659047393663,0.907659289794662,0.907659678867335,0.907662326448482,0.907662967516739,0.907668529271765,0.907669459580299,0.907669861102774,0.907670262260874,0.907670899742263,0.907671098638186,0.907671446772294,0.9076715110644,0.907675035275278,0.907675069555329,0.907675428286977,0.907675479496074,0.907676230671619,0.907676445188282,0.907677013075405,0.907682988009891,0.907686752619062,0.90768703502697,0.907690907060756,0.90772755537919
