0.010447224003845217,0.010447224003845217,0.010447224003845217,0.01837369710983043,0.01837369710983043,0.01837369710983043,0.04896683987764861,0.04896683987764861,0.04896683987764861,0.08978565910978517,0.08978565910978517,0.08978565910978517,0.10487435560758931,0.10487435560758931,0.10487435560758931,0.1317114913460113,0.1317114913460113,0.1317114913460113,0.18757779356232163,0.18757779356232163,0.18757779356232163,0.22046049208315902,0.22046049208315902,0.22046049208315902,0.23540190757073173,0.23540190757073173,0.23540190757073173,0.27834583436140936,0.27834583436140936,0.27834583436140936,0.28253673544666036,0.28253673544666036,0.28253673544666036,0.3023747330792317,0.3023747330792317,0.3023747330792317,0.32913158922636354,0.32913158922636354,0.32913158922636354,0.3616167712869677,0.3616167712869677,0.3616167712869677,0.37185170314832144,0.37185170314832144,0.37185170314832144,0.38821137818265045,0.38821137818265045,0.38821137818265045,0.41221053009946546,0.41221053009946546,0.41221053009946546,0.43554377351139545,0.43554377351139545,0.43554377351139545,0.4407014709047523,0.4407014709047523,0.4407014709047523,0.4438281774862468,0.4438281774862468,0.4438281774862468,0.44979130438843057,0.44979130438843057,0.44979130438843057,0.46210178788872863,0.46210178788872863,0.46210178788872863,0.46675697013638195,0.46675697013638195,0.46675697013638195,0.4781997487563753,0.4781997487563753,0.4781997487563753,0.48553171464266287,0.48553171464266287,0.48553171464266287,0.4922177375528176,0.4922177375528176,0.4922177375528176,0.4947164410629543,0.4947164410629543,0.4947164410629543,0.5017078820621315,0.5017078820621315,0.5017078820621315,0.5090888196160178,0.5090888196160178,0.5090888196160178,0.516910977076464,0.516910977076464,0.516910977076464,0.5187054376075493,0.5187054376075493,0.5187054376075493,0.523119797004844,0.523119797004844,0.523119797004844,0.5272880308401278,0.5272880308401278,0.5272880308401278,0.5331366201194596,0.5331366201194596,0.5331366201194596,0.5380682748556734,0.5380682748556734,0.5380682748556734,0.5416113599874718,0.5416113599874718,0.5416113599874718,0.546273658885612,0.546273658885612,0.546273658885612,0.5483385485721878,0.5483385485721878,0.5483385485721878,0.5508188032043323,0.5508188032043323,0.5508188032043323,0.5552492389269357,0.5552492389269357,0.5552492389269357,0.5577172172373354,0.5577172172373354,0.5577172172373354,0.559971367453615,0.559971367453615,0.559971367453615,0.5627181804899641,0.5627181804899641,0.5627181804899641,0.5662193770064612,0.5662193770064612,0.5662193770064612,0.5682994845997688,0.5682994845997688,0.5682994845997688,0.5699824774798531,0.5699824774798531,0.5699824774798531,0.5750410098625153,0.5750410098625153,0.5750410098625153,0.5766951248889612,0.5766951248889612,0.5766951248889612,0.5779082420667366,0.5779082420667366,0.5779082420667366,0.579351640149728,0.579351640149728,0.579351640149728,0.5824463295892176,0.5824463295892176,0.5824463295892176,0.5838101767562841,0.5838101767562841,0.5838101767562841,0.5850813195245381,0.5850813195245381,0.5850813195245381,0.587069283099851,0.587069283099851,0.587069283099851,0.5884237381025552,0.5884237381025552,0.5884237381025552,0.5901806895407523,0.5901806895407523,0.5901806895407523,0.5914388651374363,0.5914388651374363,0.5914388651374363,0.595039678116362,0.595039678116362,0.595039678116362,0.5965325113937539,0.5965325113937539,0.5965325113937539,0.5977228961527074,0.5977228961527074,0.5977228961527074,0.5983660704829901,0.5983660704829901,0.5983660704829901,0.5994574849254984,0.5994574849254984,0.5994574849254984,0.6004322469349377,0.6004322469349377,0.6004322469349377,0.6022977283528076,0.6022977283528076,0.6022977283528076,0.6031885196473409,0.6031885196473409,0.6031885196473409,0.6039664671484619,0.6039664671484619,0.6039664671484619,0.6054212784511925,0.6054212784511925,0.6054212784511925,0.606456736818657,0.606456736818657,0.606456736818657,0.6073394326647131,0.6073394326647131,0.6073394326647131,0.6078617591253003,0.6078617591253003,0.6078617591253003,0.6093784940439329,0.6093784940439329,0.6093784940439329,0.6097830177140809,0.6097830177140809,0.6097830177140809,0.6107293988393081,0.6107293988393081,0.6107293988393081,0.6114634850272048,0.6114634850272048,0.6114634850272048,0.6122677039382971,0.6122677039382971,0.6122677039382971,0.613076094070781,0.613076094070781,0.613076094070781,0.6139415297547697,0.6139415297547697,0.6139415297547697,0.614352048543736,0.614352048543736,0.614352048543736,0.6150589463363706,0.6150589463363706,0.6150589463363706,0.6155648115045839,0.6155648115045839,0.6155648115045839,0.6161437836524252,0.6161437836524252,0.6161437836524252,0.616589631712913,0.616589631712913,0.616589631712913,0.6168381506107329,0.6168381506107329,0.6168381506107329,0.6181047222372117,0.6181047222372117,0.6181047222372117,0.6184337337513218,0.6184337337513218,0.6184337337513218,0.6188667449083932,0.6188667449083932,0.6188667449083932,0.6196026126553671,0.6196026126553671,0.6196026126553671,0.6198615196642867,0.6198615196642867,0.6198615196642867,0.6204534548953585,0.6204534548953585,0.6204534548953585,0.6208247514806107,0.6208247514806107,0.6208247514806107,0.6212265460197032,0.6212265460197032,0.6212265460197032,0.621688666421043,0.621688666421043,0.621688666421043,0.622380399033765,0.622380399033765,0.622380399033765,0.6229182196751483,0.6229182196751483,0.6229182196751483,0.6236532126207172,0.6236532126207172,0.6236532126207172,0.6241293678886659,0.6241293678886659,0.6241293678886659,0.6244976820872333,0.6244976820872333,0.6244976820872333,0.6253006141737281,0.6253006141737281,0.6253006141737281,0.6256625381085532,0.6256625381085532,0.6256625381085532,0.6258727105481291,0.6258727105481291,0.6258727105481291,0.6261130734458633,0.6261130734458633,0.6261130734458633,0.6264336999396752,0.6264336999396752,0.6264336999396752,0.6266359747637268,0.6266359747637268,0.6266359747637268,0.6269497803663895,0.6269497803663895,0.6269497803663895,0.6273473615418089,0.6273473615418089,0.6273473615418089,0.6277499809391821,0.6277499809391821,0.6277499809391821,0.6279858251222714,0.6279858251222714,0.6279858251222714,0.6282175046073516,0.6282175046073516,0.6282175046073516,0.6284199150849121,0.6284199150849121,0.6284199150849121,0.6287419999897552,0.6287419999897552,0.6287419999897552,0.62903075586079,0.62903075586079,0.62903075586079,0.6293317639877546,0.6293317639877546,0.6293317639877546,0.6295020117836905,0.6295020117836905,0.6295020117836905,0.6297346367684142,0.6297346367684142,0.6297346367684142,0.6302785039314024,0.6302785039314024,0.6302785039314024,0.6305116514446635,0.6305116514446635,0.6305116514446635,0.6307877681120958,0.6307877681120958,0.6307877681120958,0.631119630332215,0.631119630332215,0.631119630332215,0.6317580019857796,0.6317580019857796,0.6317580019857796,0.6318396472417587,0.6318396472417587,0.6318396472417587,0.6320548063546338,0.6320548063546338,0.6320548063546338,0.6322846287706027,0.6322846287706027,0.6322846287706027,0.6325495784943732,0.6325495784943732,0.6325495784943732,0.6326918268736378,0.6326918268736378,0.6326918268736378,0.6328091299383442,0.6328091299383442,0.6328091299383442,0.6330947999934257,0.6330947999934257,0.6330947999934257,0.6334110816318257,0.6334110816318257,0.6334110816318257,0.6337793073352762,0.6337793073352762,0.6337793073352762,0.6339983762973143,0.6339983762973143,0.6339983762973143,0.6342801584191731,0.6342801584191731,0.6342801584191731,0.6345427732399812,0.6345427732399812,0.6345427732399812,0.6347304028750619,0.6347304028750619,0.6347304028750619,0.6349965520321944,0.6349965520321944,0.6349965520321944,0.6351520803865595,0.6351520803865595,0.6351520803865595,0.635287896627077,0.635287896627077,0.635287896627077,0.6353551018011027,0.6353551018011027,0.6353551018011027,0.6354567508617263,0.6354567508617263,0.6354567508617263,0.6356262682626204,0.6356262682626204,0.6356262682626204,0.6357752094411103,0.6357752094411103,0.6357752094411103,0.6358879212636177,0.6358879212636177,0.6358879212636177,0.6359668398907347,0.6359668398907347,0.6359668398907347,0.6361681709165941,0.6361681709165941,0.6361681709165941,0.636251766891708,0.636251766891708,0.636251766891708,0.636500159987,0.636500159987,0.636500159987,0.6365927392734846,0.6365927392734846,0.6365927392734846,0.6367680479215269,0.6367680479215269,0.6367680479215269,0.6368754883977625,0.6368754883977625,0.6368754883977625,0.6371166320652241,0.6371166320652241,0.6371166320652241,0.6373171694684412,0.6373171694684412,0.6373171694684412,0.6374122701326668,0.6374122701326668,0.6374122701326668,0.6378576606129661,0.6378576606129661,0.6378576606129661,0.6379516283011188,0.6379516283011188,0.6379516283011188,0.6380211552701013,0.6380211552701013,0.6380211552701013,0.638177885239437,0.638177885239437,0.638177885239437,0.6382993816261052,0.6382993816261052,0.6382993816261052,0.6383975145653747,0.6383975145653747,0.6383975145653747,0.6384763357838367,0.6384763357838367,0.6384763357838367,0.6386321137177192,0.6386321137177192,0.6386321137177192,0.638821294809818,0.638821294809818,0.638821294809818,0.6389379192690926,0.6389379192690926,0.6389379192690926,0.63911917707098,0.63911917707098,0.63911917707098,0.639176592628245,0.639176592628245,0.639176592628245,0.6393054257853634,0.6393054257853634,0.6393054257853634,0.639454121011543,0.639454121011543,0.639454121011543,0.6395614586916545,0.6395614586916545,0.6395614586916545,0.6397932871797849,0.6397932871797849,0.6397932871797849,0.6398591364338408,0.6398591364338408,
0.017915372242614296,0.017915372242614296,0.017915372242614296,0.02655555342807766,0.02655555342807766,0.02655555342807766,0.05719706309979157,0.05719706309979157,0.05719706309979157,0.07523069889685427,0.07523069889685427,0.07523069889685427,0.12771732911907405,0.12771732911907405,0.12771732911907405,0.18160500084462927,0.18160500084462927,0.18160500084462927,0.22847985251464875,0.22847985251464875,0.22847985251464875,0.2507831368870997,0.2507831368870997,0.2507831368870997,0.2663281634255952,0.2663281634255952,0.2663281634255952,0.28360456159201564,0.28360456159201564,0.28360456159201564,0.3035313915745175,0.3035313915745175,0.3035313915745175,0.31608955783392645,0.31608955783392645,0.31608955783392645,0.3521839439107429,0.3521839439107429,0.3521839439107429,0.36862967749807063,0.36862967749807063,0.36862967749807063,0.38661855167710035,0.38661855167710035,0.38661855167710035,0.3991356123643982,0.3991356123643982,0.3991356123643982,0.41227092586661584,0.41227092586661584,0.41227092586661584,0.4215407220327139,0.4215407220327139,0.4215407220327139,0.4348610870432464,0.4348610870432464,0.4348610870432464,0.44373874427333676,0.44373874427333676,0.44373874427333676,0.45258943161152254,0.45258943161152254,0.45258943161152254,0.46290046947924607,0.46290046947924607,0.46290046947924607,0.47070012291419083,0.47070012291419083,0.47070012291419083,0.47717945416448976,0.47717945416448976,0.47717945416448976,0.48690783068110977,0.48690783068110977,0.48690783068110977,0.4923408790143848,0.4923408790143848,0.4923408790143848,0.49877405111516826,0.49877405111516826,0.49877405111516826,0.5032844782103432,0.5032844782103432,0.5032844782103432,0.5077694820008024,0.5077694820008024,0.5077694820008024,0.5147474991851289,0.5147474991851289,0.5147474991851289,0.5226465850175976,0.5226465850175976,0.5226465850175976,0.527080780770291,0.527080780770291,0.527080780770291,0.5307303222441395,0.5307303222441395,0.5307303222441395,0.532641408772443,0.532641408772443,0.532641408772443,0.5369939785980344,0.5369939785980344,0.5369939785980344,0.5406800031404496,0.5406800031404496,0.5406800031404496,0.5437717564515951,0.5437717564515951,0.5437717564515951,0.5471727438374515,0.5471727438374515,0.5471727438374515,0.5515115951989629,0.5515115951989629,0.5515115951989629,0.5547667410853004,0.5547667410853004,0.5547667410853004,0.5558435233493024,0.5558435233493024,0.5558435233493024,0.5579053527754788,0.5579053527754788,0.5579053527754788,0.560219911407335,0.560219911407335,0.560219911407335,0.5619247292845968,0.5619247292845968,0.5619247292845968,0.5640804569177552,0.5640804569177552,0.5640804569177552,0.565902130641576,0.565902130641576,0.565902130641576,0.5675965691240322,0.5675965691240322,0.5675965691240322,0.5692601479925107,0.5692601479925107,0.5692601479925107,0.571441848154813,0.571441848154813,0.571441848154813,0.5728489127569196,0.5728489127569196,0.5728489127569196,0.5740852689675747,0.5740852689675747,0.5740852689675747,0.5748299749135679,0.5748299749135679,0.5748299749135679,0.577170360397768,0.577170360397768,0.577170360397768,0.5787088604418239,0.5787088604418239,0.5787088604418239,0.581249366415056,0.581249366415056,0.581249366415056,0.5818201711644337,0.5818201711644337,0.5818201711644337,0.5836926194997256,0.5836926194997256,0.5836926194997256,0.585064554819202,0.585064554819202,0.585064554819202,0.5855480231009753,0.5855480231009753,0.5855480231009753,0.5870681191937664,0.5870681191937664,0.5870681191937664,0.5881506253322779,0.5881506253322779,0.5881506253322779,0.5885714915355225,0.5885714915355225,0.5885714915355225,0.5903375826911905,0.5903375826911905,0.5903375826911905,0.5920699434336697,0.5920699434336697,0.5920699434336697,0.5937663787054407,0.5937663787054407,0.5937663787054407,0.5949002922512472,0.5949002922512472,0.5949002922512472,0.5956486607456885,0.5956486607456885,0.5956486607456885,0.5972872662124676,0.5972872662124676,0.5972872662124676,0.5983574566924157,0.5983574566924157,0.5983574566924157,0.5989783588992817,0.5989783588992817,0.5989783588992817,0.5997627290988005,0.5997627290988005,0.5997627290988005,0.6009407693741947,0.6009407693741947,0.6009407693741947,0.6020895486876027,0.6020895486876027,0.6020895486876027,0.6035041936479535,0.6035041936479535,0.6035041936479535,0.604313856331471,0.604313856331471,0.604313856331471,0.6055433101006203,0.6055433101006203,0.6055433101006203,0.6061400628494504,0.6061400628494504,0.6061400628494504,0.6068592244930195,0.6068592244930195,0.6068592244930195,0.6078635321046074,0.6078635321046074,0.6078635321046074,0.6086216569404894,0.6086216569404894,0.6086216569404894,0.6090932238598319,0.6090932238598319,0.6090932238598319,0.6096118431006226,0.6096118431006226,0.6096118431006226,0.6103837078472925,0.6103837078472925,0.6103837078472925,0.6114426473176623,0.6114426473176623,0.6114426473176623,0.6120234683294925,0.6120234683294925,0.6120234683294925,0.6124953734442444,0.6124953734442444,0.6124953734442444,0.6129351641661552,0.6129351641661552,0.6129351641661552,0.613370182782104,0.613370182782104,0.613370182782104,0.6145542173027898,0.6145542173027898,0.6145542173027898,0.6151460399677521,0.6151460399677521,0.6151460399677521,0.6154890233229758,0.6154890233229758,0.6154890233229758,0.6161023783960814,0.6161023783960814,0.6161023783960814,0.6164805406156629,0.6164805406156629,0.6164805406156629,0.6173600787269174,0.6173600787269174,0.6173600787269174,0.6177760432630736,0.6177760432630736,0.6177760432630736,0.6185370833774503,0.6185370833774503,0.6185370833774503,0.6190245599044647,0.6190245599044647,0.6190245599044647,0.6196699048712909,0.6196699048712909,0.6196699048712909,0.6204629811248104,0.6204629811248104,0.6204629811248104,0.6209768388814678,0.6209768388814678,0.6209768388814678,0.6211199367180653,0.6211199367180653,0.6211199367180653,0.6215173493227929,0.6215173493227929,0.6215173493227929,0.6219175270155232,0.6219175270155232,0.6219175270155232,0.6222061586410728,0.6222061586410728,0.6222061586410728,0.6228308860952697,0.6228308860952697,0.6228308860952697,0.623027565280033,0.623027565280033,0.623027565280033,0.6235431070620944,0.6235431070620944,0.6235431070620944,0.623836130567334,0.623836130567334,0.623836130567334,0.6244893692789404,0.6244893692789404,0.6244893692789404,0.6247609105848103,0.6247609105848103,0.6247609105848103,0.6251509935303506,0.6251509935303506,0.6251509935303506,0.6255640366646238,0.6255640366646238,0.6255640366646238,0.6260036777157625,0.6260036777157625,0.6260036777157625,0.6263384925708401,0.6263384925708401,0.6263384925708401,0.6266535593276961,0.6266535593276961,0.6266535593276961,0.6270059966478699,0.6270059966478699,0.6270059966478699,0.627332215920922,0.627332215920922,0.627332215920922,0.627626469584494,0.627626469584494,0.627626469584494,0.6277861853738681,0.6277861853738681,0.6277861853738681,0.6280783922920802,0.6280783922920802,0.6280783922920802,0.628528392654496,0.628528392654496,0.628528392654496,0.6287770334166239,0.6287770334166239,0.6287770334166239,0.6289899885604163,0.6289899885604163,0.6289899885604163,0.629308724337156,0.629308724337156,0.629308724337156,0.6294787109291141,0.6294787109291141,0.6294787109291141,0.6297976857971197,0.6297976857971197,0.6297976857971197,0.6300887697827997,0.6300887697827997,0.6300887697827997,0.630252990260885,0.630252990260885,0.630252990260885,0.6305387676043275,0.6305387676043275,0.6305387676043275,0.6307037951441031,0.6307037951441031,0.6307037951441031,0.6309603237669273,0.6309603237669273,0.6309603237669273,0.6312877479115729,0.6312877479115729,0.6312877479115729,0.6313927897632292,0.6313927897632292,0.6313927897632292,0.6315358015953197,0.6315358015953197,0.6315358015953197,0.6315914687362375,0.6315914687362375,0.6315914687362375,0.6317911631359602,0.6317911631359602,0.6317911631359602,0.6321072826339619,0.6321072826339619,0.6321072826339619,0.632629485162225,0.632629485162225,0.632629485162225,0.632703463482178,0.632703463482178,0.632703463482178,0.6328985275651354,0.6328985275651354,0.6328985275651354,0.6330184263804708,0.6330184263804708,0.6330184263804708,0.6333235913867757,0.6333235913867757,0.6333235913867757,0.6334034521966836,0.6334034521966836,0.6334034521966836,0.6334864240196542,0.6334864240196542,0.6334864240196542,0.6336392531334826,0.6336392531334826,0.6336392531334826,0.6338238614906947,0.6338238614906947,0.6338238614906947,0.6339935286431231,0.6339935286431231,0.6339935286431231,0.6340762903174298,0.6340762903174298,0.6340762903174298,0.6344025360164383,0.6344025360164383,0.6344025360164383,0.6345952741120727,0.6345952741120727,0.6345952741120727,0.6347662835809961,0.6347662835809961,0.6347662835809961,0.6348527920499103,0.6348527920499103,0.6348527920499103,0.6349163395662083,0.6349163395662083,0.6349163395662083,0.6352166154445167,0.6352166154445167,0.6352166154445167,0.635397422786643,0.635397422786643,0.635397422786643,0.6355402742527313,0.6355402742527313,0.6355402742527313,0.6356955317105949,0.6356955317105949,0.6356955317105949,0.6357837768081556,0.6357837768081556,0.6357837768081556,0.6361541069526688,0.6361541069526688,0.6361541069526688,0.6362751219884412,0.6362751219884412,0.6362751219884412,0.6363465654947406,0.6363465654947406,0.6363465654947406,0.6364347012997437,0.6364347012997437,0.6364347012997437,0.6365856520459122,0.6365856520459122,0.6365856520459122,0.6368228591630117,0.6368228591630117,0.6368228591630117,0.6369606416144183,0.6369606416144183,0.6369606416144183,0.6371392240606216,0.6371392240606216,0.6371392240606216,0.6371721348706573,0.6371721348706573,
0.0,0.0,0.0,0.034411210733517855,0.034411210733517855,0.034411210733517855,0.04942505851197883,0.04942505851197883,0.04942505851197883,0.06841105874221673,0.06841105874221673,0.06841105874221673,0.09107118368151693,0.09107118368151693,0.09107118368151693,0.18055758849056727,0.18055758849056727,0.18055758849056727,0.188466920890642,0.188466920890642,0.188466920890642,0.1948018127228717,0.1948018127228717,0.1948018127228717,0.21300875131635386,0.21300875131635386,0.21300875131635386,0.2327444220158773,0.2327444220158773,0.2327444220158773,0.2943228567559134,0.2943228567559134,0.2943228567559134,0.31606275793612576,0.31606275793612576,0.31606275793612576,0.3325850275055009,0.3325850275055009,0.3325850275055009,0.35804822945812737,0.35804822945812737,0.35804822945812737,0.3694244179303107,0.3694244179303107,0.3694244179303107,0.379786733736296,0.379786733736296,0.379786733736296,0.4012838811170084,0.4012838811170084,0.4012838811170084,0.41402290487664023,0.41402290487664023,0.41402290487664023,0.4213666199857735,0.4213666199857735,0.4213666199857735,0.4386989809787353,0.4386989809787353,0.4386989809787353,0.4525918998530758,0.4525918998530758,0.4525918998530758,0.45925740968966305,0.45925740968966305,0.45925740968966305,0.46684174424071184,0.46684174424071184,0.46684174424071184,0.47545424751393545,0.47545424751393545,0.47545424751393545,0.493945505342906,0.493945505342906,0.493945505342906,0.49926264380823426,0.49926264380823426,0.49926264380823426,0.5040536056341529,0.5040536056341529,0.5040536056341529,0.511492996138295,0.511492996138295,0.511492996138295,0.5148457279743236,0.5148457279743236,0.5148457279743236,0.5168116576378248,0.5168116576378248,0.5168116576378248,0.5201683278082734,0.5201683278082734,0.5201683278082734,0.5243611035465852,0.5243611035465852,0.5243611035465852,0.5298246773019442,0.5298246773019442,0.5298246773019442,0.5325914636507502,0.5325914636507502,0.5325914636507502,0.5360223888627244,0.5360223888627244,0.5360223888627244,0.5427633697353552,0.5427633697353552,0.5427633697353552,0.5461165567015023,0.5461165567015023,0.5461165567015023,0.5486388113078656,0.5486388113078656,0.5486388113078656,0.5503581418624347,0.5503581418624347,0.5503581418624347,0.5534753283323609,0.5534753283323609,0.5534753283323609,0.5559975703150845,0.5559975703150845,0.5559975703150845,0.5579271034740297,0.5579271034740297,0.5579271034740297,0.5585572123120602,0.5585572123120602,0.5585572123120602,0.5603529314709316,0.5603529314709316,0.5603529314709316,0.5637248745670529,0.5637248745670529,0.5637248745670529,0.565445167002276,0.565445167002276,0.565445167002276,0.5667057912383204,0.5667057912383204,0.5667057912383204,0.5712362083380973,0.5712362083380973,0.5712362083380973,0.5729444224540875,0.5729444224540875,0.5729444224540875,0.574445052151572,0.574445052151572,0.574445052151572,0.575913201324036,0.575913201324036,0.575913201324036,0.5776114856873695,0.5776114856873695,0.5776114856873695,0.5791080955622203,0.5791080955622203,0.5791080955622203,0.5807304304163853,0.5807304304163853,0.5807304304163853,0.5816725960157375,0.5816725960157375,0.5816725960157375,0.5835173982483524,0.5835173982483524,0.5835173982483524,0.5847417481172351,0.5847417481172351,0.5847417481172351,0.586419372272526,0.586419372272526,0.586419372272526,0.5885603832866367,0.5885603832866367,0.5885603832866367,0.5901101047557343,0.5901101047557343,0.5901101047557343,0.5907138464348216,0.5907138464348216,0.5907138464348216,0.5921093730659751,0.5921093730659751,0.5921093730659751,0.5932286379419753,0.5932286379419753,0.5932286379419753,0.5943313676019211,0.5943313676019211,0.5943313676019211,0.5955536514045444,0.5955536514045444,0.5955536514045444,0.5968135530448555,0.5968135530448555,0.5968135530448555,0.5974028008013131,0.5974028008013131,0.5974028008013131,0.5979183361607364,0.5979183361607364,0.5979183361607364,0.5991787508703023,0.5991787508703023,0.5991787508703023,0.6000070906057365,0.6000070906057365,0.6000070906057365,0.6008916507512794,0.6008916507512794,0.6008916507512794,0.6016985153039417,0.6016985153039417,0.6016985153039417,0.6033514554934613,0.6033514554934613,0.6033514554934613,0.6041674211286413,0.6041674211286413,0.6041674211286413,0.6045431114323915,0.6045431114323915,0.6045431114323915,0.6052898388330694,0.6052898388330694,0.6052898388330694,0.6065789179466703,0.6065789179466703,0.6065789179466703,0.6074833399523559,0.6074833399523559,0.6074833399523559,0.6080438212855996,0.6080438212855996,0.6080438212855996,0.6083898142519416,0.6083898142519416,0.6083898142519416,0.6090653388159393,0.6090653388159393,0.6090653388159393,0.6105903544063092,0.6105903544063092,0.6105903544063092,0.6108364888641312,0.6108364888641312,0.6108364888641312,0.6113788346734145,0.6113788346734145,0.6113788346734145,0.6118780296830102,0.6118780296830102,0.6118780296830102,0.612343481839128,0.612343481839128,0.612343481839128,0.6134667051027232,0.6134667051027232,0.6134667051027232,0.614055697685401,0.614055697685401,0.614055697685401,0.6144557776478684,0.6144557776478684,0.6144557776478684,0.6151373268786061,0.6151373268786061,0.6151373268786061,0.6155321597375443,0.6155321597375443,0.6155321597375443,0.616241240637103,0.616241240637103,0.616241240637103,0.6167697014848528,0.6167697014848528,0.6167697014848528,0.6171467591937986,0.6171467591937986,0.6171467591937986,0.6178630170658844,0.6178630170658844,0.6178630170658844,0.6185780342082332,0.6185780342082332,0.6185780342082332,0.6187718180235944,0.6187718180235944,0.6187718180235944,0.6194323343387225,0.6194323343387225,0.6194323343387225,0.6196674437432961,0.6196674437432961,0.6196674437432961,0.6200079729574931,0.6200079729574931,0.6200079729574931,0.6206112290614944,0.6206112290614944,0.6206112290614944,0.6210200689097468,0.6210200689097468,0.6210200689097468,0.6212859822130038,0.6212859822130038,0.6212859822130038,0.6219415283196229,0.6219415283196229,0.6219415283196229,0.6223520279774675,0.6223520279774675,0.6223520279774675,0.6227166092257322,0.6227166092257322,0.6227166092257322,0.6230786918366948,0.6230786918366948,0.6230786918366948,0.6236226770021274,0.6236226770021274,0.6236226770021274,0.6240794262876447,0.6240794262876447,0.6240794262876447,0.624205971200774,0.624205971200774,0.624205971200774,0.6245854779733622,0.6245854779733622,0.6245854779733622,0.6249070501869838,0.6249070501869838,0.6249070501869838,0.6253161138606195,0.6253161138606195,0.6253161138606195,0.625590730017037,0.625590730017037,0.625590730017037,0.6259567628447839,0.6259567628447839,0.6259567628447839,0.626504876995765,0.626504876995765,0.626504876995765,0.6270326118016042,0.6270326118016042,0.6270326118016042,0.6272143170188571,0.6272143170188571,0.6272143170188571,0.6282278582904215,0.6282278582904215,0.6282278582904215,0.6286762429398134,0.6286762429398134,0.6286762429398134,0.6288012327624204,0.6288012327624204,0.6288012327624204,0.6288576488173623,0.6288576488173623,0.6288576488173623,0.6292018941588152,0.6292018941588152,0.6292018941588152,0.6293981390602411,0.6293981390602411,0.6293981390602411,0.6300073307721574,0.6300073307721574,0.6300073307721574,0.6303412159011386,0.6303412159011386,0.6303412159011386,0.6307611829757037,0.6307611829757037,0.6307611829757037,0.6311096075184289,0.6311096075184289,0.6311096075184289,0.6314636537204459,0.6314636537204459,0.6314636537204459,0.6316437919632898,0.6316437919632898,0.6316437919632898,0.6319974696263201,0.6319974696263201,0.6319974696263201,0.6321730511072821,0.6321730511072821,0.6321730511072821,0.6328668822697773,0.6328668822697773,0.6328668822697773,0.6330852496492703,0.6330852496492703,0.6330852496492703,0.6331802823695902,0.6331802823695902,0.6331802823695902,0.6333349944093719,0.6333349944093719,0.6333349944093719,0.6335337114897098,0.6335337114897098,0.6335337114897098,0.6339025487956205,0.6339025487956205,0.6339025487956205,0.6340814753207518,0.6340814753207518,0.6340814753207518,0.6341784369030682,0.6341784369030682,0.6341784369030682,0.63425159621771,0.63425159621771,0.63425159621771,0.6343384251828025,0.6343384251828025,0.6343384251828025,0.6344646719976356,0.6344646719976356,0.6344646719976356,0.6346328455128677,0.6346328455128677,0.6346328455128677,0.6347954895648928,0.6347954895648928,0.6347954895648928,0.6349029865109624,0.6349029865109624,0.6349029865109624,0.6351493965922027,0.6351493965922027,0.6351493965922027,0.6353142702800921,0.6353142702800921,0.6353142702800921,0.6355479713788839,0.6355479713788839,0.6355479713788839,0.6356706562539196,0.6356706562539196,0.6356706562539196,0.6357754448017849,0.6357754448017849,0.6357754448017849,0.6358616705221503,0.6358616705221503,0.6358616705221503,0.635941786234443,0.635941786234443,0.635941786234443,0.636084041939191,0.636084041939191,0.636084041939191,0.6361372489666846,0.6361372489666846,0.6361372489666846,0.6364865962864785,0.6364865962864785,0.6364865962864785,0.6366020283411029,0.6366020283411029,0.6366020283411029,0.6367230972809658,0.6367230972809658,0.6367230972809658,0.6367789467407514,0.6367789467407514,0.6367789467407514,0.6368875851987703,0.6368875851987703,0.6368875851987703,0.6369528019059449,0.6369528019059449,0.6369528019059449,0.637038838919579,0.637038838919579,0.637038838919579,0.6370805532706103,0.6370805532706103,0.6370805532706103,0.6371116440655805,0.6371116440655805,0.6371116440655805,0.6372598014481616,0.6372598014481616,0.6372598014481616,0.6379385582637782,0.6379385582637782,0.6379385582637782,0.6380446261106656,0.6380446261106656,
0.0018006409453029722,0.0018006409453029722,0.0018006409453029722,0.04481475992810872,0.04481475992810872,0.04481475992810872,0.09443299564957784,0.09443299564957784,0.09443299564957784,0.11111990985186301,0.11111990985186301,0.11111990985186301,0.135632964820572,0.135632964820572,0.135632964820572,0.1770729282197828,0.1770729282197828,0.1770729282197828,0.1988923408788175,0.1988923408788175,0.1988923408788175,0.20398257013837687,0.20398257013837687,0.20398257013837687,0.23048453882303216,0.23048453882303216,0.23048453882303216,0.25236095058965674,0.25236095058965674,0.25236095058965674,0.2870237627947866,0.2870237627947866,0.2870237627947866,0.3181643277197985,0.3181643277197985,0.3181643277197985,0.3399944044015423,0.3399944044015423,0.3399944044015423,0.35668719434421503,0.35668719434421503,0.35668719434421503,0.38435998084920175,0.38435998084920175,0.38435998084920175,0.39160759695718067,0.39160759695718067,0.39160759695718067,0.41581806656565046,0.41581806656565046,0.41581806656565046,0.4317966246388955,0.4317966246388955,0.4317966246388955,0.44144517778040854,0.44144517778040854,0.44144517778040854,0.4518431382188579,0.4518431382188579,0.4518431382188579,0.4589108885839873,0.4589108885839873,0.4589108885839873,0.46538538156816694,0.46538538156816694,0.46538538156816694,0.4719501483096763,0.4719501483096763,0.4719501483096763,0.4784807454373806,0.4784807454373806,0.4784807454373806,0.49110030115420955,0.49110030115420955,0.49110030115420955,0.49569289858995336,0.49569289858995336,0.49569289858995336,0.5036542928186106,0.5036542928186106,0.5036542928186106,0.5085738824865422,0.5085738824865422,0.5085738824865422,0.5129294405573118,0.5129294405573118,0.5129294405573118,0.5195552900324546,0.5195552900324546,0.5195552900324546,0.5236587746164402,0.5236587746164402,0.5236587746164402,0.5270452869934757,0.5270452869934757,0.5270452869934757,0.5306738389664374,0.5306738389664374,0.5306738389664374,0.5342632657642274,0.5342632657642274,0.5342632657642274,0.537666754543404,0.537666754543404,0.537666754543404,0.5410209940878978,0.5410209940878978,0.5410209940878978,0.5449200556683446,0.5449200556683446,0.5449200556683446,0.5473833341522997,0.5473833341522997,0.5473833341522997,0.5493192939429336,0.5493192939429336,0.5493192939429336,0.5533874751978051,0.5533874751978051,0.5533874751978051,0.5583583736524491,0.5583583736524491,0.5583583736524491,0.5598518861386941,0.5598518861386941,0.5598518861386941,0.5655128245408015,0.5655128245408015,0.5655128245408015,0.5670860258421088,0.5670860258421088,0.5670860258421088,0.5720243864748455,0.5720243864748455,0.5720243864748455,0.574158252986546,0.574158252986546,0.574158252986546,0.5751784517284572,0.5751784517284572,0.5751784517284572,0.5762725033000813,0.5762725033000813,0.5762725033000813,0.5782662280144221,0.5782662280144221,0.5782662280144221,0.5794520741675774,0.5794520741675774,0.5794520741675774,0.5810339355617663,0.5810339355617663,0.5810339355617663,0.5822165440441295,0.5822165440441295,0.5822165440441295,0.5838927045345355,0.5838927045345355,0.5838927045345355,0.5852590873855175,0.5852590873855175,0.5852590873855175,0.5858688188041751,0.5858688188041751,0.5858688188041751,0.5869739620922079,0.5869739620922079,0.5869739620922079,0.588590940473176,0.588590940473176,0.588590940473176,0.5921049128266479,0.5921049128266479,0.5921049128266479,0.5931181041205716,0.5931181041205716,0.5931181041205716,0.5937857283341847,0.5937857283341847,0.5937857283341847,0.5946784486789954,0.5946784486789954,0.5946784486789954,0.5958774312469001,0.5958774312469001,0.5958774312469001,0.5967077413635142,0.5967077413635142,0.5967077413635142,0.5974010722310358,0.5974010722310358,0.5974010722310358,0.5977085197654166,0.5977085197654166,0.5977085197654166,0.5988336127457864,0.5988336127457864,0.5988336127457864,0.6000206289902748,0.6000206289902748,0.6000206289902748,0.6007552484683483,0.6007552484683483,0.6007552484683483,0.6012503218217385,0.6012503218217385,0.6012503218217385,0.6014890511570338,0.6014890511570338,0.6014890511570338,0.6024231802713932,0.6024231802713932,0.6024231802713932,0.6027388905418778,0.6027388905418778,0.6027388905418778,0.6032301064733555,0.6032301064733555,0.6032301064733555,0.6038016648505127,0.6038016648505127,0.6038016648505127,0.6041284061518646,0.6041284061518646,0.6041284061518646,0.6044442168502643,0.6044442168502643,0.6044442168502643,0.6047013555365448,0.6047013555365448,0.6047013555365448,0.6055358718889112,0.6055358718889112,0.6055358718889112,0.6059770123771029,0.6059770123771029,0.6059770123771029,0.6065392692470849,0.6065392692470849,0.6065392692470849,0.6070360332000578,0.6070360332000578,0.6070360332000578,0.6075471610860914,0.6075471610860914,0.6075471610860914,0.6078868415829599,0.6078868415829599,0.6078868415829599,0.6081842178834808,0.6081842178834808,0.6081842178834808,0.6086749080444434,0.6086749080444434,0.6086749080444434,0.609293546978507,0.609293546978507,0.609293546978507,0.6095533369468111,0.6095533369468111,0.6095533369468111,0.6098612761715662,0.6098612761715662,0.6098612761715662,0.6113229294115279,0.6113229294115279,0.6113229294115279,0.6117885770865512,0.6117885770865512,0.6117885770865512,0.6120324275566534,0.6120324275566534,0.6120324275566534,0.6124227604939942,0.6124227604939942,0.6124227604939942,0.6127961625233168,0.6127961625233168,0.6127961625233168,0.613168193951057,0.613168193951057,0.613168193951057,0.6137611521210623,0.6137611521210623,0.6137611521210623,0.614070477027971,0.614070477027971,0.614070477027971,0.6142420588202597,0.6142420588202597,0.6142420588202597,0.6144591432046628,0.6144591432046628,0.6144591432046628,0.6148591660889151,0.6148591660889151,0.6148591660889151,0.6151388026463517,0.6151388026463517,0.6151388026463517,0.6153676422620928,0.6153676422620928,0.6153676422620928,0.6158288042748405,0.6158288042748405,0.6158288042748405,0.6163987939922816,0.6163987939922816,0.6163987939922816,0.616919312438937,0.616919312438937,0.616919312438937,0.6175879106328545,0.6175879106328545,0.6175879106328545,0.6180375471887122,0.6180375471887122,0.6180375471887122,0.618348934592853,0.618348934592853,0.618348934592853,0.6185546695082379,0.6185546695082379,0.6185546695082379,0.6187154127912218,0.6187154127912218,0.6187154127912218,0.6189356052750931,0.6189356052750931,0.6189356052750931,0.6190226577959768,0.6190226577959768,0.6190226577959768,0.6194140316779144,0.6194140316779144,0.6194140316779144,0.6196061463374509,0.6196061463374509,0.6196061463374509,0.6198962926281688,0.6198962926281688,0.6198962926281688,0.6200529759204491,0.6200529759204491,0.6200529759204491,0.6204825080151297,0.6204825080151297,0.6204825080151297,0.6205671265313956,0.6205671265313956,0.6205671265313956,0.6207357776974004,0.6207357776974004,0.6207357776974004,0.6208813742512848,0.6208813742512848,0.6208813742512848,0.6225968860818271,0.6225968860818271,0.6225968860818271,0.6226928147520682,0.6226928147520682,0.6226928147520682,0.623146605157515,0.623146605157515,0.623146605157515,0.6234458961840358,0.6234458961840358,0.6234458961840358,0.6235906805228911,0.6235906805228911,0.6235906805228911,0.6237956521782918,0.6237956521782918,0.6237956521782918,0.6239312620697625,0.6239312620697625,0.6239312620697625,0.6240838450668852,0.6240838450668852,0.6240838450668852,0.62434860792231,0.62434860792231,0.62434860792231,0.6246143967347878,0.6246143967347878,0.6246143967347878,0.6248509928885266,0.6248509928885266,0.6248509928885266,0.6252624534905201,0.6252624534905201,0.6252624534905201,0.6253262687230285,0.6253262687230285,0.6253262687230285,0.6257084569015419,0.6257084569015419,0.6257084569015419,0.6265055822298826,0.6265055822298826,0.6265055822298826,0.626777609919566,0.626777609919566,0.626777609919566,0.6269168562447748,0.6269168562447748,0.6269168562447748,0.6270763850980429,0.6270763850980429,0.6270763850980429,0.6272146739342324,0.6272146739342324,0.6272146739342324,0.6274848507714789,0.6274848507714789,0.6274848507714789,0.6280679210877514,0.6280679210877514,0.6280679210877514,0.628185422651997,0.628185422651997,0.628185422651997,0.6282672519458953,0.6282672519458953,0.6282672519458953,0.6286907687780298,0.6286907687780298,0.6286907687780298,0.6287834744346276,0.6287834744346276,0.6287834744346276,0.6288725085739366,0.6288725085739366,0.6288725085739366,0.6289079896657928,0.6289079896657928,0.6289079896657928,0.6291527220127595,0.6291527220127595,0.6291527220127595,0.6292869704301807,0.6292869704301807,0.6292869704301807,0.6293592845006664,0.6293592845006664,0.6293592845006664,0.6298625521586801,0.6298625521586801,0.6298625521586801,0.6300540658742195,0.6300540658742195,0.6300540658742195,0.6301088353194403,0.6301088353194403,0.6301088353194403,0.6302272197817999,0.6302272197817999,0.6302272197817999,0.6303265671958937,0.6303265671958937,0.6303265671958937,0.6304103972846753,0.6304103972846753,0.6304103972846753,0.630484951041414,0.630484951041414,0.630484951041414,0.6308134345718001,0.6308134345718001,0.6308134345718001,0.6309128688705645,0.6309128688705645,0.6309128688705645,0.6310243214373632,0.6310243214373632,0.6310243214373632,0.6312422767463719,0.6312422767463719,0.6312422767463719,0.6315326897113681,0.6315326897113681,0.6315326897113681,0.6316667281561006,0.6316667281561006,0.6316667281561006,0.6317508549675652,0.6317508549675652,0.6317508549675652,0.6319511206962699,0.6319511206962699,0.6319511206962699,0.6321166646484567,0.6321166646484567,0.6321166646484567,0.6322202863961839,0.6322202863961839,0.6322202863961839,0.6323440349854014,0.6323440349854014,
0.016514990479511032,0.016514990479511032,0.016514990479511032,0.03181804323057288,0.03181804323057288,0.03181804323057288,0.04481756666365081,0.04481756666365081,0.04481756666365081,0.09461623428982685,0.09461623428982685,0.09461623428982685,0.10024764547688508,0.10024764547688508,0.10024764547688508,0.13143894258497418,0.13143894258497418,0.13143894258497418,0.15861285440420633,0.15861285440420633,0.15861285440420633,0.18635567354518834,0.18635567354518834,0.18635567354518834,0.20190869445074153,0.20190869445074153,0.20190869445074153,0.25703844172185697,0.25703844172185697,0.25703844172185697,0.2944551421207596,0.2944551421207596,0.2944551421207596,0.3218245269145773,0.3218245269145773,0.3218245269145773,0.35140158922588877,0.35140158922588877,0.35140158922588877,0.36751512998379077,0.36751512998379077,0.36751512998379077,0.3925925313109341,0.3925925313109341,0.3925925313109341,0.4071586556313431,0.4071586556313431,0.4071586556313431,0.41347186007160025,0.41347186007160025,0.41347186007160025,0.4351424205344548,0.4351424205344548,0.4351424205344548,0.4468448874709118,0.4468448874709118,0.4468448874709118,0.45805698533583034,0.45805698533583034,0.45805698533583034,0.4665144436707086,0.4665144436707086,0.4665144436707086,0.4758738119915417,0.4758738119915417,0.4758738119915417,0.489195731819522,0.489195731819522,0.489195731819522,0.49439650313752304,0.49439650313752304,0.49439650313752304,0.5052072705156826,0.5052072705156826,0.5052072705156826,0.5105050930458165,0.5105050930458165,0.5105050930458165,0.5150431629352923,0.5150431629352923,0.5150431629352923,0.5197549481418577,0.5197549481418577,0.5197549481418577,0.5244038451132713,0.5244038451132713,0.5244038451132713,0.5299986411272604,0.5299986411272604,0.5299986411272604,0.532260779316226,0.532260779316226,0.532260779316226,0.5351864559710403,0.5351864559710403,0.5351864559710403,0.5403778005715276,0.5403778005715276,0.5403778005715276,0.5426530256165577,0.5426530256165577,0.5426530256165577,0.5450454045057506,0.5450454045057506,0.5450454045057506,0.5466348471514447,0.5466348471514447,0.5466348471514447,0.5505351271320014,0.5505351271320014,0.5505351271320014,0.5521273788902293,0.5521273788902293,0.5521273788902293,0.5546138788706864,0.5546138788706864,0.5546138788706864,0.5576559006599467,0.5576559006599467,0.5576559006599467,0.559701210411915,0.559701210411915,0.559701210411915,0.5615692680320147,0.5615692680320147,0.5615692680320147,0.5633990960927681,0.5633990960927681,0.5633990960927681,0.5653681959605905,0.5653681959605905,0.5653681959605905,0.566623812937319,0.566623812937319,0.566623812937319,0.5683003782820121,0.5683003782820121,0.5683003782820121,0.5705862103766938,0.5705862103766938,0.5705862103766938,0.5732696806388622,0.5732696806388622,0.5732696806388622,0.5746465657663117,0.5746465657663117,0.5746465657663117,0.5758025019029139,0.5758025019029139,0.5758025019029139,0.5768701529339695,0.5768701529339695,0.5768701529339695,0.5785994962602578,0.5785994962602578,0.5785994962602578,0.580149254101811,0.580149254101811,0.580149254101811,0.5822796194665907,0.5822796194665907,0.5822796194665907,0.5830218876137081,0.5830218876137081,0.5830218876137081,0.5842927088420029,0.5842927088420029,0.5842927088420029,0.585923842271835,0.585923842271835,0.585923842271835,0.5886685812149887,0.5886685812149887,0.5886685812149887,0.5895770015618044,0.5895770015618044,0.5895770015618044,0.590715269350347,0.590715269350347,0.590715269350347,0.5912841474610896,0.5912841474610896,0.5912841474610896,0.5932841860397954,0.5932841860397954,0.5932841860397954,0.5941153718472882,0.5941153718472882,0.5941153718472882,0.5951996397188186,0.5951996397188186,0.5951996397188186,0.5957885728879191,0.5957885728879191,0.5957885728879191,0.5965910103098645,0.5965910103098645,0.5965910103098645,0.5969288044039152,0.5969288044039152,0.5969288044039152,0.5978163951683968,0.5978163951683968,0.5978163951683968,0.598347893541432,0.598347893541432,0.598347893541432,0.5991526957279041,0.5991526957279041,0.5991526957279041,0.5996030273985923,0.5996030273985923,0.5996030273985923,0.6005961010329824,0.6005961010329824,0.6005961010329824,0.6015444992918927,0.6015444992918927,0.6015444992918927,0.6021184924070159,0.6021184924070159,0.6021184924070159,0.6024566889038575,0.6024566889038575,0.6024566889038575,0.6029740278573908,0.6029740278573908,0.6029740278573908,0.6035876462771633,0.6035876462771633,0.6035876462771633,0.6039839834510426,0.6039839834510426,0.6039839834510426,0.6044940441502603,0.6044940441502603,0.6044940441502603,0.6048894222079385,0.6048894222079385,0.6048894222079385,0.6056964399245061,0.6056964399245061,0.6056964399245061,0.6066696924874421,0.6066696924874421,0.6066696924874421,0.6074920868330083,0.6074920868330083,0.6074920868330083,0.6081080166133808,0.6081080166133808,0.6081080166133808,0.6089754868238906,0.6089754868238906,0.6089754868238906,0.6093166644921791,0.6093166644921791,0.6093166644921791,0.6100416656999689,0.6100416656999689,0.6100416656999689,0.6105168044526103,0.6105168044526103,0.6105168044526103,0.6112434103600435,0.6112434103600435,0.6112434103600435,0.6120512417836971,0.6120512417836971,0.6120512417836971,0.6122797633204415,0.6122797633204415,0.6122797633204415,0.6124787277918949,0.6124787277918949,0.6124787277918949,0.6131334306865444,0.6131334306865444,0.6131334306865444,0.6134432237760027,0.6134432237760027,0.6134432237760027,0.6137729790893663,0.6137729790893663,0.6137729790893663,0.6142462928680581,0.6142462928680581,0.6142462928680581,0.6154525418295695,0.6154525418295695,0.6154525418295695,0.6158953661840173,0.6158953661840173,0.6158953661840173,0.6164652578154282,0.6164652578154282,0.6164652578154282,0.616608249897592,0.616608249897592,0.616608249897592,0.6168596410999297,0.6168596410999297,0.6168596410999297,0.6175412200739762,0.6175412200739762,0.6175412200739762,0.6178217491115442,0.6178217491115442,0.6178217491115442,0.6182035702219963,0.6182035702219963,0.6182035702219963,0.6187012979853828,0.6187012979853828,0.6187012979853828,0.6190597940063517,0.6190597940063517,0.6190597940063517,0.6193028354708315,0.6193028354708315,0.6193028354708315,0.619489957555748,0.619489957555748,0.619489957555748,0.6197705041099095,0.6197705041099095,0.6197705041099095,0.6200862643374092,0.6200862643374092,0.6200862643374092,0.6204751617110372,0.6204751617110372,0.6204751617110372,0.620644680817986,0.620644680817986,0.620644680817986,0.6210742755474016,0.6210742755474016,0.6210742755474016,0.6214959999689746,0.6214959999689746,0.6214959999689746,0.6216659653935304,0.6216659653935304,0.6216659653935304,0.6220662101879437,0.6220662101879437,0.6220662101879437,0.622243881952489,0.622243881952489,0.622243881952489,0.6224079062992549,0.6224079062992549,0.6224079062992549,0.6227216070731361,0.6227216070731361,0.6227216070731361,0.6229200999117738,0.6229200999117738,0.6229200999117738,0.623068794746937,0.623068794746937,0.623068794746937,0.6232072091529783,0.6232072091529783,0.6232072091529783,0.623350444993622,0.623350444993622,0.623350444993622,0.6234396385251849,0.6234396385251849,0.6234396385251849,0.6234914716764012,0.6234914716764012,0.6234914716764012,0.6238841436644182,0.6238841436644182,0.6238841436644182,0.6239648419016876,0.6239648419016876,0.6239648419016876,0.6240473515044942,0.6240473515044942,0.6240473515044942,0.6241540335557352,0.6241540335557352,0.6241540335557352,0.6242975927388609,0.6242975927388609,0.6242975927388609,0.6244619985244038,0.6244619985244038,0.6244619985244038,0.6245188231031342,0.6245188231031342,0.6245188231031342,0.6247163750655014,0.6247163750655014,0.6247163750655014,0.6248522569222031,0.6248522569222031,0.6248522569222031,0.6250813421535675,0.6250813421535675,0.6250813421535675,0.6251785332097851,0.6251785332097851,0.6251785332097851,0.625328169704269,0.625328169704269,0.625328169704269,0.6255460026707378,0.6255460026707378,0.6255460026707378,0.6256199505040637,0.6256199505040637,0.6256199505040637,0.625938749432708,0.625938749432708,0.625938749432708,0.6259971616976513,0.6259971616976513,0.6259971616976513,0.6261451294866812,0.6261451294866812,0.6261451294866812,0.6262499390620763,0.6262499390620763,0.6262499390620763,0.6263608384059827,0.6263608384059827,0.6263608384059827,0.6265583467990932,0.6265583467990932,0.6265583467990932,0.6266737896449092,0.6266737896449092,0.6266737896449092,0.6267664300813265,0.6267664300813265,0.6267664300813265,0.6269257291181366,0.6269257291181366,0.6269257291181366,0.6270282201929348,0.6270282201929348,0.6270282201929348,0.6270756888212123,0.6270756888212123,0.6270756888212123,0.627164744501904,0.627164744501904,0.627164744501904,0.6273732422381475,0.6273732422381475,0.6273732422381475,0.6274856027616592,0.6274856027616592,0.6274856027616592,0.6276184783419038,0.6276184783419038,0.6276184783419038,0.6277205907024739,0.6277205907024739,0.6277205907024739,0.6278534530061256,0.6278534530061256,0.6278534530061256,0.6279406738689122,0.6279406738689122,0.6279406738689122,0.6281557886954179,0.6281557886954179,0.6281557886954179,0.6282420659648162,0.6282420659648162,0.6282420659648162,0.6285526656992704,0.6285526656992704,0.6285526656992704,0.6286647471959709,0.6286647471959709,0.6286647471959709,0.6287527133671745,0.6287527133671745,0.6287527133671745,0.6288211057738778,0.6288211057738778,0.6288211057738778,0.6289422263724634,0.6289422263724634,0.6289422263724634,0.6289933849308921,0.6289933849308921,0.6289933849308921,0.6290802203341174,0.6290802203341174,0.6290802203341174,0.6291311970092887,0.6291311970092887,
0.043332748646528044,0.043332748646528044,0.043332748646528044,0.04881688193105005,0.04881688193105005,0.04881688193105005,0.08185932096789358,0.08185932096789358,0.08185932096789358,0.11046905828040184,0.11046905828040184,0.11046905828040184,0.12433440065358213,0.12433440065358213,0.12433440065358213,0.17332953949753463,0.17332953949753463,0.17332953949753463,0.20612115583612364,0.20612115583612364,0.20612115583612364,0.22507779435304656,0.22507779435304656,0.22507779435304656,0.2547806393651639,0.2547806393651639,0.2547806393651639,0.3079957940031878,0.3079957940031878,0.3079957940031878,0.3161988079358384,0.3161988079358384,0.3161988079358384,0.34654571895419334,0.34654571895419334,0.34654571895419334,0.37723484304616045,0.37723484304616045,0.37723484304616045,0.38737871389312717,0.38737871389312717,0.38737871389312717,0.4009680102162293,0.4009680102162293,0.4009680102162293,0.42116280977056736,0.42116280977056736,0.42116280977056736,0.43847322609747036,0.43847322609747036,0.43847322609747036,0.45012984511344917,0.45012984511344917,0.45012984511344917,0.46127012901224873,0.46127012901224873,0.46127012901224873,0.469368992999885,0.469368992999885,0.469368992999885,0.4753710499957732,0.4753710499957732,0.4753710499957732,0.48032661450572156,0.48032661450572156,0.48032661450572156,0.4860688709120059,0.4860688709120059,0.4860688709120059,0.49678203270654675,0.49678203270654675,0.49678203270654675,0.5023788556449228,0.5023788556449228,0.5023788556449228,0.5082749971444098,0.5082749971444098,0.5082749971444098,0.5112370259237646,0.5112370259237646,0.5112370259237646,0.5146294657357697,0.5146294657357697,0.5146294657357697,0.5189354516303032,0.5189354516303032,0.5189354516303032,0.5216117597287435,0.5216117597287435,0.5216117597287435,0.5248138520027383,0.5248138520027383,0.5248138520027383,0.5290236461623236,0.5290236461623236,0.5290236461623236,0.531161686087816,0.531161686087816,0.531161686087816,0.5348811942963554,0.5348811942963554,0.5348811942963554,0.5375941470020966,0.5375941470020966,0.5375941470020966,0.5413599139908021,0.5413599139908021,0.5413599139908021,0.5440762423173416,0.5440762423173416,0.5440762423173416,0.5462775813108839,0.5462775813108839,0.5462775813108839,0.5512414381837902,0.5512414381837902,0.5512414381837902,0.5540761691933174,0.5540761691933174,0.5540761691933174,0.5551795089610954,0.5551795089610954,0.5551795089610954,0.5570193048800832,0.5570193048800832,0.5570193048800832,0.5589903323552129,0.5589903323552129,0.5589903323552129,0.560247599397532,0.560247599397532,0.560247599397532,0.5611894544604867,0.5611894544604867,0.5611894544604867,0.563186148049182,0.563186148049182,0.563186148049182,0.5644808976956159,0.5644808976956159,0.5644808976956159,0.565882714440003,0.565882714440003,0.565882714440003,0.5669346515082953,0.5669346515082953,0.5669346515082953,0.568094964162661,0.568094964162661,0.568094964162661,0.5698597319529465,0.5698597319529465,0.5698597319529465,0.5720133408020287,0.5720133408020287,0.5720133408020287,0.5729445734844625,0.5729445734844625,0.5729445734844625,0.573559510216448,0.573559510216448,0.573559510216448,0.5754153261668559,0.5754153261668559,0.5754153261668559,0.5765626356927528,0.5765626356927528,0.5765626356927528,0.5782711071607348,0.5782711071607348,0.5782711071607348,0.5809304992643101,0.5809304992643101,0.5809304992643101,0.5813635064814443,0.5813635064814443,0.5813635064814443,0.5821422275165968,0.5821422275165968,0.5821422275165968,0.582549394134503,0.582549394134503,0.582549394134503,0.5856692304156766,0.5856692304156766,0.5856692304156766,0.5865357544625505,0.5865357544625505,0.5865357544625505,0.5868270547179717,0.5868270547179717,0.5868270547179717,0.5893795676300096,0.5893795676300096,0.5893795676300096,0.5899491932770361,0.5899491932770361,0.5899491932770361,0.5913771286215813,0.5913771286215813,0.5913771286215813,0.5917710988495166,0.5917710988495166,0.5917710988495166,0.5921117174190079,0.5921117174190079,0.5921117174190079,0.5929216677763396,0.5929216677763396,0.5929216677763396,0.5942859469968867,0.5942859469968867,0.5942859469968867,0.594673082605906,0.594673082605906,0.594673082605906,0.5960660950750295,0.5960660950750295,0.5960660950750295,0.596475277939505,0.596475277939505,0.596475277939505,0.597022158544325,0.597022158544325,0.597022158544325,0.5974584267410735,0.5974584267410735,0.5974584267410735,0.5980575931288757,0.5980575931288757,0.5980575931288757,0.5984763158572867,0.5984763158572867,0.5984763158572867,0.6015882412585151,0.6015882412585151,0.6015882412585151,0.6019277692053852,0.6019277692053852,0.6019277692053852,0.6025120932993719,0.6025120932993719,0.6025120932993719,0.6030105415235697,0.6030105415235697,0.6030105415235697,0.6041425010065864,0.6041425010065864,0.6041425010065864,0.6049034784565841,0.6049034784565841,0.6049034784565841,0.6052367183883031,0.6052367183883031,0.6052367183883031,0.6056029817403419,0.6056029817403419,0.6056029817403419,0.6058277763843082,0.6058277763843082,0.6058277763843082,0.6060356097489982,0.6060356097489982,0.6060356097489982,0.606369826870008,0.606369826870008,0.606369826870008,0.6066070680656979,0.6066070680656979,0.6066070680656979,0.6069682685305561,0.6069682685305561,0.6069682685305561,0.6072694754045008,0.6072694754045008,0.6072694754045008,0.607479967256541,0.607479967256541,0.607479967256541,0.6080209875409458,0.6080209875409458,0.6080209875409458,0.6081931194639312,0.6081931194639312,0.6081931194639312,0.6083878447121881,0.6083878447121881,0.6083878447121881,0.6087092193931937,0.6087092193931937,0.6087092193931937,0.6089030414635672,0.6089030414635672,0.6089030414635672,0.6093528915975981,0.6093528915975981,0.6093528915975981,0.6096318866194592,0.6096318866194592,0.6096318866194592,0.6098879861062566,0.6098879861062566,0.6098879861062566,0.6101226177842994,0.6101226177842994,0.6101226177842994,0.6102485410894413,0.6102485410894413,0.6102485410894413,0.6104703983628987,0.6104703983628987,0.6104703983628987,0.6107525647790704,0.6107525647790704,0.6107525647790704,0.610901038115321,0.610901038115321,0.610901038115321,0.6115484141048031,0.6115484141048031,0.6115484141048031,0.6119317594407101,0.6119317594407101,0.6119317594407101,0.6122118681662952,0.6122118681662952,0.6122118681662952,0.6124589560203009,0.6124589560203009,0.6124589560203009,0.6141524313757857,0.6141524313757857,0.6141524313757857,0.6143594391550391,0.6143594391550391,0.6143594391550391,0.6144285002774257,0.6144285002774257,0.6144285002774257,0.6145652545695006,0.6145652545695006,0.6145652545695006,0.6147235114116281,0.6147235114116281,0.6147235114116281,0.6148868943539932,0.6148868943539932,0.6148868943539932,0.6150071691478427,0.6150071691478427,0.6150071691478427,0.6154564636483131,0.6154564636483131,0.6154564636483131,0.6155611617552443,0.6155611617552443,0.6155611617552443,0.615713806777551,0.615713806777551,0.615713806777551,0.6157762862112517,0.6157762862112517,0.6157762862112517,0.6159063603376775,0.6159063603376775,0.6159063603376775,0.6160907793136177,0.6160907793136177,0.6160907793136177,0.616457289949681,0.616457289949681,0.616457289949681,0.6166258217730018,0.6166258217730018,0.6166258217730018,0.6167976990202073,0.6167976990202073,0.6167976990202073,0.6169071365890264,0.6169071365890264,0.6169071365890264,0.6179091727943954,0.6179091727943954,0.6179091727943954,0.6180554447785351,0.6180554447785351,0.6180554447785351,0.6182239942859704,0.6182239942859704,0.6182239942859704,0.6186947244425801,0.6186947244425801,0.6186947244425801,0.6188641859346103,0.6188641859346103,0.6188641859346103,0.6190069324127996,0.6190069324127996,0.6190069324127996,0.6190663921818674,0.6190663921818674,0.6190663921818674,0.6192495139633153,0.6192495139633153,0.6192495139633153,0.6193133521728368,0.6193133521728368,0.6193133521728368,0.6202651888046241,0.6202651888046241,0.6202651888046241,0.6203818271833224,0.6203818271833224,0.6203818271833224,0.6206438323728439,0.6206438323728439,0.6206438323728439,0.6208200546095161,0.6208200546095161,0.6208200546095161,0.6208601353836073,0.6208601353836073,0.6208601353836073,0.620914991561592,0.620914991561592,0.620914991561592,0.620974541624382,0.620974541624382,0.620974541624382,0.6211820168414732,0.6211820168414732,0.6211820168414732,0.6212771667353325,0.6212771667353325,0.6212771667353325,0.6213746255494617,0.6213746255494617,0.6213746255494617,0.6214745298338934,0.6214745298338934,0.6214745298338934,0.6216447411872488,0.6216447411872488,0.6216447411872488,0.6217954719747502,0.6217954719747502,0.6217954719747502,0.6218734488240435,0.6218734488240435,0.6218734488240435,0.6219494029851886,0.6219494029851886,0.6219494029851886,0.6221350705295903,0.6221350705295903,0.6221350705295903,0.6221863009525662,0.6221863009525662,0.6221863009525662,0.6222808911630857,0.6222808911630857,0.6222808911630857,0.6223227013562885,0.6223227013562885,0.6223227013562885,0.6223952572357693,0.6223952572357693,0.6223952572357693,0.6225477905748096,0.6225477905748096,0.6225477905748096,0.6226591524192279,0.6226591524192279,0.6226591524192279,0.6227393371160612,0.6227393371160612,0.6227393371160612,0.6228355613625525,0.6228355613625525,0.6228355613625525,0.6230059791116012,0.6230059791116012,0.6230059791116012,0.6231160631347323,0.6231160631347323,0.6231160631347323,0.6231892927998153,0.6231892927998153,0.6231892927998153,0.6232840637936164,0.6232840637936164,0.6232840637936164,0.6233326257694838,0.6233326257694838,0.6233326257694838,0.623381084512188,0.623381084512188,0.623381084512188,0.623479445956649,0.623479445956649,
0.010930088849771737,0.010930088849771737,0.010930088849771737,0.024918334411576086,0.024918334411576086,0.024918334411576086,0.03437388275287422,0.03437388275287422,0.03437388275287422,0.0881873727137342,0.0881873727137342,0.0881873727137342,0.14649804076054856,0.14649804076054856,0.14649804076054856,0.16807830400619753,0.16807830400619753,0.16807830400619753,0.20541389649969427,0.20541389649969427,0.20541389649969427,0.22950656698398061,0.22950656698398061,0.22950656698398061,0.2455057001622981,0.2455057001622981,0.2455057001622981,0.2587474365993507,0.2587474365993507,0.2587474365993507,0.2996114225616798,0.2996114225616798,0.2996114225616798,0.3197653877520751,0.3197653877520751,0.3197653877520751,0.3479036168747445,0.3479036168747445,0.3479036168747445,0.35505773435833776,0.35505773435833776,0.35505773435833776,0.3784519623131959,0.3784519623131959,0.3784519623131959,0.3894173507213466,0.3894173507213466,0.3894173507213466,0.4109237313364866,0.4109237313364866,0.4109237313364866,0.43015835384447276,0.43015835384447276,0.43015835384447276,0.44014894028039153,0.44014894028039153,0.44014894028039153,0.4520093810774701,0.4520093810774701,0.4520093810774701,0.46515274488461045,0.46515274488461045,0.46515274488461045,0.4709613995851236,0.4709613995851236,0.4709613995851236,0.4852823595515955,0.4852823595515955,0.4852823595515955,0.4894962682371264,0.4894962682371264,0.4894962682371264,0.49621437126468354,0.49621437126468354,0.49621437126468354,0.5032070704983289,0.5032070704983289,0.5032070704983289,0.5134559677883739,0.5134559677883739,0.5134559677883739,0.5172303106656062,0.5172303106656062,0.5172303106656062,0.5228751748810013,0.5228751748810013,0.5228751748810013,0.5276349959033703,0.5276349959033703,0.5276349959033703,0.5316301319455935,0.5316301319455935,0.5316301319455935,0.5353281860966743,0.5353281860966743,0.5353281860966743,0.538700020687098,0.538700020687098,0.538700020687098,0.5419819104244631,0.5419819104244631,0.5419819104244631,0.5475746947680669,0.5475746947680669,0.5475746947680669,0.5500588543316498,0.5500588543316498,0.5500588543316498,0.5532511495867696,0.5532511495867696,0.5532511495867696,0.5570239490807829,0.5570239490807829,0.5570239490807829,0.5595249388738367,0.5595249388738367,0.5595249388738367,0.5623672497614962,0.5623672497614962,0.5623672497614962,0.5654433849200833,0.5654433849200833,0.5654433849200833,0.5677521214602086,0.5677521214602086,0.5677521214602086,0.5697328129126513,0.5697328129126513,0.5697328129126513,0.5734131346238339,0.5734131346238339,0.5734131346238339,0.5750723941873099,0.5750723941873099,0.5750723941873099,0.5761552321525693,0.5761552321525693,0.5761552321525693,0.5776910191806395,0.5776910191806395,0.5776910191806395,0.5801781812790827,0.5801781812790827,0.5801781812790827,0.581511654433116,0.581511654433116,0.581511654433116,0.5825646152452787,0.5825646152452787,0.5825646152452787,0.5836989831335295,0.5836989831335295,0.5836989831335295,0.5852078725884801,0.5852078725884801,0.5852078725884801,0.5874797320543039,0.5874797320543039,0.5874797320543039,0.5885845790449109,0.5885845790449109,0.5885845790449109,0.5904275580925655,0.5904275580925655,0.5904275580925655,0.5918215632105148,0.5918215632105148,0.5918215632105148,0.5935716708414164,0.5935716708414164,0.5935716708414164,0.5950748843881137,0.5950748843881137,0.5950748843881137,0.5958944120393311,0.5958944120393311,0.5958944120393311,0.5970627947759412,0.5970627947759412,0.5970627947759412,0.5981873971462391,0.5981873971462391,0.5981873971462391,0.5987157504883206,0.5987157504883206,0.5987157504883206,0.599664844236124,0.599664844236124,0.599664844236124,0.6004225902300661,0.6004225902300661,0.6004225902300661,0.6011036941103348,0.6011036941103348,0.6011036941103348,0.6021804908644924,0.6021804908644924,0.6021804908644924,0.6030759316628465,0.6030759316628465,0.6030759316628465,0.6047760404291452,0.6047760404291452,0.6047760404291452,0.6058328508853739,0.6058328508853739,0.6058328508853739,0.6071146784369503,0.6071146784369503,0.6071146784369503,0.607847433672411,0.607847433672411,0.607847433672411,0.6082233559002078,0.6082233559002078,0.6082233559002078,0.6092073545948347,0.6092073545948347,0.6092073545948347,0.6101776043534075,0.6101776043534075,0.6101776043534075,0.6107304611093662,0.6107304611093662,0.6107304611093662,0.611391297068884,0.611391297068884,0.611391297068884,0.6121738277744901,0.6121738277744901,0.6121738277744901,0.6126378499036728,0.6126378499036728,0.6126378499036728,0.6129888655578293,0.6129888655578293,0.6129888655578293,0.6134452273002575,0.6134452273002575,0.6134452273002575,0.614345795535143,0.614345795535143,0.614345795535143,0.6147664243743015,0.6147664243743015,0.6147664243743015,0.6152381740194333,0.6152381740194333,0.6152381740194333,0.6159956840551564,0.6159956840551564,0.6159956840551564,0.6164062646756903,0.6164062646756903,0.6164062646756903,0.6173581538347054,0.6173581538347054,0.6173581538347054,0.6178621265139843,0.6178621265139843,0.6178621265139843,0.6180897006454809,0.6180897006454809,0.6180897006454809,0.6185734736186679,0.6185734736186679,0.6185734736186679,0.6190757943052014,0.6190757943052014,0.6190757943052014,0.619649351799872,0.619649351799872,0.619649351799872,0.6201506488707358,0.6201506488707358,0.6201506488707358,0.6207216750059651,0.6207216750059651,0.6207216750059651,0.6209523097173177,0.6209523097173177,0.6209523097173177,0.6211861346279186,0.6211861346279186,0.6211861346279186,0.6214015544464133,0.6214015544464133,0.6214015544464133,0.6217374889365285,0.6217374889365285,0.6217374889365285,0.6220533310752487,0.6220533310752487,0.6220533310752487,0.622464476277996,0.622464476277996,0.622464476277996,0.6228477760846103,0.6228477760846103,0.6228477760846103,0.6232916403912873,0.6232916403912873,0.6232916403912873,0.6236448129913474,0.6236448129913474,0.6236448129913474,0.6240501085399809,0.6240501085399809,0.6240501085399809,0.624234585364017,0.624234585364017,0.624234585364017,0.624430133356919,0.624430133356919,0.624430133356919,0.6246902276120603,0.6246902276120603,0.6246902276120603,0.6249328419840339,0.6249328419840339,0.6249328419840339,0.625155674509058,0.625155674509058,0.625155674509058,0.6254442647785279,0.6254442647785279,0.6254442647785279,0.6255839330100147,0.6255839330100147,0.6255839330100147,0.6258046882733096,0.6258046882733096,0.6258046882733096,0.6261532718694243,0.6261532718694243,0.6261532718694243,0.6265139756112439,0.6265139756112439,0.6265139756112439,0.6267847172058871,0.6267847172058871,0.6267847172058871,0.6269502320245706,0.6269502320245706,0.6269502320245706,0.6273009319968784,0.6273009319968784,0.6273009319968784,0.6275514657953641,0.6275514657953641,0.6275514657953641,0.6279127269345807,0.6279127269345807,0.6279127269345807,0.6280767198668478,0.6280767198668478,0.6280767198668478,0.6283053439373911,0.6283053439373911,0.6283053439373911,0.6284795340441879,0.6284795340441879,0.6284795340441879,0.6286546768043143,0.6286546768043143,0.6286546768043143,0.6289002029185018,0.6289002029185018,0.6289002029185018,0.6291972188753276,0.6291972188753276,0.6291972188753276,0.6296651006180104,0.6296651006180104,0.6296651006180104,0.6300483663545602,0.6300483663545602,0.6300483663545602,0.630319349852633,0.630319349852633,0.630319349852633,0.6305928533090426,0.6305928533090426,0.6305928533090426,0.6307587617770377,0.6307587617770377,0.6307587617770377,0.6308949300750146,0.6308949300750146,0.6308949300750146,0.6312616661265525,0.6312616661265525,0.6312616661265525,0.631479317572054,0.631479317572054,0.631479317572054,0.6316008627347341,0.6316008627347341,0.6316008627347341,0.6318094040800734,0.6318094040800734,0.6318094040800734,0.6319495050074548,0.6319495050074548,0.6319495050074548,0.6323435096229542,0.6323435096229542,0.6323435096229542,0.6326790510630695,0.6326790510630695,0.6326790510630695,0.6328096221771262,0.6328096221771262,0.6328096221771262,0.6329505824623118,0.6329505824623118,0.6329505824623118,0.6332412320265163,0.6332412320265163,0.6332412320265163,0.6334248823325627,0.6334248823325627,0.6334248823325627,0.6336104589802303,0.6336104589802303,0.6336104589802303,0.6337367068811477,0.6337367068811477,0.6337367068811477,0.6338634092310477,0.6338634092310477,0.6338634092310477,0.6340504123499695,0.6340504123499695,0.6340504123499695,0.6343437211153435,0.6343437211153435,0.6343437211153435,0.6345187581871844,0.6345187581871844,0.6345187581871844,0.6347025226332869,0.6347025226332869,0.6347025226332869,0.6347991600039774,0.6347991600039774,0.6347991600039774,0.6349991571904248,0.6349991571904248,0.6349991571904248,0.6352702690936913,0.6352702690936913,0.6352702690936913,0.6355567391830292,0.6355567391830292,0.6355567391830292,0.6359172843779998,0.6359172843779998,0.6359172843779998,0.6360720392609951,0.6360720392609951,0.6360720392609951,0.6362683949624359,0.6362683949624359,0.6362683949624359,0.6363492478932454,0.6363492478932454,0.6363492478932454,0.6365027550809136,0.6365027550809136,0.6365027550809136,0.6367440879171353,0.6367440879171353,0.6367440879171353,0.6369444629425832,0.6369444629425832,0.6369444629425832,0.6370369199237496,0.6370369199237496,0.6370369199237496,0.6370965303508344,0.6370965303508344,0.6370965303508344,0.637276249088192,0.637276249088192,0.637276249088192,0.6373250491817282,0.6373250491817282,0.6373250491817282,0.6375727082699363,0.6375727082699363,0.6375727082699363,0.6375976956302256,0.6375976956302256,0.6375976956302256,0.6376804216364417,0.6376804216364417,0.6376804216364417,0.6376998152281453,0.6376998152281453,
0.0,0.0,0.0,0.019940045883555482,0.019940045883555482,0.019940045883555482,0.07883733118316309,0.07883733118316309,0.07883733118316309,0.09269167324604428,0.09269167324604428,0.09269167324604428,0.13024831313100962,0.13024831313100962,0.13024831313100962,0.17097257265379986,0.17097257265379986,0.17097257265379986,0.20231603766679465,0.20231603766679465,0.20231603766679465,0.212329295390392,0.212329295390392,0.212329295390392,0.22143242201143715,0.22143242201143715,0.22143242201143715,0.242610251745616,0.242610251745616,0.242610251745616,0.271065599931797,0.271065599931797,0.271065599931797,0.31549486171376706,0.31549486171376706,0.31549486171376706,0.3470031521081461,0.3470031521081461,0.3470031521081461,0.36500290354100556,0.36500290354100556,0.36500290354100556,0.38297949195463815,0.38297949195463815,0.38297949195463815,0.4077671443498118,0.4077671443498118,0.4077671443498118,0.41590455654271075,0.41590455654271075,0.41590455654271075,0.42607798605300246,0.42607798605300246,0.42607798605300246,0.4375863077391307,0.4375863077391307,0.4375863077391307,0.44903817640909294,0.44903817640909294,0.44903817640909294,0.457611424743672,0.457611424743672,0.457611424743672,0.4660756004131545,0.4660756004131545,0.4660756004131545,0.4715225344794819,0.4715225344794819,0.4715225344794819,0.4787830704913095,0.4787830704913095,0.4787830704913095,0.4839802222719675,0.4839802222719675,0.4839802222719675,0.49802746646977414,0.49802746646977414,0.49802746646977414,0.5037742767209142,0.5037742767209142,0.5037742767209142,0.508805555691662,0.508805555691662,0.508805555691662,0.5140744742052114,0.5140744742052114,0.5140744742052114,0.5210312871786486,0.5210312871786486,0.5210312871786486,0.5247299480651123,0.5247299480651123,0.5247299480651123,0.5276539335388428,0.5276539335388428,0.5276539335388428,0.5338492449446441,0.5338492449446441,0.5338492449446441,0.5378065523201023,0.5378065523201023,0.5378065523201023,0.5419809516335065,0.5419809516335065,0.5419809516335065,0.5434543975316037,0.5434543975316037,0.5434543975316037,0.5481516129890938,0.5481516129890938,0.5481516129890938,0.5508552137747936,0.5508552137747936,0.5508552137747936,0.5531333435689619,0.5531333435689619,0.5531333435689619,0.5556233914738633,0.5556233914738633,0.5556233914738633,0.5569927654042515,0.5569927654042515,0.5569927654042515,0.55894496851675,0.55894496851675,0.55894496851675,0.5614957904073984,0.5614957904073984,0.5614957904073984,0.5631229840682184,0.5631229840682184,0.5631229840682184,0.5655952326318711,0.5655952326318711,0.5655952326318711,0.566914573495364,0.566914573495364,0.566914573495364,0.5683116311636641,0.5683116311636641,0.5683116311636641,0.5695989207812332,0.5695989207812332,0.5695989207812332,0.5715756042207115,0.5715756042207115,0.5715756042207115,0.5741594334516283,0.5741594334516283,0.5741594334516283,0.576663298244619,0.576663298244619,0.576663298244619,0.5793988235276748,0.5793988235276748,0.5793988235276748,0.5813768464483348,0.5813768464483348,0.5813768464483348,0.5826814331711102,0.5826814331711102,0.5826814331711102,0.5831985014688058,0.5831985014688058,0.5831985014688058,0.5851069080111811,0.5851069080111811,0.5851069080111811,0.5857208763647678,0.5857208763647678,0.5857208763647678,0.5868468649794022,0.5868468649794022,0.5868468649794022,0.5889062482364036,0.5889062482364036,0.5889062482364036,0.5897515139182717,0.5897515139182717,0.5897515139182717,0.5905385679258364,0.5905385679258364,0.5905385679258364,0.5917569331814921,0.5917569331814921,0.5917569331814921,0.5924799139315129,0.5924799139315129,0.5924799139315129,0.5933752142994954,0.5933752142994954,0.5933752142994954,0.5943876764123416,0.5943876764123416,0.5943876764123416,0.5961144427118845,0.5961144427118845,0.5961144427118845,0.5967597996884381,0.5967597996884381,0.5967597996884381,0.5971252103066993,0.5971252103066993,0.5971252103066993,0.5975662815821916,0.5975662815821916,0.5975662815821916,0.5979518734709612,0.5979518734709612,0.5979518734709612,0.5990756264112173,0.5990756264112173,0.5990756264112173,0.6005921747017424,0.6005921747017424,0.6005921747017424,0.601037794053911,0.601037794053911,0.601037794053911,0.6014639606998677,0.6014639606998677,0.6014639606998677,0.6024021418624811,0.6024021418624811,0.6024021418624811,0.6036263101278699,0.6036263101278699,0.6036263101278699,0.6047571599678214,0.6047571599678214,0.6047571599678214,0.6055001684920216,0.6055001684920216,0.6055001684920216,0.6059508327888697,0.6059508327888697,0.6059508327888697,0.6064866085544568,0.6064866085544568,0.6064866085544568,0.6068881762778604,0.6068881762778604,0.6068881762778604,0.6072296767978671,0.6072296767978671,0.6072296767978671,0.6078571920990684,0.6078571920990684,0.6078571920990684,0.6082788098328519,0.6082788098328519,0.6082788098328519,0.6087507327966765,0.6087507327966765,0.6087507327966765,0.6091871978722503,0.6091871978722503,0.6091871978722503,0.6096959869502746,0.6096959869502746,0.6096959869502746,0.6102517179804043,0.6102517179804043,0.6102517179804043,0.6110499290475178,0.6110499290475178,0.6110499290475178,0.6112609883629705,0.6112609883629705,0.6112609883629705,0.6115470273972495,0.6115470273972495,0.6115470273972495,0.6121483431706808,0.6121483431706808,0.6121483431706808,0.6123721342680419,0.6123721342680419,0.6123721342680419,0.6129416750635616,0.6129416750635616,0.6129416750635616,0.6134866667973468,0.6134866667973468,0.6134866667973468,0.6148231643066266,0.6148231643066266,0.6148231643066266,0.6152491750954354,0.6152491750954354,0.6152491750954354,0.615796826528901,0.615796826528901,0.615796826528901,0.6160684209225948,0.6160684209225948,0.6160684209225948,0.6164952403881864,0.6164952403881864,0.6164952403881864,0.6168435636304019,0.6168435636304019,0.6168435636304019,0.6172908069993911,0.6172908069993911,0.6172908069993911,0.6176154759604237,0.6176154759604237,0.6176154759604237,0.6178740778839241,0.6178740778839241,0.6178740778839241,0.618162520375365,0.618162520375365,0.618162520375365,0.618431591935201,0.618431591935201,0.618431591935201,0.6189180483682837,0.6189180483682837,0.6189180483682837,0.6192626389479964,0.6192626389479964,0.6192626389479964,0.619523486703824,0.619523486703824,0.619523486703824,0.6201282531847583,0.6201282531847583,0.6201282531847583,0.6204660833437395,0.6204660833437395,0.6204660833437395,0.6206765378470063,0.6206765378470063,0.6206765378470063,0.6208615103707548,0.6208615103707548,0.6208615103707548,0.6210627142126488,0.6210627142126488,0.6210627142126488,0.6214282407539704,0.6214282407539704,0.6214282407539704,0.6216133636813378,0.6216133636813378,0.6216133636813378,0.621780022124081,0.621780022124081,0.621780022124081,0.6220765324089134,0.6220765324089134,0.6220765324089134,0.62273336290067,0.62273336290067,0.62273336290067,0.6228558497117802,0.6228558497117802,0.6228558497117802,0.623007619267999,0.623007619267999,0.623007619267999,0.6231166794696733,0.6231166794696733,0.6231166794696733,0.6233073312152249,0.6233073312152249,0.6233073312152249,0.6234627713412352,0.6234627713412352,0.6234627713412352,0.6237847094568317,0.6237847094568317,0.6237847094568317,0.6239367289481624,0.6239367289481624,0.6239367289481624,0.6240144857093394,0.6240144857093394,0.6240144857093394,0.6241455344749414,0.6241455344749414,0.6241455344749414,0.6242441815095232,0.6242441815095232,0.6242441815095232,0.6243701316621377,0.6243701316621377,0.6243701316621377,0.6244664782973589,0.6244664782973589,0.6244664782973589,0.6246533674362483,0.6246533674362483,0.6246533674362483,0.6248766871350836,0.6248766871350836,0.6248766871350836,0.6250297324354313,0.6250297324354313,0.6250297324354313,0.6254844986132885,0.6254844986132885,0.6254844986132885,0.6257420081979356,0.6257420081979356,0.6257420081979356,0.6263276753278608,0.6263276753278608,0.6263276753278608,0.6264727007544963,0.6264727007544963,0.6264727007544963,0.6265676935850419,0.6265676935850419,0.6265676935850419,0.6267911577859996,0.6267911577859996,0.6267911577859996,0.6273316253184855,0.6273316253184855,0.6273316253184855,0.6274969838569382,0.6274969838569382,0.6274969838569382,0.6276772772316255,0.6276772772316255,0.6276772772316255,0.627805521387011,0.627805521387011,0.627805521387011,0.6281474735425723,0.6281474735425723,0.6281474735425723,0.6281875359891936,0.6281875359891936,0.6281875359891936,0.6282749465505659,0.6282749465505659,0.6282749465505659,0.6283662155689149,0.6283662155689149,0.6283662155689149,0.6285062766038444,0.6285062766038444,0.6285062766038444,0.6287834840191309,0.6287834840191309,0.6287834840191309,0.628894461900504,0.628894461900504,0.628894461900504,0.6289974229213582,0.6289974229213582,0.6289974229213582,0.6293028426980486,0.6293028426980486,0.6293028426980486,0.6293906188212103,0.6293906188212103,0.6293906188212103,0.6295426087005453,0.6295426087005453,0.6295426087005453,0.6296218506969576,0.6296218506969576,0.6296218506969576,0.6297337939730717,0.6297337939730717,0.6297337939730717,0.6297904365332426,0.6297904365332426,0.6297904365332426,0.629909435028434,0.629909435028434,0.629909435028434,0.6299797026855676,0.6299797026855676,0.6299797026855676,0.6300718712371913,0.6300718712371913,0.6300718712371913,0.630320116571595,0.630320116571595,0.630320116571595,0.6304047689373542,0.6304047689373542,0.6304047689373542,0.6305155235598374,0.6305155235598374,0.6305155235598374,0.6306629411338005,0.6306629411338005,0.6306629411338005,0.6311274100925371,0.6311274100925371,0.6311274100925371,0.6312511094974969,0.6312511094974969,
0.0,0.0,0.0,0.02017274312694525,0.02017274312694525,0.02017274312694525,0.0270768250149828,0.0270768250149828,0.0270768250149828,0.04895298044534736,0.04895298044534736,0.04895298044534736,0.0782304434734478,0.0782304434734478,0.0782304434734478,0.16221162833746314,0.16221162833746314,0.16221162833746314,0.1925521856526492,0.1925521856526492,0.1925521856526492,0.2103484659654783,0.2103484659654783,0.2103484659654783,0.24604477890658158,0.24604477890658158,0.24604477890658158,0.27191025053157863,0.27191025053157863,0.27191025053157863,0.29241293345644837,0.29241293345644837,0.29241293345644837,0.3317297619277944,0.3317297619277944,0.3317297619277944,0.3558367318669217,0.3558367318669217,0.3558367318669217,0.36520842993561825,0.36520842993561825,0.36520842993561825,0.3895610853739219,0.3895610853739219,0.3895610853739219,0.3980816408937006,0.3980816408937006,0.3980816408937006,0.41036107654675025,0.41036107654675025,0.41036107654675025,0.4168176658059166,0.4168176658059166,0.4168176658059166,0.4354447565713253,0.4354447565713253,0.4354447565713253,0.4463299010772051,0.4463299010772051,0.4463299010772051,0.45502972742493564,0.45502972742493564,0.45502972742493564,0.46725425846318336,0.46725425846318336,0.46725425846318336,0.47670554002896637,0.47670554002896637,0.47670554002896637,0.484358205424438,0.484358205424438,0.484358205424438,0.4915577253639544,0.4915577253639544,0.4915577253639544,0.5008573973709952,0.5008573973709952,0.5008573973709952,0.5115592658998322,0.5115592658998322,0.5115592658998322,0.5150145117451033,0.5150145117451033,0.5150145117451033,0.5190765421383682,0.5190765421383682,0.5190765421383682,0.5230786117070252,0.5230786117070252,0.5230786117070252,0.5286858525787453,0.5286858525787453,0.5286858525787453,0.5323166841704833,0.5323166841704833,0.5323166841704833,0.5376006981774634,0.5376006981774634,0.5376006981774634,0.5394272515949514,0.5394272515949514,0.5394272515949514,0.5413685060745085,0.5413685060745085,0.5413685060745085,0.545494734386141,0.545494734386141,0.545494734386141,0.5473388706628899,0.5473388706628899,0.5473388706628899,0.5489266263188014,0.5489266263188014,0.5489266263188014,0.551867891134596,0.551867891134596,0.551867891134596,0.5549577335350189,0.5549577335350189,0.5549577335350189,0.5574365589115894,0.5574365589115894,0.5574365589115894,0.56144640101703,0.56144640101703,0.56144640101703,0.5653765392069194,0.5653765392069194,0.5653765392069194,0.5664031516164677,0.5664031516164677,0.5664031516164677,0.5683871628143059,0.5683871628143059,0.5683871628143059,0.5705049376654309,0.5705049376654309,0.5705049376654309,0.5722488532683662,0.5722488532683662,0.5722488532683662,0.5734945723153221,0.5734945723153221,0.5734945723153221,0.5775303453622957,0.5775303453622957,0.5775303453622957,0.5789634613436531,0.5789634613436531,0.5789634613436531,0.5824620930751596,0.5824620930751596,0.5824620930751596,0.5836001686719526,0.5836001686719526,0.5836001686719526,0.5842978783448122,0.5842978783448122,0.5842978783448122,0.585468202549016,0.585468202549016,0.585468202549016,0.5869304351334564,0.5869304351334564,0.5869304351334564,0.5884307767838395,0.5884307767838395,0.5884307767838395,0.5897995013087916,0.5897995013087916,0.5897995013087916,0.5908049302420747,0.5908049302420747,0.5908049302420747,0.5919529126359976,0.5919529126359976,0.5919529126359976,0.592887878431787,0.592887878431787,0.592887878431787,0.5934143957898209,0.5934143957898209,0.5934143957898209,0.5942455307579552,0.5942455307579552,0.5942455307579552,0.595615052639958,0.595615052639958,0.595615052639958,0.5965323917777551,0.5965323917777551,0.5965323917777551,0.5969771203135121,0.5969771203135121,0.5969771203135121,0.5984724335738036,0.5984724335738036,0.5984724335738036,0.6000228047527449,0.6000228047527449,0.6000228047527449,0.6004782682951936,0.6004782682951936,0.6004782682951936,0.601353606229887,0.601353606229887,0.601353606229887,0.6026361845151929,0.6026361845151929,0.6026361845151929,0.6037521642059754,0.6037521642059754,0.6037521642059754,0.6047443739131467,0.6047443739131467,0.6047443739131467,0.6053687855514384,0.6053687855514384,0.6053687855514384,0.6061006851375403,0.6061006851375403,0.6061006851375403,0.6066247817959075,0.6066247817959075,0.6066247817959075,0.6071518738522136,0.6071518738522136,0.6071518738522136,0.6077063958315925,0.6077063958315925,0.6077063958315925,0.608369724101462,0.608369724101462,0.608369724101462,0.6090452873293452,0.6090452873293452,0.6090452873293452,0.6092995566878513,0.6092995566878513,0.6092995566878513,0.6094903381400393,0.6094903381400393,0.6094903381400393,0.6100886319556617,0.6100886319556617,0.6100886319556617,0.6105841463447292,0.6105841463447292,0.6105841463447292,0.6112095924781826,0.6112095924781826,0.6112095924781826,0.6135627057795072,0.6135627057795072,0.6135627057795072,0.6137793783647437,0.6137793783647437,0.6137793783647437,0.614128759760754,0.614128759760754,0.614128759760754,0.6144238223705862,0.6144238223705862,0.6144238223705862,0.6152012332646591,0.6152012332646591,0.6152012332646591,0.6156537680499791,0.6156537680499791,0.6156537680499791,0.6161488403853421,0.6161488403853421,0.6161488403853421,0.6164590025678955,0.6164590025678955,0.6164590025678955,0.616736836151757,0.616736836151757,0.616736836151757,0.6170781088644283,0.6170781088644283,0.6170781088644283,0.6172771255281818,0.6172771255281818,0.6172771255281818,0.617681615708005,0.617681615708005,0.617681615708005,0.6181116201506918,0.6181116201506918,0.6181116201506918,0.618539427162827,0.618539427162827,0.618539427162827,0.6190814685806043,0.6190814685806043,0.6190814685806043,0.6197443314388781,0.6197443314388781,0.6197443314388781,0.6199555027990147,0.6199555027990147,0.6199555027990147,0.6201686156376306,0.6201686156376306,0.6201686156376306,0.6203251017262033,0.6203251017262033,0.6203251017262033,0.6205374387008143,0.6205374387008143,0.6205374387008143,0.6206492887644983,0.6206492887644983,0.6206492887644983,0.620959040441079,0.620959040441079,0.620959040441079,0.621384929912525,0.621384929912525,0.621384929912525,0.6218250508502099,0.6218250508502099,0.6218250508502099,0.6220578631881655,0.6220578631881655,0.6220578631881655,0.6222683214623395,0.6222683214623395,0.6222683214623395,0.6224998682005145,0.6224998682005145,0.6224998682005145,0.6227887631656678,0.6227887631656678,0.6227887631656678,0.6230451520624402,0.6230451520624402,0.6230451520624402,0.6234130868778822,0.6234130868778822,0.6234130868778822,0.6237267408994539,0.6237267408994539,0.6237267408994539,0.623958118359624,0.623958118359624,0.623958118359624,0.6240646409641661,0.6240646409641661,0.6240646409641661,0.6246352802620109,0.6246352802620109,0.6246352802620109,0.624975486267739,0.624975486267739,0.624975486267739,0.6253165556398167,0.6253165556398167,0.6253165556398167,0.6255208474604405,0.6255208474604405,0.6255208474604405,0.6256835462676007,0.6256835462676007,0.6256835462676007,0.6259914887622563,0.6259914887622563,0.6259914887622563,0.6262036327694597,0.6262036327694597,0.6262036327694597,0.6265075547753732,0.6265075547753732,0.6265075547753732,0.6266584954475687,0.6266584954475687,0.6266584954475687,0.6268711290831828,0.6268711290831828,0.6268711290831828,0.6271354887725814,0.6271354887725814,0.6271354887725814,0.6273173669986879,0.6273173669986879,0.6273173669986879,0.6274368694109494,0.6274368694109494,0.6274368694109494,0.6280913211735516,0.6280913211735516,0.6280913211735516,0.628220808125714,0.628220808125714,0.628220808125714,0.6284070056627485,0.6284070056627485,0.6284070056627485,0.6287059548892827,0.6287059548892827,0.6287059548892827,0.6289247019699763,0.6289247019699763,0.6289247019699763,0.6290641983774544,0.6290641983774544,0.6290641983774544,0.6293832685400518,0.6293832685400518,0.6293832685400518,0.6294705630430406,0.6294705630430406,0.6294705630430406,0.6295176401448995,0.6295176401448995,0.6295176401448995,0.629723603060196,0.629723603060196,0.629723603060196,0.6298217011576717,0.6298217011576717,0.6298217011576717,0.6299673496381917,0.6299673496381917,0.6299673496381917,0.6301692677048804,0.6301692677048804,0.6301692677048804,0.6304644993155135,0.6304644993155135,0.6304644993155135,0.6305531910242598,0.6305531910242598,0.6305531910242598,0.6307408139480076,0.6307408139480076,0.6307408139480076,0.6309028328230649,0.6309028328230649,0.6309028328230649,0.6311706009731137,0.6311706009731137,0.6311706009731137,0.6313587966728981,0.6313587966728981,0.6313587966728981,0.6316001199569032,0.6316001199569032,0.6316001199569032,0.6317966085700425,0.6317966085700425,0.6317966085700425,0.6319564233583906,0.6319564233583906,0.6319564233583906,0.6320599381186369,0.6320599381186369,0.6320599381186369,0.6321497270217247,0.6321497270217247,0.6321497270217247,0.6323534618737994,0.6323534618737994,0.6323534618737994,0.6324790337580432,0.6324790337580432,0.6324790337580432,0.6325851791868488,0.6325851791868488,0.6325851791868488,0.6330703137013355,0.6330703137013355,0.6330703137013355,0.6331768725909296,0.6331768725909296,0.6331768725909296,0.633388508268751,0.633388508268751,0.633388508268751,0.6334802302783326,0.6334802302783326,0.6334802302783326,0.6337609039396398,0.6337609039396398,0.6337609039396398,0.6338048107009944,0.6338048107009944,0.6338048107009944,0.6339765825800832,0.6339765825800832,0.6339765825800832,0.6340254832183186,0.6340254832183186,0.6340254832183186,0.6340634139114392,0.6340634139114392,0.6340634139114392,0.6341349053788312,0.6341349053788312,
0.0,0.0,0.0,0.02455106285130287,0.02455106285130287,0.02455106285130287,0.024551062851302867,0.024551062851302867,0.024551062851302867,0.0809796118173933,0.0809796118173933,0.0809796118173933,0.09482852757230509,0.09482852757230509,0.09482852757230509,0.1395143090406565,0.1395143090406565,0.1395143090406565,0.19797358895036213,0.19797358895036213,0.19797358895036213,0.21028455417414874,0.21028455417414874,0.21028455417414874,0.22702613174975556,0.22702613174975556,0.22702613174975556,0.23377510550236646,0.23377510550236646,0.23377510550236646,0.265024201736767,0.265024201736767,0.265024201736767,0.2903203982549458,0.2903203982549458,0.2903203982549458,0.3158374615326351,0.3158374615326351,0.3158374615326351,0.3379242153707618,0.3379242153707618,0.3379242153707618,0.348031846174366,0.348031846174366,0.348031846174366,0.36488474564651585,0.36488474564651585,0.36488474564651585,0.3933541810662821,0.3933541810662821,0.3933541810662821,0.40474344672935336,0.40474344672935336,0.40474344672935336,0.4203896784823232,0.4203896784823232,0.4203896784823232,0.4357907920164597,0.4357907920164597,0.4357907920164597,0.455660209063007,0.455660209063007,0.455660209063007,0.46442366842274624,0.46442366842274624,0.46442366842274624,0.47688757086014005,0.47688757086014005,0.47688757086014005,0.48372870281535807,0.48372870281535807,0.48372870281535807,0.4927139810687871,0.4927139810687871,0.4927139810687871,0.49684412538187717,0.49684412538187717,0.49684412538187717,0.5047999169146257,0.5047999169146257,0.5047999169146257,0.5093239363112245,0.5093239363112245,0.5093239363112245,0.514510315487702,0.514510315487702,0.514510315487702,0.5198238024475369,0.5198238024475369,0.5198238024475369,0.5250411587969952,0.5250411587969952,0.5250411587969952,0.5297645950612159,0.5297645950612159,0.5297645950612159,0.5357312660543978,0.5357312660543978,0.5357312660543978,0.541135102612941,0.541135102612941,0.541135102612941,0.5464422124378782,0.5464422124378782,0.5464422124378782,0.550038731100673,0.550038731100673,0.550038731100673,0.5528204011679316,0.5528204011679316,0.5528204011679316,0.5571189997785677,0.5571189997785677,0.5571189997785677,0.5614324037464807,0.5614324037464807,0.5614324037464807,0.5637809594574152,0.5637809594574152,0.5637809594574152,0.5671992435496718,0.5671992435496718,0.5671992435496718,0.5704658675398383,0.5704658675398383,0.5704658675398383,0.5738268782321154,0.5738268782321154,0.5738268782321154,0.5756851980835754,0.5756851980835754,0.5756851980835754,0.5776774195293781,0.5776774195293781,0.5776774195293781,0.5796194100418385,0.5796194100418385,0.5796194100418385,0.5817011708381197,0.5817011708381197,0.5817011708381197,0.5831291101183493,0.5831291101183493,0.5831291101183493,0.5842427680218566,0.5842427680218566,0.5842427680218566,0.5854162062525394,0.5854162062525394,0.5854162062525394,0.586319016267022,0.586319016267022,0.586319016267022,0.5881333462605246,0.5881333462605246,0.5881333462605246,0.5897239676921948,0.5897239676921948,0.5897239676921948,0.591755145517481,0.591755145517481,0.591755145517481,0.5921874340199452,0.5921874340199452,0.5921874340199452,0.5931185359384061,0.5931185359384061,0.5931185359384061,0.5934288922181868,0.5934288922181868,0.5934288922181868,0.5943659856005872,0.5943659856005872,0.5943659856005872,0.5956742647656146,0.5956742647656146,0.5956742647656146,0.5963412135155829,0.5963412135155829,0.5963412135155829,0.5976051334565236,0.5976051334565236,0.5976051334565236,0.5983644241596758,0.5983644241596758,0.5983644241596758,0.5990291652013479,0.5990291652013479,0.5990291652013479,0.5999099084562717,0.5999099084562717,0.5999099084562717,0.6007747587053102,0.6007747587053102,0.6007747587053102,0.6017551881360905,0.6017551881360905,0.6017551881360905,0.6024264313660614,0.6024264313660614,0.6024264313660614,0.6029615486952036,0.6029615486952036,0.6029615486952036,0.6035333773736649,0.6035333773736649,0.6035333773736649,0.6042043066060837,0.6042043066060837,0.6042043066060837,0.6049453940982424,0.6049453940982424,0.6049453940982424,0.6054049064642947,0.6054049064642947,0.6054049064642947,0.6063793463632285,0.6063793463632285,0.6063793463632285,0.6068789015746612,0.6068789015746612,0.6068789015746612,0.6076847340632473,0.6076847340632473,0.6076847340632473,0.6081641402473011,0.6081641402473011,0.6081641402473011,0.6086893886561987,0.6086893886561987,0.6086893886561987,0.6096466687438767,0.6096466687438767,0.6096466687438767,0.6100285134872735,0.6100285134872735,0.6100285134872735,0.6106968400267597,0.6106968400267597,0.6106968400267597,0.6110356176452205,0.6110356176452205,0.6110356176452205,0.6114396999981472,0.6114396999981472,0.6114396999981472,0.6120774446933642,0.6120774446933642,0.6120774446933642,0.6123050215746635,0.6123050215746635,0.6123050215746635,0.6128764392877664,0.6128764392877664,0.6128764392877664,0.6134075229033901,0.6134075229033901,0.6134075229033901,0.6145406806421542,0.6145406806421542,0.6145406806421542,0.6150837748591598,0.6150837748591598,0.6150837748591598,0.615408594882985,0.615408594882985,0.615408594882985,0.6161257419209467,0.6161257419209467,0.6161257419209467,0.6164409401815039,0.6164409401815039,0.6164409401815039,0.6170219073744112,0.6170219073744112,0.6170219073744112,0.6175518388034892,0.6175518388034892,0.6175518388034892,0.6178820472578636,0.6178820472578636,0.6178820472578636,0.6181346966193485,0.6181346966193485,0.6181346966193485,0.6183560603080441,0.6183560603080441,0.6183560603080441,0.618560003022056,0.618560003022056,0.618560003022056,0.6188562381945679,0.6188562381945679,0.6188562381945679,0.6192613863412724,0.6192613863412724,0.6192613863412724,0.619445883502862,0.619445883502862,0.619445883502862,0.6199108094622924,0.6199108094622924,0.6199108094622924,0.6201141479194268,0.6201141479194268,0.6201141479194268,0.6203458655382428,0.6203458655382428,0.6203458655382428,0.6205053477848778,0.6205053477848778,0.6205053477848778,0.6209325789977687,0.6209325789977687,0.6209325789977687,0.6211283998756929,0.6211283998756929,0.6211283998756929,0.6216946229708744,0.6216946229708744,0.6216946229708744,0.6220592005324926,0.6220592005324926,0.6220592005324926,0.6223919424763631,0.6223919424763631,0.6223919424763631,0.622611819620532,0.622611819620532,0.622611819620532,0.6229288687646967,0.6229288687646967,0.6229288687646967,0.6233107145169292,0.6233107145169292,0.6233107145169292,0.623698102814249,0.623698102814249,0.623698102814249,0.624091878095445,0.624091878095445,0.624091878095445,0.6243447825003017,0.6243447825003017,0.6243447825003017,0.6246554064651341,0.6246554064651341,0.6246554064651341,0.6249190657961547,0.6249190657961547,0.6249190657961547,0.6250216414287713,0.6250216414287713,0.6250216414287713,0.6252987282121967,0.6252987282121967,0.6252987282121967,0.6255133324698523,0.6255133324698523,0.6255133324698523,0.6258759017150073,0.6258759017150073,0.6258759017150073,0.6260900113448288,0.6260900113448288,0.6260900113448288,0.6263270706216508,0.6263270706216508,0.6263270706216508,0.6265121728216578,0.6265121728216578,0.6265121728216578,0.6267002117896653,0.6267002117896653,0.6267002117896653,0.6269214408039275,0.6269214408039275,0.6269214408039275,0.6271633040213723,0.6271633040213723,0.6271633040213723,0.6273920213568662,0.6273920213568662,0.6273920213568662,0.6274929985883144,0.6274929985883144,0.6274929985883144,0.6277228722189783,0.6277228722189783,0.6277228722189783,0.6278668529391508,0.6278668529391508,0.6278668529391508,0.6280137995444717,0.6280137995444717,0.6280137995444717,0.6281888216946596,0.6281888216946596,0.6281888216946596,0.6283033006451002,0.6283033006451002,0.6283033006451002,0.6283996380870706,0.6283996380870706,0.6283996380870706,0.6285367748705387,0.6285367748705387,0.6285367748705387,0.6289122757103888,0.6289122757103888,0.6289122757103888,0.6291114348995624,0.6291114348995624,0.6291114348995624,0.6292668990411738,0.6292668990411738,0.6292668990411738,0.6293894861092921,0.6293894861092921,0.6293894861092921,0.6295746146191896,0.6295746146191896,0.6295746146191896,0.6296732287245532,0.6296732287245532,0.6296732287245532,0.6298259364203536,0.6298259364203536,0.6298259364203536,0.6299813997009174,0.6299813997009174,0.6299813997009174,0.6301084563253075,0.6301084563253075,0.6301084563253075,0.6305029869240691,0.6305029869240691,0.6305029869240691,0.630848691117399,0.630848691117399,0.630848691117399,0.6309581409779792,0.6309581409779792,0.6309581409779792,0.6313458040440727,0.6313458040440727,0.6313458040440727,0.6315163246611599,0.6315163246611599,0.6315163246611599,0.6315866083683855,0.6315866083683855,0.6315866083683855,0.6316830729578944,0.6316830729578944,0.6316830729578944,0.6321772295289984,0.6321772295289984,0.6321772295289984,0.6322673401198154,0.6322673401198154,0.6322673401198154,0.6323616432174134,0.6323616432174134,0.6323616432174134,0.6329401509674648,0.6329401509674648,0.6329401509674648,0.6330881355737323,0.6330881355737323,0.6330881355737323,0.6331254396415017,0.6331254396415017,0.6331254396415017,0.6331940527196946,0.6331940527196946,0.6331940527196946,0.6333352277378101,0.6333352277378101,0.6333352277378101,0.633490555142079,0.633490555142079,0.633490555142079,0.6338449774237717,0.6338449774237717,0.6338449774237717,0.6342542140325917,0.6342542140325917,0.6342542140325917,0.6343055278020541,0.6343055278020541,0.6343055278020541,0.634380421375081,0.634380421375081,0.634380421375081,0.6345029155918166,0.6345029155918166,0.6345029155918166,0.6345808292648387,0.6345808292648387,
0.0,0.0,0.0,0.008477878474937842,0.008477878474937842,0.008477878474937842,0.036135312294667724,0.036135312294667724,0.036135312294667724,0.055967915316431346,0.055967915316431346,0.055967915316431346,0.1248287943472471,0.1248287943472471,0.1248287943472471,0.1600562106813987,0.1600562106813987,0.1600562106813987,0.1972113085397747,0.1972113085397747,0.1972113085397747,0.22141913130680416,0.22141913130680416,0.22141913130680416,0.23711782765192987,0.23711782765192987,0.23711782765192987,0.2594597237765921,0.2594597237765921,0.2594597237765921,0.29156324947431506,0.29156324947431506,0.29156324947431506,0.31682817019892634,0.31682817019892634,0.31682817019892634,0.33731564138643505,0.33731564138643505,0.33731564138643505,0.35461032524616537,0.35461032524616537,0.35461032524616537,0.3756677524973476,0.3756677524973476,0.3756677524973476,0.38245263840301197,0.38245263840301197,0.38245263840301197,0.3964846572935306,0.3964846572935306,0.3964846572935306,0.4068388862386682,0.4068388862386682,0.4068388862386682,0.41930754527136704,0.41930754527136704,0.41930754527136704,0.4314015167357389,0.4314015167357389,0.4314015167357389,0.4449527794270701,0.4449527794270701,0.4449527794270701,0.45160317142422934,0.45160317142422934,0.45160317142422934,0.4572186528957854,0.4572186528957854,0.4572186528957854,0.47230079094762906,0.47230079094762906,0.47230079094762906,0.481008490518966,0.481008490518966,0.481008490518966,0.48951025251066044,0.48951025251066044,0.48951025251066044,0.49563307823637714,0.49563307823637714,0.49563307823637714,0.4987256812966758,0.4987256812966758,0.4987256812966758,0.506177627671047,0.506177627671047,0.506177627671047,0.5111458366053073,0.5111458366053073,0.5111458366053073,0.5153968070665231,0.5153968070665231,0.5153968070665231,0.5205786528765857,0.5205786528765857,0.5205786528765857,0.5250368671616599,0.5250368671616599,0.5250368671616599,0.5283580365160762,0.5283580365160762,0.5283580365160762,0.5347460510571383,0.5347460510571383,0.5347460510571383,0.537642283758181,0.537642283758181,0.537642283758181,0.5435571328960064,0.5435571328960064,0.5435571328960064,0.546246334776645,0.546246334776645,0.546246334776645,0.5501568360208985,0.5501568360208985,0.5501568360208985,0.553036151550613,0.553036151550613,0.553036151550613,0.5567923641205598,0.5567923641205598,0.5567923641205598,0.5587300394266955,0.5587300394266955,0.5587300394266955,0.5633483180227138,0.5633483180227138,0.5633483180227138,0.5655227771336321,0.5655227771336321,0.5655227771336321,0.5687922079295114,0.5687922079295114,0.5687922079295114,0.5698599588579667,0.5698599588579667,0.5698599588579667,0.5725086626700874,0.5725086626700874,0.5725086626700874,0.5759225896591835,0.5759225896591835,0.5759225896591835,0.5775634717638292,0.5775634717638292,0.5775634717638292,0.5804590258206026,0.5804590258206026,0.5804590258206026,0.5818848302665115,0.5818848302665115,0.5818848302665115,0.5835318307871488,0.5835318307871488,0.5835318307871488,0.5853458856311643,0.5853458856311643,0.5853458856311643,0.5864111185375406,0.5864111185375406,0.5864111185375406,0.5886067587396183,0.5886067587396183,0.5886067587396183,0.5906890821410296,0.5906890821410296,0.5906890821410296,0.5923195296961455,0.5923195296961455,0.5923195296961455,0.5935667232995139,0.5935667232995139,0.5935667232995139,0.5946912399442166,0.5946912399442166,0.5946912399442166,0.5960553928686055,0.5960553928686055,0.5960553928686055,0.597680886176073,0.597680886176073,0.597680886176073,0.5988144246022892,0.5988144246022892,0.5988144246022892,0.5998527791141784,0.5998527791141784,0.5998527791141784,0.6005062180872164,0.6005062180872164,0.6005062180872164,0.6024460011477417,0.6024460011477417,0.6024460011477417,0.6035153705297343,0.6035153705297343,0.6035153705297343,0.6043925375077613,0.6043925375077613,0.6043925375077613,0.6057034673535167,0.6057034673535167,0.6057034673535167,0.6068298066584201,0.6068298066584201,0.6068298066584201,0.607718684583087,0.607718684583087,0.607718684583087,0.6090524739198327,0.6090524739198327,0.6090524739198327,0.6096560818984523,0.6096560818984523,0.6096560818984523,0.6106429036168571,0.6106429036168571,0.6106429036168571,0.6112423569960839,0.6112423569960839,0.6112423569960839,0.6119929839240431,0.6119929839240431,0.6119929839240431,0.6127456201237316,0.6127456201237316,0.6127456201237316,0.6133212543267307,0.6133212543267307,0.6133212543267307,0.6141729756561002,0.6141729756561002,0.6141729756561002,0.6146015052864419,0.6146015052864419,0.6146015052864419,0.6153630901872968,0.6153630901872968,0.6153630901872968,0.6157642798370487,0.6157642798370487,0.6157642798370487,0.6167852312716025,0.6167852312716025,0.6167852312716025,0.6183418685066964,0.6183418685066964,0.6183418685066964,0.6193664374398196,0.6193664374398196,0.6193664374398196,0.6203687695808079,0.6203687695808079,0.6203687695808079,0.620659607166236,0.620659607166236,0.620659607166236,0.6211550264146491,0.6211550264146491,0.6211550264146491,0.621507745088841,0.621507745088841,0.621507745088841,0.6220800182182565,0.6220800182182565,0.6220800182182565,0.6228869004988838,0.6228869004988838,0.6228869004988838,0.6234808275296663,0.6234808275296663,0.6234808275296663,0.6238776215040625,0.6238776215040625,0.6238776215040625,0.6241770144838171,0.6241770144838171,0.6241770144838171,0.6245560490113068,0.6245560490113068,0.6245560490113068,0.6253699142380981,0.6253699142380981,0.6253699142380981,0.6257471868929898,0.6257471868929898,0.6257471868929898,0.6263069789259779,0.6263069789259779,0.6263069789259779,0.6268128273749253,0.6268128273749253,0.6268128273749253,0.6272413497945462,0.6272413497945462,0.6272413497945462,0.6274571939194076,0.6274571939194076,0.6274571939194076,0.6276581490772696,0.6276581490772696,0.6276581490772696,0.6279223612468818,0.6279223612468818,0.6279223612468818,0.6282979705044613,0.6282979705044613,0.6282979705044613,0.6286550174590898,0.6286550174590898,0.6286550174590898,0.6289840575729797,0.6289840575729797,0.6289840575729797,0.6292979026772019,0.6292979026772019,0.6292979026772019,0.6295882768215983,0.6295882768215983,0.6295882768215983,0.6299719227932656,0.6299719227932656,0.6299719227932656,0.6303498526527127,0.6303498526527127,0.6303498526527127,0.630874291658643,0.630874291658643,0.630874291658643,0.6311630690937163,0.6311630690937163,0.6311630690937163,0.6313700782575774,0.6313700782575774,0.6313700782575774,0.6316683203296849,0.6316683203296849,0.6316683203296849,0.6317974775133257,0.6317974775133257,0.6317974775133257,0.6320737396826716,0.6320737396826716,0.6320737396826716,0.6322201965917653,0.6322201965917653,0.6322201965917653,0.6326566912977765,0.6326566912977765,0.6326566912977765,0.6329488480836858,0.6329488480836858,0.6329488480836858,0.6330936740667471,0.6330936740667471,0.6330936740667471,0.633352238001007,0.633352238001007,0.633352238001007,0.6335204839098931,0.6335204839098931,0.6335204839098931,0.633822936225723,0.633822936225723,0.633822936225723,0.6340816961108049,0.6340816961108049,0.6340816961108049,0.6342665337042841,0.6342665337042841,0.6342665337042841,0.634426622373198,0.634426622373198,0.634426622373198,0.6345190306171176,0.6345190306171176,0.6345190306171176,0.6349576862162953,0.6349576862162953,0.6349576862162953,0.6351829068378162,0.6351829068378162,0.6351829068378162,0.6354043043271755,0.6354043043271755,0.6354043043271755,0.6355449129501889,0.6355449129501889,0.6355449129501889,0.635751547520334,0.635751547520334,0.635751547520334,0.6359187889156033,0.6359187889156033,0.6359187889156033,0.6361091827482513,0.6361091827482513,0.6361091827482513,0.6362573977994327,0.6362573977994327,0.6362573977994327,0.6364476535792017,0.6364476535792017,0.6364476535792017,0.6366054898990698,0.6366054898990698,0.6366054898990698,0.6371012337799092,0.6371012337799092,0.6371012337799092,0.6372357101503999,0.6372357101503999,0.6372357101503999,0.6372963344333041,0.6372963344333041,0.6372963344333041,0.6374550404900392,0.6374550404900392,0.6374550404900392,0.6376489454914469,0.6376489454914469,0.6376489454914469,0.6379349920562447,0.6379349920562447,0.6379349920562447,0.6380874947268445,0.6380874947268445,0.6380874947268445,0.6382116378515686,0.6382116378515686,0.6382116378515686,0.6382896996831428,0.6382896996831428,0.6382896996831428,0.638490665023199,0.638490665023199,0.638490665023199,0.6386025435204821,0.6386025435204821,0.6386025435204821,0.6387423246719697,0.6387423246719697,0.6387423246719697,0.6388620289727516,0.6388620289727516,0.6388620289727516,0.6390999455307298,0.6390999455307298,0.6390999455307298,0.6392085921265289,0.6392085921265289,0.6392085921265289,0.6394741035078395,0.6394741035078395,0.6394741035078395,0.6396458026641986,0.6396458026641986,0.6396458026641986,0.6398810293735142,0.6398810293735142,0.6398810293735142,0.6400438094767936,0.6400438094767936,0.6400438094767936,0.6401353087231745,0.6401353087231745,0.6401353087231745,0.6402192437449404,0.6402192437449404,0.6402192437449404,0.6403524444077263,0.6403524444077263,0.6403524444077263,0.640395003751501,0.640395003751501,0.640395003751501,0.6405234578127137,0.6405234578127137,0.6405234578127137,0.6405964076924924,0.6405964076924924,0.6405964076924924,0.6406779116811391,0.6406779116811391,0.6406779116811391,0.6407487148883814,0.6407487148883814,0.6407487148883814,0.6408416388079037,0.6408416388079037,0.6408416388079037,0.6408883800033836,0.6408883800033836,0.6408883800033836,0.6410147426362697,0.6410147426362697,0.6410147426362697,0.6412709532825482,0.6412709532825482,
0.004922669237039881,0.004922669237039881,0.004922669237039881,0.010091978710361181,0.010091978710361181,0.010091978710361181,0.03357011916965234,0.03357011916965234,0.03357011916965234,0.07894942117394294,0.07894942117394294,0.07894942117394294,0.11292178366808227,0.11292178366808227,0.11292178366808227,0.15095150950869277,0.15095150950869277,0.15095150950869277,0.19266902074062478,0.19266902074062478,0.19266902074062478,0.22429939921743078,0.22429939921743078,0.22429939921743078,0.24824148867091694,0.24824148867091694,0.24824148867091694,0.2655715638483726,0.2655715638483726,0.2655715638483726,0.28787100966468293,0.28787100966468293,0.28787100966468293,0.3165597010696784,0.3165597010696784,0.3165597010696784,0.33257027870439887,0.33257027870439887,0.33257027870439887,0.35530539950094736,0.35530539950094736,0.35530539950094736,0.38295120071011834,0.38295120071011834,0.38295120071011834,0.39479227933175376,0.39479227933175376,0.39479227933175376,0.403867841543894,0.403867841543894,0.403867841543894,0.4252250665077635,0.4252250665077635,0.4252250665077635,0.4343679186659452,0.4343679186659452,0.4343679186659452,0.4537942506538453,0.4537942506538453,0.4537942506538453,0.46260900814161854,0.46260900814161854,0.46260900814161854,0.4709249874584776,0.4709249874584776,0.4709249874584776,0.47817303452951054,0.47817303452951054,0.47817303452951054,0.4847998282111321,0.4847998282111321,0.4847998282111321,0.4922162740821552,0.4922162740821552,0.4922162740821552,0.49896325854823437,0.49896325854823437,0.49896325854823437,0.5065691046414244,0.5065691046414244,0.5065691046414244,0.5124870931906647,0.5124870931906647,0.5124870931906647,0.5170701128842825,0.5170701128842825,0.5170701128842825,0.5229346738893893,0.5229346738893893,0.5229346738893893,0.5251803212897463,0.5251803212897463,0.5251803212897463,0.5298000557695605,0.5298000557695605,0.5298000557695605,0.5336293778485637,0.5336293778485637,0.5336293778485637,0.5407073572666646,0.5407073572666646,0.5407073572666646,0.546206670637857,0.546206670637857,0.546206670637857,0.5483279522135527,0.5483279522135527,0.5483279522135527,0.5516296120664346,0.5516296120664346,0.5516296120664346,0.5567442965993938,0.5567442965993938,0.5567442965993938,0.5580494611921186,0.5580494611921186,0.5580494611921186,0.5623931877121103,0.5623931877121103,0.5623931877121103,0.5642569249441417,0.5642569249441417,0.5642569249441417,0.5667391244122226,0.5667391244122226,0.5667391244122226,0.5691938344542922,0.5691938344542922,0.5691938344542922,0.5718952336250067,0.5718952336250067,0.5718952336250067,0.5742182122733143,0.5742182122733143,0.5742182122733143,0.5779762168885341,0.5779762168885341,0.5779762168885341,0.5813348302736265,0.5813348302736265,0.5813348302736265,0.583590334835695,0.583590334835695,0.583590334835695,0.5850430324490374,0.5850430324490374,0.5850430324490374,0.5864479302298339,0.5864479302298339,0.5864479302298339,0.5880528086373601,0.5880528086373601,0.5880528086373601,0.5903134867113237,0.5903134867113237,0.5903134867113237,0.5920580294343404,0.5920580294343404,0.5920580294343404,0.5937861785439933,0.5937861785439933,0.5937861785439933,0.595514165682015,0.595514165682015,0.595514165682015,0.5967983008591192,0.5967983008591192,0.5967983008591192,0.5982179264080647,0.5982179264080647,0.5982179264080647,0.5992245754894878,0.5992245754894878,0.5992245754894878,0.6015744847335766,0.6015744847335766,0.6015744847335766,0.6022643364814638,0.6022643364814638,0.6022643364814638,0.6035510633159343,0.6035510633159343,0.6035510633159343,0.605192355595183,0.605192355595183,0.605192355595183,0.6071738624491348,0.6071738624491348,0.6071738624491348,0.608249425557667,0.608249425557667,0.608249425557667,0.6092623370578462,0.6092623370578462,0.6092623370578462,0.6102386751960654,0.6102386751960654,0.6102386751960654,0.6112408084825941,0.6112408084825941,0.6112408084825941,0.611856875317506,0.611856875317506,0.611856875317506,0.6127160549059393,0.6127160549059393,0.6127160549059393,0.6137375789510187,0.6137375789510187,0.6137375789510187,0.6143032667491353,0.6143032667491353,0.6143032667491353,0.6147551514015739,0.6147551514015739,0.6147551514015739,0.6157059702809721,0.6157059702809721,0.6157059702809721,0.6160252919283126,0.6160252919283126,0.6160252919283126,0.6165032437509415,0.6165032437509415,0.6165032437509415,0.617090338363317,0.617090338363317,0.617090338363317,0.6177780344055349,0.6177780344055349,0.6177780344055349,0.6183591500914762,0.6183591500914762,0.6183591500914762,0.6189893398793485,0.6189893398793485,0.6189893398793485,0.6192097403473803,0.6192097403473803,0.6192097403473803,0.6197265438853069,0.6197265438853069,0.6197265438853069,0.620216309474057,0.620216309474057,0.620216309474057,0.6208051772309436,0.6208051772309436,0.6208051772309436,0.6212718514476856,0.6212718514476856,0.6212718514476856,0.6215491136062062,0.6215491136062062,0.6215491136062062,0.6222145522796128,0.6222145522796128,0.6222145522796128,0.6228322641821018,0.6228322641821018,0.6228322641821018,0.6232907212349811,0.6232907212349811,0.6232907212349811,0.623783631032406,0.623783631032406,0.623783631032406,0.6243749457387795,0.6243749457387795,0.6243749457387795,0.6246542213697298,0.6246542213697298,0.6246542213697298,0.6250942718968912,0.6250942718968912,0.6250942718968912,0.6257159809923516,0.6257159809923516,0.6257159809923516,0.6262456320640044,0.6262456320640044,0.6262456320640044,0.6265796261763582,0.6265796261763582,0.6265796261763582,0.6268860620476234,0.6268860620476234,0.6268860620476234,0.6273904515446804,0.6273904515446804,0.6273904515446804,0.6277574645100311,0.6277574645100311,0.6277574645100311,0.6282602947956037,0.6282602947956037,0.6282602947956037,0.6285217709834846,0.6285217709834846,0.6285217709834846,0.6287562586490874,0.6287562586490874,0.6287562586490874,0.6291515679246191,0.6291515679246191,0.6291515679246191,0.6294796370512392,0.6294796370512392,0.6294796370512392,0.6299055207313322,0.6299055207313322,0.6299055207313322,0.6301518869221545,0.6301518869221545,0.6301518869221545,0.6302966427757183,0.6302966427757183,0.6302966427757183,0.6307432875970207,0.6307432875970207,0.6307432875970207,0.63108261668169,0.63108261668169,0.63108261668169,0.6314627873322655,0.6314627873322655,0.6314627873322655,0.6316777848941665,0.6316777848941665,0.6316777848941665,0.631834572254192,0.631834572254192,0.631834572254192,0.6320762869691446,0.6320762869691446,0.6320762869691446,0.6322987496199598,0.6322987496199598,0.6322987496199598,0.6324695935939094,0.6324695935939094,0.6324695935939094,0.6327117689104174,0.6327117689104174,0.6327117689104174,0.6329273134605921,0.6329273134605921,0.6329273134605921,0.6333113681857205,0.6333113681857205,0.6333113681857205,0.6334814579435623,0.6334814579435623,0.6334814579435623,0.6338763182185149,0.6338763182185149,0.6338763182185149,0.6339540479781439,0.6339540479781439,0.6339540479781439,0.6342491934453499,0.6342491934453499,0.6342491934453499,0.6343484983572415,0.6343484983572415,0.6343484983572415,0.6347143336535876,0.6347143336535876,0.6347143336535876,0.6348386974599851,0.6348386974599851,0.6348386974599851,0.6351855936171253,0.6351855936171253,0.6351855936171253,0.6354674640526131,0.6354674640526131,0.6354674640526131,0.6355600087558119,0.6355600087558119,0.6355600087558119,0.6357483852945504,0.6357483852945504,0.6357483852945504,0.6359383857666684,0.6359383857666684,0.6359383857666684,0.6362663860209934,0.6362663860209934,0.6362663860209934,0.6363589567768214,0.6363589567768214,0.6363589567768214,0.6364399633537201,0.6364399633537201,0.6364399633537201,0.6369211020071046,0.6369211020071046,0.6369211020071046,0.6371595172154576,0.6371595172154576,0.6371595172154576,0.6375229118432104,0.6375229118432104,0.6375229118432104,0.6376681990030465,0.6376681990030465,0.6376681990030465,0.6377751239776764,0.6377751239776764,0.6377751239776764,0.6378932606512397,0.6378932606512397,0.6378932606512397,0.6380254880350942,0.6380254880350942,0.6380254880350942,0.6381933117277007,0.6381933117277007,0.6381933117277007,0.6385266112581104,0.6385266112581104,0.6385266112581104,0.6386588988123105,0.6386588988123105,0.6386588988123105,0.6388521191546626,0.6388521191546626,0.6388521191546626,0.6390578642966561,0.6390578642966561,0.6390578642966561,0.6392992763047434,0.6392992763047434,0.6392992763047434,0.6393781732835306,0.6393781732835306,0.6393781732835306,0.6394475417026065,0.6394475417026065,0.6394475417026065,0.639573551493291,0.639573551493291,0.639573551493291,0.6396790201214398,0.6396790201214398,0.6396790201214398,0.6398105079083024,0.6398105079083024,0.6398105079083024,0.6399216940102718,0.6399216940102718,0.6399216940102718,0.6400964254972822,0.6400964254972822,0.6400964254972822,0.640224757785234,0.640224757785234,0.640224757785234,0.6403331902121973,0.6403331902121973,0.6403331902121973,0.6404574591554252,0.6404574591554252,0.6404574591554252,0.6405428671284153,0.6405428671284153,0.6405428671284153,0.6407930686114885,0.6407930686114885,0.6407930686114885,0.6411468384924945,0.6411468384924945,0.6411468384924945,0.6412286185293642,0.6412286185293642,0.6412286185293642,0.6414351807362819,0.6414351807362819,0.6414351807362819,0.6415713571440426,0.6415713571440426,0.6415713571440426,0.6415967144176871,0.6415967144176871,0.6415967144176871,0.6417156772414333,0.6417156772414333,0.6417156772414333,0.6418478917953752,0.6418478917953752,0.6418478917953752,0.6419382806189136,0.6419382806189136,0.6419382806189136,0.6420598853993223,0.6420598853993223,0.6420598853993223,0.6421187577820171,0.6421187577820171,
0.007495693520468788,0.007495693520468788,0.007495693520468788,0.04639461953248613,0.04639461953248613,0.04639461953248613,0.047903825234551285,0.047903825234551285,0.047903825234551285,0.06225148233120098,0.06225148233120098,0.06225148233120098,0.09973375313979677,0.09973375313979677,0.09973375313979677,0.12815018087092475,0.12815018087092475,0.12815018087092475,0.17356095803429056,0.17356095803429056,0.17356095803429056,0.1938676324267123,0.1938676324267123,0.1938676324267123,0.24069605199033878,0.24069605199033878,0.24069605199033878,0.25475332634190273,0.25475332634190273,0.25475332634190273,0.2652103473324651,0.2652103473324651,0.2652103473324651,0.2883824391816581,0.2883824391816581,0.2883824391816581,0.3133671279979349,0.3133671279979349,0.3133671279979349,0.3395712654674706,0.3395712654674706,0.3395712654674706,0.3561867851308272,0.3561867851308272,0.3561867851308272,0.36634897544668443,0.36634897544668443,0.36634897544668443,0.38077310648424756,0.38077310648424756,0.38077310648424756,0.3984639029209744,0.3984639029209744,0.3984639029209744,0.4138431884998446,0.4138431884998446,0.4138431884998446,0.4269850833420258,0.4269850833420258,0.4269850833420258,0.4345214605093636,0.4345214605093636,0.4345214605093636,0.45078458512894853,0.45078458512894853,0.45078458512894853,0.4589423509072294,0.4589423509072294,0.4589423509072294,0.471332806600714,0.471332806600714,0.471332806600714,0.4829074545017076,0.4829074545017076,0.4829074545017076,0.4902090497045826,0.4902090497045826,0.4902090497045826,0.5027487414998493,0.5027487414998493,0.5027487414998493,0.506896953767046,0.506896953767046,0.506896953767046,0.5113501928546232,0.5113501928546232,0.5113501928546232,0.5209602112262124,0.5209602112262124,0.5209602112262124,0.5242651133939573,0.5242651133939573,0.5242651133939573,0.5285638326842049,0.5285638326842049,0.5285638326842049,0.5324572940678396,0.5324572940678396,0.5324572940678396,0.5366324005782347,0.5366324005782347,0.5366324005782347,0.5382538124236294,0.5382538124236294,0.5382538124236294,0.5413556334956987,0.5413556334956987,0.5413556334956987,0.5462513547698256,0.5462513547698256,0.5462513547698256,0.548685185397649,0.548685185397649,0.548685185397649,0.5503221007152925,0.5503221007152925,0.5503221007152925,0.5533232848701782,0.5533232848701782,0.5533232848701782,0.5568859677130545,0.5568859677130545,0.5568859677130545,0.5604580740682721,0.5604580740682721,0.5604580740682721,0.5626139811513917,0.5626139811513917,0.5626139811513917,0.5638497911893483,0.5638497911893483,0.5638497911893483,0.5672092774097539,0.5672092774097539,0.5672092774097539,0.5691684421078331,0.5691684421078331,0.5691684421078331,0.5725472202818445,0.5725472202818445,0.5725472202818445,0.5739975965091285,0.5739975965091285,0.5739975965091285,0.5755493691318683,0.5755493691318683,0.5755493691318683,0.5771070890805399,0.5771070890805399,0.5771070890805399,0.5779582068993229,0.5779582068993229,0.5779582068993229,0.57894500870519,0.57894500870519,0.57894500870519,0.5800223912292292,0.5800223912292292,0.5800223912292292,0.5820672132475633,0.5820672132475633,0.5820672132475633,0.5844867051405176,0.5844867051405176,0.5844867051405176,0.5861190701593686,0.5861190701593686,0.5861190701593686,0.5875113390536105,0.5875113390536105,0.5875113390536105,0.5885807834488701,0.5885807834488701,0.5885807834488701,0.5896805127469995,0.5896805127469995,0.5896805127469995,0.5902525301756657,0.5902525301756657,0.5902525301756657,0.5910619236288812,0.5910619236288812,0.5910619236288812,0.5922254734150293,0.5922254734150293,0.5922254734150293,0.5929214593427479,0.5929214593427479,0.5929214593427479,0.5932695728683616,0.5932695728683616,0.5932695728683616,0.5940663450662665,0.5940663450662665,0.5940663450662665,0.5952121048667776,0.5952121048667776,0.5952121048667776,0.5960250777796472,0.5960250777796472,0.5960250777796472,0.5977716373770791,0.5977716373770791,0.5977716373770791,0.5986718566904562,0.5986718566904562,0.5986718566904562,0.5993232792896516,0.5993232792896516,0.5993232792896516,0.5999680625540275,0.5999680625540275,0.5999680625540275,0.600631825956827,0.600631825956827,0.600631825956827,0.6011513318899997,0.6011513318899997,0.6011513318899997,0.6018648689186886,0.6018648689186886,0.6018648689186886,0.6023891714009085,0.6023891714009085,0.6023891714009085,0.6028456193295617,0.6028456193295617,0.6028456193295617,0.6036311371206996,0.6036311371206996,0.6036311371206996,0.603887170557062,0.603887170557062,0.603887170557062,0.6044900427728943,0.6044900427728943,0.6044900427728943,0.605028090269929,0.605028090269929,0.605028090269929,0.605528747138915,0.605528747138915,0.605528747138915,0.6060145481171769,0.6060145481171769,0.6060145481171769,0.6064561485837342,0.6064561485837342,0.6064561485837342,0.6069659475108349,0.6069659475108349,0.6069659475108349,0.607623535611799,0.607623535611799,0.607623535611799,0.6078009428545369,0.6078009428545369,0.6078009428545369,0.6080523353997861,0.6080523353997861,0.6080523353997861,0.6084033181205708,0.6084033181205708,0.6084033181205708,0.6096577781251862,0.6096577781251862,0.6096577781251862,0.6103962386824655,0.6103962386824655,0.6103962386824655,0.6107270930093057,0.6107270930093057,0.6107270930093057,0.6109542164790089,0.6109542164790089,0.6109542164790089,0.6111671036744777,0.6111671036744777,0.6111671036744777,0.611495268728888,0.611495268728888,0.611495268728888,0.611951827984966,0.611951827984966,0.611951827984966,0.6121995372986094,0.6121995372986094,0.6121995372986094,0.61312480921349,0.61312480921349,0.61312480921349,0.6134760457116422,0.6134760457116422,0.6134760457116422,0.613769621850292,0.613769621850292,0.613769621850292,0.6140103887763892,0.6140103887763892,0.6140103887763892,0.6142649325664279,0.6142649325664279,0.6142649325664279,0.6145164926668071,0.6145164926668071,0.6145164926668071,0.614775846978501,0.614775846978501,0.614775846978501,0.6149392061237732,0.6149392061237732,0.6149392061237732,0.6151735913398104,0.6151735913398104,0.6151735913398104,0.6153484166124814,0.6153484166124814,0.6153484166124814,0.6156533624439181,0.6156533624439181,0.6156533624439181,0.6160754085889928,0.6160754085889928,0.6160754085889928,0.6162816035896947,0.6162816035896947,0.6162816035896947,0.6164840896026557,0.6164840896026557,0.6164840896026557,0.6166355984661261,0.6166355984661261,0.6166355984661261,0.6171523061507997,0.6171523061507997,0.6171523061507997,0.6172761878747104,0.6172761878747104,0.6172761878747104,0.6173948211496845,0.6173948211496845,0.6173948211496845,0.6174981911446343,0.6174981911446343,0.6174981911446343,0.6177993565170861,0.6177993565170861,0.6177993565170861,0.6179615985326883,0.6179615985326883,0.6179615985326883,0.6181489374945767,0.6181489374945767,0.6181489374945767,0.6182676813789386,0.6182676813789386,0.6182676813789386,0.6201346344001847,0.6201346344001847,0.6201346344001847,0.6202421755102044,0.6202421755102044,0.6202421755102044,0.6204494677249517,0.6204494677249517,0.6204494677249517,0.6206223923895675,0.6206223923895675,0.6206223923895675,0.6207633961925854,0.6207633961925854,0.6207633961925854,0.6208780674219212,0.6208780674219212,0.6208780674219212,0.621097667468751,0.621097667468751,0.621097667468751,0.6212397825265343,0.6212397825265343,0.6212397825265343,0.6213610315063013,0.6213610315063013,0.6213610315063013,0.6231306550048452,0.6231306550048452,0.6231306550048452,0.6232333385496391,0.6232333385496391,0.6232333385496391,0.6233286302539787,0.6233286302539787,0.6233286302539787,0.6233856124276631,0.6233856124276631,0.6233856124276631,0.6235347925733717,0.6235347925733717,0.6235347925733717,0.6238002530860959,0.6238002530860959,0.6238002530860959,0.6239712908829964,0.6239712908829964,0.6239712908829964,0.6241722857338996,0.6241722857338996,0.6241722857338996,0.6243683823355454,0.6243683823355454,0.6243683823355454,0.6244723732927219,0.6244723732927219,0.6244723732927219,0.6246878641273881,0.6246878641273881,0.6246878641273881,0.6247820202259109,0.6247820202259109,0.6247820202259109,0.6249282286314204,0.6249282286314204,0.6249282286314204,0.6250412745678848,0.6250412745678848,0.6250412745678848,0.6255364329799763,0.6255364329799763,0.6255364329799763,0.6256232355099812,0.6256232355099812,0.6256232355099812,0.6257066188103276,0.6257066188103276,0.6257066188103276,0.6257765155848564,0.6257765155848564,0.6257765155848564,0.6258568732930596,0.6258568732930596,0.6258568732930596,0.6259743806170893,0.6259743806170893,0.6259743806170893,0.6261299071157387,0.6261299071157387,0.6261299071157387,0.6261970827064501,0.6261970827064501,0.6261970827064501,0.6262829705052863,0.6262829705052863,0.6262829705052863,0.6263246049788146,0.6263246049788146,0.6263246049788146,0.6263789423114658,0.6263789423114658,0.6263789423114658,0.627162478293204,0.627162478293204,0.627162478293204,0.6273471945744504,0.6273471945744504,0.6273471945744504,0.627388426954183,0.627388426954183,0.627388426954183,0.6274587627717171,0.6274587627717171,0.6274587627717171,0.6276568925283112,0.6276568925283112,0.6276568925283112,0.6278190112606218,0.6278190112606218,0.6278190112606218,0.6278452444882806,0.6278452444882806,0.6278452444882806,0.6279443363702794,0.6279443363702794,0.6279443363702794,0.6288664887742182,0.6288664887742182,0.6288664887742182,0.6289797922143978,0.6289797922143978,0.6289797922143978,0.6290649703549542,0.6290649703549542,0.6290649703549542,0.6291932581149756,0.6291932581149756,0.6291932581149756,0.6292305463650754,0.6292305463650754,0.6292305463650754,0.6293081420144478,0.6293081420144478,
0.052025113580346005,0.052025113580346005,0.052025113580346005,0.05202511358034599,0.05202511358034599,0.05202511358034599,0.05653018404530485,0.05653018404530485,0.05653018404530485,0.07544207565369523,0.07544207565369523,0.07544207565369523,0.0818381657733931,0.0818381657733931,0.0818381657733931,0.1070156712782351,0.1070156712782351,0.1070156712782351,0.15767757189474343,0.15767757189474343,0.15767757189474343,0.18664308005931812,0.18664308005931812,0.18664308005931812,0.21140286410127457,0.21140286410127457,0.21140286410127457,0.23488725776950545,0.23488725776950545,0.23488725776950545,0.26639927670190844,0.26639927670190844,0.26639927670190844,0.29411162311238576,0.29411162311238576,0.29411162311238576,0.31339486129150995,0.31339486129150995,0.31339486129150995,0.3237392519054242,0.3237392519054242,0.3237392519054242,0.3535217983988496,0.3535217983988496,0.3535217983988496,0.36630202931702416,0.36630202931702416,0.36630202931702416,0.3726057224631714,0.3726057224631714,0.3726057224631714,0.39328328010058455,0.39328328010058455,0.39328328010058455,0.39872557860327784,0.39872557860327784,0.39872557860327784,0.4131118711919937,0.4131118711919937,0.4131118711919937,0.43119237019670736,0.43119237019670736,0.43119237019670736,0.43734154147736093,0.43734154147736093,0.43734154147736093,0.4466061301074675,0.4466061301074675,0.4466061301074675,0.4615221167715004,0.4615221167715004,0.4615221167715004,0.4658986768412343,0.4658986768412343,0.4658986768412343,0.4709379992514437,0.4709379992514437,0.4709379992514437,0.48657237081875576,0.48657237081875576,0.48657237081875576,0.4931468996406195,0.4931468996406195,0.4931468996406195,0.49882088265403945,0.49882088265403945,0.49882088265403945,0.5029505526528474,0.5029505526528474,0.5029505526528474,0.5120656891387505,0.5120656891387505,0.5120656891387505,0.5190666643112158,0.5190666643112158,0.5190666643112158,0.5251647571444984,0.5251647571444984,0.5251647571444984,0.5287558377588369,0.5287558377588369,0.5287558377588369,0.5332494463278465,0.5332494463278465,0.5332494463278465,0.5356726514266917,0.5356726514266917,0.5356726514266917,0.540838760548644,0.540838760548644,0.540838760548644,0.545386661416514,0.545386661416514,0.545386661416514,0.5506031975531676,0.5506031975531676,0.5506031975531676,0.552904941937585,0.552904941937585,0.552904941937585,0.5574507387419297,0.5574507387419297,0.5574507387419297,0.5609036265771224,0.5609036265771224,0.5609036265771224,0.56332899436531,0.56332899436531,0.56332899436531,0.565739824571565,0.565739824571565,0.565739824571565,0.5715497213416975,0.5715497213416975,0.5715497213416975,0.5731545473192869,0.5731545473192869,0.5731545473192869,0.5744521864006144,0.5744521864006144,0.5744521864006144,0.5760456210594991,0.5760456210594991,0.5760456210594991,0.5778791660430094,0.5778791660430094,0.5778791660430094,0.5791721184178947,0.5791721184178947,0.5791721184178947,0.5828788549412914,0.5828788549412914,0.5828788549412914,0.5845837939660854,0.5845837939660854,0.5845837939660854,0.5866775158812658,0.5866775158812658,0.5866775158812658,0.5874854380581338,0.5874854380581338,0.5874854380581338,0.5900318698293716,0.5900318698293716,0.5900318698293716,0.5918827658853493,0.5918827658853493,0.5918827658853493,0.5930777106307782,0.5930777106307782,0.5930777106307782,0.5947837197223622,0.5947837197223622,0.5947837197223622,0.5957900132767904,0.5957900132767904,0.5957900132767904,0.5974458782541564,0.5974458782541564,0.5974458782541564,0.5988903042868755,0.5988903042868755,0.5988903042868755,0.5999852399419516,0.5999852399419516,0.5999852399419516,0.6018857322746352,0.6018857322746352,0.6018857322746352,0.6024116551884343,0.6024116551884343,0.6024116551884343,0.6031359848489181,0.6031359848489181,0.6031359848489181,0.6047357637830647,0.6047357637830647,0.6047357637830647,0.6055825856281561,0.6055825856281561,0.6055825856281561,0.6064402051521469,0.6064402051521469,0.6064402051521469,0.6078719071458958,0.6078719071458958,0.6078719071458958,0.608705012883385,0.608705012883385,0.608705012883385,0.6095039955980702,0.6095039955980702,0.6095039955980702,0.6104694249428824,0.6104694249428824,0.6104694249428824,0.6110508028176804,0.6110508028176804,0.6110508028176804,0.611961986238437,0.611961986238437,0.611961986238437,0.6127966423703105,0.6127966423703105,0.6127966423703105,0.6134472050654767,0.6134472050654767,0.6134472050654767,0.6143525798879121,0.6143525798879121,0.6143525798879121,0.6153775561871976,0.6153775561871976,0.6153775561871976,0.6159659499544134,0.6159659499544134,0.6159659499544134,0.616268657377711,0.616268657377711,0.616268657377711,0.6167454721677827,0.6167454721677827,0.6167454721677827,0.617261371129814,0.617261371129814,0.617261371129814,0.6177871386973057,0.6177871386973057,0.6177871386973057,0.6181974899119631,0.6181974899119631,0.6181974899119631,0.6188966615685724,0.6188966615685724,0.6188966615685724,0.6195140431423446,0.6195140431423446,0.6195140431423446,0.6199948431119868,0.6199948431119868,0.6199948431119868,0.6202656998558516,0.6202656998558516,0.6202656998558516,0.620362027213071,0.620362027213071,0.620362027213071,0.6206625351187609,0.6206625351187609,0.6206625351187609,0.6209103649205406,0.6209103649205406,0.6209103649205406,0.6214764507587466,0.6214764507587466,0.6214764507587466,0.6218822072163669,0.6218822072163669,0.6218822072163669,0.6222527205204718,0.6222527205204718,0.6222527205204718,0.622678284467621,0.622678284467621,0.622678284467621,0.6230561191526204,0.6230561191526204,0.6230561191526204,0.6235591089633363,0.6235591089633363,0.6235591089633363,0.6242359724212984,0.6242359724212984,0.6242359724212984,0.6245825562511722,0.6245825562511722,0.6245825562511722,0.6252875565021676,0.6252875565021676,0.6252875565021676,0.6257320508992051,0.6257320508992051,0.6257320508992051,0.6261265889071013,0.6261265889071013,0.6261265889071013,0.6264823841590591,0.6264823841590591,0.6264823841590591,0.6267738529147404,0.6267738529147404,0.6267738529147404,0.6274156852472351,0.6274156852472351,0.6274156852472351,0.6277553889616978,0.6277553889616978,0.6277553889616978,0.6280811654220158,0.6280811654220158,0.6280811654220158,0.6288308480073167,0.6288308480073167,0.6288308480073167,0.6291325067704264,0.6291325067704264,0.6291325067704264,0.629504250178726,0.629504250178726,0.629504250178726,0.6299234593112756,0.6299234593112756,0.6299234593112756,0.6301220905596304,0.6301220905596304,0.6301220905596304,0.6304619648205859,0.6304619648205859,0.6304619648205859,0.6307770750100818,0.6307770750100818,0.6307770750100818,0.6310034786448389,0.6310034786448389,0.6310034786448389,0.6314305637906324,0.6314305637906324,0.6314305637906324,0.6317898093174396,0.6317898093174396,0.6317898093174396,0.632312971044878,0.632312971044878,0.632312971044878,0.6325822702349054,0.6325822702349054,0.6325822702349054,0.6327988476014584,0.6327988476014584,0.6327988476014584,0.6330685348662723,0.6330685348662723,0.6330685348662723,0.633383287090708,0.633383287090708,0.633383287090708,0.6338514158439983,0.6338514158439983,0.6338514158439983,0.6341223821370563,0.6341223821370563,0.6341223821370563,0.6342425708378844,0.6342425708378844,0.6342425708378844,0.6344658473594262,0.6344658473594262,0.6344658473594262,0.6351100750328729,0.6351100750328729,0.6351100750328729,0.6352347284612024,0.6352347284612024,0.6352347284612024,0.6354248762940052,0.6354248762940052,0.6354248762940052,0.6355244434219646,0.6355244434219646,0.6355244434219646,0.6357068552975341,0.6357068552975341,0.6357068552975341,0.635865957020983,0.635865957020983,0.635865957020983,0.6361111501134961,0.6361111501134961,0.6361111501134961,0.6363879942930529,0.6363879942930529,0.6363879942930529,0.6366133541497015,0.6366133541497015,0.6366133541497015,0.6369030575439046,0.6369030575439046,0.6369030575439046,0.6370187441007931,0.6370187441007931,0.6370187441007931,0.6371834572584616,0.6371834572584616,0.6371834572584616,0.6373655641830203,0.6373655641830203,0.6373655641830203,0.6376049452471542,0.6376049452471542,0.6376049452471542,0.6378829932916656,0.6378829932916656,0.6378829932916656,0.6381985418819076,0.6381985418819076,0.6381985418819076,0.6385410299546826,0.6385410299546826,0.6385410299546826,0.6386725429977193,0.6386725429977193,0.6386725429977193,0.6389403176107773,0.6389403176107773,0.6389403176107773,0.6392881020710367,0.6392881020710367,0.6392881020710367,0.6394608825992237,0.6394608825992237,0.6394608825992237,0.6396934937208952,0.6396934937208952,0.6396934937208952,0.6398088657559834,0.6398088657559834,0.6398088657559834,0.6401864696073591,0.6401864696073591,0.6401864696073591,0.6403370485056871,0.6403370485056871,0.6403370485056871,0.6404621884716053,0.6404621884716053,0.6404621884716053,0.6409239843435036,0.6409239843435036,0.6409239843435036,0.6410336669474748,0.6410336669474748,0.6410336669474748,0.6410915955573033,0.6410915955573033,0.6410915955573033,0.6412398227296688,0.6412398227296688,0.6412398227296688,0.6414045034913135,0.6414045034913135,0.6414045034913135,0.6415036432770003,0.6415036432770003,0.6415036432770003,0.6417609189295964,0.6417609189295964,0.6417609189295964,0.6420632526112104,0.6420632526112104,0.6420632526112104,0.6422196134885501,0.6422196134885501,0.6422196134885501,0.6422886851169327,0.6422886851169327,0.6422886851169327,0.6423714662635803,0.6423714662635803,0.6423714662635803,0.6425450167008633,0.6425450167008633,0.6425450167008633,0.6426178004611725,0.6426178004611725,0.6426178004611725,0.6428045614813022,0.6428045614813022,0.6428045614813022,0.6429452987925562,0.6429452987925562,
0.024630084366716945,0.024630084366716945,0.024630084366716945,0.0487142945163102,0.0487142945163102,0.0487142945163102,0.06226344897397229,0.06226344897397229,0.06226344897397229,0.09796497827951117,0.09796497827951117,0.09796497827951117,0.16607193940255618,0.16607193940255618,0.16607193940255618,0.19982027595503385,0.19982027595503385,0.19982027595503385,0.22303547827276046,0.22303547827276046,0.22303547827276046,0.25055754722632395,0.25055754722632395,0.25055754722632395,0.2658559876612629,0.2658559876612629,0.2658559876612629,0.2851332168789074,0.2851332168789074,0.2851332168789074,0.31214111514815485,0.31214111514815485,0.31214111514815485,0.32369860243170595,0.32369860243170595,0.32369860243170595,0.34122972303635063,0.34122972303635063,0.34122972303635063,0.3669650507038334,0.3669650507038334,0.3669650507038334,0.3868791159206785,0.3868791159206785,0.3868791159206785,0.393604519840922,0.393604519840922,0.393604519840922,0.4148670242059407,0.4148670242059407,0.4148670242059407,0.4228459433935776,0.4228459433935776,0.4228459433935776,0.43402726957699933,0.43402726957699933,0.43402726957699933,0.44568411840732225,0.44568411840732225,0.44568411840732225,0.4513584760086497,0.4513584760086497,0.4513584760086497,0.46144199098937183,0.46144199098937183,0.46144199098937183,0.466679910909438,0.466679910909438,0.466679910909438,0.47790872712846283,0.47790872712846283,0.47790872712846283,0.4872420401549268,0.4872420401549268,0.4872420401549268,0.49708310481186385,0.49708310481186385,0.49708310481186385,0.5026964393133855,0.5026964393133855,0.5026964393133855,0.511109400537197,0.511109400537197,0.511109400537197,0.5146816042717537,0.5146816042717537,0.5146816042717537,0.5184039959672067,0.5184039959672067,0.5184039959672067,0.5215687542683766,0.5215687542683766,0.5215687542683766,0.5262104130578633,0.5262104130578633,0.5262104130578633,0.5300390273693563,0.5300390273693563,0.5300390273693563,0.5323889509896619,0.5323889509896619,0.5323889509896619,0.5361343653203109,0.5361343653203109,0.5361343653203109,0.539347662185044,0.539347662185044,0.539347662185044,0.5460231848317193,0.5460231848317193,0.5460231848317193,0.5508646954685705,0.5508646954685705,0.5508646954685705,0.5544099352790558,0.5544099352790558,0.5544099352790558,0.5609527775128148,0.5609527775128148,0.5609527775128148,0.562698458100301,0.562698458100301,0.562698458100301,0.5663370318939904,0.5663370318939904,0.5663370318939904,0.5676852540013192,0.5676852540013192,0.5676852540013192,0.5711085187654495,0.5711085187654495,0.5711085187654495,0.5739119725586225,0.5739119725586225,0.5739119725586225,0.5764355264931673,0.5764355264931673,0.5764355264931673,0.5783489651063597,0.5783489651063597,0.5783489651063597,0.5799740607245167,0.5799740607245167,0.5799740607245167,0.5812944483034542,0.5812944483034542,0.5812944483034542,0.5826287542877051,0.5826287542877051,0.5826287542877051,0.5838379867909395,0.5838379867909395,0.5838379867909395,0.5848533789715625,0.5848533789715625,0.5848533789715625,0.5862428016281196,0.5862428016281196,0.5862428016281196,0.5873081812890253,0.5873081812890253,0.5873081812890253,0.5886513702241818,0.5886513702241818,0.5886513702241818,0.5895008486567548,0.5895008486567548,0.5895008486567548,0.5916805572763721,0.5916805572763721,0.5916805572763721,0.5933979337349343,0.5933979337349343,0.5933979337349343,0.5953187605308049,0.5953187605308049,0.5953187605308049,0.595853677030801,0.595853677030801,0.595853677030801,0.5973158377737988,0.5973158377737988,0.5973158377737988,0.5983855165498371,0.5983855165498371,0.5983855165498371,0.5994124794656043,0.5994124794656043,0.5994124794656043,0.6005728451868906,0.6005728451868906,0.6005728451868906,0.6014684997870433,0.6014684997870433,0.6014684997870433,0.6018268391979383,0.6018268391979383,0.6018268391979383,0.6029176493507551,0.6029176493507551,0.6029176493507551,0.6034999552489557,0.6034999552489557,0.6034999552489557,0.6044129817221869,0.6044129817221869,0.6044129817221869,0.6054689368675639,0.6054689368675639,0.6054689368675639,0.6058613997712411,0.6058613997712411,0.6058613997712411,0.6064275598755168,0.6064275598755168,0.6064275598755168,0.6084224858933316,0.6084224858933316,0.6084224858933316,0.6090017179263637,0.6090017179263637,0.6090017179263637,0.6101342975968072,0.6101342975968072,0.6101342975968072,0.6110728086608602,0.6110728086608602,0.6110728086608602,0.6113350822247946,0.6113350822247946,0.6113350822247946,0.6121336222066807,0.6121336222066807,0.6121336222066807,0.6126316677897331,0.6126316677897331,0.6126316677897331,0.613235024722864,0.613235024722864,0.613235024722864,0.6137987114842658,0.6137987114842658,0.6137987114842658,0.6145851920173265,0.6145851920173265,0.6145851920173265,0.6153415652648265,0.6153415652648265,0.6153415652648265,0.6158980169750845,0.6158980169750845,0.6158980169750845,0.6163447545714469,0.6163447545714469,0.6163447545714469,0.6166577348377453,0.6166577348377453,0.6166577348377453,0.6169703272843086,0.6169703272843086,0.6169703272843086,0.6172467272329623,0.6172467272329623,0.6172467272329623,0.6178049707022856,0.6178049707022856,0.6178049707022856,0.6182609067289401,0.6182609067289401,0.6182609067289401,0.6187959689912045,0.6187959689912045,0.6187959689912045,0.6192176335076105,0.6192176335076105,0.6192176335076105,0.6197709392822514,0.6197709392822514,0.6197709392822514,0.6203496144833648,0.6203496144833648,0.6203496144833648,0.6209128744715985,0.6209128744715985,0.6209128744715985,0.6214087164641773,0.6214087164641773,0.6214087164641773,0.6215543169143499,0.6215543169143499,0.6215543169143499,0.6220118054557198,0.6220118054557198,0.6220118054557198,0.6224913695805186,0.6224913695805186,0.6224913695805186,0.6230531586069464,0.6230531586069464,0.6230531586069464,0.6235420889308346,0.6235420889308346,0.6235420889308346,0.623995253539217,0.623995253539217,0.623995253539217,0.624540526786338,0.624540526786338,0.624540526786338,0.6248729237902076,0.6248729237902076,0.6248729237902076,0.6252034577472122,0.6252034577472122,0.6252034577472122,0.6255949622829338,0.6255949622829338,0.6255949622829338,0.6259880614261687,0.6259880614261687,0.6259880614261687,0.6264985782381932,0.6264985782381932,0.6264985782381932,0.6268889571486622,0.6268889571486622,0.6268889571486622,0.6271821855041672,0.6271821855041672,0.6271821855041672,0.6277109585014508,0.6277109585014508,0.6277109585014508,0.6281955032015122,0.6281955032015122,0.6281955032015122,0.6288517822258494,0.6288517822258494,0.6288517822258494,0.6291783298308851,0.6291783298308851,0.6291783298308851,0.6294152602672936,0.6294152602672936,0.6294152602672936,0.629878402513974,0.629878402513974,0.629878402513974,0.6302053669886435,0.6302053669886435,0.6302053669886435,0.6303962926853962,0.6303962926853962,0.6303962926853962,0.6307413217562977,0.6307413217562977,0.6307413217562977,0.6310299846769798,0.6310299846769798,0.6310299846769798,0.6313199753931311,0.6313199753931311,0.6313199753931311,0.6315533886189779,0.6315533886189779,0.6315533886189779,0.6318806929566825,0.6318806929566825,0.6318806929566825,0.6322031896416918,0.6322031896416918,0.6322031896416918,0.6322733620140446,0.6322733620140446,0.6322733620140446,0.6325157923580755,0.6325157923580755,0.6325157923580755,0.632672744786811,0.632672744786811,0.632672744786811,0.6331777540915643,0.6331777540915643,0.6331777540915643,0.6333671347519974,0.6333671347519974,0.6333671347519974,0.6335011438216556,0.6335011438216556,0.6335011438216556,0.6337847601078384,0.6337847601078384,0.6337847601078384,0.6339766799524343,0.6339766799524343,0.6339766799524343,0.6341882716886629,0.6341882716886629,0.6341882716886629,0.6344367300323517,0.6344367300323517,0.6344367300323517,0.6346130767505737,0.6346130767505737,0.6346130767505737,0.6347311748702946,0.6347311748702946,0.6347311748702946,0.6349749831082058,0.6349749831082058,0.6349749831082058,0.6351757959857356,0.6351757959857356,0.6351757959857356,0.6353770258993543,0.6353770258993543,0.6353770258993543,0.6354978095115309,0.6354978095115309,0.6354978095115309,0.635726758690127,0.635726758690127,0.635726758690127,0.6358930064989378,0.6358930064989378,0.6358930064989378,0.6361481138297126,0.6361481138297126,0.6361481138297126,0.6363106373226833,0.6363106373226833,0.6363106373226833,0.6367968528112323,0.6367968528112323,0.6367968528112323,0.6369641744299037,0.6369641744299037,0.6369641744299037,0.637023948431743,0.637023948431743,0.637023948431743,0.6371112405534842,0.6371112405534842,0.6371112405534842,0.6372676665148492,0.6372676665148492,0.6372676665148492,0.6375820892015627,0.6375820892015627,0.6375820892015627,0.6377201975396611,0.6377201975396611,0.6377201975396611,0.6379626682052795,0.6379626682052795,0.6379626682052795,0.6381065661926145,0.6381065661926145,0.6381065661926145,0.6382442944468646,0.6382442944468646,0.6382442944468646,0.638423285971823,0.638423285971823,0.638423285971823,0.6386214694471758,0.6386214694471758,0.6386214694471758,0.6387957559694158,0.6387957559694158,0.6387957559694158,0.6389274589648954,0.6389274589648954,0.6389274589648954,0.6390249151535073,0.6390249151535073,0.6390249151535073,0.6391267067781534,0.6391267067781534,0.6391267067781534,0.6391965406818308,0.6391965406818308,0.6391965406818308,0.6393196333720906,0.6393196333720906,0.6393196333720906,0.6394331456602015,0.6394331456602015,0.6394331456602015,0.6395177634206949,0.6395177634206949,0.6395177634206949,0.6396133289987179,0.6396133289987179,0.6396133289987179,0.6397317403492442,0.6397317403492442,0.6397317403492442,0.639967854449683,0.639967854449683,
0.002128504657968897,0.002128504657968897,0.002128504657968897,0.002417077126548057,0.002417077126548057,0.002417077126548057,0.057387921291918546,0.057387921291918546,0.057387921291918546,0.07364122174635394,0.07364122174635394,0.07364122174635394,0.10150655511536676,0.10150655511536676,0.10150655511536676,0.12923966445839796,0.12923966445839796,0.12923966445839796,0.1675629376725634,0.1675629376725634,0.1675629376725634,0.18828467224512782,0.18828467224512782,0.18828467224512782,0.22491204265844866,0.22491204265844866,0.22491204265844866,0.24629557692020151,0.24629557692020151,0.24629557692020151,0.28293929795717804,0.28293929795717804,0.28293929795717804,0.3059742393997406,0.3059742393997406,0.3059742393997406,0.32207832625331156,0.32207832625331156,0.32207832625331156,0.33819701551060183,0.33819701551060183,0.33819701551060183,0.36250794903347644,0.36250794903347644,0.36250794903347644,0.3741800023947301,0.3741800023947301,0.3741800023947301,0.3855214433229067,0.3855214433229067,0.3855214433229067,0.40263988614518254,0.40263988614518254,0.40263988614518254,0.40956139907339684,0.40956139907339684,0.40956139907339684,0.4189535956510531,0.4189535956510531,0.4189535956510531,0.4312837619946008,0.4312837619946008,0.4312837619946008,0.4451845297856577,0.4451845297856577,0.4451845297856577,0.45681557352343993,0.45681557352343993,0.45681557352343993,0.4659429665378826,0.4659429665378826,0.4659429665378826,0.4754612632418017,0.4754612632418017,0.4754612632418017,0.4819632881578045,0.4819632881578045,0.4819632881578045,0.4838528586722338,0.4838528586722338,0.4838528586722338,0.49136907749876907,0.49136907749876907,0.49136907749876907,0.5014245098411944,0.5014245098411944,0.5014245098411944,0.5047125520859742,0.5047125520859742,0.5047125520859742,0.5090152590316819,0.5090152590316819,0.5090152590316819,0.5114375303652342,0.5114375303652342,0.5114375303652342,0.5150176432756026,0.5150176432756026,0.5150176432756026,0.5231850461273817,0.5231850461273817,0.5231850461273817,0.5279509670143915,0.5279509670143915,0.5279509670143915,0.5322386988338674,0.5322386988338674,0.5322386988338674,0.5354337857186822,0.5354337857186822,0.5354337857186822,0.5400407679687749,0.5400407679687749,0.5400407679687749,0.5422963303786248,0.5422963303786248,0.5422963303786248,0.5446144660359747,0.5446144660359747,0.5446144660359747,0.5487738076412831,0.5487738076412831,0.5487738076412831,0.5531224487381735,0.5531224487381735,0.5531224487381735,0.5563293736841961,0.5563293736841961,0.5563293736841961,0.5586386050245855,0.5586386050245855,0.5586386050245855,0.5602404992508342,0.5602404992508342,0.5602404992508342,0.5625926875599089,0.5625926875599089,0.5625926875599089,0.5655961625219844,0.5655961625219844,0.5655961625219844,0.5687179014392835,0.5687179014392835,0.5687179014392835,0.5714576178212802,0.5714576178212802,0.5714576178212802,0.5727958611697997,0.5727958611697997,0.5727958611697997,0.574449448593017,0.574449448593017,0.574449448593017,0.5766010967918234,0.5766010967918234,0.5766010967918234,0.5782954956372429,0.5782954956372429,0.5782954956372429,0.5804549672125349,0.5804549672125349,0.5804549672125349,0.5832216325964996,0.5832216325964996,0.5832216325964996,0.5844473417278001,0.5844473417278001,0.5844473417278001,0.5853677641961024,0.5853677641961024,0.5853677641961024,0.586687917054723,0.586687917054723,0.586687917054723,0.5913921328934291,0.5913921328934291,0.5913921328934291,0.5932115340089912,0.5932115340089912,0.5932115340089912,0.5952833069819853,0.5952833069819853,0.5952833069819853,0.5960321021508903,0.5960321021508903,0.5960321021508903,0.5970703104981172,0.5970703104981172,0.5970703104981172,0.5984050165082064,0.5984050165082064,0.5984050165082064,0.5999100251181541,0.5999100251181541,0.5999100251181541,0.601410697561292,0.601410697561292,0.601410697561292,0.6028932607380977,0.6028932607380977,0.6028932607380977,0.6036902055181245,0.6036902055181245,0.6036902055181245,0.60452048605776,0.60452048605776,0.60452048605776,0.6051523236560645,0.6051523236560645,0.6051523236560645,0.6059633125281103,0.6059633125281103,0.6059633125281103,0.606896239328616,0.606896239328616,0.606896239328616,0.607925597286335,0.607925597286335,0.607925597286335,0.6084743100460434,0.6084743100460434,0.6084743100460434,0.6091891192604694,0.6091891192604694,0.6091891192604694,0.6095808105399254,0.6095808105399254,0.6095808105399254,0.6102441358106901,0.6102441358106901,0.6102441358106901,0.6108760710821286,0.6108760710821286,0.6108760710821286,0.6111162243011263,0.6111162243011263,0.6111162243011263,0.612176368378022,0.612176368378022,0.612176368378022,0.6131806479564373,0.6131806479564373,0.6131806479564373,0.614089642843485,0.614089642843485,0.614089642843485,0.615094929152272,0.615094929152272,0.615094929152272,0.6159108826564967,0.6159108826564967,0.6159108826564967,0.6167383608983743,0.6167383608983743,0.6167383608983743,0.6174838911262188,0.6174838911262188,0.6174838911262188,0.6181548658030024,0.6181548658030024,0.6181548658030024,0.6185347360391273,0.6185347360391273,0.6185347360391273,0.6193982101228432,0.6193982101228432,0.6193982101228432,0.620154130092671,0.620154130092671,0.620154130092671,0.6205474887109659,0.6205474887109659,0.6205474887109659,0.6211579575531483,0.6211579575531483,0.6211579575531483,0.6216933925723028,0.6216933925723028,0.6216933925723028,0.6222404021794448,0.6222404021794448,0.6222404021794448,0.6229074845704118,0.6229074845704118,0.6229074845704118,0.6236731154877379,0.6236731154877379,0.6236731154877379,0.624014031442544,0.624014031442544,0.624014031442544,0.6243559108773808,0.6243559108773808,0.6243559108773808,0.6248491399226856,0.6248491399226856,0.6248491399226856,0.6253432584571867,0.6253432584571867,0.6253432584571867,0.6255426711906018,0.6255426711906018,0.6255426711906018,0.6259700828110805,0.6259700828110805,0.6259700828110805,0.6263750155273566,0.6263750155273566,0.6263750155273566,0.6266661508873862,0.6266661508873862,0.6266661508873862,0.6270058640366142,0.6270058640366142,0.6270058640366142,0.6275153139260176,0.6275153139260176,0.6275153139260176,0.6277865068593481,0.6277865068593481,0.6277865068593481,0.6281019181674066,0.6281019181674066,0.6281019181674066,0.6285259646839774,0.6285259646839774,0.6285259646839774,0.6295062631011225,0.6295062631011225,0.6295062631011225,0.6299432100263177,0.6299432100263177,0.6299432100263177,0.6303427445169723,0.6303427445169723,0.6303427445169723,0.6305792867439485,0.6305792867439485,0.6305792867439485,0.6309337711655006,0.6309337711655006,0.6309337711655006,0.6312699942039387,0.6312699942039387,0.6312699942039387,0.6318272280701372,0.6318272280701372,0.6318272280701372,0.6320156993288227,0.6320156993288227,0.6320156993288227,0.6322533103995176,0.6322533103995176,0.6322533103995176,0.6325405181983508,0.6325405181983508,0.6325405181983508,0.6328829714280158,0.6328829714280158,0.6328829714280158,0.6330529551251265,0.6330529551251265,0.6330529551251265,0.6333764330961893,0.6333764330961893,0.6333764330961893,0.6336496584236837,0.6336496584236837,0.6336496584236837,0.6341702115686809,0.6341702115686809,0.6341702115686809,0.6344606585897877,0.6344606585897877,0.6344606585897877,0.6350833417290399,0.6350833417290399,0.6350833417290399,0.6352499873348567,0.6352499873348567,0.6352499873348567,0.6353064653328735,0.6353064653328735,0.6353064653328735,0.6355932877357977,0.6355932877357977,0.6355932877357977,0.6357354300178191,0.6357354300178191,0.6357354300178191,0.6359455852416833,0.6359455852416833,0.6359455852416833,0.6364690993579818,0.6364690993579818,0.6364690993579818,0.6369654555805231,0.6369654555805231,0.6369654555805231,0.6374041889658534,0.6374041889658534,0.6374041889658534,0.6375003213677037,0.6375003213677037,0.6375003213677037,0.6375645755725979,0.6375645755725979,0.6375645755725979,0.6377822097155599,0.6377822097155599,0.6377822097155599,0.6380012691726205,0.6380012691726205,0.6380012691726205,0.6382040210023243,0.6382040210023243,0.6382040210023243,0.6383806563189376,0.6383806563189376,0.6383806563189376,0.6387392640371201,0.6387392640371201,0.6387392640371201,0.6389848536285874,0.6389848536285874,0.6389848536285874,0.6392417147808009,0.6392417147808009,0.6392417147808009,0.6394597208525283,0.6394597208525283,0.6394597208525283,0.6395245777902246,0.6395245777902246,0.6395245777902246,0.6396476362501585,0.6396476362501585,0.6396476362501585,0.6400013113079093,0.6400013113079093,0.6400013113079093,0.6401863732692418,0.6401863732692418,0.6401863732692418,0.6403809521048857,0.6403809521048857,0.6403809521048857,0.64066438590091,0.64066438590091,0.64066438590091,0.6407689653418439,0.6407689653418439,0.6407689653418439,0.6409109732997528,0.6409109732997528,0.6409109732997528,0.6410650813660137,0.6410650813660137,0.6410650813660137,0.6412032732859754,0.6412032732859754,0.6412032732859754,0.641277153346029,0.641277153346029,0.641277153346029,0.6414183079246712,0.6414183079246712,0.6414183079246712,0.6415018371170107,0.6415018371170107,0.6415018371170107,0.6416754592447665,0.6416754592447665,0.6416754592447665,0.6418351189080889,0.6418351189080889,0.6418351189080889,0.6419995420017287,0.6419995420017287,0.6419995420017287,0.6420841078926769,0.6420841078926769,0.6420841078926769,0.6423087551318453,0.6423087551318453,0.6423087551318453,0.6424514880110399,0.6424514880110399,0.6424514880110399,0.6426681068535165,0.6426681068535165,0.6426681068535165,0.6426937677417119,0.6426937677417119,0.6426937677417119,0.6427811791947615,0.6427811791947615,0.6427811791947615,0.6428000004136692,0.6428000004136692,
0.07342188329851944,0.07342188329851944,0.07342188329851944,0.07511549753087496,0.07511549753087496,0.07511549753087496,0.07587931362898309,0.07587931362898309,0.07587931362898309,0.11546697735678021,0.11546697735678021,0.11546697735678021,0.12931137867645445,0.12931137867645445,0.12931137867645445,0.15988568007643147,0.15988568007643147,0.15988568007643147,0.19038102355284578,0.19038102355284578,0.19038102355284578,0.20403398453237917,0.20403398453237917,0.20403398453237917,0.22797022006319123,0.22797022006319123,0.22797022006319123,0.24937935897954996,0.24937935897954996,0.24937935897954996,0.2635888809894483,0.2635888809894483,0.2635888809894483,0.29225359181155547,0.29225359181155547,0.29225359181155547,0.30344657965006105,0.30344657965006105,0.30344657965006105,0.32499895979641763,0.32499895979641763,0.32499895979641763,0.3508954335640782,0.3508954335640782,0.3508954335640782,0.36292990993091734,0.36292990993091734,0.36292990993091734,0.3704731260590532,0.3704731260590532,0.3704731260590532,0.37871442480079565,0.37871442480079565,0.37871442480079565,0.38829808242868435,0.38829808242868435,0.38829808242868435,0.3952530283521404,0.3952530283521404,0.3952530283521404,0.4106022535640468,0.4106022535640468,0.4106022535640468,0.4200387008493245,0.4200387008493245,0.4200387008493245,0.43329980628566755,0.43329980628566755,0.43329980628566755,0.4411555056241787,0.4411555056241787,0.4411555056241787,0.44529603045720517,0.44529603045720517,0.44529603045720517,0.45659703896001486,0.45659703896001486,0.45659703896001486,0.46412420191173126,0.46412420191173126,0.46412420191173126,0.47177173572748593,0.47177173572748593,0.47177173572748593,0.47699197561550816,0.47699197561550816,0.47699197561550816,0.483516169310285,0.483516169310285,0.483516169310285,0.4903214341511238,0.4903214341511238,0.4903214341511238,0.49459853566051437,0.49459853566051437,0.49459853566051437,0.5002036704699493,0.5002036704699493,0.5002036704699493,0.5049516767658061,0.5049516767658061,0.5049516767658061,0.5155392350169102,0.5155392350169102,0.5155392350169102,0.5174687957160877,0.5174687957160877,0.5174687957160877,0.5217526999021572,0.5217526999021572,0.5217526999021572,0.5273576141192243,0.5273576141192243,0.5273576141192243,0.530516279221361,0.530516279221361,0.530516279221361,0.5338281548052272,0.5338281548052272,0.5338281548052272,0.5372918704919677,0.5372918704919677,0.5372918704919677,0.5398881733815319,0.5398881733815319,0.5398881733815319,0.5445558839978851,0.5445558839978851,0.5445558839978851,0.5471816375863053,0.5471816375863053,0.5471816375863053,0.5514095261497546,0.5514095261497546,0.5514095261497546,0.5578064458917714,0.5578064458917714,0.5578064458917714,0.5637676006179415,0.5637676006179415,0.5637676006179415,0.5663751627544537,0.5663751627544537,0.5663751627544537,0.5678329055881906,0.5678329055881906,0.5678329055881906,0.5698066123626279,0.5698066123626279,0.5698066123626279,0.573306299662283,0.573306299662283,0.573306299662283,0.5750407552206799,0.5750407552206799,0.5750407552206799,0.5794865245757979,0.5794865245757979,0.5794865245757979,0.5807239979800058,0.5807239979800058,0.5807239979800058,0.5839254763942653,0.5839254763942653,0.5839254763942653,0.5860602870370304,0.5860602870370304,0.5860602870370304,0.5882687154429962,0.5882687154429962,0.5882687154429962,0.5901193278783008,0.5901193278783008,0.5901193278783008,0.5919450219736133,0.5919450219736133,0.5919450219736133,0.5939558849500721,0.5939558849500721,0.5939558849500721,0.5968212373409153,0.5968212373409153,0.5968212373409153,0.5977728062953775,0.5977728062953775,0.5977728062953775,0.5994967491598756,0.5994967491598756,0.5994967491598756,0.5999330271157063,0.5999330271157063,0.5999330271157063,0.6010476574406304,0.6010476574406304,0.6010476574406304,0.6029686692224191,0.6029686692224191,0.6029686692224191,0.6041731361992415,0.6041731361992415,0.6041731361992415,0.6056513959780744,0.6056513959780744,0.6056513959780744,0.6064610772151015,0.6064610772151015,0.6064610772151015,0.6074740447728005,0.6074740447728005,0.6074740447728005,0.6087850608122594,0.6087850608122594,0.6087850608122594,0.6095640751810114,0.6095640751810114,0.6095640751810114,0.6111713004005855,0.6111713004005855,0.6111713004005855,0.61171975809459,0.61171975809459,0.61171975809459,0.6127987919852284,0.6127987919852284,0.6127987919852284,0.6137962973995646,0.6137962973995646,0.6137962973995646,0.6155268172795505,0.6155268172795505,0.6155268172795505,0.6161465885891291,0.6161465885891291,0.6161465885891291,0.6167991218838693,0.6167991218838693,0.6167991218838693,0.6177537186605537,0.6177537186605537,0.6177537186605537,0.6180661912563742,0.6180661912563742,0.6180661912563742,0.6185596226743294,0.6185596226743294,0.6185596226743294,0.6188111751963069,0.6188111751963069,0.6188111751963069,0.6198424815920447,0.6198424815920447,0.6198424815920447,0.6202460674976744,0.6202460674976744,0.6202460674976744,0.621176843111766,0.621176843111766,0.621176843111766,0.6217747172502723,0.6217747172502723,0.6217747172502723,0.6227991939129243,0.6227991939129243,0.6227991939129243,0.6235322233501467,0.6235322233501467,0.6235322233501467,0.6239139575659085,0.6239139575659085,0.6239139575659085,0.6242366393330837,0.6242366393330837,0.6242366393330837,0.6248165503527016,0.6248165503527016,0.6248165503527016,0.6253921762250085,0.6253921762250085,0.6253921762250085,0.6259362888198179,0.6259362888198179,0.6259362888198179,0.6263075192549526,0.6263075192549526,0.6263075192549526,0.6268811345755056,0.6268811345755056,0.6268811345755056,0.6273821879659948,0.6273821879659948,0.6273821879659948,0.6278025468923925,0.6278025468923925,0.6278025468923925,0.6282138888166453,0.6282138888166453,0.6282138888166453,0.6286168270958821,0.6286168270958821,0.6286168270958821,0.6289465424350847,0.6289465424350847,0.6289465424350847,0.6294050873611351,0.6294050873611351,0.6294050873611351,0.6297143702218022,0.6297143702218022,0.6297143702218022,0.6300332528480836,0.6300332528480836,0.6300332528480836,0.6301820417043345,0.6301820417043345,0.6301820417043345,0.6305336624544516,0.6305336624544516,0.6305336624544516,0.6307952479968159,0.6307952479968159,0.6307952479968159,0.6311383429591326,0.6311383429591326,0.6311383429591326,0.631453286556089,0.631453286556089,0.631453286556089,0.6318950925077702,0.6318950925077702,0.6318950925077702,0.6320586242573154,0.6320586242573154,0.6320586242573154,0.6324284564554664,0.6324284564554664,0.6324284564554664,0.6327773090001008,0.6327773090001008,0.6327773090001008,0.6329054981839842,0.6329054981839842,0.6329054981839842,0.6334273087587616,0.6334273087587616,0.6334273087587616,0.6339666845172715,0.6339666845172715,0.6339666845172715,0.6342111086419254,0.6342111086419254,0.6342111086419254,0.6344754600876776,0.6344754600876776,0.6344754600876776,0.6346795673740396,0.6346795673740396,0.6346795673740396,0.634823548056517,0.634823548056517,0.634823548056517,0.6351329493271529,0.6351329493271529,0.6351329493271529,0.6352954571213375,0.6352954571213375,0.6352954571213375,0.6355523151187912,0.6355523151187912,0.6355523151187912,0.6356671984136978,0.6356671984136978,0.6356671984136978,0.6358504512800408,0.6358504512800408,0.6358504512800408,0.636140488054652,0.636140488054652,0.636140488054652,0.6363075724491557,0.6363075724491557,0.6363075724491557,0.6365926923973142,0.6365926923973142,0.6365926923973142,0.6366971677990698,0.6366971677990698,0.6366971677990698,0.6371453686351075,0.6371453686351075,0.6371453686351075,0.6372188649999578,0.6372188649999578,0.6372188649999578,0.6374999236437027,0.6374999236437027,0.6374999236437027,0.6376338650061973,0.6376338650061973,0.6376338650061973,0.6379630090768327,0.6379630090768327,0.6379630090768327,0.6381620444876165,0.6381620444876165,0.6381620444876165,0.6384288975199996,0.6384288975199996,0.6384288975199996,0.6385515212575779,0.6385515212575779,0.6385515212575779,0.6388717206938017,0.6388717206938017,0.6388717206938017,0.6390587327506391,0.6390587327506391,0.6390587327506391,0.6393432946665443,0.6393432946665443,0.6393432946665443,0.6395126773277208,0.6395126773277208,0.6395126773277208,0.6397723673490294,0.6397723673490294,0.6397723673490294,0.6399069621781678,0.6399069621781678,0.6399069621781678,0.6401157186395605,0.6401157186395605,0.6401157186395605,0.6402655705005332,0.6402655705005332,0.6402655705005332,0.6404007324880585,0.6404007324880585,0.6404007324880585,0.6406998761470979,0.6406998761470979,0.6406998761470979,0.6408401111322299,0.6408401111322299,0.6408401111322299,0.6410249057831899,0.6410249057831899,0.6410249057831899,0.6412419054438354,0.6412419054438354,0.6412419054438354,0.6415017146954128,0.6415017146954128,0.6415017146954128,0.6415870644185332,0.6415870644185332,0.6415870644185332,0.6418658378238843,0.6418658378238843,0.6418658378238843,0.6418928437355581,0.6418928437355581,0.6418928437355581,0.6420202733146507,0.6420202733146507,0.6420202733146507,0.6420927835816406,0.6420927835816406,0.6420927835816406,0.6422533457339308,0.6422533457339308,0.6422533457339308,0.642342933842246,0.642342933842246,0.642342933842246,0.6424250399798437,0.6424250399798437,0.6424250399798437,0.6426430698681784,0.6426430698681784,0.6426430698681784,0.6428035873811118,0.6428035873811118,0.6428035873811118,0.6430568691191165,0.6430568691191165,0.6430568691191165,0.6431499505066423,0.6431499505066423,0.6431499505066423,0.6432620325104467,0.6432620325104467,0.6432620325104467,0.6434998763564692,0.6434998763564692,0.6434998763564692,0.643611257945385,0.643611257945385,0.643611257945385,0.6437739091750297,0.6437739091750297,
0.00238174474850927,0.00238174474850927,0.00238174474850927,0.022186796193236193,0.022186796193236193,0.022186796193236193,0.07115215879080093,0.07115215879080093,0.07115215879080093,0.09719035097798512,0.09719035097798512,0.09719035097798512,0.14949370038910695,0.14949370038910695,0.14949370038910695,0.18645656797251897,0.18645656797251897,0.18645656797251897,0.19471648245634424,0.19471648245634424,0.19471648245634424,0.23808563186300763,0.23808563186300763,0.23808563186300763,0.2630181523634098,0.2630181523634098,0.2630181523634098,0.277228737453567,0.277228737453567,0.277228737453567,0.2961643946296972,0.2961643946296972,0.2961643946296972,0.30376614276568076,0.30376614276568076,0.30376614276568076,0.333161353301391,0.333161353301391,0.333161353301391,0.344910538218863,0.344910538218863,0.344910538218863,0.36407908557035157,0.36407908557035157,0.36407908557035157,0.3754431793066284,0.3754431793066284,0.3754431793066284,0.39483465207834784,0.39483465207834784,0.39483465207834784,0.4106761003954644,0.4106761003954644,0.4106761003954644,0.42317837918411655,0.42317837918411655,0.42317837918411655,0.4408598539411718,0.4408598539411718,0.4408598539411718,0.44748702026204124,0.44748702026204124,0.44748702026204124,0.4625243000299923,0.4625243000299923,0.4625243000299923,0.46733883284342204,0.46733883284342204,0.46733883284342204,0.47095854323051667,0.47095854323051667,0.47095854323051667,0.4779952965671518,0.4779952965671518,0.4779952965671518,0.4838053981687258,0.4838053981687258,0.4838053981687258,0.4914873908379643,0.4914873908379643,0.4914873908379643,0.49847153157975405,0.49847153157975405,0.49847153157975405,0.5031780567798563,0.5031780567798563,0.5031780567798563,0.5075411210882179,0.5075411210882179,0.5075411210882179,0.515127920437159,0.515127920437159,0.515127920437159,0.5224552004105834,0.5224552004105834,0.5224552004105834,0.526066404372757,0.526066404372757,0.526066404372757,0.5305121219692747,0.5305121219692747,0.5305121219692747,0.537074119747475,0.537074119747475,0.537074119747475,0.5400512700049278,0.5400512700049278,0.5400512700049278,0.5441565359237749,0.5441565359237749,0.5441565359237749,0.5476890919960885,0.5476890919960885,0.5476890919960885,0.5517585679384208,0.5517585679384208,0.5517585679384208,0.5536653762854664,0.5536653762854664,0.5536653762854664,0.5558545549277101,0.5558545549277101,0.5558545549277101,0.5582302744557781,0.5582302744557781,0.5582302744557781,0.5620811420713939,0.5620811420713939,0.5620811420713939,0.563530559320586,0.563530559320586,0.563530559320586,0.5649974108702652,0.5649974108702652,0.5649974108702652,0.5687285555139238,0.5687285555139238,0.5687285555139238,0.5707601155337471,0.5707601155337471,0.5707601155337471,0.5719746287235857,0.5719746287235857,0.5719746287235857,0.5739842923721948,0.5739842923721948,0.5739842923721948,0.5760241758065038,0.5760241758065038,0.5760241758065038,0.5779619174075796,0.5779619174075796,0.5779619174075796,0.5792457576934986,0.5792457576934986,0.5792457576934986,0.5811623321445744,0.5811623321445744,0.5811623321445744,0.5828975043770495,0.5828975043770495,0.5828975043770495,0.5845186409642802,0.5845186409642802,0.5845186409642802,0.5851172260331128,0.5851172260331128,0.5851172260331128,0.5867796739582595,0.5867796739582595,0.5867796739582595,0.588739248973498,0.588739248973498,0.588739248973498,0.5897702036358338,0.5897702036358338,0.5897702036358338,0.5912538885031138,0.5912538885031138,0.5912538885031138,0.5936871570585391,0.5936871570585391,0.5936871570585391,0.5953408056452726,0.5953408056452726,0.5953408056452726,0.5968192703219716,0.5968192703219716,0.5968192703219716,0.597847543507392,0.597847543507392,0.597847543507392,0.5991211958450481,0.5991211958450481,0.5991211958450481,0.5999108419735059,0.5999108419735059,0.5999108419735059,0.6014278076185222,0.6014278076185222,0.6014278076185222,0.6023587173050675,0.6023587173050675,0.6023587173050675,0.6033042392297511,0.6033042392297511,0.6033042392297511,0.603660749848293,0.603660749848293,0.603660749848293,0.6043815157285956,0.6043815157285956,0.6043815157285956,0.6049778976008109,0.6049778976008109,0.6049778976008109,0.6056241427795658,0.6056241427795658,0.6056241427795658,0.6065594327632955,0.6065594327632955,0.6065594327632955,0.6073979481397476,0.6073979481397476,0.6073979481397476,0.6078445527356385,0.6078445527356385,0.6078445527356385,0.6085073638921361,0.6085073638921361,0.6085073638921361,0.6088966186917991,0.6088966186917991,0.6088966186917991,0.6095374963335066,0.6095374963335066,0.6095374963335066,0.6101928768264038,0.6101928768264038,0.6101928768264038,0.6107576031518324,0.6107576031518324,0.6107576031518324,0.6115532293166376,0.6115532293166376,0.6115532293166376,0.6120730567467048,0.6120730567467048,0.6120730567467048,0.6126677183857083,0.6126677183857083,0.6126677183857083,0.6133302521834116,0.6133302521834116,0.6133302521834116,0.6137217957109168,0.6137217957109168,0.6137217957109168,0.6143653314944167,0.6143653314944167,0.6143653314944167,0.6150107300697963,0.6150107300697963,0.6150107300697963,0.615400323158964,0.615400323158964,0.615400323158964,0.6156825382135688,0.6156825382135688,0.6156825382135688,0.6161980182822646,0.6161980182822646,0.6161980182822646,0.6166864976836935,0.6166864976836935,0.6166864976836935,0.6172826929613625,0.6172826929613625,0.6172826929613625,0.6178710020852006,0.6178710020852006,0.6178710020852006,0.6186635574606167,0.6186635574606167,0.6186635574606167,0.6191786282299012,0.6191786282299012,0.6191786282299012,0.6194186162962856,0.6194186162962856,0.6194186162962856,0.619706978356566,0.619706978356566,0.619706978356566,0.6202988672771539,0.6202988672771539,0.6202988672771539,0.6207897377954947,0.6207897377954947,0.6207897377954947,0.6211543923462449,0.6211543923462449,0.6211543923462449,0.6217414918777847,0.6217414918777847,0.6217414918777847,0.6221192698565814,0.6221192698565814,0.6221192698565814,0.6223534398740644,0.6223534398740644,0.6223534398740644,0.6225531141569263,0.6225531141569263,0.6225531141569263,0.6228156787521609,0.6228156787521609,0.6228156787521609,0.6231551602713832,0.6231551602713832,0.6231551602713832,0.6235132412724749,0.6235132412724749,0.6235132412724749,0.6238179873531917,0.6238179873531917,0.6238179873531917,0.624651201306768,0.624651201306768,0.624651201306768,0.6249861456845363,0.6249861456845363,0.6249861456845363,0.625362019247545,0.625362019247545,0.625362019247545,0.6255808710093106,0.6255808710093106,0.6255808710093106,0.6258179609671721,0.6258179609671721,0.6258179609671721,0.6264196710050483,0.6264196710050483,0.6264196710050483,0.6266697005951083,0.6266697005951083,0.6266697005951083,0.6268851005378874,0.6268851005378874,0.6268851005378874,0.6270365246603009,0.6270365246603009,0.6270365246603009,0.6273366335853242,0.6273366335853242,0.6273366335853242,0.627609325585394,0.627609325585394,0.627609325585394,0.627840013443979,0.627840013443979,0.627840013443979,0.628165227151171,0.628165227151171,0.628165227151171,0.6282913883551327,0.6282913883551327,0.6282913883551327,0.6284772317931037,0.6284772317931037,0.6284772317931037,0.6286066046315198,0.6286066046315198,0.6286066046315198,0.6287356997224386,0.6287356997224386,0.6287356997224386,0.6289678818916701,0.6289678818916701,0.6289678818916701,0.6292518698221468,0.6292518698221468,0.6292518698221468,0.6300682690303182,0.6300682690303182,0.6300682690303182,0.6302964159071772,0.6302964159071772,0.6302964159071772,0.6304871995109301,0.6304871995109301,0.6304871995109301,0.6306237552403144,0.6306237552403144,0.6306237552403144,0.6307498993093239,0.6307498993093239,0.6307498993093239,0.6309751862842284,0.6309751862842284,0.6309751862842284,0.6311181234670514,0.6311181234670514,0.6311181234670514,0.6312339368745316,0.6312339368745316,0.6312339368745316,0.6315300446449134,0.6315300446449134,0.6315300446449134,0.6316957277267933,0.6316957277267933,0.6316957277267933,0.6318982284420395,0.6318982284420395,0.6318982284420395,0.6320506654749333,0.6320506654749333,0.6320506654749333,0.6321280304449161,0.6321280304449161,0.6321280304449161,0.6322480728157011,0.6322480728157011,0.6322480728157011,0.6323384577016443,0.6323384577016443,0.6323384577016443,0.6324393228770617,0.6324393228770617,0.6324393228770617,0.6325373140005704,0.6325373140005704,0.6325373140005704,0.6326612503836844,0.6326612503836844,0.6326612503836844,0.6327197542752405,0.6327197542752405,0.6327197542752405,0.6328094441341111,0.6328094441341111,0.6328094441341111,0.6331441260826732,0.6331441260826732,0.6331441260826732,0.6332204057921199,0.6332204057921199,0.6332204057921199,0.6332959985760036,0.6332959985760036,0.6332959985760036,0.6333465624309268,0.6333465624309268,0.6333465624309268,0.6335086413880379,0.6335086413880379,0.6335086413880379,0.6335472780513457,0.6335472780513457,0.6335472780513457,0.6335874242541579,0.6335874242541579,0.6335874242541579,0.6337446650248472,0.6337446650248472,0.6337446650248472,0.6338503935133954,0.6338503935133954,0.6338503935133954,0.6339350570670045,0.6339350570670045,0.6339350570670045,0.6340973138064643,0.6340973138064643,0.6340973138064643,0.6342681491477806,0.6342681491477806,0.6342681491477806,0.6343302440245953,0.6343302440245953,0.6343302440245953,0.6348378098722732,0.6348378098722732,0.6348378098722732,0.6350024877321441,0.6350024877321441,0.6350024877321441,0.635108912912161,0.635108912912161,0.635108912912161,0.635162740670377,0.635162740670377,0.635162740670377,0.6351752425069401,0.6351752425069401,0.6351752425069401,0.6352245619317827,0.6352245619317827,
0.018867615792018,0.018867615792018,0.018867615792018,0.04848314304197876,0.04848314304197876,0.04848314304197876,0.05756302980398229,0.05756302980398229,0.05756302980398229,0.0706389251889732,0.0706389251889732,0.0706389251889732,0.1028643434867509,0.1028643434867509,0.1028643434867509,0.14596338508599238,0.14596338508599238,0.14596338508599238,0.16685040704844425,0.16685040704844425,0.16685040704844425,0.20972037959486825,0.20972037959486825,0.20972037959486825,0.2482117772449038,0.2482117772449038,0.2482117772449038,0.27722963610211054,0.27722963610211054,0.27722963610211054,0.2950500576985984,0.2950500576985984,0.2950500576985984,0.32680947763362345,0.32680947763362345,0.32680947763362345,0.3393797840295361,0.3393797840295361,0.3393797840295361,0.36159141158351726,0.36159141158351726,0.36159141158351726,0.3821953416053683,0.3821953416053683,0.3821953416053683,0.395152204586708,0.395152204586708,0.395152204586708,0.4303674579571524,0.4303674579571524,0.4303674579571524,0.4394991069585182,0.4394991069585182,0.4394991069585182,0.4511115205517153,0.4511115205517153,0.4511115205517153,0.45832670134514064,0.45832670134514064,0.45832670134514064,0.46700813580883815,0.46700813580883815,0.46700813580883815,0.4735899752853088,0.4735899752853088,0.4735899752853088,0.47941942590771824,0.47941942590771824,0.47941942590771824,0.48328606592099155,0.48328606592099155,0.48328606592099155,0.49027815673864106,0.49027815673864106,0.49027815673864106,0.4970331362381126,0.4970331362381126,0.4970331362381126,0.5023538829905883,0.5023538829905883,0.5023538829905883,0.5092972744487173,0.5092972744487173,0.5092972744487173,0.5140314702649391,0.5140314702649391,0.5140314702649391,0.5188793477030493,0.5188793477030493,0.5188793477030493,0.5234106938353595,0.5234106938353595,0.5234106938353595,0.5294557825004029,0.5294557825004029,0.5294557825004029,0.534294721357836,0.534294721357836,0.534294721357836,0.5386218731229825,0.5386218731229825,0.5386218731229825,0.5421919980136485,0.5421919980136485,0.5421919980136485,0.5484385349461177,0.5484385349461177,0.5484385349461177,0.5512438731485821,0.5512438731485821,0.5512438731485821,0.5536744282373779,0.5536744282373779,0.5536744282373779,0.5552651446298931,0.5552651446298931,0.5552651446298931,0.5573604061034564,0.5573604061034564,0.5573604061034564,0.5603002361396535,0.5603002361396535,0.5603002361396535,0.5625377733455368,0.5625377733455368,0.5625377733455368,0.5650095406172507,0.5650095406172507,0.5650095406172507,0.5690438926097956,0.5690438926097956,0.5690438926097956,0.5703576137867017,0.5703576137867017,0.5703576137867017,0.5715867101776605,0.5715867101776605,0.5715867101776605,0.5732791435806875,0.5732791435806875,0.5732791435806875,0.5743080606350717,0.5743080606350717,0.5743080606350717,0.5752927956079997,0.5752927956079997,0.5752927956079997,0.5765376950635112,0.5765376950635112,0.5765376950635112,0.578176597925314,0.578176597925314,0.578176597925314,0.5794243701998701,0.5794243701998701,0.5794243701998701,0.5802929022911192,0.5802929022911192,0.5802929022911192,0.5812817038699977,0.5812817038699977,0.5812817038699977,0.5822234946165828,0.5822234946165828,0.5822234946165828,0.5831448666316407,0.5831448666316407,0.5831448666316407,0.5848965993861274,0.5848965993861274,0.5848965993861274,0.5858649413074711,0.5858649413074711,0.5858649413074711,0.586711041615039,0.586711041615039,0.586711041615039,0.5872228516250546,0.5872228516250546,0.5872228516250546,0.5878038061481057,0.5878038061481057,0.5878038061481057,0.5887720677469195,0.5887720677469195,0.5887720677469195,0.5892935316922938,0.5892935316922938,0.5892935316922938,0.590003244336903,0.590003244336903,0.590003244336903,0.591159724846726,0.591159724846726,0.591159724846726,0.5916519230495674,0.5916519230495674,0.5916519230495674,0.5920780450895786,0.5920780450895786,0.5920780450895786,0.5928852428675554,0.5928852428675554,0.5928852428675554,0.5933113628657413,0.5933113628657413,0.5933113628657413,0.5935446270800223,0.5935446270800223,0.5935446270800223,0.5937639538244864,0.5937639538244864,0.5937639538244864,0.5940164706482519,0.5940164706482519,0.5940164706482519,0.5947576503671443,0.5947576503671443,0.5947576503671443,0.5949693669658089,0.5949693669658089,0.5949693669658089,0.5956867751254277,0.5956867751254277,0.5956867751254277,0.5963502658203718,0.5963502658203718,0.5963502658203718,0.5965924742013886,0.5965924742013886,0.5965924742013886,0.5971481203928324,0.5971481203928324,0.5971481203928324,0.5975725322845329,0.5975725322845329,0.5975725322845329,0.5979949317516305,0.5979949317516305,0.5979949317516305,0.5983169883197119,0.5983169883197119,0.5983169883197119,0.598772478668573,0.598772478668573,0.598772478668573,0.5996350497822461,0.5996350497822461,0.5996350497822461,0.599954919759406,0.599954919759406,0.599954919759406,0.600730893978066,0.600730893978066,0.600730893978066,0.6010559062227098,0.6010559062227098,0.6010559062227098,0.6015287788018736,0.6015287788018736,0.6015287788018736,0.6033966406916151,0.6033966406916151,0.6033966406916151,0.6036529125946457,0.6036529125946457,0.6036529125946457,0.6039705289856471,0.6039705289856471,0.6039705289856471,0.6041358314063607,0.6041358314063607,0.6041358314063607,0.6043082259629947,0.6043082259629947,0.6043082259629947,0.6049300677446794,0.6049300677446794,0.6049300677446794,0.6050527375610418,0.6050527375610418,0.6050527375610418,0.6054079849471427,0.6054079849471427,0.6054079849471427,0.6056684332162622,0.6056684332162622,0.6056684332162622,0.6059311931967721,0.6059311931967721,0.6059311931967721,0.6060384963632904,0.6060384963632904,0.6060384963632904,0.6062236637173894,0.6062236637173894,0.6062236637173894,0.6065687829213888,0.6065687829213888,0.6065687829213888,0.6067719915057873,0.6067719915057873,0.6067719915057873,0.6069595959300738,0.6069595959300738,0.6069595959300738,0.6072518800066775,0.6072518800066775,0.6072518800066775,0.6075291004402098,0.6075291004402098,0.6075291004402098,0.6083532216393702,0.6083532216393702,0.6083532216393702,0.608435916673711,0.608435916673711,0.608435916673711,0.6089340193864943,0.6089340193864943,0.6089340193864943,0.6090583152260478,0.6090583152260478,0.6090583152260478,0.6092132415636091,0.6092132415636091,0.6092132415636091,0.6093697234234192,0.6093697234234192,0.6093697234234192,0.6096525620780135,0.6096525620780135,0.6096525620780135,0.6123171204389269,0.6123171204389269,0.6123171204389269,0.6127306017796622,0.6127306017796622,0.6127306017796622,0.6127560185634394,0.6127560185634394,0.6127560185634394,0.6128830695326986,0.6128830695326986,0.6128830695326986,0.613071752092478,0.613071752092478,0.613071752092478,0.6131510476866271,0.6131510476866271,0.6131510476866271,0.6133482524349776,0.6133482524349776,0.6133482524349776,0.6134683818425183,0.6134683818425183,0.6134683818425183,0.6135845555015323,0.6135845555015323,0.6135845555015323,0.6136939429223965,0.6136939429223965,0.6136939429223965,0.6137879681488048,0.6137879681488048,0.6137879681488048,0.6138747137065846,0.6138747137065846,0.6138747137065846,0.6141393982512173,0.6141393982512173,0.6141393982512173,0.614404858500693,0.614404858500693,0.614404858500693,0.6145311819764965,0.6145311819764965,0.6145311819764965,0.6148250156219759,0.6148250156219759,0.6148250156219759,0.6149854013746896,0.6149854013746896,0.6149854013746896,0.6150329013670686,0.6150329013670686,0.6150329013670686,0.6150716517470279,0.6150716517470279,0.6150716517470279,0.615500146633751,0.615500146633751,0.615500146633751,0.615685158209631,0.615685158209631,0.615685158209631,0.6158024862728821,0.6158024862728821,0.6158024862728821,0.6158261068709795,0.6158261068709795,0.6158261068709795,0.6159126969001624,0.6159126969001624,0.6159126969001624,0.6160426090082062,0.6160426090082062,0.6160426090082062,0.6161539907117871,0.6161539907117871,0.6161539907117871,0.6163091102118102,0.6163091102118102,0.6163091102118102,0.616485436312512,0.616485436312512,0.616485436312512,0.6167387592943913,0.6167387592943913,0.6167387592943913,0.6172346396542858,0.6172346396542858,0.6172346396542858,0.6175090890593553,0.6175090890593553,0.6175090890593553,0.6176081849971402,0.6176081849971402,0.6176081849971402,0.6176770515259453,0.6176770515259453,0.6176770515259453,0.6178255723106063,0.6178255723106063,0.6178255723106063,0.6178791547276242,0.6178791547276242,0.6178791547276242,0.6179911221564771,0.6179911221564771,0.6179911221564771,0.6180213558696035,0.6180213558696035,0.6180213558696035,0.6180847522400592,0.6180847522400592,0.6180847522400592,0.6181274602439406,0.6181274602439406,0.6181274602439406,0.6182132781214537,0.6182132781214537,0.6182132781214537,0.6185868076076606,0.6185868076076606,0.6185868076076606,0.6186372291088882,0.6186372291088882,0.6186372291088882,0.6188279839875883,0.6188279839875883,0.6188279839875883,0.6190750351188266,0.6190750351188266,0.6190750351188266,0.619163745684524,0.619163745684524,0.619163745684524,0.6192817926732052,0.6192817926732052,0.6192817926732052,0.6195151974862423,0.6195151974862423,0.6195151974862423,0.619593646550205,0.619593646550205,0.619593646550205,0.6196719662340641,0.6196719662340641,0.6196719662340641,0.6197314660219447,0.6197314660219447,0.6197314660219447,0.6198400946788021,0.6198400946788021,0.6198400946788021,0.6198700796436686,0.6198700796436686,0.6198700796436686,0.6199962862024249,0.6199962862024249,0.6199962862024249,0.620312568088506,0.620312568088506,0.620312568088506,0.6203653928353977,0.6203653928353977,0.6203653928353977,0.6204529167208978,0.6204529167208978,
0.017741572955001485,0.017741572955001485,0.017741572955001485,0.02613418275690792,0.02613418275690792,0.02613418275690792,0.03775893684475492,0.03775893684475492,0.03775893684475492,0.08280021799265329,0.08280021799265329,0.08280021799265329,0.1329140492847585,0.1329140492847585,0.1329140492847585,0.15890846072211964,0.15890846072211964,0.15890846072211964,0.19334157028141435,0.19334157028141435,0.19334157028141435,0.24915422361553005,0.24915422361553005,0.24915422361553005,0.26711564336937904,0.26711564336937904,0.26711564336937904,0.3015728279153177,0.3015728279153177,0.3015728279153177,0.33012570033219496,0.33012570033219496,0.33012570033219496,0.3569917824102169,0.3569917824102169,0.3569917824102169,0.38382120295487576,0.38382120295487576,0.38382120295487576,0.40293380092456066,0.40293380092456066,0.40293380092456066,0.40981703408481157,0.40981703408481157,0.40981703408481157,0.41957098128694004,0.41957098128694004,0.41957098128694004,0.43756744952174703,0.43756744952174703,0.43756744952174703,0.4454020223546281,0.4454020223546281,0.4454020223546281,0.45619311996779316,0.45619311996779316,0.45619311996779316,0.4676696573153315,0.4676696573153315,0.4676696573153315,0.47412831391470145,0.47412831391470145,0.47412831391470145,0.48166584083546116,0.48166584083546116,0.48166584083546116,0.49052554763128375,0.49052554763128375,0.49052554763128375,0.49625185426443463,0.49625185426443463,0.49625185426443463,0.5007773077490499,0.5007773077490499,0.5007773077490499,0.5059053178804427,0.5059053178804427,0.5059053178804427,0.510824950601098,0.510824950601098,0.510824950601098,0.5152090281875111,0.5152090281875111,0.5152090281875111,0.5224013216829251,0.5224013216829251,0.5224013216829251,0.5271951521238107,0.5271951521238107,0.5271951521238107,0.5306304389906993,0.5306304389906993,0.5306304389906993,0.536917758854932,0.536917758854932,0.536917758854932,0.540378507159814,0.540378507159814,0.540378507159814,0.5435539597002669,0.5435539597002669,0.5435539597002669,0.546343868459468,0.546343868459468,0.546343868459468,0.550198627537598,0.550198627537598,0.550198627537598,0.5527110449811509,0.5527110449811509,0.5527110449811509,0.5538434519301105,0.5538434519301105,0.5538434519301105,0.55612461991469,0.55612461991469,0.55612461991469,0.5595899254486861,0.5595899254486861,0.5595899254486861,0.5621391563282374,0.5621391563282374,0.5621391563282374,0.5630697806941319,0.5630697806941319,0.5630697806941319,0.5647005246433747,0.5647005246433747,0.5647005246433747,0.5656458320856161,0.5656458320856161,0.5656458320856161,0.567912859541242,0.567912859541242,0.567912859541242,0.569168519376428,0.569168519376428,0.569168519376428,0.5713272984912944,0.5713272984912944,0.5713272984912944,0.572735761218753,0.572735761218753,0.572735761218753,0.5739015577028919,0.5739015577028919,0.5739015577028919,0.5747708273243266,0.5747708273243266,0.5747708273243266,0.5760780673403378,0.5760780673403378,0.5760780673403378,0.5767062524395032,0.5767062524395032,0.5767062524395032,0.577729772574812,0.577729772574812,0.577729772574812,0.5785154552780708,0.5785154552780708,0.5785154552780708,0.5792949306398602,0.5792949306398602,0.5792949306398602,0.5801346651746597,0.5801346651746597,0.5801346651746597,0.5806680363933198,0.5806680363933198,0.5806680363933198,0.5822626174306512,0.5822626174306512,0.5822626174306512,0.5829008032658693,0.5829008032658693,0.5829008032658693,0.58353237880784,0.58353237880784,0.58353237880784,0.5842233931307604,0.5842233931307604,0.5842233931307604,0.5847164552445617,0.5847164552445617,0.5847164552445617,0.5852518674834005,0.5852518674834005,0.5852518674834005,0.5857804402285091,0.5857804402285091,0.5857804402285091,0.5869486157220528,0.5869486157220528,0.5869486157220528,0.5872912208528052,0.5872912208528052,0.5872912208528052,0.5875805090403726,0.5875805090403726,0.5875805090403726,0.5885950661848173,0.5885950661848173,0.5885950661848173,0.5893286668640596,0.5893286668640596,0.5893286668640596,0.5895781493309142,0.5895781493309142,0.5895781493309142,0.5898013024626855,0.5898013024626855,0.5898013024626855,0.5904048609572461,0.5904048609572461,0.5904048609572461,0.5907324842559482,0.5907324842559482,0.5907324842559482,0.5909794915979225,0.5909794915979225,0.5909794915979225,0.5916955731443376,0.5916955731443376,0.5916955731443376,0.5922765160597216,0.5922765160597216,0.5922765160597216,0.5925803924526797,0.5925803924526797,0.5925803924526797,0.5928362551859793,0.5928362551859793,0.5928362551859793,0.5932121278530008,0.5932121278530008,0.5932121278530008,0.5936167667928913,0.5936167667928913,0.5936167667928913,0.5945718731227032,0.5945718731227032,0.5945718731227032,0.5949185614879852,0.5949185614879852,0.5949185614879852,0.5954829319112066,0.5954829319112066,0.5954829319112066,0.5957102279971805,0.5957102279971805,0.5957102279971805,0.5959049842463091,0.5959049842463091,0.5959049842463091,0.5965048599477277,0.5965048599477277,0.5965048599477277,0.5967771145316167,0.5967771145316167,0.5967771145316167,0.5969608064142005,0.5969608064142005,0.5969608064142005,0.5972518936504789,0.5972518936504789,0.5972518936504789,0.597533863144689,0.597533863144689,0.597533863144689,0.597881649130417,0.597881649130417,0.597881649130417,0.5980741434179421,0.5980741434179421,0.5980741434179421,0.5982352560757555,0.5982352560757555,0.5982352560757555,0.5983709627211797,0.5983709627211797,0.5983709627211797,0.5985109573379241,0.5985109573379241,0.5985109573379241,0.5986871706147887,0.5986871706147887,0.5986871706147887,0.5988661720622552,0.5988661720622552,0.5988661720622552,0.5991373141034683,0.5991373141034683,0.5991373141034683,0.599336886675847,0.599336886675847,0.599336886675847,0.5997201828906789,0.5997201828906789,0.5997201828906789,0.5999000110951717,0.5999000110951717,0.5999000110951717,0.6000079615923505,0.6000079615923505,0.6000079615923505,0.6001752869235839,0.6001752869235839,0.6001752869235839,0.6004514540072766,0.6004514540072766,0.6004514540072766,0.60086640042797,0.60086640042797,0.60086640042797,0.6010318553675879,0.6010318553675879,0.6010318553675879,0.6011704223688324,0.6011704223688324,0.6011704223688324,0.6012839531152531,0.6012839531152531,0.6012839531152531,0.6014970449328892,0.6014970449328892,0.6014970449328892,0.6020456155003794,0.6020456155003794,0.6020456155003794,0.6029677248663698,0.6029677248663698,0.6029677248663698,0.6030500419744987,0.6030500419744987,0.6030500419744987,0.6036042730012652,0.6036042730012652,0.6036042730012652,0.6038102260583237,0.6038102260583237,0.6038102260583237,0.6040949002648879,0.6040949002648879,0.6040949002648879,0.6044679398146432,0.6044679398146432,0.6044679398146432,0.6045741892206073,0.6045741892206073,0.6045741892206073,0.6050305813832871,0.6050305813832871,0.6050305813832871,0.6051413844846223,0.6051413844846223,0.6051413844846223,0.6054429292112251,0.6054429292112251,0.6054429292112251,0.6055343136221022,0.6055343136221022,0.6055343136221022,0.605778173651473,0.605778173651473,0.605778173651473,0.6058669655526284,0.6058669655526284,0.6058669655526284,0.605950040532802,0.605950040532802,0.605950040532802,0.6060758507901801,0.6060758507901801,0.6060758507901801,0.6061339591994727,0.6061339591994727,0.6061339591994727,0.6062770358425458,0.6062770358425458,0.6062770358425458,0.6063679898486528,0.6063679898486528,0.6063679898486528,0.6068300704005359,0.6068300704005359,0.6068300704005359,0.6071447687185725,0.6071447687185725,0.6071447687185725,0.6072279437766251,0.6072279437766251,0.6072279437766251,0.6079798006543741,0.6079798006543741,0.6079798006543741,0.6080861112820408,0.6080861112820408,0.6080861112820408,0.6081341748006571,0.6081341748006571,0.6081341748006571,0.608206409052308,0.608206409052308,0.608206409052308,0.6083477594744297,0.6083477594744297,0.6083477594744297,0.6083902804616518,0.6083902804616518,0.6083902804616518,0.6084826399301567,0.6084826399301567,0.6084826399301567,0.6085310924693627,0.6085310924693627,0.6085310924693627,0.6086469823477222,0.6086469823477222,0.6086469823477222,0.6086918998343749,0.6086918998343749,0.6086918998343749,0.6087527682648473,0.6087527682648473,0.6087527682648473,0.6089189097498929,0.6089189097498929,0.6089189097498929,0.6090433457504343,0.6090433457504343,0.6090433457504343,0.6090993895496248,0.6090993895496248,0.6090993895496248,0.6091839317804241,0.6091839317804241,0.6091839317804241,0.6097447427653413,0.6097447427653413,0.6097447427653413,0.6097792216473092,0.6097792216473092,0.6097792216473092,0.6098331513579617,0.6098331513579617,0.6098331513579617,0.609893023117418,0.609893023117418,0.609893023117418,0.6112160140834549,0.6112160140834549,0.6112160140834549,0.6112910534765618,0.6112910534765618,0.6112910534765618,0.6113198273445013,0.6113198273445013,0.6113198273445013,0.6114068038411137,0.6114068038411137,0.6114068038411137,0.6119646242620015,0.6119646242620015,0.6119646242620015,0.6120871403339201,0.6120871403339201,0.6120871403339201,0.6121521851962386,0.6121521851962386,0.6121521851962386,0.6121778930372334,0.6121778930372334,0.6121778930372334,0.6122675573992871,0.6122675573992871,0.6122675573992871,0.6123191715008734,0.6123191715008734,0.6123191715008734,0.6124779872602469,0.6124779872602469,0.6124779872602469,0.6125719556934478,0.6125719556934478,0.6125719556934478,0.6125929275004128,0.6125929275004128,0.6125929275004128,0.6128373244037407,0.6128373244037407,0.6128373244037407,0.6128751907646641,0.6128751907646641,0.6128751907646641,0.6129818788305803,0.6129818788305803,0.6129818788305803,0.6129998812597756,0.6129998812597756,
0.020305582724487896,0.020305582724487896,0.020305582724487896,0.037354536921375386,0.037354536921375386,0.037354536921375386,0.08832621938697773,0.08832621938697773,0.08832621938697773,0.0949420790657933,0.0949420790657933,0.0949420790657933,0.11850827492077752,0.11850827492077752,0.11850827492077752,0.14084300109208148,0.14084300109208148,0.14084300109208148,0.19179291685441624,0.19179291685441624,0.19179291685441624,0.2161787977114151,0.2161787977114151,0.2161787977114151,0.2371013252736182,0.2371013252736182,0.2371013252736182,0.2623936637937426,0.2623936637937426,0.2623936637937426,0.2841098285863771,0.2841098285863771,0.2841098285863771,0.31745064759836333,0.31745064759836333,0.31745064759836333,0.3411825486092728,0.3411825486092728,0.3411825486092728,0.3500364313111426,0.3500364313111426,0.3500364313111426,0.36119695371310234,0.36119695371310234,0.36119695371310234,0.38798876125872805,0.38798876125872805,0.38798876125872805,0.393880007062675,0.393880007062675,0.393880007062675,0.41308511657326885,0.41308511657326885,0.41308511657326885,0.4220096668104313,0.4220096668104313,0.4220096668104313,0.43397570780541284,0.43397570780541284,0.43397570780541284,0.4453601687648905,0.4453601687648905,0.4453601687648905,0.4617316350842044,0.4617316350842044,0.4617316350842044,0.46998083178496064,0.46998083178496064,0.46998083178496064,0.47647320484226124,0.47647320484226124,0.47647320484226124,0.4891628390845019,0.4891628390845019,0.4891628390845019,0.49927132054087464,0.49927132054087464,0.49927132054087464,0.5046073115516799,0.5046073115516799,0.5046073115516799,0.5111546051528096,0.5111546051528096,0.5111546051528096,0.5195631034229538,0.5195631034229538,0.5195631034229538,0.5270138269475257,0.5270138269475257,0.5270138269475257,0.5307347701817738,0.5307347701817738,0.5307347701817738,0.5364724181195821,0.5364724181195821,0.5364724181195821,0.5400205323910443,0.5400205323910443,0.5400205323910443,0.5431095967698895,0.5431095967698895,0.5431095967698895,0.5468490711573039,0.5468490711573039,0.5468490711573039,0.5501499522009488,0.5501499522009488,0.5501499522009488,0.5534143104726437,0.5534143104726437,0.5534143104726437,0.557446965984801,0.557446965984801,0.557446965984801,0.5591887869839771,0.5591887869839771,0.5591887869839771,0.5619332892144755,0.5619332892144755,0.5619332892144755,0.5647520756074575,0.5647520756074575,0.5647520756074575,0.5662029151539784,0.5662029151539784,0.5662029151539784,0.5697763584903897,0.5697763584903897,0.5697763584903897,0.5719228513636732,0.5719228513636732,0.5719228513636732,0.5736258676553492,0.5736258676553492,0.5736258676553492,0.5765873243947518,0.5765873243947518,0.5765873243947518,0.5799550216208983,0.5799550216208983,0.5799550216208983,0.5821434934478869,0.5821434934478869,0.5821434934478869,0.5838598711664593,0.5838598711664593,0.5838598711664593,0.5857462182156679,0.5857462182156679,0.5857462182156679,0.586931918174634,0.586931918174634,0.586931918174634,0.5887786182324851,0.5887786182324851,0.5887786182324851,0.5902719685146246,0.5902719685146246,0.5902719685146246,0.5920718768725888,0.5920718768725888,0.5920718768725888,0.5927121719628122,0.5927121719628122,0.5927121719628122,0.5947436958452612,0.5947436958452612,0.5947436958452612,0.5962604511167309,0.5962604511167309,0.5962604511167309,0.5978708839171485,0.5978708839171485,0.5978708839171485,0.5987637892429818,0.5987637892429818,0.5987637892429818,0.5998838734763506,0.5998838734763506,0.5998838734763506,0.6011991092514565,0.6011991092514565,0.6011991092514565,0.6021794859061467,0.6021794859061467,0.6021794859061467,0.6029874761251863,0.6029874761251863,0.6029874761251863,0.6035265557750648,0.6035265557750648,0.6035265557750648,0.6045488596243874,0.6045488596243874,0.6045488596243874,0.6055674478840373,0.6055674478840373,0.6055674478840373,0.6061917232089216,0.6061917232089216,0.6061917232089216,0.606701661628468,0.606701661628468,0.606701661628468,0.6074766551489736,0.6074766551489736,0.6074766551489736,0.6081904560875215,0.6081904560875215,0.6081904560875215,0.6088655829216616,0.6088655829216616,0.6088655829216616,0.609413194316613,0.609413194316613,0.609413194316613,0.6106497256711112,0.6106497256711112,0.6106497256711112,0.6110116291196345,0.6110116291196345,0.6110116291196345,0.6114362912025877,0.6114362912025877,0.6114362912025877,0.6121414357449325,0.6121414357449325,0.6121414357449325,0.612533685092776,0.612533685092776,0.612533685092776,0.6131376896442041,0.6131376896442041,0.6131376896442041,0.6141138713821217,0.6141138713821217,0.6141138713821217,0.6146805467588481,0.6146805467588481,0.6146805467588481,0.6154153588113311,0.6154153588113311,0.6154153588113311,0.6159399002398969,0.6159399002398969,0.6159399002398969,0.6162855897877992,0.6162855897877992,0.6162855897877992,0.6167840853289955,0.6167840853289955,0.6167840853289955,0.6173667672020366,0.6173667672020366,0.6173667672020366,0.6178238698216504,0.6178238698216504,0.6178238698216504,0.6182063990886847,0.6182063990886847,0.6182063990886847,0.6186393058901285,0.6186393058901285,0.6186393058901285,0.6193423531257559,0.6193423531257559,0.6193423531257559,0.619923433540451,0.619923433540451,0.619923433540451,0.6203580492741577,0.6203580492741577,0.6203580492741577,0.6208243078851208,0.6208243078851208,0.6208243078851208,0.6213289829441603,0.6213289829441603,0.6213289829441603,0.621553158742865,0.621553158742865,0.621553158742865,0.6219740553702258,0.6219740553702258,0.6219740553702258,0.622429617297576,0.622429617297576,0.622429617297576,0.6231043226516063,0.6231043226516063,0.6231043226516063,0.6233832673234033,0.6233832673234033,0.6233832673234033,0.623788779934875,0.623788779934875,0.623788779934875,0.6244034521225753,0.6244034521225753,0.6244034521225753,0.6248729940491168,0.6248729940491168,0.6248729940491168,0.6250765249127135,0.6250765249127135,0.6250765249127135,0.6254074612206935,0.6254074612206935,0.6254074612206935,0.6256808576835405,0.6256808576835405,0.6256808576835405,0.6259962785287633,0.6259962785287633,0.6259962785287633,0.6261651078422605,0.6261651078422605,0.6261651078422605,0.6264687587076042,0.6264687587076042,0.6264687587076042,0.6266188117466346,0.6266188117466346,0.6266188117466346,0.626796675560422,0.626796675560422,0.626796675560422,0.6270333234045297,0.6270333234045297,0.6270333234045297,0.6272102480379713,0.6272102480379713,0.6272102480379713,0.6274766752275296,0.6274766752275296,0.6274766752275296,0.6277209435677029,0.6277209435677029,0.6277209435677029,0.6280610383848797,0.6280610383848797,0.6280610383848797,0.6281487300619794,0.6281487300619794,0.6281487300619794,0.6282986925366483,0.6282986925366483,0.6282986925366483,0.6284840941427466,0.6284840941427466,0.6284840941427466,0.6286759348668222,0.6286759348668222,0.6286759348668222,0.6291516449518483,0.6291516449518483,0.6291516449518483,0.6293952940395972,0.6293952940395972,0.6293952940395972,0.6297220980004619,0.6297220980004619,0.6297220980004619,0.630023881635948,0.630023881635948,0.630023881635948,0.6303722089794178,0.6303722089794178,0.6303722089794178,0.6305383205379763,0.6305383205379763,0.6305383205379763,0.6307993088613565,0.6307993088613565,0.6307993088613565,0.6309304532334767,0.6309304532334767,0.6309304532334767,0.6310565451063789,0.6310565451063789,0.6310565451063789,0.6317041079381182,0.6317041079381182,0.6317041079381182,0.6319625919029059,0.6319625919029059,0.6319625919029059,0.6321956155983222,0.6321956155983222,0.6321956155983222,0.6323801236490854,0.6323801236490854,0.6323801236490854,0.6324475165763676,0.6324475165763676,0.6324475165763676,0.6326729973294898,0.6326729973294898,0.6326729973294898,0.6329075414416682,0.6329075414416682,0.6329075414416682,0.6330574685012773,0.6330574685012773,0.6330574685012773,0.6333355179649882,0.6333355179649882,0.6333355179649882,0.6334691110303997,0.6334691110303997,0.6334691110303997,0.6336243187243058,0.6336243187243058,0.6336243187243058,0.6337379278815716,0.6337379278815716,0.6337379278815716,0.6338797542070435,0.6338797542070435,0.6338797542070435,0.6339917763295088,0.6339917763295088,0.6339917763295088,0.6341526195400541,0.6341526195400541,0.6341526195400541,0.6342977906848989,0.6342977906848989,0.6342977906848989,0.6344193478424951,0.6344193478424951,0.6344193478424951,0.634556585097855,0.634556585097855,0.634556585097855,0.6347011992888175,0.6347011992888175,0.6347011992888175,0.634847713510941,0.634847713510941,0.634847713510941,0.6349096120019585,0.6349096120019585,0.6349096120019585,0.6351177702434021,0.6351177702434021,0.6351177702434021,0.6352016370493441,0.6352016370493441,0.6352016370493441,0.6353494953740281,0.6353494953740281,0.6353494953740281,0.6355690225976457,0.6355690225976457,0.6355690225976457,0.6357179820261475,0.6357179820261475,0.6357179820261475,0.6358585844464674,0.6358585844464674,0.6358585844464674,0.6359601724673921,0.6359601724673921,0.6359601724673921,0.6360934142600424,0.6360934142600424,0.6360934142600424,0.6363402061701305,0.6363402061701305,0.6363402061701305,0.6363913033261775,0.6363913033261775,0.6363913033261775,0.6364679039307106,0.6364679039307106,0.6364679039307106,0.6365861213394884,0.6365861213394884,0.6365861213394884,0.6369711110811112,0.6369711110811112,0.6369711110811112,0.6370248665602778,0.6370248665602778,0.6370248665602778,0.6371206884636362,0.6371206884636362,0.6371206884636362,0.6372249033174401,0.6372249033174401,0.6372249033174401,0.6372525361884189,0.6372525361884189,0.6372525361884189,0.6373734861890091,0.6373734861890091,0.6373734861890091,0.6374044488697463,0.6374044488697463,
0.03773620551132228,0.03773620551132228,0.03773620551132228,0.040039116741145006,0.040039116741145006,0.040039116741145006,0.059967821189693585,0.059967821189693585,0.059967821189693585,0.0710852820278513,0.0710852820278513,0.0710852820278513,0.08459605414202839,0.08459605414202839,0.08459605414202839,0.10011985424833628,0.10011985424833628,0.10011985424833628,0.15345382311413416,0.15345382311413416,0.15345382311413416,0.1996625894167071,0.1996625894167071,0.1996625894167071,0.22131189703316007,0.22131189703316007,0.22131189703316007,0.25689537766700815,0.25689537766700815,0.25689537766700815,0.27715269004251675,0.27715269004251675,0.27715269004251675,0.2818302751366562,0.2818302751366562,0.2818302751366562,0.31754452699332286,0.31754452699332286,0.31754452699332286,0.32730411510101914,0.32730411510101914,0.32730411510101914,0.3508220533656707,0.3508220533656707,0.3508220533656707,0.370368740923549,0.370368740923549,0.370368740923549,0.38431474517702324,0.38431474517702324,0.38431474517702324,0.3954450329441813,0.3954450329441813,0.3954450329441813,0.4091062418676214,0.4091062418676214,0.4091062418676214,0.42431958573778983,0.42431958573778983,0.42431958573778983,0.441490265367471,0.441490265367471,0.441490265367471,0.45377379001761864,0.45377379001761864,0.45377379001761864,0.46994181198605495,0.46994181198605495,0.46994181198605495,0.47808909912442665,0.47808909912442665,0.47808909912442665,0.48560376830468877,0.48560376830468877,0.48560376830468877,0.4912186173331208,0.4912186173331208,0.4912186173331208,0.4993517466082043,0.4993517466082043,0.4993517466082043,0.5042727882324862,0.5042727882324862,0.5042727882324862,0.509475221276606,0.509475221276606,0.509475221276606,0.5166810726761881,0.5166810726761881,0.5166810726761881,0.5210541532687121,0.5210541532687121,0.5210541532687121,0.526328721425017,0.526328721425017,0.526328721425017,0.5323535005785981,0.5323535005785981,0.5323535005785981,0.5368865821491973,0.5368865821491973,0.5368865821491973,0.5395845624028326,0.5395845624028326,0.5395845624028326,0.5423230579133764,0.5423230579133764,0.5423230579133764,0.5478707391053441,0.5478707391053441,0.5478707391053441,0.5514027824011559,0.5514027824011559,0.5514027824011559,0.5529380237393176,0.5529380237393176,0.5529380237393176,0.5560922319803153,0.5560922319803153,0.5560922319803153,0.5579792932514541,0.5579792932514541,0.5579792932514541,0.5601321904817143,0.5601321904817143,0.5601321904817143,0.5617009183931476,0.5617009183931476,0.5617009183931476,0.5653120846653016,0.5653120846653016,0.5653120846653016,0.5670151750243645,0.5670151750243645,0.5670151750243645,0.569179087759051,0.569179087759051,0.569179087759051,0.5713199426976008,0.5713199426976008,0.5713199426976008,0.5736618411142134,0.5736618411142134,0.5736618411142134,0.5753786523580096,0.5753786523580096,0.5753786523580096,0.5769101821128781,0.5769101821128781,0.5769101821128781,0.5792213175116532,0.5792213175116532,0.5792213175116532,0.5816456156397698,0.5816456156397698,0.5816456156397698,0.5832182267275161,0.5832182267275161,0.5832182267275161,0.5853213565225102,0.5853213565225102,0.5853213565225102,0.5873376348651881,0.5873376348651881,0.5873376348651881,0.5896534478726156,0.5896534478726156,0.5896534478726156,0.5916431320343866,0.5916431320343866,0.5916431320343866,0.5930094904781499,0.5930094904781499,0.5930094904781499,0.5940363904355493,0.5940363904355493,0.5940363904355493,0.5956983826394681,0.5956983826394681,0.5956983826394681,0.59690588926755,0.59690588926755,0.59690588926755,0.5984410021270854,0.5984410021270854,0.5984410021270854,0.5997802229927219,0.5997802229927219,0.5997802229927219,0.6011055067937806,0.6011055067937806,0.6011055067937806,0.6016595209228656,0.6016595209228656,0.6016595209228656,0.6030434133450798,0.6030434133450798,0.6030434133450798,0.6044397726403123,0.6044397726403123,0.6044397726403123,0.6055102540324433,0.6055102540324433,0.6055102540324433,0.6065503042270642,0.6065503042270642,0.6065503042270642,0.6073541668746969,0.6073541668746969,0.6073541668746969,0.6080080589225791,0.6080080589225791,0.6080080589225791,0.6090588362625334,0.6090588362625334,0.6090588362625334,0.6099695751230306,0.6099695751230306,0.6099695751230306,0.6106043158706578,0.6106043158706578,0.6106043158706578,0.6110034561152344,0.6110034561152344,0.6110034561152344,0.611636195564924,0.611636195564924,0.611636195564924,0.612507490348684,0.612507490348684,0.612507490348684,0.6131894870873351,0.6131894870873351,0.6131894870873351,0.6137319066790653,0.6137319066790653,0.6137319066790653,0.6143935608598745,0.6143935608598745,0.6143935608598745,0.6147452548324797,0.6147452548324797,0.6147452548324797,0.6149030394336956,0.6149030394336956,0.6149030394336956,0.6154814817621699,0.6154814817621699,0.6154814817621699,0.6158496349932148,0.6158496349932148,0.6158496349932148,0.6163258775695262,0.6163258775695262,0.6163258775695262,0.6166316402862848,0.6166316402862848,0.6166316402862848,0.6172469817049854,0.6172469817049854,0.6172469817049854,0.6178506952224281,0.6178506952224281,0.6178506952224281,0.6185682117568787,0.6185682117568787,0.6185682117568787,0.619127145861936,0.619127145861936,0.619127145861936,0.6199431759529335,0.6199431759529335,0.6199431759529335,0.6206337971925036,0.6206337971925036,0.6206337971925036,0.6213434274601732,0.6213434274601732,0.6213434274601732,0.6218477040578996,0.6218477040578996,0.6218477040578996,0.6221277865364054,0.6221277865364054,0.6221277865364054,0.6224636690456093,0.6224636690456093,0.6224636690456093,0.6230262761590191,0.6230262761590191,0.6230262761590191,0.6234210274658372,0.6234210274658372,0.6234210274658372,0.6236758437121603,0.6236758437121603,0.6236758437121603,0.624450658394651,0.624450658394651,0.624450658394651,0.6250775791372418,0.6250775791372418,0.6250775791372418,0.625395782402725,0.625395782402725,0.625395782402725,0.6257448678218034,0.6257448678218034,0.6257448678218034,0.6260392088988229,0.6260392088988229,0.6260392088988229,0.626499986856654,0.626499986856654,0.626499986856654,0.6266842226755017,0.6266842226755017,0.6266842226755017,0.6271540098816567,0.6271540098816567,0.6271540098816567,0.6273903535980913,0.6273903535980913,0.6273903535980913,0.6275590772325865,0.6275590772325865,0.6275590772325865,0.6279090126455902,0.6279090126455902,0.6279090126455902,0.6281367442480548,0.6281367442480548,0.6281367442480548,0.6284170871953315,0.6284170871953315,0.6284170871953315,0.6287942322062952,0.6287942322062952,0.6287942322062952,0.6290601811509297,0.6290601811509297,0.6290601811509297,0.629551313036717,0.629551313036717,0.629551313036717,0.6299484361555019,0.6299484361555019,0.6299484361555019,0.6302295496830216,0.6302295496830216,0.6302295496830216,0.6305620543024169,0.6305620543024169,0.6305620543024169,0.6308573772439003,0.6308573772439003,0.6308573772439003,0.6313720697693953,0.6313720697693953,0.6313720697693953,0.6318374060920247,0.6318374060920247,0.6318374060920247,0.6320050334732522,0.6320050334732522,0.6320050334732522,0.6322521337551582,0.6322521337551582,0.6322521337551582,0.6325761674795218,0.6325761674795218,0.6325761674795218,0.6329815477649535,0.6329815477649535,0.6329815477649535,0.6332036211710563,0.6332036211710563,0.6332036211710563,0.633488009633276,0.633488009633276,0.633488009633276,0.6338491283341456,0.6338491283341456,0.6338491283341456,0.6340579547723482,0.6340579547723482,0.6340579547723482,0.6342997279781615,0.6342997279781615,0.6342997279781615,0.634496113369553,0.634496113369553,0.634496113369553,0.6346767975792932,0.6346767975792932,0.6346767975792932,0.6348967882870188,0.6348967882870188,0.6348967882870188,0.6352451350738473,0.6352451350738473,0.6352451350738473,0.6356027364364951,0.6356027364364951,0.6356027364364951,0.6358277535768159,0.6358277535768159,0.6358277535768159,0.6359391109920869,0.6359391109920869,0.6359391109920869,0.6360844450496363,0.6360844450496363,0.6360844450496363,0.6363567155919807,0.6363567155919807,0.6363567155919807,0.636738851157248,0.636738851157248,0.636738851157248,0.63697923464453,0.63697923464453,0.63697923464453,0.6371471899017391,0.6371471899017391,0.6371471899017391,0.6374370470346619,0.6374370470346619,0.6374370470346619,0.6375760062940962,0.6375760062940962,0.6375760062940962,0.637892134125277,0.637892134125277,0.637892134125277,0.6380534809164738,0.6380534809164738,0.6380534809164738,0.6383505689406217,0.6383505689406217,0.6383505689406217,0.6384830293678923,0.6384830293678923,0.6384830293678923,0.638568659451402,0.638568659451402,0.638568659451402,0.6386580503608452,0.6386580503608452,0.6386580503608452,0.6388910701595686,0.6388910701595686,0.6388910701595686,0.639076589604902,0.639076589604902,0.639076589604902,0.6394756893282963,0.6394756893282963,0.6394756893282963,0.639542909840857,0.639542909840857,0.639542909840857,0.6396411031424303,0.6396411031424303,0.6396411031424303,0.6397393006387418,0.6397393006387418,0.6397393006387418,0.6398608323790784,0.6398608323790784,0.6398608323790784,0.6400773780861451,0.6400773780861451,0.6400773780861451,0.6401592562833986,0.6401592562833986,0.6401592562833986,0.6402729504449225,0.6402729504449225,0.6402729504449225,0.6404195077694665,0.6404195077694665,0.6404195077694665,0.6405009754042171,0.6405009754042171,0.6405009754042171,0.6405465523141287,0.6405465523141287,0.6405465523141287,0.6407061078593297,0.6407061078593297,0.6407061078593297,0.6408356624694831,0.6408356624694831,0.6408356624694831,0.6409542588043493,0.6409542588043493,0.6409542588043493,0.6409873387265286,0.6409873387265286,
0.0,0.0,0.0,0.01806073164696478,0.01806073164696478,0.01806073164696478,0.0539881297167794,0.0539881297167794,0.0539881297167794,0.08047663483854695,0.08047663483854695,0.08047663483854695,0.10832238248742274,0.10832238248742274,0.10832238248742274,0.12766422142029674,0.12766422142029674,0.12766422142029674,0.1712452355866125,0.1712452355866125,0.1712452355866125,0.1913646553241023,0.1913646553241023,0.1913646553241023,0.22654497764106157,0.22654497764106157,0.22654497764106157,0.2720206125543073,0.2720206125543073,0.2720206125543073,0.30443563998209605,0.30443563998209605,0.30443563998209605,0.32286947113106584,0.32286947113106584,0.32286947113106584,0.3405262071037675,0.3405262071037675,0.3405262071037675,0.3534452382153044,0.3534452382153044,0.3534452382153044,0.36995323055274737,0.36995323055274737,0.36995323055274737,0.3926824841737139,0.3926824841737139,0.3926824841737139,0.4102577861489795,0.4102577861489795,0.4102577861489795,0.4238530289370148,0.4238530289370148,0.4238530289370148,0.4340958689317811,0.4340958689317811,0.4340958689317811,0.44801537919096374,0.44801537919096374,0.44801537919096374,0.45760928904182097,0.45760928904182097,0.45760928904182097,0.46527593725317723,0.46527593725317723,0.46527593725317723,0.4706244606250527,0.4706244606250527,0.4706244606250527,0.48495376300399273,0.48495376300399273,0.48495376300399273,0.48792847446590754,0.48792847446590754,0.48792847446590754,0.4964636689340956,0.4964636689340956,0.4964636689340956,0.5013380919939164,0.5013380919939164,0.5013380919939164,0.5085508684868374,0.5085508684868374,0.5085508684868374,0.5125940131305633,0.5125940131305633,0.5125940131305633,0.5175684048733096,0.5175684048733096,0.5175684048733096,0.5207970683479258,0.5207970683479258,0.5207970683479258,0.5267242068277184,0.5267242068277184,0.5267242068277184,0.5306919148142188,0.5306919148142188,0.5306919148142188,0.5334750748799266,0.5334750748799266,0.5334750748799266,0.5380336221687577,0.5380336221687577,0.5380336221687577,0.5394253917259835,0.5394253917259835,0.5394253917259835,0.5421350918177053,0.5421350918177053,0.5421350918177053,0.5439756349890841,0.5439756349890841,0.5439756349890841,0.5469012753891799,0.5469012753891799,0.5469012753891799,0.5489570811848762,0.5489570811848762,0.5489570811848762,0.5518444780181276,0.5518444780181276,0.5518444780181276,0.554798667457782,0.554798667457782,0.554798667457782,0.5567484656612917,0.5567484656612917,0.5567484656612917,0.560247818254211,0.560247818254211,0.560247818254211,0.561896135107835,0.561896135107835,0.561896135107835,0.5628788069958531,0.5628788069958531,0.5628788069958531,0.5662823401997655,0.5662823401997655,0.5662823401997655,0.5674531936589057,0.5674531936589057,0.5674531936589057,0.5690509169629157,0.5690509169629157,0.5690509169629157,0.5701275832605395,0.5701275832605395,0.5701275832605395,0.5721466650681865,0.5721466650681865,0.5721466650681865,0.5733636565010505,0.5733636565010505,0.5733636565010505,0.5751570772059011,0.5751570772059011,0.5751570772059011,0.5764459859650428,0.5764459859650428,0.5764459859650428,0.5774555154299845,0.5774555154299845,0.5774555154299845,0.5789076632129233,0.5789076632129233,0.5789076632129233,0.5805863446462426,0.5805863446462426,0.5805863446462426,0.5818247150711021,0.5818247150711021,0.5818247150711021,0.582400952536862,0.582400952536862,0.582400952536862,0.5836237766820749,0.5836237766820749,0.5836237766820749,0.5849807860744312,0.5849807860744312,0.5849807860744312,0.5857548616313406,0.5857548616313406,0.5857548616313406,0.5863980918773927,0.5863980918773927,0.5863980918773927,0.5874565352506896,0.5874565352506896,0.5874565352506896,0.5880613700852215,0.5880613700852215,0.5880613700852215,0.5886858290629146,0.5886858290629146,0.5886858290629146,0.5893694576265913,0.5893694576265913,0.5893694576265913,0.5910628445557327,0.5910628445557327,0.5910628445557327,0.5916399739681975,0.5916399739681975,0.5916399739681975,0.592235111082292,0.592235111082292,0.592235111082292,0.5931158887551332,0.5931158887551332,0.5931158887551332,0.5940647001015209,0.5940647001015209,0.5940647001015209,0.5949905224699343,0.5949905224699343,0.5949905224699343,0.5957226858396798,0.5957226858396798,0.5957226858396798,0.596329096662874,0.596329096662874,0.596329096662874,0.597083754205057,0.597083754205057,0.597083754205057,0.5979203528556334,0.5979203528556334,0.5979203528556334,0.598582418406246,0.598582418406246,0.598582418406246,0.599254446565386,0.599254446565386,0.599254446565386,0.5998650693153761,0.5998650693153761,0.5998650693153761,0.6007129972740435,0.6007129972740435,0.6007129972740435,0.6011141313278887,0.6011141313278887,0.6011141313278887,0.6016518277244657,0.6016518277244657,0.6016518277244657,0.6020774237726786,0.6020774237726786,0.6020774237726786,0.602766855149955,0.602766855149955,0.602766855149955,0.6031787470920874,0.6031787470920874,0.6031787470920874,0.6039809601773012,0.6039809601773012,0.6039809601773012,0.6042152854502377,0.6042152854502377,0.6042152854502377,0.6048350766998138,0.6048350766998138,0.6048350766998138,0.6050615971728655,0.6050615971728655,0.6050615971728655,0.6052769860967809,0.6052769860967809,0.6052769860967809,0.6057358281384029,0.6057358281384029,0.6057358281384029,0.6059858973637703,0.6059858973637703,0.6059858973637703,0.6099824720032563,0.6099824720032563,0.6099824720032563,0.6103818158029478,0.6103818158029478,0.6103818158029478,0.610804908304309,0.610804908304309,0.610804908304309,0.6112173521121963,0.6112173521121963,0.6112173521121963,0.6114831324805984,0.6114831324805984,0.6114831324805984,0.6118679687482594,0.6118679687482594,0.6118679687482594,0.6121642052507378,0.6121642052507378,0.6121642052507378,0.612615408912927,0.612615408912927,0.612615408912927,0.6129525456073046,0.6129525456073046,0.6129525456073046,0.6131746542812149,0.6131746542812149,0.6131746542812149,0.613361179655398,0.613361179655398,0.613361179655398,0.6140218061489909,0.6140218061489909,0.6140218061489909,0.6143201668229709,0.6143201668229709,0.6143201668229709,0.6146158656577138,0.6146158656577138,0.6146158656577138,0.6148480510284003,0.6148480510284003,0.6148480510284003,0.6151798983458123,0.6151798983458123,0.6151798983458123,0.6154876235994404,0.6154876235994404,0.6154876235994404,0.6157765700284465,0.6157765700284465,0.6157765700284465,0.6163418708154098,0.6163418708154098,0.6163418708154098,0.6165109877852047,0.6165109877852047,0.6165109877852047,0.6167282416220148,0.6167282416220148,0.6167282416220148,0.6169405063102762,0.6169405063102762,0.6169405063102762,0.6170338734477618,0.6170338734477618,0.6170338734477618,0.617388115114553,0.617388115114553,0.617388115114553,0.6176452776860898,0.6176452776860898,0.6176452776860898,0.6177610611962256,0.6177610611962256,0.6177610611962256,0.6181214575462884,0.6181214575462884,0.6181214575462884,0.6182593383069455,0.6182593383069455,0.6182593383069455,0.6183364666736432,0.6183364666736432,0.6183364666736432,0.6186131544874277,0.6186131544874277,0.6186131544874277,0.6191121365372618,0.6191121365372618,0.6191121365372618,0.6194189621905093,0.6194189621905093,0.6194189621905093,0.619581303173286,0.619581303173286,0.619581303173286,0.6196486947531409,0.6196486947531409,0.6196486947531409,0.6197764276327503,0.6197764276327503,0.6197764276327503,0.6199157487682367,0.6199157487682367,0.6199157487682367,0.6200410260328045,0.6200410260328045,0.6200410260328045,0.6204297873632834,0.6204297873632834,0.6204297873632834,0.6206180533197091,0.6206180533197091,0.6206180533197091,0.6208478592449879,0.6208478592449879,0.6208478592449879,0.6213148089088238,0.6213148089088238,0.6213148089088238,0.6215725387446277,0.6215725387446277,0.6215725387446277,0.6216982891640522,0.6216982891640522,0.6216982891640522,0.6218035223408404,0.6218035223408404,0.6218035223408404,0.621973872048747,0.621973872048747,0.621973872048747,0.6220658109762177,0.6220658109762177,0.6220658109762177,0.6221000611353357,0.6221000611353357,0.6221000611353357,0.6223344135809858,0.6223344135809858,0.6223344135809858,0.6225075788419729,0.6225075788419729,0.6225075788419729,0.6226244047271561,0.6226244047271561,0.6226244047271561,0.6226834367836833,0.6226834367836833,0.6226834367836833,0.622721112850623,0.622721112850623,0.622721112850623,0.6229556763164541,0.6229556763164541,0.6229556763164541,0.6235757471771386,0.6235757471771386,0.6235757471771386,0.6236817876718443,0.6236817876718443,0.6236817876718443,0.6237401001035535,0.6237401001035535,0.6237401001035535,0.6238331641861109,0.6238331641861109,0.6238331641861109,0.6240348841677671,0.6240348841677671,0.6240348841677671,0.6241222624053376,0.6241222624053376,0.6241222624053376,0.6243164327769127,0.6243164327769127,0.6243164327769127,0.6243854707338734,0.6243854707338734,0.6243854707338734,0.6244594422740343,0.6244594422740343,0.6244594422740343,0.6246232497076247,0.6246232497076247,0.6246232497076247,0.6247803235316903,0.6247803235316903,0.6247803235316903,0.6248329747662404,0.6248329747662404,0.6248329747662404,0.6249388036607322,0.6249388036607322,0.6249388036607322,0.625092932889364,0.625092932889364,0.625092932889364,0.6251858659209159,0.6251858659209159,0.6251858659209159,0.6252432869689105,0.6252432869689105,0.6252432869689105,0.6252908670371319,0.6252908670371319,0.6252908670371319,0.6254648582808691,0.6254648582808691,0.6254648582808691,0.6259628663397626,0.6259628663397626,0.6259628663397626,0.626184393876802,0.626184393876802,0.626184393876802,0.6263221512463301,0.6263221512463301,
0.031565081282377686,0.031565081282377686,0.031565081282377686,0.06443349054818875,0.06443349054818875,0.06443349054818875,0.06964262739403917,0.06964262739403917,0.06964262739403917,0.1031488285883242,0.1031488285883242,0.1031488285883242,0.11679214370877576,0.11679214370877576,0.11679214370877576,0.1500669460587193,0.1500669460587193,0.1500669460587193,0.21637568136326438,0.21637568136326438,0.21637568136326438,0.24439011668693006,0.24439011668693006,0.24439011668693006,0.2714637764629612,0.2714637764629612,0.2714637764629612,0.3008432743418876,0.3008432743418876,0.3008432743418876,0.32378814496967,0.32378814496967,0.32378814496967,0.34036108967975665,0.34036108967975665,0.34036108967975665,0.3579509730254841,0.3579509730254841,0.3579509730254841,0.36856620224094255,0.36856620224094255,0.36856620224094255,0.3847938170318357,0.3847938170318357,0.3847938170318357,0.4039279215538381,0.4039279215538381,0.4039279215538381,0.42704827809744283,0.42704827809744283,0.42704827809744283,0.43332888997755875,0.43332888997755875,0.43332888997755875,0.4398864379858775,0.4398864379858775,0.4398864379858775,0.45397277723570184,0.45397277723570184,0.45397277723570184,0.46768376365619896,0.46768376365619896,0.46768376365619896,0.47517785787841305,0.47517785787841305,0.47517785787841305,0.48805703250957194,0.48805703250957194,0.48805703250957194,0.494902557420893,0.494902557420893,0.494902557420893,0.5040080483354451,0.5040080483354451,0.5040080483354451,0.5091834273373973,0.5091834273373973,0.5091834273373973,0.5170748974095061,0.5170748974095061,0.5170748974095061,0.523389671851383,0.523389671851383,0.523389671851383,0.526676376361235,0.526676376361235,0.526676376361235,0.5301783691366365,0.5301783691366365,0.5301783691366365,0.5327729454416742,0.5327729454416742,0.5327729454416742,0.5363295569108197,0.5363295569108197,0.5363295569108197,0.5408728418839658,0.5408728418839658,0.5408728418839658,0.5437603501943171,0.5437603501943171,0.5437603501943171,0.5487854259352881,0.5487854259352881,0.5487854259352881,0.5522980952701044,0.5522980952701044,0.5522980952701044,0.5570690895707625,0.5570690895707625,0.5570690895707625,0.5608479993369397,0.5608479993369397,0.5608479993369397,0.5620887518300314,0.5620887518300314,0.5620887518300314,0.5661322009640005,0.5661322009640005,0.5661322009640005,0.5692661972314885,0.5692661972314885,0.5692661972314885,0.5720908128239967,0.5720908128239967,0.5720908128239967,0.5733340078796264,0.5733340078796264,0.5733340078796264,0.5757297630319572,0.5757297630319572,0.5757297630319572,0.5778358156806597,0.5778358156806597,0.5778358156806597,0.5791397105424111,0.5791397105424111,0.5791397105424111,0.5803310009309155,0.5803310009309155,0.5803310009309155,0.5825629077871559,0.5825629077871559,0.5825629077871559,0.583648055675705,0.583648055675705,0.583648055675705,0.5854053139548275,0.5854053139548275,0.5854053139548275,0.5869439667552313,0.5869439667552313,0.5869439667552313,0.5882307778028886,0.5882307778028886,0.5882307778028886,0.5899413536796989,0.5899413536796989,0.5899413536796989,0.591152900174563,0.591152900174563,0.591152900174563,0.5929864608918014,0.5929864608918014,0.5929864608918014,0.5940775475138655,0.5940775475138655,0.5940775475138655,0.5950741251432059,0.5950741251432059,0.5950741251432059,0.5962469823574151,0.5962469823574151,0.5962469823574151,0.5971595654034662,0.5971595654034662,0.5971595654034662,0.5979195733248801,0.5979195733248801,0.5979195733248801,0.598673214922808,0.598673214922808,0.598673214922808,0.599666391866956,0.599666391866956,0.599666391866956,0.6006206977235907,0.6006206977235907,0.6006206977235907,0.6015256972453813,0.6015256972453813,0.6015256972453813,0.6026752621391201,0.6026752621391201,0.6026752621391201,0.6036295765126914,0.6036295765126914,0.6036295765126914,0.6043725434024785,0.6043725434024785,0.6043725434024785,0.6048315648789158,0.6048315648789158,0.6048315648789158,0.6059662348821216,0.6059662348821216,0.6059662348821216,0.6068271015210547,0.6068271015210547,0.6068271015210547,0.6078681712757866,0.6078681712757866,0.6078681712757866,0.6087352851248162,0.6087352851248162,0.6087352851248162,0.6095787529503871,0.6095787529503871,0.6095787529503871,0.6105225623828273,0.6105225623828273,0.6105225623828273,0.6111474345205896,0.6111474345205896,0.6111474345205896,0.6122562549096225,0.6122562549096225,0.6122562549096225,0.6125415471535695,0.6125415471535695,0.6125415471535695,0.6133291639926192,0.6133291639926192,0.6133291639926192,0.613847525485164,0.613847525485164,0.613847525485164,0.6143780678396614,0.6143780678396614,0.6143780678396614,0.6145351258250545,0.6145351258250545,0.6145351258250545,0.614858683641896,0.614858683641896,0.614858683641896,0.6154710831963925,0.6154710831963925,0.6154710831963925,0.6157892070579833,0.6157892070579833,0.6157892070579833,0.6162683317296438,0.6162683317296438,0.6162683317296438,0.616624593981787,0.616624593981787,0.616624593981787,0.6169490323312474,0.6169490323312474,0.6169490323312474,0.6172120783269605,0.6172120783269605,0.6172120783269605,0.617528465470292,0.617528465470292,0.617528465470292,0.618172469359081,0.618172469359081,0.618172469359081,0.618747126075309,0.618747126075309,0.618747126075309,0.6191798998064075,0.6191798998064075,0.6191798998064075,0.6194569626877207,0.6194569626877207,0.6194569626877207,0.6196306799932065,0.6196306799932065,0.6196306799932065,0.6200986435770874,0.6200986435770874,0.6200986435770874,0.6203964527798135,0.6203964527798135,0.6203964527798135,0.6207565195461389,0.6207565195461389,0.6207565195461389,0.6208716954083036,0.6208716954083036,0.6208716954083036,0.6212010431820547,0.6212010431820547,0.6212010431820547,0.6216381205522641,0.6216381205522641,0.6216381205522641,0.6218851438312312,0.6218851438312312,0.6218851438312312,0.6222539818202889,0.6222539818202889,0.6222539818202889,0.6224346567641882,0.6224346567641882,0.6224346567641882,0.6229786286965144,0.6229786286965144,0.6229786286965144,0.6232351956780815,0.6232351956780815,0.6232351956780815,0.6234816055998164,0.6234816055998164,0.6234816055998164,0.6240143151150322,0.6240143151150322,0.6240143151150322,0.6242883090760478,0.6242883090760478,0.6242883090760478,0.6245569478051239,0.6245569478051239,0.6245569478051239,0.6249921747814238,0.6249921747814238,0.6249921747814238,0.6252799212346305,0.6252799212346305,0.6252799212346305,0.6254544989596151,0.6254544989596151,0.6254544989596151,0.6258336656110959,0.6258336656110959,0.6258336656110959,0.6259638000571531,0.6259638000571531,0.6259638000571531,0.6261273386845149,0.6261273386845149,0.6261273386845149,0.6262696361656928,0.6262696361656928,0.6262696361656928,0.626450422757244,0.626450422757244,0.626450422757244,0.6266192155557766,0.6266192155557766,0.6266192155557766,0.6271922213718859,0.6271922213718859,0.6271922213718859,0.6273262524064446,0.6273262524064446,0.6273262524064446,0.6274951554768897,0.6274951554768897,0.6274951554768897,0.6276212585725198,0.6276212585725198,0.6276212585725198,0.6277149790909082,0.6277149790909082,0.6277149790909082,0.6279360201058546,0.6279360201058546,0.6279360201058546,0.6280649264033057,0.6280649264033057,0.6280649264033057,0.6283507804337987,0.6283507804337987,0.6283507804337987,0.6289241259883185,0.6289241259883185,0.6289241259883185,0.6290349250305217,0.6290349250305217,0.6290349250305217,0.629233947935397,0.629233947935397,0.629233947935397,0.629397539896353,0.629397539896353,0.629397539896353,0.629462537958769,0.629462537958769,0.629462537958769,0.6296426697523954,0.6296426697523954,0.6296426697523954,0.6297561065016881,0.6297561065016881,0.6297561065016881,0.6298791646092051,0.6298791646092051,0.6298791646092051,0.6302595859009332,0.6302595859009332,0.6302595859009332,0.6304134488714848,0.6304134488714848,0.6304134488714848,0.6306284346909943,0.6306284346909943,0.6306284346909943,0.630810319651132,0.630810319651132,0.630810319651132,0.6309163500906123,0.6309163500906123,0.6309163500906123,0.6309832985227759,0.6309832985227759,0.6309832985227759,0.6311182302704341,0.6311182302704341,0.6311182302704341,0.63138630596474,0.63138630596474,0.63138630596474,0.6316461905410464,0.6316461905410464,0.6316461905410464,0.6317955495814964,0.6317955495814964,0.6317955495814964,0.6318980806359903,0.6318980806359903,0.6318980806359903,0.6320113250643838,0.6320113250643838,0.6320113250643838,0.6320817545399162,0.6320817545399162,0.6320817545399162,0.6323579747505712,0.6323579747505712,0.6323579747505712,0.6327344394255905,0.6327344394255905,0.6327344394255905,0.6328094770653626,0.6328094770653626,0.6328094770653626,0.632905272235555,0.632905272235555,0.632905272235555,0.6329750505840848,0.6329750505840848,0.6329750505840848,0.6330610590352486,0.6330610590352486,0.6330610590352486,0.6332510952465851,0.6332510952465851,0.6332510952465851,0.633365182503456,0.633365182503456,0.633365182503456,0.6334276488277416,0.6334276488277416,0.6334276488277416,0.633640948631392,0.633640948631392,0.633640948631392,0.6339380490178309,0.6339380490178309,0.6339380490178309,0.6340112192585932,0.6340112192585932,0.6340112192585932,0.6341688494146481,0.6341688494146481,0.6341688494146481,0.6342894574893874,0.6342894574893874,0.6342894574893874,0.6342989752568722,0.6342989752568722,0.6342989752568722,0.6344290976918664,0.6344290976918664,0.6344290976918664,0.6347552693885407,0.6347552693885407,0.6347552693885407,0.6348820445494102,0.6348820445494102,0.6348820445494102,0.634982688192382,0.634982688192382,0.634982688192382,0.6352440485284095,0.6352440485284095,
0.030460891246366233,0.030460891246366233,0.030460891246366233,0.030460891246366233,0.030460891246366233,0.030460891246366233,0.03796906608781094,0.03796906608781094,0.03796906608781094,0.06135564192192799,0.06135564192192799,0.06135564192192799,0.09980661961522116,0.09980661961522116,0.09980661961522116,0.15134015049617722,0.15134015049617722,0.15134015049617722,0.17966592197123546,0.17966592197123546,0.17966592197123546,0.200650097352029,0.200650097352029,0.200650097352029,0.24273046611320614,0.24273046611320614,0.24273046611320614,0.2482290949133697,0.2482290949133697,0.2482290949133697,0.2824730668371378,0.2824730668371378,0.2824730668371378,0.3106157862117977,0.3106157862117977,0.3106157862117977,0.32244103450098877,0.32244103450098877,0.32244103450098877,0.3448494424097182,0.3448494424097182,0.3448494424097182,0.3812320539803117,0.3812320539803117,0.3812320539803117,0.3917759808275048,0.3917759808275048,0.3917759808275048,0.3976757009513803,0.3976757009513803,0.3976757009513803,0.4213309558367606,0.4213309558367606,0.4213309558367606,0.4458018128094952,0.4458018128094952,0.4458018128094952,0.46008003935964165,0.46008003935964165,0.46008003935964165,0.4709193195610665,0.4709193195610665,0.4709193195610665,0.47935093119877836,0.47935093119877836,0.47935093119877836,0.4857249323804862,0.4857249323804862,0.4857249323804862,0.49676184610120233,0.49676184610120233,0.49676184610120233,0.5013566690207798,0.5013566690207798,0.5013566690207798,0.5087698010083853,0.5087698010083853,0.5087698010083853,0.5151211957468611,0.5151211957468611,0.5151211957468611,0.5190307053891798,0.5190307053891798,0.5190307053891798,0.5246202308330733,0.5246202308330733,0.5246202308330733,0.528675545772301,0.528675545772301,0.528675545772301,0.5321306519076664,0.5321306519076664,0.5321306519076664,0.5405064256235648,0.5405064256235648,0.5405064256235648,0.5434937003092623,0.5434937003092623,0.5434937003092623,0.5476717963942166,0.5476717963942166,0.5476717963942166,0.5529658746186038,0.5529658746186038,0.5529658746186038,0.5569032540024224,0.5569032540024224,0.5569032540024224,0.5600622410114741,0.5600622410114741,0.5600622410114741,0.5629097842739055,0.5629097842739055,0.5629097842739055,0.5655664503579436,0.5655664503579436,0.5655664503579436,0.5682273012686575,0.5682273012686575,0.5682273012686575,0.5696604152569412,0.5696604152569412,0.5696604152569412,0.5718636310989001,0.5718636310989001,0.5718636310989001,0.5744553760753062,0.5744553760753062,0.5744553760753062,0.5764777866840439,0.5764777866840439,0.5764777866840439,0.5787531348749302,0.5787531348749302,0.5787531348749302,0.5811427983716899,0.5811427983716899,0.5811427983716899,0.5820650942556735,0.5820650942556735,0.5820650942556735,0.5840541592312747,0.5840541592312747,0.5840541592312747,0.5861765487672485,0.5861765487672485,0.5861765487672485,0.5877347575095871,0.5877347575095871,0.5877347575095871,0.589757695290951,0.589757695290951,0.589757695290951,0.5909166455812713,0.5909166455812713,0.5909166455812713,0.591842867714609,0.591842867714609,0.591842867714609,0.5926933476908993,0.5926933476908993,0.5926933476908993,0.5943439226119571,0.5943439226119571,0.5943439226119571,0.5950509672203752,0.5950509672203752,0.5950509672203752,0.5963416511435891,0.5963416511435891,0.5963416511435891,0.5975024515164545,0.5975024515164545,0.5975024515164545,0.5981519201603054,0.5981519201603054,0.5981519201603054,0.5994199587689859,0.5994199587689859,0.5994199587689859,0.6000900595921668,0.6000900595921668,0.6000900595921668,0.6010002333408176,0.6010002333408176,0.6010002333408176,0.6019074204344045,0.6019074204344045,0.6019074204344045,0.6027574869962682,0.6027574869962682,0.6027574869962682,0.6035819170865322,0.6035819170865322,0.6035819170865322,0.6039512074747656,0.6039512074747656,0.6039512074747656,0.6046988870861912,0.6046988870861912,0.6046988870861912,0.6053359564662667,0.6053359564662667,0.6053359564662667,0.6058834984256746,0.6058834984256746,0.6058834984256746,0.6061438842457243,0.6061438842457243,0.6061438842457243,0.607325441759462,0.607325441759462,0.607325441759462,0.6097213444677019,0.6097213444677019,0.6097213444677019,0.6100277946377963,0.6100277946377963,0.6100277946377963,0.6105817614849098,0.6105817614849098,0.6105817614849098,0.6109368784105916,0.6109368784105916,0.6109368784105916,0.6114294521474017,0.6114294521474017,0.6114294521474017,0.6117965031997361,0.6117965031997361,0.6117965031997361,0.6123464391791156,0.6123464391791156,0.6123464391791156,0.6126898018688779,0.6126898018688779,0.6126898018688779,0.6128885438137008,0.6128885438137008,0.6128885438137008,0.6133956499341972,0.6133956499341972,0.6133956499341972,0.6139974281170766,0.6139974281170766,0.6139974281170766,0.6145099971061022,0.6145099971061022,0.6145099971061022,0.6153230211847525,0.6153230211847525,0.6153230211847525,0.6157837821215965,0.6157837821215965,0.6157837821215965,0.616014292161912,0.616014292161912,0.616014292161912,0.6163740205112114,0.6163740205112114,0.6163740205112114,0.6168252007197159,0.6168252007197159,0.6168252007197159,0.6175929916008549,0.6175929916008549,0.6175929916008549,0.6184094149204616,0.6184094149204616,0.6184094149204616,0.6185836768367435,0.6185836768367435,0.6185836768367435,0.6190252824941863,0.6190252824941863,0.6190252824941863,0.6197106778888746,0.6197106778888746,0.6197106778888746,0.6200230105826968,0.6200230105826968,0.6200230105826968,0.620556756690871,0.620556756690871,0.620556756690871,0.6207599374294189,0.6207599374294189,0.6207599374294189,0.621037080286808,0.621037080286808,0.621037080286808,0.6212093752703665,0.6212093752703665,0.6212093752703665,0.6214047141210739,0.6214047141210739,0.6214047141210739,0.6217452980121285,0.6217452980121285,0.6217452980121285,0.6220279001802996,0.6220279001802996,0.6220279001802996,0.6225099069869373,0.6225099069869373,0.6225099069869373,0.6227487857592855,0.6227487857592855,0.6227487857592855,0.6229256284303496,0.6229256284303496,0.6229256284303496,0.6231777102784175,0.6231777102784175,0.6231777102784175,0.6233551376864991,0.6233551376864991,0.6233551376864991,0.6234616816683697,0.6234616816683697,0.6234616816683697,0.6236008841511127,0.6236008841511127,0.6236008841511127,0.6239304499805535,0.6239304499805535,0.6239304499805535,0.6241625360584333,0.6241625360584333,0.6241625360584333,0.6245549112661148,0.6245549112661148,0.6245549112661148,0.6247755616487043,0.6247755616487043,0.6247755616487043,0.6249517929958334,0.6249517929958334,0.6249517929958334,0.6250903929621181,0.6250903929621181,0.6250903929621181,0.6252095410980187,0.6252095410980187,0.6252095410980187,0.6254465728533106,0.6254465728533106,0.6254465728533106,0.6260332482802616,0.6260332482802616,0.6260332482802616,0.6262975762752565,0.6262975762752565,0.6262975762752565,0.626710506305969,0.626710506305969,0.626710506305969,0.6267844149048106,0.6267844149048106,0.6267844149048106,0.6269213725681002,0.6269213725681002,0.6269213725681002,0.6270845662444434,0.6270845662444434,0.6270845662444434,0.6272042436888706,0.6272042436888706,0.6272042436888706,0.6273980352786899,0.6273980352786899,0.6273980352786899,0.6275320396070477,0.6275320396070477,0.6275320396070477,0.6285068203097572,0.6285068203097572,0.6285068203097572,0.6288193173995054,0.6288193173995054,0.6288193173995054,0.6290201006370298,0.6290201006370298,0.6290201006370298,0.6294088654021919,0.6294088654021919,0.6294088654021919,0.6295259482883927,0.6295259482883927,0.6295259482883927,0.6297138740206161,0.6297138740206161,0.6297138740206161,0.6298618556060114,0.6298618556060114,0.6298618556060114,0.6300394944141422,0.6300394944141422,0.6300394944141422,0.63038326638929,0.63038326638929,0.63038326638929,0.6305717959943689,0.6305717959943689,0.6305717959943689,0.6307043417788478,0.6307043417788478,0.6307043417788478,0.6308088190412516,0.6308088190412516,0.6308088190412516,0.6309472237844542,0.6309472237844542,0.6309472237844542,0.631048929055371,0.631048929055371,0.631048929055371,0.6311716268929755,0.6311716268929755,0.6311716268929755,0.6315448324722301,0.6315448324722301,0.6315448324722301,0.6316820506480599,0.6316820506480599,0.6316820506480599,0.6317745202074244,0.6317745202074244,0.6317745202074244,0.6320694003427073,0.6320694003427073,0.6320694003427073,0.6321576870702975,0.6321576870702975,0.6321576870702975,0.6322892786032305,0.6322892786032305,0.6322892786032305,0.6323579263189045,0.6323579263189045,0.6323579263189045,0.6324433909558903,0.6324433909558903,0.6324433909558903,0.632552874890028,0.632552874890028,0.632552874890028,0.6326540989046909,0.6326540989046909,0.6326540989046909,0.6327319371184693,0.6327319371184693,0.6327319371184693,0.6328650786238527,0.6328650786238527,0.6328650786238527,0.632993348158036,0.632993348158036,0.632993348158036,0.6330965821549768,0.6330965821549768,0.6330965821549768,0.633153670208544,0.633153670208544,0.633153670208544,0.633345068172652,0.633345068172652,0.633345068172652,0.6334339461894724,0.6334339461894724,0.6334339461894724,0.633487251313723,0.633487251313723,0.633487251313723,0.6337107045065367,0.6337107045065367,0.6337107045065367,0.6337517726641513,0.6337517726641513,0.6337517726641513,0.633826992523495,0.633826992523495,0.633826992523495,0.6338872406418605,0.6338872406418605,0.6338872406418605,0.6340122782814824,0.6340122782814824,0.6340122782814824,0.6341044494371731,0.6341044494371731,0.6341044494371731,0.6342638389445299,0.6342638389445299,0.6342638389445299,0.634343184650734,0.634343184650734,0.634343184650734,0.6343964798768462,0.6343964798768462,
0.01435523626055565,0.01435523626055565,0.01435523626055565,0.024473281062549288,0.024473281062549288,0.024473281062549288,0.05544075175640436,0.05544075175640436,0.05544075175640436,0.10990195141822287,0.10990195141822287,0.10990195141822287,0.12940901383068149,0.12940901383068149,0.12940901383068149,0.18553463768736408,0.18553463768736408,0.18553463768736408,0.20313957323709264,0.20313957323709264,0.20313957323709264,0.22953425942765165,0.22953425942765165,0.22953425942765165,0.2558216919016771,0.2558216919016771,0.2558216919016771,0.28959818883935917,0.28959818883935917,0.28959818883935917,0.31613430689547695,0.31613430689547695,0.31613430689547695,0.34005709408328544,0.34005709408328544,0.34005709408328544,0.3666042552990721,0.3666042552990721,0.3666042552990721,0.3931480156963197,0.3931480156963197,0.3931480156963197,0.41589434125411323,0.41589434125411323,0.41589434125411323,0.4291751492676401,0.4291751492676401,0.4291751492676401,0.44210690213608855,0.44210690213608855,0.44210690213608855,0.4601770730224372,0.4601770730224372,0.4601770730224372,0.4689851146537422,0.4689851146537422,0.4689851146537422,0.480180764991854,0.480180764991854,0.480180764991854,0.4872485145907962,0.4872485145907962,0.4872485145907962,0.49104134315483,0.49104134315483,0.49104134315483,0.5017317499478061,0.5017317499478061,0.5017317499478061,0.508319993094108,0.508319993094108,0.508319993094108,0.5124261175140421,0.5124261175140421,0.5124261175140421,0.5207417866729057,0.5207417866729057,0.5207417866729057,0.5277997122405704,0.5277997122405704,0.5277997122405704,0.5340302080049169,0.5340302080049169,0.5340302080049169,0.5361590440346639,0.5361590440346639,0.5361590440346639,0.5421209520476794,0.5421209520476794,0.5421209520476794,0.5473754502616842,0.5473754502616842,0.5473754502616842,0.548961599094213,0.548961599094213,0.548961599094213,0.5518668519628374,0.5518668519628374,0.5518668519628374,0.5547957534564217,0.5547957534564217,0.5547957534564217,0.5584176876447853,0.5584176876447853,0.5584176876447853,0.5616387859614226,0.5616387859614226,0.5616387859614226,0.5644765234342782,0.5644765234342782,0.5644765234342782,0.5676836329144932,0.5676836329144932,0.5676836329144932,0.5700442438557597,0.5700442438557597,0.5700442438557597,0.5719274053458134,0.5719274053458134,0.5719274053458134,0.5741008855992434,0.5741008855992434,0.5741008855992434,0.5753360727154819,0.5753360727154819,0.5753360727154819,0.5763171360476136,0.5763171360476136,0.5763171360476136,0.5795733089117985,0.5795733089117985,0.5795733089117985,0.5811969965962278,0.5811969965962278,0.5811969965962278,0.5827388271276597,0.5827388271276597,0.5827388271276597,0.5841836971794008,0.5841836971794008,0.5841836971794008,0.5854365605903382,0.5854365605903382,0.5854365605903382,0.5863012363040223,0.5863012363040223,0.5863012363040223,0.5869329165516722,0.5869329165516722,0.5869329165516722,0.5882446346388326,0.5882446346388326,0.5882446346388326,0.5897953200502273,0.5897953200502273,0.5897953200502273,0.5913310752621304,0.5913310752621304,0.5913310752621304,0.5921519233524873,0.5921519233524873,0.5921519233524873,0.5931601993154445,0.5931601993154445,0.5931601993154445,0.5938296980574196,0.5938296980574196,0.5938296980574196,0.5944899330778749,0.5944899330778749,0.5944899330778749,0.5949958895590508,0.5949958895590508,0.5949958895590508,0.5955599795550228,0.5955599795550228,0.5955599795550228,0.596045154885593,0.596045154885593,0.596045154885593,0.5967716838736655,0.5967716838736655,0.5967716838736655,0.5974110346898743,0.5974110346898743,0.5974110346898743,0.5980436495113397,0.5980436495113397,0.5980436495113397,0.598428721815071,0.598428721815071,0.598428721815071,0.5987757814693987,0.5987757814693987,0.5987757814693987,0.5992804895998157,0.5992804895998157,0.5992804895998157,0.5996835452068483,0.5996835452068483,0.5996835452068483,0.6004774590478681,0.6004774590478681,0.6004774590478681,0.6014599636557858,0.6014599636557858,0.6014599636557858,0.6018693873918503,0.6018693873918503,0.6018693873918503,0.6023392453889885,0.6023392453889885,0.6023392453889885,0.6026476425363854,0.6026476425363854,0.6026476425363854,0.6036290144286194,0.6036290144286194,0.6036290144286194,0.6040209224027434,0.6040209224027434,0.6040209224027434,0.6044952819144823,0.6044952819144823,0.6044952819144823,0.6050041967471426,0.6050041967471426,0.6050041967471426,0.6059369423387884,0.6059369423387884,0.6059369423387884,0.606372873239107,0.606372873239107,0.606372873239107,0.6068081703027334,0.6068081703027334,0.6068081703027334,0.6072977435693604,0.6072977435693604,0.6072977435693604,0.6079673386489691,0.6079673386489691,0.6079673386489691,0.6086529251764039,0.6086529251764039,0.6086529251764039,0.6089770390246232,0.6089770390246232,0.6089770390246232,0.6094107670373539,0.6094107670373539,0.6094107670373539,0.6096626796585948,0.6096626796585948,0.6096626796585948,0.6105036210564031,0.6105036210564031,0.6105036210564031,0.6107997065575782,0.6107997065575782,0.6107997065575782,0.6113117763994096,0.6113117763994096,0.6113117763994096,0.6115637434587752,0.6115637434587752,0.6115637434587752,0.6118174197569006,0.6118174197569006,0.6118174197569006,0.6122958548321167,0.6122958548321167,0.6122958548321167,0.6125983814540797,0.6125983814540797,0.6125983814540797,0.6132728491793331,0.6132728491793331,0.6132728491793331,0.6136678699434686,0.6136678699434686,0.6136678699434686,0.6141302427028952,0.6141302427028952,0.6141302427028952,0.6143154391480676,0.6143154391480676,0.6143154391480676,0.6145386877157569,0.6145386877157569,0.6145386877157569,0.6149470239556555,0.6149470239556555,0.6149470239556555,0.615257971477409,0.615257971477409,0.615257971477409,0.6156286619136667,0.6156286619136667,0.6156286619136667,0.6162790249534613,0.6162790249534613,0.6162790249534613,0.6165268883498952,0.6165268883498952,0.6165268883498952,0.6167885258888318,0.6167885258888318,0.6167885258888318,0.6169098897048356,0.6169098897048356,0.6169098897048356,0.617041951645158,0.617041951645158,0.617041951645158,0.6172932910317385,0.6172932910317385,0.6172932910317385,0.6173867379122724,0.6173867379122724,0.6173867379122724,0.6177854392762637,0.6177854392762637,0.6177854392762637,0.6180750847304551,0.6180750847304551,0.6180750847304551,0.6183233444872195,0.6183233444872195,0.6183233444872195,0.6186237544565307,0.6186237544565307,0.6186237544565307,0.6188477358093291,0.6188477358093291,0.6188477358093291,0.6189128067200823,0.6189128067200823,0.6189128067200823,0.619041491271998,0.619041491271998,0.619041491271998,0.6192044413999515,0.6192044413999515,0.6192044413999515,0.6194598579044719,0.6194598579044719,0.6194598579044719,0.6196548029139161,0.6196548029139161,0.6196548029139161,0.6198226164323783,0.6198226164323783,0.6198226164323783,0.6199250861458856,0.6199250861458856,0.6199250861458856,0.6200046644018086,0.6200046644018086,0.6200046644018086,0.6202828541197816,0.6202828541197816,0.6202828541197816,0.6208113158845073,0.6208113158845073,0.6208113158845073,0.6209451055741879,0.6209451055741879,0.6209451055741879,0.6216325125228622,0.6216325125228622,0.6216325125228622,0.6217886071089511,0.6217886071089511,0.6217886071089511,0.6219179791409151,0.6219179791409151,0.6219179791409151,0.6220444849142486,0.6220444849142486,0.6220444849142486,0.6221577083386616,0.6221577083386616,0.6221577083386616,0.6221931470771764,0.6221931470771764,0.6221931470771764,0.6222586090392235,0.6222586090392235,0.6222586090392235,0.6226297789044335,0.6226297789044335,0.6226297789044335,0.6227845760706605,0.6227845760706605,0.6227845760706605,0.6229442207266278,0.6229442207266278,0.6229442207266278,0.6230258821459581,0.6230258821459581,0.6230258821459581,0.6231681642842808,0.6231681642842808,0.6231681642842808,0.6234962295004839,0.6234962295004839,0.6234962295004839,0.6236227176845383,0.6236227176845383,0.6236227176845383,0.6236601672418269,0.6236601672418269,0.6236601672418269,0.6237413753150499,0.6237413753150499,0.6237413753150499,0.6237612670633649,0.6237612670633649,0.6237612670633649,0.6239028111014818,0.6239028111014818,0.6239028111014818,0.6239966500336047,0.6239966500336047,0.6239966500336047,0.6240603177277081,0.6240603177277081,0.6240603177277081,0.6241678914315324,0.6241678914315324,0.6241678914315324,0.6242548756759355,0.6242548756759355,0.6242548756759355,0.6243324356915052,0.6243324356915052,0.6243324356915052,0.624468156614252,0.624468156614252,0.624468156614252,0.6255734008872739,0.6255734008872739,0.6255734008872739,0.6256521460764708,0.6256521460764708,0.6256521460764708,0.6257476173708902,0.6257476173708902,0.6257476173708902,0.6258826131547108,0.6258826131547108,0.6258826131547108,0.6259261799536694,0.6259261799536694,0.6259261799536694,0.6260684287391377,0.6260684287391377,0.6260684287391377,0.6261164400918571,0.6261164400918571,0.6261164400918571,0.626208009797039,0.626208009797039,0.626208009797039,0.6262604743045439,0.6262604743045439,0.6262604743045439,0.6263182171278162,0.6263182171278162,0.6263182171278162,0.6264000207395022,0.6264000207395022,0.6264000207395022,0.6264552834315409,0.6264552834315409,0.6264552834315409,0.6264843972443475,0.6264843972443475,0.6264843972443475,0.6266906586696113,0.6266906586696113,0.6266906586696113,0.6267311741489259,0.6267311741489259,0.6267311741489259,0.6267808504779404,0.6267808504779404,0.6267808504779404,0.6269034900484117,0.6269034900484117,0.6269034900484117,0.627004480992055,0.627004480992055,0.627004480992055,0.627103892578407,0.627103892578407,0.627103892578407,0.6271032503189181,0.6271032503189181,
5.797322567730377E-4,5.797322567730377E-4,5.797322567730377E-4,0.014188090545787473,0.014188090545787473,0.014188090545787473,0.02572395639607738,0.02572395639607738,0.02572395639607738,0.06207247339391501,0.06207247339391501,0.06207247339391501,0.11076350478490132,0.11076350478490132,0.11076350478490132,0.15009737231420847,0.15009737231420847,0.15009737231420847,0.1848808646298601,0.1848808646298601,0.1848808646298601,0.2172555972709967,0.2172555972709967,0.2172555972709967,0.2331359889250364,0.2331359889250364,0.2331359889250364,0.2678348286313699,0.2678348286313699,0.2678348286313699,0.28913554938129177,0.28913554938129177,0.28913554938129177,0.32929014115127364,0.32929014115127364,0.32929014115127364,0.3509343990912268,0.3509343990912268,0.3509343990912268,0.36796469187535835,0.36796469187535835,0.36796469187535835,0.393702664380228,0.393702664380228,0.393702664380228,0.397416807834948,0.397416807834948,0.397416807834948,0.42314071918814133,0.42314071918814133,0.42314071918814133,0.4318462748672881,0.4318462748672881,0.4318462748672881,0.442681597590879,0.442681597590879,0.442681597590879,0.4483472590324732,0.4483472590324732,0.4483472590324732,0.4538012273945002,0.4538012273945002,0.4538012273945002,0.46588649046258496,0.46588649046258496,0.46588649046258496,0.4763565735304916,0.4763565735304916,0.4763565735304916,0.48055619113019643,0.48055619113019643,0.48055619113019643,0.4893535693865073,0.4893535693865073,0.4893535693865073,0.4970798779975548,0.4970798779975548,0.4970798779975548,0.5025324016582523,0.5025324016582523,0.5025324016582523,0.5116595628125042,0.5116595628125042,0.5116595628125042,0.5168760123420424,0.5168760123420424,0.5168760123420424,0.5231571710865044,0.5231571710865044,0.5231571710865044,0.5311261800641112,0.5311261800641112,0.5311261800641112,0.5347864461298819,0.5347864461298819,0.5347864461298819,0.5371635189748513,0.5371635189748513,0.5371635189748513,0.5437403076209694,0.5437403076209694,0.5437403076209694,0.5473043443199685,0.5473043443199685,0.5473043443199685,0.5511976744548464,0.5511976744548464,0.5511976744548464,0.5537034464018292,0.5537034464018292,0.5537034464018292,0.5595674863526362,0.5595674863526362,0.5595674863526362,0.5612695352310263,0.5612695352310263,0.5612695352310263,0.564397094247276,0.564397094247276,0.564397094247276,0.5673890529652678,0.5673890529652678,0.5673890529652678,0.5695511636194822,0.5695511636194822,0.5695511636194822,0.5718981828191282,0.5718981828191282,0.5718981828191282,0.5730678381057573,0.5730678381057573,0.5730678381057573,0.575641619745796,0.575641619745796,0.575641619745796,0.5773594088225636,0.5773594088225636,0.5773594088225636,0.5791285326104363,0.5791285326104363,0.5791285326104363,0.5812337583182402,0.5812337583182402,0.5812337583182402,0.5828477263333132,0.5828477263333132,0.5828477263333132,0.5843154274370236,0.5843154274370236,0.5843154274370236,0.5858918994666258,0.5858918994666258,0.5858918994666258,0.5877534463125403,0.5877534463125403,0.5877534463125403,0.5891554537402399,0.5891554537402399,0.5891554537402399,0.5911363767210982,0.5911363767210982,0.5911363767210982,0.5929379369049539,0.5929379369049539,0.5929379369049539,0.5945336220974203,0.5945336220974203,0.5945336220974203,0.594885270426647,0.594885270426647,0.594885270426647,0.5961301619444823,0.5961301619444823,0.5961301619444823,0.5973648015979995,0.5973648015979995,0.5973648015979995,0.5985369717219996,0.5985369717219996,0.5985369717219996,0.5998740221134159,0.5998740221134159,0.5998740221134159,0.600675935461653,0.600675935461653,0.600675935461653,0.6015517515820276,0.6015517515820276,0.6015517515820276,0.6027393660096874,0.6027393660096874,0.6027393660096874,0.6034697212372414,0.6034697212372414,0.6034697212372414,0.6040451690512315,0.6040451690512315,0.6040451690512315,0.6048297849998981,0.6048297849998981,0.6048297849998981,0.6053872211751674,0.6053872211751674,0.6053872211751674,0.6062921849112447,0.6062921849112447,0.6062921849112447,0.6068866816041043,0.6068866816041043,0.6068866816041043,0.6078286129636804,0.6078286129636804,0.6078286129636804,0.6084047339935459,0.6084047339935459,0.6084047339935459,0.6092156670498736,0.6092156670498736,0.6092156670498736,0.6102967522419575,0.6102967522419575,0.6102967522419575,0.6109735026200661,0.6109735026200661,0.6109735026200661,0.6120045829887072,0.6120045829887072,0.6120045829887072,0.6130311735242808,0.6130311735242808,0.6130311735242808,0.6141965588913801,0.6141965588913801,0.6141965588913801,0.6154047292026898,0.6154047292026898,0.6154047292026898,0.6162133631971037,0.6162133631971037,0.6162133631971037,0.6167982621376402,0.6167982621376402,0.6167982621376402,0.6172178029507644,0.6172178029507644,0.6172178029507644,0.617832553496974,0.617832553496974,0.617832553496974,0.6184080631532284,0.6184080631532284,0.6184080631532284,0.6189233766915644,0.6189233766915644,0.6189233766915644,0.619692486963326,0.619692486963326,0.619692486963326,0.6207366391000726,0.6207366391000726,0.6207366391000726,0.6213062566080676,0.6213062566080676,0.6213062566080676,0.6217295635391247,0.6217295635391247,0.6217295635391247,0.6223475544875475,0.6223475544875475,0.6223475544875475,0.6226506006470302,0.6226506006470302,0.6226506006470302,0.623102024364083,0.623102024364083,0.623102024364083,0.6234817750439853,0.6234817750439853,0.6234817750439853,0.624055965410903,0.624055965410903,0.624055965410903,0.6244817331351773,0.6244817331351773,0.6244817331351773,0.6249228645133805,0.6249228645133805,0.6249228645133805,0.6251918909567372,0.6251918909567372,0.6251918909567372,0.6258348190415692,0.6258348190415692,0.6258348190415692,0.6263360765299054,0.6263360765299054,0.6263360765299054,0.6269950925676032,0.6269950925676032,0.6269950925676032,0.6273373739059467,0.6273373739059467,0.6273373739059467,0.6276648487185766,0.6276648487185766,0.6276648487185766,0.6280037835780116,0.6280037835780116,0.6280037835780116,0.6283622322683027,0.6283622322683027,0.6283622322683027,0.6285722616012142,0.6285722616012142,0.6285722616012142,0.6288323244305248,0.6288323244305248,0.6288323244305248,0.6291924619609703,0.6291924619609703,0.6291924619609703,0.6295229208697725,0.6295229208697725,0.6295229208697725,0.6301595869101747,0.6301595869101747,0.6301595869101747,0.6303880250686024,0.6303880250686024,0.6303880250686024,0.6305727504836833,0.6305727504836833,0.6305727504836833,0.6307934992076197,0.6307934992076197,0.6307934992076197,0.6314332483843972,0.6314332483843972,0.6314332483843972,0.6317715585417711,0.6317715585417711,0.6317715585417711,0.6320321581030083,0.6320321581030083,0.6320321581030083,0.6321508816593618,0.6321508816593618,0.6321508816593618,0.6323576429876921,0.6323576429876921,0.6323576429876921,0.6324604115733489,0.6324604115733489,0.6324604115733489,0.6326883947311369,0.6326883947311369,0.6326883947311369,0.6328594049358002,0.6328594049358002,0.6328594049358002,0.6331472785740765,0.6331472785740765,0.6331472785740765,0.6332794674798393,0.6332794674798393,0.6332794674798393,0.6335266275139478,0.6335266275139478,0.6335266275139478,0.6336956258577202,0.6336956258577202,0.6336956258577202,0.6337904429027438,0.6337904429027438,0.6337904429027438,0.6338670675412814,0.6338670675412814,0.6338670675412814,0.6339910125096487,0.6339910125096487,0.6339910125096487,0.634176424477675,0.634176424477675,0.634176424477675,0.6344152910834697,0.6344152910834697,0.6344152910834697,0.6347049906575932,0.6347049906575932,0.6347049906575932,0.6348153904471187,0.6348153904471187,0.6348153904471187,0.6349274716942509,0.6349274716942509,0.6349274716942509,0.6351024430804195,0.6351024430804195,0.6351024430804195,0.6354898187415916,0.6354898187415916,0.6354898187415916,0.6356866673539938,0.6356866673539938,0.6356866673539938,0.635732960835117,0.635732960835117,0.635732960835117,0.6358046720671323,0.6358046720671323,0.6358046720671323,0.635909907147236,0.635909907147236,0.635909907147236,0.6360395792094212,0.6360395792094212,0.6360395792094212,0.6362238955800573,0.6362238955800573,0.6362238955800573,0.636299267239851,0.636299267239851,0.636299267239851,0.6364483087463645,0.6364483087463645,0.6364483087463645,0.6365023812658573,0.6365023812658573,0.6365023812658573,0.6370997037781136,0.6370997037781136,0.6370997037781136,0.63721364295251,0.63721364295251,0.63721364295251,0.6372680613196242,0.6372680613196242,0.6372680613196242,0.6373501074909673,0.6373501074909673,0.6373501074909673,0.6376672332023339,0.6376672332023339,0.6376672332023339,0.6377391708148498,0.6377391708148498,0.6377391708148498,0.6377882689356833,0.6377882689356833,0.6377882689356833,0.6378490559452955,0.6378490559452955,0.6378490559452955,0.6380989409895225,0.6380989409895225,0.6380989409895225,0.6383468034447022,0.6383468034447022,0.6383468034447022,0.6384612184333878,0.6384612184333878,0.6384612184333878,0.6385732833458138,0.6385732833458138,0.6385732833458138,0.6389178884950838,0.6389178884950838,0.6389178884950838,0.6389175421822112,0.6389175421822112,0.6389175421822112,0.6389678785593746,0.6389678785593746,0.6389678785593746,0.6390604941601814,0.6390604941601814,0.6390604941601814,0.6391669877126765,0.6391669877126765,0.6391669877126765,0.6393776141894391,0.6393776141894391,0.6393776141894391,0.6395872308168212,0.6395872308168212,0.6395872308168212,0.6397054804287304,0.6397054804287304,0.6397054804287304,0.6398173011095094,0.6398173011095094,0.6398173011095094,0.6399175801185498,0.6399175801185498,0.6399175801185498,0.6399651404285222,0.6399651404285222,0.6399651404285222,0.6400227465300977,0.6400227465300977,
0.012125081696328397,0.012125081696328397,0.012125081696328397,0.02557901011675901,0.02557901011675901,0.02557901011675901,0.056597578379327156,0.056597578379327156,0.056597578379327156,0.07976771993133357,0.07976771993133357,0.07976771993133357,0.09419712099212195,0.09419712099212195,0.09419712099212195,0.1217453116233863,0.1217453116233863,0.1217453116233863,0.1485357312916536,0.1485357312916536,0.1485357312916536,0.1768167801691198,0.1768167801691198,0.1768167801691198,0.2139871925915182,0.2139871925915182,0.2139871925915182,0.25892386882208235,0.25892386882208235,0.25892386882208235,0.2845637190456101,0.2845637190456101,0.2845637190456101,0.286790482087771,0.286790482087771,0.286790482087771,0.29885251461225076,0.29885251461225076,0.29885251461225076,0.3284076291949614,0.3284076291949614,0.3284076291949614,0.3430113254467848,0.3430113254467848,0.3430113254467848,0.3672734302627844,0.3672734302627844,0.3672734302627844,0.3874701832205685,0.3874701832205685,0.3874701832205685,0.3977431067894043,0.3977431067894043,0.3977431067894043,0.42125526847582895,0.42125526847582895,0.42125526847582895,0.43974726396110037,0.43974726396110037,0.43974726396110037,0.45326421813288686,0.45326421813288686,0.45326421813288686,0.46326308224834456,0.46326308224834456,0.46326308224834456,0.4727213509671176,0.4727213509671176,0.4727213509671176,0.4788083267699919,0.4788083267699919,0.4788083267699919,0.486062803765509,0.486062803765509,0.486062803765509,0.49352709007858403,0.49352709007858403,0.49352709007858403,0.5024991169563201,0.5024991169563201,0.5024991169563201,0.5067215693414774,0.5067215693414774,0.5067215693414774,0.5135012627332174,0.5135012627332174,0.5135012627332174,0.5156807137022282,0.5156807137022282,0.5156807137022282,0.5187673378040815,0.5187673378040815,0.5187673378040815,0.5216669755825836,0.5216669755825836,0.5216669755825836,0.5249785792003107,0.5249785792003107,0.5249785792003107,0.5284968670971676,0.5284968670971676,0.5284968670971676,0.5321770360676987,0.5321770360676987,0.5321770360676987,0.5368393514511892,0.5368393514511892,0.5368393514511892,0.5415114930285356,0.5415114930285356,0.5415114930285356,0.5440838221292936,0.5440838221292936,0.5440838221292936,0.5479739736742234,0.5479739736742234,0.5479739736742234,0.5531458376206507,0.5531458376206507,0.5531458376206507,0.5547463912669341,0.5547463912669341,0.5547463912669341,0.5574311127666379,0.5574311127666379,0.5574311127666379,0.5591647478981819,0.5591647478981819,0.5591647478981819,0.5614289420791534,0.5614289420791534,0.5614289420791534,0.5653383552859439,0.5653383552859439,0.5653383552859439,0.5674559172229802,0.5674559172229802,0.5674559172229802,0.5695539067682109,0.5695539067682109,0.5695539067682109,0.571285617689561,0.571285617689561,0.571285617689561,0.5730509454920827,0.5730509454920827,0.5730509454920827,0.5741439071265286,0.5741439071265286,0.5741439071265286,0.5770914045311081,0.5770914045311081,0.5770914045311081,0.5792688443398951,0.5792688443398951,0.5792688443398951,0.5809265442648596,0.5809265442648596,0.5809265442648596,0.5826327646057434,0.5826327646057434,0.5826327646057434,0.5835242174127713,0.5835242174127713,0.5835242174127713,0.5849664749117939,0.5849664749117939,0.5849664749117939,0.5866867342655453,0.5866867342655453,0.5866867342655453,0.5888625468270622,0.5888625468270622,0.5888625468270622,0.5912555943292365,0.5912555943292365,0.5912555943292365,0.5927769752351004,0.5927769752351004,0.5927769752351004,0.5939455760074024,0.5939455760074024,0.5939455760074024,0.5948649782724207,0.5948649782724207,0.5948649782724207,0.5953491112052842,0.5953491112052842,0.5953491112052842,0.5962809612065381,0.5962809612065381,0.5962809612065381,0.5968474052844913,0.5968474052844913,0.5968474052844913,0.5979882567724144,0.5979882567724144,0.5979882567724144,0.5985242451355355,0.5985242451355355,0.5985242451355355,0.5997912686703257,0.5997912686703257,0.5997912686703257,0.6007263177681258,0.6007263177681258,0.6007263177681258,0.60195528322989,0.60195528322989,0.60195528322989,0.6026932108498875,0.6026932108498875,0.6026932108498875,0.6031860637280979,0.6031860637280979,0.6031860637280979,0.6041781627561389,0.6041781627561389,0.6041781627561389,0.6045981871309563,0.6045981871309563,0.6045981871309563,0.6051341852983474,0.6051341852983474,0.6051341852983474,0.6058587516339571,0.6058587516339571,0.6058587516339571,0.6062949969974012,0.6062949969974012,0.6062949969974012,0.6071445003756878,0.6071445003756878,0.6071445003756878,0.6076912206165019,0.6076912206165019,0.6076912206165019,0.6082595948501818,0.6082595948501818,0.6082595948501818,0.60903568192006,0.60903568192006,0.60903568192006,0.610182901799303,0.610182901799303,0.610182901799303,0.6105637331707788,0.6105637331707788,0.6105637331707788,0.6113189563235062,0.6113189563235062,0.6113189563235062,0.6120182254042613,0.6120182254042613,0.6120182254042613,0.6124380894004662,0.6124380894004662,0.6124380894004662,0.6128288005729958,0.6128288005729958,0.6128288005729958,0.6135354117956558,0.6135354117956558,0.6135354117956558,0.6144810179347845,0.6144810179347845,0.6144810179347845,0.6150405134128502,0.6150405134128502,0.6150405134128502,0.6155729232997144,0.6155729232997144,0.6155729232997144,0.616432502850747,0.616432502850747,0.616432502850747,0.6169153281393,0.6169153281393,0.6169153281393,0.6174129791014363,0.6174129791014363,0.6174129791014363,0.617870851618562,0.617870851618562,0.617870851618562,0.6182211042238525,0.6182211042238525,0.6182211042238525,0.6187829381242123,0.6187829381242123,0.6187829381242123,0.6199226499999229,0.6199226499999229,0.6199226499999229,0.6206959954479272,0.6206959954479272,0.6206959954479272,0.6210250126339022,0.6210250126339022,0.6210250126339022,0.621469847810868,0.621469847810868,0.621469847810868,0.6215800579965785,0.6215800579965785,0.6215800579965785,0.6218377351343146,0.6218377351343146,0.6218377351343146,0.6223967796840971,0.6223967796840971,0.6223967796840971,0.6234734441663716,0.6234734441663716,0.6234734441663716,0.623750139367597,0.623750139367597,0.623750139367597,0.6240085996524364,0.6240085996524364,0.6240085996524364,0.6241750617447126,0.6241750617447126,0.6241750617447126,0.6247119021466985,0.6247119021466985,0.6247119021466985,0.6251267470758846,0.6251267470758846,0.6251267470758846,0.6254268802208639,0.6254268802208639,0.6254268802208639,0.6258392657925721,0.6258392657925721,0.6258392657925721,0.6262535855393094,0.6262535855393094,0.6262535855393094,0.626694449160974,0.626694449160974,0.626694449160974,0.6270477091344144,0.6270477091344144,0.6270477091344144,0.6274270401424584,0.6274270401424584,0.6274270401424584,0.6279036797527948,0.6279036797527948,0.6279036797527948,0.6282378980345097,0.6282378980345097,0.6282378980345097,0.628555731451983,0.628555731451983,0.628555731451983,0.6293791017124397,0.6293791017124397,0.6293791017124397,0.6298073386805788,0.6298073386805788,0.6298073386805788,0.6301413974060538,0.6301413974060538,0.6301413974060538,0.6306005084586034,0.6306005084586034,0.6306005084586034,0.6309975276540775,0.6309975276540775,0.6309975276540775,0.631426912133778,0.631426912133778,0.631426912133778,0.6316046130337561,0.6316046130337561,0.6316046130337561,0.6316966248317318,0.6316966248317318,0.6316966248317318,0.6319769572672941,0.6319769572672941,0.6319769572672941,0.6323259139829692,0.6323259139829692,0.6323259139829692,0.6325577669087808,0.6325577669087808,0.6325577669087808,0.6327588733079682,0.6327588733079682,0.6327588733079682,0.6330227467226854,0.6330227467226854,0.6330227467226854,0.6333082789851181,0.6333082789851181,0.6333082789851181,0.6334867783250201,0.6334867783250201,0.6334867783250201,0.6336045460604786,0.6336045460604786,0.6336045460604786,0.6338267907480449,0.6338267907480449,0.6338267907480449,0.634092482950538,0.634092482950538,0.634092482950538,0.6343523625565421,0.6343523625565421,0.6343523625565421,0.6345168594109866,0.6345168594109866,0.6345168594109866,0.6347833707661987,0.6347833707661987,0.6347833707661987,0.6348647523892665,0.6348647523892665,0.6348647523892665,0.6350590153213321,0.6350590153213321,0.6350590153213321,0.6351408151967372,0.6351408151967372,0.6351408151967372,0.6355283806591906,0.6355283806591906,0.6355283806591906,0.6359209454401871,0.6359209454401871,0.6359209454401871,0.636547638670432,0.636547638670432,0.636547638670432,0.6366610135063053,0.6366610135063053,0.6366610135063053,0.6371393476528199,0.6371393476528199,0.6371393476528199,0.637332596197656,0.637332596197656,0.637332596197656,0.6375428706147775,0.6375428706147775,0.6375428706147775,0.6376640411348209,0.6376640411348209,0.6376640411348209,0.6377986900208416,0.6377986900208416,0.6377986900208416,0.6378318297185723,0.6378318297185723,0.6378318297185723,0.6379486587503168,0.6379486587503168,0.6379486587503168,0.638194600789359,0.638194600789359,0.638194600789359,0.638220278813791,0.638220278813791,0.638220278813791,0.6383219137674091,0.6383219137674091,0.6383219137674091,0.6384144915899921,0.6384144915899921,0.6384144915899921,0.6386499957574598,0.6386499957574598,0.6386499957574598,0.6387563152288129,0.6387563152288129,0.6387563152288129,0.6390082446283696,0.6390082446283696,0.6390082446283696,0.639204294531762,0.639204294531762,0.639204294531762,0.6393280094913472,0.6393280094913472,0.6393280094913472,0.6394199657796227,0.6394199657796227,0.6394199657796227,0.6394858998301319,0.6394858998301319,0.6394858998301319,0.6398413288479987,0.6398413288479987,0.6398413288479987,0.6399822113570427,0.6399822113570427,
0.0018646023661618354,0.0018646023661618354,0.0018646023661618354,0.015751240994244544,0.015751240994244544,0.015751240994244544,0.05304347715166107,0.05304347715166107,0.05304347715166107,0.08757980919400131,0.08757980919400131,0.08757980919400131,0.11740253923593262,0.11740253923593262,0.11740253923593262,0.14049259713766798,0.14049259713766798,0.14049259713766798,0.1542437815215409,0.1542437815215409,0.1542437815215409,0.17656425988086522,0.17656425988086522,0.17656425988086522,0.21133058242529934,0.21133058242529934,0.21133058242529934,0.2893280985834378,0.2893280985834378,0.2893280985834378,0.2960556169522135,0.2960556169522135,0.2960556169522135,0.3272103892380027,0.3272103892380027,0.3272103892380027,0.33578625221956704,0.33578625221956704,0.33578625221956704,0.35919506806339463,0.35919506806339463,0.35919506806339463,0.3711980871588464,0.3711980871588464,0.3711980871588464,0.38512760378641175,0.38512760378641175,0.38512760378641175,0.41006504428925644,0.41006504428925644,0.41006504428925644,0.4171184076276478,0.4171184076276478,0.4171184076276478,0.43252679826348633,0.43252679826348633,0.43252679826348633,0.4453729308238072,0.4453729308238072,0.4453729308238072,0.4558636960641661,0.4558636960641661,0.4558636960641661,0.4676492179467846,0.4676492179467846,0.4676492179467846,0.4806378915440395,0.4806378915440395,0.4806378915440395,0.4844830297775617,0.4844830297775617,0.4844830297775617,0.49142762567508547,0.49142762567508547,0.49142762567508547,0.49718057907730334,0.49718057907730334,0.49718057907730334,0.5033033248437281,0.5033033248437281,0.5033033248437281,0.5086018539135005,0.5086018539135005,0.5086018539135005,0.5151755819093536,0.5151755819093536,0.5151755819093536,0.517923241903504,0.517923241903504,0.517923241903504,0.5235732998977949,0.5235732998977949,0.5235732998977949,0.5302786333894126,0.5302786333894126,0.5302786333894126,0.5359403461529402,0.5359403461529402,0.5359403461529402,0.5390297611182694,0.5390297611182694,0.5390297611182694,0.5405785741360133,0.5405785741360133,0.5405785741360133,0.5441526425600977,0.5441526425600977,0.5441526425600977,0.5462848553774918,0.5462848553774918,0.5462848553774918,0.5499327441589664,0.5499327441589664,0.5499327441589664,0.5538356406440491,0.5538356406440491,0.5538356406440491,0.557552737410417,0.557552737410417,0.557552737410417,0.5598438975347518,0.5598438975347518,0.5598438975347518,0.5629261677326061,0.5629261677326061,0.5629261677326061,0.5642311475576115,0.5642311475576115,0.5642311475576115,0.5663956356975167,0.5663956356975167,0.5663956356975167,0.5679015985012243,0.5679015985012243,0.5679015985012243,0.5702649734863892,0.5702649734863892,0.5702649734863892,0.5735242024716065,0.5735242024716065,0.5735242024716065,0.5750801140007407,0.5750801140007407,0.5750801140007407,0.5765741926565295,0.5765741926565295,0.5765741926565295,0.5778311770971096,0.5778311770971096,0.5778311770971096,0.5788176473860636,0.5788176473860636,0.5788176473860636,0.5795402497140538,0.5795402497140538,0.5795402497140538,0.5805901094267613,0.5805901094267613,0.5805901094267613,0.5827352515639099,0.5827352515639099,0.5827352515639099,0.58434153060431,0.58434153060431,0.58434153060431,0.5872229913791471,0.5872229913791471,0.5872229913791471,0.5880707718378383,0.5880707718378383,0.5880707718378383,0.5888078080501382,0.5888078080501382,0.5888078080501382,0.5895292746709078,0.5895292746709078,0.5895292746709078,0.5909803252749569,0.5909803252749569,0.5909803252749569,0.5922459842843799,0.5922459842843799,0.5922459842843799,0.5928744993883924,0.5928744993883924,0.5928744993883924,0.5942868749083545,0.5942868749083545,0.5942868749083545,0.5956336418658236,0.5956336418658236,0.5956336418658236,0.5961001673856478,0.5961001673856478,0.5961001673856478,0.5969584747955254,0.5969584747955254,0.5969584747955254,0.5977009843716773,0.5977009843716773,0.5977009843716773,0.598891024802463,0.598891024802463,0.598891024802463,0.5998522606020753,0.5998522606020753,0.5998522606020753,0.6007594430313434,0.6007594430313434,0.6007594430313434,0.6012324178010912,0.6012324178010912,0.6012324178010912,0.6021415048327997,0.6021415048327997,0.6021415048327997,0.6027764403362625,0.6027764403362625,0.6027764403362625,0.6033038687291417,0.6033038687291417,0.6033038687291417,0.6042576150821637,0.6042576150821637,0.6042576150821637,0.6048061223598147,0.6048061223598147,0.6048061223598147,0.605599098058052,0.605599098058052,0.605599098058052,0.6066618453492211,0.6066618453492211,0.6066618453492211,0.6073381784728638,0.6073381784728638,0.6073381784728638,0.6076121246570053,0.6076121246570053,0.6076121246570053,0.60823685818376,0.60823685818376,0.60823685818376,0.6087036348509794,0.6087036348509794,0.6087036348509794,0.6096782594533438,0.6096782594533438,0.6096782594533438,0.6108892984737194,0.6108892984737194,0.6108892984737194,0.6117460393674462,0.6117460393674462,0.6117460393674462,0.6121778652580988,0.6121778652580988,0.6121778652580988,0.6124722344035597,0.6124722344035597,0.6124722344035597,0.6129042860070686,0.6129042860070686,0.6129042860070686,0.6136446244112842,0.6136446244112842,0.6136446244112842,0.613912211450122,0.613912211450122,0.613912211450122,0.614657268595507,0.614657268595507,0.614657268595507,0.6152510958047037,0.6152510958047037,0.6152510958047037,0.6159453714622478,0.6159453714622478,0.6159453714622478,0.616625045884006,0.616625045884006,0.616625045884006,0.6168088601910258,0.6168088601910258,0.6168088601910258,0.6173756669464981,0.6173756669464981,0.6173756669464981,0.617595328991974,0.617595328991974,0.617595328991974,0.6178797636013998,0.6178797636013998,0.6178797636013998,0.6185351978368838,0.6185351978368838,0.6185351978368838,0.6189195488193767,0.6189195488193767,0.6189195488193767,0.6193279136959061,0.6193279136959061,0.6193279136959061,0.6198652864749822,0.6198652864749822,0.6198652864749822,0.6202336137567149,0.6202336137567149,0.6202336137567149,0.6205532090578117,0.6205532090578117,0.6205532090578117,0.6210312804600137,0.6210312804600137,0.6210312804600137,0.6215188809182757,0.6215188809182757,0.6215188809182757,0.6218209649110805,0.6218209649110805,0.6218209649110805,0.6221137577656262,0.6221137577656262,0.6221137577656262,0.6224273932193827,0.6224273932193827,0.6224273932193827,0.6233345829827838,0.6233345829827838,0.6233345829827838,0.6238397606285696,0.6238397606285696,0.6238397606285696,0.6240076960458323,0.6240076960458323,0.6240076960458323,0.6241399499039726,0.6241399499039726,0.6241399499039726,0.6246452329799007,0.6246452329799007,0.6246452329799007,0.6250939972501424,0.6250939972501424,0.6250939972501424,0.6257076575254586,0.6257076575254586,0.6257076575254586,0.6262736009841895,0.6262736009841895,0.6262736009841895,0.6264670973470874,0.6264670973470874,0.6264670973470874,0.6268068910248222,0.6268068910248222,0.6268068910248222,0.6270825563991793,0.6270825563991793,0.6270825563991793,0.6275180322271995,0.6275180322271995,0.6275180322271995,0.6276973301431982,0.6276973301431982,0.6276973301431982,0.627966199303291,0.627966199303291,0.627966199303291,0.6284926054712313,0.6284926054712313,0.6284926054712313,0.6289433560949206,0.6289433560949206,0.6289433560949206,0.6291252425383403,0.6291252425383403,0.6291252425383403,0.6294671484513957,0.6294671484513957,0.6294671484513957,0.6298369244052714,0.6298369244052714,0.6298369244052714,0.6301183887201823,0.6301183887201823,0.6301183887201823,0.6304623060095935,0.6304623060095935,0.6304623060095935,0.6306275390464554,0.6306275390464554,0.6306275390464554,0.631017692092255,0.631017692092255,0.631017692092255,0.631204121070196,0.631204121070196,0.631204121070196,0.6314689636087102,0.6314689636087102,0.6314689636087102,0.6316902282252882,0.6316902282252882,0.6316902282252882,0.6319791390606845,0.6319791390606845,0.6319791390606845,0.632272949425705,0.632272949425705,0.632272949425705,0.6330174652814269,0.6330174652814269,0.6330174652814269,0.6331597040080803,0.6331597040080803,0.6331597040080803,0.6333257149865767,0.6333257149865767,0.6333257149865767,0.633646350914216,0.633646350914216,0.633646350914216,0.6337973176153966,0.6337973176153966,0.6337973176153966,0.6338944005500268,0.6338944005500268,0.6338944005500268,0.6340911080062201,0.6340911080062201,0.6340911080062201,0.6343634669562713,0.6343634669562713,0.6343634669562713,0.634846903975533,0.634846903975533,0.634846903975533,0.6351004143473477,0.6351004143473477,0.6351004143473477,0.6352193064208987,0.6352193064208987,0.6352193064208987,0.6354043225143335,0.6354043225143335,0.6354043225143335,0.6358133842453866,0.6358133842453866,0.6358133842453866,0.6360239467656457,0.6360239467656457,0.6360239467656457,0.6362064308582859,0.6362064308582859,0.6362064308582859,0.6365158530233845,0.6365158530233845,0.6365158530233845,0.6365885060524425,0.6365885060524425,0.6365885060524425,0.6367719487536544,0.6367719487536544,0.6367719487536544,0.6368883495195407,0.6368883495195407,0.6368883495195407,0.636958203163871,0.636958203163871,0.636958203163871,0.6372016445225887,0.6372016445225887,0.6372016445225887,0.6374978258473909,0.6374978258473909,0.6374978258473909,0.637674958494488,0.637674958494488,0.637674958494488,0.6378134457550682,0.6378134457550682,0.6378134457550682,0.6381618164502506,0.6381618164502506,0.6381618164502506,0.6383116990716281,0.6383116990716281,0.6383116990716281,0.6384419885613389,0.6384419885613389,0.6384419885613389,0.6386243025990612,0.6386243025990612,0.6386243025990612,0.6388249293528783,0.6388249293528783,0.6388249293528783,0.6389357156577866,0.6389357156577866,
0.017539638597748583,0.017539638597748583,0.017539638597748583,0.030830177650278068,0.030830177650278068,0.030830177650278068,0.051476909948509376,0.051476909948509376,0.051476909948509376,0.05832283923655737,0.05832283923655737,0.05832283923655737,0.08348015058315877,0.08348015058315877,0.08348015058315877,0.10301697122149799,0.10301697122149799,0.10301697122149799,0.13843757630717424,0.13843757630717424,0.13843757630717424,0.1782208623482476,0.1782208623482476,0.1782208623482476,0.20430317952377336,0.20430317952377336,0.20430317952377336,0.23494589485752806,0.23494589485752806,0.23494589485752806,0.26769232256215725,0.26769232256215725,0.26769232256215725,0.29974141298256346,0.29974141298256346,0.29974141298256346,0.32339223891593666,0.32339223891593666,0.32339223891593666,0.33828215113909915,0.33828215113909915,0.33828215113909915,0.36443238449614423,0.36443238449614423,0.36443238449614423,0.3784287493649153,0.3784287493649153,0.3784287493649153,0.38961730377240633,0.38961730377240633,0.38961730377240633,0.4008383242388953,0.4008383242388953,0.4008383242388953,0.41403005933706033,0.41403005933706033,0.41403005933706033,0.43135336314795547,0.43135336314795547,0.43135336314795547,0.4445527435136638,0.4445527435136638,0.4445527435136638,0.45860227057438363,0.45860227057438363,0.45860227057438363,0.467332513777404,0.467332513777404,0.467332513777404,0.47267564787198374,0.47267564787198374,0.47267564787198374,0.48028137803682824,0.48028137803682824,0.48028137803682824,0.48725868525095245,0.48725868525095245,0.48725868525095245,0.4934722954649848,0.4934722954649848,0.4934722954649848,0.5040337005002263,0.5040337005002263,0.5040337005002263,0.5097040034578767,0.5097040034578767,0.5097040034578767,0.5121603435572157,0.5121603435572157,0.5121603435572157,0.5150666067785493,0.5150666067785493,0.5150666067785493,0.5190429333607998,0.5190429333607998,0.5190429333607998,0.5244424294104432,0.5244424294104432,0.5244424294104432,0.5284714666777419,0.5284714666777419,0.5284714666777419,0.5329541245454569,0.5329541245454569,0.5329541245454569,0.5381143874557661,0.5381143874557661,0.5381143874557661,0.5426640340513315,0.5426640340513315,0.5426640340513315,0.5455296337751208,0.5455296337751208,0.5455296337751208,0.5507890439867229,0.5507890439867229,0.5507890439867229,0.553820639587646,0.553820639587646,0.553820639587646,0.5561065186528732,0.5561065186528732,0.5561065186528732,0.5584020492525276,0.5584020492525276,0.5584020492525276,0.5614523850157636,0.5614523850157636,0.5614523850157636,0.5640983616098052,0.5640983616098052,0.5640983616098052,0.5659608073360153,0.5659608073360153,0.5659608073360153,0.5688471967621607,0.5688471967621607,0.5688471967621607,0.5705555195086087,0.5705555195086087,0.5705555195086087,0.5730564965781768,0.5730564965781768,0.5730564965781768,0.5750538756008396,0.5750538756008396,0.5750538756008396,0.5761283693112088,0.5761283693112088,0.5761283693112088,0.5788211629988186,0.5788211629988186,0.5788211629988186,0.5807913767089561,0.5807913767089561,0.5807913767089561,0.5821534360339836,0.5821534360339836,0.5821534360339836,0.5836403566740611,0.5836403566740611,0.5836403566740611,0.5844315941947231,0.5844315941947231,0.5844315941947231,0.5856373841079971,0.5856373841079971,0.5856373841079971,0.5870422282244598,0.5870422282244598,0.5870422282244598,0.5884350974005776,0.5884350974005776,0.5884350974005776,0.5899127258128366,0.5899127258128366,0.5899127258128366,0.5913405939807547,0.5913405939807547,0.5913405939807547,0.5926313697096762,0.5926313697096762,0.5926313697096762,0.5935723068908255,0.5935723068908255,0.5935723068908255,0.5947300316957931,0.5947300316957931,0.5947300316957931,0.5956173704418548,0.5956173704418548,0.5956173704418548,0.5973090955539483,0.5973090955539483,0.5973090955539483,0.5984032682228251,0.5984032682228251,0.5984032682228251,0.5993833294263045,0.5993833294263045,0.5993833294263045,0.6003128987825296,0.6003128987825296,0.6003128987825296,0.6007783140242671,0.6007783140242671,0.6007783140242671,0.6019211345395347,0.6019211345395347,0.6019211345395347,0.6041852570697811,0.6041852570697811,0.6041852570697811,0.6050832592922811,0.6050832592922811,0.6050832592922811,0.6060265761116062,0.6060265761116062,0.6060265761116062,0.6069955930000156,0.6069955930000156,0.6069955930000156,0.607541705936516,0.607541705936516,0.607541705936516,0.6085079833238619,0.6085079833238619,0.6085079833238619,0.6091474409915084,0.6091474409915084,0.6091474409915084,0.6098886821579779,0.6098886821579779,0.6098886821579779,0.6107892638832843,0.6107892638832843,0.6107892638832843,0.6114455957134929,0.6114455957134929,0.6114455957134929,0.6119915323517782,0.6119915323517782,0.6119915323517782,0.6123926332189753,0.6123926332189753,0.6123926332189753,0.612856435011011,0.612856435011011,0.612856435011011,0.6134276772415882,0.6134276772415882,0.6134276772415882,0.6136691790335068,0.6136691790335068,0.6136691790335068,0.6141446250475296,0.6141446250475296,0.6141446250475296,0.6144070864112647,0.6144070864112647,0.6144070864112647,0.6149825772606222,0.6149825772606222,0.6149825772606222,0.6151215141150556,0.6151215141150556,0.6151215141150556,0.6156126748723055,0.6156126748723055,0.6156126748723055,0.6159141580745147,0.6159141580745147,0.6159141580745147,0.6164928149436432,0.6164928149436432,0.6164928149436432,0.6168551956739413,0.6168551956739413,0.6168551956739413,0.6170200763979528,0.6170200763979528,0.6170200763979528,0.6174690109569332,0.6174690109569332,0.6174690109569332,0.6179103615665494,0.6179103615665494,0.6179103615665494,0.6184073897586987,0.6184073897586987,0.6184073897586987,0.6187248824861625,0.6187248824861625,0.6187248824861625,0.6190613649286995,0.6190613649286995,0.6190613649286995,0.6195754878713045,0.6195754878713045,0.6195754878713045,0.6198581345093297,0.6198581345093297,0.6198581345093297,0.6202114919194133,0.6202114919194133,0.6202114919194133,0.6206034791134871,0.6206034791134871,0.6206034791134871,0.6208536704991227,0.6208536704991227,0.6208536704991227,0.6212072540595114,0.6212072540595114,0.6212072540595114,0.6216218112734178,0.6216218112734178,0.6216218112734178,0.6217453038065287,0.6217453038065287,0.6217453038065287,0.6224605562571474,0.6224605562571474,0.6224605562571474,0.6228451731727866,0.6228451731727866,0.6228451731727866,0.6231716776299467,0.6231716776299467,0.6231716776299467,0.6234045313149382,0.6234045313149382,0.6234045313149382,0.6236207863558262,0.6236207863558262,0.6236207863558262,0.6237476455332495,0.6237476455332495,0.6237476455332495,0.6240186318909009,0.6240186318909009,0.6240186318909009,0.624280427046242,0.624280427046242,0.624280427046242,0.6245045564376229,0.6245045564376229,0.6245045564376229,0.6247539285650423,0.6247539285650423,0.6247539285650423,0.6251920239002718,0.6251920239002718,0.6251920239002718,0.6253457163369579,0.6253457163369579,0.6253457163369579,0.6255808363816903,0.6255808363816903,0.6255808363816903,0.6258216901694003,0.6258216901694003,0.6258216901694003,0.6259644459269702,0.6259644459269702,0.6259644459269702,0.6260809899255089,0.6260809899255089,0.6260809899255089,0.626320362034788,0.626320362034788,0.626320362034788,0.6264356064053126,0.6264356064053126,0.6264356064053126,0.6266503476959292,0.6266503476959292,0.6266503476959292,0.6268133401498152,0.6268133401498152,0.6268133401498152,0.6269961206969883,0.6269961206969883,0.6269961206969883,0.6271390566518358,0.6271390566518358,0.6271390566518358,0.6272404229396282,0.6272404229396282,0.6272404229396282,0.627340848765416,0.627340848765416,0.627340848765416,0.6274919290015369,0.6274919290015369,0.6274919290015369,0.6275955175464609,0.6275955175464609,0.6275955175464609,0.6276801201183156,0.6276801201183156,0.6276801201183156,0.6278540362866022,0.6278540362866022,0.6278540362866022,0.6280609528368298,0.6280609528368298,0.6280609528368298,0.6282476074230997,0.6282476074230997,0.6282476074230997,0.6284140926165308,0.6284140926165308,0.6284140926165308,0.6287288063402495,0.6287288063402495,0.6287288063402495,0.6289393052972596,0.6289393052972596,0.6289393052972596,0.6293712267519709,0.6293712267519709,0.6293712267519709,0.6296027578233221,0.6296027578233221,0.6296027578233221,0.6298090146248652,0.6298090146248652,0.6298090146248652,0.6299254462963781,0.6299254462963781,0.6299254462963781,0.6300562340620522,0.6300562340620522,0.6300562340620522,0.6300865341346725,0.6300865341346725,0.6300865341346725,0.6302232419978224,0.6302232419978224,0.6302232419978224,0.6304871127557569,0.6304871127557569,0.6304871127557569,0.63069575069233,0.63069575069233,0.63069575069233,0.6308324423952608,0.6308324423952608,0.6308324423952608,0.6310329881567079,0.6310329881567079,0.6310329881567079,0.6311230777905525,0.6311230777905525,0.6311230777905525,0.6312159778334203,0.6312159778334203,0.6312159778334203,0.6313051226990857,0.6313051226990857,0.6313051226990857,0.6315096980262205,0.6315096980262205,0.6315096980262205,0.6315384663772227,0.6315384663772227,0.6315384663772227,0.6317260769257529,0.6317260769257529,0.6317260769257529,0.6318706493028101,0.6318706493028101,0.6318706493028101,0.6320101870407535,0.6320101870407535,0.6320101870407535,0.6321923286350825,0.6321923286350825,0.6321923286350825,0.6322487539365067,0.6322487539365067,0.6322487539365067,0.6323208346631713,0.6323208346631713,0.6323208346631713,0.6324510566090145,0.6324510566090145,0.6324510566090145,0.6325257133554991,0.6325257133554991,0.6325257133554991,0.6326289419096333,0.6326289419096333,0.6326289419096333,0.6327298604193101,0.6327298604193101,0.6327298604193101,0.6328344849710905,0.6328344849710905,
1.7945017868894748E-4,1.7945017868894748E-4,1.7945017868894748E-4,0.0345664673600728,0.0345664673600728,0.0345664673600728,0.04978946015593332,0.04978946015593332,0.04978946015593332,0.0958520799805554,0.0958520799805554,0.0958520799805554,0.14606595325512714,0.14606595325512714,0.14606595325512714,0.15824345030693213,0.15824345030693213,0.15824345030693213,0.18601216663340253,0.18601216663340253,0.18601216663340253,0.20155224042103845,0.20155224042103845,0.20155224042103845,0.2275830740942773,0.2275830740942773,0.2275830740942773,0.26412739915093614,0.26412739915093614,0.26412739915093614,0.2839695058627245,0.2839695058627245,0.2839695058627245,0.2905648818184063,0.2905648818184063,0.2905648818184063,0.32436271764924385,0.32436271764924385,0.32436271764924385,0.3479501896504497,0.3479501896504497,0.3479501896504497,0.3606881592651399,0.3606881592651399,0.3606881592651399,0.3733848677267929,0.3733848677267929,0.3733848677267929,0.3900736242495757,0.3900736242495757,0.3900736242495757,0.41027120095519687,0.41027120095519687,0.41027120095519687,0.42132679927641564,0.42132679927641564,0.42132679927641564,0.43159596353898444,0.43159596353898444,0.43159596353898444,0.4439474143545997,0.4439474143545997,0.4439474143545997,0.45249965435900097,0.45249965435900097,0.45249965435900097,0.46284474850400203,0.46284474850400203,0.46284474850400203,0.4725100368355411,0.4725100368355411,0.4725100368355411,0.48690125345175017,0.48690125345175017,0.48690125345175017,0.4919356651687107,0.4919356651687107,0.4919356651687107,0.5009258020584625,0.5009258020584625,0.5009258020584625,0.5116632303479265,0.5116632303479265,0.5116632303479265,0.5205537246591604,0.5205537246591604,0.5205537246591604,0.5279998750445505,0.5279998750445505,0.5279998750445505,0.5326979121068537,0.5326979121068537,0.5326979121068537,0.5360810703428225,0.5360810703428225,0.5360810703428225,0.5378441961338067,0.5378441961338067,0.5378441961338067,0.5407008296320186,0.5407008296320186,0.5407008296320186,0.5443911245015156,0.5443911245015156,0.5443911245015156,0.5470052459033607,0.5470052459033607,0.5470052459033607,0.5499955451167695,0.5499955451167695,0.5499955451167695,0.5534413254212869,0.5534413254212869,0.5534413254212869,0.557377124059701,0.557377124059701,0.557377124059701,0.5629973013240354,0.5629973013240354,0.5629973013240354,0.5648836031952981,0.5648836031952981,0.5648836031952981,0.570117448913919,0.570117448913919,0.570117448913919,0.5718241040844529,0.5718241040844529,0.5718241040844529,0.5738252292761965,0.5738252292761965,0.5738252292761965,0.5750945344567171,0.5750945344567171,0.5750945344567171,0.5774440810849717,0.5774440810849717,0.5774440810849717,0.5796286251915257,0.5796286251915257,0.5796286251915257,0.5803821032575849,0.5803821032575849,0.5803821032575849,0.5817317765217933,0.5817317765217933,0.5817317765217933,0.5832851229601878,0.5832851229601878,0.5832851229601878,0.5847472890970029,0.5847472890970029,0.5847472890970029,0.5857263700562192,0.5857263700562192,0.5857263700562192,0.587788048556393,0.587788048556393,0.587788048556393,0.5898071734025031,0.5898071734025031,0.5898071734025031,0.5921816892800538,0.5921816892800538,0.5921816892800538,0.5932049797194408,0.5932049797194408,0.5932049797194408,0.594852215925188,0.594852215925188,0.594852215925188,0.5957229083949058,0.5957229083949058,0.5957229083949058,0.5970723016944306,0.5970723016944306,0.5970723016944306,0.5979486385951678,0.5979486385951678,0.5979486385951678,0.5986646679158494,0.5986646679158494,0.5986646679158494,0.5994002941559698,0.5994002941559698,0.5994002941559698,0.6005734104284641,0.6005734104284641,0.6005734104284641,0.6015120398401773,0.6015120398401773,0.6015120398401773,0.6026225377554906,0.6026225377554906,0.6026225377554906,0.6033774756206665,0.6033774756206665,0.6033774756206665,0.6046408656623843,0.6046408656623843,0.6046408656623843,0.6054872585943939,0.6054872585943939,0.6054872585943939,0.6059645085079235,0.6059645085079235,0.6059645085079235,0.6066191007087225,0.6066191007087225,0.6066191007087225,0.6074984646817757,0.6074984646817757,0.6074984646817757,0.6080885813665652,0.6080885813665652,0.6080885813665652,0.608680545906897,0.608680545906897,0.608680545906897,0.6095114570590223,0.6095114570590223,0.6095114570590223,0.6101046675057201,0.6101046675057201,0.6101046675057201,0.6107887001505136,0.6107887001505136,0.6107887001505136,0.6110093643868909,0.6110093643868909,0.6110093643868909,0.611654722900721,0.611654722900721,0.611654722900721,0.6124023121434576,0.6124023121434576,0.6124023121434576,0.6132946547602334,0.6132946547602334,0.6132946547602334,0.6136205268479458,0.6136205268479458,0.6136205268479458,0.6139402218029766,0.6139402218029766,0.6139402218029766,0.6144744217184617,0.6144744217184617,0.6144744217184617,0.614900465566587,0.614900465566587,0.614900465566587,0.6153332957292429,0.6153332957292429,0.6153332957292429,0.6158315052417981,0.6158315052417981,0.6158315052417981,0.6163024383234299,0.6163024383234299,0.6163024383234299,0.6169309677130671,0.6169309677130671,0.6169309677130671,0.6175676334896352,0.6175676334896352,0.6175676334896352,0.6181940733794307,0.6181940733794307,0.6181940733794307,0.618364449762317,0.618364449762317,0.618364449762317,0.618676305940012,0.618676305940012,0.618676305940012,0.619084403721846,0.619084403721846,0.619084403721846,0.6192925346724572,0.6192925346724572,0.6192925346724572,0.6194478940132501,0.6194478940132501,0.6194478940132501,0.6196333075183535,0.6196333075183535,0.6196333075183535,0.6198996456440409,0.6198996456440409,0.6198996456440409,0.6202415126591801,0.6202415126591801,0.6202415126591801,0.6217238380408675,0.6217238380408675,0.6217238380408675,0.6220355412679074,0.6220355412679074,0.6220355412679074,0.622807940726055,0.622807940726055,0.622807940726055,0.6230647084736343,0.6230647084736343,0.6230647084736343,0.6235348447248538,0.6235348447248538,0.6235348447248538,0.6237448881720902,0.6237448881720902,0.6237448881720902,0.623954232259134,0.623954232259134,0.623954232259134,0.6245144761918593,0.6245144761918593,0.6245144761918593,0.6248693929435101,0.6248693929435101,0.6248693929435101,0.6253745970012908,0.6253745970012908,0.6253745970012908,0.6257000925402381,0.6257000925402381,0.6257000925402381,0.6259607600064676,0.6259607600064676,0.6259607600064676,0.6261536721944566,0.6261536721944566,0.6261536721944566,0.6263359993077016,0.6263359993077016,0.6263359993077016,0.6267304678776693,0.6267304678776693,0.6267304678776693,0.6269298288894573,0.6269298288894573,0.6269298288894573,0.6272444765043518,0.6272444765043518,0.6272444765043518,0.6275674873225439,0.6275674873225439,0.6275674873225439,0.6277884114563631,0.6277884114563631,0.6277884114563631,0.6279608076447455,0.6279608076447455,0.6279608076447455,0.6282471234016697,0.6282471234016697,0.6282471234016697,0.6286345880347839,0.6286345880347839,0.6286345880347839,0.6290349988478995,0.6290349988478995,0.6290349988478995,0.6291501541321707,0.6291501541321707,0.6291501541321707,0.6293877414368254,0.6293877414368254,0.6293877414368254,0.6296002234199191,0.6296002234199191,0.6296002234199191,0.6297581635722005,0.6297581635722005,0.6297581635722005,0.6300064964931721,0.6300064964931721,0.6300064964931721,0.630252094189156,0.630252094189156,0.630252094189156,0.6303441992404324,0.6303441992404324,0.6303441992404324,0.6307617577307407,0.6307617577307407,0.6307617577307407,0.6310810790406263,0.6310810790406263,0.6310810790406263,0.6312389489691365,0.6312389489691365,0.6312389489691365,0.6313135234581237,0.6313135234581237,0.6313135234581237,0.6316596255088552,0.6316596255088552,0.6316596255088552,0.6318579670376104,0.6318579670376104,0.6318579670376104,0.6319865405153997,0.6319865405153997,0.6319865405153997,0.6321326201531142,0.6321326201531142,0.6321326201531142,0.6323350645048611,0.6323350645048611,0.6323350645048611,0.6325710739515696,0.6325710739515696,0.6325710739515696,0.6326602426317521,0.6326602426317521,0.6326602426317521,0.632973727277948,0.632973727277948,0.632973727277948,0.6331495854174582,0.6331495854174582,0.6331495854174582,0.6333143343284654,0.6333143343284654,0.6333143343284654,0.633419459426512,0.633419459426512,0.633419459426512,0.6334877832213293,0.6334877832213293,0.6334877832213293,0.6336224850784467,0.6336224850784467,0.6336224850784467,0.6336830709122402,0.6336830709122402,0.6336830709122402,0.6339070649293409,0.6339070649293409,0.6339070649293409,0.6339969314122301,0.6339969314122301,0.6339969314122301,0.6340855039092337,0.6340855039092337,0.6340855039092337,0.6345466664873137,0.6345466664873137,0.6345466664873137,0.6347151610810352,0.6347151610810352,0.6347151610810352,0.63472444823453,0.63472444823453,0.63472444823453,0.6347959735727137,0.6347959735727137,0.6347959735727137,0.6350384629569844,0.6350384629569844,0.6350384629569844,0.6351043832048574,0.6351043832048574,0.6351043832048574,0.6351916237850522,0.6351916237850522,0.6351916237850522,0.635263768254817,0.635263768254817,0.635263768254817,0.6353881273356448,0.6353881273356448,0.6353881273356448,0.6364234445705472,0.6364234445705472,0.6364234445705472,0.636504995930501,0.636504995930501,0.636504995930501,0.6365575902565019,0.6365575902565019,0.6365575902565019,0.6366169625572841,0.6366169625572841,0.6366169625572841,0.6367258995716574,0.6367258995716574,0.6367258995716574,0.6369662434867881,0.6369662434867881,0.6369662434867881,0.6370735807301455,0.6370735807301455,0.6370735807301455,0.6371860485058184,0.6371860485058184,0.6371860485058184,0.6372347666163226,0.6372347666163226,
0.0,0.0,0.0,0.002298931378175776,0.002298931378175776,0.002298931378175776,0.03931100756693222,0.03931100756693222,0.03931100756693222,0.07701185958540054,0.07701185958540054,0.07701185958540054,0.0859673251056947,0.0859673251056947,0.0859673251056947,0.1271259252595298,0.1271259252595298,0.1271259252595298,0.16350041891803432,0.16350041891803432,0.16350041891803432,0.22969614964077784,0.22969614964077784,0.22969614964077784,0.24305766246453883,0.24305766246453883,0.24305766246453883,0.27107477526285717,0.27107477526285717,0.27107477526285717,0.30147387568218664,0.30147387568218664,0.30147387568218664,0.3330108110411302,0.3330108110411302,0.3330108110411302,0.3519684275641617,0.3519684275641617,0.3519684275641617,0.3620540522111416,0.3620540522111416,0.3620540522111416,0.394605114553127,0.394605114553127,0.394605114553127,0.4115638679365945,0.4115638679365945,0.4115638679365945,0.4210281276635749,0.4210281276635749,0.4210281276635749,0.43910438818378206,0.43910438818378206,0.43910438818378206,0.4455854104398669,0.4455854104398669,0.4455854104398669,0.4603391269232265,0.4603391269232265,0.4603391269232265,0.4656050704960438,0.4656050704960438,0.4656050704960438,0.4697850949259259,0.4697850949259259,0.4697850949259259,0.4822234861938736,0.4822234861938736,0.4822234861938736,0.48884451227756515,0.48884451227756515,0.48884451227756515,0.4947236157333874,0.4947236157333874,0.4947236157333874,0.501883464244707,0.501883464244707,0.501883464244707,0.5095416892309157,0.5095416892309157,0.5095416892309157,0.518109040773124,0.518109040773124,0.518109040773124,0.5250306139716016,0.5250306139716016,0.5250306139716016,0.5298088032334951,0.5298088032334951,0.5298088032334951,0.5335879803226754,0.5335879803226754,0.5335879803226754,0.5366779153458565,0.5366779153458565,0.5366779153458565,0.5383746723493512,0.5383746723493512,0.5383746723493512,0.5427844616327365,0.5427844616327365,0.5427844616327365,0.5458547183780434,0.5458547183780434,0.5458547183780434,0.5492105596144851,0.5492105596144851,0.5492105596144851,0.5515296576760254,0.5515296576760254,0.5515296576760254,0.5541311803060567,0.5541311803060567,0.5541311803060567,0.555961132711632,0.555961132711632,0.555961132711632,0.5601148588220908,0.5601148588220908,0.5601148588220908,0.5645580036506761,0.5645580036506761,0.5645580036506761,0.566572904618355,0.566572904618355,0.566572904618355,0.5686052509735764,0.5686052509735764,0.5686052509735764,0.5711802476607895,0.5711802476607895,0.5711802476607895,0.5727107209057056,0.5727107209057056,0.5727107209057056,0.5751406163136346,0.5751406163136346,0.5751406163136346,0.5765728264444763,0.5765728264444763,0.5765728264444763,0.5786774986464887,0.5786774986464887,0.5786774986464887,0.579843140214536,0.579843140214536,0.579843140214536,0.5813856474111696,0.5813856474111696,0.5813856474111696,0.5830006030796194,0.5830006030796194,0.5830006030796194,0.5845244802264946,0.5845244802264946,0.5845244802264946,0.5855577358098184,0.5855577358098184,0.5855577358098184,0.5869255929058856,0.5869255929058856,0.5869255929058856,0.587932668540077,0.587932668540077,0.587932668540077,0.589388299838103,0.589388299838103,0.589388299838103,0.5906325527662344,0.5906325527662344,0.5906325527662344,0.5919099768437103,0.5919099768437103,0.5919099768437103,0.5934827698924208,0.5934827698924208,0.5934827698924208,0.594086893352295,0.594086893352295,0.594086893352295,0.5944230935629741,0.5944230935629741,0.5944230935629741,0.5949127215794298,0.5949127215794298,0.5949127215794298,0.5963508384781259,0.5963508384781259,0.5963508384781259,0.5983399047688495,0.5983399047688495,0.5983399047688495,0.5989714508057534,0.5989714508057534,0.5989714508057534,0.5999278693453799,0.5999278693453799,0.5999278693453799,0.6002769627198116,0.6002769627198116,0.6002769627198116,0.6007487211543698,0.6007487211543698,0.6007487211543698,0.6016654479651665,0.6016654479651665,0.6016654479651665,0.6025961863562248,0.6025961863562248,0.6025961863562248,0.6033390257256822,0.6033390257256822,0.6033390257256822,0.6040395721160161,0.6040395721160161,0.6040395721160161,0.6051704707532762,0.6051704707532762,0.6051704707532762,0.6061621563698731,0.6061621563698731,0.6061621563698731,0.6064848362533969,0.6064848362533969,0.6064848362533969,0.6081962959538764,0.6081962959538764,0.6081962959538764,0.608848622673594,0.608848622673594,0.608848622673594,0.6093957223855426,0.6093957223855426,0.6093957223855426,0.6101580883237829,0.6101580883237829,0.6101580883237829,0.6106219663671507,0.6106219663671507,0.6106219663671507,0.6111283661358405,0.6111283661358405,0.6111283661358405,0.6115314069655629,0.6115314069655629,0.6115314069655629,0.6118195139192698,0.6118195139192698,0.6118195139192698,0.6121819535910733,0.6121819535910733,0.6121819535910733,0.6127430363208646,0.6127430363208646,0.6127430363208646,0.6132432234768654,0.6132432234768654,0.6132432234768654,0.6139019724962912,0.6139019724962912,0.6139019724962912,0.6143732766337076,0.6143732766337076,0.6143732766337076,0.6146232798169857,0.6146232798169857,0.6146232798169857,0.6150906510648452,0.6150906510648452,0.6150906510648452,0.6156180157220038,0.6156180157220038,0.6156180157220038,0.6159301270489506,0.6159301270489506,0.6159301270489506,0.6163742220963216,0.6163742220963216,0.6163742220963216,0.6170922819882364,0.6170922819882364,0.6170922819882364,0.6173447277640147,0.6173447277640147,0.6173447277640147,0.6177694404755579,0.6177694404755579,0.6177694404755579,0.6181611334402543,0.6181611334402543,0.6181611334402543,0.6184082201785633,0.6184082201785633,0.6184082201785633,0.6187015933553722,0.6187015933553722,0.6187015933553722,0.618988595318433,0.618988595318433,0.618988595318433,0.6196427242429406,0.6196427242429406,0.6196427242429406,0.619857810121322,0.619857810121322,0.619857810121322,0.6201295358289928,0.6201295358289928,0.6201295358289928,0.620750254773646,0.620750254773646,0.620750254773646,0.6212005095669427,0.6212005095669427,0.6212005095669427,0.6215688735464693,0.6215688735464693,0.6215688735464693,0.621744031544865,0.621744031544865,0.621744031544865,0.6219535014357,0.6219535014357,0.6219535014357,0.6222596070900736,0.6222596070900736,0.6222596070900736,0.6224651859159878,0.6224651859159878,0.6224651859159878,0.6228737962282709,0.6228737962282709,0.6228737962282709,0.6230006915303399,0.6230006915303399,0.6230006915303399,0.6232551054868052,0.6232551054868052,0.6232551054868052,0.6233654202319213,0.6233654202319213,0.6233654202319213,0.6236930875767892,0.6236930875767892,0.6236930875767892,0.6238826605388134,0.6238826605388134,0.6238826605388134,0.6241911252848076,0.6241911252848076,0.6241911252848076,0.6246497951235556,0.6246497951235556,0.6246497951235556,0.624944892107146,0.624944892107146,0.624944892107146,0.6251445809714501,0.6251445809714501,0.6251445809714501,0.6252598450829152,0.6252598450829152,0.6252598450829152,0.6253330713853679,0.6253330713853679,0.6253330713853679,0.6256327024456257,0.6256327024456257,0.6256327024456257,0.626124802920549,0.626124802920549,0.626124802920549,0.6264371293140003,0.6264371293140003,0.6264371293140003,0.6266150363026315,0.6266150363026315,0.6266150363026315,0.6267008192868864,0.6267008192868864,0.6267008192868864,0.6272969621255146,0.6272969621255146,0.6272969621255146,0.6274129571372884,0.6274129571372884,0.6274129571372884,0.6288175395612979,0.6288175395612979,0.6288175395612979,0.6289326723680503,0.6289326723680503,0.6289326723680503,0.6292322353002996,0.6292322353002996,0.6292322353002996,0.6293079776672962,0.6293079776672962,0.6293079776672962,0.6296308260960595,0.6296308260960595,0.6296308260960595,0.6301048358413812,0.6301048358413812,0.6301048358413812,0.6303155988517437,0.6303155988517437,0.6303155988517437,0.6306024240941369,0.6306024240941369,0.6306024240941369,0.6306739350514348,0.6306739350514348,0.6306739350514348,0.6307915810669638,0.6307915810669638,0.6307915810669638,0.6310419686301443,0.6310419686301443,0.6310419686301443,0.6311767845476259,0.6311767845476259,0.6311767845476259,0.6313716243601317,0.6313716243601317,0.6313716243601317,0.6315649408887081,0.6315649408887081,0.6315649408887081,0.6316750135748199,0.6316750135748199,0.6316750135748199,0.631834808154375,0.631834808154375,0.631834808154375,0.6320728417175037,0.6320728417175037,0.6320728417175037,0.6322547043170591,0.6322547043170591,0.6322547043170591,0.6323657494245573,0.6323657494245573,0.6323657494245573,0.632428042160662,0.632428042160662,0.632428042160662,0.6326052802000404,0.6326052802000404,0.6326052802000404,0.6327886496363501,0.6327886496363501,0.6327886496363501,0.6328619603629388,0.6328619603629388,0.6328619603629388,0.6329758462064784,0.6329758462064784,0.6329758462064784,0.6333899073735242,0.6333899073735242,0.6333899073735242,0.6337898422530612,0.6337898422530612,0.6337898422530612,0.6338961897951293,0.6338961897951293,0.6338961897951293,0.6340180503499364,0.6340180503499364,0.6340180503499364,0.6342865188636828,0.6342865188636828,0.6342865188636828,0.6344498103914507,0.6344498103914507,0.6344498103914507,0.6344958543290214,0.6344958543290214,0.6344958543290214,0.634635037338979,0.634635037338979,0.634635037338979,0.6347391488441654,0.6347391488441654,0.6347391488441654,0.6348687432323827,0.6348687432323827,0.6348687432323827,0.6350617563393842,0.6350617563393842,0.6350617563393842,0.635142629542362,0.635142629542362,0.635142629542362,0.6352269307988881,0.6352269307988881,0.6352269307988881,0.6362015584057691,0.6362015584057691,
0.032476860549509254,0.032476860549509254,0.032476860549509254,0.034411423354608624,0.034411423354608624,0.034411423354608624,0.053444151838905225,0.053444151838905225,0.053444151838905225,0.056461485070860136,0.056461485070860136,0.056461485070860136,0.11194660154852136,0.11194660154852136,0.11194660154852136,0.12902863905639245,0.12902863905639245,0.12902863905639245,0.19096310723492257,0.19096310723492257,0.19096310723492257,0.2274722609001604,0.2274722609001604,0.2274722609001604,0.26392043507894536,0.26392043507894536,0.26392043507894536,0.30149624761966837,0.30149624761966837,0.30149624761966837,0.31643454420648137,0.31643454420648137,0.31643454420648137,0.34139638663346794,0.34139638663346794,0.34139638663346794,0.3562220584248775,0.3562220584248775,0.3562220584248775,0.3744547476329942,0.3744547476329942,0.3744547476329942,0.3990415294679052,0.3990415294679052,0.3990415294679052,0.416164329292464,0.416164329292464,0.416164329292464,0.4217359121193524,0.4217359121193524,0.4217359121193524,0.43366284482609996,0.43366284482609996,0.43366284482609996,0.4417303804263563,0.4417303804263563,0.4417303804263563,0.4500809417986419,0.4500809417986419,0.4500809417986419,0.4698474606467316,0.4698474606467316,0.4698474606467316,0.4798080434129349,0.4798080434129349,0.4798080434129349,0.48702452975068705,0.48702452975068705,0.48702452975068705,0.494399926864257,0.494399926864257,0.494399926864257,0.5042812358811808,0.5042812358811808,0.5042812358811808,0.5114073765212938,0.5114073765212938,0.5114073765212938,0.5160874319593685,0.5160874319593685,0.5160874319593685,0.5190906876999366,0.5190906876999366,0.5190906876999366,0.5217054766529297,0.5217054766529297,0.5217054766529297,0.5302280708472266,0.5302280708472266,0.5302280708472266,0.5348251610307413,0.5348251610307413,0.5348251610307413,0.5371322094182186,0.5371322094182186,0.5371322094182186,0.5421175283230474,0.5421175283230474,0.5421175283230474,0.5491324383408409,0.5491324383408409,0.5491324383408409,0.5523626519474168,0.5523626519474168,0.5523626519474168,0.5535674797984633,0.5535674797984633,0.5535674797984633,0.5565610518475198,0.5565610518475198,0.5565610518475198,0.55903752145592,0.55903752145592,0.55903752145592,0.561954710738975,0.561954710738975,0.561954710738975,0.5643596801165207,0.5643596801165207,0.5643596801165207,0.5664665415950824,0.5664665415950824,0.5664665415950824,0.5686842948601626,0.5686842948601626,0.5686842948601626,0.5704199466468152,0.5704199466468152,0.5704199466468152,0.5716087926457245,0.5716087926457245,0.5716087926457245,0.5745464614795724,0.5745464614795724,0.5745464614795724,0.5765361201185147,0.5765361201185147,0.5765361201185147,0.5786416256892465,0.5786416256892465,0.5786416256892465,0.5801415303756133,0.5801415303756133,0.5801415303756133,0.5811502875945551,0.5811502875945551,0.5811502875945551,0.5822359595464777,0.5822359595464777,0.5822359595464777,0.5840438856250596,0.5840438856250596,0.5840438856250596,0.5845512443669543,0.5845512443669543,0.5845512443669543,0.5860315743335623,0.5860315743335623,0.5860315743335623,0.5872369748073222,0.5872369748073222,0.5872369748073222,0.5897401295613602,0.5897401295613602,0.5897401295613602,0.5905393503656526,0.5905393503656526,0.5905393503656526,0.5914461052979711,0.5914461052979711,0.5914461052979711,0.5924643253989906,0.5924643253989906,0.5924643253989906,0.5929246063339092,0.5929246063339092,0.5929246063339092,0.5940232690132697,0.5940232690132697,0.5940232690132697,0.5946087482489077,0.5946087482489077,0.5946087482489077,0.5952244554811643,0.5952244554811643,0.5952244554811643,0.5961390639725751,0.5961390639725751,0.5961390639725751,0.5972423135791417,0.5972423135791417,0.5972423135791417,0.5980647792675393,0.5980647792675393,0.5980647792675393,0.5984541798734103,0.5984541798734103,0.5984541798734103,0.5992696327835458,0.5992696327835458,0.5992696327835458,0.6005532658661632,0.6005532658661632,0.6005532658661632,0.6009688270970742,0.6009688270970742,0.6009688270970742,0.6012739095117708,0.6012739095117708,0.6012739095117708,0.6022636980261107,0.6022636980261107,0.6022636980261107,0.6026096000808867,0.6026096000808867,0.6026096000808867,0.6033181441572463,0.6033181441572463,0.6033181441572463,0.6037072631270247,0.6037072631270247,0.6037072631270247,0.6045427272181289,0.6045427272181289,0.6045427272181289,0.6050569218119682,0.6050569218119682,0.6050569218119682,0.6062287214977146,0.6062287214977146,0.6062287214977146,0.6067228926143974,0.6067228926143974,0.6067228926143974,0.6067984293872092,0.6067984293872092,0.6067984293872092,0.6073650949815353,0.6073650949815353,0.6073650949815353,0.6078005611318297,0.6078005611318297,0.6078005611318297,0.6082582404424949,0.6082582404424949,0.6082582404424949,0.608643288657007,0.608643288657007,0.608643288657007,0.6093768814744143,0.6093768814744143,0.6093768814744143,0.6097490053931618,0.6097490053931618,0.6097490053931618,0.6110611306343594,0.6110611306343594,0.6110611306343594,0.6115539941526106,0.6115539941526106,0.6115539941526106,0.6118571362455786,0.6118571362455786,0.6118571362455786,0.6122254886964807,0.6122254886964807,0.6122254886964807,0.6127330087152026,0.6127330087152026,0.6127330087152026,0.6133595509130408,0.6133595509130408,0.6133595509130408,0.613848907173401,0.613848907173401,0.613848907173401,0.6143361524882658,0.6143361524882658,0.6143361524882658,0.6144580685234149,0.6144580685234149,0.6144580685234149,0.6148904139098392,0.6148904139098392,0.6148904139098392,0.6151806974674389,0.6151806974674389,0.6151806974674389,0.6158034723016024,0.6158034723016024,0.6158034723016024,0.6159960438670737,0.6159960438670737,0.6159960438670737,0.6164144522734679,0.6164144522734679,0.6164144522734679,0.6168913706301578,0.6168913706301578,0.6168913706301578,0.6173050434016817,0.6173050434016817,0.6173050434016817,0.6175705920808603,0.6175705920808603,0.6175705920808603,0.6180054689264712,0.6180054689264712,0.6180054689264712,0.6183324559165405,0.6183324559165405,0.6183324559165405,0.6185933751492456,0.6185933751492456,0.6185933751492456,0.6188039415992431,0.6188039415992431,0.6188039415992431,0.6190395343217405,0.6190395343217405,0.6190395343217405,0.6191490266379478,0.6191490266379478,0.6191490266379478,0.6193562859725724,0.6193562859725724,0.6193562859725724,0.6196734482547848,0.6196734482547848,0.6196734482547848,0.6201919898838965,0.6201919898838965,0.6201919898838965,0.6203682960949304,0.6203682960949304,0.6203682960949304,0.6206001078436771,0.6206001078436771,0.6206001078436771,0.6209494781791749,0.6209494781791749,0.6209494781791749,0.6211590008487573,0.6211590008487573,0.6211590008487573,0.6218437333144355,0.6218437333144355,0.6218437333144355,0.6219767896914925,0.6219767896914925,0.6219767896914925,0.6221643601501802,0.6221643601501802,0.6221643601501802,0.6222763951521789,0.6222763951521789,0.6222763951521789,0.6224404979413138,0.6224404979413138,0.6224404979413138,0.6225921036093798,0.6225921036093798,0.6225921036093798,0.6226814755496818,0.6226814755496818,0.6226814755496818,0.6228179484066039,0.6228179484066039,0.6228179484066039,0.6228956968082439,0.6228956968082439,0.6228956968082439,0.623055379034968,0.623055379034968,0.623055379034968,0.6231272289777241,0.6231272289777241,0.6231272289777241,0.6232437584220827,0.6232437584220827,0.6232437584220827,0.6238968657208795,0.6238968657208795,0.6238968657208795,0.6239871183340367,0.6239871183340367,0.6239871183340367,0.6240920316280559,0.6240920316280559,0.6240920316280559,0.6242071325846871,0.6242071325846871,0.6242071325846871,0.6246208812881591,0.6246208812881591,0.6246208812881591,0.6246857616328093,0.6246857616328093,0.6246857616328093,0.6247221375626242,0.6247221375626242,0.6247221375626242,0.6248397423426356,0.6248397423426356,0.6248397423426356,0.6249238348764471,0.6249238348764471,0.6249238348764471,0.6250101465978021,0.6250101465978021,0.6250101465978021,0.6252056927099827,0.6252056927099827,0.6252056927099827,0.6253034742245018,0.6253034742245018,0.6253034742245018,0.6253599572010171,0.6253599572010171,0.6253599572010171,0.6254086276606377,0.6254086276606377,0.6254086276606377,0.6254309173235635,0.6254309173235635,0.6254309173235635,0.6255591959938438,0.6255591959938438,0.6255591959938438,0.6256523575193673,0.6256523575193673,0.6256523575193673,0.6257324414915492,0.6257324414915492,0.6257324414915492,0.6257974850830264,0.6257974850830264,0.6257974850830264,0.6258802909866504,0.6258802909866504,0.6258802909866504,0.6259499210493495,0.6259499210493495,0.6259499210493495,0.6260512561073914,0.6260512561073914,0.6260512561073914,0.6261607852712634,0.6261607852712634,0.6261607852712634,0.6262408533636775,0.6262408533636775,0.6262408533636775,0.6266463738204044,0.6266463738204044,0.6266463738204044,0.6267980336767924,0.6267980336767924,0.6267980336767924,0.6268708405585235,0.6268708405585235,0.6268708405585235,0.6269352396614863,0.6269352396614863,0.6269352396614863,0.627015638950115,0.627015638950115,0.627015638950115,0.6271386047011264,0.6271386047011264,0.6271386047011264,0.627271772113789,0.627271772113789,0.627271772113789,0.6273419200644688,0.6273419200644688,0.6273419200644688,0.6274400632956743,0.6274400632956743,0.6274400632956743,0.6287574448440852,0.6287574448440852,0.6287574448440852,0.6288465970279682,0.6288465970279682,0.6288465970279682,0.6289532281800542,0.6289532281800542,0.6289532281800542,0.62901043509688,0.62901043509688,0.62901043509688,0.629060042139899,0.629060042139899,0.629060042139899,0.6291244104601715,0.6291244104601715,0.6291244104601715,0.6291498430028284,0.6291498430028284,
4.0802471131333544E-5,4.0802471131333544E-5,4.0802471131333544E-5,4.0802471131333544E-5,4.0802471131333544E-5,4.0802471131333544E-5,0.006294042424660878,0.006294042424660878,0.006294042424660878,0.0494949787305183,0.0494949787305183,0.0494949787305183,0.08622439820175662,0.08622439820175662,0.08622439820175662,0.14121771062656377,0.14121771062656377,0.14121771062656377,0.17047192415752377,0.17047192415752377,0.17047192415752377,0.1916296191139134,0.1916296191139134,0.1916296191139134,0.21302934005640053,0.21302934005640053,0.21302934005640053,0.23827678489675308,0.23827678489675308,0.23827678489675308,0.2744259240305598,0.2744259240305598,0.2744259240305598,0.29604952515735977,0.29604952515735977,0.29604952515735977,0.32046525831406947,0.32046525831406947,0.32046525831406947,0.3523190404097617,0.3523190404097617,0.3523190404097617,0.3653674686747837,0.3653674686747837,0.3653674686747837,0.38726218757683134,0.38726218757683134,0.38726218757683134,0.3980524060248854,0.3980524060248854,0.3980524060248854,0.4110398661176758,0.4110398661176758,0.4110398661176758,0.4198535853610875,0.4198535853610875,0.4198535853610875,0.42776391009457404,0.42776391009457404,0.42776391009457404,0.4391839046475135,0.4391839046475135,0.4391839046475135,0.45100070049552926,0.45100070049552926,0.45100070049552926,0.46956120137682433,0.46956120137682433,0.46956120137682433,0.4788678957996841,0.4788678957996841,0.4788678957996841,0.48730033650106097,0.48730033650106097,0.48730033650106097,0.4933308263082385,0.4933308263082385,0.4933308263082385,0.500058799306859,0.500058799306859,0.500058799306859,0.5047664033264981,0.5047664033264981,0.5047664033264981,0.5119220015854246,0.5119220015854246,0.5119220015854246,0.5157187168534539,0.5157187168534539,0.5157187168534539,0.5208970996763123,0.5208970996763123,0.5208970996763123,0.5289471233464147,0.5289471233464147,0.5289471233464147,0.5322383181356334,0.5322383181356334,0.5322383181356334,0.5375741118131029,0.5375741118131029,0.5375741118131029,0.5439047534226246,0.5439047534226246,0.5439047534226246,0.5487684787603437,0.5487684787603437,0.5487684787603437,0.5510942211216096,0.5510942211216096,0.5510942211216096,0.5534112867520924,0.5534112867520924,0.5534112867520924,0.5558655016863977,0.5558655016863977,0.5558655016863977,0.558614167651449,0.558614167651449,0.558614167651449,0.5618740100333991,0.5618740100333991,0.5618740100333991,0.5642914621211974,0.5642914621211974,0.5642914621211974,0.5665510873595717,0.5665510873595717,0.5665510873595717,0.5699586712964317,0.5699586712964317,0.5699586712964317,0.57166371256812,0.57166371256812,0.57166371256812,0.5737641588971472,0.5737641588971472,0.5737641588971472,0.5767517843523461,0.5767517843523461,0.5767517843523461,0.5784312500985296,0.5784312500985296,0.5784312500985296,0.5795424166507422,0.5795424166507422,0.5795424166507422,0.5811699642170857,0.5811699642170857,0.5811699642170857,0.5830074524459383,0.5830074524459383,0.5830074524459383,0.5844042047282954,0.5844042047282954,0.5844042047282954,0.5862568813735134,0.5862568813735134,0.5862568813735134,0.588452123287795,0.588452123287795,0.588452123287795,0.5901555868567087,0.5901555868567087,0.5901555868567087,0.5907862217499456,0.5907862217499456,0.5907862217499456,0.59128642487496,0.59128642487496,0.59128642487496,0.5926358175948114,0.5926358175948114,0.5926358175948114,0.5937727957992076,0.5937727957992076,0.5937727957992076,0.5953282197210558,0.5953282197210558,0.5953282197210558,0.5968041771495908,0.5968041771495908,0.5968041771495908,0.5988465694853411,0.5988465694853411,0.5988465694853411,0.5999112111470757,0.5999112111470757,0.5999112111470757,0.600983742407736,0.600983742407736,0.600983742407736,0.6015511360553343,0.6015511360553343,0.6015511360553343,0.602223268210495,0.602223268210495,0.602223268210495,0.6030436430838163,0.6030436430838163,0.6030436430838163,0.6041602494397914,0.6041602494397914,0.6041602494397914,0.6047431736973382,0.6047431736973382,0.6047431736973382,0.6052348310600058,0.6052348310600058,0.6052348310600058,0.6057324902881702,0.6057324902881702,0.6057324902881702,0.6065555452026915,0.6065555452026915,0.6065555452026915,0.607686287612564,0.607686287612564,0.607686287612564,0.6081460860631785,0.6081460860631785,0.6081460860631785,0.6084706844581409,0.6084706844581409,0.6084706844581409,0.6093562628823055,0.6093562628823055,0.6093562628823055,0.6098210272164131,0.6098210272164131,0.6098210272164131,0.6101667530025703,0.6101667530025703,0.6101667530025703,0.6107777756687356,0.6107777756687356,0.6107777756687356,0.6111804549944932,0.6111804549944932,0.6111804549944932,0.6116293797421736,0.6116293797421736,0.6116293797421736,0.6119541785387309,0.6119541785387309,0.6119541785387309,0.6122384213152843,0.6122384213152843,0.6122384213152843,0.6126924595636315,0.6126924595636315,0.6126924595636315,0.613587799241749,0.613587799241749,0.613587799241749,0.6143223654982211,0.6143223654982211,0.6143223654982211,0.6146287075536828,0.6146287075536828,0.6146287075536828,0.6152677367813311,0.6152677367813311,0.6152677367813311,0.6156224962061174,0.6156224962061174,0.6156224962061174,0.615877694352454,0.615877694352454,0.615877694352454,0.618133989914307,0.618133989914307,0.618133989914307,0.6186776040448169,0.6186776040448169,0.6186776040448169,0.6190592331296108,0.6190592331296108,0.6190592331296108,0.6197239778268583,0.6197239778268583,0.6197239778268583,0.6202523390330045,0.6202523390330045,0.6202523390330045,0.6205607721311205,0.6205607721311205,0.6205607721311205,0.6210909182765347,0.6210909182765347,0.6210909182765347,0.6212666449417867,0.6212666449417867,0.6212666449417867,0.621771826846436,0.621771826846436,0.621771826846436,0.6220923331956301,0.6220923331956301,0.6220923331956301,0.622406538412127,0.622406538412127,0.622406538412127,0.623084047276166,0.623084047276166,0.623084047276166,0.6242553428150986,0.6242553428150986,0.6242553428150986,0.6247860260890504,0.6247860260890504,0.6247860260890504,0.6249811244416542,0.6249811244416542,0.6249811244416542,0.625247618248231,0.625247618248231,0.625247618248231,0.6258754663535909,0.6258754663535909,0.6258754663535909,0.6260521441454773,0.6260521441454773,0.6260521441454773,0.6263912040247495,0.6263912040247495,0.6263912040247495,0.6266685424918094,0.6266685424918094,0.6266685424918094,0.6270548781690682,0.6270548781690682,0.6270548781690682,0.6273990834854679,0.6273990834854679,0.6273990834854679,0.6276541386819235,0.6276541386819235,0.6276541386819235,0.6281069823517285,0.6281069823517285,0.6281069823517285,0.6283149927775994,0.6283149927775994,0.6283149927775994,0.6286263531698536,0.6286263531698536,0.6286263531698536,0.6288644308267693,0.6288644308267693,0.6288644308267693,0.6290882124061589,0.6290882124061589,0.6290882124061589,0.6293322817693217,0.6293322817693217,0.6293322817693217,0.6295793664313442,0.6295793664313442,0.6295793664313442,0.6297701923658069,0.6297701923658069,0.6297701923658069,0.6299256590109535,0.6299256590109535,0.6299256590109535,0.630098737827739,0.630098737827739,0.630098737827739,0.6304495345813667,0.6304495345813667,0.6304495345813667,0.6306505068421634,0.6306505068421634,0.6306505068421634,0.6309089012995427,0.6309089012995427,0.6309089012995427,0.6310621765930411,0.6310621765930411,0.6310621765930411,0.6312126943341176,0.6312126943341176,0.6312126943341176,0.6314217406189455,0.6314217406189455,0.6314217406189455,0.6315280461301238,0.6315280461301238,0.6315280461301238,0.6316665360563223,0.6316665360563223,0.6316665360563223,0.6318462684902634,0.6318462684902634,0.6318462684902634,0.6319524243923933,0.6319524243923933,0.6319524243923933,0.63215968376028,0.63215968376028,0.63215968376028,0.632424539479649,0.632424539479649,0.632424539479649,0.6325719784889625,0.6325719784889625,0.6325719784889625,0.6328154960321415,0.6328154960321415,0.6328154960321415,0.6329316701745819,0.6329316701745819,0.6329316701745819,0.6330649602563506,0.6330649602563506,0.6330649602563506,0.633170003113624,0.633170003113624,0.633170003113624,0.6333362642269781,0.6333362642269781,0.6333362642269781,0.6334894295535879,0.6334894295535879,0.6334894295535879,0.6337518967955076,0.6337518967955076,0.6337518967955076,0.6339464448097577,0.6339464448097577,0.6339464448097577,0.6340508727874158,0.6340508727874158,0.6340508727874158,0.6345487065661256,0.6345487065661256,0.6345487065661256,0.634745795616612,0.634745795616612,0.634745795616612,0.6350426892153367,0.6350426892153367,0.6350426892153367,0.6352055236184451,0.6352055236184451,0.6352055236184451,0.6353737519194963,0.6353737519194963,0.6353737519194963,0.6357607957770648,0.6357607957770648,0.6357607957770648,0.6357973860637608,0.6357973860637608,0.6357973860637608,0.6359557747625637,0.6359557747625637,0.6359557747625637,0.6360508528951896,0.6360508528951896,0.6360508528951896,0.6361532190554102,0.6361532190554102,0.6361532190554102,0.6362796884589146,0.6362796884589146,0.6362796884589146,0.6363580438929047,0.6363580438929047,0.6363580438929047,0.6365686778070022,0.6365686778070022,0.6365686778070022,0.636743926747997,0.636743926747997,0.636743926747997,0.6368773629592216,0.6368773629592216,0.6368773629592216,0.6370514403014047,0.6370514403014047,0.6370514403014047,0.6371362505869911,0.6371362505869911,0.6371362505869911,0.6373349522105235,0.6373349522105235,0.6373349522105235,0.6374640610474344,0.6374640610474344,0.6374640610474344,0.6376897105881985,0.6376897105881985,0.6376897105881985,0.6377877673805437,0.6377877673805437,0.6377877673805437,0.6378663561303688,0.6378663561303688,
0.046026336370763886,0.046026336370763886,0.046026336370763886,0.04941241156607762,0.04941241156607762,0.04941241156607762,0.06872276565511858,0.06872276565511858,0.06872276565511858,0.09473202100956388,0.09473202100956388,0.09473202100956388,0.11745311839922287,0.11745311839922287,0.11745311839922287,0.1511479599849411,0.1511479599849411,0.1511479599849411,0.19174834931597923,0.19174834931597923,0.19174834931597923,0.23689162878574757,0.23689162878574757,0.23689162878574757,0.2428670261891817,0.2428670261891817,0.2428670261891817,0.26587080453970097,0.26587080453970097,0.26587080453970097,0.30140187730980905,0.30140187730980905,0.30140187730980905,0.31040165827255484,0.31040165827255484,0.31040165827255484,0.3286627606142369,0.3286627606142369,0.3286627606142369,0.3475398342119803,0.3475398342119803,0.3475398342119803,0.3667386165540518,0.3667386165540518,0.3667386165540518,0.3829412912728127,0.3829412912728127,0.3829412912728127,0.4005490689073019,0.4005490689073019,0.4005490689073019,0.41727160919306056,0.41727160919306056,0.41727160919306056,0.43752028855281166,0.43752028855281166,0.43752028855281166,0.45144445277842826,0.45144445277842826,0.45144445277842826,0.4590597722429537,0.4590597722429537,0.4590597722429537,0.464054175391991,0.464054175391991,0.464054175391991,0.4695631222970885,0.4695631222970885,0.4695631222970885,0.4788366662448877,0.4788366662448877,0.4788366662448877,0.4863657215599602,0.4863657215599602,0.4863657215599602,0.49440893168564143,0.49440893168564143,0.49440893168564143,0.5034212416976849,0.5034212416976849,0.5034212416976849,0.5102843512776112,0.5102843512776112,0.5102843512776112,0.5141693722758177,0.5141693722758177,0.5141693722758177,0.5198389771736175,0.5198389771736175,0.5198389771736175,0.5231112149696651,0.5231112149696651,0.5231112149696651,0.5289537325290475,0.5289537325290475,0.5289537325290475,0.5316545950423548,0.5316545950423548,0.5316545950423548,0.5337748087221963,0.5337748087221963,0.5337748087221963,0.5367984984877462,0.5367984984877462,0.5367984984877462,0.5443543774471212,0.5443543774471212,0.5443543774471212,0.5474072308815059,0.5474072308815059,0.5474072308815059,0.5507799837630465,0.5507799837630465,0.5507799837630465,0.5534132386932226,0.5534132386932226,0.5534132386932226,0.5546537642153365,0.5546537642153365,0.5546537642153365,0.5578168311983258,0.5578168311983258,0.5578168311983258,0.561541478843666,0.561541478843666,0.561541478843666,0.5643738900181778,0.5643738900181778,0.5643738900181778,0.5673376691152957,0.5673376691152957,0.5673376691152957,0.5686763156288913,0.5686763156288913,0.5686763156288913,0.5713381358400501,0.5713381358400501,0.5713381358400501,0.5738383238993415,0.5738383238993415,0.5738383238993415,0.579174486408827,0.579174486408827,0.579174486408827,0.5814407107867728,0.5814407107867728,0.5814407107867728,0.5838423111329899,0.5838423111329899,0.5838423111329899,0.5855474516050239,0.5855474516050239,0.5855474516050239,0.5861556631083312,0.5861556631083312,0.5861556631083312,0.5876275076203937,0.5876275076203937,0.5876275076203937,0.5891806170471687,0.5891806170471687,0.5891806170471687,0.5898866398521356,0.5898866398521356,0.5898866398521356,0.5910264435081846,0.5910264435081846,0.5910264435081846,0.5918265650300446,0.5918265650300446,0.5918265650300446,0.5931020983219656,0.5931020983219656,0.5931020983219656,0.5941762558797301,0.5941762558797301,0.5941762558797301,0.5951451036227293,0.5951451036227293,0.5951451036227293,0.5966927109564761,0.5966927109564761,0.5966927109564761,0.5991589716578003,0.5991589716578003,0.5991589716578003,0.6007435091788916,0.6007435091788916,0.6007435091788916,0.6012601635087869,0.6012601635087869,0.6012601635087869,0.6023927441947643,0.6023927441947643,0.6023927441947643,0.60336065147029,0.60336065147029,0.60336065147029,0.6044767510324108,0.6044767510324108,0.6044767510324108,0.6052586705866775,0.6052586705866775,0.6052586705866775,0.6065189478612089,0.6065189478612089,0.6065189478612089,0.6075539145971439,0.6075539145971439,0.6075539145971439,0.6084091062576965,0.6084091062576965,0.6084091062576965,0.6094804547940257,0.6094804547940257,0.6094804547940257,0.6108219594890049,0.6108219594890049,0.6108219594890049,0.6114844716337615,0.6114844716337615,0.6114844716337615,0.6121098203413184,0.6121098203413184,0.6121098203413184,0.6126925468850238,0.6126925468850238,0.6126925468850238,0.6132262015612705,0.6132262015612705,0.6132262015612705,0.6139920257257492,0.6139920257257492,0.6139920257257492,0.6150433168934398,0.6150433168934398,0.6150433168934398,0.6155444653384035,0.6155444653384035,0.6155444653384035,0.6164830290010788,0.6164830290010788,0.6164830290010788,0.6169285181645033,0.6169285181645033,0.6169285181645033,0.6171886767486392,0.6171886767486392,0.6171886767486392,0.6179829085806945,0.6179829085806945,0.6179829085806945,0.6183403008310296,0.6183403008310296,0.6183403008310296,0.6188020700203183,0.6188020700203183,0.6188020700203183,0.6190766453428509,0.6190766453428509,0.6190766453428509,0.6200320290344375,0.6200320290344375,0.6200320290344375,0.6204387870775038,0.6204387870775038,0.6204387870775038,0.621346707233908,0.621346707233908,0.621346707233908,0.6217134966159056,0.6217134966159056,0.6217134966159056,0.622098090702773,0.622098090702773,0.622098090702773,0.6223752538794834,0.6223752538794834,0.6223752538794834,0.6227004378211886,0.6227004378211886,0.6227004378211886,0.6233997916623996,0.6233997916623996,0.6233997916623996,0.6236271019945299,0.6236271019945299,0.6236271019945299,0.6239429647178717,0.6239429647178717,0.6239429647178717,0.6242758616825693,0.6242758616825693,0.6242758616825693,0.6244657439175402,0.6244657439175402,0.6244657439175402,0.6252927859269579,0.6252927859269579,0.6252927859269579,0.625543093618438,0.625543093618438,0.625543093618438,0.6257661081481933,0.6257661081481933,0.6257661081481933,0.626265603750854,0.626265603750854,0.626265603750854,0.6271404712867701,0.6271404712867701,0.6271404712867701,0.6274259496412063,0.6274259496412063,0.6274259496412063,0.6277807977576214,0.6277807977576214,0.6277807977576214,0.6282718501142248,0.6282718501142248,0.6282718501142248,0.6285087588197893,0.6285087588197893,0.6285087588197893,0.6287414428075785,0.6287414428075785,0.6287414428075785,0.629039682010222,0.629039682010222,0.629039682010222,0.6293415397508922,0.6293415397508922,0.6293415397508922,0.6294972961812292,0.6294972961812292,0.6294972961812292,0.6296116982565552,0.6296116982565552,0.6296116982565552,0.6298446009915916,0.6298446009915916,0.6298446009915916,0.6302647987379447,0.6302647987379447,0.6302647987379447,0.6307060416574316,0.6307060416574316,0.6307060416574316,0.6308716984031161,0.6308716984031161,0.6308716984031161,0.6310343501160712,0.6310343501160712,0.6310343501160712,0.6312415073416411,0.6312415073416411,0.6312415073416411,0.6314931932622455,0.6314931932622455,0.6314931932622455,0.6316068796214892,0.6316068796214892,0.6316068796214892,0.6316417447596409,0.6316417447596409,0.6316417447596409,0.6318567122595352,0.6318567122595352,0.6318567122595352,0.6323353374065136,0.6323353374065136,0.6323353374065136,0.6323945616935236,0.6323945616935236,0.6323945616935236,0.6325485833061315,0.6325485833061315,0.6325485833061315,0.6326966712265165,0.6326966712265165,0.6326966712265165,0.6328688284407333,0.6328688284407333,0.6328688284407333,0.6329941895934389,0.6329941895934389,0.6329941895934389,0.6332398384731294,0.6332398384731294,0.6332398384731294,0.6333870043917882,0.6333870043917882,0.6333870043917882,0.6336054714067789,0.6336054714067789,0.6336054714067789,0.6338079149134151,0.6338079149134151,0.6338079149134151,0.63400960814478,0.63400960814478,0.63400960814478,0.6343548538511615,0.6343548538511615,0.6343548538511615,0.634462275945318,0.634462275945318,0.634462275945318,0.6346038807908188,0.6346038807908188,0.6346038807908188,0.634711238844011,0.634711238844011,0.634711238844011,0.6348558817476088,0.6348558817476088,0.6348558817476088,0.6349008671498757,0.6349008671498757,0.6349008671498757,0.6351369203238011,0.6351369203238011,0.6351369203238011,0.6353322380884671,0.6353322380884671,0.6353322380884671,0.6354245153890544,0.6354245153890544,0.6354245153890544,0.6356097367921923,0.6356097367921923,0.6356097367921923,0.6357256474629902,0.6357256474629902,0.6357256474629902,0.635746205379118,0.635746205379118,0.635746205379118,0.6360186598036963,0.6360186598036963,0.6360186598036963,0.6361060048666812,0.6361060048666812,0.6361060048666812,0.636165853237359,0.636165853237359,0.636165853237359,0.6363586512820748,0.6363586512820748,0.6363586512820748,0.6364862500732709,0.6364862500732709,0.6364862500732709,0.6366026372618573,0.6366026372618573,0.6366026372618573,0.6367737128701169,0.6367737128701169,0.6367737128701169,0.6368476050792313,0.6368476050792313,0.6368476050792313,0.6369475924193209,0.6369475924193209,0.6369475924193209,0.6370718024152465,0.6370718024152465,0.6370718024152465,0.6372001506979496,0.6372001506979496,0.6372001506979496,0.6372598007867772,0.6372598007867772,0.6372598007867772,0.6374678690165909,0.6374678690165909,0.6374678690165909,0.637583897928314,0.637583897928314,0.637583897928314,0.6376866257883996,0.6376866257883996,0.6376866257883996,0.6377513910675707,0.6377513910675707,0.6377513910675707,0.6379174333302166,0.6379174333302166,0.6379174333302166,0.6381108816010825,0.6381108816010825,0.6381108816010825,0.6383938595907579,0.6383938595907579,0.6383938595907579,0.6384613319715455,0.6384613319715455,0.6384613319715455,0.6385003671740042,0.6385003671740042,
0.04660831276643402,0.04660831276643402,0.04660831276643402,0.04710162411475611,0.04710162411475611,0.04710162411475611,0.0639062523003872,0.0639062523003872,0.0639062523003872,0.07901006235557417,0.07901006235557417,0.07901006235557417,0.10772201095426263,0.10772201095426263,0.10772201095426263,0.17812030753053423,0.17812030753053423,0.17812030753053423,0.2015657042309579,0.2015657042309579,0.2015657042309579,0.2450500801016301,0.2450500801016301,0.2450500801016301,0.2566384357870418,0.2566384357870418,0.2566384357870418,0.30567832173333825,0.30567832173333825,0.30567832173333825,0.32812535600528403,0.32812535600528403,0.32812535600528403,0.34916123299028223,0.34916123299028223,0.34916123299028223,0.375805059561701,0.375805059561701,0.375805059561701,0.39313030295675166,0.39313030295675166,0.39313030295675166,0.41228752987595774,0.41228752987595774,0.41228752987595774,0.4242863032563424,0.4242863032563424,0.4242863032563424,0.430297763457869,0.430297763457869,0.430297763457869,0.4435290646010068,0.4435290646010068,0.4435290646010068,0.46424506816228334,0.46424506816228334,0.46424506816228334,0.4719356034420373,0.4719356034420373,0.4719356034420373,0.4838101629340836,0.4838101629340836,0.4838101629340836,0.4906736540362997,0.4906736540362997,0.4906736540362997,0.4963737993013406,0.4963737993013406,0.4963737993013406,0.5011763165348664,0.5011763165348664,0.5011763165348664,0.5027473455842346,0.5027473455842346,0.5027473455842346,0.5071923085767907,0.5071923085767907,0.5071923085767907,0.5117536512529907,0.5117536512529907,0.5117536512529907,0.5206444952531134,0.5206444952531134,0.5206444952531134,0.527465902772032,0.527465902772032,0.527465902772032,0.531332720001641,0.531332720001641,0.531332720001641,0.535615911581269,0.535615911581269,0.535615911581269,0.5381378068150408,0.5381378068150408,0.5381378068150408,0.5427083024295077,0.5427083024295077,0.5427083024295077,0.545256925979848,0.545256925979848,0.545256925979848,0.5503633804746804,0.5503633804746804,0.5503633804746804,0.5519779224209531,0.5519779224209531,0.5519779224209531,0.5592060209221964,0.5592060209221964,0.5592060209221964,0.5624975989896704,0.5624975989896704,0.5624975989896704,0.5650922684451856,0.5650922684451856,0.5650922684451856,0.5667571618198441,0.5667571618198441,0.5667571618198441,0.5684009341839749,0.5684009341839749,0.5684009341839749,0.570442623678415,0.570442623678415,0.570442623678415,0.5759264227931096,0.5759264227931096,0.5759264227931096,0.5774452017363251,0.5774452017363251,0.5774452017363251,0.5791624410629166,0.5791624410629166,0.5791624410629166,0.5806913468280108,0.5806913468280108,0.5806913468280108,0.582029429166291,0.582029429166291,0.582029429166291,0.5838647769332425,0.5838647769332425,0.5838647769332425,0.5850718219091665,0.5850718219091665,0.5850718219091665,0.5868270884256165,0.5868270884256165,0.5868270884256165,0.5889170659086864,0.5889170659086864,0.5889170659086864,0.5902280424422676,0.5902280424422676,0.5902280424422676,0.5913129453553158,0.5913129453553158,0.5913129453553158,0.5927746790763382,0.5927746790763382,0.5927746790763382,0.5936178595446838,0.5936178595446838,0.5936178595446838,0.5944957382650246,0.5944957382650246,0.5944957382650246,0.5951928647109623,0.5951928647109623,0.5951928647109623,0.5963221440404984,0.5963221440404984,0.5963221440404984,0.5967727107246326,0.5967727107246326,0.5967727107246326,0.5978741123387112,0.5978741123387112,0.5978741123387112,0.5986341303420477,0.5986341303420477,0.5986341303420477,0.5994030424563441,0.5994030424563441,0.5994030424563441,0.6004438571255795,0.6004438571255795,0.6004438571255795,0.6015209736421738,0.6015209736421738,0.6015209736421738,0.6030539532971262,0.6030539532971262,0.6030539532971262,0.6036236695123917,0.6036236695123917,0.6036236695123917,0.6041829519654758,0.6041829519654758,0.6041829519654758,0.60511221142508,0.60511221142508,0.60511221142508,0.6058360091322408,0.6058360091322408,0.6058360091322408,0.6062464265239088,0.6062464265239088,0.6062464265239088,0.6072166803803668,0.6072166803803668,0.6072166803803668,0.6076897392474527,0.6076897392474527,0.6076897392474527,0.608917053827065,0.608917053827065,0.608917053827065,0.6095672047014149,0.6095672047014149,0.6095672047014149,0.6103884266972383,0.6103884266972383,0.6103884266972383,0.6109530215089757,0.6109530215089757,0.6109530215089757,0.6116962121531416,0.6116962121531416,0.6116962121531416,0.6125355070345431,0.6125355070345431,0.6125355070345431,0.6131857242254525,0.6131857242254525,0.6131857242254525,0.6135127151273952,0.6135127151273952,0.6135127151273952,0.6148927679207986,0.6148927679207986,0.6148927679207986,0.6156130154094844,0.6156130154094844,0.6156130154094844,0.616016329829401,0.616016329829401,0.616016329829401,0.6166949438481745,0.6166949438481745,0.6166949438481745,0.6169754281376726,0.6169754281376726,0.6169754281376726,0.6175497265691149,0.6175497265691149,0.6175497265691149,0.6179653534876628,0.6179653534876628,0.6179653534876628,0.6182504518526856,0.6182504518526856,0.6182504518526856,0.6188929866223735,0.6188929866223735,0.6188929866223735,0.6192230450688243,0.6192230450688243,0.6192230450688243,0.6198440803467767,0.6198440803467767,0.6198440803467767,0.6200286824855239,0.6200286824855239,0.6200286824855239,0.6204442508737305,0.6204442508737305,0.6204442508737305,0.6206670272876661,0.6206670272876661,0.6206670272876661,0.6212512221756918,0.6212512221756918,0.6212512221756918,0.6220215138209271,0.6220215138209271,0.6220215138209271,0.6223799710729342,0.6223799710729342,0.6223799710729342,0.6228193411088477,0.6228193411088477,0.6228193411088477,0.6230280388845564,0.6230280388845564,0.6230280388845564,0.6233411175721892,0.6233411175721892,0.6233411175721892,0.6238369901581525,0.6238369901581525,0.6238369901581525,0.6240471956137006,0.6240471956137006,0.6240471956137006,0.6243311693140027,0.6243311693140027,0.6243311693140027,0.6247905609997958,0.6247905609997958,0.6247905609997958,0.6250897126103316,0.6250897126103316,0.6250897126103316,0.6252979664353316,0.6252979664353316,0.6252979664353316,0.6255255826527771,0.6255255826527771,0.6255255826527771,0.6259163096208993,0.6259163096208993,0.6259163096208993,0.6261368146737182,0.6261368146737182,0.6261368146737182,0.6266444362903567,0.6266444362903567,0.6266444362903567,0.6269122847625574,0.6269122847625574,0.6269122847625574,0.6272316361006468,0.6272316361006468,0.6272316361006468,0.627398163242802,0.627398163242802,0.627398163242802,0.627743308649474,0.627743308649474,0.627743308649474,0.6280021700025573,0.6280021700025573,0.6280021700025573,0.6281155888886626,0.6281155888886626,0.6281155888886626,0.6283631553145765,0.6283631553145765,0.6283631553145765,0.6286976715886994,0.6286976715886994,0.6286976715886994,0.6290429925886765,0.6290429925886765,0.6290429925886765,0.6292708905701132,0.6292708905701132,0.6292708905701132,0.6294156820904965,0.6294156820904965,0.6294156820904965,0.6296701836676322,0.6296701836676322,0.6296701836676322,0.6299782413451915,0.6299782413451915,0.6299782413451915,0.630197862272688,0.630197862272688,0.630197862272688,0.6304201344882913,0.6304201344882913,0.6304201344882913,0.6306538794356693,0.6306538794356693,0.6306538794356693,0.630953110216746,0.630953110216746,0.630953110216746,0.6312633147232384,0.6312633147232384,0.6312633147232384,0.6317045703465232,0.6317045703465232,0.6317045703465232,0.6320055958119095,0.6320055958119095,0.6320055958119095,0.6322395203734127,0.6322395203734127,0.6322395203734127,0.6326378422534124,0.6326378422534124,0.6326378422534124,0.6327792564468775,0.6327792564468775,0.6327792564468775,0.6329850869844772,0.6329850869844772,0.6329850869844772,0.633287068488217,0.633287068488217,0.633287068488217,0.6334843454252065,0.6334843454252065,0.6334843454252065,0.6340534980294676,0.6340534980294676,0.6340534980294676,0.6343908338802742,0.6343908338802742,0.6343908338802742,0.634615561503157,0.634615561503157,0.634615561503157,0.6349809273578959,0.6349809273578959,0.6349809273578959,0.6351871320687921,0.6351871320687921,0.6351871320687921,0.6354202518520023,0.6354202518520023,0.6354202518520023,0.635593977837228,0.635593977837228,0.635593977837228,0.6359536011992935,0.6359536011992935,0.6359536011992935,0.6363598633793907,0.6363598633793907,0.6363598633793907,0.6364525242160939,0.6364525242160939,0.6364525242160939,0.636577474982269,0.636577474982269,0.636577474982269,0.6366674158855948,0.6366674158855948,0.6366674158855948,0.6370758268634161,0.6370758268634161,0.6370758268634161,0.6373035150709367,0.6373035150709367,0.6373035150709367,0.6374092614270299,0.6374092614270299,0.6374092614270299,0.6375654484348452,0.6375654484348452,0.6375654484348452,0.6377098655654726,0.6377098655654726,0.6377098655654726,0.6378643432466131,0.6378643432466131,0.6378643432466131,0.6381216247457688,0.6381216247457688,0.6381216247457688,0.638212643333156,0.638212643333156,0.638212643333156,0.6383365608315449,0.6383365608315449,0.6383365608315449,0.638589260033196,0.638589260033196,0.638589260033196,0.6388403064896067,0.6388403064896067,0.6388403064896067,0.6389625233012529,0.6389625233012529,0.6389625233012529,0.6393240702607832,0.6393240702607832,0.6393240702607832,0.6393715405335717,0.6393715405335717,0.6393715405335717,0.639576136634566,0.639576136634566,0.639576136634566,0.6398659480988411,0.6398659480988411,0.6398659480988411,0.640055405301646,0.640055405301646,0.640055405301646,0.640142934118773,0.640142934118773,0.640142934118773,0.6402044859518107,0.6402044859518107,
0.04098197589007086,0.04098197589007086,0.04098197589007086,0.04330961040924862,0.04330961040924862,0.04330961040924862,0.04881854149566413,0.04881854149566413,0.04881854149566413,0.1076355968390155,0.1076355968390155,0.1076355968390155,0.10923748931897205,0.10923748931897205,0.10923748931897205,0.11053684743232667,0.11053684743232667,0.11053684743232667,0.1370866978724196,0.1370866978724196,0.1370866978724196,0.20728530868130368,0.20728530868130368,0.20728530868130368,0.23155640521454296,0.23155640521454296,0.23155640521454296,0.2582906319524589,0.2582906319524589,0.2582906319524589,0.27606900325941086,0.27606900325941086,0.27606900325941086,0.2934462750728923,0.2934462750728923,0.2934462750728923,0.3305562667064335,0.3305562667064335,0.3305562667064335,0.34167285494552413,0.34167285494552413,0.34167285494552413,0.34897041438354914,0.34897041438354914,0.34897041438354914,0.3630352234380954,0.3630352234380954,0.3630352234380954,0.3811433008234303,0.3811433008234303,0.3811433008234303,0.3993760748347518,0.3993760748347518,0.3993760748347518,0.4153414431561926,0.4153414431561926,0.4153414431561926,0.424921730545298,0.424921730545298,0.424921730545298,0.4341797756207312,0.4341797756207312,0.4341797756207312,0.4510211345970319,0.4510211345970319,0.4510211345970319,0.46355030092817473,0.46355030092817473,0.46355030092817473,0.47397791799437555,0.47397791799437555,0.47397791799437555,0.4813045540827594,0.4813045540827594,0.4813045540827594,0.488808458242016,0.488808458242016,0.488808458242016,0.49674321639504526,0.49674321639504526,0.49674321639504526,0.503044658040126,0.503044658040126,0.503044658040126,0.5057904380361994,0.5057904380361994,0.5057904380361994,0.5148164142238056,0.5148164142238056,0.5148164142238056,0.5190597164208897,0.5190597164208897,0.5190597164208897,0.5255376626246101,0.5255376626246101,0.5255376626246101,0.529200585545062,0.529200585545062,0.529200585545062,0.5338933887659484,0.5338933887659484,0.5338933887659484,0.5358213975883179,0.5358213975883179,0.5358213975883179,0.5400436135694621,0.5400436135694621,0.5400436135694621,0.5448533583215822,0.5448533583215822,0.5448533583215822,0.5474441711308514,0.5474441711308514,0.5474441711308514,0.5511404102014823,0.5511404102014823,0.5511404102014823,0.552531097544804,0.552531097544804,0.552531097544804,0.5559218113442083,0.5559218113442083,0.5559218113442083,0.5585899844337259,0.5585899844337259,0.5585899844337259,0.5622209554478705,0.5622209554478705,0.5622209554478705,0.5633074032391825,0.5633074032391825,0.5633074032391825,0.5652214371119626,0.5652214371119626,0.5652214371119626,0.5686637494914949,0.5686637494914949,0.5686637494914949,0.570418637636234,0.570418637636234,0.570418637636234,0.5719518246520122,0.5719518246520122,0.5719518246520122,0.5736436502301788,0.5736436502301788,0.5736436502301788,0.5755008168333894,0.5755008168333894,0.5755008168333894,0.5775979748346198,0.5775979748346198,0.5775979748346198,0.5790329660121836,0.5790329660121836,0.5790329660121836,0.5802675954168558,0.5802675954168558,0.5802675954168558,0.5819571071306385,0.5819571071306385,0.5819571071306385,0.5839208593238662,0.5839208593238662,0.5839208593238662,0.5859570064453063,0.5859570064453063,0.5859570064453063,0.5870560925945413,0.5870560925945413,0.5870560925945413,0.5885729760804821,0.5885729760804821,0.5885729760804821,0.5898381679027858,0.5898381679027858,0.5898381679027858,0.5912757708545534,0.5912757708545534,0.5912757708545534,0.5923937562164897,0.5923937562164897,0.5923937562164897,0.5932788290776917,0.5932788290776917,0.5932788290776917,0.5939777177379867,0.5939777177379867,0.5939777177379867,0.5949737639963262,0.5949737639963262,0.5949737639963262,0.5960159426111407,0.5960159426111407,0.5960159426111407,0.5967454922756464,0.5967454922756464,0.5967454922756464,0.5977555796053544,0.5977555796053544,0.5977555796053544,0.5987161416386326,0.5987161416386326,0.5987161416386326,0.5993056810045833,0.5993056810045833,0.5993056810045833,0.5998173466927578,0.5998173466927578,0.5998173466927578,0.6005246747707453,0.6005246747707453,0.6005246747707453,0.600948941794464,0.600948941794464,0.600948941794464,0.6023156127974991,0.6023156127974991,0.6023156127974991,0.6027765879848965,0.6027765879848965,0.6027765879848965,0.6033821806748517,0.6033821806748517,0.6033821806748517,0.6043570395805123,0.6043570395805123,0.6043570395805123,0.6048434496522925,0.6048434496522925,0.6048434496522925,0.6052667128815732,0.6052667128815732,0.6052667128815732,0.6059993526845973,0.6059993526845973,0.6059993526845973,0.6067596023292569,0.6067596023292569,0.6067596023292569,0.6073990661307398,0.6073990661307398,0.6073990661307398,0.6082563398438714,0.6082563398438714,0.6082563398438714,0.6089342075233575,0.6089342075233575,0.6089342075233575,0.6094479997527138,0.6094479997527138,0.6094479997527138,0.6099034364317751,0.6099034364317751,0.6099034364317751,0.6105904102341828,0.6105904102341828,0.6105904102341828,0.6108927695645762,0.6108927695645762,0.6108927695645762,0.6116894011299858,0.6116894011299858,0.6116894011299858,0.6119132740223153,0.6119132740223153,0.6119132740223153,0.6121391374962327,0.6121391374962327,0.6121391374962327,0.6125352713526913,0.6125352713526913,0.6125352713526913,0.6129131453697761,0.6129131453697761,0.6129131453697761,0.6134655727141342,0.6134655727141342,0.6134655727141342,0.6138274340620505,0.6138274340620505,0.6138274340620505,0.6140465239042449,0.6140465239042449,0.6140465239042449,0.6143072048570869,0.6143072048570869,0.6143072048570869,0.6145505906772721,0.6145505906772721,0.6145505906772721,0.6148024857423616,0.6148024857423616,0.6148024857423616,0.6151796708204532,0.6151796708204532,0.6151796708204532,0.6160003192743885,0.6160003192743885,0.6160003192743885,0.6164480199168684,0.6164480199168684,0.6164480199168684,0.6167291054101887,0.6167291054101887,0.6167291054101887,0.6169398527380688,0.6169398527380688,0.6169398527380688,0.6172746688291771,0.6172746688291771,0.6172746688291771,0.6174140920204179,0.6174140920204179,0.6174140920204179,0.617729954364566,0.617729954364566,0.617729954364566,0.6179496028106527,0.6179496028106527,0.6179496028106527,0.6182584591581639,0.6182584591581639,0.6182584591581639,0.6191049303681672,0.6191049303681672,0.6191049303681672,0.6193487463838205,0.6193487463838205,0.6193487463838205,0.6195893129375212,0.6195893129375212,0.6195893129375212,0.6197510777757478,0.6197510777757478,0.6197510777757478,0.619943100252244,0.619943100252244,0.619943100252244,0.6202107272566271,0.6202107272566271,0.6202107272566271,0.6203644810661595,0.6203644810661595,0.6203644810661595,0.6205399382345769,0.6205399382345769,0.6205399382345769,0.621341540766345,0.621341540766345,0.621341540766345,0.6216075823959684,0.6216075823959684,0.6216075823959684,0.6217700719745735,0.6217700719745735,0.6217700719745735,0.621920399442434,0.621920399442434,0.621920399442434,0.622463178642651,0.622463178642651,0.622463178642651,0.6225703140806669,0.6225703140806669,0.6225703140806669,0.6228167451979937,0.6228167451979937,0.6228167451979937,0.6231124910448593,0.6231124910448593,0.6231124910448593,0.6232847485279717,0.6232847485279717,0.6232847485279717,0.623470183608879,0.623470183608879,0.623470183608879,0.6237912798482648,0.6237912798482648,0.6237912798482648,0.6239674573522738,0.6239674573522738,0.6239674573522738,0.6254065070843771,0.6254065070843771,0.6254065070843771,0.6255518352497552,0.6255518352497552,0.6255518352497552,0.6256983734770766,0.6256983734770766,0.6256983734770766,0.6258164073511279,0.6258164073511279,0.6258164073511279,0.625979830548807,0.625979830548807,0.625979830548807,0.6262119311679082,0.6262119311679082,0.6262119311679082,0.6264218521648451,0.6264218521648451,0.6264218521648451,0.6270949409154607,0.6270949409154607,0.6270949409154607,0.6272381041059547,0.6272381041059547,0.6272381041059547,0.6273195135487375,0.6273195135487375,0.6273195135487375,0.6273711816825023,0.6273711816825023,0.6273711816825023,0.6275994798995778,0.6275994798995778,0.6275994798995778,0.6277746663496495,0.6277746663496495,0.6277746663496495,0.6278782175471006,0.6278782175471006,0.6278782175471006,0.6279772851428372,0.6279772851428372,0.6279772851428372,0.6281642301486517,0.6281642301486517,0.6281642301486517,0.628351888146972,0.628351888146972,0.628351888146972,0.628504890788855,0.628504890788855,0.628504890788855,0.6286330623737052,0.6286330623737052,0.6286330623737052,0.6287723094010351,0.6287723094010351,0.6287723094010351,0.6293058582066916,0.6293058582066916,0.6293058582066916,0.6293529820668066,0.6293529820668066,0.6293529820668066,0.6294850294053849,0.6294850294053849,0.6294850294053849,0.6295232970410325,0.6295232970410325,0.6295232970410325,0.6296377718748007,0.6296377718748007,0.6296377718748007,0.6297074008911903,0.6297074008911903,0.6297074008911903,0.629830012975237,0.629830012975237,0.629830012975237,0.6319157565350669,0.6319157565350669,0.6319157565350669,0.6319885001538673,0.6319885001538673,0.6319885001538673,0.6321210694002434,0.6321210694002434,0.6321210694002434,0.6322290292283542,0.6322290292283542,0.6322290292283542,0.6323149807236584,0.6323149807236584,0.6323149807236584,0.6323818605653172,0.6323818605653172,0.6323818605653172,0.6325789959572165,0.6325789959572165,0.6325789959572165,0.6326642821628898,0.6326642821628898,0.6326642821628898,0.63281426088031,0.63281426088031,0.63281426088031,0.6329028471531063,0.6329028471531063,0.6329028471531063,0.6330359561886465,0.6330359561886465,0.6330359561886465,0.6331082211005901,0.6331082211005901,
0.009999213138003267,0.009999213138003267,0.009999213138003267,0.041026694294811115,0.041026694294811115,0.041026694294811115,0.04977198461948291,0.04977198461948291,0.04977198461948291,0.05492344286947531,0.05492344286947531,0.05492344286947531,0.08167701024638833,0.08167701024638833,0.08167701024638833,0.11278914055825565,0.11278914055825565,0.11278914055825565,0.1625251140878794,0.1625251140878794,0.1625251140878794,0.2037015251026786,0.2037015251026786,0.2037015251026786,0.22014433692246177,0.22014433692246177,0.22014433692246177,0.24675321370168157,0.24675321370168157,0.24675321370168157,0.2671524600824016,0.2671524600824016,0.2671524600824016,0.2830820687572076,0.2830820687572076,0.2830820687572076,0.3110544071712831,0.3110544071712831,0.3110544071712831,0.33151759213160553,0.33151759213160553,0.33151759213160553,0.35660569440288165,0.35660569440288165,0.35660569440288165,0.3776271840263047,0.3776271840263047,0.3776271840263047,0.39702873618882023,0.39702873618882023,0.39702873618882023,0.40601805813799424,0.40601805813799424,0.40601805813799424,0.42089845078299265,0.42089845078299265,0.42089845078299265,0.4280086928176019,0.4280086928176019,0.4280086928176019,0.4343238803536055,0.4343238803536055,0.4343238803536055,0.4430421682215047,0.4430421682215047,0.4430421682215047,0.45664728338902144,0.45664728338902144,0.45664728338902144,0.47140607279910857,0.47140607279910857,0.47140607279910857,0.4774034177267081,0.4774034177267081,0.4774034177267081,0.48559982395024154,0.48559982395024154,0.48559982395024154,0.4951686339144496,0.4951686339144496,0.4951686339144496,0.5042318286700449,0.5042318286700449,0.5042318286700449,0.5127595557987262,0.5127595557987262,0.5127595557987262,0.5176567779144503,0.5176567779144503,0.5176567779144503,0.5223164976292409,0.5223164976292409,0.5223164976292409,0.5256519855100563,0.5256519855100563,0.5256519855100563,0.5284827731406664,0.5284827731406664,0.5284827731406664,0.5349100868032102,0.5349100868032102,0.5349100868032102,0.5377300652676461,0.5377300652676461,0.5377300652676461,0.5418021715270097,0.5418021715270097,0.5418021715270097,0.5446829152341339,0.5446829152341339,0.5446829152341339,0.5492849165282062,0.5492849165282062,0.5492849165282062,0.5519426881719871,0.5519426881719871,0.5519426881719871,0.5554267474021011,0.5554267474021011,0.5554267474021011,0.5577641023729271,0.5577641023729271,0.5577641023729271,0.5596718304927337,0.5596718304927337,0.5596718304927337,0.5628180648245792,0.5628180648245792,0.5628180648245792,0.5642438051130264,0.5642438051130264,0.5642438051130264,0.5668402015359485,0.5668402015359485,0.5668402015359485,0.5703860021274527,0.5703860021274527,0.5703860021274527,0.5717514000790604,0.5717514000790604,0.5717514000790604,0.5733036047176419,0.5733036047176419,0.5733036047176419,0.576096410136109,0.576096410136109,0.576096410136109,0.5794090301511505,0.5794090301511505,0.5794090301511505,0.5807575724886631,0.5807575724886631,0.5807575724886631,0.5817906751900201,0.5817906751900201,0.5817906751900201,0.5837407058019746,0.5837407058019746,0.5837407058019746,0.5852355373357173,0.5852355373357173,0.5852355373357173,0.5868799824414289,0.5868799824414289,0.5868799824414289,0.5884099985827995,0.5884099985827995,0.5884099985827995,0.5896389366991566,0.5896389366991566,0.5896389366991566,0.590823186409285,0.590823186409285,0.590823186409285,0.5917927339498369,0.5917927339498369,0.5917927339498369,0.5936683506425569,0.5936683506425569,0.5936683506425569,0.5942513331073248,0.5942513331073248,0.5942513331073248,0.5948790640719639,0.5948790640719639,0.5948790640719639,0.5971177980219213,0.5971177980219213,0.5971177980219213,0.5978711319830469,0.5978711319830469,0.5978711319830469,0.5985761473300212,0.5985761473300212,0.5985761473300212,0.5995329555147659,0.5995329555147659,0.5995329555147659,0.6009500322081702,0.6009500322081702,0.6009500322081702,0.6017033591721934,0.6017033591721934,0.6017033591721934,0.6044064757783946,0.6044064757783946,0.6044064757783946,0.6051911523041932,0.6051911523041932,0.6051911523041932,0.60571584819278,0.60571584819278,0.60571584819278,0.6062454215000891,0.6062454215000891,0.6062454215000891,0.6067260048956177,0.6067260048956177,0.6067260048956177,0.6072227670252491,0.6072227670252491,0.6072227670252491,0.6078939733365947,0.6078939733365947,0.6078939733365947,0.6085416612507447,0.6085416612507447,0.6085416612507447,0.6092031147500775,0.6092031147500775,0.6092031147500775,0.6101562904002269,0.6101562904002269,0.6101562904002269,0.6106247197131955,0.6106247197131955,0.6106247197131955,0.611786740970614,0.611786740970614,0.611786740970614,0.6122566301417545,0.6122566301417545,0.6122566301417545,0.6128617231600121,0.6128617231600121,0.6128617231600121,0.6135117299611865,0.6135117299611865,0.6135117299611865,0.6139626086768099,0.6139626086768099,0.6139626086768099,0.6144197093070275,0.6144197093070275,0.6144197093070275,0.6148931404173474,0.6148931404173474,0.6148931404173474,0.615457937540842,0.615457937540842,0.615457937540842,0.6161087943247865,0.6161087943247865,0.6161087943247865,0.6166743376591086,0.6166743376591086,0.6166743376591086,0.6171587691888483,0.6171587691888483,0.6171587691888483,0.6180975398292026,0.6180975398292026,0.6180975398292026,0.6183325837665509,0.6183325837665509,0.6183325837665509,0.6193916658237384,0.6193916658237384,0.6193916658237384,0.6196348872721842,0.6196348872721842,0.6196348872721842,0.6201100774083277,0.6201100774083277,0.6201100774083277,0.6205179205654553,0.6205179205654553,0.6205179205654553,0.6208820039654942,0.6208820039654942,0.6208820039654942,0.6211155272881189,0.6211155272881189,0.6211155272881189,0.6212557618787854,0.6212557618787854,0.6212557618787854,0.6215083885531798,0.6215083885531798,0.6215083885531798,0.6218078024461564,0.6218078024461564,0.6218078024461564,0.6220589878201949,0.6220589878201949,0.6220589878201949,0.6223615445426184,0.6223615445426184,0.6223615445426184,0.6229955319129952,0.6229955319129952,0.6229955319129952,0.6232611246270893,0.6232611246270893,0.6232611246270893,0.6234362969853994,0.6234362969853994,0.6234362969853994,0.6237786996719291,0.6237786996719291,0.6237786996719291,0.6240754122773632,0.6240754122773632,0.6240754122773632,0.6243415803540951,0.6243415803540951,0.6243415803540951,0.624538792667475,0.624538792667475,0.624538792667475,0.6247574860712277,0.6247574860712277,0.6247574860712277,0.6250582684768287,0.6250582684768287,0.6250582684768287,0.625358500294646,0.625358500294646,0.625358500294646,0.6257504076022805,0.6257504076022805,0.6257504076022805,0.6259524925139359,0.6259524925139359,0.6259524925139359,0.626185317321957,0.626185317321957,0.626185317321957,0.6265844781539351,0.6265844781539351,0.6265844781539351,0.6267986594283476,0.6267986594283476,0.6267986594283476,0.6269990764938245,0.6269990764938245,0.6269990764938245,0.6273503003245274,0.6273503003245274,0.6273503003245274,0.6277073948992901,0.6277073948992901,0.6277073948992901,0.6277666726376979,0.6277666726376979,0.6277666726376979,0.6278974931745823,0.6278974931745823,0.6278974931745823,0.6280207326679591,0.6280207326679591,0.6280207326679591,0.6290670562905215,0.6290670562905215,0.6290670562905215,0.6291522146985569,0.6291522146985569,0.6291522146985569,0.6292650992828756,0.6292650992828756,0.6292650992828756,0.6294958174663743,0.6294958174663743,0.6294958174663743,0.6296229304002714,0.6296229304002714,0.6296229304002714,0.6297105074869045,0.6297105074869045,0.6297105074869045,0.6299318134234073,0.6299318134234073,0.6299318134234073,0.630207965323658,0.630207965323658,0.630207965323658,0.6302706466910943,0.6302706466910943,0.6302706466910943,0.6304600666808368,0.6304600666808368,0.6304600666808368,0.6306564721273907,0.6306564721273907,0.6306564721273907,0.6309236839722093,0.6309236839722093,0.6309236839722093,0.6310265054635126,0.6310265054635126,0.6310265054635126,0.6311792341364711,0.6311792341364711,0.6311792341364711,0.6312895985808857,0.6312895985808857,0.6312895985808857,0.6313479512391439,0.6313479512391439,0.6313479512391439,0.6315863785613497,0.6315863785613497,0.6315863785613497,0.6318311742986741,0.6318311742986741,0.6318311742986741,0.631879108900472,0.631879108900472,0.631879108900472,0.631922578198508,0.631922578198508,0.631922578198508,0.6323269560039633,0.6323269560039633,0.6323269560039633,0.6324691735068183,0.6324691735068183,0.6324691735068183,0.6325267715542413,0.6325267715542413,0.6325267715542413,0.6327334046556774,0.6327334046556774,0.6327334046556774,0.6328909954905282,0.6328909954905282,0.6328909954905282,0.6331502625643701,0.6331502625643701,0.6331502625643701,0.6333916651297181,0.6333916651297181,0.6333916651297181,0.633513649962547,0.633513649962547,0.633513649962547,0.633765418954885,0.633765418954885,0.633765418954885,0.6339038495868097,0.6339038495868097,0.6339038495868097,0.6339789093277403,0.6339789093277403,0.6339789093277403,0.634078243113558,0.634078243113558,0.634078243113558,0.6341961395514095,0.6341961395514095,0.6341961395514095,0.6342383968023374,0.6342383968023374,0.6342383968023374,0.6343731954517499,0.6343731954517499,0.6343731954517499,0.6344881424519333,0.6344881424519333,0.6344881424519333,0.6345482318021242,0.6345482318021242,0.6345482318021242,0.6347769331041657,0.6347769331041657,0.6347769331041657,0.6349921274625879,0.6349921274625879,0.6349921274625879,0.6350581034135997,0.6350581034135997,0.6350581034135997,0.6357904579755449,0.6357904579755449,0.6357904579755449,0.6359161863975863,0.6359161863975863,0.6359161863975863,0.636036371599776,0.636036371599776,
0.05447880956261921,0.05447880956261921,0.05447880956261921,0.06171843878784326,0.06171843878784326,0.06171843878784326,0.06810414698940798,0.06810414698940798,0.06810414698940798,0.07688544009998628,0.07688544009998628,0.07688544009998628,0.1309677045264252,0.1309677045264252,0.1309677045264252,0.15131098886792305,0.15131098886792305,0.15131098886792305,0.19884122472621055,0.19884122472621055,0.19884122472621055,0.23505521601626805,0.23505521601626805,0.23505521601626805,0.24364419556865166,0.24364419556865166,0.24364419556865166,0.2960779906625234,0.2960779906625234,0.2960779906625234,0.31202691968984386,0.31202691968984386,0.31202691968984386,0.33220506290256246,0.33220506290256246,0.33220506290256246,0.34637002638502484,0.34637002638502484,0.34637002638502484,0.3603429023229524,0.3603429023229524,0.3603429023229524,0.3804196450805109,0.3804196450805109,0.3804196450805109,0.39395673719126256,0.39395673719126256,0.39395673719126256,0.40848681172828377,0.40848681172828377,0.40848681172828377,0.4219721471828712,0.4219721471828712,0.4219721471828712,0.4333445546509249,0.4333445546509249,0.4333445546509249,0.44288375741879893,0.44288375741879893,0.44288375741879893,0.4494859129478394,0.4494859129478394,0.4494859129478394,0.4574643447627096,0.4574643447627096,0.4574643447627096,0.46537341675249033,0.46537341675249033,0.46537341675249033,0.47718205646999345,0.47718205646999345,0.47718205646999345,0.48335795554139105,0.48335795554139105,0.48335795554139105,0.49173579825906477,0.49173579825906477,0.49173579825906477,0.49515636213049125,0.49515636213049125,0.49515636213049125,0.4994933340548373,0.4994933340548373,0.4994933340548373,0.5053893838837344,0.5053893838837344,0.5053893838837344,0.5109179918264589,0.5109179918264589,0.5109179918264589,0.5140121485681388,0.5140121485681388,0.5140121485681388,0.5197487732417666,0.5197487732417666,0.5197487732417666,0.5219051027464252,0.5219051027464252,0.5219051027464252,0.5277936682469064,0.5277936682469064,0.5277936682469064,0.5318366854291119,0.5318366854291119,0.5318366854291119,0.5373001234599846,0.5373001234599846,0.5373001234599846,0.538989995556905,0.538989995556905,0.538989995556905,0.5407208498515268,0.5407208498515268,0.5407208498515268,0.5430974951391476,0.5430974951391476,0.5430974951391476,0.5472092194179097,0.5472092194179097,0.5472092194179097,0.5501653349877104,0.5501653349877104,0.5501653349877104,0.5522509632616625,0.5522509632616625,0.5522509632616625,0.5550487348541445,0.5550487348541445,0.5550487348541445,0.5571181349113478,0.5571181349113478,0.5571181349113478,0.5595762800934405,0.5595762800934405,0.5595762800934405,0.5618183112517349,0.5618183112517349,0.5618183112517349,0.5634823084440586,0.5634823084440586,0.5634823084440586,0.5652697835900808,0.5652697835900808,0.5652697835900808,0.5685169787033678,0.5685169787033678,0.5685169787033678,0.5692664963480194,0.5692664963480194,0.5692664963480194,0.5709041190703001,0.5709041190703001,0.5709041190703001,0.573022210020088,0.573022210020088,0.573022210020088,0.5737928578425752,0.5737928578425752,0.5737928578425752,0.5745690209163624,0.5745690209163624,0.5745690209163624,0.5761401110211638,0.5761401110211638,0.5761401110211638,0.5769546908188313,0.5769546908188313,0.5769546908188313,0.5785038594160413,0.5785038594160413,0.5785038594160413,0.5794120753327539,0.5794120753327539,0.5794120753327539,0.5802371062249102,0.5802371062249102,0.5802371062249102,0.5812442297004965,0.5812442297004965,0.5812442297004965,0.5820400703151406,0.5820400703151406,0.5820400703151406,0.5826636998132368,0.5826636998132368,0.5826636998132368,0.5833080177368168,0.5833080177368168,0.5833080177368168,0.5839147464530723,0.5839147464530723,0.5839147464530723,0.5848330541140822,0.5848330541140822,0.5848330541140822,0.5854702341697452,0.5854702341697452,0.5854702341697452,0.58580850575757,0.58580850575757,0.58580850575757,0.5861009364192215,0.5861009364192215,0.5861009364192215,0.5882553398702004,0.5882553398702004,0.5882553398702004,0.5883764753079544,0.5883764753079544,0.5883764753079544,0.5888567705980208,0.5888567705980208,0.5888567705980208,0.5911409805601897,0.5911409805601897,0.5911409805601897,0.591423136466082,0.591423136466082,0.591423136466082,0.5918322136687179,0.5918322136687179,0.5918322136687179,0.5921045303525556,0.5921045303525556,0.5921045303525556,0.5926524765722108,0.5926524765722108,0.5926524765722108,0.5929099272249552,0.5929099272249552,0.5929099272249552,0.5932641762311832,0.5932641762311832,0.5932641762311832,0.594191633918545,0.594191633918545,0.594191633918545,0.5953835417772515,0.5953835417772515,0.5953835417772515,0.5955364691462759,0.5955364691462759,0.5955364691462759,0.5960235935952028,0.5960235935952028,0.5960235935952028,0.5962511887259431,0.5962511887259431,0.5962511887259431,0.5968206023725118,0.5968206023725118,0.5968206023725118,0.5969352446851778,0.5969352446851778,0.5969352446851778,0.5971019163082283,0.5971019163082283,0.5971019163082283,0.5985824578431834,0.5985824578431834,0.5985824578431834,0.599113726592436,0.599113726592436,0.599113726592436,0.5997079342276413,0.5997079342276413,0.5997079342276413,0.6023704155108216,0.6023704155108216,0.6023704155108216,0.6032408834006636,0.6032408834006636,0.6032408834006636,0.6036195767803028,0.6036195767803028,0.6036195767803028,0.6039493095696001,0.6039493095696001,0.6039493095696001,0.604115044508533,0.604115044508533,0.604115044508533,0.6041825265760935,0.6041825265760935,0.6041825265760935,0.60435378404888,0.60435378404888,0.60435378404888,0.6045854344562245,0.6045854344562245,0.6045854344562245,0.6048813052547445,0.6048813052547445,0.6048813052547445,0.6050615548201966,0.6050615548201966,0.6050615548201966,0.6051894790349107,0.6051894790349107,0.6051894790349107,0.6054241344475136,0.6054241344475136,0.6054241344475136,0.6055094192421517,0.6055094192421517,0.6055094192421517,0.6057334410612398,0.6057334410612398,0.6057334410612398,0.6060114567171684,0.6060114567171684,0.6060114567171684,0.6062064234729654,0.6062064234729654,0.6062064234729654,0.6064308937491676,0.6064308937491676,0.6064308937491676,0.6066238712602962,0.6066238712602962,0.6066238712602962,0.6067739932159449,0.6067739932159449,0.6067739932159449,0.6070683549164965,0.6070683549164965,0.6070683549164965,0.6071308148516587,0.6071308148516587,0.6071308148516587,0.6077344779186433,0.6077344779186433,0.6077344779186433,0.6078142023478916,0.6078142023478916,0.6078142023478916,0.607992572094191,0.607992572094191,0.607992572094191,0.6086087248214584,0.6086087248214584,0.6086087248214584,0.6087788805569292,0.6087788805569292,0.6087788805569292,0.6089126409715192,0.6089126409715192,0.6089126409715192,0.6092264312263682,0.6092264312263682,0.6092264312263682,0.6094862810457732,0.6094862810457732,0.6094862810457732,0.6095682668518597,0.6095682668518597,0.6095682668518597,0.6097899391948031,0.6097899391948031,0.6097899391948031,0.6099434484694022,0.6099434484694022,0.6099434484694022,0.61025793658451,0.61025793658451,0.61025793658451,0.610425168463693,0.610425168463693,0.610425168463693,0.6114529619964968,0.6114529619964968,0.6114529619964968,0.6116058498879192,0.6116058498879192,0.6116058498879192,0.6117287379741753,0.6117287379741753,0.6117287379741753,0.6118182557819762,0.6118182557819762,0.6118182557819762,0.6119297490467406,0.6119297490467406,0.6119297490467406,0.6120415139616835,0.6120415139616835,0.6120415139616835,0.6122426189574531,0.6122426189574531,0.6122426189574531,0.6124146528534319,0.6124146528534319,0.6124146528534319,0.6125154383380508,0.6125154383380508,0.6125154383380508,0.6126962632720089,0.6126962632720089,0.6126962632720089,0.6127420966055935,0.6127420966055935,0.6127420966055935,0.6128250226811229,0.6128250226811229,0.6128250226811229,0.6128538339140063,0.6128538339140063,0.6128538339140063,0.6134373804655118,0.6134373804655118,0.6134373804655118,0.6134916118130744,0.6134916118130744,0.6134916118130744,0.6135696159573588,0.6135696159573588,0.6135696159573588,0.6137999038738641,0.6137999038738641,0.6137999038738641,0.613929336004306,0.613929336004306,0.613929336004306,0.6139876502701439,0.6139876502701439,0.6139876502701439,0.6140233230977907,0.6140233230977907,0.6140233230977907,0.6141924625334374,0.6141924625334374,0.6141924625334374,0.6142566067699301,0.6142566067699301,0.6142566067699301,0.6143046863819362,0.6143046863819362,0.6143046863819362,0.614946049759505,0.614946049759505,0.614946049759505,0.6150468139117274,0.6150468139117274,0.6150468139117274,0.6151240781594717,0.6151240781594717,0.6151240781594717,0.6151926799423564,0.6151926799423564,0.6151926799423564,0.61526562007693,0.61526562007693,0.61526562007693,0.6153239090199092,0.6153239090199092,0.6153239090199092,0.6156533644946288,0.6156533644946288,0.6156533644946288,0.6157039884237736,0.6157039884237736,0.6157039884237736,0.6157222171156427,0.6157222171156427,0.6157222171156427,0.6158201124569646,0.6158201124569646,0.6158201124569646,0.6158940668353248,0.6158940668353248,0.6158940668353248,0.6163411411794938,0.6163411411794938,0.6163411411794938,0.6163496536285421,0.6163496536285421,0.6163496536285421,0.616533370700611,0.616533370700611,0.616533370700611,0.6165494070220735,0.6165494070220735,0.6165494070220735,0.6165666774116703,0.6165666774116703,0.6165666774116703,0.6175006951288505,0.6175006951288505,0.6175006951288505,0.6175293098613728,0.6175293098613728,0.6175293098613728,0.6175613733951268,0.6175613733951268,0.6175613733951268,0.617628628304549,0.617628628304549,0.617628628304549,0.6176821564173065,0.6176821564173065,
0.021616499693373963,0.021616499693373963,0.021616499693373963,0.03528527443883669,0.03528527443883669,0.03528527443883669,0.05698215209583489,0.05698215209583489,0.05698215209583489,0.08722200827145438,0.08722200827145438,0.08722200827145438,0.13934645328523493,0.13934645328523493,0.13934645328523493,0.14630240622387075,0.14630240622387075,0.14630240622387075,0.1940339607144658,0.1940339607144658,0.1940339607144658,0.23002796807015893,0.23002796807015893,0.23002796807015893,0.2572638715852811,0.2572638715852811,0.2572638715852811,0.2895271471755023,0.2895271471755023,0.2895271471755023,0.3144101135821367,0.3144101135821367,0.3144101135821367,0.3273986507226167,0.3273986507226167,0.3273986507226167,0.3445558947841387,0.3445558947841387,0.3445558947841387,0.3610727883338613,0.3610727883338613,0.3610727883338613,0.3750376292000097,0.3750376292000097,0.3750376292000097,0.38585038005634653,0.38585038005634653,0.38585038005634653,0.40445934987116994,0.40445934987116994,0.40445934987116994,0.4282037138980326,0.4282037138980326,0.4282037138980326,0.44313157456099006,0.44313157456099006,0.44313157456099006,0.45468836050633815,0.45468836050633815,0.45468836050633815,0.46364534567533694,0.46364534567533694,0.46364534567533694,0.47007101391118217,0.47007101391118217,0.47007101391118217,0.48134617552590186,0.48134617552590186,0.48134617552590186,0.48777259276466794,0.48777259276466794,0.48777259276466794,0.49486776458841625,0.49486776458841625,0.49486776458841625,0.5043587418763497,0.5043587418763497,0.5043587418763497,0.5135995115680299,0.5135995115680299,0.5135995115680299,0.5213477949800231,0.5213477949800231,0.5213477949800231,0.5285365292127414,0.5285365292127414,0.5285365292127414,0.5330767750322651,0.5330767750322651,0.5330767750322651,0.5365885906050833,0.5365885906050833,0.5365885906050833,0.5408528682643015,0.5408528682643015,0.5408528682643015,0.5452923049193109,0.5452923049193109,0.5452923049193109,0.5478679946125277,0.5478679946125277,0.5478679946125277,0.5497822971090784,0.5497822971090784,0.5497822971090784,0.5532916119570054,0.5532916119570054,0.5532916119570054,0.555041269071175,0.555041269071175,0.555041269071175,0.5569448165832647,0.5569448165832647,0.5569448165832647,0.5628377600944441,0.5628377600944441,0.5628377600944441,0.5660892672054265,0.5660892672054265,0.5660892672054265,0.5676337587380482,0.5676337587380482,0.5676337587380482,0.5692097093976041,0.5692097093976041,0.5692097093976041,0.5702367577523296,0.5702367577523296,0.5702367577523296,0.5728371760767151,0.5728371760767151,0.5728371760767151,0.5743564722470879,0.5743564722470879,0.5743564722470879,0.5764261942844637,0.5764261942844637,0.5764261942844637,0.5794106443113476,0.5794106443113476,0.5794106443113476,0.579872317549518,0.579872317549518,0.579872317549518,0.5830825038170652,0.5830825038170652,0.5830825038170652,0.5851522925728574,0.5851522925728574,0.5851522925728574,0.5865556633728327,0.5865556633728327,0.5865556633728327,0.5876341173427908,0.5876341173427908,0.5876341173427908,0.5893227490077346,0.5893227490077346,0.5893227490077346,0.5907545173123862,0.5907545173123862,0.5907545173123862,0.5930250330736936,0.5930250330736936,0.5930250330736936,0.5937164487718868,0.5937164487718868,0.5937164487718868,0.5960594806331391,0.5960594806331391,0.5960594806331391,0.5968033835969522,0.5968033835969522,0.5968033835969522,0.597884861633401,0.597884861633401,0.597884861633401,0.5984840673031968,0.5984840673031968,0.5984840673031968,0.5991845394997535,0.5991845394997535,0.5991845394997535,0.6009106221427771,0.6009106221427771,0.6009106221427771,0.6029637279762119,0.6029637279762119,0.6029637279762119,0.6039371267872804,0.6039371267872804,0.6039371267872804,0.6051801724271827,0.6051801724271827,0.6051801724271827,0.6060722232275562,0.6060722232275562,0.6060722232275562,0.6070255470927028,0.6070255470927028,0.6070255470927028,0.6077034166884859,0.6077034166884859,0.6077034166884859,0.6082020207361467,0.6082020207361467,0.6082020207361467,0.609085060859152,0.609085060859152,0.609085060859152,0.6100080057948739,0.6100080057948739,0.6100080057948739,0.6105299217955152,0.6105299217955152,0.6105299217955152,0.611680259131807,0.611680259131807,0.611680259131807,0.6123804224972715,0.6123804224972715,0.6123804224972715,0.6129374096315446,0.6129374096315446,0.6129374096315446,0.613526349572989,0.613526349572989,0.613526349572989,0.6140821302692332,0.6140821302692332,0.6140821302692332,0.6144140779495456,0.6144140779495456,0.6144140779495456,0.6152538660770712,0.6152538660770712,0.6152538660770712,0.6159568840320379,0.6159568840320379,0.6159568840320379,0.6165663370774839,0.6165663370774839,0.6165663370774839,0.6170018149965981,0.6170018149965981,0.6170018149965981,0.6174605905856416,0.6174605905856416,0.6174605905856416,0.618562660103362,0.618562660103362,0.618562660103362,0.6187779839966835,0.6187779839966835,0.6187779839966835,0.61931600144534,0.61931600144534,0.61931600144534,0.6197069386384891,0.6197069386384891,0.6197069386384891,0.6199768379523827,0.6199768379523827,0.6199768379523827,0.6205153583215282,0.6205153583215282,0.6205153583215282,0.6208169457071796,0.6208169457071796,0.6208169457071796,0.6211164352174169,0.6211164352174169,0.6211164352174169,0.6219122813172392,0.6219122813172392,0.6219122813172392,0.622294210540251,0.622294210540251,0.622294210540251,0.6223827308107471,0.6223827308107471,0.6223827308107471,0.6225151207451712,0.6225151207451712,0.6225151207451712,0.6229255390024883,0.6229255390024883,0.6229255390024883,0.6235285026624231,0.6235285026624231,0.6235285026624231,0.6238554089659671,0.6238554089659671,0.6238554089659671,0.6240634812745122,0.6240634812745122,0.6240634812745122,0.6242431071417548,0.6242431071417548,0.6242431071417548,0.6248661926386808,0.6248661926386808,0.6248661926386808,0.62507429729243,0.62507429729243,0.62507429729243,0.6252868275894069,0.6252868275894069,0.6252868275894069,0.6255754566251179,0.6255754566251179,0.6255754566251179,0.6258806079709169,0.6258806079709169,0.6258806079709169,0.6261056425966846,0.6261056425966846,0.6261056425966846,0.6263997105768663,0.6263997105768663,0.6263997105768663,0.6265278296304168,0.6265278296304168,0.6265278296304168,0.6267770267227062,0.6267770267227062,0.6267770267227062,0.6272697888050239,0.6272697888050239,0.6272697888050239,0.6278564119387329,0.6278564119387329,0.6278564119387329,0.6279940329758557,0.6279940329758557,0.6279940329758557,0.6281685159167257,0.6281685159167257,0.6281685159167257,0.6282683319700341,0.6282683319700341,0.6282683319700341,0.6284928730450118,0.6284928730450118,0.6284928730450118,0.6287556293202246,0.6287556293202246,0.6287556293202246,0.6288800650275005,0.6288800650275005,0.6288800650275005,0.6291562886176472,0.6291562886176472,0.6291562886176472,0.6294939440748831,0.6294939440748831,0.6294939440748831,0.629719796361421,0.629719796361421,0.629719796361421,0.6300583212230585,0.6300583212230585,0.6300583212230585,0.6302857207460086,0.6302857207460086,0.6302857207460086,0.6305277887006774,0.6305277887006774,0.6305277887006774,0.6306720322574496,0.6306720322574496,0.6306720322574496,0.6309870055288531,0.6309870055288531,0.6309870055288531,0.6311711160006986,0.6311711160006986,0.6311711160006986,0.6312983465187741,0.6312983465187741,0.6312983465187741,0.6315342926953149,0.6315342926953149,0.6315342926953149,0.6315712742815673,0.6315712742815673,0.6315712742815673,0.6316647844928551,0.6316647844928551,0.6316647844928551,0.6319970176323776,0.6319970176323776,0.6319970176323776,0.6322123029081564,0.6322123029081564,0.6322123029081564,0.6323491098406031,0.6323491098406031,0.6323491098406031,0.6324882479882382,0.6324882479882382,0.6324882479882382,0.6326108969134365,0.6326108969134365,0.6326108969134365,0.6328625075929595,0.6328625075929595,0.6328625075929595,0.6333722670018176,0.6333722670018176,0.6333722670018176,0.6337104223115484,0.6337104223115484,0.6337104223115484,0.6338493743456317,0.6338493743456317,0.6338493743456317,0.6339984900291996,0.6339984900291996,0.6339984900291996,0.634317140001772,0.634317140001772,0.634317140001772,0.6344300316292201,0.6344300316292201,0.6344300316292201,0.6346485434600223,0.6346485434600223,0.6346485434600223,0.634894065549329,0.634894065549329,0.634894065549329,0.6350623458170168,0.6350623458170168,0.6350623458170168,0.6351908993952334,0.6351908993952334,0.6351908993952334,0.6353657308961099,0.6353657308961099,0.6353657308961099,0.6357049046682626,0.6357049046682626,0.6357049046682626,0.6358239404627504,0.6358239404627504,0.6358239404627504,0.6359261226055096,0.6359261226055096,0.6359261226055096,0.6361134208785445,0.6361134208785445,0.6361134208785445,0.636444220890244,0.636444220890244,0.636444220890244,0.636553718586856,0.636553718586856,0.636553718586856,0.6366821370364106,0.6366821370364106,0.6366821370364106,0.6367712762288603,0.6367712762288603,0.6367712762288603,0.636902841953966,0.636902841953966,0.636902841953966,0.6370100584176875,0.6370100584176875,0.6370100584176875,0.6372251094542992,0.6372251094542992,0.6372251094542992,0.637332644612471,0.637332644612471,0.637332644612471,0.637389813575764,0.637389813575764,0.637389813575764,0.6376902398427111,0.6376902398427111,0.6376902398427111,0.6377960947699474,0.6377960947699474,0.6377960947699474,0.637917417715809,0.637917417715809,0.637917417715809,0.6379638851859266,0.6379638851859266,0.6379638851859266,0.6380078205513219,0.6380078205513219,0.6380078205513219,0.6380156556558242,0.6380156556558242,0.6380156556558242,0.6380965676301736,0.6380965676301736,
0.014149450010087355,0.014149450010087355,0.014149450010087355,0.024728353269051612,0.024728353269051612,0.024728353269051612,0.046609236919839286,0.046609236919839286,0.046609236919839286,0.06157929768563019,0.06157929768563019,0.06157929768563019,0.09469349856711863,0.09469349856711863,0.09469349856711863,0.12934300801617835,0.12934300801617835,0.12934300801617835,0.19073193811246295,0.19073193811246295,0.19073193811246295,0.20865356837041424,0.20865356837041424,0.20865356837041424,0.24411889681408475,0.24411889681408475,0.24411889681408475,0.2815174535670528,0.2815174535670528,0.2815174535670528,0.32341206786069326,0.32341206786069326,0.32341206786069326,0.3508748241527918,0.3508748241527918,0.3508748241527918,0.36782295906051354,0.36782295906051354,0.36782295906051354,0.37999074539126154,0.37999074539126154,0.37999074539126154,0.3976760028130266,0.3976760028130266,0.3976760028130266,0.4119782689728528,0.4119782689728528,0.4119782689728528,0.43392591201076,0.43392591201076,0.43392591201076,0.4448678935585419,0.4448678935585419,0.4448678935585419,0.45319886607199816,0.45319886607199816,0.45319886607199816,0.4662758546506603,0.4662758546506603,0.4662758546506603,0.47568391123349746,0.47568391123349746,0.47568391123349746,0.4805329328390201,0.4805329328390201,0.4805329328390201,0.4874629911645106,0.4874629911645106,0.4874629911645106,0.49225525808806897,0.49225525808806897,0.49225525808806897,0.4977275428907411,0.4977275428907411,0.4977275428907411,0.509015116053325,0.509015116053325,0.509015116053325,0.519467533630098,0.519467533630098,0.519467533630098,0.5245914901995993,0.5245914901995993,0.5245914901995993,0.5274631985733171,0.5274631985733171,0.5274631985733171,0.5328369580434833,0.5328369580434833,0.5328369580434833,0.5362527559344306,0.5362527559344306,0.5362527559344306,0.5410081265166211,0.5410081265166211,0.5410081265166211,0.5476901757570136,0.5476901757570136,0.5476901757570136,0.551533929920181,0.551533929920181,0.551533929920181,0.5554272381627995,0.5554272381627995,0.5554272381627995,0.5571616016402625,0.5571616016402625,0.5571616016402625,0.5615129677513045,0.5615129677513045,0.5615129677513045,0.5653937844402743,0.5653937844402743,0.5653937844402743,0.5672491562869154,0.5672491562869154,0.5672491562869154,0.5689575099474067,0.5689575099474067,0.5689575099474067,0.571696408640396,0.571696408640396,0.571696408640396,0.5745205911759355,0.5745205911759355,0.5745205911759355,0.577345488868559,0.577345488868559,0.577345488868559,0.5781748351699442,0.5781748351699442,0.5781748351699442,0.5801486446858175,0.5801486446858175,0.5801486446858175,0.5831407660176159,0.5831407660176159,0.5831407660176159,0.5848798483976042,0.5848798483976042,0.5848798483976042,0.5863766702826195,0.5863766702826195,0.5863766702826195,0.5881765015707663,0.5881765015707663,0.5881765015707663,0.5891350887098364,0.5891350887098364,0.5891350887098364,0.5905237921667523,0.5905237921667523,0.5905237921667523,0.5920334536550084,0.5920334536550084,0.5920334536550084,0.5932689778433634,0.5932689778433634,0.5932689778433634,0.5948483772208836,0.5948483772208836,0.5948483772208836,0.5960917082438469,0.5960917082438469,0.5960917082438469,0.5971093353689997,0.5971093353689997,0.5971093353689997,0.5982489979118889,0.5982489979118889,0.5982489979118889,0.5992111428078954,0.5992111428078954,0.5992111428078954,0.6008238428783905,0.6008238428783905,0.6008238428783905,0.6021206456542754,0.6021206456542754,0.6021206456542754,0.6031336063193007,0.6031336063193007,0.6031336063193007,0.6039681393325415,0.6039681393325415,0.6039681393325415,0.6051051759770815,0.6051051759770815,0.6051051759770815,0.6057025592785117,0.6057025592785117,0.6057025592785117,0.6065098286951938,0.6065098286951938,0.6065098286951938,0.6071797663161953,0.6071797663161953,0.6071797663161953,0.6075733633320916,0.6075733633320916,0.6075733633320916,0.6088920719798611,0.6088920719798611,0.6088920719798611,0.6091501676125679,0.6091501676125679,0.6091501676125679,0.609940068911108,0.609940068911108,0.609940068911108,0.6114399093164109,0.6114399093164109,0.6114399093164109,0.6122946898003662,0.6122946898003662,0.6122946898003662,0.6130105961982847,0.6130105961982847,0.6130105961982847,0.6134716368398269,0.6134716368398269,0.6134716368398269,0.6140119439929215,0.6140119439929215,0.6140119439929215,0.6147983539106223,0.6147983539106223,0.6147983539106223,0.6153463786891656,0.6153463786891656,0.6153463786891656,0.6162304415743878,0.6162304415743878,0.6162304415743878,0.6166254090439279,0.6166254090439279,0.6166254090439279,0.6168164677875883,0.6168164677875883,0.6168164677875883,0.6170637203577705,0.6170637203577705,0.6170637203577705,0.6175047334757447,0.6175047334757447,0.6175047334757447,0.618332064756108,0.618332064756108,0.618332064756108,0.6188676857813487,0.6188676857813487,0.6188676857813487,0.6191301044705781,0.6191301044705781,0.6191301044705781,0.6196290008926478,0.6196290008926478,0.6196290008926478,0.620203938215563,0.620203938215563,0.620203938215563,0.620527185948396,0.620527185948396,0.620527185948396,0.6212633954373401,0.6212633954373401,0.6212633954373401,0.6217186385879969,0.6217186385879969,0.6217186385879969,0.6226211396061576,0.6226211396061576,0.6226211396061576,0.6228293500497736,0.6228293500497736,0.6228293500497736,0.6234257137389518,0.6234257137389518,0.6234257137389518,0.6238349830680464,0.6238349830680464,0.6238349830680464,0.6242105566463161,0.6242105566463161,0.6242105566463161,0.6244165964155639,0.6244165964155639,0.6244165964155639,0.6245153818368417,0.6245153818368417,0.6245153818368417,0.6247599373705498,0.6247599373705498,0.6247599373705498,0.6249822060343972,0.6249822060343972,0.6249822060343972,0.6251190979477363,0.6251190979477363,0.6251190979477363,0.6254408285182612,0.6254408285182612,0.6254408285182612,0.6256414615305569,0.6256414615305569,0.6256414615305569,0.6260269296170747,0.6260269296170747,0.6260269296170747,0.6261650159254476,0.6261650159254476,0.6261650159254476,0.62674116904405,0.62674116904405,0.62674116904405,0.6270780740973343,0.6270780740973343,0.6270780740973343,0.6272661960462504,0.6272661960462504,0.6272661960462504,0.6275382390644623,0.6275382390644623,0.6275382390644623,0.6278946134331114,0.6278946134331114,0.6278946134331114,0.6283156387183516,0.6283156387183516,0.6283156387183516,0.6284526001710775,0.6284526001710775,0.6284526001710775,0.6286177769046545,0.6286177769046545,0.6286177769046545,0.6287296115711957,0.6287296115711957,0.6287296115711957,0.6289921502042198,0.6289921502042198,0.6289921502042198,0.6293969726411999,0.6293969726411999,0.6293969726411999,0.6296689414557652,0.6296689414557652,0.6296689414557652,0.6299431411442225,0.6299431411442225,0.6299431411442225,0.6300891138308716,0.6300891138308716,0.6300891138308716,0.6302066480368436,0.6302066480368436,0.6302066480368436,0.6303651154582915,0.6303651154582915,0.6303651154582915,0.6307211324972833,0.6307211324972833,0.6307211324972833,0.6309148378618222,0.6309148378618222,0.6309148378618222,0.6311428340129341,0.6311428340129341,0.6311428340129341,0.6312522128391838,0.6312522128391838,0.6312522128391838,0.6320776795253152,0.6320776795253152,0.6320776795253152,0.6322383354269917,0.6322383354269917,0.6322383354269917,0.632381986966898,0.632381986966898,0.632381986966898,0.6326170211769045,0.6326170211769045,0.6326170211769045,0.6335885290744485,0.6335885290744485,0.6335885290744485,0.6340649960656525,0.6340649960656525,0.6340649960656525,0.6341742182364374,0.6341742182364374,0.6341742182364374,0.634729365838553,0.634729365838553,0.634729365838553,0.6348519736105492,0.6348519736105492,0.6348519736105492,0.6349404607042375,0.6349404607042375,0.6349404607042375,0.6350879572305288,0.6350879572305288,0.6350879572305288,0.6352507331952161,0.6352507331952161,0.6352507331952161,0.635522101455888,0.635522101455888,0.635522101455888,0.635655352934558,0.635655352934558,0.635655352934558,0.6357720198934359,0.6357720198934359,0.6357720198934359,0.6358638581517406,0.6358638581517406,0.6358638581517406,0.6359054183429509,0.6359054183429509,0.6359054183429509,0.6360882699820103,0.6360882699820103,0.6360882699820103,0.636252287237411,0.636252287237411,0.636252287237411,0.6364212741710847,0.6364212741710847,0.6364212741710847,0.6364701587779251,0.6364701587779251,0.6364701587779251,0.6365197657654312,0.6365197657654312,0.6365197657654312,0.6366580784294118,0.6366580784294118,0.6366580784294118,0.6367422706423876,0.6367422706423876,0.6367422706423876,0.6368176009813248,0.6368176009813248,0.6368176009813248,0.6372965686789834,0.6372965686789834,0.6372965686789834,0.6373722148671491,0.6373722148671491,0.6373722148671491,0.6374378042931068,0.6374378042931068,0.6374378042931068,0.6375078183363884,0.6375078183363884,0.6375078183363884,0.6376089431966644,0.6376089431966644,0.6376089431966644,0.6379540175327744,0.6379540175327744,0.6379540175327744,0.6380440327417626,0.6380440327417626,0.6380440327417626,0.6389275423751245,0.6389275423751245,0.6389275423751245,0.6390673481602716,0.6390673481602716,0.6390673481602716,0.6391454019636975,0.6391454019636975,0.6391454019636975,0.639268451597621,0.639268451597621,0.639268451597621,0.6393090655720715,0.6393090655720715,0.6393090655720715,0.639473045781267,0.639473045781267,0.639473045781267,0.6396159253161374,0.6396159253161374,0.6396159253161374,0.6397041820161574,0.6397041820161574,0.6397041820161574,0.6399101007040162,0.6399101007040162,0.6399101007040162,0.6399730308905798,0.6399730308905798,0.6399730308905798,0.6400020618122175,0.6400020618122175,
0.008861973534050419,0.008861973534050419,0.008861973534050419,0.016804395365641024,0.016804395365641024,0.016804395365641024,0.04859488412956269,0.04859488412956269,0.04859488412956269,0.051304008013234446,0.051304008013234446,0.051304008013234446,0.08131250283212764,0.08131250283212764,0.08131250283212764,0.13258757850129282,0.13258757850129282,0.13258757850129282,0.1605700936692775,0.1605700936692775,0.1605700936692775,0.1854622688318585,0.1854622688318585,0.1854622688318585,0.22055222071054884,0.22055222071054884,0.22055222071054884,0.2782605046229992,0.2782605046229992,0.2782605046229992,0.3071545972963032,0.3071545972963032,0.3071545972963032,0.31700069646223267,0.31700069646223267,0.31700069646223267,0.34634580198571635,0.34634580198571635,0.34634580198571635,0.36237052663101316,0.36237052663101316,0.36237052663101316,0.3688559376805909,0.3688559376805909,0.3688559376805909,0.40921641205292675,0.40921641205292675,0.40921641205292675,0.42029087486310773,0.42029087486310773,0.42029087486310773,0.4283686296216989,0.4283686296216989,0.4283686296216989,0.43736770307167555,0.43736770307167555,0.43736770307167555,0.4448975184376741,0.4448975184376741,0.4448975184376741,0.4542920817869008,0.4542920817869008,0.4542920817869008,0.4642722478357867,0.4642722478357867,0.4642722478357867,0.47150577849115977,0.47150577849115977,0.47150577849115977,0.47861108968189,0.47861108968189,0.47861108968189,0.4828121256127588,0.4828121256127588,0.4828121256127588,0.4952881938186103,0.4952881938186103,0.4952881938186103,0.5024555418314337,0.5024555418314337,0.5024555418314337,0.5083824484071564,0.5083824484071564,0.5083824484071564,0.5119703311415749,0.5119703311415749,0.5119703311415749,0.5175627322373784,0.5175627322373784,0.5175627322373784,0.5217399109481539,0.5217399109481539,0.5217399109481539,0.5310618629482015,0.5310618629482015,0.5310618629482015,0.5335513840519271,0.5335513840519271,0.5335513840519271,0.5376678015618915,0.5376678015618915,0.5376678015618915,0.5416393836689615,0.5416393836689615,0.5416393836689615,0.5451792511588727,0.5451792511588727,0.5451792511588727,0.5483989332538693,0.5483989332538693,0.5483989332538693,0.5530340527490851,0.5530340527490851,0.5530340527490851,0.557430532688129,0.557430532688129,0.557430532688129,0.5583818574205814,0.5583818574205814,0.5583818574205814,0.5602718400623552,0.5602718400623552,0.5602718400623552,0.562536894037603,0.562536894037603,0.562536894037603,0.5652109699194792,0.5652109699194792,0.5652109699194792,0.5671387314989574,0.5671387314989574,0.5671387314989574,0.5697684701285441,0.5697684701285441,0.5697684701285441,0.5718004155878517,0.5718004155878517,0.5718004155878517,0.5742298072048708,0.5742298072048708,0.5742298072048708,0.5762323333560516,0.5762323333560516,0.5762323333560516,0.5789700617471404,0.5789700617471404,0.5789700617471404,0.5802817731568343,0.5802817731568343,0.5802817731568343,0.5814024596250766,0.5814024596250766,0.5814024596250766,0.5825775912084331,0.5825775912084331,0.5825775912084331,0.5837337907381493,0.5837337907381493,0.5837337907381493,0.5856890747080259,0.5856890747080259,0.5856890747080259,0.5875703002526318,0.5875703002526318,0.5875703002526318,0.588509411557708,0.588509411557708,0.588509411557708,0.5900869569744104,0.5900869569744104,0.5900869569744104,0.5912662035724082,0.5912662035724082,0.5912662035724082,0.5927197571767546,0.5927197571767546,0.5927197571767546,0.5943742293568871,0.5943742293568871,0.5943742293568871,0.5954281764131494,0.5954281764131494,0.5954281764131494,0.5969246022467998,0.5969246022467998,0.5969246022467998,0.5990212443300804,0.5990212443300804,0.5990212443300804,0.599610499412031,0.599610499412031,0.599610499412031,0.601036433317912,0.601036433317912,0.601036433317912,0.6018221688850026,0.6018221688850026,0.6018221688850026,0.6022966669219528,0.6022966669219528,0.6022966669219528,0.6026957187689561,0.6026957187689561,0.6026957187689561,0.6034724191446786,0.6034724191446786,0.6034724191446786,0.6038928897719216,0.6038928897719216,0.6038928897719216,0.6045927955045447,0.6045927955045447,0.6045927955045447,0.6052658208938059,0.6052658208938059,0.6052658208938059,0.6061113225422902,0.6061113225422902,0.6061113225422902,0.6067523488717709,0.6067523488717709,0.6067523488717709,0.6074861643669817,0.6074861643669817,0.6074861643669817,0.6081212825636279,0.6081212825636279,0.6081212825636279,0.6086579486163811,0.6086579486163811,0.6086579486163811,0.6097174096304256,0.6097174096304256,0.6097174096304256,0.6110083552044433,0.6110083552044433,0.6110083552044433,0.6122107408972086,0.6122107408972086,0.6122107408972086,0.6126567751962538,0.6126567751962538,0.6126567751962538,0.6132243459530329,0.6132243459530329,0.6132243459530329,0.6140011917905538,0.6140011917905538,0.6140011917905538,0.614355164154287,0.614355164154287,0.614355164154287,0.6146852089677018,0.6146852089677018,0.6146852089677018,0.6150232481033642,0.6150232481033642,0.6150232481033642,0.6154867441578951,0.6154867441578951,0.6154867441578951,0.6161300083521521,0.6161300083521521,0.6161300083521521,0.6165548173436561,0.6165548173436561,0.6165548173436561,0.6171372665444755,0.6171372665444755,0.6171372665444755,0.6176564248151428,0.6176564248151428,0.6176564248151428,0.6182436449203229,0.6182436449203229,0.6182436449203229,0.6189101219444498,0.6189101219444498,0.6189101219444498,0.6194329161024146,0.6194329161024146,0.6194329161024146,0.6199563205621111,0.6199563205621111,0.6199563205621111,0.6203409549646325,0.6203409549646325,0.6203409549646325,0.6207322930496395,0.6207322930496395,0.6207322930496395,0.6212187597431233,0.6212187597431233,0.6212187597431233,0.6213177029957672,0.6213177029957672,0.6213177029957672,0.6215635668986597,0.6215635668986597,0.6215635668986597,0.6221916527399076,0.6221916527399076,0.6221916527399076,0.622371284514939,0.622371284514939,0.622371284514939,0.6226549302051406,0.6226549302051406,0.6226549302051406,0.6230072464882564,0.6230072464882564,0.6230072464882564,0.6233088310331513,0.6233088310331513,0.6233088310331513,0.6235140162747784,0.6235140162747784,0.6235140162747784,0.62372979078748,0.62372979078748,0.62372979078748,0.6242480727208886,0.6242480727208886,0.6242480727208886,0.6245753634310149,0.6245753634310149,0.6245753634310149,0.6247505754048939,0.6247505754048939,0.6247505754048939,0.6250220575350909,0.6250220575350909,0.6250220575350909,0.6253468580441803,0.6253468580441803,0.6253468580441803,0.6257875431652884,0.6257875431652884,0.6257875431652884,0.6263201785232487,0.6263201785232487,0.6263201785232487,0.6271264903723643,0.6271264903723643,0.6271264903723643,0.6275217951494068,0.6275217951494068,0.6275217951494068,0.6277593101348131,0.6277593101348131,0.6277593101348131,0.6280509050555835,0.6280509050555835,0.6280509050555835,0.6283319267291649,0.6283319267291649,0.6283319267291649,0.6286074795749527,0.6286074795749527,0.6286074795749527,0.6289404906316475,0.6289404906316475,0.6289404906316475,0.6293341936351626,0.6293341936351626,0.6293341936351626,0.6294903624020175,0.6294903624020175,0.6294903624020175,0.629703465299781,0.629703465299781,0.629703465299781,0.6300344285967313,0.6300344285967313,0.6300344285967313,0.6302308346324007,0.6302308346324007,0.6302308346324007,0.6305648886089636,0.6305648886089636,0.6305648886089636,0.6307348957039568,0.6307348957039568,0.6307348957039568,0.6309915240659238,0.6309915240659238,0.6309915240659238,0.6312974223808091,0.6312974223808091,0.6312974223808091,0.6315040420592231,0.6315040420592231,0.6315040420592231,0.6318065314315069,0.6318065314315069,0.6318065314315069,0.632340446190188,0.632340446190188,0.632340446190188,0.632442689435398,0.632442689435398,0.632442689435398,0.6326357514137552,0.6326357514137552,0.6326357514137552,0.6328824179781896,0.6328824179781896,0.6328824179781896,0.6330594758828287,0.6330594758828287,0.6330594758828287,0.6331693142682526,0.6331693142682526,0.6331693142682526,0.6334631163525086,0.6334631163525086,0.6334631163525086,0.633713674102087,0.633713674102087,0.633713674102087,0.6338811586382451,0.6338811586382451,0.6338811586382451,0.6340518001219875,0.6340518001219875,0.6340518001219875,0.6342072051345543,0.6342072051345543,0.6342072051345543,0.6343448976940638,0.6343448976940638,0.6343448976940638,0.6346565620041796,0.6346565620041796,0.6346565620041796,0.6347753637421294,0.6347753637421294,0.6347753637421294,0.6348724514235123,0.6348724514235123,0.6348724514235123,0.6350516227464443,0.6350516227464443,0.6350516227464443,0.6351158134124263,0.6351158134124263,0.6351158134124263,0.6352906606331352,0.6352906606331352,0.6352906606331352,0.635398810490601,0.635398810490601,0.635398810490601,0.6355196597031112,0.6355196597031112,0.6355196597031112,0.635621889487929,0.635621889487929,0.635621889487929,0.6357270346270655,0.6357270346270655,0.6357270346270655,0.6358559133216042,0.6358559133216042,0.6358559133216042,0.6359567920258563,0.6359567920258563,0.6359567920258563,0.6360349867870323,0.6360349867870323,0.6360349867870323,0.6363347924059973,0.6363347924059973,0.6363347924059973,0.6365454323811753,0.6365454323811753,0.6365454323811753,0.6367679127410267,0.6367679127410267,0.6367679127410267,0.6370374783975414,0.6370374783975414,0.6370374783975414,0.6371401801457591,0.6371401801457591,0.6371401801457591,0.6372101105402954,0.6372101105402954,0.6372101105402954,0.637324181981732,0.637324181981732,0.637324181981732,0.6376118433306467,0.6376118433306467,0.6376118433306467,0.637773424012806,0.637773424012806,0.637773424012806,0.6378372701099195,0.6378372701099195,
0.03590756955626624,0.03590756955626624,0.03590756955626624,0.04484254024902222,0.04484254024902222,0.04484254024902222,0.07448376971225751,0.07448376971225751,0.07448376971225751,0.10453934645410476,0.10453934645410476,0.10453934645410476,0.14286591390312978,0.14286591390312978,0.14286591390312978,0.1664257009580362,0.1664257009580362,0.1664257009580362,0.20676177239585602,0.20676177239585602,0.20676177239585602,0.21978951586529955,0.21978951586529955,0.21978951586529955,0.23456617784402098,0.23456617784402098,0.23456617784402098,0.25891425989457834,0.25891425989457834,0.25891425989457834,0.2856423091425574,0.2856423091425574,0.2856423091425574,0.3141061816047449,0.3141061816047449,0.3141061816047449,0.3436802643305906,0.3436802643305906,0.3436802643305906,0.37306200380075544,0.37306200380075544,0.37306200380075544,0.3873660473231735,0.3873660473231735,0.3873660473231735,0.40926770272601287,0.40926770272601287,0.40926770272601287,0.42809289451666144,0.42809289451666144,0.42809289451666144,0.43487065265809144,0.43487065265809144,0.43487065265809144,0.4551706622973848,0.4551706622973848,0.4551706622973848,0.464043345113706,0.464043345113706,0.464043345113706,0.47092752802416316,0.47092752802416316,0.47092752802416316,0.48681412712622923,0.48681412712622923,0.48681412712622923,0.49409086857693646,0.49409086857693646,0.49409086857693646,0.5013630812375444,0.5013630812375444,0.5013630812375444,0.5040818936872666,0.5040818936872666,0.5040818936872666,0.5063783551259728,0.5063783551259728,0.5063783551259728,0.5095072345323918,0.5095072345323918,0.5095072345323918,0.5169817005800875,0.5169817005800875,0.5169817005800875,0.520698366024208,0.520698366024208,0.520698366024208,0.5269108819610853,0.5269108819610853,0.5269108819610853,0.5295769777193722,0.5295769777193722,0.5295769777193722,0.5326865435795872,0.5326865435795872,0.5326865435795872,0.5358771580474201,0.5358771580474201,0.5358771580474201,0.5398503956681955,0.5398503956681955,0.5398503956681955,0.5454069467808428,0.5454069467808428,0.5454069467808428,0.5494230737328055,0.5494230737328055,0.5494230737328055,0.5530571834894045,0.5530571834894045,0.5530571834894045,0.5561066114971223,0.5561066114971223,0.5561066114971223,0.5588291584106011,0.5588291584106011,0.5588291584106011,0.5602157660642146,0.5602157660642146,0.5602157660642146,0.5654332762649383,0.5654332762649383,0.5654332762649383,0.5667113325672373,0.5667113325672373,0.5667113325672373,0.5670521413945244,0.5670521413945244,0.5670521413945244,0.5691468896998432,0.5691468896998432,0.5691468896998432,0.5716218301662513,0.5716218301662513,0.5716218301662513,0.574129220173467,0.574129220173467,0.574129220173467,0.5776028429331485,0.5776028429331485,0.5776028429331485,0.5793059449519116,0.5793059449519116,0.5793059449519116,0.5808330876124218,0.5808330876124218,0.5808330876124218,0.5828427904925413,0.5828427904925413,0.5828427904925413,0.5845636409318782,0.5845636409318782,0.5845636409318782,0.5870462006896952,0.5870462006896952,0.5870462006896952,0.5885598751743859,0.5885598751743859,0.5885598751743859,0.5908963080001114,0.5908963080001114,0.5908963080001114,0.5925686227032936,0.5925686227032936,0.5925686227032936,0.5932536958953706,0.5932536958953706,0.5932536958953706,0.5956876928447421,0.5956876928447421,0.5956876928447421,0.5963755726128478,0.5963755726128478,0.5963755726128478,0.5974108191786719,0.5974108191786719,0.5974108191786719,0.5985852597684335,0.5985852597684335,0.5985852597684335,0.599693920233321,0.599693920233321,0.599693920233321,0.6010142245704143,0.6010142245704143,0.6010142245704143,0.6023437318376865,0.6023437318376865,0.6023437318376865,0.6034087709995026,0.6034087709995026,0.6034087709995026,0.6044446217540976,0.6044446217540976,0.6044446217540976,0.6054763171531954,0.6054763171531954,0.6054763171531954,0.6069963606442688,0.6069963606442688,0.6069963606442688,0.6074813945093662,0.6074813945093662,0.6074813945093662,0.6080535882575183,0.6080535882575183,0.6080535882575183,0.6087050338799301,0.6087050338799301,0.6087050338799301,0.6093231558692873,0.6093231558692873,0.6093231558692873,0.6104883409885415,0.6104883409885415,0.6104883409885415,0.6117239947334195,0.6117239947334195,0.6117239947334195,0.6124255883992701,0.6124255883992701,0.6124255883992701,0.6136539075764835,0.6136539075764835,0.6136539075764835,0.6142349708857618,0.6142349708857618,0.6142349708857618,0.6148213422925786,0.6148213422925786,0.6148213422925786,0.6159285602676585,0.6159285602676585,0.6159285602676585,0.6163893494795288,0.6163893494795288,0.6163893494795288,0.6170393242413801,0.6170393242413801,0.6170393242413801,0.6172385642838751,0.6172385642838751,0.6172385642838751,0.617795810226312,0.617795810226312,0.617795810226312,0.6182920423535287,0.6182920423535287,0.6182920423535287,0.6188416455721705,0.6188416455721705,0.6188416455721705,0.6206522732889247,0.6206522732889247,0.6206522732889247,0.6212048989485153,0.6212048989485153,0.6212048989485153,0.6215740255917243,0.6215740255917243,0.6215740255917243,0.6218005685504321,0.6218005685504321,0.6218005685504321,0.6221910721033792,0.6221910721033792,0.6221910721033792,0.6228652677460134,0.6228652677460134,0.6228652677460134,0.6232106532422075,0.6232106532422075,0.6232106532422075,0.6236116107163695,0.6236116107163695,0.6236116107163695,0.6239773804921434,0.6239773804921434,0.6239773804921434,0.624487489329401,0.624487489329401,0.624487489329401,0.6246653938754646,0.6246653938754646,0.6246653938754646,0.6251258169766927,0.6251258169766927,0.6251258169766927,0.6253091853510501,0.6253091853510501,0.6253091853510501,0.6255323870284601,0.6255323870284601,0.6255323870284601,0.6258338732111978,0.6258338732111978,0.6258338732111978,0.6262140217473585,0.6262140217473585,0.6262140217473585,0.6264954510885312,0.6264954510885312,0.6264954510885312,0.6270531404785412,0.6270531404785412,0.6270531404785412,0.6272411286054257,0.6272411286054257,0.6272411286054257,0.6275014187848912,0.6275014187848912,0.6275014187848912,0.6279460872196753,0.6279460872196753,0.6279460872196753,0.6284736046160824,0.6284736046160824,0.6284736046160824,0.6287853607639069,0.6287853607639069,0.6287853607639069,0.6290875348347016,0.6290875348347016,0.6290875348347016,0.6292033442260027,0.6292033442260027,0.6292033442260027,0.6297115423496314,0.6297115423496314,0.6297115423496314,0.6300077656830979,0.6300077656830979,0.6300077656830979,0.6305772996121732,0.6305772996121732,0.6305772996121732,0.6308715349034989,0.6308715349034989,0.6308715349034989,0.6311150075150608,0.6311150075150608,0.6311150075150608,0.6313077791092273,0.6313077791092273,0.6313077791092273,0.6316954975806891,0.6316954975806891,0.6316954975806891,0.6318633926636013,0.6318633926636013,0.6318633926636013,0.6321257515064784,0.6321257515064784,0.6321257515064784,0.6323851586471871,0.6323851586471871,0.6323851586471871,0.6327056000838768,0.6327056000838768,0.6327056000838768,0.6328842194766325,0.6328842194766325,0.6328842194766325,0.6331037712988246,0.6331037712988246,0.6331037712988246,0.6333097763244615,0.6333097763244615,0.6333097763244615,0.6335450954229812,0.6335450954229812,0.6335450954229812,0.6337691441854526,0.6337691441854526,0.6337691441854526,0.6339051422365312,0.6339051422365312,0.6339051422365312,0.6340832679189204,0.6340832679189204,0.6340832679189204,0.6351124620879113,0.6351124620879113,0.6351124620879113,0.6353572133193891,0.6353572133193891,0.6353572133193891,0.6356483227330681,0.6356483227330681,0.6356483227330681,0.6360043905814902,0.6360043905814902,0.6360043905814902,0.636387022712574,0.636387022712574,0.636387022712574,0.6365220255596168,0.6365220255596168,0.6365220255596168,0.6366154400921481,0.6366154400921481,0.6366154400921481,0.6368883155375921,0.6368883155375921,0.6368883155375921,0.6369842512079013,0.6369842512079013,0.6369842512079013,0.637144287251107,0.637144287251107,0.637144287251107,0.6374243454706925,0.6374243454706925,0.6374243454706925,0.6375507870427543,0.6375507870427543,0.6375507870427543,0.6376784491645127,0.6376784491645127,0.6376784491645127,0.6379862096984978,0.6379862096984978,0.6379862096984978,0.6381142776878812,0.6381142776878812,0.6381142776878812,0.6382803541328155,0.6382803541328155,0.6382803541328155,0.6384452121920099,0.6384452121920099,0.6384452121920099,0.6386182372282974,0.6386182372282974,0.6386182372282974,0.6387824099138252,0.6387824099138252,0.6387824099138252,0.6389298514909955,0.6389298514909955,0.6389298514909955,0.6391259796173041,0.6391259796173041,0.6391259796173041,0.6392759454034014,0.6392759454034014,0.6392759454034014,0.6393834860906971,0.6393834860906971,0.6393834860906971,0.6395552169131733,0.6395552169131733,0.6395552169131733,0.6396910115364848,0.6396910115364848,0.6396910115364848,0.6399187596173855,0.6399187596173855,0.6399187596173855,0.6399982908879308,0.6399982908879308,0.6399982908879308,0.640066323216204,0.640066323216204,0.640066323216204,0.6402000269372866,0.6402000269372866,0.6402000269372866,0.6402912673451094,0.6402912673451094,0.6402912673451094,0.6403618614002713,0.6403618614002713,0.6403618614002713,0.6404729987511107,0.6404729987511107,0.6404729987511107,0.6405472676617412,0.6405472676617412,0.6405472676617412,0.6406103259174141,0.6406103259174141,0.6406103259174141,0.6406865286705418,0.6406865286705418,0.6406865286705418,0.6407798885448078,0.6407798885448078,0.6407798885448078,0.6408926780202508,0.6408926780202508,0.6408926780202508,0.6410326417639507,0.6410326417639507,0.6410326417639507,0.6411052138672302,0.6411052138672302,0.6411052138672302,0.6412276897080281,0.6412276897080281,
0.005648995482281087,0.005648995482281087,0.005648995482281087,0.012268533225565955,0.012268533225565955,0.012268533225565955,0.033780503708278564,0.033780503708278564,0.033780503708278564,0.0860491235279777,0.0860491235279777,0.0860491235279777,0.12983156408584678,0.12983156408584678,0.12983156408584678,0.16069825607352423,0.16069825607352423,0.16069825607352423,0.18026977137705041,0.18026977137705041,0.18026977137705041,0.20105423660807703,0.20105423660807703,0.20105423660807703,0.23812197850206163,0.23812197850206163,0.23812197850206163,0.2643886593389718,0.2643886593389718,0.2643886593389718,0.29874145622518045,0.29874145622518045,0.29874145622518045,0.3302199677719026,0.3302199677719026,0.3302199677719026,0.33999236543476646,0.33999236543476646,0.33999236543476646,0.360767587153105,0.360767587153105,0.360767587153105,0.3769705764760592,0.3769705764760592,0.3769705764760592,0.39445093905825634,0.39445093905825634,0.39445093905825634,0.41130786362742994,0.41130786362742994,0.41130786362742994,0.4291993101862511,0.4291993101862511,0.4291993101862511,0.4382100639998783,0.4382100639998783,0.4382100639998783,0.4578723036570136,0.4578723036570136,0.4578723036570136,0.46944996409009865,0.46944996409009865,0.46944996409009865,0.4781016639768568,0.4781016639768568,0.4781016639768568,0.48618966908150923,0.48618966908150923,0.48618966908150923,0.5013356721386686,0.5013356721386686,0.5013356721386686,0.5057393827824574,0.5057393827824574,0.5057393827824574,0.5115304151693335,0.5115304151693335,0.5115304151693335,0.5174614049671479,0.5174614049671479,0.5174614049671479,0.5222226563861856,0.5222226563861856,0.5222226563861856,0.5283963820970758,0.5283963820970758,0.5283963820970758,0.5353393766796596,0.5353393766796596,0.5353393766796596,0.5388445769964533,0.5388445769964533,0.5388445769964533,0.544807697713636,0.544807697713636,0.544807697713636,0.548490397118392,0.548490397118392,0.548490397118392,0.5522883912411648,0.5522883912411648,0.5522883912411648,0.5542426404801942,0.5542426404801942,0.5542426404801942,0.5591418569619879,0.5591418569619879,0.5591418569619879,0.563909188228392,0.563909188228392,0.563909188228392,0.5666127917695556,0.5666127917695556,0.5666127917695556,0.5681346144557301,0.5681346144557301,0.5681346144557301,0.5697907611048018,0.5697907611048018,0.5697907611048018,0.572861472471742,0.572861472471742,0.572861472471742,0.5742798415203999,0.5742798415203999,0.5742798415203999,0.5765760711176572,0.5765760711176572,0.5765760711176572,0.5791248906036981,0.5791248906036981,0.5791248906036981,0.5815468998808032,0.5815468998808032,0.5815468998808032,0.5826769468113066,0.5826769468113066,0.5826769468113066,0.5842199223601847,0.5842199223601847,0.5842199223601847,0.5856528551856343,0.5856528551856343,0.5856528551856343,0.586792691278071,0.586792691278071,0.586792691278071,0.5880789420109906,0.5880789420109906,0.5880789420109906,0.5896554780532451,0.5896554780532451,0.5896554780532451,0.5911645437424826,0.5911645437424826,0.5911645437424826,0.5928276844648253,0.5928276844648253,0.5928276844648253,0.5934749668166946,0.5934749668166946,0.5934749668166946,0.5947697063964152,0.5947697063964152,0.5947697063964152,0.596255083660586,0.596255083660586,0.596255083660586,0.5970067465099725,0.5970067465099725,0.5970067465099725,0.5977430470114253,0.5977430470114253,0.5977430470114253,0.5981814642018952,0.5981814642018952,0.5981814642018952,0.5995294813737799,0.5995294813737799,0.5995294813737799,0.6007857091617208,0.6007857091617208,0.6007857091617208,0.6019391226531317,0.6019391226531317,0.6019391226531317,0.6028480557154101,0.6028480557154101,0.6028480557154101,0.6037863350544033,0.6037863350544033,0.6037863350544033,0.6047760105980085,0.6047760105980085,0.6047760105980085,0.6050248005179005,0.6050248005179005,0.6050248005179005,0.6058481806294884,0.6058481806294884,0.6058481806294884,0.6071910978867329,0.6071910978867329,0.6071910978867329,0.6079472936424957,0.6079472936424957,0.6079472936424957,0.6083138950922455,0.6083138950922455,0.6083138950922455,0.6094115865009638,0.6094115865009638,0.6094115865009638,0.6101712896821421,0.6101712896821421,0.6101712896821421,0.6104004018868394,0.6104004018868394,0.6104004018868394,0.6112257658128215,0.6112257658128215,0.6112257658128215,0.6122136487515829,0.6122136487515829,0.6122136487515829,0.6125968967453279,0.6125968967453279,0.6125968967453279,0.614051722245042,0.614051722245042,0.614051722245042,0.614243196657368,0.614243196657368,0.614243196657368,0.6151479741203866,0.6151479741203866,0.6151479741203866,0.6155250762615757,0.6155250762615757,0.6155250762615757,0.6159588660615211,0.6159588660615211,0.6159588660615211,0.6165624430012694,0.6165624430012694,0.6165624430012694,0.6173820071891362,0.6173820071891362,0.6173820071891362,0.6181343929659477,0.6181343929659477,0.6181343929659477,0.6191407187399858,0.6191407187399858,0.6191407187399858,0.6195073013350121,0.6195073013350121,0.6195073013350121,0.6202485658835503,0.6202485658835503,0.6202485658835503,0.6207017696926115,0.6207017696926115,0.6207017696926115,0.6210947022268694,0.6210947022268694,0.6210947022268694,0.6213592531602375,0.6213592531602375,0.6213592531602375,0.6216643308536537,0.6216643308536537,0.6216643308536537,0.6220004734799337,0.6220004734799337,0.6220004734799337,0.6222770523142279,0.6222770523142279,0.6222770523142279,0.6226177672140453,0.6226177672140453,0.6226177672140453,0.6229091380166494,0.6229091380166494,0.6229091380166494,0.6231014910989917,0.6231014910989917,0.6231014910989917,0.6237754466488039,0.6237754466488039,0.6237754466488039,0.6242476427311702,0.6242476427311702,0.6242476427311702,0.6245334045547953,0.6245334045547953,0.6245334045547953,0.6251091985117102,0.6251091985117102,0.6251091985117102,0.6259423536170212,0.6259423536170212,0.6259423536170212,0.6261944850651504,0.6261944850651504,0.6261944850651504,0.6263235572064645,0.6263235572064645,0.6263235572064645,0.6266591687773806,0.6266591687773806,0.6266591687773806,0.6268407635991768,0.6268407635991768,0.6268407635991768,0.6270868016476046,0.6270868016476046,0.6270868016476046,0.6272666290384737,0.6272666290384737,0.6272666290384737,0.6276361583179616,0.6276361583179616,0.6276361583179616,0.6279821750504212,0.6279821750504212,0.6279821750504212,0.62817619876256,0.62817619876256,0.62817619876256,0.6286290875677643,0.6286290875677643,0.6286290875677643,0.6288684081068454,0.6288684081068454,0.6288684081068454,0.6291428613721088,0.6291428613721088,0.6291428613721088,0.6294474725882669,0.6294474725882669,0.6294474725882669,0.6297891343662706,0.6297891343662706,0.6297891343662706,0.6300227526168946,0.6300227526168946,0.6300227526168946,0.6300938500995152,0.6300938500995152,0.6300938500995152,0.6303699935267849,0.6303699935267849,0.6303699935267849,0.6305799404804684,0.6305799404804684,0.6305799404804684,0.6307968942331894,0.6307968942331894,0.6307968942331894,0.6311120727474323,0.6311120727474323,0.6311120727474323,0.6312626699996682,0.6312626699996682,0.6312626699996682,0.6314241674541116,0.6314241674541116,0.6314241674541116,0.6315675648234232,0.6315675648234232,0.6315675648234232,0.631669366179807,0.631669366179807,0.631669366179807,0.6318534389425505,0.6318534389425505,0.6318534389425505,0.6322554807567399,0.6322554807567399,0.6322554807567399,0.6327279603963136,0.6327279603963136,0.6327279603963136,0.6328387674605805,0.6328387674605805,0.6328387674605805,0.6329638134993487,0.6329638134993487,0.6329638134993487,0.6330760129286546,0.6330760129286546,0.6330760129286546,0.6332007087906548,0.6332007087906548,0.6332007087906548,0.6333405314169245,0.6333405314169245,0.6333405314169245,0.6335487563864036,0.6335487563864036,0.6335487563864036,0.6337339087731545,0.6337339087731545,0.6337339087731545,0.6339376142872025,0.6339376142872025,0.6339376142872025,0.6340343082363289,0.6340343082363289,0.6340343082363289,0.6342205240365011,0.6342205240365011,0.6342205240365011,0.6343815408429442,0.6343815408429442,0.6343815408429442,0.6345424896703771,0.6345424896703771,0.6345424896703771,0.6347209623355802,0.6347209623355802,0.6347209623355802,0.6348844416413708,0.6348844416413708,0.6348844416413708,0.6350179776087017,0.6350179776087017,0.6350179776087017,0.6354544180174765,0.6354544180174765,0.6354544180174765,0.6355492113021356,0.6355492113021356,0.6355492113021356,0.6357140277173121,0.6357140277173121,0.6357140277173121,0.6361598654779272,0.6361598654779272,0.6361598654779272,0.6364836632795309,0.6364836632795309,0.6364836632795309,0.6365740810864364,0.6365740810864364,0.6365740810864364,0.6367780630978322,0.6367780630978322,0.6367780630978322,0.6368723830122976,0.6368723830122976,0.6368723830122976,0.6370037669101309,0.6370037669101309,0.6370037669101309,0.6371394658954109,0.6371394658954109,0.6371394658954109,0.6376618101725803,0.6376618101725803,0.6376618101725803,0.6377605342182,0.6377605342182,0.6377605342182,0.6378394784888934,0.6378394784888934,0.6378394784888934,0.6380699944263813,0.6380699944263813,0.6380699944263813,0.6381169510752628,0.6381169510752628,0.6381169510752628,0.6381777259899218,0.6381777259899218,0.6381777259899218,0.6382122097687827,0.6382122097687827,0.6382122097687827,0.638388765273844,0.638388765273844,0.638388765273844,0.6386242711325874,0.6386242711325874,0.6386242711325874,0.6387159340620304,0.6387159340620304,0.6387159340620304,0.6388333409431801,0.6388333409431801,0.6388333409431801,0.6388648212183555,0.6388648212183555,0.6388648212183555,0.6390017795476693,0.6390017795476693,0.6390017795476693,0.6390306924588353,0.6390306924588353,
0.0,0.0,0.0,0.005815090497997685,0.005815090497997685,0.005815090497997685,0.04010581296855083,0.04010581296855083,0.04010581296855083,0.09989446003031724,0.09989446003031724,0.09989446003031724,0.11253700469863269,0.11253700469863269,0.11253700469863269,0.18870739560500333,0.18870739560500333,0.18870739560500333,0.2282374469227295,0.2282374469227295,0.2282374469227295,0.2487557637867286,0.2487557637867286,0.2487557637867286,0.2721722741959471,0.2721722741959471,0.2721722741959471,0.3044244045128276,0.3044244045128276,0.3044244045128276,0.3308268967799747,0.3308268967799747,0.3308268967799747,0.3578243509519124,0.3578243509519124,0.3578243509519124,0.37274568538246294,0.37274568538246294,0.37274568538246294,0.3989834426700461,0.3989834426700461,0.3989834426700461,0.4154080506289513,0.4154080506289513,0.4154080506289513,0.4276620279599894,0.4276620279599894,0.4276620279599894,0.4358582289879644,0.4358582289879644,0.4358582289879644,0.4492081578614606,0.4492081578614606,0.4492081578614606,0.4632439839494758,0.4632439839494758,0.4632439839494758,0.46916817221533264,0.46916817221533264,0.46916817221533264,0.47656322780479543,0.47656322780479543,0.47656322780479543,0.482822858597655,0.482822858597655,0.482822858597655,0.48813662395690793,0.48813662395690793,0.48813662395690793,0.5009949799989938,0.5009949799989938,0.5009949799989938,0.5071622000261938,0.5071622000261938,0.5071622000261938,0.5118947856325997,0.5118947856325997,0.5118947856325997,0.5163074315329874,0.5163074315329874,0.5163074315329874,0.5224114770586236,0.5224114770586236,0.5224114770586236,0.5254585201949633,0.5254585201949633,0.5254585201949633,0.5306473915768969,0.5306473915768969,0.5306473915768969,0.534540588047209,0.534540588047209,0.534540588047209,0.5385699039074957,0.5385699039074957,0.5385699039074957,0.5408328274551689,0.5408328274551689,0.5408328274551689,0.547814156892635,0.547814156892635,0.547814156892635,0.5500256891975612,0.5500256891975612,0.5500256891975612,0.5522891386246934,0.5522891386246934,0.5522891386246934,0.5553852771395275,0.5553852771395275,0.5553852771395275,0.5597694182566578,0.5597694182566578,0.5597694182566578,0.5640554278498576,0.5640554278498576,0.5640554278498576,0.5662111644943955,0.5662111644943955,0.5662111644943955,0.570905829686736,0.570905829686736,0.570905829686736,0.5744692166426681,0.5744692166426681,0.5744692166426681,0.5768108926576704,0.5768108926576704,0.5768108926576704,0.5781817052441826,0.5781817052441826,0.5781817052441826,0.5798857865662055,0.5798857865662055,0.5798857865662055,0.580862194029844,0.580862194029844,0.580862194029844,0.5821851679929,0.5821851679929,0.5821851679929,0.5845803459816399,0.5845803459816399,0.5845803459816399,0.5869007539964899,0.5869007539964899,0.5869007539964899,0.5880397583492118,0.5880397583492118,0.5880397583492118,0.5890192048523449,0.5890192048523449,0.5890192048523449,0.5916269009903996,0.5916269009903996,0.5916269009903996,0.5938576040168468,0.5938576040168468,0.5938576040168468,0.5950273839406105,0.5950273839406105,0.5950273839406105,0.5967801277872506,0.5967801277872506,0.5967801277872506,0.5978276925400177,0.5978276925400177,0.5978276925400177,0.5986643056648357,0.5986643056648357,0.5986643056648357,0.5992313823437708,0.5992313823437708,0.5992313823437708,0.600266719856606,0.600266719856606,0.600266719856606,0.6016536775781154,0.6016536775781154,0.6016536775781154,0.6023015153204977,0.6023015153204977,0.6023015153204977,0.6034701752609646,0.6034701752609646,0.6034701752609646,0.6045611906032469,0.6045611906032469,0.6045611906032469,0.6049335568468881,0.6049335568468881,0.6049335568468881,0.6054847349450553,0.6054847349450553,0.6054847349450553,0.606315137154833,0.606315137154833,0.606315137154833,0.6069546717501628,0.6069546717501628,0.6069546717501628,0.6076107237834362,0.6076107237834362,0.6076107237834362,0.6080895624614502,0.6080895624614502,0.6080895624614502,0.6094519152312668,0.6094519152312668,0.6094519152312668,0.6099379750372688,0.6099379750372688,0.6099379750372688,0.6104089794078914,0.6104089794078914,0.6104089794078914,0.6111574168510632,0.6111574168510632,0.6111574168510632,0.6116930218045807,0.6116930218045807,0.6116930218045807,0.6119216357911755,0.6119216357911755,0.6119216357911755,0.6123694948520589,0.6123694948520589,0.6123694948520589,0.6128255615652242,0.6128255615652242,0.6128255615652242,0.6138206802145288,0.6138206802145288,0.6138206802145288,0.6142234585142369,0.6142234585142369,0.6142234585142369,0.6146316294045466,0.6146316294045466,0.6146316294045466,0.6151206104096585,0.6151206104096585,0.6151206104096585,0.6155565156640802,0.6155565156640802,0.6155565156640802,0.6161998521008247,0.6161998521008247,0.6161998521008247,0.6170982623358972,0.6170982623358972,0.6170982623358972,0.6173982430586932,0.6173982430586932,0.6173982430586932,0.6176772998123173,0.6176772998123173,0.6176772998123173,0.6184759535104366,0.6184759535104366,0.6184759535104366,0.6187240729846415,0.6187240729846415,0.6187240729846415,0.6190076706468537,0.6190076706468537,0.6190076706468537,0.6191880471365622,0.6191880471365622,0.6191880471365622,0.6198523796545067,0.6198523796545067,0.6198523796545067,0.6203598369400588,0.6203598369400588,0.6203598369400588,0.6206604901168731,0.6206604901168731,0.6206604901168731,0.6211039951588774,0.6211039951588774,0.6211039951588774,0.6212992663919301,0.6212992663919301,0.6212992663919301,0.6218497696047421,0.6218497696047421,0.6218497696047421,0.6220522555715347,0.6220522555715347,0.6220522555715347,0.6222325234494122,0.6222325234494122,0.6222325234494122,0.6228745026454412,0.6228745026454412,0.6228745026454412,0.6231539991556301,0.6231539991556301,0.6231539991556301,0.623346429554622,0.623346429554622,0.623346429554622,0.623783991989405,0.623783991989405,0.623783991989405,0.623850779464719,0.623850779464719,0.623850779464719,0.6240069509437133,0.6240069509437133,0.6240069509437133,0.6242050322733845,0.6242050322733845,0.6242050322733845,0.6243017583005924,0.6243017583005924,0.6243017583005924,0.6245176298055461,0.6245176298055461,0.6245176298055461,0.6247367574666762,0.6247367574666762,0.6247367574666762,0.6251490312971584,0.6251490312971584,0.6251490312971584,0.6258985550737721,0.6258985550737721,0.6258985550737721,0.6259569395943384,0.6259569395943384,0.6259569395943384,0.626279981361032,0.626279981361032,0.626279981361032,0.6264064314457625,0.6264064314457625,0.6264064314457625,0.6267378621243119,0.6267378621243119,0.6267378621243119,0.6272149720236415,0.6272149720236415,0.6272149720236415,0.6274614759121054,0.6274614759121054,0.6274614759121054,0.6277611223894047,0.6277611223894047,0.6277611223894047,0.6278818250800348,0.6278818250800348,0.6278818250800348,0.6284735420178257,0.6284735420178257,0.6284735420178257,0.6285789163613741,0.6285789163613741,0.6285789163613741,0.6286814940977364,0.6286814940977364,0.6286814940977364,0.6288240231088938,0.6288240231088938,0.6288240231088938,0.6290176224590018,0.6290176224590018,0.6290176224590018,0.6290945709816231,0.6290945709816231,0.6290945709816231,0.6291790426643468,0.6291790426643468,0.6291790426643468,0.6293754515128694,0.6293754515128694,0.6293754515128694,0.6296723267611032,0.6296723267611032,0.6296723267611032,0.6297136226676242,0.6297136226676242,0.6297136226676242,0.6299474949139863,0.6299474949139863,0.6299474949139863,0.6303565212731244,0.6303565212731244,0.6303565212731244,0.6305324575702719,0.6305324575702719,0.6305324575702719,0.6306623908503305,0.6306623908503305,0.6306623908503305,0.6308398053350931,0.6308398053350931,0.6308398053350931,0.6310095452337825,0.6310095452337825,0.6310095452337825,0.6310790381623558,0.6310790381623558,0.6310790381623558,0.631245097373681,0.631245097373681,0.631245097373681,0.6321349328838244,0.6321349328838244,0.6321349328838244,0.6322173553343449,0.6322173553343449,0.6322173553343449,0.6323634612266078,0.6323634612266078,0.6323634612266078,0.6325447629818113,0.6325447629818113,0.6325447629818113,0.6328180443332455,0.6328180443332455,0.6328180443332455,0.6330216807220529,0.6330216807220529,0.6330216807220529,0.6331023535619963,0.6331023535619963,0.6331023535619963,0.6332729134841922,0.6332729134841922,0.6332729134841922,0.633496103018143,0.633496103018143,0.633496103018143,0.6335599355761254,0.6335599355761254,0.6335599355761254,0.6336346306850504,0.6336346306850504,0.6336346306850504,0.6336814647590605,0.6336814647590605,0.6336814647590605,0.6338670036410146,0.6338670036410146,0.6338670036410146,0.6341217387157818,0.6341217387157818,0.6341217387157818,0.6343609755585384,0.6343609755585384,0.6343609755585384,0.6344007407357122,0.6344007407357122,0.6344007407357122,0.634493593775468,0.634493593775468,0.634493593775468,0.6345861172751527,0.6345861172751527,0.6345861172751527,0.634638635905148,0.634638635905148,0.634638635905148,0.634664202864654,0.634664202864654,0.634664202864654,0.6347735681349858,0.6347735681349858,0.6347735681349858,0.6348277007001365,0.6348277007001365,0.6348277007001365,0.6348873740922104,0.6348873740922104,0.6348873740922104,0.6350687932837064,0.6350687932837064,0.6350687932837064,0.6352002905830322,0.6352002905830322,0.6352002905830322,0.6352239999629462,0.6352239999629462,0.6352239999629462,0.635272190160741,0.635272190160741,0.635272190160741,0.6353736733996733,0.6353736733996733,0.6353736733996733,0.6353958464894116,0.6353958464894116,0.6353958464894116,0.6355046146503285,0.6355046146503285,0.6355046146503285,0.6357564142455482,0.6357564142455482,
0.023587575217181942,0.023587575217181942,0.023587575217181942,0.0249660549895321,0.0249660549895321,0.0249660549895321,0.05775723501988406,0.05775723501988406,0.05775723501988406,0.07381283013223712,0.07381283013223712,0.07381283013223712,0.1320723737195951,0.1320723737195951,0.1320723737195951,0.14548835894529907,0.14548835894529907,0.14548835894529907,0.17447441573900052,0.17447441573900052,0.17447441573900052,0.2113938561394486,0.2113938561394486,0.2113938561394486,0.24196408639015773,0.24196408639015773,0.24196408639015773,0.28930692930430146,0.28930692930430146,0.28930692930430146,0.30748232999002106,0.30748232999002106,0.30748232999002106,0.3289096299524672,0.3289096299524672,0.3289096299524672,0.33928729872265284,0.33928729872265284,0.33928729872265284,0.36637846053787637,0.36637846053787637,0.36637846053787637,0.38170349369420725,0.38170349369420725,0.38170349369420725,0.3898373765335004,0.3898373765335004,0.3898373765335004,0.4045616163689509,0.4045616163689509,0.4045616163689509,0.41974684661162115,0.41974684661162115,0.41974684661162115,0.4358428522942957,0.4358428522942957,0.4358428522942957,0.44559566184920785,0.44559566184920785,0.44559566184920785,0.46141812649380787,0.46141812649380787,0.46141812649380787,0.4706527069849127,0.4706527069849127,0.4706527069849127,0.4763902115869763,0.4763902115869763,0.4763902115869763,0.48393528234758715,0.48393528234758715,0.48393528234758715,0.4934248185017969,0.4934248185017969,0.4934248185017969,0.4979178750727622,0.4979178750727622,0.4979178750727622,0.5024110714969584,0.5024110714969584,0.5024110714969584,0.5072891751303917,0.5072891751303917,0.5072891751303917,0.5147508723751755,0.5147508723751755,0.5147508723751755,0.5195376208213363,0.5195376208213363,0.5195376208213363,0.5242366936186615,0.5242366936186615,0.5242366936186615,0.526641225185592,0.526641225185592,0.526641225185592,0.5309970065143723,0.5309970065143723,0.5309970065143723,0.5355384140069533,0.5355384140069533,0.5355384140069533,0.5402835328996649,0.5402835328996649,0.5402835328996649,0.5458818744243173,0.5458818744243173,0.5458818744243173,0.5501408281543183,0.5501408281543183,0.5501408281543183,0.5537154783992125,0.5537154783992125,0.5537154783992125,0.5573361896484457,0.5573361896484457,0.5573361896484457,0.5591498407919552,0.5591498407919552,0.5591498407919552,0.5642770146572887,0.5642770146572887,0.5642770146572887,0.5665298778356229,0.5665298778356229,0.5665298778356229,0.5689746184740517,0.5689746184740517,0.5689746184740517,0.5729697635723855,0.5729697635723855,0.5729697635723855,0.5760900577802532,0.5760900577802532,0.5760900577802532,0.5778179321310214,0.5778179321310214,0.5778179321310214,0.5807569120478167,0.5807569120478167,0.5807569120478167,0.5818815717407352,0.5818815717407352,0.5818815717407352,0.5831570960287691,0.5831570960287691,0.5831570960287691,0.5847615465016591,0.5847615465016591,0.5847615465016591,0.586565141069037,0.586565141069037,0.586565141069037,0.5887561828536624,0.5887561828536624,0.5887561828536624,0.5905752890850926,0.5905752890850926,0.5905752890850926,0.59246417758799,0.59246417758799,0.59246417758799,0.5931039264885221,0.5931039264885221,0.5931039264885221,0.5945470247197652,0.5945470247197652,0.5945470247197652,0.5955440784436983,0.5955440784436983,0.5955440784436983,0.5973325085059714,0.5973325085059714,0.5973325085059714,0.5983626374446406,0.5983626374446406,0.5983626374446406,0.5997769236871276,0.5997769236871276,0.5997769236871276,0.6024111627191667,0.6024111627191667,0.6024111627191667,0.6035457154638386,0.6035457154638386,0.6035457154638386,0.6046153751132146,0.6046153751132146,0.6046153751132146,0.6053596843112562,0.6053596843112562,0.6053596843112562,0.6061464183477341,0.6061464183477341,0.6061464183477341,0.607388401820793,0.607388401820793,0.607388401820793,0.609857849498342,0.609857849498342,0.609857849498342,0.6105355982128272,0.6105355982128272,0.6105355982128272,0.6120586417655641,0.6120586417655641,0.6120586417655641,0.6124628936616335,0.6124628936616335,0.6124628936616335,0.6131672689736823,0.6131672689736823,0.6131672689736823,0.6136427290136803,0.6136427290136803,0.6136427290136803,0.6142770958599276,0.6142770958599276,0.6142770958599276,0.614686099966866,0.614686099966866,0.614686099966866,0.6154364377812431,0.6154364377812431,0.6154364377812431,0.6161795462216404,0.6161795462216404,0.6161795462216404,0.6166896399369958,0.6166896399369958,0.6166896399369958,0.61697121680645,0.61697121680645,0.61697121680645,0.617393142068045,0.617393142068045,0.617393142068045,0.6177807645259573,0.6177807645259573,0.6177807645259573,0.6182273158765332,0.6182273158765332,0.6182273158765332,0.618578272611727,0.618578272611727,0.618578272611727,0.6188207969815258,0.6188207969815258,0.6188207969815258,0.6192487122189568,0.6192487122189568,0.6192487122189568,0.6201038878658883,0.6201038878658883,0.6201038878658883,0.620560365918922,0.620560365918922,0.620560365918922,0.6211181747707393,0.6211181747707393,0.6211181747707393,0.621568395842542,0.621568395842542,0.621568395842542,0.6218121131433875,0.6218121131433875,0.6218121131433875,0.6221682513805344,0.6221682513805344,0.6221682513805344,0.6224956853614467,0.6224956853614467,0.6224956853614467,0.6230002738778914,0.6230002738778914,0.6230002738778914,0.6233501534458191,0.6233501534458191,0.6233501534458191,0.6238366540395127,0.6238366540395127,0.6238366540395127,0.6242801717070139,0.6242801717070139,0.6242801717070139,0.6244476913096711,0.6244476913096711,0.6244476913096711,0.6247378161103339,0.6247378161103339,0.6247378161103339,0.6251444027723487,0.6251444027723487,0.6251444027723487,0.6254743627098917,0.6254743627098917,0.6254743627098917,0.6256162914383465,0.6256162914383465,0.6256162914383465,0.6261129081796988,0.6261129081796988,0.6261129081796988,0.6265275349617723,0.6265275349617723,0.6265275349617723,0.6268973530342427,0.6268973530342427,0.6268973530342427,0.6271481478966957,0.6271481478966957,0.6271481478966957,0.6274403217963045,0.6274403217963045,0.6274403217963045,0.6279275252057469,0.6279275252057469,0.6279275252057469,0.6281854540319678,0.6281854540319678,0.6281854540319678,0.6284160047678259,0.6284160047678259,0.6284160047678259,0.6289909048986593,0.6289909048986593,0.6289909048986593,0.6293341408712747,0.6293341408712747,0.6293341408712747,0.6295685018354089,0.6295685018354089,0.6295685018354089,0.6298146149609686,0.6298146149609686,0.6298146149609686,0.6301880443213662,0.6301880443213662,0.6301880443213662,0.630334953558417,0.630334953558417,0.630334953558417,0.6304814340832963,0.6304814340832963,0.6304814340832963,0.6306300216814813,0.6306300216814813,0.6306300216814813,0.6311895645353294,0.6311895645353294,0.6311895645353294,0.631456134762015,0.631456134762015,0.631456134762015,0.631733053669337,0.631733053669337,0.631733053669337,0.6321411225753267,0.6321411225753267,0.6321411225753267,0.6323305632022703,0.6323305632022703,0.6323305632022703,0.6325308827301444,0.6325308827301444,0.6325308827301444,0.6328251019383737,0.6328251019383737,0.6328251019383737,0.6330508456755427,0.6330508456755427,0.6330508456755427,0.6333102653443722,0.6333102653443722,0.6333102653443722,0.6333547382433123,0.6333547382433123,0.6333547382433123,0.6335811488146057,0.6335811488146057,0.6335811488146057,0.6339689345945578,0.6339689345945578,0.6339689345945578,0.6342156608236997,0.6342156608236997,0.6342156608236997,0.6344829379159116,0.6344829379159116,0.6344829379159116,0.6346489452728417,0.6346489452728417,0.6346489452728417,0.6347943122260673,0.6347943122260673,0.6347943122260673,0.6351209883829406,0.6351209883829406,0.6351209883829406,0.6352911550897572,0.6352911550897572,0.6352911550897572,0.635600785745116,0.635600785745116,0.635600785745116,0.635725643730749,0.635725643730749,0.635725643730749,0.6358729603313269,0.6358729603313269,0.6358729603313269,0.6360587317223971,0.6360587317223971,0.6360587317223971,0.6362096892657946,0.6362096892657946,0.6362096892657946,0.6364304596359127,0.6364304596359127,0.6364304596359127,0.6365503136148268,0.6365503136148268,0.6365503136148268,0.6368510810272515,0.6368510810272515,0.6368510810272515,0.6370154166749256,0.6370154166749256,0.6370154166749256,0.6371244989053217,0.6371244989053217,0.6371244989053217,0.6372486404074368,0.6372486404074368,0.6372486404074368,0.6373912262602037,0.6373912262602037,0.6373912262602037,0.637461731912021,0.637461731912021,0.637461731912021,0.6376614887149977,0.6376614887149977,0.6376614887149977,0.6377891373541963,0.6377891373541963,0.6377891373541963,0.6380397720936734,0.6380397720936734,0.6380397720936734,0.6382229244814936,0.6382229244814936,0.6382229244814936,0.63835208109603,0.63835208109603,0.63835208109603,0.6385040276877119,0.6385040276877119,0.6385040276877119,0.6385653992846373,0.6385653992846373,0.6385653992846373,0.638679678941679,0.638679678941679,0.638679678941679,0.6389947600588506,0.6389947600588506,0.6389947600588506,0.6391104853309212,0.6391104853309212,0.6391104853309212,0.639165647094103,0.639165647094103,0.639165647094103,0.6392913793232508,0.6392913793232508,0.6392913793232508,0.6393691844046366,0.6393691844046366,0.6393691844046366,0.63958324133787,0.63958324133787,0.63958324133787,0.6397621161916981,0.6397621161916981,0.6397621161916981,0.6399594845918442,0.6399594845918442,0.6399594845918442,0.6400783383538458,0.6400783383538458,0.6400783383538458,0.6401538788998573,0.6401538788998573,0.6401538788998573,0.6402794692775223,0.6402794692775223,0.6402794692775223,0.640352083903396,0.640352083903396,
0.00789122797705454,0.00789122797705454,0.00789122797705454,0.023544178321799353,0.023544178321799353,0.023544178321799353,0.0506188022277463,0.0506188022277463,0.0506188022277463,0.06113899655665802,0.06113899655665802,0.06113899655665802,0.09700024467595711,0.09700024467595711,0.09700024467595711,0.14832948201506496,0.14832948201506496,0.14832948201506496,0.19111893500149799,0.19111893500149799,0.19111893500149799,0.22515993459797737,0.22515993459797737,0.22515993459797737,0.2787809614914518,0.2787809614914518,0.2787809614914518,0.29351812051864345,0.29351812051864345,0.29351812051864345,0.31151501706593093,0.31151501706593093,0.31151501706593093,0.3409681626787324,0.3409681626787324,0.3409681626787324,0.3678389898363048,0.3678389898363048,0.3678389898363048,0.3876430539960649,0.3876430539960649,0.3876430539960649,0.40199124662849606,0.40199124662849606,0.40199124662849606,0.4189297522044241,0.4189297522044241,0.4189297522044241,0.43012294762237324,0.43012294762237324,0.43012294762237324,0.4346517026965397,0.4346517026965397,0.4346517026965397,0.4392583973507211,0.4392583973507211,0.4392583973507211,0.45870017364671756,0.45870017364671756,0.45870017364671756,0.4670868412150295,0.4670868412150295,0.4670868412150295,0.4790259212697893,0.4790259212697893,0.4790259212697893,0.4828832736945763,0.4828832736945763,0.4828832736945763,0.4931143192995266,0.4931143192995266,0.4931143192995266,0.5024603778527977,0.5024603778527977,0.5024603778527977,0.5114251067528277,0.5114251067528277,0.5114251067528277,0.5160428498938767,0.5160428498938767,0.5160428498938767,0.5209375696804319,0.5209375696804319,0.5209375696804319,0.5230032815788422,0.5230032815788422,0.5230032815788422,0.5274226028550744,0.5274226028550744,0.5274226028550744,0.5306102152876087,0.5306102152876087,0.5306102152876087,0.5340060359400327,0.5340060359400327,0.5340060359400327,0.5380655787332898,0.5380655787332898,0.5380655787332898,0.5435313934675513,0.5435313934675513,0.5435313934675513,0.5469357338041044,0.5469357338041044,0.5469357338041044,0.5484940885453452,0.5484940885453452,0.5484940885453452,0.5515356257233678,0.5515356257233678,0.5515356257233678,0.5557916701663494,0.5557916701663494,0.5557916701663494,0.560587447835949,0.560587447835949,0.560587447835949,0.563679157364214,0.563679157364214,0.563679157364214,0.5654191080746466,0.5654191080746466,0.5654191080746466,0.5676459868304158,0.5676459868304158,0.5676459868304158,0.5696796409975818,0.5696796409975818,0.5696796409975818,0.5711127519028966,0.5711127519028966,0.5711127519028966,0.5743982400707457,0.5743982400707457,0.5743982400707457,0.5770194099239749,0.5770194099239749,0.5770194099239749,0.5791655690939095,0.5791655690939095,0.5791655690939095,0.5806900048299788,0.5806900048299788,0.5806900048299788,0.581841581015299,0.581841581015299,0.581841581015299,0.5830401492423182,0.5830401492423182,0.5830401492423182,0.5845088640113205,0.5845088640113205,0.5845088640113205,0.586273665066909,0.586273665066909,0.586273665066909,0.5872477051968784,0.5872477051968784,0.5872477051968784,0.5899771327634294,0.5899771327634294,0.5899771327634294,0.5905270076114367,0.5905270076114367,0.5905270076114367,0.5923948541921958,0.5923948541921958,0.5923948541921958,0.5933845492150321,0.5933845492150321,0.5933845492150321,0.5953555914800535,0.5953555914800535,0.5953555914800535,0.5970640587925625,0.5970640587925625,0.5970640587925625,0.5987212630275723,0.5987212630275723,0.5987212630275723,0.5998112506273052,0.5998112506273052,0.5998112506273052,0.6009233833886368,0.6009233833886368,0.6009233833886368,0.6018432110130448,0.6018432110130448,0.6018432110130448,0.6028625189355922,0.6028625189355922,0.6028625189355922,0.6037162019585671,0.6037162019585671,0.6037162019585671,0.6045812737806243,0.6045812737806243,0.6045812737806243,0.6055975180380521,0.6055975180380521,0.6055975180380521,0.6063742910111344,0.6063742910111344,0.6063742910111344,0.6070010434566865,0.6070010434566865,0.6070010434566865,0.6079858737474286,0.6079858737474286,0.6079858737474286,0.6087121114956031,0.6087121114956031,0.6087121114956031,0.6100705069605804,0.6100705069605804,0.6100705069605804,0.6106609098523853,0.6106609098523853,0.6106609098523853,0.611394980086055,0.611394980086055,0.611394980086055,0.6119870621879412,0.6119870621879412,0.6119870621879412,0.612425750667848,0.612425750667848,0.612425750667848,0.612947474680727,0.612947474680727,0.612947474680727,0.6133615903462172,0.6133615903462172,0.6133615903462172,0.6135606046906769,0.6135606046906769,0.6135606046906769,0.6142913830231918,0.6142913830231918,0.6142913830231918,0.615001851394707,0.615001851394707,0.615001851394707,0.6155964631841251,0.6155964631841251,0.6155964631841251,0.6159563190013867,0.6159563190013867,0.6159563190013867,0.6165068500372377,0.6165068500372377,0.6165068500372377,0.6172106339616025,0.6172106339616025,0.6172106339616025,0.6178934815912671,0.6178934815912671,0.6178934815912671,0.6183453826328932,0.6183453826328932,0.6183453826328932,0.6193170721046902,0.6193170721046902,0.6193170721046902,0.6196652192631131,0.6196652192631131,0.6196652192631131,0.6200635670352819,0.6200635670352819,0.6200635670352819,0.6204424607153468,0.6204424607153468,0.6204424607153468,0.6209128388381308,0.6209128388381308,0.6209128388381308,0.6214057713937989,0.6214057713937989,0.6214057713937989,0.6220203175511789,0.6220203175511789,0.6220203175511789,0.6223082127716126,0.6223082127716126,0.6223082127716126,0.6227872650833539,0.6227872650833539,0.6227872650833539,0.6230616972876871,0.6230616972876871,0.6230616972876871,0.6233198717836929,0.6233198717836929,0.6233198717836929,0.6235593974143789,0.6235593974143789,0.6235593974143789,0.6241663940036367,0.6241663940036367,0.6241663940036367,0.6247142009148701,0.6247142009148701,0.6247142009148701,0.625069332197856,0.625069332197856,0.625069332197856,0.6255548746860238,0.6255548746860238,0.6255548746860238,0.6257992060784741,0.6257992060784741,0.6257992060784741,0.6261500298270904,0.6261500298270904,0.6261500298270904,0.6265089495623575,0.6265089495623575,0.6265089495623575,0.626836825759899,0.626836825759899,0.626836825759899,0.6270863999308615,0.6270863999308615,0.6270863999308615,0.6272734509448704,0.6272734509448704,0.6272734509448704,0.6276365107213611,0.6276365107213611,0.6276365107213611,0.6281125753774378,0.6281125753774378,0.6281125753774378,0.6285397996525477,0.6285397996525477,0.6285397996525477,0.6287083566398647,0.6287083566398647,0.6287083566398647,0.6291098751455863,0.6291098751455863,0.6291098751455863,0.6296577088642705,0.6296577088642705,0.6296577088642705,0.6298200461546611,0.6298200461546611,0.6298200461546611,0.6300217498294315,0.6300217498294315,0.6300217498294315,0.6302697892189565,0.6302697892189565,0.6302697892189565,0.6306431847231238,0.6306431847231238,0.6306431847231238,0.6308913192991046,0.6308913192991046,0.6308913192991046,0.6313270606871675,0.6313270606871675,0.6313270606871675,0.631479697809168,0.631479697809168,0.631479697809168,0.6318743347317254,0.6318743347317254,0.6318743347317254,0.6320863553678499,0.6320863553678499,0.6320863553678499,0.632231493139639,0.632231493139639,0.632231493139639,0.632598561507086,0.632598561507086,0.632598561507086,0.6327856906371845,0.6327856906371845,0.6327856906371845,0.6333159011415286,0.6333159011415286,0.6333159011415286,0.6337348698894343,0.6337348698894343,0.6337348698894343,0.6340141564258932,0.6340141564258932,0.6340141564258932,0.6341424409434012,0.6341424409434012,0.6341424409434012,0.6343114797618639,0.6343114797618639,0.6343114797618639,0.634587143673559,0.634587143673559,0.634587143673559,0.6347917746475352,0.6347917746475352,0.6347917746475352,0.6349564997353947,0.6349564997353947,0.6349564997353947,0.6351494858657272,0.6351494858657272,0.6351494858657272,0.6353637861716155,0.6353637861716155,0.6353637861716155,0.6354541132321597,0.6354541132321597,0.6354541132321597,0.6355758431946151,0.6355758431946151,0.6355758431946151,0.635642427871958,0.635642427871958,0.635642427871958,0.6358218535312166,0.6358218535312166,0.6358218535312166,0.6360030423105717,0.6360030423105717,0.6360030423105717,0.6362922575126656,0.6362922575126656,0.6362922575126656,0.6364533763678663,0.6364533763678663,0.6364533763678663,0.6367594261508308,0.6367594261508308,0.6367594261508308,0.6368913526678354,0.6368913526678354,0.6368913526678354,0.6375123947154582,0.6375123947154582,0.6375123947154582,0.6377714647821404,0.6377714647821404,0.6377714647821404,0.6378284514058417,0.6378284514058417,0.6378284514058417,0.6379843159377128,0.6379843159377128,0.6379843159377128,0.6384096758168142,0.6384096758168142,0.6384096758168142,0.6385987524583223,0.6385987524583223,0.6385987524583223,0.6387044466210238,0.6387044466210238,0.6387044466210238,0.638804704170678,0.638804704170678,0.638804704170678,0.6389246225868465,0.6389246225868465,0.6389246225868465,0.6391419930040264,0.6391419930040264,0.6391419930040264,0.6393650345573826,0.6393650345573826,0.6393650345573826,0.6394841065453729,0.6394841065453729,0.6394841065453729,0.639563479473602,0.639563479473602,0.639563479473602,0.6395959121702152,0.6395959121702152,0.6395959121702152,0.6397681494792048,0.6397681494792048,0.6397681494792048,0.6399198145873464,0.6399198145873464,0.6399198145873464,0.6400318811370472,0.6400318811370472,0.6400318811370472,0.6401309929044772,0.6401309929044772,0.6401309929044772,0.6402192586572725,0.6402192586572725,0.6402192586572725,0.6405026926346659,0.6405026926346659,0.6405026926346659,0.6406128071623529,0.6406128071623529,
0.002333448363385729,0.002333448363385729,0.002333448363385729,0.05338673488681604,0.05338673488681604,0.05338673488681604,0.0707724480281949,0.0707724480281949,0.0707724480281949,0.13713103932209011,0.13713103932209011,0.13713103932209011,0.166949771315689,0.166949771315689,0.166949771315689,0.1750873554630023,0.1750873554630023,0.1750873554630023,0.18560630194386943,0.18560630194386943,0.18560630194386943,0.23017436470169822,0.23017436470169822,0.23017436470169822,0.25168777191078795,0.25168777191078795,0.25168777191078795,0.2744893354812893,0.2744893354812893,0.2744893354812893,0.30252647135758015,0.30252647135758015,0.30252647135758015,0.31755724869478513,0.31755724869478513,0.31755724869478513,0.3517205782772411,0.3517205782772411,0.3517205782772411,0.36566339487371374,0.36566339487371374,0.36566339487371374,0.3783657248516941,0.3783657248516941,0.3783657248516941,0.39056085547820163,0.39056085547820163,0.39056085547820163,0.404546908610676,0.404546908610676,0.404546908610676,0.41516980367306683,0.41516980367306683,0.41516980367306683,0.42397649292658085,0.42397649292658085,0.42397649292658085,0.4399485151573891,0.4399485151573891,0.4399485151573891,0.44472714572950056,0.44472714572950056,0.44472714572950056,0.4517342572951973,0.4517342572951973,0.4517342572951973,0.46237661473051084,0.46237661473051084,0.46237661473051084,0.4733189579944869,0.4733189579944869,0.4733189579944869,0.48070310122072013,0.48070310122072013,0.48070310122072013,0.48571080224407986,0.48571080224407986,0.48571080224407986,0.49636039302081536,0.49636039302081536,0.49636039302081536,0.5001116064199683,0.5001116064199683,0.5001116064199683,0.5067845025375356,0.5067845025375356,0.5067845025375356,0.5084890015407493,0.5084890015407493,0.5084890015407493,0.514115589191051,0.514115589191051,0.514115589191051,0.5189613583055968,0.5189613583055968,0.5189613583055968,0.5236488233787486,0.5236488233787486,0.5236488233787486,0.5271510968194715,0.5271510968194715,0.5271510968194715,0.5313238789259682,0.5313238789259682,0.5313238789259682,0.5336934225256277,0.5336934225256277,0.5336934225256277,0.5366386581350598,0.5366386581350598,0.5366386581350598,0.5403470355238621,0.5403470355238621,0.5403470355238621,0.5430205647648899,0.5430205647648899,0.5430205647648899,0.545997444114542,0.545997444114542,0.545997444114542,0.5499160076741447,0.5499160076741447,0.5499160076741447,0.5534778392026356,0.5534778392026356,0.5534778392026356,0.5550734010940269,0.5550734010940269,0.5550734010940269,0.5585533060850034,0.5585533060850034,0.5585533060850034,0.561768641332644,0.561768641332644,0.561768641332644,0.5642876584264624,0.5642876584264624,0.5642876584264624,0.5675294362507659,0.5675294362507659,0.5675294362507659,0.568827040857771,0.568827040857771,0.568827040857771,0.57013338624957,0.57013338624957,0.57013338624957,0.572586717253819,0.572586717253819,0.572586717253819,0.5752558747351757,0.5752558747351757,0.5752558747351757,0.5778336001381335,0.5778336001381335,0.5778336001381335,0.5801714363577667,0.5801714363577667,0.5801714363577667,0.5815690466361975,0.5815690466361975,0.5815690466361975,0.5830881683162108,0.5830881683162108,0.5830881683162108,0.5848171042224791,0.5848171042224791,0.5848171042224791,0.5868850925926663,0.5868850925926663,0.5868850925926663,0.588444491298083,0.588444491298083,0.588444491298083,0.5895126083846779,0.5895126083846779,0.5895126083846779,0.5902769547730404,0.5902769547730404,0.5902769547730404,0.591304735847868,0.591304735847868,0.591304735847868,0.5925496720003272,0.5925496720003272,0.5925496720003272,0.5937183187275883,0.5937183187275883,0.5937183187275883,0.5952236719393098,0.5952236719393098,0.5952236719393098,0.596635595495989,0.596635595495989,0.596635595495989,0.5972080736535145,0.5972080736535145,0.5972080736535145,0.5988878292427546,0.5988878292427546,0.5988878292427546,0.599826716616238,0.599826716616238,0.599826716616238,0.6006602768325551,0.6006602768325551,0.6006602768325551,0.6012835899508124,0.6012835899508124,0.6012835899508124,0.6023011490180177,0.6023011490180177,0.6023011490180177,0.6032909824753424,0.6032909824753424,0.6032909824753424,0.6043784465332056,0.6043784465332056,0.6043784465332056,0.6056895512400544,0.6056895512400544,0.6056895512400544,0.6077358986374909,0.6077358986374909,0.6077358986374909,0.6083191863028363,0.6083191863028363,0.6083191863028363,0.6089715458695413,0.6089715458695413,0.6089715458695413,0.6098967119649206,0.6098967119649206,0.6098967119649206,0.6108303658358873,0.6108303658358873,0.6108303658358873,0.6114457201284466,0.6114457201284466,0.6114457201284466,0.6117979417286739,0.6117979417286739,0.6117979417286739,0.6124635029299484,0.6124635029299484,0.6124635029299484,0.6136968767295341,0.6136968767295341,0.6136968767295341,0.6140516845766072,0.6140516845766072,0.6140516845766072,0.6145896343144518,0.6145896343144518,0.6145896343144518,0.6149925896775768,0.6149925896775768,0.6149925896775768,0.615422142883464,0.615422142883464,0.615422142883464,0.6162099075062366,0.6162099075062366,0.6162099075062366,0.6167261131478129,0.6167261131478129,0.6167261131478129,0.6172934439922892,0.6172934439922892,0.6172934439922892,0.6176593918875666,0.6176593918875666,0.6176593918875666,0.6179297278387694,0.6179297278387694,0.6179297278387694,0.6184928679533208,0.6184928679533208,0.6184928679533208,0.6187080582071942,0.6187080582071942,0.6187080582071942,0.6195098793844798,0.6195098793844798,0.6195098793844798,0.6205261461810078,0.6205261461810078,0.6205261461810078,0.621058524626264,0.621058524626264,0.621058524626264,0.621545022912512,0.621545022912512,0.621545022912512,0.6219472401994238,0.6219472401994238,0.6219472401994238,0.622335631266174,0.622335631266174,0.622335631266174,0.6226520793194065,0.6226520793194065,0.6226520793194065,0.6232979845478779,0.6232979845478779,0.6232979845478779,0.6240850567156467,0.6240850567156467,0.6240850567156467,0.6243434159521648,0.6243434159521648,0.6243434159521648,0.6250757976548541,0.6250757976548541,0.6250757976548541,0.6253534496148843,0.6253534496148843,0.6253534496148843,0.6258100145970158,0.6258100145970158,0.6258100145970158,0.6263227548065339,0.6263227548065339,0.6263227548065339,0.6268104321904702,0.6268104321904702,0.6268104321904702,0.6271569702290033,0.6271569702290033,0.6271569702290033,0.6273973466267712,0.6273973466267712,0.6273973466267712,0.6279074978929705,0.6279074978929705,0.6279074978929705,0.6281279858080978,0.6281279858080978,0.6281279858080978,0.6284665364457029,0.6284665364457029,0.6284665364457029,0.6287760468956408,0.6287760468956408,0.6287760468956408,0.6290617985843298,0.6290617985843298,0.6290617985843298,0.6293672035329164,0.6293672035329164,0.6293672035329164,0.6295812842976558,0.6295812842976558,0.6295812842976558,0.6297879602775741,0.6297879602775741,0.6297879602775741,0.630163748928291,0.630163748928291,0.630163748928291,0.6305122637288944,0.6305122637288944,0.6305122637288944,0.6307679501763815,0.6307679501763815,0.6307679501763815,0.6310168242525322,0.6310168242525322,0.6310168242525322,0.6311336994608657,0.6311336994608657,0.6311336994608657,0.6315025801205163,0.6315025801205163,0.6315025801205163,0.6316480735889222,0.6316480735889222,0.6316480735889222,0.6319345184298206,0.6319345184298206,0.6319345184298206,0.6321014040679437,0.6321014040679437,0.6321014040679437,0.6324630657985681,0.6324630657985681,0.6324630657985681,0.6326200668304861,0.6326200668304861,0.6326200668304861,0.6328261131147445,0.6328261131147445,0.6328261131147445,0.6331587108955492,0.6331587108955492,0.6331587108955492,0.6332758495003691,0.6332758495003691,0.6332758495003691,0.6335342705222925,0.6335342705222925,0.6335342705222925,0.6337286548299333,0.6337286548299333,0.6337286548299333,0.6338994770994033,0.6338994770994033,0.6338994770994033,0.6341983210874613,0.6341983210874613,0.6341983210874613,0.6344536500424687,0.6344536500424687,0.6344536500424687,0.6345447368756558,0.6345447368756558,0.6345447368756558,0.6349844236778407,0.6349844236778407,0.6349844236778407,0.6351249633486382,0.6351249633486382,0.6351249633486382,0.6356464430497234,0.6356464430497234,0.6356464430497234,0.6358707362858161,0.6358707362858161,0.6358707362858161,0.6360191256937313,0.6360191256937313,0.6360191256937313,0.6364022940229529,0.6364022940229529,0.6364022940229529,0.6365479699270262,0.6365479699270262,0.6365479699270262,0.6366886960208185,0.6366886960208185,0.6366886960208185,0.6368249113922111,0.6368249113922111,0.6368249113922111,0.6370231960597897,0.6370231960597897,0.6370231960597897,0.6372850604125136,0.6372850604125136,0.6372850604125136,0.6374105511727085,0.6374105511727085,0.6374105511727085,0.637618035164889,0.637618035164889,0.637618035164889,0.6377083737864895,0.6377083737864895,0.6377083737864895,0.6380694157426686,0.6380694157426686,0.6380694157426686,0.638176484785618,0.638176484785618,0.638176484785618,0.6384959859109696,0.6384959859109696,0.6384959859109696,0.6385794007021132,0.6385794007021132,0.6385794007021132,0.6387188213747967,0.6387188213747967,0.6387188213747967,0.6389755869587455,0.6389755869587455,0.6389755869587455,0.639092112506958,0.639092112506958,0.639092112506958,0.6392834682960586,0.6392834682960586,0.6392834682960586,0.6395119347201338,0.6395119347201338,0.6395119347201338,0.6396222286867802,0.6396222286867802,0.6396222286867802,0.6397735685865332,0.6397735685865332,0.6397735685865332,0.6399816851987975,0.6399816851987975,0.6399816851987975,0.6401400532180648,0.6401400532180648,0.6401400532180648,0.6402359530802108,0.6402359530802108,
0.02608668085893958,0.02608668085893958,0.02608668085893958,0.046647824785226714,0.046647824785226714,0.046647824785226714,0.09439961231842035,0.09439961231842035,0.09439961231842035,0.09554663159489682,0.09554663159489682,0.09554663159489682,0.13682644616767298,0.13682644616767298,0.13682644616767298,0.17074081313150344,0.17074081313150344,0.17074081313150344,0.1931582236012093,0.1931582236012093,0.1931582236012093,0.2309556104802131,0.2309556104802131,0.2309556104802131,0.27425451144050994,0.27425451144050994,0.27425451144050994,0.30901064902312947,0.30901064902312947,0.30901064902312947,0.33279089136197215,0.33279089136197215,0.33279089136197215,0.3387154149717319,0.3387154149717319,0.3387154149717319,0.3489232110155748,0.3489232110155748,0.3489232110155748,0.3770048377635171,0.3770048377635171,0.3770048377635171,0.39168456246243555,0.39168456246243555,0.39168456246243555,0.40289391151832377,0.40289391151832377,0.40289391151832377,0.41520271042739365,0.41520271042739365,0.41520271042739365,0.4340221370004579,0.4340221370004579,0.4340221370004579,0.44332839265793533,0.44332839265793533,0.44332839265793533,0.4532658532283838,0.4532658532283838,0.4532658532283838,0.46394055393463235,0.46394055393463235,0.46394055393463235,0.4713439298088725,0.4713439298088725,0.4713439298088725,0.4769529592611367,0.4769529592611367,0.4769529592611367,0.4801097561984571,0.4801097561984571,0.4801097561984571,0.4881089815917124,0.4881089815917124,0.4881089815917124,0.49272551245029794,0.49272551245029794,0.49272551245029794,0.49819015450210424,0.49819015450210424,0.49819015450210424,0.5036488642787557,0.5036488642787557,0.5036488642787557,0.5085364749074605,0.5085364749074605,0.5085364749074605,0.5161091753747908,0.5161091753747908,0.5161091753747908,0.518879347053432,0.518879347053432,0.518879347053432,0.5203885258632257,0.5203885258632257,0.5203885258632257,0.5287069180272397,0.5287069180272397,0.5287069180272397,0.532832887341475,0.532832887341475,0.532832887341475,0.5373714333339059,0.5373714333339059,0.5373714333339059,0.5397719106059417,0.5397719106059417,0.5397719106059417,0.5420413443304345,0.5420413443304345,0.5420413443304345,0.5462178154163366,0.5462178154163366,0.5462178154163366,0.5504793200123818,0.5504793200123818,0.5504793200123818,0.5536059995163918,0.5536059995163918,0.5536059995163918,0.5555826109874544,0.5555826109874544,0.5555826109874544,0.5578263230274724,0.5578263230274724,0.5578263230274724,0.5613397798246558,0.5613397798246558,0.5613397798246558,0.563843042367299,0.563843042367299,0.563843042367299,0.5662134895019753,0.5662134895019753,0.5662134895019753,0.5685086428171199,0.5685086428171199,0.5685086428171199,0.5714075142754265,0.5714075142754265,0.5714075142754265,0.5721526889237424,0.5721526889237424,0.5721526889237424,0.574828330768463,0.574828330768463,0.574828330768463,0.5766543152953046,0.5766543152953046,0.5766543152953046,0.5781331494957318,0.5781331494957318,0.5781331494957318,0.5802437675325925,0.5802437675325925,0.5802437675325925,0.581653463800995,0.581653463800995,0.581653463800995,0.5838589765001663,0.5838589765001663,0.5838589765001663,0.5850327513973758,0.5850327513973758,0.5850327513973758,0.5869567746663482,0.5869567746663482,0.5869567746663482,0.5886074516346901,0.5886074516346901,0.5886074516346901,0.5897245528446985,0.5897245528446985,0.5897245528446985,0.5906471534664561,0.5906471534664561,0.5906471534664561,0.5930135122940785,0.5930135122940785,0.5930135122940785,0.5937232634973333,0.5937232634973333,0.5937232634973333,0.5942439543325863,0.5942439543325863,0.5942439543325863,0.5953072627107969,0.5953072627107969,0.5953072627107969,0.5960419866861189,0.5960419866861189,0.5960419866861189,0.5970268396971712,0.5970268396971712,0.5970268396971712,0.598145796660032,0.598145796660032,0.598145796660032,0.5986888455409898,0.5986888455409898,0.5986888455409898,0.5994178039420477,0.5994178039420477,0.5994178039420477,0.6008714709177058,0.6008714709177058,0.6008714709177058,0.6028025342890642,0.6028025342890642,0.6028025342890642,0.6033055699677243,0.6033055699677243,0.6033055699677243,0.604704446442602,0.604704446442602,0.604704446442602,0.6055572820250713,0.6055572820250713,0.6055572820250713,0.6064226406610767,0.6064226406610767,0.6064226406610767,0.6073058829994759,0.6073058829994759,0.6073058829994759,0.6084008552530263,0.6084008552530263,0.6084008552530263,0.6096129537507714,0.6096129537507714,0.6096129537507714,0.6102148533406168,0.6102148533406168,0.6102148533406168,0.6110915644890206,0.6110915644890206,0.6110915644890206,0.6118633282047365,0.6118633282047365,0.6118633282047365,0.6128438631208165,0.6128438631208165,0.6128438631208165,0.6135190778774051,0.6135190778774051,0.6135190778774051,0.6137975656660112,0.6137975656660112,0.6137975656660112,0.6145588340109563,0.6145588340109563,0.6145588340109563,0.6150809119306964,0.6150809119306964,0.6150809119306964,0.6155893839618862,0.6155893839618862,0.6155893839618862,0.6160833294047074,0.6160833294047074,0.6160833294047074,0.6166031010107081,0.6166031010107081,0.6166031010107081,0.6176840348742674,0.6176840348742674,0.6176840348742674,0.618343340492257,0.618343340492257,0.618343340492257,0.6186317199215304,0.6186317199215304,0.6186317199215304,0.6188570256969893,0.6188570256969893,0.6188570256969893,0.619125742491499,0.619125742491499,0.619125742491499,0.6194654024658197,0.6194654024658197,0.6194654024658197,0.6199155671153194,0.6199155671153194,0.6199155671153194,0.6203742825368297,0.6203742825368297,0.6203742825368297,0.6210688054548932,0.6210688054548932,0.6210688054548932,0.6214345226550041,0.6214345226550041,0.6214345226550041,0.6217672952071995,0.6217672952071995,0.6217672952071995,0.6221005773333683,0.6221005773333683,0.6221005773333683,0.6228493399779438,0.6228493399779438,0.6228493399779438,0.6237126229224885,0.6237126229224885,0.6237126229224885,0.6241152410902195,0.6241152410902195,0.6241152410902195,0.6245708334963249,0.6245708334963249,0.6245708334963249,0.6252811960220903,0.6252811960220903,0.6252811960220903,0.6256787573112714,0.6256787573112714,0.6256787573112714,0.6260688957221896,0.6260688957221896,0.6260688957221896,0.6263107867422647,0.6263107867422647,0.6263107867422647,0.6265660807490704,0.6265660807490704,0.6265660807490704,0.6268720017464354,0.6268720017464354,0.6268720017464354,0.627196861731697,0.627196861731697,0.627196861731697,0.6273573169864685,0.6273573169864685,0.6273573169864685,0.6277537571029373,0.6277537571029373,0.6277537571029373,0.6279896202990113,0.6279896202990113,0.6279896202990113,0.62832128701544,0.62832128701544,0.62832128701544,0.6285076277837361,0.6285076277837361,0.6285076277837361,0.6287763644424714,0.6287763644424714,0.6287763644424714,0.6290282312884169,0.6290282312884169,0.6290282312884169,0.6291723889445092,0.6291723889445092,0.6291723889445092,0.6297351653709483,0.6297351653709483,0.6297351653709483,0.6304206644171615,0.6304206644171615,0.6304206644171615,0.6307313260773497,0.6307313260773497,0.6307313260773497,0.6308694829832852,0.6308694829832852,0.6308694829832852,0.6311183614849543,0.6311183614849543,0.6311183614849543,0.6313585253126278,0.6313585253126278,0.6313585253126278,0.6317247689874449,0.6317247689874449,0.6317247689874449,0.6319063257687592,0.6319063257687592,0.6319063257687592,0.6322759274641068,0.6322759274641068,0.6322759274641068,0.6329004724135565,0.6329004724135565,0.6329004724135565,0.6331552604273631,0.6331552604273631,0.6331552604273631,0.6336422314230526,0.6336422314230526,0.6336422314230526,0.6338073276957352,0.6338073276957352,0.6338073276957352,0.634366434973324,0.634366434973324,0.634366434973324,0.6348350553739411,0.6348350553739411,0.6348350553739411,0.6349525685192564,0.6349525685192564,0.6349525685192564,0.635296198025492,0.635296198025492,0.635296198025492,0.6353787431864898,0.6353787431864898,0.6353787431864898,0.6356252555563034,0.6356252555563034,0.6356252555563034,0.6359217074458697,0.6359217074458697,0.6359217074458697,0.636154553879856,0.636154553879856,0.636154553879856,0.6363555000189158,0.6363555000189158,0.6363555000189158,0.6366296966598057,0.6366296966598057,0.6366296966598057,0.6366987909402729,0.6366987909402729,0.6366987909402729,0.6368774067327848,0.6368774067327848,0.6368774067327848,0.6371261435178736,0.6371261435178736,0.6371261435178736,0.6372473331373222,0.6372473331373222,0.6372473331373222,0.6374849064727254,0.6374849064727254,0.6374849064727254,0.6377276768416001,0.6377276768416001,0.6377276768416001,0.637943143484389,0.637943143484389,0.637943143484389,0.6383292528455664,0.6383292528455664,0.6383292528455664,0.6385107493037515,0.6385107493037515,0.6385107493037515,0.6387754833459373,0.6387754833459373,0.6387754833459373,0.6388289543717343,0.6388289543717343,0.6388289543717343,0.6389375416997694,0.6389375416997694,0.6389375416997694,0.6389908740355861,0.6389908740355861,0.6389908740355861,0.6391446667092121,0.6391446667092121,0.6391446667092121,0.63947778426753,0.63947778426753,0.63947778426753,0.639687846899795,0.639687846899795,0.639687846899795,0.6398029830486979,0.6398029830486979,0.6398029830486979,0.6399882550468526,0.6399882550468526,0.6399882550468526,0.6401352844740013,0.6401352844740013,0.6401352844740013,0.6403190853548628,0.6403190853548628,0.6403190853548628,0.6404531621256563,0.6404531621256563,0.6404531621256563,0.6406163780006354,0.6406163780006354,0.6406163780006354,0.6406474614567771,0.6406474614567771,0.6406474614567771,0.6408584972515017,0.6408584972515017,0.6408584972515017,0.6409351431378181,0.6409351431378181,
0.054733676618761835,0.054733676618761835,0.054733676618761835,0.0665816654195863,0.0665816654195863,0.0665816654195863,0.1177187690175375,0.1177187690175375,0.1177187690175375,0.13451447844945089,0.13451447844945089,0.13451447844945089,0.1608891823550018,0.1608891823550018,0.1608891823550018,0.19708696948163343,0.19708696948163343,0.19708696948163343,0.23295625648304555,0.23295625648304555,0.23295625648304555,0.24301076801085728,0.24301076801085728,0.24301076801085728,0.2544017579275411,0.2544017579275411,0.2544017579275411,0.2796072408214286,0.2796072408214286,0.2796072408214286,0.30834104909740057,0.30834104909740057,0.30834104909740057,0.34333587819660233,0.34333587819660233,0.34333587819660233,0.3522913764900043,0.3522913764900043,0.3522913764900043,0.36861293063233114,0.36861293063233114,0.36861293063233114,0.39399923596999903,0.39399923596999903,0.39399923596999903,0.41352002365794815,0.41352002365794815,0.41352002365794815,0.42071945553677703,0.42071945553677703,0.42071945553677703,0.434018949500497,0.434018949500497,0.434018949500497,0.4548868789532504,0.4548868789532504,0.4548868789532504,0.46374797931610756,0.46374797931610756,0.46374797931610756,0.47307155560247116,0.47307155560247116,0.47307155560247116,0.4809457867047674,0.4809457867047674,0.4809457867047674,0.4868381489979749,0.4868381489979749,0.4868381489979749,0.4962676759220778,0.4962676759220778,0.4962676759220778,0.5064313820073486,0.5064313820073486,0.5064313820073486,0.513500895498708,0.513500895498708,0.513500895498708,0.5189205724838772,0.5189205724838772,0.5189205724838772,0.5240505187265994,0.5240505187265994,0.5240505187265994,0.5268912609688722,0.5268912609688722,0.5268912609688722,0.529715488290659,0.529715488290659,0.529715488290659,0.5345353198537929,0.5345353198537929,0.5345353198537929,0.5373164942616682,0.5373164942616682,0.5373164942616682,0.5414746344761135,0.5414746344761135,0.5414746344761135,0.5458860494265728,0.5458860494265728,0.5458860494265728,0.5473050486219985,0.5473050486219985,0.5473050486219985,0.5505597180451169,0.5505597180451169,0.5505597180451169,0.5526127990939448,0.5526127990939448,0.5526127990939448,0.5544318762018371,0.5544318762018371,0.5544318762018371,0.5557956694354679,0.5557956694354679,0.5557956694354679,0.5581580218513821,0.5581580218513821,0.5581580218513821,0.5596343903888543,0.5596343903888543,0.5596343903888543,0.5618623500632515,0.5618623500632515,0.5618623500632515,0.5643515866781684,0.5643515866781684,0.5643515866781684,0.5654184187232523,0.5654184187232523,0.5654184187232523,0.5673321040629158,0.5673321040629158,0.5673321040629158,0.5688130470858463,0.5688130470858463,0.5688130470858463,0.570517916404703,0.570517916404703,0.570517916404703,0.5720535328307449,0.5720535328307449,0.5720535328307449,0.5738832607042423,0.5738832607042423,0.5738832607042423,0.5758614865156608,0.5758614865156608,0.5758614865156608,0.5778337494811181,0.5778337494811181,0.5778337494811181,0.5788631217736291,0.5788631217736291,0.5788631217736291,0.5804006249088035,0.5804006249088035,0.5804006249088035,0.5812071138861687,0.5812071138861687,0.5812071138861687,0.5825439278028474,0.5825439278028474,0.5825439278028474,0.5843321380863162,0.5843321380863162,0.5843321380863162,0.5860988393390467,0.5860988393390467,0.5860988393390467,0.5879109568955107,0.5879109568955107,0.5879109568955107,0.5890234005339249,0.5890234005339249,0.5890234005339249,0.5905669046079562,0.5905669046079562,0.5905669046079562,0.5914214610500019,0.5914214610500019,0.5914214610500019,0.5928887931351695,0.5928887931351695,0.5928887931351695,0.5939620257554675,0.5939620257554675,0.5939620257554675,0.5951132823009554,0.5951132823009554,0.5951132823009554,0.5963782835034178,0.5963782835034178,0.5963782835034178,0.5977088039795008,0.5977088039795008,0.5977088039795008,0.5984148022724616,0.5984148022724616,0.5984148022724616,0.598992288154531,0.598992288154531,0.598992288154531,0.5997166116966834,0.5997166116966834,0.5997166116966834,0.6010471152383723,0.6010471152383723,0.6010471152383723,0.6018660821099562,0.6018660821099562,0.6018660821099562,0.6033746438783726,0.6033746438783726,0.6033746438783726,0.6044579236021781,0.6044579236021781,0.6044579236021781,0.6050323202744807,0.6050323202744807,0.6050323202744807,0.6055368756141708,0.6055368756141708,0.6055368756141708,0.6060457996812895,0.6060457996812895,0.6060457996812895,0.6075812452342514,0.6075812452342514,0.6075812452342514,0.6084062117098511,0.6084062117098511,0.6084062117098511,0.6090424750964482,0.6090424750964482,0.6090424750964482,0.6097729295193751,0.6097729295193751,0.6097729295193751,0.61057411049647,0.61057411049647,0.61057411049647,0.6112474628485233,0.6112474628485233,0.6112474628485233,0.6115756447570546,0.6115756447570546,0.6115756447570546,0.6124477146429429,0.6124477146429429,0.6124477146429429,0.6128835116456173,0.6128835116456173,0.6128835116456173,0.6130796792539164,0.6130796792539164,0.6130796792539164,0.6136640863904489,0.6136640863904489,0.6136640863904489,0.6147377673207467,0.6147377673207467,0.6147377673207467,0.6150044956845394,0.6150044956845394,0.6150044956845394,0.6155869609831943,0.6155869609831943,0.6155869609831943,0.6163322290336485,0.6163322290336485,0.6163322290336485,0.6169918623742052,0.6169918623742052,0.6169918623742052,0.6173865045127527,0.6173865045127527,0.6173865045127527,0.6176442251130586,0.6176442251130586,0.6176442251130586,0.6178339673343208,0.6178339673343208,0.6178339673343208,0.6182501037521791,0.6182501037521791,0.6182501037521791,0.618397967854631,0.618397967854631,0.618397967854631,0.618733522851124,0.618733522851124,0.618733522851124,0.6190762911294087,0.6190762911294087,0.6190762911294087,0.6194496219749752,0.6194496219749752,0.6194496219749752,0.6198122887440997,0.6198122887440997,0.6198122887440997,0.6202372455716788,0.6202372455716788,0.6202372455716788,0.6206138344730258,0.6206138344730258,0.6206138344730258,0.6212534066615963,0.6212534066615963,0.6212534066615963,0.621585733090753,0.621585733090753,0.621585733090753,0.6220564213315636,0.6220564213315636,0.6220564213315636,0.6223675574666101,0.6223675574666101,0.6223675574666101,0.6232433246934537,0.6232433246934537,0.6232433246934537,0.623706638249305,0.623706638249305,0.623706638249305,0.6238398581231853,0.6238398581231853,0.6238398581231853,0.6243624235000588,0.6243624235000588,0.6243624235000588,0.6246541475404397,0.6246541475404397,0.6246541475404397,0.6254259086594667,0.6254259086594667,0.6254259086594667,0.625702754519136,0.625702754519136,0.625702754519136,0.625979561985821,0.625979561985821,0.625979561985821,0.6261959408876628,0.6261959408876628,0.6261959408876628,0.6264390185845624,0.6264390185845624,0.6264390185845624,0.6267834350478765,0.6267834350478765,0.6267834350478765,0.626980019975264,0.626980019975264,0.626980019975264,0.6271509543634999,0.6271509543634999,0.6271509543634999,0.6274879890676451,0.6274879890676451,0.6274879890676451,0.6286616637229041,0.6286616637229041,0.6286616637229041,0.6288531514420761,0.6288531514420761,0.6288531514420761,0.6290255841243987,0.6290255841243987,0.6290255841243987,0.6290572565459467,0.6290572565459467,0.6290572565459467,0.6294305678008612,0.6294305678008612,0.6294305678008612,0.6296819207828558,0.6296819207828558,0.6296819207828558,0.6299922288351872,0.6299922288351872,0.6299922288351872,0.6304871333130275,0.6304871333130275,0.6304871333130275,0.6307525826867129,0.6307525826867129,0.6307525826867129,0.6311928712921154,0.6311928712921154,0.6311928712921154,0.6313316874925023,0.6313316874925023,0.6313316874925023,0.6313875281341811,0.6313875281341811,0.6313875281341811,0.6315942448501809,0.6315942448501809,0.6315942448501809,0.6321693382494444,0.6321693382494444,0.6321693382494444,0.6323471315476118,0.6323471315476118,0.6323471315476118,0.6327865687628923,0.6327865687628923,0.6327865687628923,0.632881616710859,0.632881616710859,0.632881616710859,0.6332202392999015,0.6332202392999015,0.6332202392999015,0.6334432006469146,0.6334432006469146,0.6334432006469146,0.6334923994685222,0.6334923994685222,0.6334923994685222,0.6340146998741648,0.6340146998741648,0.6340146998741648,0.6343056297032506,0.6343056297032506,0.6343056297032506,0.6345927687673921,0.6345927687673921,0.6345927687673921,0.634848726170795,0.634848726170795,0.634848726170795,0.6349846674421933,0.6349846674421933,0.6349846674421933,0.6351713028425037,0.6351713028425037,0.6351713028425037,0.6353832482866155,0.6353832482866155,0.6353832482866155,0.6358012908919712,0.6358012908919712,0.6358012908919712,0.6358713246762537,0.6358713246762537,0.6358713246762537,0.6360963598034586,0.6360963598034586,0.6360963598034586,0.6362872276873643,0.6362872276873643,0.6362872276873643,0.6363165407649146,0.6363165407649146,0.6363165407649146,0.6364639334458961,0.6364639334458961,0.6364639334458961,0.6366024160389745,0.6366024160389745,0.6366024160389745,0.6367260177722578,0.6367260177722578,0.6367260177722578,0.6367797944124584,0.6367797944124584,0.6367797944124584,0.6369542574892382,0.6369542574892382,0.6369542574892382,0.6371496256894428,0.6371496256894428,0.6371496256894428,0.6372365264936677,0.6372365264936677,0.6372365264936677,0.6372813694392436,0.6372813694392436,0.6372813694392436,0.6372998837291296,0.6372998837291296,0.6372998837291296,0.63735157586066,0.63735157586066,0.63735157586066,0.6374426301820918,0.6374426301820918,0.6374426301820918,0.6375595169406881,0.6375595169406881,0.6375595169406881,0.6376545957970229,0.6376545957970229,0.6376545957970229,0.6377143386859553,0.6377143386859553,
0.01351393765807406,0.01351393765807406,0.01351393765807406,0.020262454441231856,0.020262454441231856,0.020262454441231856,0.062179247657840116,0.062179247657840116,0.062179247657840116,0.07220972554694413,0.07220972554694413,0.07220972554694413,0.09111482503610595,0.09111482503610595,0.09111482503610595,0.1442632984162337,0.1442632984162337,0.1442632984162337,0.18178176379276154,0.18178176379276154,0.18178176379276154,0.20278662112381296,0.20278662112381296,0.20278662112381296,0.26343061395982365,0.26343061395982365,0.26343061395982365,0.27289617185245696,0.27289617185245696,0.27289617185245696,0.29652200687992164,0.29652200687992164,0.29652200687992164,0.30597990286488763,0.30597990286488763,0.30597990286488763,0.32180005458316224,0.32180005458316224,0.32180005458316224,0.35075304197322027,0.35075304197322027,0.35075304197322027,0.36221652130738125,0.36221652130738125,0.36221652130738125,0.37655093189496575,0.37655093189496575,0.37655093189496575,0.38835822500905365,0.38835822500905365,0.38835822500905365,0.39898208972688065,0.39898208972688065,0.39898208972688065,0.4277881242871333,0.4277881242871333,0.4277881242871333,0.4471118364421345,0.4471118364421345,0.4471118364421345,0.45518271351217293,0.45518271351217293,0.45518271351217293,0.46559917045911775,0.46559917045911775,0.46559917045911775,0.4753290244211645,0.4753290244211645,0.4753290244211645,0.4836887180569618,0.4836887180569618,0.4836887180569618,0.49113420957783,0.49113420957783,0.49113420957783,0.49984675271464724,0.49984675271464724,0.49984675271464724,0.5074283624650426,0.5074283624650426,0.5074283624650426,0.5142048105963045,0.5142048105963045,0.5142048105963045,0.519214864628479,0.519214864628479,0.519214864628479,0.5251799122850456,0.5251799122850456,0.5251799122850456,0.5314953811260319,0.5314953811260319,0.5314953811260319,0.5348661913266982,0.5348661913266982,0.5348661913266982,0.5399391089388994,0.5399391089388994,0.5399391089388994,0.5414829407178455,0.5414829407178455,0.5414829407178455,0.5439974782459868,0.5439974782459868,0.5439974782459868,0.5463704259467216,0.5463704259467216,0.5463704259467216,0.547375264612966,0.547375264612966,0.547375264612966,0.5504121847079301,0.5504121847079301,0.5504121847079301,0.5534024139203627,0.5534024139203627,0.5534024139203627,0.5594377395010799,0.5594377395010799,0.5594377395010799,0.561688242489398,0.561688242489398,0.561688242489398,0.5649250377995486,0.5649250377995486,0.5649250377995486,0.5675671800709666,0.5675671800709666,0.5675671800709666,0.570958665479349,0.570958665479349,0.570958665479349,0.5728255737240093,0.5728255737240093,0.5728255737240093,0.5750335424380286,0.5750335424380286,0.5750335424380286,0.5768875729990676,0.5768875729990676,0.5768875729990676,0.5779708127289116,0.5779708127289116,0.5779708127289116,0.5794334912418025,0.5794334912418025,0.5794334912418025,0.580917217563498,0.580917217563498,0.580917217563498,0.5819453516923427,0.5819453516923427,0.5819453516923427,0.5829937504942814,0.5829937504942814,0.5829937504942814,0.5841891504573339,0.5841891504573339,0.5841891504573339,0.5851699411448105,0.5851699411448105,0.5851699411448105,0.5869747529839484,0.5869747529839484,0.5869747529839484,0.5878285838192949,0.5878285838192949,0.5878285838192949,0.5890331431376229,0.5890331431376229,0.5890331431376229,0.590022492345112,0.590022492345112,0.590022492345112,0.5912451109953409,0.5912451109953409,0.5912451109953409,0.5923248876064596,0.5923248876064596,0.5923248876064596,0.5934506481133436,0.5934506481133436,0.5934506481133436,0.594148360631617,0.594148360631617,0.594148360631617,0.5953818020918885,0.5953818020918885,0.5953818020918885,0.596517589670227,0.596517589670227,0.596517589670227,0.597378059411941,0.597378059411941,0.597378059411941,0.5984904904206988,0.5984904904206988,0.5984904904206988,0.5997737451607386,0.5997737451607386,0.5997737451607386,0.6003743253550937,0.6003743253550937,0.6003743253550937,0.6013472125789604,0.6013472125789604,0.6013472125789604,0.6021474489580602,0.6021474489580602,0.6021474489580602,0.6028355997381476,0.6028355997381476,0.6028355997381476,0.604152293185408,0.604152293185408,0.604152293185408,0.6046841917647623,0.6046841917647623,0.6046841917647623,0.6056185879788255,0.6056185879788255,0.6056185879788255,0.6063492274486028,0.6063492274486028,0.6063492274486028,0.6070970382429216,0.6070970382429216,0.6070970382429216,0.6077245337870887,0.6077245337870887,0.6077245337870887,0.6085278446322312,0.6085278446322312,0.6085278446322312,0.6091687693165821,0.6091687693165821,0.6091687693165821,0.609793252714271,0.609793252714271,0.609793252714271,0.6102726270148946,0.6102726270148946,0.6102726270148946,0.6105860386780478,0.6105860386780478,0.6105860386780478,0.6112289580477142,0.6112289580477142,0.6112289580477142,0.6118199980614878,0.6118199980614878,0.6118199980614878,0.6121850348832946,0.6121850348832946,0.6121850348832946,0.6127285593345114,0.6127285593345114,0.6127285593345114,0.6130290373057684,0.6130290373057684,0.6130290373057684,0.6134645205764327,0.6134645205764327,0.6134645205764327,0.6139602277790551,0.6139602277790551,0.6139602277790551,0.6146075494285421,0.6146075494285421,0.6146075494285421,0.6151024128152102,0.6151024128152102,0.6151024128152102,0.6153680628972036,0.6153680628972036,0.6153680628972036,0.6157418066824915,0.6157418066824915,0.6157418066824915,0.6166198584078028,0.6166198584078028,0.6166198584078028,0.6172988408923449,0.6172988408923449,0.6172988408923449,0.6179291528676034,0.6179291528676034,0.6179291528676034,0.6181509516747669,0.6181509516747669,0.6181509516747669,0.6183729367087107,0.6183729367087107,0.6183729367087107,0.6189898527025596,0.6189898527025596,0.6189898527025596,0.6197107603335996,0.6197107603335996,0.6197107603335996,0.6201632046554959,0.6201632046554959,0.6201632046554959,0.6206949719151742,0.6206949719151742,0.6206949719151742,0.6210875926310799,0.6210875926310799,0.6210875926310799,0.6212548600627845,0.6212548600627845,0.6212548600627845,0.6215342655064585,0.6215342655064585,0.6215342655064585,0.6221823697504779,0.6221823697504779,0.6221823697504779,0.622459904179332,0.622459904179332,0.622459904179332,0.6228763066599545,0.6228763066599545,0.6228763066599545,0.6234513455663502,0.6234513455663502,0.6234513455663502,0.623772983719627,0.623772983719627,0.623772983719627,0.623974984462263,0.623974984462263,0.623974984462263,0.6243436669367747,0.6243436669367747,0.6243436669367747,0.6245732398723197,0.6245732398723197,0.6245732398723197,0.6251163749018955,0.6251163749018955,0.6251163749018955,0.6253128941769295,0.6253128941769295,0.6253128941769295,0.625633777210494,0.625633777210494,0.625633777210494,0.6260127872912393,0.6260127872912393,0.6260127872912393,0.6263336887801942,0.6263336887801942,0.6263336887801942,0.6265623134046925,0.6265623134046925,0.6265623134046925,0.6267528349653803,0.6267528349653803,0.6267528349653803,0.6271406597963345,0.6271406597963345,0.6271406597963345,0.6272504953327854,0.6272504953327854,0.6272504953327854,0.6274989955812239,0.6274989955812239,0.6274989955812239,0.6278116982502275,0.6278116982502275,0.6278116982502275,0.6279588772424889,0.6279588772424889,0.6279588772424889,0.6280607908521971,0.6280607908521971,0.6280607908521971,0.6282559180468644,0.6282559180468644,0.6282559180468644,0.6284731762868372,0.6284731762868372,0.6284731762868372,0.6285778784331648,0.6285778784331648,0.6285778784331648,0.6288311895953638,0.6288311895953638,0.6288311895953638,0.629463859252151,0.629463859252151,0.629463859252151,0.6295454478654425,0.6295454478654425,0.6295454478654425,0.6297510506692522,0.6297510506692522,0.6297510506692522,0.6298360505506366,0.6298360505506366,0.6298360505506366,0.6300765213376102,0.6300765213376102,0.6300765213376102,0.6302563181620282,0.6302563181620282,0.6302563181620282,0.6303540799597432,0.6303540799597432,0.6303540799597432,0.6304853888050113,0.6304853888050113,0.6304853888050113,0.6305628040918699,0.6305628040918699,0.6305628040918699,0.6308520676293516,0.6308520676293516,0.6308520676293516,0.6311556446432695,0.6311556446432695,0.6311556446432695,0.6314064104693383,0.6314064104693383,0.6314064104693383,0.631560355317916,0.631560355317916,0.631560355317916,0.6316498394192719,0.6316498394192719,0.6316498394192719,0.6318546653943131,0.6318546653943131,0.6318546653943131,0.6319831258048852,0.6319831258048852,0.6319831258048852,0.632393901123076,0.632393901123076,0.632393901123076,0.6327011077442538,0.6327011077442538,0.6327011077442538,0.6330151595700387,0.6330151595700387,0.6330151595700387,0.6332560530488139,0.6332560530488139,0.6332560530488139,0.6338082664180846,0.6338082664180846,0.6338082664180846,0.6338408287769071,0.6338408287769071,0.6338408287769071,0.6339881054062417,0.6339881054062417,0.6339881054062417,0.634151424437221,0.634151424437221,0.634151424437221,0.6343778882354526,0.6343778882354526,0.6343778882354526,0.6345499088264087,0.6345499088264087,0.6345499088264087,0.6346124849690139,0.6346124849690139,0.6346124849690139,0.6348641833317513,0.6348641833317513,0.6348641833317513,0.6349295438187013,0.6349295438187013,0.6349295438187013,0.6350549358554155,0.6350549358554155,0.6350549358554155,0.6351564277193469,0.6351564277193469,0.6351564277193469,0.6352603516334822,0.6352603516334822,0.6352603516334822,0.6354121746557612,0.6354121746557612,0.6354121746557612,0.6354690944740224,0.6354690944740224,0.6354690944740224,0.6355597620740632,0.6355597620740632,0.6355597620740632,0.6356502537549844,0.6356502537549844,0.6356502537549844,0.6356797767414586,0.6356797767414586,
0.014706179549330357,0.014706179549330357,0.014706179549330357,0.024267426245661135,0.024267426245661135,0.024267426245661135,0.0407920156888555,0.0407920156888555,0.0407920156888555,0.05777421422913598,0.05777421422913598,0.05777421422913598,0.08667888602872646,0.08667888602872646,0.08667888602872646,0.15045138059094512,0.15045138059094512,0.15045138059094512,0.16398743035920288,0.16398743035920288,0.16398743035920288,0.18252951195023284,0.18252951195023284,0.18252951195023284,0.24579651346303152,0.24579651346303152,0.24579651346303152,0.27658732992588997,0.27658732992588997,0.27658732992588997,0.2867980156317239,0.2867980156317239,0.2867980156317239,0.3087003054063206,0.3087003054063206,0.3087003054063206,0.35465474010217257,0.35465474010217257,0.35465474010217257,0.3729397610850232,0.3729397610850232,0.3729397610850232,0.3780785099403829,0.3780785099403829,0.3780785099403829,0.3920550707997319,0.3920550707997319,0.3920550707997319,0.39742845841712227,0.39742845841712227,0.39742845841712227,0.41647342657525216,0.41647342657525216,0.41647342657525216,0.4451185838240267,0.4451185838240267,0.4451185838240267,0.4597508774849858,0.4597508774849858,0.4597508774849858,0.47090592876849136,0.47090592876849136,0.47090592876849136,0.4781403071379331,0.4781403071379331,0.4781403071379331,0.48439624504477535,0.48439624504477535,0.48439624504477535,0.49180540002585604,0.49180540002585604,0.49180540002585604,0.49574738842413724,0.49574738842413724,0.49574738842413724,0.4981239882461072,0.4981239882461072,0.4981239882461072,0.5038476250568563,0.5038476250568563,0.5038476250568563,0.5117255445555853,0.5117255445555853,0.5117255445555853,0.5206445302886813,0.5206445302886813,0.5206445302886813,0.5274032934349538,0.5274032934349538,0.5274032934349538,0.5314311059877083,0.5314311059877083,0.5314311059877083,0.5342440867729694,0.5342440867729694,0.5342440867729694,0.5371727898687279,0.5371727898687279,0.5371727898687279,0.5397508336155358,0.5397508336155358,0.5397508336155358,0.5419796680295247,0.5419796680295247,0.5419796680295247,0.5462263362052767,0.5462263362052767,0.5462263362052767,0.5485763594038128,0.5485763594038128,0.5485763594038128,0.5505054647180065,0.5505054647180065,0.5505054647180065,0.5526294878094574,0.5526294878094574,0.5526294878094574,0.5568865894174903,0.5568865894174903,0.5568865894174903,0.5600046682642295,0.5600046682642295,0.5600046682642295,0.5618388409646795,0.5618388409646795,0.5618388409646795,0.5636059113341307,0.5636059113341307,0.5636059113341307,0.5655616197262633,0.5655616197262633,0.5655616197262633,0.5691795395991572,0.5691795395991572,0.5691795395991572,0.5715569639290909,0.5715569639290909,0.5715569639290909,0.57299865625792,0.57299865625792,0.57299865625792,0.5746001397458161,0.5746001397458161,0.5746001397458161,0.5785675988960698,0.5785675988960698,0.5785675988960698,0.5809464771790406,0.5809464771790406,0.5809464771790406,0.5832265770543462,0.5832265770543462,0.5832265770543462,0.5857116601303847,0.5857116601303847,0.5857116601303847,0.5870996980265292,0.5870996980265292,0.5870996980265292,0.5886773870167794,0.5886773870167794,0.5886773870167794,0.5898943840332812,0.5898943840332812,0.5898943840332812,0.5910621254499266,0.5910621254499266,0.5910621254499266,0.5922422374735925,0.5922422374735925,0.5922422374735925,0.5933988900254644,0.5933988900254644,0.5933988900254644,0.5942399300235278,0.5942399300235278,0.5942399300235278,0.5953289836966216,0.5953289836966216,0.5953289836966216,0.5969767402879381,0.5969767402879381,0.5969767402879381,0.5977370259605238,0.5977370259605238,0.5977370259605238,0.5985837559793291,0.5985837559793291,0.5985837559793291,0.5995462976753556,0.5995462976753556,0.5995462976753556,0.6006259805204908,0.6006259805204908,0.6006259805204908,0.6014264819876437,0.6014264819876437,0.6014264819876437,0.6021545404231378,0.6021545404231378,0.6021545404231378,0.6039122499445486,0.6039122499445486,0.6039122499445486,0.604590260204045,0.604590260204045,0.604590260204045,0.6055054441746879,0.6055054441746879,0.6055054441746879,0.6063409088836298,0.6063409088836298,0.6063409088836298,0.6071924671065436,0.6071924671065436,0.6071924671065436,0.6078624982900026,0.6078624982900026,0.6078624982900026,0.6085856474537579,0.6085856474537579,0.6085856474537579,0.6091194825325447,0.6091194825325447,0.6091194825325447,0.6095803180939113,0.6095803180939113,0.6095803180939113,0.6100711692768607,0.6100711692768607,0.6100711692768607,0.6106257555390467,0.6106257555390467,0.6106257555390467,0.6118761700605339,0.6118761700605339,0.6118761700605339,0.612584970508179,0.612584970508179,0.612584970508179,0.6133151663933228,0.6133151663933228,0.6133151663933228,0.6137245778968737,0.6137245778968737,0.6137245778968737,0.6144727911254392,0.6144727911254392,0.6144727911254392,0.614732010250075,0.614732010250075,0.614732010250075,0.6151282101097993,0.6151282101097993,0.6151282101097993,0.6156505465734262,0.6156505465734262,0.6156505465734262,0.6166009357720647,0.6166009357720647,0.6166009357720647,0.6173979019334249,0.6173979019334249,0.6173979019334249,0.6179857372112644,0.6179857372112644,0.6179857372112644,0.6187229975833515,0.6187229975833515,0.6187229975833515,0.6192127652967743,0.6192127652967743,0.6192127652967743,0.6193750295251876,0.6193750295251876,0.6193750295251876,0.619860696864204,0.619860696864204,0.619860696864204,0.6201547608568828,0.6201547608568828,0.6201547608568828,0.6209874596788573,0.6209874596788573,0.6209874596788573,0.6214666756470292,0.6214666756470292,0.6214666756470292,0.622572499191269,0.622572499191269,0.622572499191269,0.6229346089462814,0.6229346089462814,0.6229346089462814,0.6232571933341209,0.6232571933341209,0.6232571933341209,0.623510451616023,0.623510451616023,0.623510451616023,0.6239835069897995,0.6239835069897995,0.6239835069897995,0.6243328938767693,0.6243328938767693,0.6243328938767693,0.624581146086753,0.624581146086753,0.624581146086753,0.6251373616670375,0.6251373616670375,0.6251373616670375,0.6254486238857603,0.6254486238857603,0.6254486238857603,0.6256593220400348,0.6256593220400348,0.6256593220400348,0.6260454475453933,0.6260454475453933,0.6260454475453933,0.6266425520410767,0.6266425520410767,0.6266425520410767,0.626857995456583,0.626857995456583,0.626857995456583,0.6272104030432543,0.6272104030432543,0.6272104030432543,0.6274773560988548,0.6274773560988548,0.6274773560988548,0.6279055708897243,0.6279055708897243,0.6279055708897243,0.6281691686364158,0.6281691686364158,0.6281691686364158,0.6284651346374794,0.6284651346374794,0.6284651346374794,0.628854273713269,0.628854273713269,0.628854273713269,0.6291657039331561,0.6291657039331561,0.6291657039331561,0.6294758143764367,0.6294758143764367,0.6294758143764367,0.6296749460393448,0.6296749460393448,0.6296749460393448,0.6300558807079152,0.6300558807079152,0.6300558807079152,0.6303101283062967,0.6303101283062967,0.6303101283062967,0.6306040438501974,0.6306040438501974,0.6306040438501974,0.63078613926369,0.63078613926369,0.63078613926369,0.6313322045697669,0.6313322045697669,0.6313322045697669,0.6316537314388316,0.6316537314388316,0.6316537314388316,0.6317483123776365,0.6317483123776365,0.6317483123776365,0.6319040404000245,0.6319040404000245,0.6319040404000245,0.6322598400305147,0.6322598400305147,0.6322598400305147,0.6325714674352237,0.6325714674352237,0.6325714674352237,0.632835441367354,0.632835441367354,0.632835441367354,0.6330742071215602,0.6330742071215602,0.6330742071215602,0.6332996810068546,0.6332996810068546,0.6332996810068546,0.6335286736710135,0.6335286736710135,0.6335286736710135,0.6338538067410181,0.6338538067410181,0.6338538067410181,0.6340883498374522,0.6340883498374522,0.6340883498374522,0.6342146319110605,0.6342146319110605,0.6342146319110605,0.6344198708553327,0.6344198708553327,0.6344198708553327,0.6348550993383649,0.6348550993383649,0.6348550993383649,0.6350523267179126,0.6350523267179126,0.6350523267179126,0.6353004376327236,0.6353004376327236,0.6353004376327236,0.6353994300103026,0.6353994300103026,0.6353994300103026,0.6355733425373405,0.6355733425373405,0.6355733425373405,0.6356536593858941,0.6356536593858941,0.6356536593858941,0.635828042438048,0.635828042438048,0.635828042438048,0.6359441752119999,0.6359441752119999,0.6359441752119999,0.6360829580591856,0.6360829580591856,0.6360829580591856,0.6362077036575212,0.6362077036575212,0.6362077036575212,0.6363708367994572,0.6363708367994572,0.6363708367994572,0.6365261312953893,0.6365261312953893,0.6365261312953893,0.6366869619243116,0.6366869619243116,0.6366869619243116,0.6367778593599196,0.6367778593599196,0.6367778593599196,0.6369814519042918,0.6369814519042918,0.6369814519042918,0.6371567995349697,0.6371567995349697,0.6371567995349697,0.6372814602978082,0.6372814602978082,0.6372814602978082,0.637326026144229,0.637326026144229,0.637326026144229,0.6375911681587763,0.6375911681587763,0.6375911681587763,0.6377702091579207,0.6377702091579207,0.6377702091579207,0.637864369992272,0.637864369992272,0.637864369992272,0.6380052144605688,0.6380052144605688,0.6380052144605688,0.6385531136261465,0.6385531136261465,0.6385531136261465,0.6386775413020969,0.6386775413020969,0.6386775413020969,0.6387855756541423,0.6387855756541423,0.6387855756541423,0.639052182185923,0.639052182185923,0.639052182185923,0.6391487345075284,0.6391487345075284,0.6391487345075284,0.6393280840402159,0.6393280840402159,0.6393280840402159,0.6395428957345123,0.6395428957345123,0.6395428957345123,0.6396312840509953,0.6396312840509953,0.6396312840509953,0.6397626782426261,0.6397626782426261,
0.011538226629851026,0.011538226629851026,0.011538226629851026,0.037402652316487955,0.037402652316487955,0.037402652316487955,0.08037152978511744,0.08037152978511744,0.08037152978511744,0.11730013718744989,0.11730013718744989,0.11730013718744989,0.13020398968731528,0.13020398968731528,0.13020398968731528,0.22374169050070117,0.22374169050070117,0.22374169050070117,0.23149602989525186,0.23149602989525186,0.23149602989525186,0.27713249214903585,0.27713249214903585,0.27713249214903585,0.29044834784163714,0.29044834784163714,0.29044834784163714,0.29867589566036296,0.29867589566036296,0.29867589566036296,0.3385197822870133,0.3385197822870133,0.3385197822870133,0.35798354718249903,0.35798354718249903,0.35798354718249903,0.38467601038872146,0.38467601038872146,0.38467601038872146,0.39363009838016827,0.39363009838016827,0.39363009838016827,0.4087364331272158,0.4087364331272158,0.4087364331272158,0.4225658228055307,0.4225658228055307,0.4225658228055307,0.44560556852440036,0.44560556852440036,0.44560556852440036,0.45226239828229026,0.45226239828229026,0.45226239828229026,0.4603078512259238,0.4603078512259238,0.4603078512259238,0.4671582973680546,0.4671582973680546,0.4671582973680546,0.4736179052522107,0.4736179052522107,0.4736179052522107,0.4830488529651917,0.4830488529651917,0.4830488529651917,0.4888153091590071,0.4888153091590071,0.4888153091590071,0.4942295837250526,0.4942295837250526,0.4942295837250526,0.501054075723837,0.501054075723837,0.501054075723837,0.5037671073156283,0.5037671073156283,0.5037671073156283,0.5071121213434316,0.5071121213434316,0.5071121213434316,0.5165104443532637,0.5165104443532637,0.5165104443532637,0.5204053369712139,0.5204053369712139,0.5204053369712139,0.5256454705573741,0.5256454705573741,0.5256454705573741,0.5291021187108059,0.5291021187108059,0.5291021187108059,0.533565108777195,0.533565108777195,0.533565108777195,0.5371273938185923,0.5371273938185923,0.5371273938185923,0.5406603448265832,0.5406603448265832,0.5406603448265832,0.5434623093791544,0.5434623093791544,0.5434623093791544,0.5471281590590146,0.5471281590590146,0.5471281590590146,0.5513258451331146,0.5513258451331146,0.5513258451331146,0.5554632860880353,0.5554632860880353,0.5554632860880353,0.5590333908365437,0.5590333908365437,0.5590333908365437,0.561124713158391,0.561124713158391,0.561124713158391,0.5636141579726824,0.5636141579726824,0.5636141579726824,0.5654275686460603,0.5654275686460603,0.5654275686460603,0.5689319075740276,0.5689319075740276,0.5689319075740276,0.5707181452877962,0.5707181452877962,0.5707181452877962,0.572700604457814,0.572700604457814,0.572700604457814,0.5741046736942644,0.5741046736942644,0.5741046736942644,0.5754370748296858,0.5754370748296858,0.5754370748296858,0.5774873405402907,0.5774873405402907,0.5774873405402907,0.5791302881558702,0.5791302881558702,0.5791302881558702,0.580871203227938,0.580871203227938,0.580871203227938,0.5818005941033091,0.5818005941033091,0.5818005941033091,0.5833256361054239,0.5833256361054239,0.5833256361054239,0.5843168636888304,0.5843168636888304,0.5843168636888304,0.5854153229911374,0.5854153229911374,0.5854153229911374,0.587504045213744,0.587504045213744,0.587504045213744,0.5888553428164044,0.5888553428164044,0.5888553428164044,0.5900266723988113,0.5900266723988113,0.5900266723988113,0.5911406620631385,0.5911406620631385,0.5911406620631385,0.5920599784419641,0.5920599784419641,0.5920599784419641,0.5924898852161311,0.5924898852161311,0.5924898852161311,0.5931289372894443,0.5931289372894443,0.5931289372894443,0.5936141115229332,0.5936141115229332,0.5936141115229332,0.594597661875069,0.594597661875069,0.594597661875069,0.5961311271387084,0.5961311271387084,0.5961311271387084,0.5964082576231676,0.5964082576231676,0.5964082576231676,0.597406786331102,0.597406786331102,0.597406786331102,0.5987904786181331,0.5987904786181331,0.5987904786181331,0.5993223979212293,0.5993223979212293,0.5993223979212293,0.5997060831149059,0.5997060831149059,0.5997060831149059,0.6001374093130379,0.6001374093130379,0.6001374093130379,0.6008733825648196,0.6008733825648196,0.6008733825648196,0.6010351553022072,0.6010351553022072,0.6010351553022072,0.6015095074565686,0.6015095074565686,0.6015095074565686,0.6020391994017197,0.6020391994017197,0.6020391994017197,0.6037574429389241,0.6037574429389241,0.6037574429389241,0.6040910312128756,0.6040910312128756,0.6040910312128756,0.6043687517320678,0.6043687517320678,0.6043687517320678,0.6048137121125788,0.6048137121125788,0.6048137121125788,0.608237084423428,0.608237084423428,0.608237084423428,0.6084565475932028,0.6084565475932028,0.6084565475932028,0.6089169463929256,0.6089169463929256,0.6089169463929256,0.6093330457243614,0.6093330457243614,0.6093330457243614,0.60992253956578,0.60992253956578,0.60992253956578,0.6102820128645632,0.6102820128645632,0.6102820128645632,0.6118647580779267,0.6118647580779267,0.6118647580779267,0.6121277265104023,0.6121277265104023,0.6121277265104023,0.6134508500856728,0.6134508500856728,0.6134508500856728,0.6136237689912495,0.6136237689912495,0.6136237689912495,0.6138377900343062,0.6138377900343062,0.6138377900343062,0.6141645244510411,0.6141645244510411,0.6141645244510411,0.6143621314889156,0.6143621314889156,0.6143621314889156,0.6147053839197937,0.6147053839197937,0.6147053839197937,0.6154724049057365,0.6154724049057365,0.6154724049057365,0.6157610720861278,0.6157610720861278,0.6157610720861278,0.6160365107901414,0.6160365107901414,0.6160365107901414,0.6178945824813371,0.6178945824813371,0.6178945824813371,0.618092294953698,0.618092294953698,0.618092294953698,0.6185532831739899,0.6185532831739899,0.6185532831739899,0.6189884571316167,0.6189884571316167,0.6189884571316167,0.6192404472314567,0.6192404472314567,0.6192404472314567,0.6195814719791013,0.6195814719791013,0.6195814719791013,0.6198886030292847,0.6198886030292847,0.6198886030292847,0.6201081682213018,0.6201081682213018,0.6201081682213018,0.6203662677025031,0.6203662677025031,0.6203662677025031,0.6212621332644961,0.6212621332644961,0.6212621332644961,0.6215276867235155,0.6215276867235155,0.6215276867235155,0.621680296954641,0.621680296954641,0.621680296954641,0.6219319539009766,0.6219319539009766,0.6219319539009766,0.6221258750509187,0.6221258750509187,0.6221258750509187,0.622257019919234,0.622257019919234,0.622257019919234,0.6223392110391766,0.6223392110391766,0.6223392110391766,0.6226153235912513,0.6226153235912513,0.6226153235912513,0.6228035032424927,0.6228035032424927,0.6228035032424927,0.6229887612516049,0.6229887612516049,0.6229887612516049,0.6232844220025027,0.6232844220025027,0.6232844220025027,0.6234419520427742,0.6234419520427742,0.6234419520427742,0.6236216875144519,0.6236216875144519,0.6236216875144519,0.6237817269613443,0.6237817269613443,0.6237817269613443,0.6239415223042778,0.6239415223042778,0.6239415223042778,0.624168613738426,0.624168613738426,0.624168613738426,0.6242518106375701,0.6242518106375701,0.6242518106375701,0.6243730067601234,0.6243730067601234,0.6243730067601234,0.6244596102647862,0.6244596102647862,0.6244596102647862,0.6246603259052061,0.6246603259052061,0.6246603259052061,0.6247788959927554,0.6247788959927554,0.6247788959927554,0.6250267523465786,0.6250267523465786,0.6250267523465786,0.6251877909312182,0.6251877909312182,0.6251877909312182,0.6252947432039395,0.6252947432039395,0.6252947432039395,0.6255050235236594,0.6255050235236594,0.6255050235236594,0.6256621025865973,0.6256621025865973,0.6256621025865973,0.6259617020968207,0.6259617020968207,0.6259617020968207,0.6260932695491471,0.6260932695491471,0.6260932695491471,0.6262169596574623,0.6262169596574623,0.6262169596574623,0.6263164906244401,0.6263164906244401,0.6263164906244401,0.6264426256180369,0.6264426256180369,0.6264426256180369,0.6266568052120532,0.6266568052120532,0.6266568052120532,0.6268297990526565,0.6268297990526565,0.6268297990526565,0.6270097806176024,0.6270097806176024,0.6270097806176024,0.6271124152020893,0.6271124152020893,0.6271124152020893,0.6271939407905186,0.6271939407905186,0.6271939407905186,0.6273492167145049,0.6273492167145049,0.6273492167145049,0.6274185390348872,0.6274185390348872,0.6274185390348872,0.6274770810414297,0.6274770810414297,0.6274770810414297,0.6275334015869692,0.6275334015869692,0.6275334015869692,0.6276527450640264,0.6276527450640264,0.6276527450640264,0.6277402790963764,0.6277402790963764,0.6277402790963764,0.6281398308068554,0.6281398308068554,0.6281398308068554,0.6282700141247518,0.6282700141247518,0.6282700141247518,0.6283792329503987,0.6283792329503987,0.6283792329503987,0.628458091882197,0.628458091882197,0.628458091882197,0.6284971273470561,0.6284971273470561,0.6284971273470561,0.6300267175496668,0.6300267175496668,0.6300267175496668,0.6308368075709533,0.6308368075709533,0.6308368075709533,0.630897093148543,0.630897093148543,0.630897093148543,0.6309287304815345,0.6309287304815345,0.6309287304815345,0.6310628571690488,0.6310628571690488,0.6310628571690488,0.6311504472139106,0.6311504472139106,0.6311504472139106,0.6312507312357766,0.6312507312357766,0.6312507312357766,0.6313052389007693,0.6313052389007693,0.6313052389007693,0.6315233011590707,0.6315233011590707,0.6315233011590707,0.6316106554875733,0.6316106554875733,0.6316106554875733,0.6316514925385748,0.6316514925385748,0.6316514925385748,0.6318300359714868,0.6318300359714868,0.6318300359714868,0.6318855086500472,0.6318855086500472,0.6318855086500472,0.6320014959346704,0.6320014959346704,0.6320014959346704,0.6320789841744902,0.6320789841744902,0.6320789841744902,0.6321011258829352,0.6321011258829352,
0.0025890855911154956,0.0025890855911154956,0.0025890855911154956,0.006964495282898653,0.006964495282898653,0.006964495282898653,0.05036881949711257,0.05036881949711257,0.05036881949711257,0.10238534117030366,0.10238534117030366,0.10238534117030366,0.12028590038890383,0.12028590038890383,0.12028590038890383,0.12938234359817552,0.12938234359817552,0.12938234359817552,0.15398504452071354,0.15398504452071354,0.15398504452071354,0.18966858159568234,0.18966858159568234,0.18966858159568234,0.23666821650610434,0.23666821650610434,0.23666821650610434,0.24698802828680166,0.24698802828680166,0.24698802828680166,0.265296080992863,0.265296080992863,0.265296080992863,0.29675532968366025,0.29675532968366025,0.29675532968366025,0.3165580538023921,0.3165580538023921,0.3165580538023921,0.34119975746548653,0.34119975746548653,0.34119975746548653,0.35816507925619984,0.35816507925619984,0.35816507925619984,0.3682531756778254,0.3682531756778254,0.3682531756778254,0.4042563322404964,0.4042563322404964,0.4042563322404964,0.4183917515430741,0.4183917515430741,0.4183917515430741,0.4287012686155135,0.4287012686155135,0.4287012686155135,0.44406126936115836,0.44406126936115836,0.44406126936115836,0.45177990991613864,0.45177990991613864,0.45177990991613864,0.46257830368937997,0.46257830368937997,0.46257830368937997,0.4691055959706319,0.4691055959706319,0.4691055959706319,0.4764515580551875,0.4764515580551875,0.4764515580551875,0.4877292521912311,0.4877292521912311,0.4877292521912311,0.49253983457612777,0.49253983457612777,0.49253983457612777,0.5006159625481854,0.5006159625481854,0.5006159625481854,0.5045123043492832,0.5045123043492832,0.5045123043492832,0.5087480269354073,0.5087480269354073,0.5087480269354073,0.5155385336584476,0.5155385336584476,0.5155385336584476,0.5219796281750193,0.5219796281750193,0.5219796281750193,0.5273930891099203,0.5273930891099203,0.5273930891099203,0.5321201913182645,0.5321201913182645,0.5321201913182645,0.5356089612202785,0.5356089612202785,0.5356089612202785,0.538398317963575,0.538398317963575,0.538398317963575,0.5423936511485863,0.5423936511485863,0.5423936511485863,0.5469761409887305,0.5469761409887305,0.5469761409887305,0.5500987060505503,0.5500987060505503,0.5500987060505503,0.5526507300787415,0.5526507300787415,0.5526507300787415,0.5549995482101845,0.5549995482101845,0.5549995482101845,0.5556963110299646,0.5556963110299646,0.5556963110299646,0.5588316889120915,0.5588316889120915,0.5588316889120915,0.5600099469446104,0.5600099469446104,0.5600099469446104,0.5630962310184653,0.5630962310184653,0.5630962310184653,0.5661043741140562,0.5661043741140562,0.5661043741140562,0.5681231379744409,0.5681231379744409,0.5681231379744409,0.569075912870041,0.569075912870041,0.569075912870041,0.5711351043553122,0.5711351043553122,0.5711351043553122,0.5726002774409825,0.5726002774409825,0.5726002774409825,0.5746126457359725,0.5746126457359725,0.5746126457359725,0.576748164105388,0.576748164105388,0.576748164105388,0.5779864538218925,0.5779864538218925,0.5779864538218925,0.5793069546726561,0.5793069546726561,0.5793069546726561,0.5806426251167183,0.5806426251167183,0.5806426251167183,0.5811633878745496,0.5811633878745496,0.5811633878745496,0.5827426264867248,0.5827426264867248,0.5827426264867248,0.5841715037907732,0.5841715037907732,0.5841715037907732,0.5853568734450415,0.5853568734450415,0.5853568734450415,0.5861491515053897,0.5861491515053897,0.5861491515053897,0.5875910778764245,0.5875910778764245,0.5875910778764245,0.5882206593557331,0.5882206593557331,0.5882206593557331,0.5903649611595972,0.5903649611595972,0.5903649611595972,0.5910418561897194,0.5910418561897194,0.5910418561897194,0.5917935583218694,0.5917935583218694,0.5917935583218694,0.5928486854290532,0.5928486854290532,0.5928486854290532,0.5933683430470853,0.5933683430470853,0.5933683430470853,0.5950007592046976,0.5950007592046976,0.5950007592046976,0.59565295619152,0.59565295619152,0.59565295619152,0.5965996778693938,0.5965996778693938,0.5965996778693938,0.5976899454302635,0.5976899454302635,0.5976899454302635,0.5989351988915522,0.5989351988915522,0.5989351988915522,0.5993848112164543,0.5993848112164543,0.5993848112164543,0.5998581762303915,0.5998581762303915,0.5998581762303915,0.6004239985371219,0.6004239985371219,0.6004239985371219,0.6008729111144577,0.6008729111144577,0.6008729111144577,0.6014163709166159,0.6014163709166159,0.6014163709166159,0.6021965874077634,0.6021965874077634,0.6021965874077634,0.6027744061725555,0.6027744061725555,0.6027744061725555,0.6040467020731272,0.6040467020731272,0.6040467020731272,0.6047016524422717,0.6047016524422717,0.6047016524422717,0.6051440238044716,0.6051440238044716,0.6051440238044716,0.6057451936287542,0.6057451936287542,0.6057451936287542,0.6072176996395319,0.6072176996395319,0.6072176996395319,0.6078161376226815,0.6078161376226815,0.6078161376226815,0.6087604558900449,0.6087604558900449,0.6087604558900449,0.6090642876695757,0.6090642876695757,0.6090642876695757,0.6092885327628628,0.6092885327628628,0.6092885327628628,0.6099096817012887,0.6099096817012887,0.6099096817012887,0.6102773707794665,0.6102773707794665,0.6102773707794665,0.6108307932155838,0.6108307932155838,0.6108307932155838,0.6111409015327323,0.6111409015327323,0.6111409015327323,0.6119025321561299,0.6119025321561299,0.6119025321561299,0.6136443943065346,0.6136443943065346,0.6136443943065346,0.6139616943605775,0.6139616943605775,0.6139616943605775,0.6144279391355759,0.6144279391355759,0.6144279391355759,0.6147207439346843,0.6147207439346843,0.6147207439346843,0.615017191897794,0.615017191897794,0.615017191897794,0.6154361584537326,0.6154361584537326,0.6154361584537326,0.6161949114199229,0.6161949114199229,0.6161949114199229,0.6168319148136884,0.6168319148136884,0.6168319148136884,0.6172072555497927,0.6172072555497927,0.6172072555497927,0.6175437518833047,0.6175437518833047,0.6175437518833047,0.617999000870729,0.617999000870729,0.617999000870729,0.618291003215528,0.618291003215528,0.618291003215528,0.6186975477797358,0.6186975477797358,0.6186975477797358,0.6188866246690788,0.6188866246690788,0.6188866246690788,0.6191928774081411,0.6191928774081411,0.6191928774081411,0.6194923616017444,0.6194923616017444,0.6194923616017444,0.6202834286908767,0.6202834286908767,0.6202834286908767,0.6205899487504224,0.6205899487504224,0.6205899487504224,0.620833829697262,0.620833829697262,0.620833829697262,0.6210770462460778,0.6210770462460778,0.6210770462460778,0.621177714482911,0.621177714482911,0.621177714482911,0.6214124705391078,0.6214124705391078,0.6214124705391078,0.6216661220082578,0.6216661220082578,0.6216661220082578,0.6219043826268836,0.6219043826268836,0.6219043826268836,0.6219975704403817,0.6219975704403817,0.6219975704403817,0.6223966715943696,0.6223966715943696,0.6223966715943696,0.6225312331932401,0.6225312331932401,0.6225312331932401,0.6231195557652606,0.6231195557652606,0.6231195557652606,0.6232802585817729,0.6232802585817729,0.6232802585817729,0.6235228670903478,0.6235228670903478,0.6235228670903478,0.6237747212822826,0.6237747212822826,0.6237747212822826,0.6239485828392147,0.6239485828392147,0.6239485828392147,0.6241235979719297,0.6241235979719297,0.6241235979719297,0.6242723736247872,0.6242723736247872,0.6242723736247872,0.6243850458238345,0.6243850458238345,0.6243850458238345,0.6245585910173271,0.6245585910173271,0.6245585910173271,0.6247030924103665,0.6247030924103665,0.6247030924103665,0.6249457949922719,0.6249457949922719,0.6249457949922719,0.6251463920729374,0.6251463920729374,0.6251463920729374,0.6254841302056601,0.6254841302056601,0.6254841302056601,0.625682818461403,0.625682818461403,0.625682818461403,0.6259001187620601,0.6259001187620601,0.6259001187620601,0.6262779925313102,0.6262779925313102,0.6262779925313102,0.6264111625214293,0.6264111625214293,0.6264111625214293,0.6265077697713796,0.6265077697713796,0.6265077697713796,0.6267044284435138,0.6267044284435138,0.6267044284435138,0.6267799517121065,0.6267799517121065,0.6267799517121065,0.6268730358276021,0.6268730358276021,0.6268730358276021,0.6270037041299934,0.6270037041299934,0.6270037041299934,0.627216980149469,0.627216980149469,0.627216980149469,0.6274025033547113,0.6274025033547113,0.6274025033547113,0.627543898457254,0.627543898457254,0.627543898457254,0.627691196614838,0.627691196614838,0.627691196614838,0.6278327162995466,0.6278327162995466,0.6278327162995466,0.6285838789687052,0.6285838789687052,0.6285838789687052,0.6286512984068722,0.6286512984068722,0.6286512984068722,0.6288192491978697,0.6288192491978697,0.6288192491978697,0.628936648193049,0.628936648193049,0.628936648193049,0.629053686483266,0.629053686483266,0.629053686483266,0.6293966494765046,0.6293966494765046,0.6293966494765046,0.6295075864419388,0.6295075864419388,0.6295075864419388,0.6295395152173942,0.6295395152173942,0.6295395152173942,0.6297428450549108,0.6297428450549108,0.6297428450549108,0.6298814024715707,0.6298814024715707,0.6298814024715707,0.6303202393322481,0.6303202393322481,0.6303202393322481,0.6304820282606289,0.6304820282606289,0.6304820282606289,0.6305365234865821,0.6305365234865821,0.6305365234865821,0.6307583193918668,0.6307583193918668,0.6307583193918668,0.6313344784714596,0.6313344784714596,0.6313344784714596,0.6316854506139894,0.6316854506139894,0.6316854506139894,0.6317713035963088,0.6317713035963088,0.6317713035963088,0.631856984403932,0.631856984403932,0.631856984403932,0.6319185888985592,0.6319185888985592,0.6319185888985592,0.6320114205872958,0.6320114205872958,0.6320114205872958,0.6320610882836413,0.6320610882836413,
0.001370701907844454,0.001370701907844454,0.001370701907844454,0.006580042810842566,0.006580042810842566,0.006580042810842566,0.009801399474592624,0.009801399474592624,0.009801399474592624,0.12236297686773412,0.12236297686773412,0.12236297686773412,0.12431738401559339,0.12431738401559339,0.12431738401559339,0.13290910766578193,0.13290910766578193,0.13290910766578193,0.20010517928188165,0.20010517928188165,0.20010517928188165,0.2228577560332951,0.2228577560332951,0.2228577560332951,0.2589197861545616,0.2589197861545616,0.2589197861545616,0.2778861027746783,0.2778861027746783,0.2778861027746783,0.3116800383771896,0.3116800383771896,0.3116800383771896,0.33024824510415807,0.33024824510415807,0.33024824510415807,0.35209897621824265,0.35209897621824265,0.35209897621824265,0.37123589884735114,0.37123589884735114,0.37123589884735114,0.40152195991552364,0.40152195991552364,0.40152195991552364,0.4131458983863457,0.4131458983863457,0.4131458983863457,0.4233944159188627,0.4233944159188627,0.4233944159188627,0.43786677528510776,0.43786677528510776,0.43786677528510776,0.4494794248021145,0.4494794248021145,0.4494794248021145,0.46002269727431766,0.46002269727431766,0.46002269727431766,0.47129532860855916,0.47129532860855916,0.47129532860855916,0.48233904239558156,0.48233904239558156,0.48233904239558156,0.4929578473538688,0.4929578473538688,0.4929578473538688,0.501972788535889,0.501972788535889,0.501972788535889,0.5076948658243684,0.5076948658243684,0.5076948658243684,0.5154512852537407,0.5154512852537407,0.5154512852537407,0.5203500558730517,0.5203500558730517,0.5203500558730517,0.524895329144108,0.524895329144108,0.524895329144108,0.529788418316896,0.529788418316896,0.529788418316896,0.5369705599317768,0.5369705599317768,0.5369705599317768,0.5413337358870848,0.5413337358870848,0.5413337358870848,0.5455144040080963,0.5455144040080963,0.5455144040080963,0.5504129312232883,0.5504129312232883,0.5504129312232883,0.5544445058193017,0.5544445058193017,0.5544445058193017,0.5584865596504507,0.5584865596504507,0.5584865596504507,0.5605163412339682,0.5605163412339682,0.5605163412339682,0.5646742845596203,0.5646742845596203,0.5646742845596203,0.567332767009734,0.567332767009734,0.567332767009734,0.5694947284069128,0.5694947284069128,0.5694947284069128,0.5713568167687871,0.5713568167687871,0.5713568167687871,0.5732883566123524,0.5732883566123524,0.5732883566123524,0.5759063161190232,0.5759063161190232,0.5759063161190232,0.5777446654309853,0.5777446654309853,0.5777446654309853,0.5787921299747456,0.5787921299747456,0.5787921299747456,0.5812265732947012,0.5812265732947012,0.5812265732947012,0.5837735575887282,0.5837735575887282,0.5837735575887282,0.5852634666825748,0.5852634666825748,0.5852634666825748,0.5860821265889772,0.5860821265889772,0.5860821265889772,0.5870122858073774,0.5870122858073774,0.5870122858073774,0.5884287575736489,0.5884287575736489,0.5884287575736489,0.589992851084889,0.589992851084889,0.589992851084889,0.5905729620230413,0.5905729620230413,0.5905729620230413,0.5921917125474633,0.5921917125474633,0.5921917125474633,0.5928430397962766,0.5928430397962766,0.5928430397962766,0.593808334715268,0.593808334715268,0.593808334715268,0.5949647670249816,0.5949647670249816,0.5949647670249816,0.5960066435568357,0.5960066435568357,0.5960066435568357,0.5965499291338363,0.5965499291338363,0.5965499291338363,0.5973100081681694,0.5973100081681694,0.5973100081681694,0.5981351882254097,0.5981351882254097,0.5981351882254097,0.598796023575597,0.598796023575597,0.598796023575597,0.5992875164797282,0.5992875164797282,0.5992875164797282,0.6000084135662033,0.6000084135662033,0.6000084135662033,0.600610939628408,0.600610939628408,0.600610939628408,0.6015365185753287,0.6015365185753287,0.6015365185753287,0.6026532880239607,0.6026532880239607,0.6026532880239607,0.6035377355635837,0.6035377355635837,0.6035377355635837,0.6040336189204635,0.6040336189204635,0.6040336189204635,0.6059112801067134,0.6059112801067134,0.6059112801067134,0.6064352985372621,0.6064352985372621,0.6064352985372621,0.6068730976404548,0.6068730976404548,0.6068730976404548,0.6073973298598548,0.6073973298598548,0.6073973298598548,0.6078680882520144,0.6078680882520144,0.6078680882520144,0.6087334528816033,0.6087334528816033,0.6087334528816033,0.6091005045633969,0.6091005045633969,0.6091005045633969,0.6093765929277782,0.6093765929277782,0.6093765929277782,0.609937575223381,0.609937575223381,0.609937575223381,0.6103595185526067,0.6103595185526067,0.6103595185526067,0.6107708559741883,0.6107708559741883,0.6107708559741883,0.6115004966780976,0.6115004966780976,0.6115004966780976,0.612043214692039,0.612043214692039,0.612043214692039,0.6124467697146607,0.6124467697146607,0.6124467697146607,0.6133128237725664,0.6133128237725664,0.6133128237725664,0.6136792739683631,0.6136792739683631,0.6136792739683631,0.6140948518164815,0.6140948518164815,0.6140948518164815,0.6145464221483662,0.6145464221483662,0.6145464221483662,0.6147798504171114,0.6147798504171114,0.6147798504171114,0.615153987621419,0.615153987621419,0.615153987621419,0.6154719663660173,0.6154719663660173,0.6154719663660173,0.6156900769705748,0.6156900769705748,0.6156900769705748,0.616207880720947,0.616207880720947,0.616207880720947,0.6164364710045755,0.6164364710045755,0.6164364710045755,0.6167311542037583,0.6167311542037583,0.6167311542037583,0.6178052194594029,0.6178052194594029,0.6178052194594029,0.61822036100017,0.61822036100017,0.61822036100017,0.6184055402421864,0.6184055402421864,0.6184055402421864,0.6188461949334205,0.6188461949334205,0.6188461949334205,0.6191305068709936,0.6191305068709936,0.6191305068709936,0.6194874340639792,0.6194874340639792,0.6194874340639792,0.619824045961047,0.619824045961047,0.619824045961047,0.620622588368962,0.620622588368962,0.620622588368962,0.6208814799015708,0.6208814799015708,0.6208814799015708,0.6211123108241506,0.6211123108241506,0.6211123108241506,0.6219057348758652,0.6219057348758652,0.6219057348758652,0.6221065300722777,0.6221065300722777,0.6221065300722777,0.6222793223647998,0.6222793223647998,0.6222793223647998,0.6226290123546464,0.6226290123546464,0.6226290123546464,0.6228819219715236,0.6228819219715236,0.6228819219715236,0.6230279788168043,0.6230279788168043,0.6230279788168043,0.6231071641110688,0.6231071641110688,0.6231071641110688,0.6234384413100348,0.6234384413100348,0.6234384413100348,0.6236411523299457,0.6236411523299457,0.6236411523299457,0.6238145855034128,0.6238145855034128,0.6238145855034128,0.6240449927616599,0.6240449927616599,0.6240449927616599,0.6242748082345039,0.6242748082345039,0.6242748082345039,0.6243872290978928,0.6243872290978928,0.6243872290978928,0.6258281154328772,0.6258281154328772,0.6258281154328772,0.6260651496233163,0.6260651496233163,0.6260651496233163,0.6261958639048187,0.6261958639048187,0.6261958639048187,0.6263066210480231,0.6263066210480231,0.6263066210480231,0.6264792020989901,0.6264792020989901,0.6264792020989901,0.62662506940219,0.62662506940219,0.62662506940219,0.6268083859572227,0.6268083859572227,0.6268083859572227,0.6271141458776794,0.6271141458776794,0.6271141458776794,0.6273006033422927,0.6273006033422927,0.6273006033422927,0.6279717485385071,0.6279717485385071,0.6279717485385071,0.6281621722437364,0.6281621722437364,0.6281621722437364,0.628286294747102,0.628286294747102,0.628286294747102,0.628642637254349,0.628642637254349,0.628642637254349,0.6287552975118761,0.6287552975118761,0.6287552975118761,0.6288994697400928,0.6288994697400928,0.6288994697400928,0.6290505999629054,0.6290505999629054,0.6290505999629054,0.6290960242210709,0.6290960242210709,0.6290960242210709,0.6292567400209557,0.6292567400209557,0.6292567400209557,0.6294741477371063,0.6294741477371063,0.6294741477371063,0.6295399288654048,0.6295399288654048,0.6295399288654048,0.6300465586095242,0.6300465586095242,0.6300465586095242,0.630084767388371,0.630084767388371,0.630084767388371,0.630214850052341,0.630214850052341,0.630214850052341,0.6303219166724259,0.6303219166724259,0.6303219166724259,0.6309198345400445,0.6309198345400445,0.6309198345400445,0.6310095060202495,0.6310095060202495,0.6310095060202495,0.6311212225017737,0.6311212225017737,0.6311212225017737,0.631285533617214,0.631285533617214,0.631285533617214,0.6313717014873507,0.6313717014873507,0.6313717014873507,0.6315840344024313,0.6315840344024313,0.6315840344024313,0.6316740226890682,0.6316740226890682,0.6316740226890682,0.6318396719554429,0.6318396719554429,0.6318396719554429,0.6319432219529375,0.6319432219529375,0.6319432219529375,0.6319622849426584,0.6319622849426584,0.6319622849426584,0.6320598433797903,0.6320598433797903,0.6320598433797903,0.632110336591323,0.632110336591323,0.632110336591323,0.6321669678150238,0.6321669678150238,0.6321669678150238,0.632291706536338,0.632291706536338,0.632291706536338,0.6326128925566096,0.6326128925566096,0.6326128925566096,0.6327204851872057,0.6327204851872057,0.6327204851872057,0.632994474287393,0.632994474287393,0.632994474287393,0.633115238755759,0.633115238755759,0.633115238755759,0.6332825864076984,0.6332825864076984,0.6332825864076984,0.6333755753564004,0.6333755753564004,0.6333755753564004,0.6336098363969966,0.6336098363969966,0.6336098363969966,0.6336385831529485,0.6336385831529485,0.6336385831529485,0.6339509807305561,0.6339509807305561,0.6339509807305561,0.6340617750054094,0.6340617750054094,0.6340617750054094,0.6341832843323647,0.6341832843323647,0.6341832843323647,0.6343314892090011,0.6343314892090011,0.6343314892090011,0.6344047921125049,0.6344047921125049,
0.04271929967057974,0.04271929967057974,0.04271929967057974,0.042719299670579754,0.042719299670579754,0.042719299670579754,0.05243401777293891,0.05243401777293891,0.05243401777293891,0.08299654549238906,0.08299654549238906,0.08299654549238906,0.11383597819020731,0.11383597819020731,0.11383597819020731,0.16320956544951504,0.16320956544951504,0.16320956544951504,0.19333988952118217,0.19333988952118217,0.19333988952118217,0.20956831375675558,0.20956831375675558,0.20956831375675558,0.2410171674528501,0.2410171674528501,0.2410171674528501,0.25988165616886255,0.25988165616886255,0.25988165616886255,0.28754909900751785,0.28754909900751785,0.28754909900751785,0.3201518972621169,0.3201518972621169,0.3201518972621169,0.34992053274265106,0.34992053274265106,0.34992053274265106,0.3635496557640418,0.3635496557640418,0.3635496557640418,0.3766892827295033,0.3766892827295033,0.3766892827295033,0.4016081138693875,0.4016081138693875,0.4016081138693875,0.4161198451408191,0.4161198451408191,0.4161198451408191,0.4288937139303652,0.4288937139303652,0.4288937139303652,0.4419614818153721,0.4419614818153721,0.4419614818153721,0.45577434333055045,0.45577434333055045,0.45577434333055045,0.46010750664695294,0.46010750664695294,0.46010750664695294,0.4749645469160995,0.4749645469160995,0.4749645469160995,0.4872030107145113,0.4872030107145113,0.4872030107145113,0.49980711441836295,0.49980711441836295,0.49980711441836295,0.5078848137605623,0.5078848137605623,0.5078848137605623,0.5154749579825333,0.5154749579825333,0.5154749579825333,0.5208919807699325,0.5208919807699325,0.5208919807699325,0.5231347186894542,0.5231347186894542,0.5231347186894542,0.528533250282782,0.528533250282782,0.528533250282782,0.5331545740518735,0.5331545740518735,0.5331545740518735,0.5374996273808164,0.5374996273808164,0.5374996273808164,0.5406529015530853,0.5406529015530853,0.5406529015530853,0.5434922956577072,0.5434922956577072,0.5434922956577072,0.5484317965568335,0.5484317965568335,0.5484317965568335,0.5509786101161603,0.5509786101161603,0.5509786101161603,0.5531804639498566,0.5531804639498566,0.5531804639498566,0.5566941289035068,0.5566941289035068,0.5566941289035068,0.5601069357671239,0.5601069357671239,0.5601069357671239,0.5641983575184052,0.5641983575184052,0.5641983575184052,0.5667358259538517,0.5667358259538517,0.5667358259538517,0.5695796909282281,0.5695796909282281,0.5695796909282281,0.5714728903790544,0.5714728903790544,0.5714728903790544,0.573293356595908,0.573293356595908,0.573293356595908,0.5758396655571152,0.5758396655571152,0.5758396655571152,0.5787067038501055,0.5787067038501055,0.5787067038501055,0.5800297648560448,0.5800297648560448,0.5800297648560448,0.5814019886243356,0.5814019886243356,0.5814019886243356,0.5831167721842491,0.5831167721842491,0.5831167721842491,0.5851827533467056,0.5851827533467056,0.5851827533467056,0.58723171936332,0.58723171936332,0.58723171936332,0.5891328760620139,0.5891328760620139,0.5891328760620139,0.5905309303803128,0.5905309303803128,0.5905309303803128,0.591809402678895,0.591809402678895,0.591809402678895,0.5929122022407971,0.5929122022407971,0.5929122022407971,0.5940573580973553,0.5940573580973553,0.5940573580973553,0.5957122754229492,0.5957122754229492,0.5957122754229492,0.5965415394446969,0.5965415394446969,0.5965415394446969,0.5978341666254353,0.5978341666254353,0.5978341666254353,0.598752049846741,0.598752049846741,0.598752049846741,0.6001256585072623,0.6001256585072623,0.6001256585072623,0.601130760067696,0.601130760067696,0.601130760067696,0.602050989018324,0.602050989018324,0.602050989018324,0.6038733151580831,0.6038733151580831,0.6038733151580831,0.6044531606688534,0.6044531606688534,0.6044531606688534,0.6054482317258937,0.6054482317258937,0.6054482317258937,0.6060528972628139,0.6060528972628139,0.6060528972628139,0.6067805634751487,0.6067805634751487,0.6067805634751487,0.607206450575565,0.607206450575565,0.607206450575565,0.6076346690189003,0.6076346690189003,0.6076346690189003,0.6081191399854824,0.6081191399854824,0.6081191399854824,0.6088613752203833,0.6088613752203833,0.6088613752203833,0.609834253282942,0.609834253282942,0.609834253282942,0.610365681715787,0.610365681715787,0.610365681715787,0.610887546249022,0.610887546249022,0.610887546249022,0.611463809380865,0.611463809380865,0.611463809380865,0.6120156035066203,0.6120156035066203,0.6120156035066203,0.6126799217156965,0.6126799217156965,0.6126799217156965,0.6135149056576564,0.6135149056576564,0.6135149056576564,0.6140386548214026,0.6140386548214026,0.6140386548214026,0.6145953093822817,0.6145953093822817,0.6145953093822817,0.6149936738972411,0.6149936738972411,0.6149936738972411,0.6154390278806131,0.6154390278806131,0.6154390278806131,0.6160080187769476,0.6160080187769476,0.6160080187769476,0.6165476293737381,0.6165476293737381,0.6165476293737381,0.6170920251449274,0.6170920251449274,0.6170920251449274,0.6176261882808688,0.6176261882808688,0.6176261882808688,0.6179106110148386,0.6179106110148386,0.6179106110148386,0.6184257632424878,0.6184257632424878,0.6184257632424878,0.6187760125198919,0.6187760125198919,0.6187760125198919,0.6192127905308658,0.6192127905308658,0.6192127905308658,0.6193389008956758,0.6193389008956758,0.6193389008956758,0.6197695379209172,0.6197695379209172,0.6197695379209172,0.6199950293552202,0.6199950293552202,0.6199950293552202,0.6203101270656449,0.6203101270656449,0.6203101270656449,0.6207675905171556,0.6207675905171556,0.6207675905171556,0.6209612501964153,0.6209612501964153,0.6209612501964153,0.6211799028722906,0.6211799028722906,0.6211799028722906,0.6217023625774905,0.6217023625774905,0.6217023625774905,0.6218276621216602,0.6218276621216602,0.6218276621216602,0.6220340786168259,0.6220340786168259,0.6220340786168259,0.6226915549496167,0.6226915549496167,0.6226915549496167,0.6229654510969784,0.6229654510969784,0.6229654510969784,0.6231731019510106,0.6231731019510106,0.6231731019510106,0.623511306804805,0.623511306804805,0.623511306804805,0.6239811728109534,0.6239811728109534,0.6239811728109534,0.6241997760030319,0.6241997760030319,0.6241997760030319,0.6250271568433772,0.6250271568433772,0.6250271568433772,0.6251717624619969,0.6251717624619969,0.6251717624619969,0.6254505723799791,0.6254505723799791,0.6254505723799791,0.6255680013209137,0.6255680013209137,0.6255680013209137,0.6257772951706676,0.6257772951706676,0.6257772951706676,0.6258490479653701,0.6258490479653701,0.6258490479653701,0.6262375685626834,0.6262375685626834,0.6262375685626834,0.6264418891486633,0.6264418891486633,0.6264418891486633,0.6266788402859694,0.6266788402859694,0.6266788402859694,0.6268161076634644,0.6268161076634644,0.6268161076634644,0.6268969604807445,0.6268969604807445,0.6268969604807445,0.62723597170762,0.62723597170762,0.62723597170762,0.6277144842265394,0.6277144842265394,0.6277144842265394,0.6280375292570088,0.6280375292570088,0.6280375292570088,0.628186433545731,0.628186433545731,0.628186433545731,0.6283752553927943,0.6283752553927943,0.6283752553927943,0.6287095617581537,0.6287095617581537,0.6287095617581537,0.628854047745413,0.628854047745413,0.628854047745413,0.6290626942399349,0.6290626942399349,0.6290626942399349,0.6292195380121547,0.6292195380121547,0.6292195380121547,0.6293265624909058,0.6293265624909058,0.6293265624909058,0.6295170107769893,0.6295170107769893,0.6295170107769893,0.629730910694318,0.629730910694318,0.629730910694318,0.6298379939911615,0.6298379939911615,0.6298379939911615,0.6299768106158505,0.6299768106158505,0.6299768106158505,0.6301805357583253,0.6301805357583253,0.6301805357583253,0.6303539563190294,0.6303539563190294,0.6303539563190294,0.6305182117969856,0.6305182117969856,0.6305182117969856,0.6307348569292279,0.6307348569292279,0.6307348569292279,0.6309032364059506,0.6309032364059506,0.6309032364059506,0.6309897149147903,0.6309897149147903,0.6309897149147903,0.6311876148706494,0.6311876148706494,0.6311876148706494,0.6313440732563049,0.6313440732563049,0.6313440732563049,0.6313738489134357,0.6313738489134357,0.6313738489134357,0.6315689664936951,0.6315689664936951,0.6315689664936951,0.6316946447233301,0.6316946447233301,0.6316946447233301,0.6319213164391697,0.6319213164391697,0.6319213164391697,0.6320252303889441,0.6320252303889441,0.6320252303889441,0.6321459920935844,0.6321459920935844,0.6321459920935844,0.6323210969349804,0.6323210969349804,0.6323210969349804,0.6327196679660876,0.6327196679660876,0.6327196679660876,0.6328065670736899,0.6328065670736899,0.6328065670736899,0.6330563854545364,0.6330563854545364,0.6330563854545364,0.633218651527088,0.633218651527088,0.633218651527088,0.6334240672912105,0.6334240672912105,0.6334240672912105,0.633830974424163,0.633830974424163,0.633830974424163,0.6339139250567185,0.6339139250567185,0.6339139250567185,0.6340680565879704,0.6340680565879704,0.6340680565879704,0.6341690421104038,0.6341690421104038,0.6341690421104038,0.6342856696108925,0.6342856696108925,0.6342856696108925,0.6343618020561843,0.6343618020561843,0.6343618020561843,0.6344321724287773,0.6344321724287773,0.6344321724287773,0.6345420115613367,0.6345420115613367,0.6345420115613367,0.634648189166916,0.634648189166916,0.634648189166916,0.6346969846469378,0.6346969846469378,0.6346969846469378,0.6347656212605656,0.6347656212605656,0.6347656212605656,0.634867983130051,0.634867983130051,0.634867983130051,0.6350284753277244,0.6350284753277244,0.6350284753277244,0.6354316913311794,0.6354316913311794,0.6354316913311794,0.6355683278619896,0.6355683278619896,0.6355683278619896,0.6356937750932785,0.6356937750932785,
0.0019273706355472779,0.0019273706355472779,0.0019273706355472779,0.025016472041888085,0.025016472041888085,0.025016472041888085,0.03294796319567933,0.03294796319567933,0.03294796319567933,0.05170538693856116,0.05170538693856116,0.05170538693856116,0.10729721264856322,0.10729721264856322,0.10729721264856322,0.14261192992425897,0.14261192992425897,0.14261192992425897,0.1742849565269881,0.1742849565269881,0.1742849565269881,0.21511102157856618,0.21511102157856618,0.21511102157856618,0.2294612795609371,0.2294612795609371,0.2294612795609371,0.25914630338582406,0.25914630338582406,0.25914630338582406,0.2877188897513072,0.2877188897513072,0.2877188897513072,0.3256347846624881,0.3256347846624881,0.3256347846624881,0.34905263001110637,0.34905263001110637,0.34905263001110637,0.36750123197245405,0.36750123197245405,0.36750123197245405,0.3794747317337614,0.3794747317337614,0.3794747317337614,0.3882690756805224,0.3882690756805224,0.3882690756805224,0.40529215617515985,0.40529215617515985,0.40529215617515985,0.4139122082411758,0.4139122082411758,0.4139122082411758,0.42429214955994116,0.42429214955994116,0.42429214955994116,0.43106740990156184,0.43106740990156184,0.43106740990156184,0.45175096322350294,0.45175096322350294,0.45175096322350294,0.4608417907267811,0.4608417907267811,0.4608417907267811,0.46831659463377073,0.46831659463377073,0.46831659463377073,0.47019728095578284,0.47019728095578284,0.47019728095578284,0.47745837754877046,0.47745837754877046,0.47745837754877046,0.48704187651619874,0.48704187651619874,0.48704187651619874,0.49336718497065063,0.49336718497065063,0.49336718497065063,0.49769467347424373,0.49769467347424373,0.49769467347424373,0.5021288502125376,0.5021288502125376,0.5021288502125376,0.5066114951533875,0.5066114951533875,0.5066114951533875,0.5142627217376933,0.5142627217376933,0.5142627217376933,0.5188330100689842,0.5188330100689842,0.5188330100689842,0.5253426941982411,0.5253426941982411,0.5253426941982411,0.5329902041324602,0.5329902041324602,0.5329902041324602,0.53569020164562,0.53569020164562,0.53569020164562,0.5388250812788001,0.5388250812788001,0.5388250812788001,0.5404677597004778,0.5404677597004778,0.5404677597004778,0.547062014581759,0.547062014581759,0.547062014581759,0.551409115750775,0.551409115750775,0.551409115750775,0.5541006423878281,0.5541006423878281,0.5541006423878281,0.5570071233797389,0.5570071233797389,0.5570071233797389,0.5600075713849733,0.5600075713849733,0.5600075713849733,0.5619164037487392,0.5619164037487392,0.5619164037487392,0.5644595644466622,0.5644595644466622,0.5644595644466622,0.5659264407050401,0.5659264407050401,0.5659264407050401,0.5678436774849948,0.5678436774849948,0.5678436774849948,0.5722158040374855,0.5722158040374855,0.5722158040374855,0.5729929210529972,0.5729929210529972,0.5729929210529972,0.5758141045692254,0.5758141045692254,0.5758141045692254,0.5763612964367693,0.5763612964367693,0.5763612964367693,0.5777791367821008,0.5777791367821008,0.5777791367821008,0.5790327017274909,0.5790327017274909,0.5790327017274909,0.5820593019872236,0.5820593019872236,0.5820593019872236,0.5842697649915725,0.5842697649915725,0.5842697649915725,0.585991397669132,0.585991397669132,0.585991397669132,0.5873116012217816,0.5873116012217816,0.5873116012217816,0.5888595808425666,0.5888595808425666,0.5888595808425666,0.5903085556360124,0.5903085556360124,0.5903085556360124,0.5912152430846976,0.5912152430846976,0.5912152430846976,0.5924006820060955,0.5924006820060955,0.5924006820060955,0.594364953347387,0.594364953347387,0.594364953347387,0.5960069669856273,0.5960069669856273,0.5960069669856273,0.597761873994451,0.597761873994451,0.597761873994451,0.5984793816072087,0.5984793816072087,0.5984793816072087,0.5996704834866025,0.5996704834866025,0.5996704834866025,0.6009245659179347,0.6009245659179347,0.6009245659179347,0.6018064007206018,0.6018064007206018,0.6018064007206018,0.6039922606980759,0.6039922606980759,0.6039922606980759,0.6047634902686019,0.6047634902686019,0.6047634902686019,0.6057871883421826,0.6057871883421826,0.6057871883421826,0.6064860934386492,0.6064860934386492,0.6064860934386492,0.6073975228969557,0.6073975228969557,0.6073975228969557,0.608401041809327,0.608401041809327,0.608401041809327,0.608960345123755,0.608960345123755,0.608960345123755,0.6101138350139805,0.6101138350139805,0.6101138350139805,0.6106869590429357,0.6106869590429357,0.6106869590429357,0.6114341662095875,0.6114341662095875,0.6114341662095875,0.6120254726883954,0.6120254726883954,0.6120254726883954,0.61247668552941,0.61247668552941,0.61247668552941,0.6128018159653079,0.6128018159653079,0.6128018159653079,0.6135162072715918,0.6135162072715918,0.6135162072715918,0.6140198464036872,0.6140198464036872,0.6140198464036872,0.6148787438645289,0.6148787438645289,0.6148787438645289,0.6152649984481835,0.6152649984481835,0.6152649984481835,0.615772908610786,0.615772908610786,0.615772908610786,0.6164593714575859,0.6164593714575859,0.6164593714575859,0.6175435250058273,0.6175435250058273,0.6175435250058273,0.6178437736502971,0.6178437736502971,0.6178437736502971,0.6182551395412641,0.6182551395412641,0.6182551395412641,0.6190507644080355,0.6190507644080355,0.6190507644080355,0.6193928812889322,0.6193928812889322,0.6193928812889322,0.6199050128733051,0.6199050128733051,0.6199050128733051,0.6207475523372334,0.6207475523372334,0.6207475523372334,0.6214092062408314,0.6214092062408314,0.6214092062408314,0.6217790773556167,0.6217790773556167,0.6217790773556167,0.6221990496793404,0.6221990496793404,0.6221990496793404,0.6224181362938879,0.6224181362938879,0.6224181362938879,0.622861473977253,0.622861473977253,0.622861473977253,0.623807625975141,0.623807625975141,0.623807625975141,0.6245162882298688,0.6245162882298688,0.6245162882298688,0.6246526666276433,0.6246526666276433,0.6246526666276433,0.6253035586622415,0.6253035586622415,0.6253035586622415,0.6255062225197064,0.6255062225197064,0.6255062225197064,0.6257105995400837,0.6257105995400837,0.6257105995400837,0.6260403134954826,0.6260403134954826,0.6260403134954826,0.6267092217117116,0.6267092217117116,0.6267092217117116,0.627260380231854,0.627260380231854,0.627260380231854,0.6276026918880608,0.6276026918880608,0.6276026918880608,0.6279694711499678,0.6279694711499678,0.6279694711499678,0.6285446401868883,0.6285446401868883,0.6285446401868883,0.6287861419204814,0.6287861419204814,0.6287861419204814,0.629226629114017,0.629226629114017,0.629226629114017,0.6297294923811523,0.6297294923811523,0.6297294923811523,0.6298655474758136,0.6298655474758136,0.6298655474758136,0.6305357835510496,0.6305357835510496,0.6305357835510496,0.6308882720844197,0.6308882720844197,0.6308882720844197,0.6314073951743043,0.6314073951743043,0.6314073951743043,0.6317901580972421,0.6317901580972421,0.6317901580972421,0.6320824826092958,0.6320824826092958,0.6320824826092958,0.6324143328554835,0.6324143328554835,0.6324143328554835,0.6327982483829261,0.6327982483829261,0.6327982483829261,0.6330016071110104,0.6330016071110104,0.6330016071110104,0.6332000953269917,0.6332000953269917,0.6332000953269917,0.6333472957484949,0.6333472957484949,0.6333472957484949,0.6334161509591459,0.6334161509591459,0.6334161509591459,0.6336399778994268,0.6336399778994268,0.6336399778994268,0.6338726176784781,0.6338726176784781,0.6338726176784781,0.634099526651728,0.634099526651728,0.634099526651728,0.6345201322247243,0.6345201322247243,0.6345201322247243,0.6349968155385854,0.6349968155385854,0.6349968155385854,0.6351706281200002,0.6351706281200002,0.6351706281200002,0.6354302787302908,0.6354302787302908,0.6354302787302908,0.6355933756139628,0.6355933756139628,0.6355933756139628,0.6358300107210713,0.6358300107210713,0.6358300107210713,0.6359972997480526,0.6359972997480526,0.6359972997480526,0.6363189204613712,0.6363189204613712,0.6363189204613712,0.6364442137250941,0.6364442137250941,0.6364442137250941,0.6365904977433581,0.6365904977433581,0.6365904977433581,0.6374443516232607,0.6374443516232607,0.6374443516232607,0.6375305152783155,0.6375305152783155,0.6375305152783155,0.6377609422729649,0.6377609422729649,0.6377609422729649,0.637896091879605,0.637896091879605,0.637896091879605,0.6383254665090197,0.6383254665090197,0.6383254665090197,0.6385146440803972,0.6385146440803972,0.6385146440803972,0.6387660148917129,0.6387660148917129,0.6387660148917129,0.6389140552696574,0.6389140552696574,0.6389140552696574,0.6391985649845314,0.6391985649845314,0.6391985649845314,0.6393291838442936,0.6393291838442936,0.6393291838442936,0.639553666836731,0.639553666836731,0.639553666836731,0.6396664292437158,0.6396664292437158,0.6396664292437158,0.6398181262631679,0.6398181262631679,0.6398181262631679,0.640064597263555,0.640064597263555,0.640064597263555,0.6402366885436181,0.6402366885436181,0.6402366885436181,0.6403454856711623,0.6403454856711623,0.6403454856711623,0.6404891720996014,0.6404891720996014,0.6404891720996014,0.6406828633681935,0.6406828633681935,0.6406828633681935,0.6407855980850625,0.6407855980850625,0.6407855980850625,0.6408911350035831,0.6408911350035831,0.6408911350035831,0.6412541597517355,0.6412541597517355,0.6412541597517355,0.6415211725518328,0.6415211725518328,0.6415211725518328,0.6415516472494724,0.6415516472494724,0.6415516472494724,0.6415699629724275,0.6415699629724275,0.6415699629724275,0.6416630605244948,0.6416630605244948,0.6416630605244948,0.6417602163292521,0.6417602163292521,0.6417602163292521,0.641838981105315,0.641838981105315,0.641838981105315,0.6419720539355331,0.6419720539355331,0.6419720539355331,0.6419774381453909,0.6419774381453909,
0.04187002277478127,0.04187002277478127,0.04187002277478127,0.051912475602087,0.051912475602087,0.051912475602087,0.05440666719098928,0.05440666719098928,0.05440666719098928,0.12152947959897278,0.12152947959897278,0.12152947959897278,0.1413558677166445,0.1413558677166445,0.1413558677166445,0.17901600704642584,0.17901600704642584,0.17901600704642584,0.2259809913535821,0.2259809913535821,0.2259809913535821,0.2500463427223351,0.2500463427223351,0.2500463427223351,0.2788399645952554,0.2788399645952554,0.2788399645952554,0.2915711475840445,0.2915711475840445,0.2915711475840445,0.29861112765985826,0.29861112765985826,0.29861112765985826,0.3110977264180639,0.3110977264180639,0.3110977264180639,0.3532442921487215,0.3532442921487215,0.3532442921487215,0.362664786372397,0.362664786372397,0.362664786372397,0.3792573755763382,0.3792573755763382,0.3792573755763382,0.3874072247235785,0.3874072247235785,0.3874072247235785,0.4061170163182063,0.4061170163182063,0.4061170163182063,0.42132190628781113,0.42132190628781113,0.42132190628781113,0.4351069067759096,0.4351069067759096,0.4351069067759096,0.4424621109527194,0.4424621109527194,0.4424621109527194,0.4527409791794874,0.4527409791794874,0.4527409791794874,0.4583185964524679,0.4583185964524679,0.4583185964524679,0.4669391834529125,0.4669391834529125,0.4669391834529125,0.47624405439298184,0.47624405439298184,0.47624405439298184,0.48306848734559366,0.48306848734559366,0.48306848734559366,0.4878821989281737,0.4878821989281737,0.4878821989281737,0.49600931620479904,0.49600931620479904,0.49600931620479904,0.5007416042743781,0.5007416042743781,0.5007416042743781,0.5054378358136759,0.5054378358136759,0.5054378358136759,0.5121367689274386,0.5121367689274386,0.5121367689274386,0.5194973937945848,0.5194973937945848,0.5194973937945848,0.5246079120609325,0.5246079120609325,0.5246079120609325,0.5270682585566066,0.5270682585566066,0.5270682585566066,0.5296360651915962,0.5296360651915962,0.5296360651915962,0.533914336166146,0.533914336166146,0.533914336166146,0.5401614626946335,0.5401614626946335,0.5401614626946335,0.5424905295558905,0.5424905295558905,0.5424905295558905,0.5455626616655854,0.5455626616655854,0.5455626616655854,0.5483177314823965,0.5483177314823965,0.5483177314823965,0.5519989726528183,0.5519989726528183,0.5519989726528183,0.5559003154165894,0.5559003154165894,0.5559003154165894,0.5582622630568166,0.5582622630568166,0.5582622630568166,0.560827565285327,0.560827565285327,0.560827565285327,0.5628098201648473,0.5628098201648473,0.5628098201648473,0.5642587140905648,0.5642587140905648,0.5642587140905648,0.565479603118807,0.565479603118807,0.565479603118807,0.5676211406448322,0.5676211406448322,0.5676211406448322,0.5707541151298575,0.5707541151298575,0.5707541151298575,0.571661381580714,0.571661381580714,0.571661381580714,0.5740136502878597,0.5740136502878597,0.5740136502878597,0.5761961742675238,0.5761961742675238,0.5761961742675238,0.5783332901415794,0.5783332901415794,0.5783332901415794,0.5801719322530298,0.5801719322530298,0.5801719322530298,0.5819779707885799,0.5819779707885799,0.5819779707885799,0.5829524627642109,0.5829524627642109,0.5829524627642109,0.5843122911751845,0.5843122911751845,0.5843122911751845,0.5861188540137685,0.5861188540137685,0.5861188540137685,0.5869205210231342,0.5869205210231342,0.5869205210231342,0.588172098284803,0.588172098284803,0.588172098284803,0.5890672557022022,0.5890672557022022,0.5890672557022022,0.5912602212179865,0.5912602212179865,0.5912602212179865,0.5927955100890604,0.5927955100890604,0.5927955100890604,0.5940108099992643,0.5940108099992643,0.5940108099992643,0.594790153233571,0.594790153233571,0.594790153233571,0.5961733186889366,0.5961733186889366,0.5961733186889366,0.5975620272417393,0.5975620272417393,0.5975620272417393,0.5991538116203478,0.5991538116203478,0.5991538116203478,0.6001470506659609,0.6001470506659609,0.6001470506659609,0.6011476199337248,0.6011476199337248,0.6011476199337248,0.6021158673172874,0.6021158673172874,0.6021158673172874,0.6026545587202075,0.6026545587202075,0.6026545587202075,0.6033838483847336,0.6033838483847336,0.6033838483847336,0.6038793010634004,0.6038793010634004,0.6038793010634004,0.6047037122536483,0.6047037122536483,0.6047037122536483,0.6049693756248748,0.6049693756248748,0.6049693756248748,0.6055179305393741,0.6055179305393741,0.6055179305393741,0.6066085391161414,0.6066085391161414,0.6066085391161414,0.6077516859306225,0.6077516859306225,0.6077516859306225,0.6094834525249114,0.6094834525249114,0.6094834525249114,0.6099908974238412,0.6099908974238412,0.6099908974238412,0.6105117183081358,0.6105117183081358,0.6105117183081358,0.6118887560933298,0.6118887560933298,0.6118887560933298,0.6128815850959587,0.6128815850959587,0.6128815850959587,0.6131100362757369,0.6131100362757369,0.6131100362757369,0.6134929183806154,0.6134929183806154,0.6134929183806154,0.6146816362359337,0.6146816362359337,0.6146816362359337,0.6152871342192803,0.6152871342192803,0.6152871342192803,0.6159875517658938,0.6159875517658938,0.6159875517658938,0.6162093650348534,0.6162093650348534,0.6162093650348534,0.616469960686087,0.616469960686087,0.616469960686087,0.6169042453842218,0.6169042453842218,0.6169042453842218,0.6173252176158825,0.6173252176158825,0.6173252176158825,0.617627285821578,0.617627285821578,0.617627285821578,0.6182495144499383,0.6182495144499383,0.6182495144499383,0.6187667669745451,0.6187667669745451,0.6187667669745451,0.6197402798737915,0.6197402798737915,0.6197402798737915,0.6201586968475983,0.6201586968475983,0.6201586968475983,0.620625522336029,0.620625522336029,0.620625522336029,0.6210743268379405,0.6210743268379405,0.6210743268379405,0.62150772348711,0.62150772348711,0.62150772348711,0.6218011486857108,0.6218011486857108,0.6218011486857108,0.6224201832450588,0.6224201832450588,0.6224201832450588,0.6229746986796743,0.6229746986796743,0.6229746986796743,0.6232646804488371,0.6232646804488371,0.6232646804488371,0.623696560647415,0.623696560647415,0.623696560647415,0.6240458342875352,0.6240458342875352,0.6240458342875352,0.6244588889096025,0.6244588889096025,0.6244588889096025,0.6249264605743898,0.6249264605743898,0.6249264605743898,0.625223828003025,0.625223828003025,0.625223828003025,0.62537642409662,0.62537642409662,0.62537642409662,0.6255698274716263,0.6255698274716263,0.6255698274716263,0.625778547342135,0.625778547342135,0.625778547342135,0.6260658262460539,0.6260658262460539,0.6260658262460539,0.6264863832041189,0.6264863832041189,0.6264863832041189,0.6267622708179242,0.6267622708179242,0.6267622708179242,0.6271500723651572,0.6271500723651572,0.6271500723651572,0.6272898887836141,0.6272898887836141,0.6272898887836141,0.6274725325300923,0.6274725325300923,0.6274725325300923,0.6276274893462683,0.6276274893462683,0.6276274893462683,0.6278775550720485,0.6278775550720485,0.6278775550720485,0.6280679118014746,0.6280679118014746,0.6280679118014746,0.6283519339363469,0.6283519339363469,0.6283519339363469,0.6285475934621672,0.6285475934621672,0.6285475934621672,0.6286742308230039,0.6286742308230039,0.6286742308230039,0.6290583307237293,0.6290583307237293,0.6290583307237293,0.629221542316915,0.629221542316915,0.629221542316915,0.629358770348521,0.629358770348521,0.629358770348521,0.6294911518330216,0.6294911518330216,0.6294911518330216,0.6297547544973988,0.6297547544973988,0.6297547544973988,0.6298905076949646,0.6298905076949646,0.6298905076949646,0.630190789064602,0.630190789064602,0.630190789064602,0.6303049298536192,0.6303049298536192,0.6303049298536192,0.6304148692560729,0.6304148692560729,0.6304148692560729,0.6305381205201971,0.6305381205201971,0.6305381205201971,0.6306976814778186,0.6306976814778186,0.6306976814778186,0.6308723316030588,0.6308723316030588,0.6308723316030588,0.631053852935709,0.631053852935709,0.631053852935709,0.631155576499418,0.631155576499418,0.631155576499418,0.6314439993071037,0.6314439993071037,0.6314439993071037,0.631483511629966,0.631483511629966,0.631483511629966,0.6317118512346817,0.6317118512346817,0.6317118512346817,0.6318171347904507,0.6318171347904507,0.6318171347904507,0.6319456908159875,0.6319456908159875,0.6319456908159875,0.6321686446899349,0.6321686446899349,0.6321686446899349,0.6322331200487685,0.6322331200487685,0.6322331200487685,0.6324103190565781,0.6324103190565781,0.6324103190565781,0.6326563388928582,0.6326563388928582,0.6326563388928582,0.6328651841658163,0.6328651841658163,0.6328651841658163,0.6329855258172864,0.6329855258172864,0.6329855258172864,0.6330569752175198,0.6330569752175198,0.6330569752175198,0.6331975218020498,0.6331975218020498,0.6331975218020498,0.6332768241659533,0.6332768241659533,0.6332768241659533,0.6334036593632599,0.6334036593632599,0.6334036593632599,0.6335025894917737,0.6335025894917737,0.6335025894917737,0.6338037215882417,0.6338037215882417,0.6338037215882417,0.6339273997843526,0.6339273997843526,0.6339273997843526,0.6340462089405299,0.6340462089405299,0.6340462089405299,0.6341402187218117,0.6341402187218117,0.6341402187218117,0.6342249466553265,0.6342249466553265,0.6342249466553265,0.6346062581964943,0.6346062581964943,0.6346062581964943,0.6349443764537062,0.6349443764537062,0.6349443764537062,0.6351309441017696,0.6351309441017696,0.6351309441017696,0.6352510992824608,0.6352510992824608,0.6352510992824608,0.6354830039005764,0.6354830039005764,0.6354830039005764,0.635555019670122,0.635555019670122,0.635555019670122,0.6356259335662807,0.6356259335662807,0.6356259335662807,0.6357202867187015,0.6357202867187015,
0.009336690275282935,0.009336690275282935,0.009336690275282935,0.052498601476553615,0.052498601476553615,0.052498601476553615,0.06060845647338917,0.06060845647338917,0.06060845647338917,0.12671930506013468,0.12671930506013468,0.12671930506013468,0.14163917723596378,0.14163917723596378,0.14163917723596378,0.16570600763487767,0.16570600763487767,0.16570600763487767,0.19581072709643574,0.19581072709643574,0.19581072709643574,0.22431260530060573,0.22431260530060573,0.22431260530060573,0.23875924701708995,0.23875924701708995,0.23875924701708995,0.2738665838599258,0.2738665838599258,0.2738665838599258,0.2959153080043296,0.2959153080043296,0.2959153080043296,0.333194379856355,0.333194379856355,0.333194379856355,0.3451265764494645,0.3451265764494645,0.3451265764494645,0.37233326960980034,0.37233326960980034,0.37233326960980034,0.388379934292611,0.388379934292611,0.388379934292611,0.4004672328084775,0.4004672328084775,0.4004672328084775,0.41363211661277166,0.41363211661277166,0.41363211661277166,0.42152698945019496,0.42152698945019496,0.42152698945019496,0.4337799993667912,0.4337799993667912,0.4337799993667912,0.44318800500230926,0.44318800500230926,0.44318800500230926,0.45518219620247635,0.45518219620247635,0.45518219620247635,0.46339153768101415,0.46339153768101415,0.46339153768101415,0.47592370040753595,0.47592370040753595,0.47592370040753595,0.4851186203998359,0.4851186203998359,0.4851186203998359,0.4950034171533843,0.4950034171533843,0.4950034171533843,0.5003814463176829,0.5003814463176829,0.5003814463176829,0.504019322210887,0.504019322210887,0.504019322210887,0.508339521030159,0.508339521030159,0.508339521030159,0.5159291690460611,0.5159291690460611,0.5159291690460611,0.5227018678951509,0.5227018678951509,0.5227018678951509,0.5284802610114177,0.5284802610114177,0.5284802610114177,0.5353732051588029,0.5353732051588029,0.5353732051588029,0.539172107484118,0.539172107484118,0.539172107484118,0.5446124621316122,0.5446124621316122,0.5446124621316122,0.5469904228293762,0.5469904228293762,0.5469904228293762,0.5515338759237401,0.5515338759237401,0.5515338759237401,0.5544743453042763,0.5544743453042763,0.5544743453042763,0.5564927528861471,0.5564927528861471,0.5564927528861471,0.5614367902269093,0.5614367902269093,0.5614367902269093,0.5641854859871303,0.5641854859871303,0.5641854859871303,0.5667759117803172,0.5667759117803172,0.5667759117803172,0.5690464051723861,0.5690464051723861,0.5690464051723861,0.5713316454908546,0.5713316454908546,0.5713316454908546,0.5738209741660529,0.5738209741660529,0.5738209741660529,0.5764262350537329,0.5764262350537329,0.5764262350537329,0.5782670551362571,0.5782670551362571,0.5782670551362571,0.5802589938540648,0.5802589938540648,0.5802589938540648,0.5823430911053405,0.5823430911053405,0.5823430911053405,0.5851942629444158,0.5851942629444158,0.5851942629444158,0.586207259649309,0.586207259649309,0.586207259649309,0.5875692203032706,0.5875692203032706,0.5875692203032706,0.5901388236279264,0.5901388236279264,0.5901388236279264,0.591783091600521,0.591783091600521,0.591783091600521,0.592901682965923,0.592901682965923,0.592901682965923,0.5943145337227485,0.5943145337227485,0.5943145337227485,0.5960732464356432,0.5960732464356432,0.5960732464356432,0.5973460565376867,0.5973460565376867,0.5973460565376867,0.5982316094015296,0.5982316094015296,0.5982316094015296,0.5991454454949743,0.5991454454949743,0.5991454454949743,0.6003975003327099,0.6003975003327099,0.6003975003327099,0.6016506377577003,0.6016506377577003,0.6016506377577003,0.6029090097242692,0.6029090097242692,0.6029090097242692,0.6036230305779056,0.6036230305779056,0.6036230305779056,0.6040305596902688,0.6040305596902688,0.6040305596902688,0.6047451387099103,0.6047451387099103,0.6047451387099103,0.6056390894305895,0.6056390894305895,0.6056390894305895,0.6060437026007794,0.6060437026007794,0.6060437026007794,0.606833333281759,0.606833333281759,0.606833333281759,0.6074579975284914,0.6074579975284914,0.6074579975284914,0.6081255930174894,0.6081255930174894,0.6081255930174894,0.6088017539297728,0.6088017539297728,0.6088017539297728,0.6096079035431331,0.6096079035431331,0.6096079035431331,0.6105996736115112,0.6105996736115112,0.6105996736115112,0.6111898178007008,0.6111898178007008,0.6111898178007008,0.6118496590846046,0.6118496590846046,0.6118496590846046,0.6128704195529072,0.6128704195529072,0.6128704195529072,0.6136247198836001,0.6136247198836001,0.6136247198836001,0.6140862468541863,0.6140862468541863,0.6140862468541863,0.6148827251706005,0.6148827251706005,0.6148827251706005,0.6155985718565753,0.6155985718565753,0.6155985718565753,0.6160226388390831,0.6160226388390831,0.6160226388390831,0.6167022558372286,0.6167022558372286,0.6167022558372286,0.6175017625440595,0.6175017625440595,0.6175017625440595,0.6179961969068382,0.6179961969068382,0.6179961969068382,0.6185611199686784,0.6185611199686784,0.6185611199686784,0.6189421440919559,0.6189421440919559,0.6189421440919559,0.6195019646929895,0.6195019646929895,0.6195019646929895,0.6204968766040599,0.6204968766040599,0.6204968766040599,0.6210435107766602,0.6210435107766602,0.6210435107766602,0.6214119869811665,0.6214119869811665,0.6214119869811665,0.622059423369406,0.622059423369406,0.622059423369406,0.6224448490468606,0.6224448490468606,0.6224448490468606,0.6227710217183546,0.6227710217183546,0.6227710217183546,0.6230933159819179,0.6230933159819179,0.6230933159819179,0.6234412982799786,0.6234412982799786,0.6234412982799786,0.6239274642466774,0.6239274642466774,0.6239274642466774,0.6242648633537995,0.6242648633537995,0.6242648633537995,0.6244311268585233,0.6244311268585233,0.6244311268585233,0.6251839523776679,0.6251839523776679,0.6251839523776679,0.6256158898679616,0.6256158898679616,0.6256158898679616,0.6259343307502805,0.6259343307502805,0.6259343307502805,0.6263547621855962,0.6263547621855962,0.6263547621855962,0.6267624758501881,0.6267624758501881,0.6267624758501881,0.6270029955500823,0.6270029955500823,0.6270029955500823,0.6273534624464342,0.6273534624464342,0.6273534624464342,0.6275218015279689,0.6275218015279689,0.6275218015279689,0.6277551014323424,0.6277551014323424,0.6277551014323424,0.6280784911823263,0.6280784911823263,0.6280784911823263,0.6283209753135586,0.6283209753135586,0.6283209753135586,0.6287106736278417,0.6287106736278417,0.6287106736278417,0.6288599363138906,0.6288599363138906,0.6288599363138906,0.6290674322217549,0.6290674322217549,0.6290674322217549,0.6291827261292208,0.6291827261292208,0.6291827261292208,0.6292660387193265,0.6292660387193265,0.6292660387193265,0.6295666147089292,0.6295666147089292,0.6295666147089292,0.6297131457326062,0.6297131457326062,0.6297131457326062,0.6299531083151115,0.6299531083151115,0.6299531083151115,0.6301486617161277,0.6301486617161277,0.6301486617161277,0.6302849130681579,0.6302849130681579,0.6302849130681579,0.6305100977573864,0.6305100977573864,0.6305100977573864,0.6306177476608955,0.6306177476608955,0.6306177476608955,0.6308728614217215,0.6308728614217215,0.6308728614217215,0.6310265474256028,0.6310265474256028,0.6310265474256028,0.6310834328413679,0.6310834328413679,0.6310834328413679,0.6313583913323936,0.6313583913323936,0.6313583913323936,0.6314988267669991,0.6314988267669991,0.6314988267669991,0.6316783730428651,0.6316783730428651,0.6316783730428651,0.6317243915093099,0.6317243915093099,0.6317243915093099,0.6317976416935172,0.6317976416935172,0.6317976416935172,0.6319485110195093,0.6319485110195093,0.6319485110195093,0.6319904486046902,0.6319904486046902,0.6319904486046902,0.6321614565867469,0.6321614565867469,0.6321614565867469,0.6323582152090457,0.6323582152090457,0.6323582152090457,0.6325416638505733,0.6325416638505733,0.6325416638505733,0.6327535367926314,0.6327535367926314,0.6327535367926314,0.6328684051749041,0.6328684051749041,0.6328684051749041,0.6330228701439014,0.6330228701439014,0.6330228701439014,0.6331441467530036,0.6331441467530036,0.6331441467530036,0.633305678641076,0.633305678641076,0.633305678641076,0.6333883401970751,0.6333883401970751,0.6333883401970751,0.6335375183822074,0.6335375183822074,0.6335375183822074,0.6336549218296191,0.6336549218296191,0.6336549218296191,0.6337502102746005,0.6337502102746005,0.6337502102746005,0.6337948999861429,0.6337948999861429,0.6337948999861429,0.633904604742817,0.633904604742817,0.633904604742817,0.6339605384350541,0.6339605384350541,0.6339605384350541,0.6340062464866774,0.6340062464866774,0.6340062464866774,0.6342073903312093,0.6342073903312093,0.6342073903312093,0.6342886505592932,0.6342886505592932,0.6342886505592932,0.6343675123371253,0.6343675123371253,0.6343675123371253,0.6346333212521176,0.6346333212521176,0.6346333212521176,0.6347254131505516,0.6347254131505516,0.6347254131505516,0.6347985102331342,0.6347985102331342,0.6347985102331342,0.6348809606002185,0.6348809606002185,0.6348809606002185,0.6349782926388283,0.6349782926388283,0.6349782926388283,0.6352952783570172,0.6352952783570172,0.6352952783570172,0.63549214427081,0.63549214427081,0.63549214427081,0.6356180410469313,0.6356180410469313,0.6356180410469313,0.6358620194413896,0.6358620194413896,0.6358620194413896,0.6362424154619499,0.6362424154619499,0.6362424154619499,0.6362932527888113,0.6362932527888113,0.6362932527888113,0.6367172874182268,0.6367172874182268,0.6367172874182268,0.6368638986364129,0.6368638986364129,0.6368638986364129,0.6369768420727862,0.6369768420727862,0.6369768420727862,0.6372395741004055,0.6372395741004055,0.6372395741004055,0.6374519549549481,0.6374519549549481,0.6374519549549481,0.6375344616020491,0.6375344616020491,
0.0,0.0,0.0,0.007771875682684277,0.007771875682684277,0.007771875682684277,0.0763392370841025,0.0763392370841025,0.0763392370841025,0.08284118971118978,0.08284118971118978,0.08284118971118978,0.0887014284030107,0.0887014284030107,0.0887014284030107,0.1120238842003167,0.1120238842003167,0.1120238842003167,0.1418726729364384,0.1418726729364384,0.1418726729364384,0.20069942635739915,0.20069942635739915,0.20069942635739915,0.2140927750687954,0.2140927750687954,0.2140927750687954,0.24532755012187887,0.24532755012187887,0.24532755012187887,0.2865778988591768,0.2865778988591768,0.2865778988591768,0.29877334217235485,0.29877334217235485,0.29877334217235485,0.3281055524202752,0.3281055524202752,0.3281055524202752,0.34528484398783976,0.34528484398783976,0.34528484398783976,0.37788608440265853,0.37788608440265853,0.37788608440265853,0.40561723145222567,0.40561723145222567,0.40561723145222567,0.4203029658243702,0.4203029658243702,0.4203029658243702,0.43232705644089203,0.43232705644089203,0.43232705644089203,0.4401724330364007,0.4401724330364007,0.4401724330364007,0.4505191470094422,0.4505191470094422,0.4505191470094422,0.45585041255212144,0.45585041255212144,0.45585041255212144,0.4653361900331611,0.4653361900331611,0.4653361900331611,0.46907989618081836,0.46907989618081836,0.46907989618081836,0.48395505892173907,0.48395505892173907,0.48395505892173907,0.4874872036614015,0.4874872036614015,0.4874872036614015,0.49346245631809166,0.49346245631809166,0.49346245631809166,0.4994986297171533,0.4994986297171533,0.4994986297171533,0.5072075191189656,0.5072075191189656,0.5072075191189656,0.5113071041022251,0.5113071041022251,0.5113071041022251,0.516363596091348,0.516363596091348,0.516363596091348,0.5194921377993468,0.5194921377993468,0.5194921377993468,0.5259069068026904,0.5259069068026904,0.5259069068026904,0.5297444358148305,0.5297444358148305,0.5297444358148305,0.5321427451180235,0.5321427451180235,0.5321427451180235,0.5373559465714947,0.5373559465714947,0.5373559465714947,0.5386853985292894,0.5386853985292894,0.5386853985292894,0.5443005694967041,0.5443005694967041,0.5443005694967041,0.5478432150998506,0.5478432150998506,0.5478432150998506,0.5496664620508019,0.5496664620508019,0.5496664620508019,0.5524386864845111,0.5524386864845111,0.5524386864845111,0.5565479831626469,0.5565479831626469,0.5565479831626469,0.5615457055534113,0.5615457055534113,0.5615457055534113,0.563751498385672,0.563751498385672,0.563751498385672,0.5654850045411769,0.5654850045411769,0.5654850045411769,0.5669296735322601,0.5669296735322601,0.5669296735322601,0.5676050887298176,0.5676050887298176,0.5676050887298176,0.5692543718835732,0.5692543718835732,0.5692543718835732,0.5706045939359115,0.5706045939359115,0.5706045939359115,0.5736073701543629,0.5736073701543629,0.5736073701543629,0.5752644820743622,0.5752644820743622,0.5752644820743622,0.5772645049500764,0.5772645049500764,0.5772645049500764,0.5791047073380428,0.5791047073380428,0.5791047073380428,0.5806421516878715,0.5806421516878715,0.5806421516878715,0.5819505323953783,0.5819505323953783,0.5819505323953783,0.583881012634732,0.583881012634732,0.583881012634732,0.5856584088895258,0.5856584088895258,0.5856584088895258,0.5870905791112153,0.5870905791112153,0.5870905791112153,0.5881612425764349,0.5881612425764349,0.5881612425764349,0.5895576975377204,0.5895576975377204,0.5895576975377204,0.5907051801064941,0.5907051801064941,0.5907051801064941,0.5922953350939878,0.5922953350939878,0.5922953350939878,0.5932881522848594,0.5932881522848594,0.5932881522848594,0.5944810252899945,0.5944810252899945,0.5944810252899945,0.595293384996288,0.595293384996288,0.595293384996288,0.5968027070269543,0.5968027070269543,0.5968027070269543,0.5971977946966529,0.5971977946966529,0.5971977946966529,0.5980860133455117,0.5980860133455117,0.5980860133455117,0.5988835926399841,0.5988835926399841,0.5988835926399841,0.5996073603262497,0.5996073603262497,0.5996073603262497,0.6006976248618743,0.6006976248618743,0.6006976248618743,0.6015553194608069,0.6015553194608069,0.6015553194608069,0.6023551467910431,0.6023551467910431,0.6023551467910431,0.6042658553744388,0.6042658553744388,0.6042658553744388,0.6051925926753532,0.6051925926753532,0.6051925926753532,0.6062752677762359,0.6062752677762359,0.6062752677762359,0.6068168065562853,0.6068168065562853,0.6068168065562853,0.607519564696953,0.607519564696953,0.607519564696953,0.6081579714892577,0.6081579714892577,0.6081579714892577,0.6087564266294074,0.6087564266294074,0.6087564266294074,0.6100381689137402,0.6100381689137402,0.6100381689137402,0.6112764114442296,0.6112764114442296,0.6112764114442296,0.6126206780051604,0.6126206780051604,0.6126206780051604,0.6129662450208817,0.6129662450208817,0.6129662450208817,0.6135980118797042,0.6135980118797042,0.6135980118797042,0.6143073991908714,0.6143073991908714,0.6143073991908714,0.6149362859163874,0.6149362859163874,0.6149362859163874,0.6156932892225133,0.6156932892225133,0.6156932892225133,0.6159911828771396,0.6159911828771396,0.6159911828771396,0.616213391301963,0.616213391301963,0.616213391301963,0.6167109317308571,0.6167109317308571,0.6167109317308571,0.6173561844309194,0.6173561844309194,0.6173561844309194,0.6184745869522649,0.6184745869522649,0.6184745869522649,0.618858509644238,0.618858509644238,0.618858509644238,0.6196731631380863,0.6196731631380863,0.6196731631380863,0.6202863937295363,0.6202863937295363,0.6202863937295363,0.6206243946727802,0.6206243946727802,0.6206243946727802,0.6214008139395155,0.6214008139395155,0.6214008139395155,0.6218663436117553,0.6218663436117553,0.6218663436117553,0.6223644381255262,0.6223644381255262,0.6223644381255262,0.6228819297103171,0.6228819297103171,0.6228819297103171,0.623490261715673,0.623490261715673,0.623490261715673,0.6240831274383136,0.6240831274383136,0.6240831274383136,0.6244370029076393,0.6244370029076393,0.6244370029076393,0.6247474841992581,0.6247474841992581,0.6247474841992581,0.6254969876162059,0.6254969876162059,0.6254969876162059,0.626038227650505,0.626038227650505,0.626038227650505,0.6262713017007464,0.6262713017007464,0.6262713017007464,0.6266721774274283,0.6266721774274283,0.6266721774274283,0.6269221401087134,0.6269221401087134,0.6269221401087134,0.6273053586028308,0.6273053586028308,0.6273053586028308,0.627681494524757,0.627681494524757,0.627681494524757,0.6279989512628101,0.6279989512628101,0.6279989512628101,0.6284770224052406,0.6284770224052406,0.6284770224052406,0.6288709069743996,0.6288709069743996,0.6288709069743996,0.6291579335566319,0.6291579335566319,0.6291579335566319,0.6295068695067912,0.6295068695067912,0.6295068695067912,0.6296987357639754,0.6296987357639754,0.6296987357639754,0.6298695709501175,0.6298695709501175,0.6298695709501175,0.6302466384289415,0.6302466384289415,0.6302466384289415,0.6304723446602906,0.6304723446602906,0.6304723446602906,0.6310800031488986,0.6310800031488986,0.6310800031488986,0.6315494601597129,0.6315494601597129,0.6315494601597129,0.6319564511829731,0.6319564511829731,0.6319564511829731,0.6322038802775706,0.6322038802775706,0.6322038802775706,0.6325657080586758,0.6325657080586758,0.6325657080586758,0.6329111738162538,0.6329111738162538,0.6329111738162538,0.6332223692661572,0.6332223692661572,0.6332223692661572,0.633601979559808,0.633601979559808,0.633601979559808,0.6337319415798542,0.6337319415798542,0.6337319415798542,0.6340308058551523,0.6340308058551523,0.6340308058551523,0.6341558046526758,0.6341558046526758,0.6341558046526758,0.6343598650031629,0.6343598650031629,0.6343598650031629,0.6347576095233022,0.6347576095233022,0.6347576095233022,0.6349974398956136,0.6349974398956136,0.6349974398956136,0.6351561318516469,0.6351561318516469,0.6351561318516469,0.6354307213143091,0.6354307213143091,0.6354307213143091,0.6359383264064397,0.6359383264064397,0.6359383264064397,0.6360605319085122,0.6360605319085122,0.6360605319085122,0.6362565621096905,0.6362565621096905,0.6362565621096905,0.6364822297099025,0.6364822297099025,0.6364822297099025,0.6369002996944813,0.6369002996944813,0.6369002996944813,0.6370571980840799,0.6370571980840799,0.6370571980840799,0.6373434397387846,0.6373434397387846,0.6373434397387846,0.6374998589482632,0.6374998589482632,0.6374998589482632,0.6376320532615217,0.6376320532615217,0.6376320532615217,0.6378006448327962,0.6378006448327962,0.6378006448327962,0.6380872584151626,0.6380872584151626,0.6380872584151626,0.6383242435056163,0.6383242435056163,0.6383242435056163,0.6384604463371694,0.6384604463371694,0.6384604463371694,0.6385820834981181,0.6385820834981181,0.6385820834981181,0.6387236989569859,0.6387236989569859,0.6387236989569859,0.6388640305164554,0.6388640305164554,0.6388640305164554,0.6392805225841326,0.6392805225841326,0.6392805225841326,0.6396764006877003,0.6396764006877003,0.6396764006877003,0.639703123403876,0.639703123403876,0.639703123403876,0.6398251563946775,0.6398251563946775,0.6398251563946775,0.6399846285887351,0.6399846285887351,0.6399846285887351,0.6401057467714407,0.6401057467714407,0.6401057467714407,0.6403987782070006,0.6403987782070006,0.6403987782070006,0.6406258664139587,0.6406258664139587,0.6406258664139587,0.6407001409549423,0.6407001409549423,0.6407001409549423,0.6407934299601256,0.6407934299601256,0.6407934299601256,0.6409427971602311,0.6409427971602311,0.6409427971602311,0.6411520744107307,0.6411520744107307,0.6411520744107307,0.6412439584307705,0.6412439584307705,0.6412439584307705,0.6413866325324,0.6413866325324,0.6413866325324,0.6414396778652733,0.6414396778652733,
0.025206779906622633,0.025206779906622633,0.025206779906622633,0.050480654659221184,0.050480654659221184,0.050480654659221184,0.059011725330834645,0.059011725330834645,0.059011725330834645,0.08586285468965146,0.08586285468965146,0.08586285468965146,0.1271717849221223,0.1271717849221223,0.1271717849221223,0.149481652769363,0.149481652769363,0.149481652769363,0.16975670887418712,0.16975670887418712,0.16975670887418712,0.23949058242667268,0.23949058242667268,0.23949058242667268,0.25487934855841804,0.25487934855841804,0.25487934855841804,0.27855105664659047,0.27855105664659047,0.27855105664659047,0.2980402273430874,0.2980402273430874,0.2980402273430874,0.30312396935826974,0.30312396935826974,0.30312396935826974,0.3222174145193264,0.3222174145193264,0.3222174145193264,0.3588360679274389,0.3588360679274389,0.3588360679274389,0.38361096405675377,0.38361096405675377,0.38361096405675377,0.3964193866448013,0.3964193866448013,0.3964193866448013,0.41598035779385456,0.41598035779385456,0.41598035779385456,0.4266222968525034,0.4266222968525034,0.4266222968525034,0.4316331643687809,0.4316331643687809,0.4316331643687809,0.4471314665586419,0.4471314665586419,0.4471314665586419,0.4526504692525657,0.4526504692525657,0.4526504692525657,0.46239026414964274,0.46239026414964274,0.46239026414964274,0.4718374382007124,0.4718374382007124,0.4718374382007124,0.48186462145048486,0.48186462145048486,0.48186462145048486,0.4862737727398221,0.4862737727398221,0.4862737727398221,0.4919791198170686,0.4919791198170686,0.4919791198170686,0.4994170852181704,0.4994170852181704,0.4994170852181704,0.5097028935693333,0.5097028935693333,0.5097028935693333,0.5133860771048863,0.5133860771048863,0.5133860771048863,0.5168534110140733,0.5168534110140733,0.5168534110140733,0.5195550517758172,0.5195550517758172,0.5195550517758172,0.5220780621009283,0.5220780621009283,0.5220780621009283,0.5256332310573183,0.5256332310573183,0.5256332310573183,0.5296019184586853,0.5296019184586853,0.5296019184586853,0.5325335052795813,0.5325335052795813,0.5325335052795813,0.5351113163943144,0.5351113163943144,0.5351113163943144,0.5375054664257269,0.5375054664257269,0.5375054664257269,0.54207957475041,0.54207957475041,0.54207957475041,0.5446739428650791,0.5446739428650791,0.5446739428650791,0.5492638893528496,0.5492638893528496,0.5492638893528496,0.5521935442473018,0.5521935442473018,0.5521935442473018,0.5536643572442396,0.5536643572442396,0.5536643572442396,0.5576715713357117,0.5576715713357117,0.5576715713357117,0.5598892976222387,0.5598892976222387,0.5598892976222387,0.561626953725593,0.561626953725593,0.561626953725593,0.5630638543817191,0.5630638543817191,0.5630638543817191,0.5649912369070834,0.5649912369070834,0.5649912369070834,0.5664529902044626,0.5664529902044626,0.5664529902044626,0.5683064960698999,0.5683064960698999,0.5683064960698999,0.5710776136100317,0.5710776136100317,0.5710776136100317,0.5741594020902846,0.5741594020902846,0.5741594020902846,0.5765172703465302,0.5765172703465302,0.5765172703465302,0.5780851271430698,0.5780851271430698,0.5780851271430698,0.5802774553997788,0.5802774553997788,0.5802774553997788,0.5812739269918079,0.5812739269918079,0.5812739269918079,0.581977652073943,0.581977652073943,0.581977652073943,0.5830850785539421,0.5830850785539421,0.5830850785539421,0.5851301877284039,0.5851301877284039,0.5851301877284039,0.5865344828586089,0.5865344828586089,0.5865344828586089,0.5882492900574877,0.5882492900574877,0.5882492900574877,0.5892411297292831,0.5892411297292831,0.5892411297292831,0.59034048019215,0.59034048019215,0.59034048019215,0.5913715936918778,0.5913715936918778,0.5913715936918778,0.5930727510557279,0.5930727510557279,0.5930727510557279,0.594496175399953,0.594496175399953,0.594496175399953,0.5970024270614422,0.5970024270614422,0.5970024270614422,0.5979693023780966,0.5979693023780966,0.5979693023780966,0.5985504927449203,0.5985504927449203,0.5985504927449203,0.6000272056748955,0.6000272056748955,0.6000272056748955,0.6007809775731655,0.6007809775731655,0.6007809775731655,0.601611730351277,0.601611730351277,0.601611730351277,0.6027116165649892,0.6027116165649892,0.6027116165649892,0.6040722701933949,0.6040722701933949,0.6040722701933949,0.6045817504554531,0.6045817504554531,0.6045817504554531,0.6051821826396184,0.6051821826396184,0.6051821826396184,0.606068172920024,0.606068172920024,0.606068172920024,0.6068994267924046,0.6068994267924046,0.6068994267924046,0.6074647967946804,0.6074647967946804,0.6074647967946804,0.608126252229969,0.608126252229969,0.608126252229969,0.6086508870530326,0.6086508870530326,0.6086508870530326,0.609055242498959,0.609055242498959,0.609055242498959,0.6099849250091718,0.6099849250091718,0.6099849250091718,0.6114336575190281,0.6114336575190281,0.6114336575190281,0.6119735685026207,0.6119735685026207,0.6119735685026207,0.6127063817989101,0.6127063817989101,0.6127063817989101,0.6140199422078381,0.6140199422078381,0.6140199422078381,0.614507736532749,0.614507736532749,0.614507736532749,0.6153821691246276,0.6153821691246276,0.6153821691246276,0.6160695152487063,0.6160695152487063,0.6160695152487063,0.6164444729219819,0.6164444729219819,0.6164444729219819,0.6169855488572217,0.6169855488572217,0.6169855488572217,0.6176107424709332,0.6176107424709332,0.6176107424709332,0.6185850872526311,0.6185850872526311,0.6185850872526311,0.6193828323959023,0.6193828323959023,0.6193828323959023,0.6202887155633884,0.6202887155633884,0.6202887155633884,0.6207727286505235,0.6207727286505235,0.6207727286505235,0.6216567970587612,0.6216567970587612,0.6216567970587612,0.6220463003899713,0.6220463003899713,0.6220463003899713,0.6228365668188797,0.6228365668188797,0.6228365668188797,0.6233468851633411,0.6233468851633411,0.6233468851633411,0.62445614908438,0.62445614908438,0.62445614908438,0.6254513543915374,0.6254513543915374,0.6254513543915374,0.625840824336807,0.625840824336807,0.625840824336807,0.626233822802712,0.626233822802712,0.626233822802712,0.626673969889798,0.626673969889798,0.626673969889798,0.6269332525578762,0.6269332525578762,0.6269332525578762,0.6273368563786277,0.6273368563786277,0.6273368563786277,0.6276464105029654,0.6276464105029654,0.6276464105029654,0.6282347650029879,0.6282347650029879,0.6282347650029879,0.6286881322917008,0.6286881322917008,0.6286881322917008,0.6295592887256385,0.6295592887256385,0.6295592887256385,0.6298835169771761,0.6298835169771761,0.6298835169771761,0.6302392558402985,0.6302392558402985,0.6302392558402985,0.6304821733756061,0.6304821733756061,0.6304821733756061,0.6308403287087084,0.6308403287087084,0.6308403287087084,0.6311652620990968,0.6311652620990968,0.6311652620990968,0.6315038790052159,0.6315038790052159,0.6315038790052159,0.6316992784078446,0.6316992784078446,0.6316992784078446,0.6321758860269461,0.6321758860269461,0.6321758860269461,0.6323483484446579,0.6323483484446579,0.6323483484446579,0.6329849147294112,0.6329849147294112,0.6329849147294112,0.6335480503106558,0.6335480503106558,0.6335480503106558,0.633809955593922,0.633809955593922,0.633809955593922,0.6340160401799629,0.6340160401799629,0.6340160401799629,0.6341998396969376,0.6341998396969376,0.6341998396969376,0.6343972955373417,0.6343972955373417,0.6343972955373417,0.6346671553812357,0.6346671553812357,0.6346671553812357,0.6350156920662501,0.6350156920662501,0.6350156920662501,0.6352815430083434,0.6352815430083434,0.6352815430083434,0.6353628325493765,0.6353628325493765,0.6353628325493765,0.6356420790874008,0.6356420790874008,0.6356420790874008,0.6358120331558327,0.6358120331558327,0.6358120331558327,0.6360283028924612,0.6360283028924612,0.6360283028924612,0.6361453664709205,0.6361453664709205,0.6361453664709205,0.6366001324853876,0.6366001324853876,0.6366001324853876,0.6368053380612633,0.6368053380612633,0.6368053380612633,0.6369443998179943,0.6369443998179943,0.6369443998179943,0.6372016724592848,0.6372016724592848,0.6372016724592848,0.637545497347454,0.637545497347454,0.637545497347454,0.6377499537925062,0.6377499537925062,0.6377499537925062,0.6378326100275159,0.6378326100275159,0.6378326100275159,0.6379551551491717,0.6379551551491717,0.6379551551491717,0.6383348403195643,0.6383348403195643,0.6383348403195643,0.6384497977004178,0.6384497977004178,0.6384497977004178,0.6386621010549441,0.6386621010549441,0.6386621010549441,0.6388529967155204,0.6388529967155204,0.6388529967155204,0.6390719826774928,0.6390719826774928,0.6390719826774928,0.6396528426132605,0.6396528426132605,0.6396528426132605,0.6397174220453775,0.6397174220453775,0.6397174220453775,0.6398927005735353,0.6398927005735353,0.6398927005735353,0.6400403132330662,0.6400403132330662,0.6400403132330662,0.6401247994135755,0.6401247994135755,0.6401247994135755,0.6403779871814476,0.6403779871814476,0.6403779871814476,0.6405746002500194,0.6405746002500194,0.6405746002500194,0.6408678896055868,0.6408678896055868,0.6408678896055868,0.6409442482468041,0.6409442482468041,0.6409442482468041,0.6409990939612368,0.6409990939612368,0.6409990939612368,0.6411223810368218,0.6411223810368218,0.6411223810368218,0.6412591829098312,0.6412591829098312,0.6412591829098312,0.6414151587878972,0.6414151587878972,0.6414151587878972,0.6416529240746539,0.6416529240746539,0.6416529240746539,0.6418314933564837,0.6418314933564837,0.6418314933564837,0.6419261021722172,0.6419261021722172,0.6419261021722172,0.6420355549314538,0.6420355549314538,0.6420355549314538,0.6421427753393117,0.6421427753393117,0.6421427753393117,0.6422564983461161,0.6422564983461161,0.6422564983461161,0.6422889192411144,0.6422889192411144,
0.0636721233716427,0.0636721233716427,0.0636721233716427,0.06475562720371676,0.06475562720371676,0.06475562720371676,0.0822340682524619,0.0822340682524619,0.0822340682524619,0.11597958820579558,0.11597958820579558,0.11597958820579558,0.17812945423582413,0.17812945423582413,0.17812945423582413,0.18184541863789935,0.18184541863789935,0.18184541863789935,0.24028782172231283,0.24028782172231283,0.24028782172231283,0.2692535024008297,0.2692535024008297,0.2692535024008297,0.29202757790713935,0.29202757790713935,0.29202757790713935,0.32092011744325405,0.32092011744325405,0.32092011744325405,0.34385095918565073,0.34385095918565073,0.34385095918565073,0.3488101605492863,0.3488101605492863,0.3488101605492863,0.376191446436914,0.376191446436914,0.376191446436914,0.3923985061528107,0.3923985061528107,0.3923985061528107,0.4088618695256417,0.4088618695256417,0.4088618695256417,0.4260513277913069,0.4260513277913069,0.4260513277913069,0.4409138539445483,0.4409138539445483,0.4409138539445483,0.4525671670403165,0.4525671670403165,0.4525671670403165,0.46159376475553543,0.46159376475553543,0.46159376475553543,0.4754475660289406,0.4754475660289406,0.4754475660289406,0.48150215795482626,0.48150215795482626,0.48150215795482626,0.48994342517693107,0.48994342517693107,0.48994342517693107,0.4954592016122748,0.4954592016122748,0.4954592016122748,0.5050212133237039,0.5050212133237039,0.5050212133237039,0.5128666714908307,0.5128666714908307,0.5128666714908307,0.5182892709278982,0.5182892709278982,0.5182892709278982,0.5228288694164043,0.5228288694164043,0.5228288694164043,0.5319426431533051,0.5319426431533051,0.5319426431533051,0.5388273357860736,0.5388273357860736,0.5388273357860736,0.5436193707156198,0.5436193707156198,0.5436193707156198,0.5489456810005678,0.5489456810005678,0.5489456810005678,0.5548180599095683,0.5548180599095683,0.5548180599095683,0.5566650238363069,0.5566650238363069,0.5566650238363069,0.5601028886576922,0.5601028886576922,0.5601028886576922,0.5633599228515904,0.5633599228515904,0.5633599228515904,0.5673817601077442,0.5673817601077442,0.5673817601077442,0.5690034825072496,0.5690034825072496,0.5690034825072496,0.5715247674264055,0.5715247674264055,0.5715247674264055,0.5738051111250971,0.5738051111250971,0.5738051111250971,0.5780646334208389,0.5780646334208389,0.5780646334208389,0.5812097665203517,0.5812097665203517,0.5812097665203517,0.5826149133988694,0.5826149133988694,0.5826149133988694,0.584392777898938,0.584392777898938,0.584392777898938,0.5856520460056894,0.5856520460056894,0.5856520460056894,0.5874942073105442,0.5874942073105442,0.5874942073105442,0.5892406959403271,0.5892406959403271,0.5892406959403271,0.5905545877451672,0.5905545877451672,0.5905545877451672,0.5923268123523512,0.5923268123523512,0.5923268123523512,0.5939371664929795,0.5939371664929795,0.5939371664929795,0.595840639491277,0.595840639491277,0.595840639491277,0.5972857719703122,0.5972857719703122,0.5972857719703122,0.598048950854464,0.598048950854464,0.598048950854464,0.5990360400309621,0.5990360400309621,0.5990360400309621,0.6001304313969826,0.6001304313969826,0.6001304313969826,0.6013435702720528,0.6013435702720528,0.6013435702720528,0.6020678339143668,0.6020678339143668,0.6020678339143668,0.6031287124513227,0.6031287124513227,0.6031287124513227,0.6038604536883543,0.6038604536883543,0.6038604536883543,0.6049973978787719,0.6049973978787719,0.6049973978787719,0.6055886677785828,0.6055886677785828,0.6055886677785828,0.6067608526215771,0.6067608526215771,0.6067608526215771,0.6071585117441907,0.6071585117441907,0.6071585117441907,0.6079960869179085,0.6079960869179085,0.6079960869179085,0.6085776591622468,0.6085776591622468,0.6085776591622468,0.6096417881408084,0.6096417881408084,0.6096417881408084,0.6101410856357864,0.6101410856357864,0.6101410856357864,0.6107503345577997,0.6107503345577997,0.6107503345577997,0.6112802010633089,0.6112802010633089,0.6112802010633089,0.6120512892075826,0.6120512892075826,0.6120512892075826,0.612430519710513,0.612430519710513,0.612430519710513,0.6126796008913666,0.6126796008913666,0.6126796008913666,0.6134797087290369,0.6134797087290369,0.6134797087290369,0.613952799592645,0.613952799592645,0.613952799592645,0.6147958642974546,0.6147958642974546,0.6147958642974546,0.6151969331839268,0.6151969331839268,0.6151969331839268,0.6158628182185841,0.6158628182185841,0.6158628182185841,0.6168320335466885,0.6168320335466885,0.6168320335466885,0.6175295935815893,0.6175295935815893,0.6175295935815893,0.6178763945718652,0.6178763945718652,0.6178763945718652,0.6185456539117142,0.6185456539117142,0.6185456539117142,0.6189844074779849,0.6189844074779849,0.6189844074779849,0.6192031487091154,0.6192031487091154,0.6192031487091154,0.6195266581221336,0.6195266581221336,0.6195266581221336,0.6198788913357847,0.6198788913357847,0.6198788913357847,0.6200974753123996,0.6200974753123996,0.6200974753123996,0.6206875380117378,0.6206875380117378,0.6206875380117378,0.6212727355849372,0.6212727355849372,0.6212727355849372,0.6214735439517054,0.6214735439517054,0.6214735439517054,0.6216147884508122,0.6216147884508122,0.6216147884508122,0.62196598926052,0.62196598926052,0.62196598926052,0.6223512317256052,0.6223512317256052,0.6223512317256052,0.6226611381776722,0.6226611381776722,0.6226611381776722,0.6228556737358318,0.6228556737358318,0.6228556737358318,0.62311557899487,0.62311557899487,0.62311557899487,0.6233979503825787,0.6233979503825787,0.6233979503825787,0.6236413506871393,0.6236413506871393,0.6236413506871393,0.6243130305009612,0.6243130305009612,0.6243130305009612,0.6245191082179133,0.6245191082179133,0.6245191082179133,0.6246803704161284,0.6246803704161284,0.6246803704161284,0.6248990962622706,0.6248990962622706,0.6248990962622706,0.6251867302176934,0.6251867302176934,0.6251867302176934,0.625616839581395,0.625616839581395,0.625616839581395,0.6259647731845998,0.6259647731845998,0.6259647731845998,0.6262760096842616,0.6262760096842616,0.6262760096842616,0.6265647898276653,0.6265647898276653,0.6265647898276653,0.6268031359185623,0.6268031359185623,0.6268031359185623,0.6271938159098698,0.6271938159098698,0.6271938159098698,0.6274982489360802,0.6274982489360802,0.6274982489360802,0.6277343048755898,0.6277343048755898,0.6277343048755898,0.6279454082205249,0.6279454082205249,0.6279454082205249,0.6284436341570685,0.6284436341570685,0.6284436341570685,0.6288990198857198,0.6288990198857198,0.6288990198857198,0.629113155516555,0.629113155516555,0.629113155516555,0.6293377668260919,0.6293377668260919,0.6293377668260919,0.6296735622483273,0.6296735622483273,0.6296735622483273,0.6297858714258867,0.6297858714258867,0.6297858714258867,0.6299420481409518,0.6299420481409518,0.6299420481409518,0.6300853309750137,0.6300853309750137,0.6300853309750137,0.63019394988895,0.63019394988895,0.63019394988895,0.6304402550573912,0.6304402550573912,0.6304402550573912,0.6306763568654975,0.6306763568654975,0.6306763568654975,0.6310346478985966,0.6310346478985966,0.6310346478985966,0.6312685846325754,0.6312685846325754,0.6312685846325754,0.631537229602529,0.631537229602529,0.631537229602529,0.6317509615716324,0.6317509615716324,0.6317509615716324,0.6319176734256092,0.6319176734256092,0.6319176734256092,0.6322666522859747,0.6322666522859747,0.6322666522859747,0.6325535879825165,0.6325535879825165,0.6325535879825165,0.6328829866165773,0.6328829866165773,0.6328829866165773,0.6330366748371902,0.6330366748371902,0.6330366748371902,0.6332618832422121,0.6332618832422121,0.6332618832422121,0.6333553139172539,0.6333553139172539,0.6333553139172539,0.6334710071656188,0.6334710071656188,0.6334710071656188,0.6335691748921538,0.6335691748921538,0.6335691748921538,0.6337788577600062,0.6337788577600062,0.6337788577600062,0.6340022922482152,0.6340022922482152,0.6340022922482152,0.6341337843352387,0.6341337843352387,0.6341337843352387,0.6342814773376254,0.6342814773376254,0.6342814773376254,0.6345840904818789,0.6345840904818789,0.6345840904818789,0.6346936965820351,0.6346936965820351,0.6346936965820351,0.6349189202024446,0.6349189202024446,0.6349189202024446,0.6351276707234922,0.6351276707234922,0.6351276707234922,0.6351803653582382,0.6351803653582382,0.6351803653582382,0.6353314957082319,0.6353314957082319,0.6353314957082319,0.6354287952709776,0.6354287952709776,0.6354287952709776,0.6356029543562802,0.6356029543562802,0.6356029543562802,0.6357808070265579,0.6357808070265579,0.6357808070265579,0.6358957367546404,0.6358957367546404,0.6358957367546404,0.6360362729545093,0.6360362729545093,0.6360362729545093,0.6362977359890053,0.6362977359890053,0.6362977359890053,0.6365193516725545,0.6365193516725545,0.6365193516725545,0.6367216328076559,0.6367216328076559,0.6367216328076559,0.6369033717971886,0.6369033717971886,0.6369033717971886,0.637190473797721,0.637190473797721,0.637190473797721,0.637304050593471,0.637304050593471,0.637304050593471,0.637482303644108,0.637482303644108,0.637482303644108,0.6375959231326352,0.6375959231326352,0.6375959231326352,0.6377097954151707,0.6377097954151707,0.6377097954151707,0.6378735342153921,0.6378735342153921,0.6378735342153921,0.6381088595904373,0.6381088595904373,0.6381088595904373,0.6381803998376657,0.6381803998376657,0.6381803998376657,0.6383220664367869,0.6383220664367869,0.6383220664367869,0.638476417051805,0.638476417051805,0.638476417051805,0.6385099849955828,0.6385099849955828,0.6385099849955828,0.6386055283601093,0.6386055283601093,0.6386055283601093,0.6387246793175899,0.6387246793175899,0.6387246793175899,0.6387611698304769,0.6387611698304769,
0.013436518320855002,0.013436518320855002,0.013436518320855002,0.013436518320855002,0.013436518320855002,0.013436518320855002,0.046567256759715216,0.046567256759715216,0.046567256759715216,0.06768943456579182,0.06768943456579182,0.06768943456579182,0.09489212344858874,0.09489212344858874,0.09489212344858874,0.15491218558126013,0.15491218558126013,0.15491218558126013,0.2106018035075606,0.2106018035075606,0.2106018035075606,0.22433361387825596,0.22433361387825596,0.22433361387825596,0.24079205615212657,0.24079205615212657,0.24079205615212657,0.25971693366809234,0.25971693366809234,0.25971693366809234,0.26962149043492245,0.26962149043492245,0.26962149043492245,0.2920271138842353,0.2920271138842353,0.2920271138842353,0.3162771717508149,0.3162771717508149,0.3162771717508149,0.3332355388884019,0.3332355388884019,0.3332355388884019,0.34413737493474167,0.34413737493474167,0.34413737493474167,0.35883181991835666,0.35883181991835666,0.35883181991835666,0.37369132421565143,0.37369132421565143,0.37369132421565143,0.39133512529311193,0.39133512529311193,0.39133512529311193,0.4030854877934031,0.4030854877934031,0.4030854877934031,0.4229136256267521,0.4229136256267521,0.4229136256267521,0.4313133457396805,0.4313133457396805,0.4313133457396805,0.44297392326222373,0.44297392326222373,0.44297392326222373,0.4479784733210035,0.4479784733210035,0.4479784733210035,0.4591040754265645,0.4591040754265645,0.4591040754265645,0.46265398963835397,0.46265398963835397,0.46265398963835397,0.47362130607389574,0.47362130607389574,0.47362130607389574,0.4819915558727218,0.4819915558727218,0.4819915558727218,0.4914146739707598,0.4914146739707598,0.4914146739707598,0.498535986614212,0.498535986614212,0.498535986614212,0.5034616736337595,0.5034616736337595,0.5034616736337595,0.5112579023878787,0.5112579023878787,0.5112579023878787,0.5198378465265784,0.5198378465265784,0.5198378465265784,0.5265024930810641,0.5265024930810641,0.5265024930810641,0.5336620969511935,0.5336620969511935,0.5336620969511935,0.5362482704217855,0.5362482704217855,0.5362482704217855,0.5378678506483281,0.5378678506483281,0.5378678506483281,0.5471003966310215,0.5471003966310215,0.5471003966310215,0.549273225480803,0.549273225480803,0.549273225480803,0.5515938602105566,0.5515938602105566,0.5515938602105566,0.5555689797250382,0.5555689797250382,0.5555689797250382,0.5574403446644642,0.5574403446644642,0.5574403446644642,0.5622219086344917,0.5622219086344917,0.5622219086344917,0.5648162044688901,0.5648162044688901,0.5648162044688901,0.5694857062872972,0.5694857062872972,0.5694857062872972,0.5729276215219564,0.5729276215219564,0.5729276215219564,0.5759285485576111,0.5759285485576111,0.5759285485576111,0.5799983995837085,0.5799983995837085,0.5799983995837085,0.5811749677317568,0.5811749677317568,0.5811749677317568,0.5829511136466968,0.5829511136466968,0.5829511136466968,0.5846170413747284,0.5846170413747284,0.5846170413747284,0.5860650078293276,0.5860650078293276,0.5860650078293276,0.5877696538110859,0.5877696538110859,0.5877696538110859,0.5893618993193702,0.5893618993193702,0.5893618993193702,0.5909930968687519,0.5909930968687519,0.5909930968687519,0.5925218094702378,0.5925218094702378,0.5925218094702378,0.5945138092666413,0.5945138092666413,0.5945138092666413,0.5959174492950567,0.5959174492950567,0.5959174492950567,0.5976192364114733,0.5976192364114733,0.5976192364114733,0.5983828836601373,0.5983828836601373,0.5983828836601373,0.599522874391238,0.599522874391238,0.599522874391238,0.6005131213692757,0.6005131213692757,0.6005131213692757,0.6018710854602073,0.6018710854602073,0.6018710854602073,0.6023909686615206,0.6023909686615206,0.6023909686615206,0.6032071485264761,0.6032071485264761,0.6032071485264761,0.6048988476021538,0.6048988476021538,0.6048988476021538,0.6058706911047136,0.6058706911047136,0.6058706911047136,0.6072564798514292,0.6072564798514292,0.6072564798514292,0.6079573915170233,0.6079573915170233,0.6079573915170233,0.6088070262058747,0.6088070262058747,0.6088070262058747,0.6095016644764463,0.6095016644764463,0.6095016644764463,0.6101472384058158,0.6101472384058158,0.6101472384058158,0.6108371096809035,0.6108371096809035,0.6108371096809035,0.6119426137366202,0.6119426137366202,0.6119426137366202,0.6134013313938294,0.6134013313938294,0.6134013313938294,0.6140443505366509,0.6140443505366509,0.6140443505366509,0.6145916944281637,0.6145916944281637,0.6145916944281637,0.615275315432267,0.615275315432267,0.615275315432267,0.6155546038090977,0.6155546038090977,0.6155546038090977,0.6162594410551845,0.6162594410551845,0.6162594410551845,0.6167061081146178,0.6167061081146178,0.6167061081146178,0.6173511100967229,0.6173511100967229,0.6173511100967229,0.6177383393217704,0.6177383393217704,0.6177383393217704,0.6180641648916092,0.6180641648916092,0.6180641648916092,0.6185962852232696,0.6185962852232696,0.6185962852232696,0.6189451097927537,0.6189451097927537,0.6189451097927537,0.6194264784987584,0.6194264784987584,0.6194264784987584,0.6197351460449237,0.6197351460449237,0.6197351460449237,0.6199296788410601,0.6199296788410601,0.6199296788410601,0.6203040113496695,0.6203040113496695,0.6203040113496695,0.6205731482939832,0.6205731482939832,0.6205731482939832,0.6213531146831482,0.6213531146831482,0.6213531146831482,0.6216069834533976,0.6216069834533976,0.6216069834533976,0.6221682871847382,0.6221682871847382,0.6221682871847382,0.6228181115528181,0.6228181115528181,0.6228181115528181,0.6234236410929529,0.6234236410929529,0.6234236410929529,0.6236662648667748,0.6236662648667748,0.6236662648667748,0.6244027349511764,0.6244027349511764,0.6244027349511764,0.6246093458050331,0.6246093458050331,0.6246093458050331,0.6250779236041284,0.6250779236041284,0.6250779236041284,0.6255084773740445,0.6255084773740445,0.6255084773740445,0.6258992722016122,0.6258992722016122,0.6258992722016122,0.626238294457895,0.626238294457895,0.626238294457895,0.6265299626559646,0.6265299626559646,0.6265299626559646,0.6266641452169278,0.6266641452169278,0.6266641452169278,0.6270754928906316,0.6270754928906316,0.6270754928906316,0.6272590608523361,0.6272590608523361,0.6272590608523361,0.6275728027735347,0.6275728027735347,0.6275728027735347,0.6277075576672043,0.6277075576672043,0.6277075576672043,0.6281530061210546,0.6281530061210546,0.6281530061210546,0.6283682175812717,0.6283682175812717,0.6283682175812717,0.6287297779538515,0.6287297779538515,0.6287297779538515,0.6289240753551677,0.6289240753551677,0.6289240753551677,0.629359715904163,0.629359715904163,0.629359715904163,0.6296644856891377,0.6296644856891377,0.6296644856891377,0.6299471007873563,0.6299471007873563,0.6299471007873563,0.6303552063568797,0.6303552063568797,0.6303552063568797,0.6307874367759603,0.6307874367759603,0.6307874367759603,0.6309926538720338,0.6309926538720338,0.6309926538720338,0.6311504198352696,0.6311504198352696,0.6311504198352696,0.6314286162346787,0.6314286162346787,0.6314286162346787,0.6316370735974798,0.6316370735974798,0.6316370735974798,0.6319626039105405,0.6319626039105405,0.6319626039105405,0.6321483519705866,0.6321483519705866,0.6321483519705866,0.6324910480212131,0.6324910480212131,0.6324910480212131,0.6329132803004008,0.6329132803004008,0.6329132803004008,0.6330035978226518,0.6330035978226518,0.6330035978226518,0.6332499472044935,0.6332499472044935,0.6332499472044935,0.6334735734014251,0.6334735734014251,0.6334735734014251,0.6338408119255717,0.6338408119255717,0.6338408119255717,0.6340494821211483,0.6340494821211483,0.6340494821211483,0.6342342361328783,0.6342342361328783,0.6342342361328783,0.6346590671353909,0.6346590671353909,0.6346590671353909,0.6348150911229044,0.6348150911229044,0.6348150911229044,0.635022374348649,0.635022374348649,0.635022374348649,0.6351798805664738,0.6351798805664738,0.6351798805664738,0.6355788480386181,0.6355788480386181,0.6355788480386181,0.6356724430428455,0.6356724430428455,0.6356724430428455,0.6362030100838065,0.6362030100838065,0.6362030100838065,0.636347953744749,0.636347953744749,0.636347953744749,0.6365676233174631,0.6365676233174631,0.6365676233174631,0.6370143841852762,0.6370143841852762,0.6370143841852762,0.6372856263704494,0.6372856263704494,0.6372856263704494,0.6374017163822735,0.6374017163822735,0.6374017163822735,0.6377745961668218,0.6377745961668218,0.6377745961668218,0.6379437139146479,0.6379437139146479,0.6379437139146479,0.6382669099052719,0.6382669099052719,0.6382669099052719,0.638377701370585,0.638377701370585,0.638377701370585,0.638417573081983,0.638417573081983,0.638417573081983,0.6387644711040145,0.6387644711040145,0.6387644711040145,0.638941325855148,0.638941325855148,0.638941325855148,0.6390185445392373,0.6390185445392373,0.6390185445392373,0.6390601368780875,0.6390601368780875,0.6390601368780875,0.6391705562403283,0.6391705562403283,0.6391705562403283,0.6393643868115942,0.6393643868115942,0.6393643868115942,0.639512835599558,0.639512835599558,0.639512835599558,0.6396628908962285,0.6396628908962285,0.6396628908962285,0.6399571221388123,0.6399571221388123,0.6399571221388123,0.6401265460685389,0.6401265460685389,0.6401265460685389,0.6403911992412128,0.6403911992412128,0.6403911992412128,0.6404377600382734,0.6404377600382734,0.6404377600382734,0.6405015453957733,0.6405015453957733,0.6405015453957733,0.6407094672091276,0.6407094672091276,0.6407094672091276,0.6407642073462575,0.6407642073462575,0.6407642073462575,0.6409702879025138,0.6409702879025138,0.6409702879025138,0.6411412641391577,0.6411412641391577,0.6411412641391577,0.6414615097365803,0.6414615097365803,0.6414615097365803,0.6415519112136552,0.6415519112136552,
0.030675231142789493,0.030675231142789493,0.030675231142789493,0.04005164150819982,0.04005164150819982,0.04005164150819982,0.06782457847919258,0.06782457847919258,0.06782457847919258,0.07711984061405355,0.07711984061405355,0.07711984061405355,0.10935070941826364,0.10935070941826364,0.10935070941826364,0.14275994853236723,0.14275994853236723,0.14275994853236723,0.1684935273013226,0.1684935273013226,0.1684935273013226,0.21857914433287895,0.21857914433287895,0.21857914433287895,0.24145106450420062,0.24145106450420062,0.24145106450420062,0.26006446352614526,0.26006446352614526,0.26006446352614526,0.29797367798564156,0.29797367798564156,0.29797367798564156,0.31821705093752045,0.31821705093752045,0.31821705093752045,0.3362565239355043,0.3362565239355043,0.3362565239355043,0.35330991902630826,0.35330991902630826,0.35330991902630826,0.3668762888018512,0.3668762888018512,0.3668762888018512,0.3871035518774809,0.3871035518774809,0.3871035518774809,0.40806049903150654,0.40806049903150654,0.40806049903150654,0.4194374422635565,0.4194374422635565,0.4194374422635565,0.4422293268522951,0.4422293268522951,0.4422293268522951,0.4480941013607653,0.4480941013607653,0.4480941013607653,0.45746518267719327,0.45746518267719327,0.45746518267719327,0.4646831512694411,0.4646831512694411,0.4646831512694411,0.47457448451606093,0.47457448451606093,0.47457448451606093,0.48412128861037407,0.48412128861037407,0.48412128861037407,0.49081643568383065,0.49081643568383065,0.49081643568383065,0.4973084498642977,0.4973084498642977,0.4973084498642977,0.5003101667163081,0.5003101667163081,0.5003101667163081,0.5110568819953774,0.5110568819953774,0.5110568819953774,0.5155671551111695,0.5155671551111695,0.5155671551111695,0.5223220614607862,0.5223220614607862,0.5223220614607862,0.5262179386312338,0.5262179386312338,0.5262179386312338,0.5309702227574752,0.5309702227574752,0.5309702227574752,0.5340987197401489,0.5340987197401489,0.5340987197401489,0.5381534479200726,0.5381534479200726,0.5381534479200726,0.5413660799438356,0.5413660799438356,0.5413660799438356,0.5458596023035154,0.5458596023035154,0.5458596023035154,0.5497201455366423,0.5497201455366423,0.5497201455366423,0.5529704356785509,0.5529704356785509,0.5529704356785509,0.5560865598492695,0.5560865598492695,0.5560865598492695,0.5581214671179763,0.5581214671179763,0.5581214671179763,0.5608843002258981,0.5608843002258981,0.5608843002258981,0.5631139066550968,0.5631139066550968,0.5631139066550968,0.564937519215503,0.564937519215503,0.564937519215503,0.5671548755139799,0.5671548755139799,0.5671548755139799,0.5684713899698765,0.5684713899698765,0.5684713899698765,0.5707112703259787,0.5707112703259787,0.5707112703259787,0.5720840864645091,0.5720840864645091,0.5720840864645091,0.5738361060539346,0.5738361060539346,0.5738361060539346,0.5760550530680754,0.5760550530680754,0.5760550530680754,0.5779699160749919,0.5779699160749919,0.5779699160749919,0.5803344159183522,0.5803344159183522,0.5803344159183522,0.581125846110142,0.581125846110142,0.581125846110142,0.5821774811803593,0.5821774811803593,0.5821774811803593,0.5839347329034346,0.5839347329034346,0.5839347329034346,0.5856825586299175,0.5856825586299175,0.5856825586299175,0.5868411022212804,0.5868411022212804,0.5868411022212804,0.5898310508231157,0.5898310508231157,0.5898310508231157,0.5906005914033471,0.5906005914033471,0.5906005914033471,0.592778461921988,0.592778461921988,0.592778461921988,0.5939108691011233,0.5939108691011233,0.5939108691011233,0.5948208922423062,0.5948208922423062,0.5948208922423062,0.5965862362184582,0.5965862362184582,0.5965862362184582,0.5980621095037648,0.5980621095037648,0.5980621095037648,0.5989466674640198,0.5989466674640198,0.5989466674640198,0.6004161616627769,0.6004161616627769,0.6004161616627769,0.600928146266668,0.600928146266668,0.600928146266668,0.6019719374337041,0.6019719374337041,0.6019719374337041,0.6025951609285035,0.6025951609285035,0.6025951609285035,0.603445570178631,0.603445570178631,0.603445570178631,0.6045137183068391,0.6045137183068391,0.6045137183068391,0.6053600540876376,0.6053600540876376,0.6053600540876376,0.6058770700858505,0.6058770700858505,0.6058770700858505,0.6071051038753514,0.6071051038753514,0.6071051038753514,0.6075322584010306,0.6075322584010306,0.6075322584010306,0.6080549763164227,0.6080549763164227,0.6080549763164227,0.6092381822031291,0.6092381822031291,0.6092381822031291,0.6097459765407331,0.6097459765407331,0.6097459765407331,0.6101177164450267,0.6101177164450267,0.6101177164450267,0.6106194538457601,0.6106194538457601,0.6106194538457601,0.6113164279807175,0.6113164279807175,0.6113164279807175,0.6118264413421635,0.6118264413421635,0.6118264413421635,0.6123271723449475,0.6123271723449475,0.6123271723449475,0.6125980032802363,0.6125980032802363,0.6125980032802363,0.6131699465302313,0.6131699465302313,0.6131699465302313,0.6139672908516105,0.6139672908516105,0.6139672908516105,0.614338152140425,0.614338152140425,0.614338152140425,0.614634467394394,0.614634467394394,0.614634467394394,0.615357408052271,0.615357408052271,0.615357408052271,0.6159582159099098,0.6159582159099098,0.6159582159099098,0.6163658817920196,0.6163658817920196,0.6163658817920196,0.6168934669821035,0.6168934669821035,0.6168934669821035,0.6171849708999794,0.6171849708999794,0.6171849708999794,0.6177530955397952,0.6177530955397952,0.6177530955397952,0.617967241913357,0.617967241913357,0.617967241913357,0.6182281562835726,0.6182281562835726,0.6182281562835726,0.6186514940312804,0.6186514940312804,0.6186514940312804,0.6190269442805434,0.6190269442805434,0.6190269442805434,0.6193769302574447,0.6193769302574447,0.6193769302574447,0.6198175024920922,0.6198175024920922,0.6198175024920922,0.6210183634415581,0.6210183634415581,0.6210183634415581,0.6216329968580289,0.6216329968580289,0.6216329968580289,0.6219533693105844,0.6219533693105844,0.6219533693105844,0.6222806644638952,0.6222806644638952,0.6222806644638952,0.622766056604336,0.622766056604336,0.622766056604336,0.6231614379711086,0.6231614379711086,0.6231614379711086,0.6235643624587245,0.6235643624587245,0.6235643624587245,0.6237615156998613,0.6237615156998613,0.6237615156998613,0.6240296217992362,0.6240296217992362,0.6240296217992362,0.6243202965040187,0.6243202965040187,0.6243202965040187,0.6244664923502273,0.6244664923502273,0.6244664923502273,0.624676116968554,0.624676116968554,0.624676116968554,0.6249250138848083,0.6249250138848083,0.6249250138848083,0.625075280765186,0.625075280765186,0.625075280765186,0.625363600982097,0.625363600982097,0.625363600982097,0.6258091779411672,0.6258091779411672,0.6258091779411672,0.6260783394820797,0.6260783394820797,0.6260783394820797,0.6263248221089942,0.6263248221089942,0.6263248221089942,0.6265448485022904,0.6265448485022904,0.6265448485022904,0.6266784524600861,0.6266784524600861,0.6266784524600861,0.6268304860057866,0.6268304860057866,0.6268304860057866,0.6270817758219609,0.6270817758219609,0.6270817758219609,0.6273283823119195,0.6273283823119195,0.6273283823119195,0.6275934116172865,0.6275934116172865,0.6275934116172865,0.6278832737314036,0.6278832737314036,0.6278832737314036,0.6280601454986117,0.6280601454986117,0.6280601454986117,0.6281943633192951,0.6281943633192951,0.6281943633192951,0.6282595491515134,0.6282595491515134,0.6282595491515134,0.6284816586508976,0.6284816586508976,0.6284816586508976,0.628631969129468,0.628631969129468,0.628631969129468,0.6288639692155001,0.6288639692155001,0.6288639692155001,0.6289821814233387,0.6289821814233387,0.6289821814233387,0.6292705619152794,0.6292705619152794,0.6292705619152794,0.6293722009566733,0.6293722009566733,0.6293722009566733,0.6295442681017542,0.6295442681017542,0.6295442681017542,0.6296826141486719,0.6296826141486719,0.6296826141486719,0.6299021704092341,0.6299021704092341,0.6299021704092341,0.629990719443438,0.629990719443438,0.629990719443438,0.6301159341780677,0.6301159341780677,0.6301159341780677,0.6302582652712949,0.6302582652712949,0.6302582652712949,0.6303449301242696,0.6303449301242696,0.6303449301242696,0.6304785010248367,0.6304785010248367,0.6304785010248367,0.6305073649123347,0.6305073649123347,0.6305073649123347,0.6305622672294646,0.6305622672294646,0.6305622672294646,0.6306019819744225,0.6306019819744225,0.6306019819744225,0.6308099765964407,0.6308099765964407,0.6308099765964407,0.6308711510298589,0.6308711510298589,0.6308711510298589,0.6310287179256331,0.6310287179256331,0.6310287179256331,0.6311061720368772,0.6311061720368772,0.6311061720368772,0.6311828785786147,0.6311828785786147,0.6311828785786147,0.6313161548231737,0.6313161548231737,0.6313161548231737,0.6314775197980698,0.6314775197980698,0.6314775197980698,0.6315548195538707,0.6315548195538707,0.6315548195538707,0.6316828859961532,0.6316828859961532,0.6316828859961532,0.631726378189721,0.631726378189721,0.631726378189721,0.6317875632572183,0.6317875632572183,0.6317875632572183,0.6318781250175997,0.6318781250175997,0.6318781250175997,0.6319636801536599,0.6319636801536599,0.6319636801536599,0.632099264154275,0.632099264154275,0.632099264154275,0.632119583901542,0.632119583901542,0.632119583901542,0.6322622775571736,0.6322622775571736,0.6322622775571736,0.6323689307580155,0.6323689307580155,0.6323689307580155,0.6324654254572014,0.6324654254572014,0.6324654254572014,0.6325643865727472,0.6325643865727472,0.6325643865727472,0.6326873243152683,0.6326873243152683,0.6326873243152683,0.6327709260523797,0.6327709260523797,0.6327709260523797,0.6329074689049337,0.6329074689049337,0.6329074689049337,0.6329540803316405,0.6329540803316405,
0.018269902595212707,0.018269902595212707,0.018269902595212707,0.048565267726795695,0.048565267726795695,0.048565267726795695,0.05379474303904084,0.05379474303904084,0.05379474303904084,0.09850838488939258,0.09850838488939258,0.09850838488939258,0.14516682107561288,0.14516682107561288,0.14516682107561288,0.1592824764123033,0.1592824764123033,0.1592824764123033,0.17844346375954231,0.17844346375954231,0.17844346375954231,0.22163847516424826,0.22163847516424826,0.22163847516424826,0.23545285079159486,0.23545285079159486,0.23545285079159486,0.2893524412481922,0.2893524412481922,0.2893524412481922,0.3083668768123296,0.3083668768123296,0.3083668768123296,0.3297334877587261,0.3297334877587261,0.3297334877587261,0.3528720059596333,0.3528720059596333,0.3528720059596333,0.36883474383603704,0.36883474383603704,0.36883474383603704,0.38540879625440333,0.38540879625440333,0.38540879625440333,0.39668520522777273,0.39668520522777273,0.39668520522777273,0.40985637986763007,0.40985637986763007,0.40985637986763007,0.4216048823975731,0.4216048823975731,0.4216048823975731,0.4297226898500516,0.4297226898500516,0.4297226898500516,0.4416225475432434,0.4416225475432434,0.4416225475432434,0.45580630227562524,0.45580630227562524,0.45580630227562524,0.46775935425334336,0.46775935425334336,0.46775935425334336,0.48142209702136834,0.48142209702136834,0.48142209702136834,0.4890028608787124,0.4890028608787124,0.4890028608787124,0.49769260187782327,0.49769260187782327,0.49769260187782327,0.5044064457624162,0.5044064457624162,0.5044064457624162,0.5104377459942869,0.5104377459942869,0.5104377459942869,0.519373685317448,0.519373685317448,0.519373685317448,0.5238799171312923,0.5238799171312923,0.5238799171312923,0.5308787779129139,0.5308787779129139,0.5308787779129139,0.5334164506075821,0.5334164506075821,0.5334164506075821,0.5363016035448359,0.5363016035448359,0.5363016035448359,0.5387475249265749,0.5387475249265749,0.5387475249265749,0.5442210229120674,0.5442210229120674,0.5442210229120674,0.5480298750867177,0.5480298750867177,0.5480298750867177,0.5510234052053374,0.5510234052053374,0.5510234052053374,0.5538383392670735,0.5538383392670735,0.5538383392670735,0.5555351952585632,0.5555351952585632,0.5555351952585632,0.5585418259921515,0.5585418259921515,0.5585418259921515,0.5622839410151594,0.5622839410151594,0.5622839410151594,0.5648785811687519,0.5648785811687519,0.5648785811687519,0.5681204428458814,0.5681204428458814,0.5681204428458814,0.5704705209916441,0.5704705209916441,0.5704705209916441,0.5719967171578606,0.5719967171578606,0.5719967171578606,0.5739357754102602,0.5739357754102602,0.5739357754102602,0.5777702877116778,0.5777702877116778,0.5777702877116778,0.5788214305059659,0.5788214305059659,0.5788214305059659,0.5797757328285695,0.5797757328285695,0.5797757328285695,0.5808574921992387,0.5808574921992387,0.5808574921992387,0.5825181800321514,0.5825181800321514,0.5825181800321514,0.5850806632691098,0.5850806632691098,0.5850806632691098,0.5859631419356355,0.5859631419356355,0.5859631419356355,0.5879228103436454,0.5879228103436454,0.5879228103436454,0.5896462936141432,0.5896462936141432,0.5896462936141432,0.5917213269201606,0.5917213269201606,0.5917213269201606,0.5925419707717228,0.5925419707717228,0.5925419707717228,0.5934132766692463,0.5934132766692463,0.5934132766692463,0.5945232530291841,0.5945232530291841,0.5945232530291841,0.5956778890811509,0.5956778890811509,0.5956778890811509,0.5967346459877026,0.5967346459877026,0.5967346459877026,0.5992123516015972,0.5992123516015972,0.5992123516015972,0.6003339282716011,0.6003339282716011,0.6003339282716011,0.6015528513289413,0.6015528513289413,0.6015528513289413,0.6025128818575737,0.6025128818575737,0.6025128818575737,0.6031844138379571,0.6031844138379571,0.6031844138379571,0.6040365616188034,0.6040365616188034,0.6040365616188034,0.6048990209784363,0.6048990209784363,0.6048990209784363,0.6055488544010332,0.6055488544010332,0.6055488544010332,0.6064655874824881,0.6064655874824881,0.6064655874824881,0.6070315172509793,0.6070315172509793,0.6070315172509793,0.607648761253619,0.607648761253619,0.607648761253619,0.6084350516626177,0.6084350516626177,0.6084350516626177,0.6092278575858989,0.6092278575858989,0.6092278575858989,0.609865541285188,0.609865541285188,0.609865541285188,0.6110783279749313,0.6110783279749313,0.6110783279749313,0.6120291919144283,0.6120291919144283,0.6120291919144283,0.6127065492825572,0.6127065492825572,0.6127065492825572,0.6135845609914777,0.6135845609914777,0.6135845609914777,0.6141824810710139,0.6141824810710139,0.6141824810710139,0.6145625977318802,0.6145625977318802,0.6145625977318802,0.6148502028535668,0.6148502028535668,0.6148502028535668,0.6153064781250622,0.6153064781250622,0.6153064781250622,0.6157238195667076,0.6157238195667076,0.6157238195667076,0.6162872540606733,0.6162872540606733,0.6162872540606733,0.6166639069589579,0.6166639069589579,0.6166639069589579,0.6171269375323083,0.6171269375323083,0.6171269375323083,0.6174983445586135,0.6174983445586135,0.6174983445586135,0.6180451141431368,0.6180451141431368,0.6180451141431368,0.6189377319548175,0.6189377319548175,0.6189377319548175,0.6190570246815915,0.6190570246815915,0.6190570246815915,0.6195090106807584,0.6195090106807584,0.6195090106807584,0.6201402277076526,0.6201402277076526,0.6201402277076526,0.6205170283147253,0.6205170283147253,0.6205170283147253,0.6208893780749603,0.6208893780749603,0.6208893780749603,0.6211077802432856,0.6211077802432856,0.6211077802432856,0.6214613115475394,0.6214613115475394,0.6214613115475394,0.6219408947131659,0.6219408947131659,0.6219408947131659,0.6221799883147409,0.6221799883147409,0.6221799883147409,0.6225477331025638,0.6225477331025638,0.6225477331025638,0.6228939641792585,0.6228939641792585,0.6228939641792585,0.6231486360210485,0.6231486360210485,0.6231486360210485,0.6233367859608776,0.6233367859608776,0.6233367859608776,0.6239214850720417,0.6239214850720417,0.6239214850720417,0.6244481061312813,0.6244481061312813,0.6244481061312813,0.6250555637312468,0.6250555637312468,0.6250555637312468,0.6254768896249036,0.6254768896249036,0.6254768896249036,0.6257552444097975,0.6257552444097975,0.6257552444097975,0.6261704795384639,0.6261704795384639,0.6261704795384639,0.6265154346978163,0.6265154346978163,0.6265154346978163,0.6266636578832878,0.6266636578832878,0.6266636578832878,0.6269514986354875,0.6269514986354875,0.6269514986354875,0.6273001908758746,0.6273001908758746,0.6273001908758746,0.6278088328095681,0.6278088328095681,0.6278088328095681,0.6281288780881711,0.6281288780881711,0.6281288780881711,0.6283923877786626,0.6283923877786626,0.6283923877786626,0.628730579017415,0.628730579017415,0.628730579017415,0.6289447282760141,0.6289447282760141,0.6289447282760141,0.6293513113941539,0.6293513113941539,0.6293513113941539,0.6304843174451629,0.6304843174451629,0.6304843174451629,0.6307311819168054,0.6307311819168054,0.6307311819168054,0.6309185140762983,0.6309185140762983,0.6309185140762983,0.6311804386616584,0.6311804386616584,0.6311804386616584,0.6314416439083286,0.6314416439083286,0.6314416439083286,0.6316085142573262,0.6316085142573262,0.6316085142573262,0.6317996892562775,0.6317996892562775,0.6317996892562775,0.6319339411610688,0.6319339411610688,0.6319339411610688,0.6320950077220955,0.6320950077220955,0.6320950077220955,0.6326080249843532,0.6326080249843532,0.6326080249843532,0.63279744290606,0.63279744290606,0.63279744290606,0.6328630580671339,0.6328630580671339,0.6328630580671339,0.6332563255563652,0.6332563255563652,0.6332563255563652,0.6334117017985562,0.6334117017985562,0.6334117017985562,0.633633032569917,0.633633032569917,0.633633032569917,0.6337176132339412,0.6337176132339412,0.6337176132339412,0.6340087792634604,0.6340087792634604,0.6340087792634604,0.6342355304011555,0.6342355304011555,0.6342355304011555,0.6344224398310669,0.6344224398310669,0.6344224398310669,0.6345580626017583,0.6345580626017583,0.6345580626017583,0.6349209752417431,0.6349209752417431,0.6349209752417431,0.6350486747426818,0.6350486747426818,0.6350486747426818,0.6351957129175674,0.6351957129175674,0.6351957129175674,0.6353445502882098,0.6353445502882098,0.6353445502882098,0.6356731111492053,0.6356731111492053,0.6356731111492053,0.6358006807110563,0.6358006807110563,0.6358006807110563,0.6361108430754485,0.6361108430754485,0.6361108430754485,0.6362878276472832,0.6362878276472832,0.6362878276472832,0.6363615783977258,0.6363615783977258,0.6363615783977258,0.6364876947557636,0.6364876947557636,0.6364876947557636,0.6368924956814367,0.6368924956814367,0.6368924956814367,0.6370132417413183,0.6370132417413183,0.6370132417413183,0.6372025430466377,0.6372025430466377,0.6372025430466377,0.637267005463121,0.637267005463121,0.637267005463121,0.6373661474340511,0.6373661474340511,0.6373661474340511,0.6376135725126079,0.6376135725126079,0.6376135725126079,0.6377207340189333,0.6377207340189333,0.6377207340189333,0.6377788817383757,0.6377788817383757,0.6377788817383757,0.637999744705247,0.637999744705247,0.637999744705247,0.6381341067996914,0.6381341067996914,0.6381341067996914,0.638267429304531,0.638267429304531,0.638267429304531,0.6386682991784796,0.6386682991784796,0.6386682991784796,0.6387704455839147,0.6387704455839147,0.6387704455839147,0.6390367778751056,0.6390367778751056,0.6390367778751056,0.6390830612899753,0.6390830612899753,0.6390830612899753,0.6391564118409037,0.6391564118409037,0.6391564118409037,0.6391809758547826,0.6391809758547826,0.6391809758547826,0.6391961502052672,0.6391961502052672,0.6391961502052672,0.6392648335175013,0.6392648335175013,
0.06695741928498329,0.06695741928498329,0.06695741928498329,0.07271682399691771,0.07271682399691771,0.07271682399691771,0.0727168239969177,0.0727168239969177,0.0727168239969177,0.11058890887546265,0.11058890887546265,0.11058890887546265,0.17804528659663632,0.17804528659663632,0.17804528659663632,0.2065092875768406,0.2065092875768406,0.2065092875768406,0.2140332953922822,0.2140332953922822,0.2140332953922822,0.27023490457799365,0.27023490457799365,0.27023490457799365,0.273324222433156,0.273324222433156,0.273324222433156,0.3018494213177057,0.3018494213177057,0.3018494213177057,0.3194788534190195,0.3194788534190195,0.3194788534190195,0.32947889126863794,0.32947889126863794,0.32947889126863794,0.3544300320401183,0.3544300320401183,0.3544300320401183,0.3721673194581334,0.3721673194581334,0.3721673194581334,0.38043868598102415,0.38043868598102415,0.38043868598102415,0.40105042676627606,0.40105042676627606,0.40105042676627606,0.40733493722632635,0.40733493722632635,0.40733493722632635,0.41911140534764774,0.41911140534764774,0.41911140534764774,0.4330661038093827,0.4330661038093827,0.4330661038093827,0.44170234596343033,0.44170234596343033,0.44170234596343033,0.4495503718355736,0.4495503718355736,0.4495503718355736,0.4599449803711781,0.4599449803711781,0.4599449803711781,0.4658909758978647,0.4658909758978647,0.4658909758978647,0.4737687873338952,0.4737687873338952,0.4737687873338952,0.4796516830113528,0.4796516830113528,0.4796516830113528,0.4845331066106635,0.4845331066106635,0.4845331066106635,0.4888929654274775,0.4888929654274775,0.4888929654274775,0.49725281236351293,0.49725281236351293,0.49725281236351293,0.5014058187088227,0.5014058187088227,0.5014058187088227,0.5067789142623809,0.5067789142623809,0.5067789142623809,0.5125899078712077,0.5125899078712077,0.5125899078712077,0.5205931503524429,0.5205931503524429,0.5205931503524429,0.5284523238517451,0.5284523238517451,0.5284523238517451,0.5335577533814059,0.5335577533814059,0.5335577533814059,0.536768458171377,0.536768458171377,0.536768458171377,0.540737608131446,0.540737608131446,0.540737608131446,0.543460072082232,0.543460072082232,0.543460072082232,0.5492820358307541,0.5492820358307541,0.5492820358307541,0.551036573719735,0.551036573719735,0.551036573719735,0.5555141800872201,0.5555141800872201,0.5555141800872201,0.5578863988997522,0.5578863988997522,0.5578863988997522,0.5594503071595993,0.5594503071595993,0.5594503071595993,0.5608286181432864,0.5608286181432864,0.5608286181432864,0.5632697630477231,0.5632697630477231,0.5632697630477231,0.564721727065504,0.564721727065504,0.564721727065504,0.5669545542706972,0.5669545542706972,0.5669545542706972,0.5687790123898481,0.5687790123898481,0.5687790123898481,0.5707286242871557,0.5707286242871557,0.5707286242871557,0.5717186405221004,0.5717186405221004,0.5717186405221004,0.5735572504082166,0.5735572504082166,0.5735572504082166,0.5747564658961282,0.5747564658961282,0.5747564658961282,0.5758295701367281,0.5758295701367281,0.5758295701367281,0.5781479111342148,0.5781479111342148,0.5781479111342148,0.5790026312392245,0.5790026312392245,0.5790026312392245,0.5802977889470609,0.5802977889470609,0.5802977889470609,0.5818692647997246,0.5818692647997246,0.5818692647997246,0.5825644158201355,0.5825644158201355,0.5825644158201355,0.5839674402442717,0.5839674402442717,0.5839674402442717,0.585601217904453,0.585601217904453,0.585601217904453,0.5862660236513125,0.5862660236513125,0.5862660236513125,0.5879036604479957,0.5879036604479957,0.5879036604479957,0.5886398007732383,0.5886398007732383,0.5886398007732383,0.5892693350580354,0.5892693350580354,0.5892693350580354,0.5907747465792017,0.5907747465792017,0.5907747465792017,0.591464351093264,0.591464351093264,0.591464351093264,0.5930575644580961,0.5930575644580961,0.5930575644580961,0.5940749682493978,0.5940749682493978,0.5940749682493978,0.5945987639030715,0.5945987639030715,0.5945987639030715,0.5961122913977461,0.5961122913977461,0.5961122913977461,0.5971751924576906,0.5971751924576906,0.5971751924576906,0.5979408992193436,0.5979408992193436,0.5979408992193436,0.5987332817112327,0.5987332817112327,0.5987332817112327,0.59922451474318,0.59922451474318,0.59922451474318,0.5999830237833652,0.5999830237833652,0.5999830237833652,0.6003907124444227,0.6003907124444227,0.6003907124444227,0.6009187651788556,0.6009187651788556,0.6009187651788556,0.6018142966565576,0.6018142966565576,0.6018142966565576,0.6024345938860829,0.6024345938860829,0.6024345938860829,0.6029923657516477,0.6029923657516477,0.6029923657516477,0.6034075972535397,0.6034075972535397,0.6034075972535397,0.6042221579508285,0.6042221579508285,0.6042221579508285,0.6052941712455827,0.6052941712455827,0.6052941712455827,0.6060547971172581,0.6060547971172581,0.6060547971172581,0.6068049717701652,0.6068049717701652,0.6068049717701652,0.607229411259233,0.607229411259233,0.607229411259233,0.6077266318042341,0.6077266318042341,0.6077266318042341,0.6087638222506371,0.6087638222506371,0.6087638222506371,0.6091910855338462,0.6091910855338462,0.6091910855338462,0.6099636365277461,0.6099636365277461,0.6099636365277461,0.6105741670255054,0.6105741670255054,0.6105741670255054,0.6114981097768998,0.6114981097768998,0.6114981097768998,0.6122207998060872,0.6122207998060872,0.6122207998060872,0.6129442541441612,0.6129442541441612,0.6129442541441612,0.6137190379190307,0.6137190379190307,0.6137190379190307,0.6142683024029103,0.6142683024029103,0.6142683024029103,0.6149897347418067,0.6149897347418067,0.6149897347418067,0.6156262251572078,0.6156262251572078,0.6156262251572078,0.6161675973413534,0.6161675973413534,0.6161675973413534,0.6165829654036177,0.6165829654036177,0.6165829654036177,0.6170389279809757,0.6170389279809757,0.6170389279809757,0.6175980124661928,0.6175980124661928,0.6175980124661928,0.6179820965556106,0.6179820965556106,0.6179820965556106,0.6182584174655111,0.6182584174655111,0.6182584174655111,0.618466946345045,0.618466946345045,0.618466946345045,0.6187837842787431,0.6187837842787431,0.6187837842787431,0.619319665640982,0.619319665640982,0.619319665640982,0.620121978784161,0.620121978784161,0.620121978784161,0.6203706798634151,0.6203706798634151,0.6203706798634151,0.6206980314106383,0.6206980314106383,0.6206980314106383,0.62118289707464,0.62118289707464,0.62118289707464,0.6213586453997523,0.6213586453997523,0.6213586453997523,0.6219672075422775,0.6219672075422775,0.6219672075422775,0.6223457962240191,0.6223457962240191,0.6223457962240191,0.6227046665403886,0.6227046665403886,0.6227046665403886,0.6229777193715932,0.6229777193715932,0.6229777193715932,0.6233559301544279,0.6233559301544279,0.6233559301544279,0.6237463473872228,0.6237463473872228,0.6237463473872228,0.6239482980844384,0.6239482980844384,0.6239482980844384,0.6241473663926478,0.6241473663926478,0.6241473663926478,0.6243971469446632,0.6243971469446632,0.6243971469446632,0.6250603100483373,0.6250603100483373,0.6250603100483373,0.625273890636254,0.625273890636254,0.625273890636254,0.6257428312686358,0.6257428312686358,0.6257428312686358,0.6260624793951636,0.6260624793951636,0.6260624793951636,0.6262585726344083,0.6262585726344083,0.6262585726344083,0.6267794942878289,0.6267794942878289,0.6267794942878289,0.6270959666781718,0.6270959666781718,0.6270959666781718,0.6277596403933742,0.6277596403933742,0.6277596403933742,0.6279102301872426,0.6279102301872426,0.6279102301872426,0.6281079721365711,0.6281079721365711,0.6281079721365711,0.628456885177157,0.628456885177157,0.628456885177157,0.6285601952222288,0.6285601952222288,0.6285601952222288,0.6286828140103955,0.6286828140103955,0.6286828140103955,0.6289778167136779,0.6289778167136779,0.6289778167136779,0.6292496013067655,0.6292496013067655,0.6292496013067655,0.6295852298584346,0.6295852298584346,0.6295852298584346,0.6300830010870291,0.6300830010870291,0.6300830010870291,0.6303561925354505,0.6303561925354505,0.6303561925354505,0.6305152189691943,0.6305152189691943,0.6305152189691943,0.6307574214563245,0.6307574214563245,0.6307574214563245,0.6310133548027823,0.6310133548027823,0.6310133548027823,0.631274595677079,0.631274595677079,0.631274595677079,0.6318520056322577,0.6318520056322577,0.6318520056322577,0.6319675268068032,0.6319675268068032,0.6319675268068032,0.632138086466334,0.632138086466334,0.632138086466334,0.6322985453964605,0.6322985453964605,0.6322985453964605,0.6330353385097197,0.6330353385097197,0.6330353385097197,0.6332121815250301,0.6332121815250301,0.6332121815250301,0.6334768135570505,0.6334768135570505,0.6334768135570505,0.6336483030264309,0.6336483030264309,0.6336483030264309,0.6337187094358657,0.6337187094358657,0.6337187094358657,0.6338850103030024,0.6338850103030024,0.6338850103030024,0.6341092719008704,0.6341092719008704,0.6341092719008704,0.6343456017699869,0.6343456017699869,0.6343456017699869,0.6345072073884985,0.6345072073884985,0.6345072073884985,0.6346449440522518,0.6346449440522518,0.6346449440522518,0.6349222995542904,0.6349222995542904,0.6349222995542904,0.6352138728451183,0.6352138728451183,0.6352138728451183,0.6353999861547663,0.6353999861547663,0.6353999861547663,0.6356533941441964,0.6356533941441964,0.6356533941441964,0.6357148746820288,0.6357148746820288,0.6357148746820288,0.6358301308014556,0.6358301308014556,0.6358301308014556,0.6359314020066731,0.6359314020066731,0.6359314020066731,0.6362481690867223,0.6362481690867223,0.6362481690867223,0.6365274597042243,0.6365274597042243,0.6365274597042243,0.6367846104874658,0.6367846104874658,0.6367846104874658,0.6368401770769075,0.6368401770769075,
0.024690765203172843,0.024690765203172843,0.024690765203172843,0.044467146832937406,0.044467146832937406,0.044467146832937406,0.07765915842118921,0.07765915842118921,0.07765915842118921,0.08308166758477468,0.08308166758477468,0.08308166758477468,0.11099285737595203,0.11099285737595203,0.11099285737595203,0.13533770042148413,0.13533770042148413,0.13533770042148413,0.1899265720134171,0.1899265720134171,0.1899265720134171,0.2172644408750271,0.2172644408750271,0.2172644408750271,0.2438350670142341,0.2438350670142341,0.2438350670142341,0.2637716025816056,0.2637716025816056,0.2637716025816056,0.2948958587281199,0.2948958587281199,0.2948958587281199,0.325745762498227,0.325745762498227,0.325745762498227,0.3326568013171593,0.3326568013171593,0.3326568013171593,0.35381952118043375,0.35381952118043375,0.35381952118043375,0.36432021279470755,0.36432021279470755,0.36432021279470755,0.3815723351435652,0.3815723351435652,0.3815723351435652,0.3963780521687812,0.3963780521687812,0.3963780521687812,0.4034848008607996,0.4034848008607996,0.4034848008607996,0.42474047205781357,0.42474047205781357,0.42474047205781357,0.43358083243766,0.43358083243766,0.43358083243766,0.454394899114585,0.454394899114585,0.454394899114585,0.46734394828090686,0.46734394828090686,0.46734394828090686,0.47679718354832445,0.47679718354832445,0.47679718354832445,0.48245321560973203,0.48245321560973203,0.48245321560973203,0.49489447369834905,0.49489447369834905,0.49489447369834905,0.4979782307482478,0.4979782307482478,0.4979782307482478,0.505458504410183,0.505458504410183,0.505458504410183,0.5097015243184777,0.5097015243184777,0.5097015243184777,0.515234324162445,0.515234324162445,0.515234324162445,0.5185872203341679,0.5185872203341679,0.5185872203341679,0.5243606823452749,0.5243606823452749,0.5243606823452749,0.5269474044131444,0.5269474044131444,0.5269474044131444,0.5297888224544746,0.5297888224544746,0.5297888224544746,0.534655214597905,0.534655214597905,0.534655214597905,0.537597259692047,0.537597259692047,0.537597259692047,0.5422036450599318,0.5422036450599318,0.5422036450599318,0.5450232495877165,0.5450232495877165,0.5450232495877165,0.5479118671843072,0.5479118671843072,0.5479118671843072,0.5493216501969145,0.5493216501969145,0.5493216501969145,0.5541028330120189,0.5541028330120189,0.5541028330120189,0.5589694976680777,0.5589694976680777,0.5589694976680777,0.5610868487894343,0.5610868487894343,0.5610868487894343,0.56330139862749,0.56330139862749,0.56330139862749,0.5651855726293913,0.5651855726293913,0.5651855726293913,0.568474691358719,0.568474691358719,0.568474691358719,0.5693781128940867,0.5693781128940867,0.5693781128940867,0.5714995260137324,0.5714995260137324,0.5714995260137324,0.5731828042708412,0.5731828042708412,0.5731828042708412,0.5760224359059151,0.5760224359059151,0.5760224359059151,0.5777991175454734,0.5777991175454734,0.5777991175454734,0.579896241149159,0.579896241149159,0.579896241149159,0.5808277841915439,0.5808277841915439,0.5808277841915439,0.5819296141159543,0.5819296141159543,0.5819296141159543,0.5832167612650949,0.5832167612650949,0.5832167612650949,0.5843408314261612,0.5843408314261612,0.5843408314261612,0.5853289936160407,0.5853289936160407,0.5853289936160407,0.5867888609738812,0.5867888609738812,0.5867888609738812,0.5880453003866508,0.5880453003866508,0.5880453003866508,0.5892168220444399,0.5892168220444399,0.5892168220444399,0.5905297586411404,0.5905297586411404,0.5905297586411404,0.5913033938936345,0.5913033938936345,0.5913033938936345,0.5924995532400013,0.5924995532400013,0.5924995532400013,0.5936625865379822,0.5936625865379822,0.5936625865379822,0.5943043675994546,0.5943043675994546,0.5943043675994546,0.5953595956145459,0.5953595956145459,0.5953595956145459,0.5962095695324928,0.5962095695324928,0.5962095695324928,0.5971671464692276,0.5971671464692276,0.5971671464692276,0.5979926716514827,0.5979926716514827,0.5979926716514827,0.5990120080869282,0.5990120080869282,0.5990120080869282,0.5996610145635816,0.5996610145635816,0.5996610145635816,0.6004070475685773,0.6004070475685773,0.6004070475685773,0.6014833347325526,0.6014833347325526,0.6014833347325526,0.602484536275608,0.602484536275608,0.602484536275608,0.6032815293289711,0.6032815293289711,0.6032815293289711,0.6039772395150562,0.6039772395150562,0.6039772395150562,0.604688545752644,0.604688545752644,0.604688545752644,0.6057569175348376,0.6057569175348376,0.6057569175348376,0.6061892743850925,0.6061892743850925,0.6061892743850925,0.6074094547656452,0.6074094547656452,0.6074094547656452,0.6083340094471614,0.6083340094471614,0.6083340094471614,0.6089113048625742,0.6089113048625742,0.6089113048625742,0.6099930649141619,0.6099930649141619,0.6099930649141619,0.6104421832763492,0.6104421832763492,0.6104421832763492,0.6115902034360394,0.6115902034360394,0.6115902034360394,0.6118971867856454,0.6118971867856454,0.6118971867856454,0.6127813902442825,0.6127813902442825,0.6127813902442825,0.6131045786699385,0.6131045786699385,0.6131045786699385,0.6139730877837264,0.6139730877837264,0.6139730877837264,0.6141736498907936,0.6141736498907936,0.6141736498907936,0.6143733903878241,0.6143733903878241,0.6143733903878241,0.6152222920285665,0.6152222920285665,0.6152222920285665,0.6159084693539799,0.6159084693539799,0.6159084693539799,0.6162818061296427,0.6162818061296427,0.6162818061296427,0.6169324121488173,0.6169324121488173,0.6169324121488173,0.6171757917327435,0.6171757917327435,0.6171757917327435,0.6176976119320549,0.6176976119320549,0.6176976119320549,0.6180601669086457,0.6180601669086457,0.6180601669086457,0.6191357197274487,0.6191357197274487,0.6191357197274487,0.6194297795818352,0.6194297795818352,0.6194297795818352,0.61996628408235,0.61996628408235,0.61996628408235,0.6211698722909224,0.6211698722909224,0.6211698722909224,0.6215406279747021,0.6215406279747021,0.6215406279747021,0.6217396981947567,0.6217396981947567,0.6217396981947567,0.6219811246412393,0.6219811246412393,0.6219811246412393,0.622354392016215,0.622354392016215,0.622354392016215,0.6225911091608125,0.6225911091608125,0.6225911091608125,0.6228244142924865,0.6228244142924865,0.6228244142924865,0.6232003289721355,0.6232003289721355,0.6232003289721355,0.6235982419044852,0.6235982419044852,0.6235982419044852,0.6237941580931561,0.6237941580931561,0.6237941580931561,0.6239326953949131,0.6239326953949131,0.6239326953949131,0.6242335839325215,0.6242335839325215,0.6242335839325215,0.6248161470490369,0.6248161470490369,0.6248161470490369,0.6250174753943574,0.6250174753943574,0.6250174753943574,0.6252264975651317,0.6252264975651317,0.6252264975651317,0.6257486175905752,0.6257486175905752,0.6257486175905752,0.6260737428832139,0.6260737428832139,0.6260737428832139,0.6263336125795352,0.6263336125795352,0.6263336125795352,0.6266221038665665,0.6266221038665665,0.6266221038665665,0.6267183927680552,0.6267183927680552,0.6267183927680552,0.6270974740572111,0.6270974740572111,0.6270974740572111,0.6273417863904651,0.6273417863904651,0.6273417863904651,0.6275246201125845,0.6275246201125845,0.6275246201125845,0.6275896943847633,0.6275896943847633,0.6275896943847633,0.6277318893521365,0.6277318893521365,0.6277318893521365,0.6280125255408168,0.6280125255408168,0.6280125255408168,0.6283066831572387,0.6283066831572387,0.6283066831572387,0.6285890160892511,0.6285890160892511,0.6285890160892511,0.6286534511968417,0.6286534511968417,0.6286534511968417,0.6288705386295329,0.6288705386295329,0.6288705386295329,0.6290513438942137,0.6290513438942137,0.6290513438942137,0.629424655226678,0.629424655226678,0.629424655226678,0.6294824860049621,0.6294824860049621,0.6294824860049621,0.6299095789991841,0.6299095789991841,0.6299095789991841,0.6301566594101747,0.6301566594101747,0.6301566594101747,0.6303400606008235,0.6303400606008235,0.6303400606008235,0.6304371133360344,0.6304371133360344,0.6304371133360344,0.6307184048120377,0.6307184048120377,0.6307184048120377,0.6308074108209916,0.6308074108209916,0.6308074108209916,0.6310040816157589,0.6310040816157589,0.6310040816157589,0.6310701166553503,0.6310701166553503,0.6310701166553503,0.6312088824577375,0.6312088824577375,0.6312088824577375,0.6314747259832338,0.6314747259832338,0.6314747259832338,0.6315857262923423,0.6315857262923423,0.6315857262923423,0.6317777093983611,0.6317777093983611,0.6317777093983611,0.6319028807983937,0.6319028807983937,0.6319028807983937,0.6320908347787708,0.6320908347787708,0.6320908347787708,0.6322984315579482,0.6322984315579482,0.6322984315579482,0.6324603869106739,0.6324603869106739,0.6324603869106739,0.6326690273801152,0.6326690273801152,0.6326690273801152,0.6328784773988215,0.6328784773988215,0.6328784773988215,0.6331147344105497,0.6331147344105497,0.6331147344105497,0.633221368231329,0.633221368231329,0.633221368231329,0.6332678325937995,0.6332678325937995,0.6332678325937995,0.6333477551279735,0.6333477551279735,0.6333477551279735,0.6334978575717912,0.6334978575717912,0.6334978575717912,0.6336335245550987,0.6336335245550987,0.6336335245550987,0.6336844566805003,0.6336844566805003,0.6336844566805003,0.633783876905685,0.633783876905685,0.633783876905685,0.6339571661968447,0.6339571661968447,0.6339571661968447,0.6340411526078933,0.6340411526078933,0.6340411526078933,0.6342013410175302,0.6342013410175302,0.6342013410175302,0.634284728797862,0.634284728797862,0.634284728797862,0.6343705802630326,0.6343705802630326,0.6343705802630326,0.634446029932628,0.634446029932628,0.634446029932628,0.6344689004043845,0.6344689004043845,0.6344689004043845,0.6345180937999341,0.6345180937999341,
0.02552224380957527,0.02552224380957527,0.02552224380957527,0.02595343486384109,0.02595343486384109,0.02595343486384109,0.05401983826532064,0.05401983826532064,0.05401983826532064,0.05617377779116483,0.05617377779116483,0.05617377779116483,0.08080958798069647,0.08080958798069647,0.08080958798069647,0.09489560337013475,0.09489560337013475,0.09489560337013475,0.1366201315988595,0.1366201315988595,0.1366201315988595,0.16308151617324293,0.16308151617324293,0.16308151617324293,0.2225564772295529,0.2225564772295529,0.2225564772295529,0.280741538254628,0.280741538254628,0.280741538254628,0.2942450827737682,0.2942450827737682,0.2942450827737682,0.3104886506711077,0.3104886506711077,0.3104886506711077,0.3457303567273252,0.3457303567273252,0.3457303567273252,0.3601233880406313,0.3601233880406313,0.3601233880406313,0.3766267661144079,0.3766267661144079,0.3766267661144079,0.3876454857891923,0.3876454857891923,0.3876454857891923,0.40530431375314324,0.40530431375314324,0.40530431375314324,0.4244357947253684,0.4244357947253684,0.4244357947253684,0.4364755516548065,0.4364755516548065,0.4364755516548065,0.4493152247960447,0.4493152247960447,0.4493152247960447,0.4546323631969646,0.4546323631969646,0.4546323631969646,0.4680022103406634,0.4680022103406634,0.4680022103406634,0.4757689795511014,0.4757689795511014,0.4757689795511014,0.47972199646841696,0.47972199646841696,0.47972199646841696,0.48413539393779925,0.48413539393779925,0.48413539393779925,0.49334477041504565,0.49334477041504565,0.49334477041504565,0.49938781012254474,0.49938781012254474,0.49938781012254474,0.504283856170793,0.504283856170793,0.504283856170793,0.5095173366000572,0.5095173366000572,0.5095173366000572,0.5140266106336049,0.5140266106336049,0.5140266106336049,0.5213147677220774,0.5213147677220774,0.5213147677220774,0.5278478103508734,0.5278478103508734,0.5278478103508734,0.5339580122399783,0.5339580122399783,0.5339580122399783,0.5361236442864383,0.5361236442864383,0.5361236442864383,0.5383707284296069,0.5383707284296069,0.5383707284296069,0.5407681988819458,0.5407681988819458,0.5407681988819458,0.5447383359561287,0.5447383359561287,0.5447383359561287,0.5513633720137804,0.5513633720137804,0.5513633720137804,0.5546943722703122,0.5546943722703122,0.5546943722703122,0.5566358806183042,0.5566358806183042,0.5566358806183042,0.5590303225426724,0.5590303225426724,0.5590303225426724,0.5616513393850057,0.5616513393850057,0.5616513393850057,0.5627897446571243,0.5627897446571243,0.5627897446571243,0.5642995738650058,0.5642995738650058,0.5642995738650058,0.5671701980406505,0.5671701980406505,0.5671701980406505,0.5684630408507646,0.5684630408507646,0.5684630408507646,0.5713054491214817,0.5713054491214817,0.5713054491214817,0.5742285326374921,0.5742285326374921,0.5742285326374921,0.5771454937430103,0.5771454937430103,0.5771454937430103,0.5796690368165118,0.5796690368165118,0.5796690368165118,0.5809357269361148,0.5809357269361148,0.5809357269361148,0.582392409005502,0.582392409005502,0.582392409005502,0.5841847324504666,0.5841847324504666,0.5841847324504666,0.5859026635739188,0.5859026635739188,0.5859026635739188,0.5871458589274922,0.5871458589274922,0.5871458589274922,0.5878509188445051,0.5878509188445051,0.5878509188445051,0.5885960767575927,0.5885960767575927,0.5885960767575927,0.5904663952448619,0.5904663952448619,0.5904663952448619,0.5916676927273175,0.5916676927273175,0.5916676927273175,0.5922819800889645,0.5922819800889645,0.5922819800889645,0.5932466893974079,0.5932466893974079,0.5932466893974079,0.594543666854719,0.594543666854719,0.594543666854719,0.5951264114390449,0.5951264114390449,0.5951264114390449,0.5957678380581051,0.5957678380581051,0.5957678380581051,0.5965054462843413,0.5965054462843413,0.5965054462843413,0.59736567791174,0.59736567791174,0.59736567791174,0.5984589981018829,0.5984589981018829,0.5984589981018829,0.599217806740342,0.599217806740342,0.599217806740342,0.5998199935569732,0.5998199935569732,0.5998199935569732,0.6009667170208034,0.6009667170208034,0.6009667170208034,0.6016951733264888,0.6016951733264888,0.6016951733264888,0.6023366456637094,0.6023366456637094,0.6023366456637094,0.6036168963711869,0.6036168963711869,0.6036168963711869,0.6044577200422739,0.6044577200422739,0.6044577200422739,0.6049671844576873,0.6049671844576873,0.6049671844576873,0.6055985032769916,0.6055985032769916,0.6055985032769916,0.606328130524602,0.606328130524602,0.606328130524602,0.6073416740690809,0.6073416740690809,0.6073416740690809,0.6084496379030061,0.6084496379030061,0.6084496379030061,0.6087524725664799,0.6087524725664799,0.6087524725664799,0.6092200740946406,0.6092200740946406,0.6092200740946406,0.609683896446444,0.609683896446444,0.609683896446444,0.6107459234171234,0.6107459234171234,0.6107459234171234,0.6112767007333133,0.6112767007333133,0.6112767007333133,0.6119156070783588,0.6119156070783588,0.6119156070783588,0.612726193091565,0.612726193091565,0.612726193091565,0.6132557930720518,0.6132557930720518,0.6132557930720518,0.6143199862889515,0.6143199862889515,0.6143199862889515,0.6153054032366239,0.6153054032366239,0.6153054032366239,0.6157352601403314,0.6157352601403314,0.6157352601403314,0.6160608846584786,0.6160608846584786,0.6160608846584786,0.6164125499721996,0.6164125499721996,0.6164125499721996,0.6168791056159606,0.6168791056159606,0.6168791056159606,0.6174132475776765,0.6174132475776765,0.6174132475776765,0.6177459540406219,0.6177459540406219,0.6177459540406219,0.6184422508289311,0.6184422508289311,0.6184422508289311,0.6191383095290295,0.6191383095290295,0.6191383095290295,0.6194512320988207,0.6194512320988207,0.6194512320988207,0.619767521864081,0.619767521864081,0.619767521864081,0.6199485367313016,0.6199485367313016,0.6199485367313016,0.620410857192916,0.620410857192916,0.620410857192916,0.620746046683388,0.620746046683388,0.620746046683388,0.6212873431779917,0.6212873431779917,0.6212873431779917,0.6216775631829606,0.6216775631829606,0.6216775631829606,0.6220654625844717,0.6220654625844717,0.6220654625844717,0.6228585902648793,0.6228585902648793,0.6228585902648793,0.6231043191893068,0.6231043191893068,0.6231043191893068,0.6233755556338203,0.6233755556338203,0.6233755556338203,0.6238705288305544,0.6238705288305544,0.6238705288305544,0.6242551017495303,0.6242551017495303,0.6242551017495303,0.6244718488481185,0.6244718488481185,0.6244718488481185,0.6248395472438304,0.6248395472438304,0.6248395472438304,0.6251562410565847,0.6251562410565847,0.6251562410565847,0.6254544997380443,0.6254544997380443,0.6254544997380443,0.626069748521556,0.626069748521556,0.626069748521556,0.6264081949636475,0.6264081949636475,0.6264081949636475,0.6266355737972534,0.6266355737972534,0.6266355737972534,0.6271308471222375,0.6271308471222375,0.6271308471222375,0.6278060273054182,0.6278060273054182,0.6278060273054182,0.6281604481938297,0.6281604481938297,0.6281604481938297,0.6283387423419643,0.6283387423419643,0.6283387423419643,0.6287205755621009,0.6287205755621009,0.6287205755621009,0.6288654862665857,0.6288654862665857,0.6288654862665857,0.6292308087954243,0.6292308087954243,0.6292308087954243,0.6296254148003397,0.6296254148003397,0.6296254148003397,0.6298980882430407,0.6298980882430407,0.6298980882430407,0.6303893928484284,0.6303893928484284,0.6303893928484284,0.6308076946293403,0.6308076946293403,0.6308076946293403,0.6311713941971658,0.6311713941971658,0.6311713941971658,0.631516837717727,0.631516837717727,0.631516837717727,0.6316496500702478,0.6316496500702478,0.6316496500702478,0.631881051527766,0.631881051527766,0.631881051527766,0.6322117229582029,0.6322117229582029,0.6322117229582029,0.6323969904677949,0.6323969904677949,0.6323969904677949,0.6327682744799659,0.6327682744799659,0.6327682744799659,0.632997679674693,0.632997679674693,0.632997679674693,0.633211326599084,0.633211326599084,0.633211326599084,0.6335568908156903,0.6335568908156903,0.6335568908156903,0.633686525311792,0.633686525311792,0.633686525311792,0.6338998765811764,0.6338998765811764,0.6338998765811764,0.634050173810991,0.634050173810991,0.634050173810991,0.6342511109681395,0.6342511109681395,0.6342511109681395,0.6343723122684672,0.6343723122684672,0.6343723122684672,0.634510306487952,0.634510306487952,0.634510306487952,0.6346527946615025,0.6346527946615025,0.6346527946615025,0.6348138639882188,0.6348138639882188,0.6348138639882188,0.6350511090621634,0.6350511090621634,0.6350511090621634,0.6351311231923193,0.6351311231923193,0.6351311231923193,0.6353271605480032,0.6353271605480032,0.6353271605480032,0.635426994023147,0.635426994023147,0.635426994023147,0.6356583275100848,0.6356583275100848,0.6356583275100848,0.6357847619907208,0.6357847619907208,0.6357847619907208,0.6358783826705443,0.6358783826705443,0.6358783826705443,0.6360932292666898,0.6360932292666898,0.6360932292666898,0.6363880396837572,0.6363880396837572,0.6363880396837572,0.6364637523709895,0.6364637523709895,0.6364637523709895,0.6366422114572482,0.6366422114572482,0.6366422114572482,0.636885473707127,0.636885473707127,0.636885473707127,0.6369619144736225,0.6369619144736225,0.6369619144736225,0.637076539495909,0.637076539495909,0.637076539495909,0.6372072395911828,0.6372072395911828,0.6372072395911828,0.6373556119771614,0.6373556119771614,0.6373556119771614,0.6375034661222803,0.6375034661222803,0.6375034661222803,0.6376980669229052,0.6376980669229052,0.6376980669229052,0.6378093054999373,0.6378093054999373,0.6378093054999373,0.6379682694467653,0.6379682694467653,0.6379682694467653,0.6380913975966566,0.6380913975966566,
0.018379345221742494,0.018379345221742494,0.018379345221742494,0.03157361607301803,0.03157361607301803,0.03157361607301803,0.09060519813759856,0.09060519813759856,0.09060519813759856,0.10024935461787023,0.10024935461787023,0.10024935461787023,0.10946620804561502,0.10946620804561502,0.10946620804561502,0.1787341143007759,0.1787341143007759,0.1787341143007759,0.19723354709922994,0.19723354709922994,0.19723354709922994,0.22528626498326765,0.22528626498326765,0.22528626498326765,0.2511097554169212,0.2511097554169212,0.2511097554169212,0.2916002907684846,0.2916002907684846,0.2916002907684846,0.31604943776845007,0.31604943776845007,0.31604943776845007,0.33100136850766837,0.33100136850766837,0.33100136850766837,0.3426317923973532,0.3426317923973532,0.3426317923973532,0.3553288687977933,0.3553288687977933,0.3553288687977933,0.36312137926031335,0.36312137926031335,0.36312137926031335,0.3688185122993632,0.3688185122993632,0.3688185122993632,0.38252862518426967,0.38252862518426967,0.38252862518426967,0.3992285516549144,0.3992285516549144,0.3992285516549144,0.4069297459684367,0.4069297459684367,0.4069297459684367,0.41531869268350796,0.41531869268350796,0.41531869268350796,0.4370708120629176,0.4370708120629176,0.4370708120629176,0.447137931307862,0.447137931307862,0.447137931307862,0.4654268870717031,0.4654268870717031,0.4654268870717031,0.4734000492291589,0.4734000492291589,0.4734000492291589,0.48318736708351007,0.48318736708351007,0.48318736708351007,0.4869294726630151,0.4869294726630151,0.4869294726630151,0.49326280174479287,0.49326280174479287,0.49326280174479287,0.49989705043437055,0.49989705043437055,0.49989705043437055,0.504874954668776,0.504874954668776,0.504874954668776,0.5103184608781995,0.5103184608781995,0.5103184608781995,0.514166389613148,0.514166389613148,0.514166389613148,0.5207372504327675,0.5207372504327675,0.5207372504327675,0.5239913035215176,0.5239913035215176,0.5239913035215176,0.5270772277419601,0.5270772277419601,0.5270772277419601,0.5320388775171752,0.5320388775171752,0.5320388775171752,0.5350015870495618,0.5350015870495618,0.5350015870495618,0.5414588658695131,0.5414588658695131,0.5414588658695131,0.5440161525935223,0.5440161525935223,0.5440161525935223,0.5471435113483742,0.5471435113483742,0.5471435113483742,0.5491419304634879,0.5491419304634879,0.5491419304634879,0.5530590293222027,0.5530590293222027,0.5530590293222027,0.5579743508567819,0.5579743508567819,0.5579743508567819,0.5612265831612916,0.5612265831612916,0.5612265831612916,0.563490306862165,0.563490306862165,0.563490306862165,0.5658820777657647,0.5658820777657647,0.5658820777657647,0.5674888828783557,0.5674888828783557,0.5674888828783557,0.5693509420279078,0.5693509420279078,0.5693509420279078,0.5713419202894067,0.5713419202894067,0.5713419202894067,0.5732373114617855,0.5732373114617855,0.5732373114617855,0.5754375554200785,0.5754375554200785,0.5754375554200785,0.5765082577456153,0.5765082577456153,0.5765082577456153,0.5776189107995163,0.5776189107995163,0.5776189107995163,0.5787916246166074,0.5787916246166074,0.5787916246166074,0.5798450493236911,0.5798450493236911,0.5798450493236911,0.5835931792549631,0.5835931792549631,0.5835931792549631,0.5848480428538025,0.5848480428538025,0.5848480428538025,0.5861005391380288,0.5861005391380288,0.5861005391380288,0.587912709204681,0.587912709204681,0.587912709204681,0.5896131610245093,0.5896131610245093,0.5896131610245093,0.5908876022182907,0.5908876022182907,0.5908876022182907,0.5924307729952537,0.5924307729952537,0.5924307729952537,0.5936141797068991,0.5936141797068991,0.5936141797068991,0.5945591149168572,0.5945591149168572,0.5945591149168572,0.5958162033495278,0.5958162033495278,0.5958162033495278,0.596560352725083,0.596560352725083,0.596560352725083,0.597239157383461,0.597239157383461,0.597239157383461,0.5985972712701768,0.5985972712701768,0.5985972712701768,0.5990217487260066,0.5990217487260066,0.5990217487260066,0.6007008940762937,0.6007008940762937,0.6007008940762937,0.6013094634815583,0.6013094634815583,0.6013094634815583,0.6026231675662336,0.6026231675662336,0.6026231675662336,0.6038246303812256,0.6038246303812256,0.6038246303812256,0.6045803742881334,0.6045803742881334,0.6045803742881334,0.605019687326,0.605019687326,0.605019687326,0.6058082373425027,0.6058082373425027,0.6058082373425027,0.6064801866945169,0.6064801866945169,0.6064801866945169,0.6076441261509714,0.6076441261509714,0.6076441261509714,0.6079499586662229,0.6079499586662229,0.6079499586662229,0.6084388323678197,0.6084388323678197,0.6084388323678197,0.6092668741479971,0.6092668741479971,0.6092668741479971,0.6096541618152278,0.6096541618152278,0.6096541618152278,0.6101019281394056,0.6101019281394056,0.6101019281394056,0.6106748467443519,0.6106748467443519,0.6106748467443519,0.6112739098256721,0.6112739098256721,0.6112739098256721,0.61164785400189,0.61164785400189,0.61164785400189,0.6123093396679986,0.6123093396679986,0.6123093396679986,0.6136114968874669,0.6136114968874669,0.6136114968874669,0.6141607608388187,0.6141607608388187,0.6141607608388187,0.6148767297649357,0.6148767297649357,0.6148767297649357,0.6160391299797816,0.6160391299797816,0.6160391299797816,0.6167813501821071,0.6167813501821071,0.6167813501821071,0.6175705442117635,0.6175705442117635,0.6175705442117635,0.6179258105619297,0.6179258105619297,0.6179258105619297,0.6186132796284375,0.6186132796284375,0.6186132796284375,0.6195634780667867,0.6195634780667867,0.6195634780667867,0.619915195829707,0.619915195829707,0.619915195829707,0.6202526348684952,0.6202526348684952,0.6202526348684952,0.6206171481165321,0.6206171481165321,0.6206171481165321,0.621003880162474,0.621003880162474,0.621003880162474,0.6213629470510574,0.6213629470510574,0.6213629470510574,0.6217198133412327,0.6217198133412327,0.6217198133412327,0.6220320995752395,0.6220320995752395,0.6220320995752395,0.6224986816448332,0.6224986816448332,0.6224986816448332,0.6235588256071736,0.6235588256071736,0.6235588256071736,0.6237773302172467,0.6237773302172467,0.6237773302172467,0.6244959325056793,0.6244959325056793,0.6244959325056793,0.624928356135435,0.624928356135435,0.624928356135435,0.6251729309052327,0.6251729309052327,0.6251729309052327,0.6256379525908661,0.6256379525908661,0.6256379525908661,0.6260950875876585,0.6260950875876585,0.6260950875876585,0.6266342708258856,0.6266342708258856,0.6266342708258856,0.6268005918631383,0.6268005918631383,0.6268005918631383,0.6271919070499682,0.6271919070499682,0.6271919070499682,0.6277651792805636,0.6277651792805636,0.6277651792805636,0.6283109608875603,0.6283109608875603,0.6283109608875603,0.6285469931992365,0.6285469931992365,0.6285469931992365,0.628942265035926,0.628942265035926,0.628942265035926,0.6290702444831044,0.6290702444831044,0.6290702444831044,0.6293293374940708,0.6293293374940708,0.6293293374940708,0.6297453710548023,0.6297453710548023,0.6297453710548023,0.6301349615243136,0.6301349615243136,0.6301349615243136,0.6304202452204428,0.6304202452204428,0.6304202452204428,0.630758609460423,0.630758609460423,0.630758609460423,0.6309699013033793,0.6309699013033793,0.6309699013033793,0.6312776113462204,0.6312776113462204,0.6312776113462204,0.6315338878692158,0.6315338878692158,0.6315338878692158,0.63172400420199,0.63172400420199,0.63172400420199,0.6319587887825947,0.6319587887825947,0.6319587887825947,0.6321360612342372,0.6321360612342372,0.6321360612342372,0.6322980922513686,0.6322980922513686,0.6322980922513686,0.6330251234813677,0.6330251234813677,0.6330251234813677,0.633403491070574,0.633403491070574,0.633403491070574,0.6337493721541103,0.6337493721541103,0.6337493721541103,0.6339381785663898,0.6339381785663898,0.6339381785663898,0.6341590506590924,0.6341590506590924,0.6341590506590924,0.6344491722469562,0.6344491722469562,0.6344491722469562,0.6346465763270022,0.6346465763270022,0.6346465763270022,0.634868782794811,0.634868782794811,0.634868782794811,0.6349598869682683,0.6349598869682683,0.6349598869682683,0.6350144970479162,0.6350144970479162,0.6350144970479162,0.6353158630105371,0.6353158630105371,0.6353158630105371,0.6354645886303335,0.6354645886303335,0.6354645886303335,0.6357092232179682,0.6357092232179682,0.6357092232179682,0.6361098005064877,0.6361098005064877,0.6361098005064877,0.6363430867901504,0.6363430867901504,0.6363430867901504,0.636659722365232,0.636659722365232,0.636659722365232,0.6369267272798317,0.6369267272798317,0.6369267272798317,0.6371003270968661,0.6371003270968661,0.6371003270968661,0.6372085977401752,0.6372085977401752,0.6372085977401752,0.6374197481974155,0.6374197481974155,0.6374197481974155,0.6374541056364104,0.6374541056364104,0.6374541056364104,0.6376582216197477,0.6376582216197477,0.6376582216197477,0.6378805936653735,0.6378805936653735,0.6378805936653735,0.637995149845018,0.637995149845018,0.637995149845018,0.6381462068235969,0.6381462068235969,0.6381462068235969,0.6382886929627838,0.6382886929627838,0.6382886929627838,0.6384477022960843,0.6384477022960843,0.6384477022960843,0.6386585882048297,0.6386585882048297,0.6386585882048297,0.6387549605618499,0.6387549605618499,0.6387549605618499,0.6388793059410028,0.6388793059410028,0.6388793059410028,0.6390470932437309,0.6390470932437309,0.6390470932437309,0.6392268777010534,0.6392268777010534,0.6392268777010534,0.639317791917557,0.639317791917557,0.639317791917557,0.6400231787204206,0.6400231787204206,0.6400231787204206,0.6401794930904473,0.6401794930904473,0.6401794930904473,0.6402550176767983,0.6402550176767983,0.6402550176767983,0.640414393475007,0.640414393475007,
0.043158639875571725,0.043158639875571725,0.043158639875571725,0.04315863987557171,0.04315863987557171,0.04315863987557171,0.08129319655234775,0.08129319655234775,0.08129319655234775,0.09435916409899404,0.09435916409899404,0.09435916409899404,0.12763542695731842,0.12763542695731842,0.12763542695731842,0.15569660649427716,0.15569660649427716,0.15569660649427716,0.1762918206551682,0.1762918206551682,0.1762918206551682,0.20423608286427813,0.20423608286427813,0.20423608286427813,0.2269745093544234,0.2269745093544234,0.2269745093544234,0.22747675399200187,0.22747675399200187,0.22747675399200187,0.27884588402248117,0.27884588402248117,0.27884588402248117,0.31642498675908937,0.31642498675908937,0.31642498675908937,0.33877528161565734,0.33877528161565734,0.33877528161565734,0.3647354269779277,0.3647354269779277,0.3647354269779277,0.37003151243843074,0.37003151243843074,0.37003151243843074,0.38387557829228486,0.38387557829228486,0.38387557829228486,0.39009294283410567,0.39009294283410567,0.39009294283410567,0.40386543473980496,0.40386543473980496,0.40386543473980496,0.422030414140666,0.422030414140666,0.422030414140666,0.42943567638047686,0.42943567638047686,0.42943567638047686,0.4336288237861493,0.4336288237861493,0.4336288237861493,0.44278432050582245,0.44278432050582245,0.44278432050582245,0.4515824350840006,0.4515824350840006,0.4515824350840006,0.457392996217207,0.457392996217207,0.457392996217207,0.46319655199773485,0.46319655199773485,0.46319655199773485,0.4695534270864416,0.4695534270864416,0.4695534270864416,0.47973207301290993,0.47973207301290993,0.47973207301290993,0.4910503551697259,0.4910503551697259,0.4910503551697259,0.49984889772994956,0.49984889772994956,0.49984889772994956,0.508567529357273,0.508567529357273,0.508567529357273,0.5153195862506275,0.5153195862506275,0.5153195862506275,0.5186375836626194,0.5186375836626194,0.5186375836626194,0.5228521354681143,0.5228521354681143,0.5228521354681143,0.5280142062834773,0.5280142062834773,0.5280142062834773,0.5325043828079019,0.5325043828079019,0.5325043828079019,0.5390995480157389,0.5390995480157389,0.5390995480157389,0.5410886054256835,0.5410886054256835,0.5410886054256835,0.5443660143818427,0.5443660143818427,0.5443660143818427,0.5483591412285361,0.5483591412285361,0.5483591412285361,0.5505382064056829,0.5505382064056829,0.5505382064056829,0.5564010657059923,0.5564010657059923,0.5564010657059923,0.5582440431883716,0.5582440431883716,0.5582440431883716,0.5606423163500174,0.5606423163500174,0.5606423163500174,0.5616865698820863,0.5616865698820863,0.5616865698820863,0.5638827946695468,0.5638827946695468,0.5638827946695468,0.5660127215812848,0.5660127215812848,0.5660127215812848,0.5678314238354834,0.5678314238354834,0.5678314238354834,0.5704414832330911,0.5704414832330911,0.5704414832330911,0.5723864885972731,0.5723864885972731,0.5723864885972731,0.575763850337543,0.575763850337543,0.575763850337543,0.5789593134929564,0.5789593134929564,0.5789593134929564,0.580881332340265,0.580881332340265,0.580881332340265,0.5819099721503472,0.5819099721503472,0.5819099721503472,0.5832545044593749,0.5832545044593749,0.5832545044593749,0.5846423073296255,0.5846423073296255,0.5846423073296255,0.5858427988799553,0.5858427988799553,0.5858427988799553,0.5870265871553045,0.5870265871553045,0.5870265871553045,0.5882085559670215,0.5882085559670215,0.5882085559670215,0.5896332267430515,0.5896332267430515,0.5896332267430515,0.5911407505130641,0.5911407505130641,0.5911407505130641,0.5923430422235383,0.5923430422235383,0.5923430422235383,0.5935861544955741,0.5935861544955741,0.5935861544955741,0.5955402674280339,0.5955402674280339,0.5955402674280339,0.5960733054840329,0.5960733054840329,0.5960733054840329,0.5977692781057353,0.5977692781057353,0.5977692781057353,0.5988313618529875,0.5988313618529875,0.5988313618529875,0.5993161796413186,0.5993161796413186,0.5993161796413186,0.6008219896643747,0.6008219896643747,0.6008219896643747,0.6019073762180774,0.6019073762180774,0.6019073762180774,0.6024373228105339,0.6024373228105339,0.6024373228105339,0.6036440751564895,0.6036440751564895,0.6036440751564895,0.6046709689287649,0.6046709689287649,0.6046709689287649,0.6052779824552827,0.6052779824552827,0.6052779824552827,0.6060677264906731,0.6060677264906731,0.6060677264906731,0.6070618022515211,0.6070618022515211,0.6070618022515211,0.6075234183518131,0.6075234183518131,0.6075234183518131,0.6083331481847576,0.6083331481847576,0.6083331481847576,0.6088536465101616,0.6088536465101616,0.6088536465101616,0.6095999530269951,0.6095999530269951,0.6095999530269951,0.6101872814904603,0.6101872814904603,0.6101872814904603,0.6106577349074827,0.6106577349074827,0.6106577349074827,0.6111485136133452,0.6111485136133452,0.6111485136133452,0.6119764950122879,0.6119764950122879,0.6119764950122879,0.6125228929833718,0.6125228929833718,0.6125228929833718,0.6132591358220241,0.6132591358220241,0.6132591358220241,0.6144822683668196,0.6144822683668196,0.6144822683668196,0.6150300202587742,0.6150300202587742,0.6150300202587742,0.6154392161257595,0.6154392161257595,0.6154392161257595,0.6160248107507037,0.6160248107507037,0.6160248107507037,0.6165074422923246,0.6165074422923246,0.6165074422923246,0.6170733034470648,0.6170733034470648,0.6170733034470648,0.61848248943411,0.61848248943411,0.61848248943411,0.6192168159943472,0.6192168159943472,0.6192168159943472,0.620044320227176,0.620044320227176,0.620044320227176,0.6205926640128892,0.6205926640128892,0.6205926640128892,0.6212070150909172,0.6212070150909172,0.6212070150909172,0.621938747567028,0.621938747567028,0.621938747567028,0.6223633134455707,0.6223633134455707,0.6223633134455707,0.6227273577905574,0.6227273577905574,0.6227273577905574,0.6230200155546178,0.6230200155546178,0.6230200155546178,0.6234212945440951,0.6234212945440951,0.6234212945440951,0.6236765350190736,0.6236765350190736,0.6236765350190736,0.6241213005406958,0.6241213005406958,0.6241213005406958,0.6247001630738,0.6247001630738,0.6247001630738,0.6252073691615784,0.6252073691615784,0.6252073691615784,0.6254606443201968,0.6254606443201968,0.6254606443201968,0.6257920016800044,0.6257920016800044,0.6257920016800044,0.6260735941944418,0.6260735941944418,0.6260735941944418,0.6266517979076512,0.6266517979076512,0.6266517979076512,0.6269381309783644,0.6269381309783644,0.6269381309783644,0.6273157949811108,0.6273157949811108,0.6273157949811108,0.6275606009990067,0.6275606009990067,0.6275606009990067,0.6279517118091844,0.6279517118091844,0.6279517118091844,0.6282087504779551,0.6282087504779551,0.6282087504779551,0.6285081552007916,0.6285081552007916,0.6285081552007916,0.6288149170251305,0.6288149170251305,0.6288149170251305,0.628979397971363,0.628979397971363,0.628979397971363,0.6292378337833161,0.6292378337833161,0.6292378337833161,0.6294671316293979,0.6294671316293979,0.6294671316293979,0.6297479725735002,0.6297479725735002,0.6297479725735002,0.6299734404347738,0.6299734404347738,0.6299734404347738,0.6302213876689843,0.6302213876689843,0.6302213876689843,0.6304744076797577,0.6304744076797577,0.6304744076797577,0.6307308317200828,0.6307308317200828,0.6307308317200828,0.6308665822345657,0.6308665822345657,0.6308665822345657,0.6311550872433396,0.6311550872433396,0.6311550872433396,0.6313256112413931,0.6313256112413931,0.6313256112413931,0.6315210017035989,0.6315210017035989,0.6315210017035989,0.6319145822332932,0.6319145822332932,0.6319145822332932,0.6321075716848009,0.6321075716848009,0.6321075716848009,0.6322517090901076,0.6322517090901076,0.6322517090901076,0.6328330955262965,0.6328330955262965,0.6328330955262965,0.6330390027958099,0.6330390027958099,0.6330390027958099,0.6332195713405757,0.6332195713405757,0.6332195713405757,0.6333533482249928,0.6333533482249928,0.6333533482249928,0.6335449412572388,0.6335449412572388,0.6335449412572388,0.6339698811669682,0.6339698811669682,0.6339698811669682,0.6340148431396468,0.6340148431396468,0.6340148431396468,0.6341644784249967,0.6341644784249967,0.6341644784249967,0.6343748287239236,0.6343748287239236,0.6343748287239236,0.6345072284572806,0.6345072284572806,0.6345072284572806,0.6346159647741324,0.6346159647741324,0.6346159647741324,0.6347505256429822,0.6347505256429822,0.6347505256429822,0.6348740282660474,0.6348740282660474,0.6348740282660474,0.6350756835820682,0.6350756835820682,0.6350756835820682,0.6351870607047673,0.6351870607047673,0.6351870607047673,0.6352887332371555,0.6352887332371555,0.6352887332371555,0.6355218740239528,0.6355218740239528,0.6355218740239528,0.6359499562340815,0.6359499562340815,0.6359499562340815,0.636085545711724,0.636085545711724,0.636085545711724,0.6361954943466321,0.6361954943466321,0.6361954943466321,0.6363489644618479,0.6363489644618479,0.6363489644618479,0.636514924583798,0.636514924583798,0.636514924583798,0.636756799196533,0.636756799196533,0.636756799196533,0.6368037185739275,0.6368037185739275,0.6368037185739275,0.6368871067832262,0.6368871067832262,0.6368871067832262,0.6370755348334536,0.6370755348334536,0.6370755348334536,0.6373424449488077,0.6373424449488077,0.6373424449488077,0.6379454240582957,0.6379454240582957,0.6379454240582957,0.6380438610578494,0.6380438610578494,0.6380438610578494,0.6383057945509019,0.6383057945509019,0.6383057945509019,0.638435155482132,0.638435155482132,0.638435155482132,0.6386654555538358,0.6386654555538358,0.6386654555538358,0.6387554318376869,0.6387554318376869,0.6387554318376869,0.639081832250915,0.639081832250915,0.639081832250915,0.6391777481539291,0.6391777481539291,0.6391777481539291,0.6392551563354053,0.6392551563354053,
0.024453073782717837,0.024453073782717837,0.024453073782717837,0.03182078274181669,0.03182078274181669,0.03182078274181669,0.05422688145134508,0.05422688145134508,0.05422688145134508,0.0965943430255749,0.0965943430255749,0.0965943430255749,0.1309077152459264,0.1309077152459264,0.1309077152459264,0.164449295068115,0.164449295068115,0.164449295068115,0.18087808256345278,0.18087808256345278,0.18087808256345278,0.20838371041881193,0.20838371041881193,0.20838371041881193,0.2319422801021616,0.2319422801021616,0.2319422801021616,0.23902004918856098,0.23902004918856098,0.23902004918856098,0.2671067376792136,0.2671067376792136,0.2671067376792136,0.2905126373518659,0.2905126373518659,0.2905126373518659,0.33844678439302006,0.33844678439302006,0.33844678439302006,0.353470868522966,0.353470868522966,0.353470868522966,0.3774356249130082,0.3774356249130082,0.3774356249130082,0.38764347506293934,0.38764347506293934,0.38764347506293934,0.40958712912250383,0.40958712912250383,0.40958712912250383,0.42043683889856237,0.42043683889856237,0.42043683889856237,0.4360504669276362,0.4360504669276362,0.4360504669276362,0.44681803403943277,0.44681803403943277,0.44681803403943277,0.4548284414297303,0.4548284414297303,0.4548284414297303,0.46504088814063577,0.46504088814063577,0.46504088814063577,0.4742134567421363,0.4742134567421363,0.4742134567421363,0.4854672537083991,0.4854672537083991,0.4854672537083991,0.4925690004993089,0.4925690004993089,0.4925690004993089,0.4974083341469413,0.4974083341469413,0.4974083341469413,0.501711404788225,0.501711404788225,0.501711404788225,0.506636953982356,0.506636953982356,0.506636953982356,0.5107034349596303,0.5107034349596303,0.5107034349596303,0.5144018030811599,0.5144018030811599,0.5144018030811599,0.5188284130749858,0.5188284130749858,0.5188284130749858,0.5236777602561351,0.5236777602561351,0.5236777602561351,0.5278965485225222,0.5278965485225222,0.5278965485225222,0.5322073784088189,0.5322073784088189,0.5322073784088189,0.5368994470602892,0.5368994470602892,0.5368994470602892,0.5413931714458652,0.5413931714458652,0.5413931714458652,0.5454220102697689,0.5454220102697689,0.5454220102697689,0.5478405637860339,0.5478405637860339,0.5478405637860339,0.550119396847901,0.550119396847901,0.550119396847901,0.5549184800217872,0.5549184800217872,0.5549184800217872,0.5568592854462954,0.5568592854462954,0.5568592854462954,0.5609700182296633,0.5609700182296633,0.5609700182296633,0.5644007061114499,0.5644007061114499,0.5644007061114499,0.5657810463892652,0.5657810463892652,0.5657810463892652,0.5700879546386048,0.5700879546386048,0.5700879546386048,0.5723500506297821,0.5723500506297821,0.5723500506297821,0.5740780890953394,0.5740780890953394,0.5740780890953394,0.5764671734747302,0.5764671734747302,0.5764671734747302,0.5789258189690416,0.5789258189690416,0.5789258189690416,0.5812956404987475,0.5812956404987475,0.5812956404987475,0.5840292620654495,0.5840292620654495,0.5840292620654495,0.5853409262323793,0.5853409262323793,0.5853409262323793,0.5874217963307237,0.5874217963307237,0.5874217963307237,0.5906603650838758,0.5906603650838758,0.5906603650838758,0.5915679150550508,0.5915679150550508,0.5915679150550508,0.5934587179252547,0.5934587179252547,0.5934587179252547,0.5949051099637773,0.5949051099637773,0.5949051099637773,0.5959884327834563,0.5959884327834563,0.5959884327834563,0.5971324883608354,0.5971324883608354,0.5971324883608354,0.597916906218541,0.597916906218541,0.597916906218541,0.5988059332679215,0.5988059332679215,0.5988059332679215,0.5994301278640412,0.5994301278640412,0.5994301278640412,0.6017019966039465,0.6017019966039465,0.6017019966039465,0.6030635992397385,0.6030635992397385,0.6030635992397385,0.6046693269132996,0.6046693269132996,0.6046693269132996,0.6054725477291459,0.6054725477291459,0.6054725477291459,0.6062761190245696,0.6062761190245696,0.6062761190245696,0.6070952352511108,0.6070952352511108,0.6070952352511108,0.6086919005632404,0.6086919005632404,0.6086919005632404,0.6092051641385328,0.6092051641385328,0.6092051641385328,0.6101010406904037,0.6101010406904037,0.6101010406904037,0.6108217782153964,0.6108217782153964,0.6108217782153964,0.6112636213826365,0.6112636213826365,0.6112636213826365,0.6121156780174126,0.6121156780174126,0.6121156780174126,0.6135151770592157,0.6135151770592157,0.6135151770592157,0.6142452825746483,0.6142452825746483,0.6142452825746483,0.6150082220736024,0.6150082220736024,0.6150082220736024,0.6156618778384891,0.6156618778384891,0.6156618778384891,0.616741017136818,0.616741017136818,0.616741017136818,0.6176247669101368,0.6176247669101368,0.6176247669101368,0.6184842922405155,0.6184842922405155,0.6184842922405155,0.6194804987101226,0.6194804987101226,0.6194804987101226,0.6198176440945725,0.6198176440945725,0.6198176440945725,0.6201940620367373,0.6201940620367373,0.6201940620367373,0.6214266429969075,0.6214266429969075,0.6214266429969075,0.6216466457218935,0.6216466457218935,0.6216466457218935,0.6223472360447139,0.6223472360447139,0.6223472360447139,0.6227026041931772,0.6227026041931772,0.6227026041931772,0.6230799485311076,0.6230799485311076,0.6230799485311076,0.6236865372926971,0.6236865372926971,0.6236865372926971,0.6240836846838724,0.6240836846838724,0.6240836846838724,0.6245395216472186,0.6245395216472186,0.6245395216472186,0.6248875646355028,0.6248875646355028,0.6248875646355028,0.6256915029396949,0.6256915029396949,0.6256915029396949,0.6259172361347536,0.6259172361347536,0.6259172361347536,0.6262136923993821,0.6262136923993821,0.6262136923993821,0.6264240313801804,0.6264240313801804,0.6264240313801804,0.6269078081462108,0.6269078081462108,0.6269078081462108,0.6271836501379637,0.6271836501379637,0.6271836501379637,0.6276571504511315,0.6276571504511315,0.6276571504511315,0.6279054084456548,0.6279054084456548,0.6279054084456548,0.6282026819952261,0.6282026819952261,0.6282026819952261,0.6284301135671104,0.6284301135671104,0.6284301135671104,0.6285333557686036,0.6285333557686036,0.6285333557686036,0.6292681119747034,0.6292681119747034,0.6292681119747034,0.629561935232498,0.629561935232498,0.629561935232498,0.6298910344068677,0.6298910344068677,0.6298910344068677,0.6303207809749368,0.6303207809749368,0.6303207809749368,0.630641142307697,0.630641142307697,0.630641142307697,0.6310126692919035,0.6310126692919035,0.6310126692919035,0.631327131873908,0.631327131873908,0.631327131873908,0.6313883088422532,0.6313883088422532,0.6313883088422532,0.6315528877724957,0.6315528877724957,0.6315528877724957,0.6319241454166059,0.6319241454166059,0.6319241454166059,0.6322168276179931,0.6322168276179931,0.6322168276179931,0.6326244091451079,0.6326244091451079,0.6326244091451079,0.6327642399309144,0.6327642399309144,0.6327642399309144,0.632972381473855,0.632972381473855,0.632972381473855,0.63337047681807,0.63337047681807,0.63337047681807,0.6335639742233878,0.6335639742233878,0.6335639742233878,0.6336568251092246,0.6336568251092246,0.6336568251092246,0.6338656931063383,0.6338656931063383,0.6338656931063383,0.634112171321482,0.634112171321482,0.634112171321482,0.6343386534115492,0.6343386534115492,0.6343386534115492,0.6346275013751346,0.6346275013751346,0.6346275013751346,0.6349595268830331,0.6349595268830331,0.6349595268830331,0.6350693762124843,0.6350693762124843,0.6350693762124843,0.6352188163053843,0.6352188163053843,0.6352188163053843,0.6353596553254482,0.6353596553254482,0.6353596553254482,0.6355708399473441,0.6355708399473441,0.6355708399473441,0.6357655965357998,0.6357655965357998,0.6357655965357998,0.6359347130795515,0.6359347130795515,0.6359347130795515,0.6360159944374623,0.6360159944374623,0.6360159944374623,0.6364123520185764,0.6364123520185764,0.6364123520185764,0.6366585484135008,0.6366585484135008,0.6366585484135008,0.6367418821679057,0.6367418821679057,0.6367418821679057,0.636975391780109,0.636975391780109,0.636975391780109,0.6371944228086788,0.6371944228086788,0.6371944228086788,0.6372511058324539,0.6372511058324539,0.6372511058324539,0.6373580075231121,0.6373580075231121,0.6373580075231121,0.637663027447617,0.637663027447617,0.637663027447617,0.6378556120789066,0.6378556120789066,0.6378556120789066,0.637947000561906,0.637947000561906,0.637947000561906,0.6381663961705851,0.6381663961705851,0.6381663961705851,0.638310150427684,0.638310150427684,0.638310150427684,0.6384144466910402,0.6384144466910402,0.6384144466910402,0.6384375169970209,0.6384375169970209,0.6384375169970209,0.6385551712684097,0.6385551712684097,0.6385551712684097,0.6389715465620737,0.6389715465620737,0.6389715465620737,0.6391525425974335,0.6391525425974335,0.6391525425974335,0.6392217669015192,0.6392217669015192,0.6392217669015192,0.6393496014615293,0.6393496014615293,0.6393496014615293,0.6394786900596711,0.6394786900596711,0.6394786900596711,0.6395593217397203,0.6395593217397203,0.6395593217397203,0.639691231683404,0.639691231683404,0.639691231683404,0.63978540917384,0.63978540917384,0.63978540917384,0.6398285903857062,0.6398285903857062,0.6398285903857062,0.6399013453684408,0.6399013453684408,0.6399013453684408,0.6399958480773066,0.6399958480773066,0.6399958480773066,0.640172364386866,0.640172364386866,0.640172364386866,0.6402935229113097,0.6402935229113097,0.6402935229113097,0.6403691764038606,0.6403691764038606,0.6403691764038606,0.6404515893671741,0.6404515893671741,0.6404515893671741,0.6405545034353837,0.6405545034353837,0.6405545034353837,0.6406623193536666,0.6406623193536666,0.6406623193536666,0.6407900707855543,0.6407900707855543,0.6407900707855543,0.6409399214795474,0.6409399214795474,
0.014438194454609097,0.014438194454609097,0.014438194454609097,0.01995407120639464,0.01995407120639464,0.01995407120639464,0.06882281557942989,0.06882281557942989,0.06882281557942989,0.13128727735365778,0.13128727735365778,0.13128727735365778,0.1664165938195925,0.1664165938195925,0.1664165938195925,0.20497619152082305,0.20497619152082305,0.20497619152082305,0.22996256634481338,0.22996256634481338,0.22996256634481338,0.2591395362028176,0.2591395362028176,0.2591395362028176,0.27066467538976585,0.27066467538976585,0.27066467538976585,0.29286110273477195,0.29286110273477195,0.29286110273477195,0.3208341813778482,0.3208341813778482,0.3208341813778482,0.3460338913529566,0.3460338913529566,0.3460338913529566,0.36054304831458633,0.36054304831458633,0.36054304831458633,0.3741858871125504,0.3741858871125504,0.3741858871125504,0.4070922972321212,0.4070922972321212,0.4070922972321212,0.4144416976345401,0.4144416976345401,0.4144416976345401,0.42787158685979876,0.42787158685979876,0.42787158685979876,0.4358711541762134,0.4358711541762134,0.4358711541762134,0.452245336576878,0.452245336576878,0.452245336576878,0.4667363616671685,0.4667363616671685,0.4667363616671685,0.4749281743284496,0.4749281743284496,0.4749281743284496,0.4808547643687642,0.4808547643687642,0.4808547643687642,0.487024771839288,0.487024771839288,0.487024771839288,0.49423454970305575,0.49423454970305575,0.49423454970305575,0.5001457778115143,0.5001457778115143,0.5001457778115143,0.5047157791625163,0.5047157791625163,0.5047157791625163,0.5095762376680175,0.5095762376680175,0.5095762376680175,0.5177768948508631,0.5177768948508631,0.5177768948508631,0.5222428520294151,0.5222428520294151,0.5222428520294151,0.5276224810290872,0.5276224810290872,0.5276224810290872,0.5328684411477762,0.5328684411477762,0.5328684411477762,0.5358076977814769,0.5358076977814769,0.5358076977814769,0.5381725922686527,0.5381725922686527,0.5381725922686527,0.5420955563254661,0.5420955563254661,0.5420955563254661,0.5439942608656223,0.5439942608656223,0.5439942608656223,0.5477407947080785,0.5477407947080785,0.5477407947080785,0.5494540011455479,0.5494540011455479,0.5494540011455479,0.5523541230455372,0.5523541230455372,0.5523541230455372,0.5554613690817627,0.5554613690817627,0.5554613690817627,0.5605025854663032,0.5605025854663032,0.5605025854663032,0.5620044743162846,0.5620044743162846,0.5620044743162846,0.5648898144157483,0.5648898144157483,0.5648898144157483,0.5660679838899546,0.5660679838899546,0.5660679838899546,0.5682927858582947,0.5682927858582947,0.5682927858582947,0.5701031814340135,0.5701031814340135,0.5701031814340135,0.5714141940894142,0.5714141940894142,0.5714141940894142,0.5738651038670309,0.5738651038670309,0.5738651038670309,0.5752133151349041,0.5752133151349041,0.5752133151349041,0.5773572244397065,0.5773572244397065,0.5773572244397065,0.5811587744283218,0.5811587744283218,0.5811587744283218,0.5831567734876959,0.5831567734876959,0.5831567734876959,0.5839169895530544,0.5839169895530544,0.5839169895530544,0.5849833254233631,0.5849833254233631,0.5849833254233631,0.5856409802148085,0.5856409802148085,0.5856409802148085,0.5879394567818611,0.5879394567818611,0.5879394567818611,0.5891516587740148,0.5891516587740148,0.5891516587740148,0.5904364894145625,0.5904364894145625,0.5904364894145625,0.5927946510516284,0.5927946510516284,0.5927946510516284,0.5937900458436418,0.5937900458436418,0.5937900458436418,0.5954707091259309,0.5954707091259309,0.5954707091259309,0.5963859431064358,0.5963859431064358,0.5963859431064358,0.5969675689465518,0.5969675689465518,0.5969675689465518,0.5982408014410139,0.5982408014410139,0.5982408014410139,0.5989588735363207,0.5989588735363207,0.5989588735363207,0.5998307498829906,0.5998307498829906,0.5998307498829906,0.6006745825614399,0.6006745825614399,0.6006745825614399,0.6010399908354838,0.6010399908354838,0.6010399908354838,0.6019882706920083,0.6019882706920083,0.6019882706920083,0.603074526604984,0.603074526604984,0.603074526604984,0.6038788964538656,0.6038788964538656,0.6038788964538656,0.6044383605363898,0.6044383605363898,0.6044383605363898,0.6055549886122531,0.6055549886122531,0.6055549886122531,0.606007148715705,0.606007148715705,0.606007148715705,0.6064000843181322,0.6064000843181322,0.6064000843181322,0.6070171120478061,0.6070171120478061,0.6070171120478061,0.6077351408395316,0.6077351408395316,0.6077351408395316,0.6084401416594746,0.6084401416594746,0.6084401416594746,0.6088375642793632,0.6088375642793632,0.6088375642793632,0.6094465395484129,0.6094465395484129,0.6094465395484129,0.6096673239603134,0.6096673239603134,0.6096673239603134,0.6107720472659882,0.6107720472659882,0.6107720472659882,0.6113244867047709,0.6113244867047709,0.6113244867047709,0.611617765246912,0.611617765246912,0.611617765246912,0.612259660194803,0.612259660194803,0.612259660194803,0.6126645584128733,0.6126645584128733,0.6126645584128733,0.6134802361050656,0.6134802361050656,0.6134802361050656,0.614245109862845,0.614245109862845,0.614245109862845,0.6150575806498118,0.6150575806498118,0.6150575806498118,0.6160557699602008,0.6160557699602008,0.6160557699602008,0.6163074004895012,0.6163074004895012,0.6163074004895012,0.6167106682720155,0.6167106682720155,0.6167106682720155,0.6169902456048034,0.6169902456048034,0.6169902456048034,0.6173861688075057,0.6173861688075057,0.6173861688075057,0.6178796409774898,0.6178796409774898,0.6178796409774898,0.6185706485161406,0.6185706485161406,0.6185706485161406,0.6201060495364212,0.6201060495364212,0.6201060495364212,0.6203983112128575,0.6203983112128575,0.6203983112128575,0.620608175298161,0.620608175298161,0.620608175298161,0.621171332512953,0.621171332512953,0.621171332512953,0.6214592453071934,0.6214592453071934,0.6214592453071934,0.6217402408296387,0.6217402408296387,0.6217402408296387,0.6221028411683613,0.6221028411683613,0.6221028411683613,0.6222748328702234,0.6222748328702234,0.6222748328702234,0.6224718489240746,0.6224718489240746,0.6224718489240746,0.6227507346180234,0.6227507346180234,0.6227507346180234,0.623008978530783,0.623008978530783,0.623008978530783,0.62348608798015,0.62348608798015,0.62348608798015,0.6238906710564276,0.6238906710564276,0.6238906710564276,0.6242243145682094,0.6242243145682094,0.6242243145682094,0.6245333960434968,0.6245333960434968,0.6245333960434968,0.6247337624261806,0.6247337624261806,0.6247337624261806,0.6251085736247108,0.6251085736247108,0.6251085736247108,0.6255156847932969,0.6255156847932969,0.6255156847932969,0.625718517977952,0.625718517977952,0.625718517977952,0.6261655091102081,0.6261655091102081,0.6261655091102081,0.6263731334475946,0.6263731334475946,0.6263731334475946,0.6264169288980703,0.6264169288980703,0.6264169288980703,0.6265222873866518,0.6265222873866518,0.6265222873866518,0.6267158101302754,0.6267158101302754,0.6267158101302754,0.6272611189118069,0.6272611189118069,0.6272611189118069,0.6273476752303055,0.6273476752303055,0.6273476752303055,0.62758586509944,0.62758586509944,0.62758586509944,0.6276776421179892,0.6276776421179892,0.6276776421179892,0.6279201606112569,0.6279201606112569,0.6279201606112569,0.6282523004239734,0.6282523004239734,0.6282523004239734,0.6286316760042142,0.6286316760042142,0.6286316760042142,0.6287894355047767,0.6287894355047767,0.6287894355047767,0.6289143030943235,0.6289143030943235,0.6289143030943235,0.6291245733330879,0.6291245733330879,0.6291245733330879,0.6292238337079175,0.6292238337079175,0.6292238337079175,0.6296911560815908,0.6296911560815908,0.6296911560815908,0.6298769942430588,0.6298769942430588,0.6298769942430588,0.6300554774727868,0.6300554774727868,0.6300554774727868,0.6302050629184908,0.6302050629184908,0.6302050629184908,0.6303792839159343,0.6303792839159343,0.6303792839159343,0.6306022484885958,0.6306022484885958,0.6306022484885958,0.6308174470072507,0.6308174470072507,0.6308174470072507,0.6309479271185261,0.6309479271185261,0.6309479271185261,0.6310682480810195,0.6310682480810195,0.6310682480810195,0.63192886955306,0.63192886955306,0.63192886955306,0.6320192232839461,0.6320192232839461,0.6320192232839461,0.6320783322186018,0.6320783322186018,0.6320783322186018,0.6322119938268511,0.6322119938268511,0.6322119938268511,0.6324202652099012,0.6324202652099012,0.6324202652099012,0.6325535929463665,0.6325535929463665,0.6325535929463665,0.6328789873755926,0.6328789873755926,0.6328789873755926,0.6329601727508976,0.6329601727508976,0.6329601727508976,0.6331296657651944,0.6331296657651944,0.6331296657651944,0.6333685475971391,0.6333685475971391,0.6333685475971391,0.6334918921456915,0.6334918921456915,0.6334918921456915,0.6335760196710893,0.6335760196710893,0.6335760196710893,0.6336564859424874,0.6336564859424874,0.6336564859424874,0.6337772391575086,0.6337772391575086,0.6337772391575086,0.6338096609837313,0.6338096609837313,0.6338096609837313,0.6339039684440811,0.6339039684440811,0.6339039684440811,0.6343927242637483,0.6343927242637483,0.6343927242637483,0.6346819946360676,0.6346819946360676,0.6346819946360676,0.6347275136130864,0.6347275136130864,0.6347275136130864,0.6348306505177458,0.6348306505177458,0.6348306505177458,0.6349096619852224,0.6349096619852224,0.6349096619852224,0.6349817999537871,0.6349817999537871,0.6349817999537871,0.6350850281334617,0.6350850281334617,0.6350850281334617,0.63520747957989,0.63520747957989,0.63520747957989,0.6353109186239818,0.6353109186239818,0.6353109186239818,0.6353838249106775,0.6353838249106775,0.6353838249106775,0.6355036864512492,0.6355036864512492,0.6355036864512492,0.6355400328777251,0.6355400328777251,
0.023611148564911925,0.023611148564911925,0.023611148564911925,0.025848264193316713,0.025848264193316713,0.025848264193316713,0.047312738349038104,0.047312738349038104,0.047312738349038104,0.09284309234325654,0.09284309234325654,0.09284309234325654,0.09801467425903533,0.09801467425903533,0.09801467425903533,0.12953666166661426,0.12953666166661426,0.12953666166661426,0.1515465849777011,0.1515465849777011,0.1515465849777011,0.17315917725449942,0.17315917725449942,0.17315917725449942,0.1885271989212612,0.1885271989212612,0.1885271989212612,0.2265338006260487,0.2265338006260487,0.2265338006260487,0.285605169154219,0.285605169154219,0.285605169154219,0.3129538717172458,0.3129538717172458,0.3129538717172458,0.3222465138595012,0.3222465138595012,0.3222465138595012,0.34669799254486683,0.34669799254486683,0.34669799254486683,0.3552620693537999,0.3552620693537999,0.3552620693537999,0.37970246961386994,0.37970246961386994,0.37970246961386994,0.41597611284606534,0.41597611284606534,0.41597611284606534,0.42264421961685544,0.42264421961685544,0.42264421961685544,0.4337471941326314,0.4337471941326314,0.4337471941326314,0.4429221173551489,0.4429221173551489,0.4429221173551489,0.4600068459204679,0.4600068459204679,0.4600068459204679,0.47332202042424415,0.47332202042424415,0.47332202042424415,0.4834275326199035,0.4834275326199035,0.4834275326199035,0.4928906550112848,0.4928906550112848,0.4928906550112848,0.49721493373323433,0.49721493373323433,0.49721493373323433,0.5029005835341733,0.5029005835341733,0.5029005835341733,0.50604789022757,0.50604789022757,0.50604789022757,0.5100072412961527,0.5100072412961527,0.5100072412961527,0.5153692607135376,0.5153692607135376,0.5153692607135376,0.5197948099452269,0.5197948099452269,0.5197948099452269,0.523282163630113,0.523282163630113,0.523282163630113,0.5273829008380115,0.5273829008380115,0.5273829008380115,0.531240543362395,0.531240543362395,0.531240543362395,0.5360792716916496,0.5360792716916496,0.5360792716916496,0.5381485034294855,0.5381485034294855,0.5381485034294855,0.5436566755114179,0.5436566755114179,0.5436566755114179,0.5463437850734799,0.5463437850734799,0.5463437850734799,0.5489804259678422,0.5489804259678422,0.5489804259678422,0.5524964381097067,0.5524964381097067,0.5524964381097067,0.5563299194162109,0.5563299194162109,0.5563299194162109,0.5594901469893558,0.5594901469893558,0.5594901469893558,0.5612907037595721,0.5612907037595721,0.5612907037595721,0.562859864572803,0.562859864572803,0.562859864572803,0.5662277507712855,0.5662277507712855,0.5662277507712855,0.5677031735306465,0.5677031735306465,0.5677031735306465,0.5723367262419232,0.5723367262419232,0.5723367262419232,0.5739263722395986,0.5739263722395986,0.5739263722395986,0.5758558641213049,0.5758558641213049,0.5758558641213049,0.5784480301068544,0.5784480301068544,0.5784480301068544,0.5834404818630139,0.5834404818630139,0.5834404818630139,0.5845055470919688,0.5845055470919688,0.5845055470919688,0.5853217891929662,0.5853217891929662,0.5853217891929662,0.58746484603729,0.58746484603729,0.58746484603729,0.589853998752513,0.589853998752513,0.589853998752513,0.5908810818381199,0.5908810818381199,0.5908810818381199,0.5924513532881573,0.5924513532881573,0.5924513532881573,0.5940553268836295,0.5940553268836295,0.5940553268836295,0.595242672786488,0.595242672786488,0.595242672786488,0.5974850954478376,0.5974850954478376,0.5974850954478376,0.5989518065794464,0.5989518065794464,0.5989518065794464,0.6003953273046775,0.6003953273046775,0.6003953273046775,0.6012640541844592,0.6012640541844592,0.6012640541844592,0.6024636597711517,0.6024636597711517,0.6024636597711517,0.6041375160973645,0.6041375160973645,0.6041375160973645,0.6048685106390361,0.6048685106390361,0.6048685106390361,0.60638856067994,0.60638856067994,0.60638856067994,0.6074253706853419,0.6074253706853419,0.6074253706853419,0.6088210342828724,0.6088210342828724,0.6088210342828724,0.6093002353016103,0.6093002353016103,0.6093002353016103,0.6099888605965187,0.6099888605965187,0.6099888605965187,0.6120210260362242,0.6120210260362242,0.6120210260362242,0.612546654316906,0.612546654316906,0.612546654316906,0.6129301253285102,0.6129301253285102,0.6129301253285102,0.6138218816375111,0.6138218816375111,0.6138218816375111,0.6144033687768578,0.6144033687768578,0.6144033687768578,0.6147274710970307,0.6147274710970307,0.6147274710970307,0.6152032857966995,0.6152032857966995,0.6152032857966995,0.6156806848078964,0.6156806848078964,0.6156806848078964,0.6162093859035283,0.6162093859035283,0.6162093859035283,0.6166939550738102,0.6166939550738102,0.6166939550738102,0.6170877921426154,0.6170877921426154,0.6170877921426154,0.6177271455121573,0.6177271455121573,0.6177271455121573,0.6182387879432593,0.6182387879432593,0.6182387879432593,0.6189985001515078,0.6189985001515078,0.6189985001515078,0.6196194337017137,0.6196194337017137,0.6196194337017137,0.6201746361426239,0.6201746361426239,0.6201746361426239,0.6208176033798734,0.6208176033798734,0.6208176033798734,0.6211360413652968,0.6211360413652968,0.6211360413652968,0.6214557814100312,0.6214557814100312,0.6214557814100312,0.6217315130969346,0.6217315130969346,0.6217315130969346,0.6222054005322573,0.6222054005322573,0.6222054005322573,0.6226958689264247,0.6226958689264247,0.6226958689264247,0.6228675882423128,0.6228675882423128,0.6228675882423128,0.6233025476958279,0.6233025476958279,0.6233025476958279,0.6235534740266145,0.6235534740266145,0.6235534740266145,0.623751911836169,0.623751911836169,0.623751911836169,0.6240774145194095,0.6240774145194095,0.6240774145194095,0.6243735723728452,0.6243735723728452,0.6243735723728452,0.6247386901125775,0.6247386901125775,0.6247386901125775,0.6249070415287873,0.6249070415287873,0.6249070415287873,0.6250545739678138,0.6250545739678138,0.6250545739678138,0.6256458033935127,0.6256458033935127,0.6256458033935127,0.6258077369139684,0.6258077369139684,0.6258077369139684,0.6261084667385074,0.6261084667385074,0.6261084667385074,0.6264177427344224,0.6264177427344224,0.6264177427344224,0.626709523687976,0.626709523687976,0.626709523687976,0.6269843253556272,0.6269843253556272,0.6269843253556272,0.6271995782325951,0.6271995782325951,0.6271995782325951,0.6273179249135988,0.6273179249135988,0.6273179249135988,0.6277245501557032,0.6277245501557032,0.6277245501557032,0.6280280731393993,0.6280280731393993,0.6280280731393993,0.6283565668706028,0.6283565668706028,0.6283565668706028,0.6285883081010548,0.6285883081010548,0.6285883081010548,0.6286411155449438,0.6286411155449438,0.6286411155449438,0.6293931007909507,0.6293931007909507,0.6293931007909507,0.6294874169733654,0.6294874169733654,0.6294874169733654,0.629767845950863,0.629767845950863,0.629767845950863,0.6299410816367691,0.6299410816367691,0.6299410816367691,0.6301557245016061,0.6301557245016061,0.6301557245016061,0.6304280732881883,0.6304280732881883,0.6304280732881883,0.630589916411726,0.630589916411726,0.630589916411726,0.6307204511029049,0.6307204511029049,0.6307204511029049,0.6310791551797948,0.6310791551797948,0.6310791551797948,0.6312783342410844,0.6312783342410844,0.6312783342410844,0.632218535365864,0.632218535365864,0.632218535365864,0.632394260664736,0.632394260664736,0.632394260664736,0.6328818755059337,0.6328818755059337,0.6328818755059337,0.6331197325340349,0.6331197325340349,0.6331197325340349,0.6333826668083795,0.6333826668083795,0.6333826668083795,0.6336064373321336,0.6336064373321336,0.6336064373321336,0.633872426893885,0.633872426893885,0.633872426893885,0.6340329614878353,0.6340329614878353,0.6340329614878353,0.6341711659251988,0.6341711659251988,0.6341711659251988,0.6342080564918693,0.6342080564918693,0.6342080564918693,0.6343186759868152,0.6343186759868152,0.6343186759868152,0.634604907200922,0.634604907200922,0.634604907200922,0.6346894792666198,0.6346894792666198,0.6346894792666198,0.6348028340720205,0.6348028340720205,0.6348028340720205,0.6348945976646015,0.6348945976646015,0.6348945976646015,0.6351513004624276,0.6351513004624276,0.6351513004624276,0.6353321013329737,0.6353321013329737,0.6353321013329737,0.6354765412380976,0.6354765412380976,0.6354765412380976,0.6355418194376425,0.6355418194376425,0.6355418194376425,0.6356403271064058,0.6356403271064058,0.6356403271064058,0.6358045563921756,0.6358045563921756,0.6358045563921756,0.635920510989971,0.635920510989971,0.635920510989971,0.63594297740284,0.63594297740284,0.63594297740284,0.6360318090255529,0.6360318090255529,0.6360318090255529,0.6361029412851877,0.6361029412851877,0.6361029412851877,0.6362125292681339,0.6362125292681339,0.6362125292681339,0.6363495019898879,0.6363495019898879,0.6363495019898879,0.6365522020705168,0.6365522020705168,0.6365522020705168,0.6366800755690902,0.6366800755690902,0.6366800755690902,0.6368555776440578,0.6368555776440578,0.6368555776440578,0.6368976218533574,0.6368976218533574,0.6368976218533574,0.6369714771731121,0.6369714771731121,0.6369714771731121,0.6370629188963622,0.6370629188963622,0.6370629188963622,0.6371456908950109,0.6371456908950109,0.6371456908950109,0.6372659071208961,0.6372659071208961,0.6372659071208961,0.6373220533591295,0.6373220533591295,0.6373220533591295,0.637525176880441,0.637525176880441,0.637525176880441,0.6376016903920396,0.6376016903920396,0.6376016903920396,0.6376746594108271,0.6376746594108271,0.6376746594108271,0.6377512135762824,0.6377512135762824,0.6377512135762824,0.6378802024435546,0.6378802024435546,0.6378802024435546,0.6380165189843015,0.6380165189843015,0.6380165189843015,0.6381173584823284,0.6381173584823284,
0.0,0.0,0.0,4.810679935145012E-5,4.810679935145012E-5,4.810679935145012E-5,0.013671369418732131,0.013671369418732131,0.013671369418732131,0.035408584836922004,0.035408584836922004,0.035408584836922004,0.0965913354107748,0.0965913354107748,0.0965913354107748,0.11932281008000303,0.11932281008000303,0.11932281008000303,0.16422152727648928,0.16422152727648928,0.16422152727648928,0.17758947094173533,0.17758947094173533,0.17758947094173533,0.20895416435157294,0.20895416435157294,0.20895416435157294,0.26295618832237466,0.26295618832237466,0.26295618832237466,0.2851752646770845,0.2851752646770845,0.2851752646770845,0.32913891349277913,0.32913891349277913,0.32913891349277913,0.336909831874225,0.336909831874225,0.336909831874225,0.3564303067663133,0.3564303067663133,0.3564303067663133,0.3792310097149348,0.3792310097149348,0.3792310097149348,0.389626744564171,0.389626744564171,0.389626744564171,0.40325505855171007,0.40325505855171007,0.40325505855171007,0.41663546262429346,0.41663546262429346,0.41663546262429346,0.4232860229109656,0.4232860229109656,0.4232860229109656,0.43429717807240675,0.43429717807240675,0.43429717807240675,0.4469430786140777,0.4469430786140777,0.4469430786140777,0.46014535426035164,0.46014535426035164,0.46014535426035164,0.4689937846719908,0.4689937846719908,0.4689937846719908,0.48075615343372236,0.48075615343372236,0.48075615343372236,0.4894412260287886,0.4894412260287886,0.4894412260287886,0.5009061824828687,0.5009061824828687,0.5009061824828687,0.5079677830235594,0.5079677830235594,0.5079677830235594,0.5105316227646247,0.5105316227646247,0.5105316227646247,0.5162451863362487,0.5162451863362487,0.5162451863362487,0.5234363939429457,0.5234363939429457,0.5234363939429457,0.5266936049367895,0.5266936049367895,0.5266936049367895,0.5348836612956239,0.5348836612956239,0.5348836612956239,0.5373668337370273,0.5373668337370273,0.5373668337370273,0.5414396140182806,0.5414396140182806,0.5414396140182806,0.5429468006272382,0.5429468006272382,0.5429468006272382,0.5448799063830269,0.5448799063830269,0.5448799063830269,0.5478771999742038,0.5478771999742038,0.5478771999742038,0.5531158317751208,0.5531158317751208,0.5531158317751208,0.5558136455625594,0.5558136455625594,0.5558136455625594,0.5575830626939914,0.5575830626939914,0.5575830626939914,0.5600472162437438,0.5600472162437438,0.5600472162437438,0.5624904275517865,0.5624904275517865,0.5624904275517865,0.5650394232489923,0.5650394232489923,0.5650394232489923,0.5663838218822357,0.5663838218822357,0.5663838218822357,0.5687429343950787,0.5687429343950787,0.5687429343950787,0.5705911216027506,0.5705911216027506,0.5705911216027506,0.5715383844312477,0.5715383844312477,0.5715383844312477,0.5733252709630509,0.5733252709630509,0.5733252709630509,0.5748093786716748,0.5748093786716748,0.5748093786716748,0.5762333350602563,0.5762333350602563,0.5762333350602563,0.5795591650425966,0.5795591650425966,0.5795591650425966,0.5812592084921321,0.5812592084921321,0.5812592084921321,0.5822483165378387,0.5822483165378387,0.5822483165378387,0.5841590363985601,0.5841590363985601,0.5841590363985601,0.5853346481468742,0.5853346481468742,0.5853346481468742,0.5871187552946737,0.5871187552946737,0.5871187552946737,0.5880484385237812,0.5880484385237812,0.5880484385237812,0.5895201145980458,0.5895201145980458,0.5895201145980458,0.5916743109938917,0.5916743109938917,0.5916743109938917,0.5931156241980446,0.5931156241980446,0.5931156241980446,0.594060592701231,0.594060592701231,0.594060592701231,0.595081966881115,0.595081966881115,0.595081966881115,0.59616884162348,0.59616884162348,0.59616884162348,0.5973844972733133,0.5973844972733133,0.5973844972733133,0.598867332106973,0.598867332106973,0.598867332106973,0.6013636622467645,0.6013636622467645,0.6013636622467645,0.6026180646534423,0.6026180646534423,0.6026180646534423,0.6031745334970449,0.6031745334970449,0.6031745334970449,0.6040005878480311,0.6040005878480311,0.6040005878480311,0.6050652353268541,0.6050652353268541,0.6050652353268541,0.6060018643442828,0.6060018643442828,0.6060018643442828,0.6071737942483086,0.6071737942483086,0.6071737942483086,0.6079086232126739,0.6079086232126739,0.6079086232126739,0.6082922186231485,0.6082922186231485,0.6082922186231485,0.608776037341997,0.608776037341997,0.608776037341997,0.6100699129814486,0.6100699129814486,0.6100699129814486,0.6107171602735824,0.6107171602735824,0.6107171602735824,0.611461237619946,0.611461237619946,0.611461237619946,0.6119947597994256,0.6119947597994256,0.6119947597994256,0.612478724790486,0.612478724790486,0.612478724790486,0.613183112731261,0.613183112731261,0.613183112731261,0.6139773414224301,0.6139773414224301,0.6139773414224301,0.6144084737323666,0.6144084737323666,0.6144084737323666,0.6147318747742649,0.6147318747742649,0.6147318747742649,0.6149318241798889,0.6149318241798889,0.6149318241798889,0.6153357082842135,0.6153357082842135,0.6153357082842135,0.615890812589536,0.615890812589536,0.615890812589536,0.6166746850029512,0.6166746850029512,0.6166746850029512,0.6173456307406631,0.6173456307406631,0.6173456307406631,0.618261671123011,0.618261671123011,0.618261671123011,0.6186641027784262,0.6186641027784262,0.6186641027784262,0.6191489767880398,0.6191489767880398,0.6191489767880398,0.6193697900510483,0.6193697900510483,0.6193697900510483,0.619658304021737,0.619658304021737,0.619658304021737,0.6200947624350118,0.6200947624350118,0.6200947624350118,0.6206033335781295,0.6206033335781295,0.6206033335781295,0.6211358757930716,0.6211358757930716,0.6211358757930716,0.6215891895658141,0.6215891895658141,0.6215891895658141,0.6225341965064712,0.6225341965064712,0.6225341965064712,0.6228274677822322,0.6228274677822322,0.6228274677822322,0.6232279502912011,0.6232279502912011,0.6232279502912011,0.6236362264122198,0.6236362264122198,0.6236362264122198,0.6240347262693277,0.6240347262693277,0.6240347262693277,0.6243363460839335,0.6243363460839335,0.6243363460839335,0.6245738074027471,0.6245738074027471,0.6245738074027471,0.6247741767797093,0.6247741767797093,0.6247741767797093,0.6250785740167379,0.6250785740167379,0.6250785740167379,0.625790911392556,0.625790911392556,0.625790911392556,0.626418076886065,0.626418076886065,0.626418076886065,0.6269738913770906,0.6269738913770906,0.6269738913770906,0.6271283687642479,0.6271283687642479,0.6271283687642479,0.627592045906122,0.627592045906122,0.627592045906122,0.6279076305985748,0.6279076305985748,0.6279076305985748,0.6283101301639846,0.6283101301639846,0.6283101301639846,0.6286354295529438,0.6286354295529438,0.6286354295529438,0.6291055528331931,0.6291055528331931,0.6291055528331931,0.6293132830729784,0.6293132830729784,0.6293132830729784,0.6296675882637824,0.6296675882637824,0.6296675882637824,0.6299529310489813,0.6299529310489813,0.6299529310489813,0.6302863598448204,0.6302863598448204,0.6302863598448204,0.6306678503116026,0.6306678503116026,0.6306678503116026,0.6311091820432402,0.6311091820432402,0.6311091820432402,0.631396420293945,0.631396420293945,0.631396420293945,0.6316207426933181,0.6316207426933181,0.6316207426933181,0.6318923044269344,0.6318923044269344,0.6318923044269344,0.6320142040447587,0.6320142040447587,0.6320142040447587,0.6324282943539451,0.6324282943539451,0.6324282943539451,0.6325736100192529,0.6325736100192529,0.6325736100192529,0.6327898962199187,0.6327898962199187,0.6327898962199187,0.6330883987365894,0.6330883987365894,0.6330883987365894,0.6332638778408414,0.6332638778408414,0.6332638778408414,0.633470963015559,0.633470963015559,0.633470963015559,0.6336875464762824,0.6336875464762824,0.6336875464762824,0.6338469888299763,0.6338469888299763,0.6338469888299763,0.6339650993901957,0.6339650993901957,0.6339650993901957,0.6342619361206842,0.6342619361206842,0.6342619361206842,0.6344486561398129,0.6344486561398129,0.6344486561398129,0.6345970254543967,0.6345970254543967,0.6345970254543967,0.6347264615678742,0.6347264615678742,0.6347264615678742,0.6348115304080356,0.6348115304080356,0.6348115304080356,0.6350418170773742,0.6350418170773742,0.6350418170773742,0.6351861227541867,0.6351861227541867,0.6351861227541867,0.6354425015475069,0.6354425015475069,0.6354425015475069,0.635521048872258,0.635521048872258,0.635521048872258,0.6358624333874769,0.6358624333874769,0.6358624333874769,0.6359357389339779,0.6359357389339779,0.6359357389339779,0.6361733315551773,0.6361733315551773,0.6361733315551773,0.6364078376759675,0.6364078376759675,0.6364078376759675,0.6366728474218267,0.6366728474218267,0.6366728474218267,0.6369264664284291,0.6369264664284291,0.6369264664284291,0.6370284483050468,0.6370284483050468,0.6370284483050468,0.6373572301207363,0.6373572301207363,0.6373572301207363,0.6375697438396956,0.6375697438396956,0.6375697438396956,0.6376799442797247,0.6376799442797247,0.6376799442797247,0.6377934971432689,0.6377934971432689,0.6377934971432689,0.6379043466958604,0.6379043466958604,0.6379043466958604,0.6380343312672747,0.6380343312672747,0.6380343312672747,0.638189643818272,0.638189643818272,0.638189643818272,0.6388110174577802,0.6388110174577802,0.6388110174577802,0.6390888674720009,0.6390888674720009,0.6390888674720009,0.6393534528855601,0.6393534528855601,0.6393534528855601,0.6394306151750323,0.6394306151750323,0.6394306151750323,0.6395497583881686,0.6395497583881686,0.6395497583881686,0.6396077155054061,0.6396077155054061,0.6396077155054061,0.6397004711245561,0.6397004711245561,0.6397004711245561,0.6397599890760591,0.6397599890760591,0.6397599890760591,0.6398246260028932,0.6398246260028932,
0.0010322762768205913,0.0010322762768205913,0.0010322762768205913,0.01578275635310123,0.01578275635310123,0.01578275635310123,0.09906024311278482,0.09906024311278482,0.09906024311278482,0.11592896664891411,0.11592896664891411,0.11592896664891411,0.13996126440553328,0.13996126440553328,0.13996126440553328,0.17201386613200714,0.17201386613200714,0.17201386613200714,0.21213632015944328,0.21213632015944328,0.21213632015944328,0.23476378155800798,0.23476378155800798,0.23476378155800798,0.2726500485170935,0.2726500485170935,0.2726500485170935,0.28991823070302486,0.28991823070302486,0.28991823070302486,0.3168778407585935,0.3168778407585935,0.3168778407585935,0.33477876638207366,0.33477876638207366,0.33477876638207366,0.38279173628746793,0.38279173628746793,0.38279173628746793,0.39615595813076293,0.39615595813076293,0.39615595813076293,0.4050360500324804,0.4050360500324804,0.4050360500324804,0.41815634076596936,0.41815634076596936,0.41815634076596936,0.43050246954906185,0.43050246954906185,0.43050246954906185,0.44031787958103363,0.44031787958103363,0.44031787958103363,0.44996006032784513,0.44996006032784513,0.44996006032784513,0.46465187995279084,0.46465187995279084,0.46465187995279084,0.47159142537598125,0.47159142537598125,0.47159142537598125,0.4818613024882854,0.4818613024882854,0.4818613024882854,0.48961712639116195,0.48961712639116195,0.48961712639116195,0.49490036655496317,0.49490036655496317,0.49490036655496317,0.5056091714110055,0.5056091714110055,0.5056091714110055,0.5088935887056026,0.5088935887056026,0.5088935887056026,0.5115766529043274,0.5115766529043274,0.5115766529043274,0.5180816758585267,0.5180816758585267,0.5180816758585267,0.5234693976545743,0.5234693976545743,0.5234693976545743,0.5264706652529266,0.5264706652529266,0.5264706652529266,0.5309306516922316,0.5309306516922316,0.5309306516922316,0.5380910027715556,0.5380910027715556,0.5380910027715556,0.5408490644416993,0.5408490644416993,0.5408490644416993,0.5430322804111487,0.5430322804111487,0.5430322804111487,0.5487761873515039,0.5487761873515039,0.5487761873515039,0.5508436475256007,0.5508436475256007,0.5508436475256007,0.5517924042017588,0.5517924042017588,0.5517924042017588,0.5547180692224996,0.5547180692224996,0.5547180692224996,0.5583105522141218,0.5583105522141218,0.5583105522141218,0.5615181548940295,0.5615181548940295,0.5615181548940295,0.5644053011150293,0.5644053011150293,0.5644053011150293,0.5665668928734819,0.5665668928734819,0.5665668928734819,0.5687844519532147,0.5687844519532147,0.5687844519532147,0.5708017346826442,0.5708017346826442,0.5708017346826442,0.5716628639468018,0.5716628639468018,0.5716628639468018,0.5735163059120179,0.5735163059120179,0.5735163059120179,0.5755047345675938,0.5755047345675938,0.5755047345675938,0.5769826055121037,0.5769826055121037,0.5769826055121037,0.5796480932085288,0.5796480932085288,0.5796480932085288,0.5820909077167924,0.5820909077167924,0.5820909077167924,0.5831068138769633,0.5831068138769633,0.5831068138769633,0.5848509203552682,0.5848509203552682,0.5848509203552682,0.5859314925274687,0.5859314925274687,0.5859314925274687,0.587808427814457,0.587808427814457,0.587808427814457,0.5886127750663548,0.5886127750663548,0.5886127750663548,0.5902568377282045,0.5902568377282045,0.5902568377282045,0.5914702299214188,0.5914702299214188,0.5914702299214188,0.5930110520240399,0.5930110520240399,0.5930110520240399,0.5939720335398336,0.5939720335398336,0.5939720335398336,0.5950237465722017,0.5950237465722017,0.5950237465722017,0.5959922915336116,0.5959922915336116,0.5959922915336116,0.5979522527282796,0.5979522527282796,0.5979522527282796,0.5990277690929882,0.5990277690929882,0.5990277690929882,0.59972231617033,0.59972231617033,0.59972231617033,0.6014935665275598,0.6014935665275598,0.6014935665275598,0.6024714383425857,0.6024714383425857,0.6024714383425857,0.6030781814065755,0.6030781814065755,0.6030781814065755,0.6044026537257234,0.6044026537257234,0.6044026537257234,0.60599112651929,0.60599112651929,0.60599112651929,0.607195574316619,0.607195574316619,0.607195574316619,0.6084290600490667,0.6084290600490667,0.6084290600490667,0.6091207017320914,0.6091207017320914,0.6091207017320914,0.6099229134340876,0.6099229134340876,0.6099229134340876,0.6109004505145801,0.6109004505145801,0.6109004505145801,0.6113607208979301,0.6113607208979301,0.6113607208979301,0.611805365138251,0.611805365138251,0.611805365138251,0.6121034542632339,0.6121034542632339,0.6121034542632339,0.6128186398295412,0.6128186398295412,0.6128186398295412,0.6135164819036113,0.6135164819036113,0.6135164819036113,0.614225581577524,0.614225581577524,0.614225581577524,0.6146620892681379,0.6146620892681379,0.6146620892681379,0.6152160178955906,0.6152160178955906,0.6152160178955906,0.6159502097080086,0.6159502097080086,0.6159502097080086,0.616546188095039,0.616546188095039,0.616546188095039,0.6170808819025363,0.6170808819025363,0.6170808819025363,0.6175500124864515,0.6175500124864515,0.6175500124864515,0.6180716898526634,0.6180716898526634,0.6180716898526634,0.6184388202209196,0.6184388202209196,0.6184388202209196,0.6188181105070591,0.6188181105070591,0.6188181105070591,0.619345346814785,0.619345346814785,0.619345346814785,0.6196381659050658,0.6196381659050658,0.6196381659050658,0.6202198852092129,0.6202198852092129,0.6202198852092129,0.6204742634160368,0.6204742634160368,0.6204742634160368,0.6210443746796608,0.6210443746796608,0.6210443746796608,0.6215567833365114,0.6215567833365114,0.6215567833365114,0.6223711656413139,0.6223711656413139,0.6223711656413139,0.6225946201499623,0.6225946201499623,0.6225946201499623,0.6229901855603313,0.6229901855603313,0.6229901855603313,0.6234627782205003,0.6234627782205003,0.6234627782205003,0.6240484713802307,0.6240484713802307,0.6240484713802307,0.6247106493208932,0.6247106493208932,0.6247106493208932,0.6249981104869322,0.6249981104869322,0.6249981104869322,0.6253961744281329,0.6253961744281329,0.6253961744281329,0.6259315065911318,0.6259315065911318,0.6259315065911318,0.6262646766460064,0.6262646766460064,0.6262646766460064,0.6270255045653377,0.6270255045653377,0.6270255045653377,0.6274236193458328,0.6274236193458328,0.6274236193458328,0.6278158574107202,0.6278158574107202,0.6278158574107202,0.6279451590641945,0.6279451590641945,0.6279451590641945,0.6286017333437671,0.6286017333437671,0.6286017333437671,0.629065140664856,0.629065140664856,0.629065140664856,0.6292668126751202,0.6292668126751202,0.6292668126751202,0.6294534910169158,0.6294534910169158,0.6294534910169158,0.6298207717269994,0.6298207717269994,0.6298207717269994,0.6302325104102244,0.6302325104102244,0.6302325104102244,0.6306062760870691,0.6306062760870691,0.6306062760870691,0.6308700150241833,0.6308700150241833,0.6308700150241833,0.6311146893911423,0.6311146893911423,0.6311146893911423,0.6314882615342026,0.6314882615342026,0.6314882615342026,0.6322861307414277,0.6322861307414277,0.6322861307414277,0.6326012082534954,0.6326012082534954,0.6326012082534954,0.6328218641672758,0.6328218641672758,0.6328218641672758,0.6330159289667879,0.6330159289667879,0.6330159289667879,0.6332849734303696,0.6332849734303696,0.6332849734303696,0.6335978065437738,0.6335978065437738,0.6335978065437738,0.6337883011440725,0.6337883011440725,0.6337883011440725,0.6339687166883097,0.6339687166883097,0.6339687166883097,0.6341680647267641,0.6341680647267641,0.6341680647267641,0.6347048687310396,0.6347048687310396,0.6347048687310396,0.6350167623297212,0.6350167623297212,0.6350167623297212,0.6351465626775652,0.6351465626775652,0.6351465626775652,0.6354871770160672,0.6354871770160672,0.6354871770160672,0.6355513251840534,0.6355513251840534,0.6355513251840534,0.6359524279033103,0.6359524279033103,0.6359524279033103,0.6360700599215403,0.6360700599215403,0.6360700599215403,0.6362033566704209,0.6362033566704209,0.6362033566704209,0.6366032092674831,0.6366032092674831,0.6366032092674831,0.6368087526367852,0.6368087526367852,0.6368087526367852,0.6369849349508386,0.6369849349508386,0.6369849349508386,0.6372397011275268,0.6372397011275268,0.6372397011275268,0.637434892715723,0.637434892715723,0.637434892715723,0.6375509728652812,0.6375509728652812,0.6375509728652812,0.6376569212306573,0.6376569212306573,0.6376569212306573,0.6379040033805804,0.6379040033805804,0.6379040033805804,0.6380758179441481,0.6380758179441481,0.6380758179441481,0.6382825558387822,0.6382825558387822,0.6382825558387822,0.6384059945234832,0.6384059945234832,0.6384059945234832,0.6385560487580046,0.6385560487580046,0.6385560487580046,0.6387908035108619,0.6387908035108619,0.6387908035108619,0.638889746617583,0.638889746617583,0.638889746617583,0.6390073747000089,0.6390073747000089,0.6390073747000089,0.6392165771098925,0.6392165771098925,0.6392165771098925,0.6393933329376418,0.6393933329376418,0.6393933329376418,0.6394941521821687,0.6394941521821687,0.6394941521821687,0.6397758377735674,0.6397758377735674,0.6397758377735674,0.6399368514601619,0.6399368514601619,0.6399368514601619,0.6400044946905306,0.6400044946905306,0.6400044946905306,0.640171781339047,0.640171781339047,0.640171781339047,0.6405986516669024,0.6405986516669024,0.6405986516669024,0.6407509925469016,0.6407509925469016,0.6407509925469016,0.64078905468806,0.64078905468806,0.64078905468806,0.6410825546422622,0.6410825546422622,0.6410825546422622,0.6411803819379496,0.6411803819379496,0.6411803819379496,0.6413659333440025,0.6413659333440025,0.6413659333440025,0.6415134269780108,0.6415134269780108,0.6415134269780108,0.6416599584934887,0.6416599584934887,0.6416599584934887,0.6417157163913961,0.6417157163913961,
0.0,0.0,0.0,0.02066533454169193,0.02066533454169193,0.02066533454169193,0.03701094129290197,0.03701094129290197,0.03701094129290197,0.05567176587237875,0.05567176587237875,0.05567176587237875,0.08122059055611834,0.08122059055611834,0.08122059055611834,0.13236827183219133,0.13236827183219133,0.13236827183219133,0.15340995821994813,0.15340995821994813,0.15340995821994813,0.19847301241667142,0.19847301241667142,0.19847301241667142,0.24539997789025245,0.24539997789025245,0.24539997789025245,0.2746547106114121,0.2746547106114121,0.2746547106114121,0.29709109016486235,0.29709109016486235,0.29709109016486235,0.3177158547326093,0.3177158547326093,0.3177158547326093,0.3489583984034759,0.3489583984034759,0.3489583984034759,0.37548090866035566,0.37548090866035566,0.37548090866035566,0.4048235086842813,0.4048235086842813,0.4048235086842813,0.41749732180008753,0.41749732180008753,0.41749732180008753,0.4275666707560553,0.4275666707560553,0.4275666707560553,0.4371579995678123,0.4371579995678123,0.4371579995678123,0.4468417112650166,0.4468417112650166,0.4468417112650166,0.46197353444724637,0.46197353444724637,0.46197353444724637,0.4706305961321547,0.4706305961321547,0.4706305961321547,0.4783370978266354,0.4783370978266354,0.4783370978266354,0.49029212512941805,0.49029212512941805,0.49029212512941805,0.4956608053111151,0.4956608053111151,0.4956608053111151,0.49991508181188515,0.49991508181188515,0.49991508181188515,0.5082389144098124,0.5082389144098124,0.5082389144098124,0.5138044324500699,0.5138044324500699,0.5138044324500699,0.5207390162132403,0.5207390162132403,0.5207390162132403,0.5257497904312084,0.5257497904312084,0.5257497904312084,0.5325173375160811,0.5325173375160811,0.5325173375160811,0.5349790226662117,0.5349790226662117,0.5349790226662117,0.5391929107342309,0.5391929107342309,0.5391929107342309,0.5444138788273201,0.5444138788273201,0.5444138788273201,0.5477952465968069,0.5477952465968069,0.5477952465968069,0.5518111793579019,0.5518111793579019,0.5518111793579019,0.554990437504594,0.554990437504594,0.554990437504594,0.5577874238597181,0.5577874238597181,0.5577874238597181,0.5595416133863333,0.5595416133863333,0.5595416133863333,0.5612823758360989,0.5612823758360989,0.5612823758360989,0.5633574993233235,0.5633574993233235,0.5633574993233235,0.5662698955864744,0.5662698955864744,0.5662698955864744,0.5686688230252747,0.5686688230252747,0.5686688230252747,0.5710372485671344,0.5710372485671344,0.5710372485671344,0.5726381335424767,0.5726381335424767,0.5726381335424767,0.5742965577634856,0.5742965577634856,0.5742965577634856,0.5773430817208439,0.5773430817208439,0.5773430817208439,0.5784616773388099,0.5784616773388099,0.5784616773388099,0.5808394869410312,0.5808394869410312,0.5808394869410312,0.5823238731653058,0.5823238731653058,0.5823238731653058,0.5844243003418871,0.5844243003418871,0.5844243003418871,0.5860105645372441,0.5860105645372441,0.5860105645372441,0.5878712843412592,0.5878712843412592,0.5878712843412592,0.5892216805094664,0.5892216805094664,0.5892216805094664,0.590606966982724,0.590606966982724,0.590606966982724,0.5914402444727251,0.5914402444727251,0.5914402444727251,0.5926556512747027,0.5926556512747027,0.5926556512747027,0.5935864291684212,0.5935864291684212,0.5935864291684212,0.5945976355358956,0.5945976355358956,0.5945976355358956,0.5958147099595629,0.5958147099595629,0.5958147099595629,0.597612192396385,0.597612192396385,0.597612192396385,0.5990323637134696,0.5990323637134696,0.5990323637134696,0.5996638281100103,0.5996638281100103,0.5996638281100103,0.6006411179438929,0.6006411179438929,0.6006411179438929,0.6025003855803356,0.6025003855803356,0.6025003855803356,0.6032742806994069,0.6032742806994069,0.6032742806994069,0.6042610751279892,0.6042610751279892,0.6042610751279892,0.6050258329244353,0.6050258329244353,0.6050258329244353,0.6057972360801473,0.6057972360801473,0.6057972360801473,0.6080735578599111,0.6080735578599111,0.6080735578599111,0.6086132216972739,0.6086132216972739,0.6086132216972739,0.6092658442271334,0.6092658442271334,0.6092658442271334,0.6099510438081903,0.6099510438081903,0.6099510438081903,0.6113214224311687,0.6113214224311687,0.6113214224311687,0.6117791315333775,0.6117791315333775,0.6117791315333775,0.6126701147637756,0.6126701147637756,0.6126701147637756,0.6136340312048206,0.6136340312048206,0.6136340312048206,0.6144484014528021,0.6144484014528021,0.6144484014528021,0.6149646571680729,0.6149646571680729,0.6149646571680729,0.6156810331987118,0.6156810331987118,0.6156810331987118,0.6161119971366282,0.6161119971366282,0.6161119971366282,0.6166293209152975,0.6166293209152975,0.6166293209152975,0.617206426345431,0.617206426345431,0.617206426345431,0.6177582508518565,0.6177582508518565,0.6177582508518565,0.6180679830926562,0.6180679830926562,0.6180679830926562,0.6183397108162599,0.6183397108162599,0.6183397108162599,0.6191781509977559,0.6191781509977559,0.6191781509977559,0.619474779637648,0.619474779637648,0.619474779637648,0.6199069515284954,0.6199069515284954,0.6199069515284954,0.6205549301519696,0.6205549301519696,0.6205549301519696,0.6214002214437697,0.6214002214437697,0.6214002214437697,0.6220966918930558,0.6220966918930558,0.6220966918930558,0.6226131075668884,0.6226131075668884,0.6226131075668884,0.6229820936396322,0.6229820936396322,0.6229820936396322,0.6233070887502491,0.6233070887502491,0.6233070887502491,0.6237230867245745,0.6237230867245745,0.6237230867245745,0.6243968956861237,0.6243968956861237,0.6243968956861237,0.6250584332441362,0.6250584332441362,0.6250584332441362,0.6252083855796953,0.6252083855796953,0.6252083855796953,0.6257659648374458,0.6257659648374458,0.6257659648374458,0.6262888986245826,0.6262888986245826,0.6262888986245826,0.6266615645613443,0.6266615645613443,0.6266615645613443,0.6269646133441051,0.6269646133441051,0.6269646133441051,0.6271312435978423,0.6271312435978423,0.6271312435978423,0.627317463416639,0.627317463416639,0.627317463416639,0.6276351526008247,0.6276351526008247,0.6276351526008247,0.6280450756062391,0.6280450756062391,0.6280450756062391,0.6282999806888646,0.6282999806888646,0.6282999806888646,0.6284508393311087,0.6284508393311087,0.6284508393311087,0.6286439363055498,0.6286439363055498,0.6286439363055498,0.6288362373345386,0.6288362373345386,0.6288362373345386,0.6290734714724318,0.6290734714724318,0.6290734714724318,0.6293377050182453,0.6293377050182453,0.6293377050182453,0.6296714477736,0.6296714477736,0.6296714477736,0.6298902899763169,0.6298902899763169,0.6298902899763169,0.6300937589122975,0.6300937589122975,0.6300937589122975,0.6304195381556411,0.6304195381556411,0.6304195381556411,0.6305854553279794,0.6305854553279794,0.6305854553279794,0.6310223223230579,0.6310223223230579,0.6310223223230579,0.6312465851164908,0.6312465851164908,0.6312465851164908,0.631440707700531,0.631440707700531,0.631440707700531,0.6316407608077833,0.6316407608077833,0.6316407608077833,0.6320159414423717,0.6320159414423717,0.6320159414423717,0.6322611038121863,0.6322611038121863,0.6322611038121863,0.6326508660988094,0.6326508660988094,0.6326508660988094,0.6328381027222635,0.6328381027222635,0.6328381027222635,0.6332544614566357,0.6332544614566357,0.6332544614566357,0.63352919446672,0.63352919446672,0.63352919446672,0.6337728881707001,0.6337728881707001,0.6337728881707001,0.6339631301083537,0.6339631301083537,0.6339631301083537,0.6340543552542665,0.6340543552542665,0.6340543552542665,0.6342203066909512,0.6342203066909512,0.6342203066909512,0.634332212040872,0.634332212040872,0.634332212040872,0.6345620312903738,0.6345620312903738,0.6345620312903738,0.6348556354762565,0.6348556354762565,0.6348556354762565,0.6349965112590673,0.6349965112590673,0.6349965112590673,0.6350870515967946,0.6350870515967946,0.6350870515967946,0.6355813126439636,0.6355813126439636,0.6355813126439636,0.6357290051818594,0.6357290051818594,0.6357290051818594,0.6358762153362079,0.6358762153362079,0.6358762153362079,0.6360693616738533,0.6360693616738533,0.6360693616738533,0.6361429348591492,0.6361429348591492,0.6361429348591492,0.6362224206246403,0.6362224206246403,0.6362224206246403,0.6363758355743858,0.6363758355743858,0.6363758355743858,0.6368043916244613,0.6368043916244613,0.6368043916244613,0.6368968721527517,0.6368968721527517,0.6368968721527517,0.637043731302359,0.637043731302359,0.637043731302359,0.6372036083329227,0.6372036083329227,0.6372036083329227,0.6372778149115236,0.6372778149115236,0.6372778149115236,0.6373669507178997,0.6373669507178997,0.6373669507178997,0.6374287550006691,0.6374287550006691,0.6374287550006691,0.637624458769359,0.637624458769359,0.637624458769359,0.637971080819385,0.637971080819385,0.637971080819385,0.6381942638878335,0.6381942638878335,0.6381942638878335,0.6382675791208439,0.6382675791208439,0.6382675791208439,0.6383639968969584,0.6383639968969584,0.6383639968969584,0.638493421778431,0.638493421778431,0.638493421778431,0.6387177102160031,0.6387177102160031,0.6387177102160031,0.6389645835807467,0.6389645835807467,0.6389645835807467,0.6391448156773396,0.6391448156773396,0.6391448156773396,0.6392463162805404,0.6392463162805404,0.6392463162805404,0.6393527611941657,0.6393527611941657,0.6393527611941657,0.6394444303319498,0.6394444303319498,0.6394444303319498,0.6396522701637971,0.6396522701637971,0.6396522701637971,0.6397514678683021,0.6397514678683021,0.6397514678683021,0.6398473018684216,0.6398473018684216,0.6398473018684216,0.6399191822681395,0.6399191822681395,0.6399191822681395,0.6399633836869096,0.6399633836869096,
0.016128693221191603,0.016128693221191603,0.016128693221191603,0.04929960941341952,0.04929960941341952,0.04929960941341952,0.05779028539270179,0.05779028539270179,0.05779028539270179,0.10288940229504784,0.10288940229504784,0.10288940229504784,0.12416084715386988,0.12416084715386988,0.12416084715386988,0.16768444589099182,0.16768444589099182,0.16768444589099182,0.18692806425122802,0.18692806425122802,0.18692806425122802,0.21366451983191787,0.21366451983191787,0.21366451983191787,0.24062189484248978,0.24062189484248978,0.24062189484248978,0.2603169760029993,0.2603169760029993,0.2603169760029993,0.27270300496946726,0.27270300496946726,0.27270300496946726,0.31250737020888275,0.31250737020888275,0.31250737020888275,0.3207748330092017,0.3207748330092017,0.3207748330092017,0.3418042095264279,0.3418042095264279,0.3418042095264279,0.36724398654260815,0.36724398654260815,0.36724398654260815,0.3864032099586371,0.3864032099586371,0.3864032099586371,0.3948840651674818,0.3948840651674818,0.3948840651674818,0.40295455949529513,0.40295455949529513,0.40295455949529513,0.4246461422618109,0.4246461422618109,0.4246461422618109,0.43555287691583244,0.43555287691583244,0.43555287691583244,0.44639199203779595,0.44639199203779595,0.44639199203779595,0.4505996195207983,0.4505996195207983,0.4505996195207983,0.45823831916804075,0.45823831916804075,0.45823831916804075,0.4665166075683436,0.4665166075683436,0.4665166075683436,0.47673818478090413,0.47673818478090413,0.47673818478090413,0.4840267697872442,0.4840267697872442,0.4840267697872442,0.4908796528101975,0.4908796528101975,0.4908796528101975,0.49553700213332486,0.49553700213332486,0.49553700213332486,0.5038525390421428,0.5038525390421428,0.5038525390421428,0.5086511320440638,0.5086511320440638,0.5086511320440638,0.5127011860252485,0.5127011860252485,0.5127011860252485,0.5185111782895672,0.5185111782895672,0.5185111782895672,0.524989663806588,0.524989663806588,0.524989663806588,0.5299533056891558,0.5299533056891558,0.5299533056891558,0.5322094689635424,0.5322094689635424,0.5322094689635424,0.536858705746997,0.536858705746997,0.536858705746997,0.5387458026227805,0.5387458026227805,0.5387458026227805,0.5433658712916417,0.5433658712916417,0.5433658712916417,0.5453061185363834,0.5453061185363834,0.5453061185363834,0.5489482692658889,0.5489482692658889,0.5489482692658889,0.550723687937428,0.550723687937428,0.550723687937428,0.5561737383553895,0.5561737383553895,0.5561737383553895,0.5597067903404003,0.5597067903404003,0.5597067903404003,0.5613153790060385,0.5613153790060385,0.5613153790060385,0.5655926285368715,0.5655926285368715,0.5655926285368715,0.5691220167988024,0.5691220167988024,0.5691220167988024,0.570779566873187,0.570779566873187,0.570779566873187,0.57430107692874,0.57430107692874,0.57430107692874,0.57661037906941,0.57661037906941,0.57661037906941,0.5785756804406211,0.5785756804406211,0.5785756804406211,0.5802855998857055,0.5802855998857055,0.5802855998857055,0.5828884388463242,0.5828884388463242,0.5828884388463242,0.5846263500284518,0.5846263500284518,0.5846263500284518,0.586915185818144,0.586915185818144,0.586915185818144,0.588703833142125,0.588703833142125,0.588703833142125,0.5901761451739658,0.5901761451739658,0.5901761451739658,0.5911586204217374,0.5911586204217374,0.5911586204217374,0.5920908106004941,0.5920908106004941,0.5920908106004941,0.5942929434471946,0.5942929434471946,0.5942929434471946,0.5955968910031272,0.5955968910031272,0.5955968910031272,0.5972249121706495,0.5972249121706495,0.5972249121706495,0.5987026186129846,0.5987026186129846,0.5987026186129846,0.5996086922430904,0.5996086922430904,0.5996086922430904,0.600387757160688,0.600387757160688,0.600387757160688,0.6018503940426629,0.6018503940426629,0.6018503940426629,0.6030892092979971,0.6030892092979971,0.6030892092979971,0.6041984019565375,0.6041984019565375,0.6041984019565375,0.6050682836077019,0.6050682836077019,0.6050682836077019,0.60608742074889,0.60608742074889,0.60608742074889,0.6070551276671722,0.6070551276671722,0.6070551276671722,0.6081461870350949,0.6081461870350949,0.6081461870350949,0.6091993799605319,0.6091993799605319,0.6091993799605319,0.6103776382031036,0.6103776382031036,0.6103776382031036,0.611241372680774,0.611241372680774,0.611241372680774,0.611625280806363,0.611625280806363,0.611625280806363,0.6122787975250665,0.6122787975250665,0.6122787975250665,0.6127250980573897,0.6127250980573897,0.6127250980573897,0.6136417847270077,0.6136417847270077,0.6136417847270077,0.61452591964847,0.61452591964847,0.61452591964847,0.6151730880724652,0.6151730880724652,0.6151730880724652,0.6157203010622128,0.6157203010622128,0.6157203010622128,0.6160983415654891,0.6160983415654891,0.6160983415654891,0.6170449054800514,0.6170449054800514,0.6170449054800514,0.6178934836097573,0.6178934836097573,0.6178934836097573,0.6184227766717488,0.6184227766717488,0.6184227766717488,0.6188482514404299,0.6188482514404299,0.6188482514404299,0.619274912597715,0.619274912597715,0.619274912597715,0.6198878765180214,0.6198878765180214,0.6198878765180214,0.6201124457286187,0.6201124457286187,0.6201124457286187,0.6209062890167453,0.6209062890167453,0.6209062890167453,0.6215138411113799,0.6215138411113799,0.6215138411113799,0.6218274874324702,0.6218274874324702,0.6218274874324702,0.6225102886107419,0.6225102886107419,0.6225102886107419,0.6229587526878737,0.6229587526878737,0.6229587526878737,0.6235320379098265,0.6235320379098265,0.6235320379098265,0.6239994155981846,0.6239994155981846,0.6239994155981846,0.6241955764700601,0.6241955764700601,0.6241955764700601,0.624456618048013,0.624456618048013,0.624456618048013,0.6248614194212019,0.6248614194212019,0.6248614194212019,0.6252062969775904,0.6252062969775904,0.6252062969775904,0.6256665307431095,0.6256665307431095,0.6256665307431095,0.6264579488609662,0.6264579488609662,0.6264579488609662,0.6268669146343104,0.6268669146343104,0.6268669146343104,0.6275459328525801,0.6275459328525801,0.6275459328525801,0.6278850752878368,0.6278850752878368,0.6278850752878368,0.6283099521422892,0.6283099521422892,0.6283099521422892,0.6286917563538149,0.6286917563538149,0.6286917563538149,0.6292190250960129,0.6292190250960129,0.6292190250960129,0.6297164769120857,0.6297164769120857,0.6297164769120857,0.6298422311087284,0.6298422311087284,0.6298422311087284,0.630107729705301,0.630107729705301,0.630107729705301,0.6304429545611223,0.6304429545611223,0.6304429545611223,0.6306965128091314,0.6306965128091314,0.6306965128091314,0.6311162862929666,0.6311162862929666,0.6311162862929666,0.6312321660118436,0.6312321660118436,0.6312321660118436,0.6314000938352949,0.6314000938352949,0.6314000938352949,0.6316639553937754,0.6316639553937754,0.6316639553937754,0.6319612069576791,0.6319612069576791,0.6319612069576791,0.6322898612664501,0.6322898612664501,0.6322898612664501,0.6324045277915975,0.6324045277915975,0.6324045277915975,0.6326742475963598,0.6326742475963598,0.6326742475963598,0.6331150326314071,0.6331150326314071,0.6331150326314071,0.6334080212173986,0.6334080212173986,0.6334080212173986,0.6335487820264523,0.6335487820264523,0.6335487820264523,0.6337449149040801,0.6337449149040801,0.6337449149040801,0.633918584168067,0.633918584168067,0.633918584168067,0.6341254497525508,0.6341254497525508,0.6341254497525508,0.6343286005468766,0.6343286005468766,0.6343286005468766,0.6344440653463437,0.6344440653463437,0.6344440653463437,0.6347765005792586,0.6347765005792586,0.6347765005792586,0.6349243649303694,0.6349243649303694,0.6349243649303694,0.6351945044774657,0.6351945044774657,0.6351945044774657,0.6357863280765023,0.6357863280765023,0.6357863280765023,0.6358400141674728,0.6358400141674728,0.6358400141674728,0.6363674272084248,0.6363674272084248,0.6363674272084248,0.6366089946182164,0.6366089946182164,0.6366089946182164,0.6367267182863319,0.6367267182863319,0.6367267182863319,0.6370101269191047,0.6370101269191047,0.6370101269191047,0.6373654713352063,0.6373654713352063,0.6373654713352063,0.63744207509145,0.63744207509145,0.63744207509145,0.6377569127654377,0.6377569127654377,0.6377569127654377,0.6380695871414889,0.6380695871414889,0.6380695871414889,0.638236027548832,0.638236027548832,0.638236027548832,0.6385076803515517,0.6385076803515517,0.6385076803515517,0.638877965424745,0.638877965424745,0.638877965424745,0.6390060779238249,0.6390060779238249,0.6390060779238249,0.6391013276684662,0.6391013276684662,0.6391013276684662,0.6392688061398446,0.6392688061398446,0.6392688061398446,0.6392996868838307,0.6392996868838307,0.6392996868838307,0.6394060202946006,0.6394060202946006,0.6394060202946006,0.6396979914259857,0.6396979914259857,0.6396979914259857,0.6397813251227501,0.6397813251227501,0.6397813251227501,0.6400538497031314,0.6400538497031314,0.6400538497031314,0.6403211978429952,0.6403211978429952,0.6403211978429952,0.6404890688913454,0.6404890688913454,0.6404890688913454,0.6406208027452264,0.6406208027452264,0.6406208027452264,0.6407293468466829,0.6407293468466829,0.6407293468466829,0.6408087806735715,0.6408087806735715,0.6408087806735715,0.6409752027001667,0.6409752027001667,0.6409752027001667,0.6411592288062175,0.6411592288062175,0.6411592288062175,0.6412086002362113,0.6412086002362113,0.6412086002362113,0.6412936588399669,0.6412936588399669,0.6412936588399669,0.6413946698853865,0.6413946698853865,0.6413946698853865,0.6415709332635182,0.6415709332635182,0.6415709332635182,0.6417027270424193,0.6417027270424193,0.6417027270424193,0.6418554459452519,0.6418554459452519,0.6418554459452519,0.6418976490365933,0.6418976490365933,
0.028228908268512303,0.028228908268512303,0.028228908268512303,0.06343224740120815,0.06343224740120815,0.06343224740120815,0.07264730088895263,0.07264730088895263,0.07264730088895263,0.0991183454395083,0.0991183454395083,0.0991183454395083,0.1316607766201154,0.1316607766201154,0.1316607766201154,0.16145839669730602,0.16145839669730602,0.16145839669730602,0.21449752672296246,0.21449752672296246,0.21449752672296246,0.23727163079546082,0.23727163079546082,0.23727163079546082,0.25562599428099586,0.25562599428099586,0.25562599428099586,0.2809480022737706,0.2809480022737706,0.2809480022737706,0.29786764810168725,0.29786764810168725,0.29786764810168725,0.31067125359182984,0.31067125359182984,0.31067125359182984,0.33284272425982403,0.33284272425982403,0.33284272425982403,0.3637762924530044,0.3637762924530044,0.3637762924530044,0.37683645194949444,0.37683645194949444,0.37683645194949444,0.3818800612704046,0.3818800612704046,0.3818800612704046,0.3976103898818411,0.3976103898818411,0.3976103898818411,0.4125540782619066,0.4125540782619066,0.4125540782619066,0.4254601491610258,0.4254601491610258,0.4254601491610258,0.43062301072641634,0.43062301072641634,0.43062301072641634,0.44812084029375737,0.44812084029375737,0.44812084029375737,0.45345577467154136,0.45345577467154136,0.45345577467154136,0.4578112521972829,0.4578112521972829,0.4578112521972829,0.4704038424995516,0.4704038424995516,0.4704038424995516,0.47991523691173077,0.47991523691173077,0.47991523691173077,0.4868620623131238,0.4868620623131238,0.4868620623131238,0.49096112307376033,0.49096112307376033,0.49096112307376033,0.4992461771259592,0.4992461771259592,0.4992461771259592,0.5076679784006627,0.5076679784006627,0.5076679784006627,0.5128390834004461,0.5128390834004461,0.5128390834004461,0.5176239881780033,0.5176239881780033,0.5176239881780033,0.5199767199704415,0.5199767199704415,0.5199767199704415,0.5248267255122975,0.5248267255122975,0.5248267255122975,0.5276681225015205,0.5276681225015205,0.5276681225015205,0.5318851512463278,0.5318851512463278,0.5318851512463278,0.5342947806389425,0.5342947806389425,0.5342947806389425,0.5400098651983634,0.5400098651983634,0.5400098651983634,0.5434666301500343,0.5434666301500343,0.5434666301500343,0.5469497602287183,0.5469497602287183,0.5469497602287183,0.5506675512302118,0.5506675512302118,0.5506675512302118,0.5536265966345221,0.5536265966345221,0.5536265966345221,0.5558359668181847,0.5558359668181847,0.5558359668181847,0.5572549487657377,0.5572549487657377,0.5572549487657377,0.5619736644205584,0.5619736644205584,0.5619736644205584,0.5646162390765304,0.5646162390765304,0.5646162390765304,0.5674286299236387,0.5674286299236387,0.5674286299236387,0.5708464367784797,0.5708464367784797,0.5708464367784797,0.5713496038462983,0.5713496038462983,0.5713496038462983,0.5735914753032567,0.5735914753032567,0.5735914753032567,0.5748572511129584,0.5748572511129584,0.5748572511129584,0.577445161108937,0.577445161108937,0.577445161108937,0.5792454716549618,0.5792454716549618,0.5792454716549618,0.5810469122228128,0.5810469122228128,0.5810469122228128,0.5829572260554436,0.5829572260554436,0.5829572260554436,0.5851359006356559,0.5851359006356559,0.5851359006356559,0.5864422664049609,0.5864422664049609,0.5864422664049609,0.5886456915386068,0.5886456915386068,0.5886456915386068,0.5893009085654239,0.5893009085654239,0.5893009085654239,0.5908841679167862,0.5908841679167862,0.5908841679167862,0.5919420008362208,0.5919420008362208,0.5919420008362208,0.5928015790437396,0.5928015790437396,0.5928015790437396,0.5931425568193782,0.5931425568193782,0.5931425568193782,0.5949463070340686,0.5949463070340686,0.5949463070340686,0.5956076948205591,0.5956076948205591,0.5956076948205591,0.5974583932530074,0.5974583932530074,0.5974583932530074,0.5984968813155461,0.5984968813155461,0.5984968813155461,0.5989942054626749,0.5989942054626749,0.5989942054626749,0.5997185174059635,0.5997185174059635,0.5997185174059635,0.6009378842589435,0.6009378842589435,0.6009378842589435,0.6013807403962961,0.6013807403962961,0.6013807403962961,0.6024014046616101,0.6024014046616101,0.6024014046616101,0.6030946864892104,0.6030946864892104,0.6030946864892104,0.603426486918214,0.603426486918214,0.603426486918214,0.6041685526923356,0.6041685526923356,0.6041685526923356,0.6051537077819611,0.6051537077819611,0.6051537077819611,0.6059883748991414,0.6059883748991414,0.6059883748991414,0.6063499169603195,0.6063499169603195,0.6063499169603195,0.6068600269061706,0.6068600269061706,0.6068600269061706,0.6075977506870474,0.6075977506870474,0.6075977506870474,0.6080001672438266,0.6080001672438266,0.6080001672438266,0.6087629816273986,0.6087629816273986,0.6087629816273986,0.6098458919789332,0.6098458919789332,0.6098458919789332,0.6112173401962523,0.6112173401962523,0.6112173401962523,0.6118954008249559,0.6118954008249559,0.6118954008249559,0.6122800949267788,0.6122800949267788,0.6122800949267788,0.6128424484525629,0.6128424484525629,0.6128424484525629,0.613352601070447,0.613352601070447,0.613352601070447,0.6142102349667812,0.6142102349667812,0.6142102349667812,0.6146825262951775,0.6146825262951775,0.6146825262951775,0.6153487720559128,0.6153487720559128,0.6153487720559128,0.6158801665507809,0.6158801665507809,0.6158801665507809,0.6162912926701603,0.6162912926701603,0.6162912926701603,0.616517626678482,0.616517626678482,0.616517626678482,0.6173136917034069,0.6173136917034069,0.6173136917034069,0.6175632961847439,0.6175632961847439,0.6175632961847439,0.6179674241153263,0.6179674241153263,0.6179674241153263,0.6186458889347759,0.6186458889347759,0.6186458889347759,0.6191065593114147,0.6191065593114147,0.6191065593114147,0.6197185685412416,0.6197185685412416,0.6197185685412416,0.6201742262748818,0.6201742262748818,0.6201742262748818,0.6206605205503699,0.6206605205503699,0.6206605205503699,0.621045482471593,0.621045482471593,0.621045482471593,0.6213734847055008,0.6213734847055008,0.6213734847055008,0.6216697746068333,0.6216697746068333,0.6216697746068333,0.6226162556867484,0.6226162556867484,0.6226162556867484,0.6231210807996693,0.6231210807996693,0.6231210807996693,0.6237141876700418,0.6237141876700418,0.6237141876700418,0.6244246159532058,0.6244246159532058,0.6244246159532058,0.6245369948929357,0.6245369948929357,0.6245369948929357,0.624894589150721,0.624894589150721,0.624894589150721,0.6251050817262398,0.6251050817262398,0.6251050817262398,0.6262278129164109,0.6262278129164109,0.6262278129164109,0.6264596552151435,0.6264596552151435,0.6264596552151435,0.6267957814131262,0.6267957814131262,0.6267957814131262,0.6270355954479989,0.6270355954479989,0.6270355954479989,0.6272418116314507,0.6272418116314507,0.6272418116314507,0.6278556312302555,0.6278556312302555,0.6278556312302555,0.6282370959166398,0.6282370959166398,0.6282370959166398,0.6284120461522494,0.6284120461522494,0.6284120461522494,0.6288276052475825,0.6288276052475825,0.6288276052475825,0.6293539366380831,0.6293539366380831,0.6293539366380831,0.629454465733612,0.629454465733612,0.629454465733612,0.6298548739437979,0.6298548739437979,0.6298548739437979,0.6300958086337491,0.6300958086337491,0.6300958086337491,0.630397235175247,0.630397235175247,0.630397235175247,0.6305814182894444,0.6305814182894444,0.6305814182894444,0.6308195354244159,0.6308195354244159,0.6308195354244159,0.630874831208404,0.630874831208404,0.630874831208404,0.6309760505191155,0.6309760505191155,0.6309760505191155,0.6311713504378892,0.6311713504378892,0.6311713504378892,0.6315195323386179,0.6315195323386179,0.6315195323386179,0.632003364801118,0.632003364801118,0.632003364801118,0.6322091645712966,0.6322091645712966,0.6322091645712966,0.632441608883976,0.632441608883976,0.632441608883976,0.6325934785975509,0.6325934785975509,0.6325934785975509,0.63277581654768,0.63277581654768,0.63277581654768,0.633225686509094,0.633225686509094,0.633225686509094,0.633693968917739,0.633693968917739,0.633693968917739,0.6338941707561063,0.6338941707561063,0.6338941707561063,0.6341799514267233,0.6341799514267233,0.6341799514267233,0.6342739467466517,0.6342739467466517,0.6342739467466517,0.6344912205792201,0.6344912205792201,0.6344912205792201,0.6346579452629123,0.6346579452629123,0.6346579452629123,0.6350447503381338,0.6350447503381338,0.6350447503381338,0.6354246183558008,0.6354246183558008,0.6354246183558008,0.6356081014082899,0.6356081014082899,0.6356081014082899,0.6357901233400965,0.6357901233400965,0.6357901233400965,0.6360521991820256,0.6360521991820256,0.6360521991820256,0.6362358012488157,0.6362358012488157,0.6362358012488157,0.6364148394413102,0.6364148394413102,0.6364148394413102,0.6367724880404219,0.6367724880404219,0.6367724880404219,0.6369837751230443,0.6369837751230443,0.6369837751230443,0.6370631525899753,0.6370631525899753,0.6370631525899753,0.6372246980464666,0.6372246980464666,0.6372246980464666,0.6374237639580339,0.6374237639580339,0.6374237639580339,0.6378491228654162,0.6378491228654162,0.6378491228654162,0.6380084273854401,0.6380084273854401,0.6380084273854401,0.6381108219328472,0.6381108219328472,0.6381108219328472,0.6381890300826798,0.6381890300826798,0.6381890300826798,0.6383114334822699,0.6383114334822699,0.6383114334822699,0.6384669918822652,0.6384669918822652,0.6384669918822652,0.6385154959077051,0.6385154959077051,0.6385154959077051,0.6386239479874439,0.6386239479874439,0.6386239479874439,0.6389461066857264,0.6389461066857264,0.6389461066857264,0.6390359153588016,0.6390359153588016,0.6390359153588016,0.6393207098718559,0.6393207098718559,0.6393207098718559,0.6393856019528034,0.6393856019528034,
0.025157347368447058,0.025157347368447058,0.025157347368447058,0.05386001376531972,0.05386001376531972,0.05386001376531972,0.08987303132500182,0.08987303132500182,0.08987303132500182,0.1199039729928952,0.1199039729928952,0.1199039729928952,0.13542529700231845,0.13542529700231845,0.13542529700231845,0.15851760842280344,0.15851760842280344,0.15851760842280344,0.1749857135251594,0.1749857135251594,0.1749857135251594,0.19270949025363976,0.19270949025363976,0.19270949025363976,0.2286103346938992,0.2286103346938992,0.2286103346938992,0.26986253564969964,0.26986253564969964,0.26986253564969964,0.2842659385025768,0.2842659385025768,0.2842659385025768,0.31623759142484237,0.31623759142484237,0.31623759142484237,0.3292437074882956,0.3292437074882956,0.3292437074882956,0.3588720261531219,0.3588720261531219,0.3588720261531219,0.3725391077399418,0.3725391077399418,0.3725391077399418,0.39533182282774887,0.39533182282774887,0.39533182282774887,0.4159708305952124,0.4159708305952124,0.4159708305952124,0.43024237849399166,0.43024237849399166,0.43024237849399166,0.4440375394074928,0.4440375394074928,0.4440375394074928,0.45673937384109903,0.45673937384109903,0.45673937384109903,0.4702632614112777,0.4702632614112777,0.4702632614112777,0.47811235029732596,0.47811235029732596,0.47811235029732596,0.4935030838927967,0.4935030838927967,0.4935030838927967,0.4974190530115569,0.4974190530115569,0.4974190530115569,0.5011104219752958,0.5011104219752958,0.5011104219752958,0.5049818738017513,0.5049818738017513,0.5049818738017513,0.512100258860827,0.512100258860827,0.512100258860827,0.5193745321913309,0.5193745321913309,0.5193745321913309,0.5264675354615677,0.5264675354615677,0.5264675354615677,0.5306563635661973,0.5306563635661973,0.5306563635661973,0.5348826144552731,0.5348826144552731,0.5348826144552731,0.5394503908119694,0.5394503908119694,0.5394503908119694,0.5479545089512498,0.5479545089512498,0.5479545089512498,0.5527318113405933,0.5527318113405933,0.5527318113405933,0.5567352703559557,0.5567352703559557,0.5567352703559557,0.5583403590055871,0.5583403590055871,0.5583403590055871,0.5624804379709866,0.5624804379709866,0.5624804379709866,0.5652747223124794,0.5652747223124794,0.5652747223124794,0.5671601187752747,0.5671601187752747,0.5671601187752747,0.5702848232441362,0.5702848232441362,0.5702848232441362,0.5725352629002105,0.5725352629002105,0.5725352629002105,0.5755079585400436,0.5755079585400436,0.5755079585400436,0.578859856655901,0.578859856655901,0.578859856655901,0.5816631107903553,0.5816631107903553,0.5816631107903553,0.5827472630094274,0.5827472630094274,0.5827472630094274,0.5837632882471824,0.5837632882471824,0.5837632882471824,0.585681913605621,0.585681913605621,0.585681913605621,0.5881524402803137,0.5881524402803137,0.5881524402803137,0.589994369126551,0.589994369126551,0.589994369126551,0.5914149365826628,0.5914149365826628,0.5914149365826628,0.5924702481295427,0.5924702481295427,0.5924702481295427,0.5934604954100833,0.5934604954100833,0.5934604954100833,0.5951179602476194,0.5951179602476194,0.5951179602476194,0.5966698316750735,0.5966698316750735,0.5966698316750735,0.5984927446303782,0.5984927446303782,0.5984927446303782,0.6005964147378197,0.6005964147378197,0.6005964147378197,0.6019164909957422,0.6019164909957422,0.6019164909957422,0.6029206820725881,0.6029206820725881,0.6029206820725881,0.6035726284645998,0.6035726284645998,0.6035726284645998,0.6050553179847419,0.6050553179847419,0.6050553179847419,0.6056797224083149,0.6056797224083149,0.6056797224083149,0.606158544018351,0.606158544018351,0.606158544018351,0.6072085567840304,0.6072085567840304,0.6072085567840304,0.608292711142884,0.608292711142884,0.608292711142884,0.6091520127634876,0.6091520127634876,0.6091520127634876,0.609802088731107,0.609802088731107,0.609802088731107,0.6102511152201942,0.6102511152201942,0.6102511152201942,0.6113577740827477,0.6113577740827477,0.6113577740827477,0.6118435018476621,0.6118435018476621,0.6118435018476621,0.6128437982321545,0.6128437982321545,0.6128437982321545,0.6135555426606707,0.6135555426606707,0.6135555426606707,0.61415067683516,0.61415067683516,0.61415067683516,0.6150862621534129,0.6150862621534129,0.6150862621534129,0.6157581172135447,0.6157581172135447,0.6157581172135447,0.6164239760917345,0.6164239760917345,0.6164239760917345,0.6168137781099511,0.6168137781099511,0.6168137781099511,0.6175078405376349,0.6175078405376349,0.6175078405376349,0.6182117901634093,0.6182117901634093,0.6182117901634093,0.6190401314992889,0.6190401314992889,0.6190401314992889,0.6198496187472503,0.6198496187472503,0.6198496187472503,0.6205662842292156,0.6205662842292156,0.6205662842292156,0.6211218187507638,0.6211218187507638,0.6211218187507638,0.6221003995366136,0.6221003995366136,0.6221003995366136,0.6224948576662475,0.6224948576662475,0.6224948576662475,0.6228579799541055,0.6228579799541055,0.6228579799541055,0.6236151711163385,0.6236151711163385,0.6236151711163385,0.6247154054704219,0.6247154054704219,0.6247154054704219,0.6250338512550834,0.6250338512550834,0.6250338512550834,0.6256811849617935,0.6256811849617935,0.6256811849617935,0.6259459889743819,0.6259459889743819,0.6259459889743819,0.6261880655102259,0.6261880655102259,0.6261880655102259,0.6267964898401864,0.6267964898401864,0.6267964898401864,0.6271745146874294,0.6271745146874294,0.6271745146874294,0.6274221809938344,0.6274221809938344,0.6274221809938344,0.6279605000850018,0.6279605000850018,0.6279605000850018,0.6283912777448971,0.6283912777448971,0.6283912777448971,0.6286856873180863,0.6286856873180863,0.6286856873180863,0.6289683668699763,0.6289683668699763,0.6289683668699763,0.6294556107951963,0.6294556107951963,0.6294556107951963,0.6304923670034526,0.6304923670034526,0.6304923670034526,0.6307589168161026,0.6307589168161026,0.6307589168161026,0.6312083723468767,0.6312083723468767,0.6312083723468767,0.6317871535152139,0.6317871535152139,0.6317871535152139,0.632109767912423,0.632109767912423,0.632109767912423,0.6325749013180721,0.6325749013180721,0.6325749013180721,0.6329250102771108,0.6329250102771108,0.6329250102771108,0.6331796218776818,0.6331796218776818,0.6331796218776818,0.6333621576984614,0.6333621576984614,0.6333621576984614,0.6335572872985292,0.6335572872985292,0.6335572872985292,0.6339038761754351,0.6339038761754351,0.6339038761754351,0.6344123411387105,0.6344123411387105,0.6344123411387105,0.6347534498272135,0.6347534498272135,0.6347534498272135,0.6351072025397617,0.6351072025397617,0.6351072025397617,0.6352535688152031,0.6352535688152031,0.6352535688152031,0.6356781951394986,0.6356781951394986,0.6356781951394986,0.6358046192544565,0.6358046192544565,0.6358046192544565,0.6362288478106626,0.6362288478106626,0.6362288478106626,0.6365210852322785,0.6365210852322785,0.6365210852322785,0.6367687784684645,0.6367687784684645,0.6367687784684645,0.6369595223662402,0.6369595223662402,0.6369595223662402,0.6372974071012549,0.6372974071012549,0.6372974071012549,0.6374227524313866,0.6374227524313866,0.6374227524313866,0.6375486994242792,0.6375486994242792,0.6375486994242792,0.637721578230025,0.637721578230025,0.637721578230025,0.6378112842039615,0.6378112842039615,0.6378112842039615,0.6380107585118452,0.6380107585118452,0.6380107585118452,0.6381643047067928,0.6381643047067928,0.6381643047067928,0.63827903380009,0.63827903380009,0.63827903380009,0.6384919285117433,0.6384919285117433,0.6384919285117433,0.6387068635709751,0.6387068635709751,0.6387068635709751,0.6388052060198273,0.6388052060198273,0.6388052060198273,0.6389303088345606,0.6389303088345606,0.6389303088345606,0.6392567205874112,0.6392567205874112,0.6392567205874112,0.6394160978308643,0.6394160978308643,0.6394160978308643,0.6396145433150151,0.6396145433150151,0.6396145433150151,0.6398172104257691,0.6398172104257691,0.6398172104257691,0.6399348667346165,0.6399348667346165,0.6399348667346165,0.6401469872027556,0.6401469872027556,0.6401469872027556,0.640392687377989,0.640392687377989,0.640392687377989,0.6404476827173751,0.6404476827173751,0.6404476827173751,0.6406015823437046,0.6406015823437046,0.6406015823437046,0.6408698581245399,0.6408698581245399,0.6408698581245399,0.641040142229238,0.641040142229238,0.641040142229238,0.6412373106938044,0.6412373106938044,0.6412373106938044,0.6413192636904486,0.6413192636904486,0.6413192636904486,0.6415284770475838,0.6415284770475838,0.6415284770475838,0.6417289443985615,0.6417289443985615,0.6417289443985615,0.6419660673998298,0.6419660673998298,0.6419660673998298,0.6420970825704785,0.6420970825704785,0.6420970825704785,0.6421362547902832,0.6421362547902832,0.6421362547902832,0.6422259742153639,0.6422259742153639,0.6422259742153639,0.6423155964696169,0.6423155964696169,0.6423155964696169,0.6424666794448329,0.6424666794448329,0.6424666794448329,0.642546250319346,0.642546250319346,0.642546250319346,0.6425922104919398,0.6425922104919398,0.6425922104919398,0.6427608973118984,0.6427608973118984,0.6427608973118984,0.6429259467369556,0.6429259467369556,0.6429259467369556,0.6431278483356823,0.6431278483356823,0.6431278483356823,0.6431795856379395,0.6431795856379395,0.6431795856379395,0.6432636188054182,0.6432636188054182,0.6432636188054182,0.6434914426458885,0.6434914426458885,0.6434914426458885,0.6435839873816018,0.6435839873816018,0.6435839873816018,0.6437292363569618,0.6437292363569618,0.6437292363569618,0.64380095271808,0.64380095271808,0.64380095271808,0.6438337953170891,0.6438337953170891,0.6438337953170891,0.6440152612750608,0.6440152612750608,0.6440152612750608,0.6440400267983358,0.6440400267983358,
0.015377832901299567,0.015377832901299567,0.015377832901299567,0.01912399625838969,0.01912399625838969,0.01912399625838969,0.027138510371690565,0.027138510371690565,0.027138510371690565,0.06419067189530987,0.06419067189530987,0.06419067189530987,0.1174838475252036,0.1174838475252036,0.1174838475252036,0.14842479063478908,0.14842479063478908,0.14842479063478908,0.20342836683543214,0.20342836683543214,0.20342836683543214,0.23759846019896755,0.23759846019896755,0.23759846019896755,0.25917392769664327,0.25917392769664327,0.25917392769664327,0.27616887262370193,0.27616887262370193,0.27616887262370193,0.318455090288233,0.318455090288233,0.318455090288233,0.33752317420907924,0.33752317420907924,0.33752317420907924,0.3592155961655292,0.3592155961655292,0.3592155961655292,0.3784398725675488,0.3784398725675488,0.3784398725675488,0.39049348357012637,0.39049348357012637,0.39049348357012637,0.41399043315542966,0.41399043315542966,0.41399043315542966,0.4321576360004301,0.4321576360004301,0.4321576360004301,0.4389045976577096,0.4389045976577096,0.4389045976577096,0.44932648068106856,0.44932648068106856,0.44932648068106856,0.46408355434764986,0.46408355434764986,0.46408355434764986,0.46996088172650224,0.46996088172650224,0.46996088172650224,0.4775735982435732,0.4775735982435732,0.4775735982435732,0.4851114003225595,0.4851114003225595,0.4851114003225595,0.49683782514440816,0.49683782514440816,0.49683782514440816,0.4993395391121353,0.4993395391121353,0.4993395391121353,0.5088926668110664,0.5088926668110664,0.5088926668110664,0.5120354212510452,0.5120354212510452,0.5120354212510452,0.5173514440114888,0.5173514440114888,0.5173514440114888,0.5234310581618393,0.5234310581618393,0.5234310581618393,0.5267809551940796,0.5267809551940796,0.5267809551940796,0.5324490289805321,0.5324490289805321,0.5324490289805321,0.536661226891911,0.536661226891911,0.536661226891911,0.5428988917402939,0.5428988917402939,0.5428988917402939,0.5456979775431264,0.5456979775431264,0.5456979775431264,0.5477009518714219,0.5477009518714219,0.5477009518714219,0.5497626494362358,0.5497626494362358,0.5497626494362358,0.5516076388585592,0.5516076388585592,0.5516076388585592,0.554993011480429,0.554993011480429,0.554993011480429,0.5581166271326976,0.5581166271326976,0.5581166271326976,0.56195133795424,0.56195133795424,0.56195133795424,0.5642207130386049,0.5642207130386049,0.5642207130386049,0.5662059985275806,0.5662059985275806,0.5662059985275806,0.567774955754141,0.567774955754141,0.567774955754141,0.5700576529419283,0.5700576529419283,0.5700576529419283,0.5723565327173107,0.5723565327173107,0.5723565327173107,0.5740217305323336,0.5740217305323336,0.5740217305323336,0.5751799372017069,0.5751799372017069,0.5751799372017069,0.5768494509303729,0.5768494509303729,0.5768494509303729,0.5792581396208009,0.5792581396208009,0.5792581396208009,0.5823654849749694,0.5823654849749694,0.5823654849749694,0.5839362009626298,0.5839362009626298,0.5839362009626298,0.5854866727380377,0.5854866727380377,0.5854866727380377,0.5875843333589561,0.5875843333589561,0.5875843333589561,0.5893831677136244,0.5893831677136244,0.5893831677136244,0.5903691041365876,0.5903691041365876,0.5903691041365876,0.5920638831480087,0.5920638831480087,0.5920638831480087,0.5941063408149302,0.5941063408149302,0.5941063408149302,0.5956025564361448,0.5956025564361448,0.5956025564361448,0.59744427277364,0.59744427277364,0.59744427277364,0.5983236312905368,0.5983236312905368,0.5983236312905368,0.6014373665702605,0.6014373665702605,0.6014373665702605,0.6022376675233887,0.6022376675233887,0.6022376675233887,0.6033671760719601,0.6033671760719601,0.6033671760719601,0.6049931509199733,0.6049931509199733,0.6049931509199733,0.6057397092814505,0.6057397092814505,0.6057397092814505,0.6065437148734786,0.6065437148734786,0.6065437148734786,0.6072304178025119,0.6072304178025119,0.6072304178025119,0.6079680956472664,0.6079680956472664,0.6079680956472664,0.6087761036844856,0.6087761036844856,0.6087761036844856,0.6094336112421216,0.6094336112421216,0.6094336112421216,0.6102760004767875,0.6102760004767875,0.6102760004767875,0.6109357988533484,0.6109357988533484,0.6109357988533484,0.6122709871664915,0.6122709871664915,0.6122709871664915,0.6126665133467952,0.6126665133467952,0.6126665133467952,0.6131205720758781,0.6131205720758781,0.6131205720758781,0.6137275301531094,0.6137275301531094,0.6137275301531094,0.614177779283555,0.614177779283555,0.614177779283555,0.6146216891809754,0.6146216891809754,0.6146216891809754,0.614897170030631,0.614897170030631,0.614897170030631,0.615197429495708,0.615197429495708,0.615197429495708,0.6161290157140156,0.6161290157140156,0.6161290157140156,0.6165502384220396,0.6165502384220396,0.6165502384220396,0.6173589280593671,0.6173589280593671,0.6173589280593671,0.6176769685316917,0.6176769685316917,0.6176769685316917,0.618143288702691,0.618143288702691,0.618143288702691,0.6183861852122121,0.6183861852122121,0.6183861852122121,0.6189101756734695,0.6189101756734695,0.6189101756734695,0.6191975782760468,0.6191975782760468,0.6191975782760468,0.6193741795550197,0.6193741795550197,0.6193741795550197,0.6196841731727756,0.6196841731727756,0.6196841731727756,0.6199278467112738,0.6199278467112738,0.6199278467112738,0.6202364120389711,0.6202364120389711,0.6202364120389711,0.6205391042237686,0.6205391042237686,0.6205391042237686,0.6210223975334399,0.6210223975334399,0.6210223975334399,0.6212457676333863,0.6212457676333863,0.6212457676333863,0.6215953930725118,0.6215953930725118,0.6215953930725118,0.6220647500342391,0.6220647500342391,0.6220647500342391,0.6224918167318949,0.6224918167318949,0.6224918167318949,0.6226717089220333,0.6226717089220333,0.6226717089220333,0.622909262855415,0.622909262855415,0.622909262855415,0.6233950059118895,0.6233950059118895,0.6233950059118895,0.6238691424017156,0.6238691424017156,0.6238691424017156,0.6240961356413466,0.6240961356413466,0.6240961356413466,0.6244108449722132,0.6244108449722132,0.6244108449722132,0.6246166789914157,0.6246166789914157,0.6246166789914157,0.6248354498154591,0.6248354498154591,0.6248354498154591,0.625150617155649,0.625150617155649,0.625150617155649,0.6254285601402331,0.6254285601402331,0.6254285601402331,0.6257015360868206,0.6257015360868206,0.6257015360868206,0.625994720028765,0.625994720028765,0.625994720028765,0.6262437584660844,0.6262437584660844,0.6262437584660844,0.6264323484353653,0.6264323484353653,0.6264323484353653,0.6268137918735386,0.6268137918735386,0.6268137918735386,0.6271398988790605,0.6271398988790605,0.6271398988790605,0.6274275338349125,0.6274275338349125,0.6274275338349125,0.6277022189811362,0.6277022189811362,0.6277022189811362,0.6279395198574498,0.6279395198574498,0.6279395198574498,0.6281342369814298,0.6281342369814298,0.6281342369814298,0.6285049765868308,0.6285049765868308,0.6285049765868308,0.6286778235655428,0.6286778235655428,0.6286778235655428,0.628947208031018,0.628947208031018,0.628947208031018,0.6291710336519383,0.6291710336519383,0.6291710336519383,0.6293985132505173,0.6293985132505173,0.6293985132505173,0.6296584263567537,0.6296584263567537,0.6296584263567537,0.6300753833837379,0.6300753833837379,0.6300753833837379,0.6303490816756674,0.6303490816756674,0.6303490816756674,0.6304592304548646,0.6304592304548646,0.6304592304548646,0.630515097830863,0.630515097830863,0.630515097830863,0.6306400865172592,0.6306400865172592,0.6306400865172592,0.6307207766416425,0.6307207766416425,0.6307207766416425,0.6308583197032746,0.6308583197032746,0.6308583197032746,0.6309494027835822,0.6309494027835822,0.6309494027835822,0.6322506034838977,0.6322506034838977,0.6322506034838977,0.6323799663426621,0.6323799663426621,0.6323799663426621,0.6325597984965615,0.6325597984965615,0.6325597984965615,0.6327157746446053,0.6327157746446053,0.6327157746446053,0.6327897689681738,0.6327897689681738,0.6327897689681738,0.6329546520701081,0.6329546520701081,0.6329546520701081,0.6330521867089046,0.6330521867089046,0.6330521867089046,0.6332654992479715,0.6332654992479715,0.6332654992479715,0.6334050000930369,0.6334050000930369,0.6334050000930369,0.6334599793755724,0.6334599793755724,0.6334599793755724,0.6335383488500063,0.6335383488500063,0.6335383488500063,0.6336247090743082,0.6336247090743082,0.6336247090743082,0.6338631777462197,0.6338631777462197,0.6338631777462197,0.6339672089254003,0.6339672089254003,0.6339672089254003,0.634112141972821,0.634112141972821,0.634112141972821,0.6341716688634731,0.6341716688634731,0.6341716688634731,0.6342029309886948,0.6342029309886948,0.6342029309886948,0.6343704411782732,0.6343704411782732,0.6343704411782732,0.634532699898968,0.634532699898968,0.634532699898968,0.634562036089486,0.634562036089486,0.634562036089486,0.6348182904458148,0.6348182904458148,0.6348182904458148,0.6348820983037615,0.6348820983037615,0.6348820983037615,0.6350198815469605,0.6350198815469605,0.6350198815469605,0.6350822255465178,0.6350822255465178,0.6350822255465178,0.6351485681232462,0.6351485681232462,0.6351485681232462,0.6351784503105229,0.6351784503105229,0.6351784503105229,0.635202583132359,0.635202583132359,0.635202583132359,0.6353909779535445,0.6353909779535445,0.6353909779535445,0.6354551426685441,0.6354551426685441,0.6354551426685441,0.6355663589191911,0.6355663589191911,0.6355663589191911,0.6356190590115095,0.6356190590115095,0.6356190590115095,0.6357250371323884,0.6357250371323884,0.6357250371323884,0.6358585384207861,0.6358585384207861,0.6358585384207861,0.6360642957274864,0.6360642957274864,0.6360642957274864,0.6361241924525346,0.6361241924525346,
0.019937250831206683,0.019937250831206683,0.019937250831206683,0.03187514094325885,0.03187514094325885,0.03187514094325885,0.08235218484543314,0.08235218484543314,0.08235218484543314,0.09468286813517245,0.09468286813517245,0.09468286813517245,0.12471449992741475,0.12471449992741475,0.12471449992741475,0.1629146090069642,0.1629146090069642,0.1629146090069642,0.18005454695558684,0.18005454695558684,0.18005454695558684,0.2225865942151662,0.2225865942151662,0.2225865942151662,0.24147471410012908,0.24147471410012908,0.24147471410012908,0.2675430263644724,0.2675430263644724,0.2675430263644724,0.2903365113107282,0.2903365113107282,0.2903365113107282,0.3302200506013932,0.3302200506013932,0.3302200506013932,0.3381990315567311,0.3381990315567311,0.3381990315567311,0.3558506656422996,0.3558506656422996,0.3558506656422996,0.3721691040359337,0.3721691040359337,0.3721691040359337,0.39313144118227855,0.39313144118227855,0.39313144118227855,0.4093636537163956,0.4093636537163956,0.4093636537163956,0.42339849715737177,0.42339849715737177,0.42339849715737177,0.43100624263733583,0.43100624263733583,0.43100624263733583,0.4403012465890011,0.4403012465890011,0.4403012465890011,0.4570035259445146,0.4570035259445146,0.4570035259445146,0.4665316269729057,0.4665316269729057,0.4665316269729057,0.4710568204340202,0.4710568204340202,0.4710568204340202,0.48135393376753804,0.48135393376753804,0.48135393376753804,0.4874376875844356,0.4874376875844356,0.4874376875844356,0.49227112902896103,0.49227112902896103,0.49227112902896103,0.49963637271471434,0.49963637271471434,0.49963637271471434,0.5050107851815759,0.5050107851815759,0.5050107851815759,0.5129513808308308,0.5129513808308308,0.5129513808308308,0.5163630289692978,0.5163630289692978,0.5163630289692978,0.5227045762306489,0.5227045762306489,0.5227045762306489,0.5270066391207002,0.5270066391207002,0.5270066391207002,0.5310001753678867,0.5310001753678867,0.5310001753678867,0.5337609993913385,0.5337609993913385,0.5337609993913385,0.5363226621911071,0.5363226621911071,0.5363226621911071,0.5422146360352047,0.5422146360352047,0.5422146360352047,0.5474168458547527,0.5474168458547527,0.5474168458547527,0.5516647908711054,0.5516647908711054,0.5516647908711054,0.5531008799835214,0.5531008799835214,0.5531008799835214,0.5550771297499576,0.5550771297499576,0.5550771297499576,0.5575341993270799,0.5575341993270799,0.5575341993270799,0.5620907076830672,0.5620907076830672,0.5620907076830672,0.5652759990920055,0.5652759990920055,0.5652759990920055,0.5673510189748774,0.5673510189748774,0.5673510189748774,0.5694361750620486,0.5694361750620486,0.5694361750620486,0.571136015586955,0.571136015586955,0.571136015586955,0.5724678715911111,0.5724678715911111,0.5724678715911111,0.5740373203250594,0.5740373203250594,0.5740373203250594,0.5751865290689465,0.5751865290689465,0.5751865290689465,0.5768028515219658,0.5768028515219658,0.5768028515219658,0.5784770438462653,0.5784770438462653,0.5784770438462653,0.5807789267529369,0.5807789267529369,0.5807789267529369,0.5824004907023974,0.5824004907023974,0.5824004907023974,0.5837081923917192,0.5837081923917192,0.5837081923917192,0.5847200415297458,0.5847200415297458,0.5847200415297458,0.5857774622841688,0.5857774622841688,0.5857774622841688,0.5883218070256078,0.5883218070256078,0.5883218070256078,0.5897135993738112,0.5897135993738112,0.5897135993738112,0.5911150486499471,0.5911150486499471,0.5911150486499471,0.592065744975496,0.592065744975496,0.592065744975496,0.5944994352813002,0.5944994352813002,0.5944994352813002,0.5958889832345876,0.5958889832345876,0.5958889832345876,0.5972069375136853,0.5972069375136853,0.5972069375136853,0.5983506024927897,0.5983506024927897,0.5983506024927897,0.599922236832253,0.599922236832253,0.599922236832253,0.6011243099123703,0.6011243099123703,0.6011243099123703,0.6018083059008971,0.6018083059008971,0.6018083059008971,0.602377413211487,0.602377413211487,0.602377413211487,0.6041420322895434,0.6041420322895434,0.6041420322895434,0.6053117641760842,0.6053117641760842,0.6053117641760842,0.6065600589561126,0.6065600589561126,0.6065600589561126,0.6071255255485254,0.6071255255485254,0.6071255255485254,0.6075045120023538,0.6075045120023538,0.6075045120023538,0.6078206611647851,0.6078206611647851,0.6078206611647851,0.6084889827359174,0.6084889827359174,0.6084889827359174,0.6090537259586765,0.6090537259586765,0.6090537259586765,0.6101047523487666,0.6101047523487666,0.6101047523487666,0.6110114705413343,0.6110114705413343,0.6110114705413343,0.6114792271279202,0.6114792271279202,0.6114792271279202,0.6119415562881446,0.6119415562881446,0.6119415562881446,0.6123179455153298,0.6123179455153298,0.6123179455153298,0.6131157511472116,0.6131157511472116,0.6131157511472116,0.614127426893856,0.614127426893856,0.614127426893856,0.6149745833894374,0.6149745833894374,0.6149745833894374,0.6156227047979134,0.6156227047979134,0.6156227047979134,0.6163094410482336,0.6163094410482336,0.6163094410482336,0.6169404494011913,0.6169404494011913,0.6169404494011913,0.6173066660223114,0.6173066660223114,0.6173066660223114,0.6176533958833024,0.6176533958833024,0.6176533958833024,0.6183413679395624,0.6183413679395624,0.6183413679395624,0.6191055907887023,0.6191055907887023,0.6191055907887023,0.6193736326392887,0.6193736326392887,0.6193736326392887,0.6199234782496453,0.6199234782496453,0.6199234782496453,0.6208329530566593,0.6208329530566593,0.6208329530566593,0.6212460610999677,0.6212460610999677,0.6212460610999677,0.6216543227234478,0.6216543227234478,0.6216543227234478,0.622222679815069,0.622222679815069,0.622222679815069,0.6224426984957466,0.6224426984957466,0.6224426984957466,0.6229591145209779,0.6229591145209779,0.6229591145209779,0.6234103745801527,0.6234103745801527,0.6234103745801527,0.6237139259330077,0.6237139259330077,0.6237139259330077,0.624213026896505,0.624213026896505,0.624213026896505,0.624723339008355,0.624723339008355,0.624723339008355,0.6250283093450648,0.6250283093450648,0.6250283093450648,0.6261510359828237,0.6261510359828237,0.6261510359828237,0.6263558724131674,0.6263558724131674,0.6263558724131674,0.626669814037562,0.626669814037562,0.626669814037562,0.627101828172393,0.627101828172393,0.627101828172393,0.6275008367535829,0.6275008367535829,0.6275008367535829,0.6277668920928352,0.6277668920928352,0.6277668920928352,0.6281588089582266,0.6281588089582266,0.6281588089582266,0.6285826086307643,0.6285826086307643,0.6285826086307643,0.6287187569050136,0.6287187569050136,0.6287187569050136,0.6288806757325208,0.6288806757325208,0.6288806757325208,0.6292074106649703,0.6292074106649703,0.6292074106649703,0.6294783724138152,0.6294783724138152,0.6294783724138152,0.629816710225425,0.629816710225425,0.629816710225425,0.6301524964865431,0.6301524964865431,0.6301524964865431,0.6305558047083523,0.6305558047083523,0.6305558047083523,0.6308059750584567,0.6308059750584567,0.6308059750584567,0.6312433962250896,0.6312433962250896,0.6312433962250896,0.6314201738912291,0.6314201738912291,0.6314201738912291,0.6316670830908758,0.6316670830908758,0.6316670830908758,0.632185772476736,0.632185772476736,0.632185772476736,0.6325339404732825,0.6325339404732825,0.6325339404732825,0.6329676776218494,0.6329676776218494,0.6329676776218494,0.6333510700501541,0.6333510700501541,0.6333510700501541,0.6336128744399456,0.6336128744399456,0.6336128744399456,0.6337555027710642,0.6337555027710642,0.6337555027710642,0.6339264173966723,0.6339264173966723,0.6339264173966723,0.6342724097804597,0.6342724097804597,0.6342724097804597,0.6344999052333592,0.6344999052333592,0.6344999052333592,0.6346946868630913,0.6346946868630913,0.6346946868630913,0.6351918327208909,0.6351918327208909,0.6351918327208909,0.6355676289954881,0.6355676289954881,0.6355676289954881,0.6357611294256038,0.6357611294256038,0.6357611294256038,0.6359280882098344,0.6359280882098344,0.6359280882098344,0.6361113507035832,0.6361113507035832,0.6361113507035832,0.6362868236043409,0.6362868236043409,0.6362868236043409,0.6363735985697265,0.6363735985697265,0.6363735985697265,0.6364510248191829,0.6364510248191829,0.6364510248191829,0.6367918319759298,0.6367918319759298,0.6367918319759298,0.6370552173226878,0.6370552173226878,0.6370552173226878,0.637230614300366,0.637230614300366,0.637230614300366,0.6376287599218255,0.6376287599218255,0.6376287599218255,0.6377142452968447,0.6377142452968447,0.6377142452968447,0.6379351802651456,0.6379351802651456,0.6379351802651456,0.6383343092473077,0.6383343092473077,0.6383343092473077,0.6385700357721745,0.6385700357721745,0.6385700357721745,0.6387310737163224,0.6387310737163224,0.6387310737163224,0.638855698751312,0.638855698751312,0.638855698751312,0.6389048560055073,0.6389048560055073,0.6389048560055073,0.6392809064752911,0.6392809064752911,0.6392809064752911,0.6394316790869307,0.6394316790869307,0.6394316790869307,0.6396707561510597,0.6396707561510597,0.6396707561510597,0.639828669777139,0.639828669777139,0.639828669777139,0.6398764046159767,0.6398764046159767,0.6398764046159767,0.6400010885013594,0.6400010885013594,0.6400010885013594,0.6401357899481823,0.6401357899481823,0.6401357899481823,0.6402300205360243,0.6402300205360243,0.6402300205360243,0.6404646450127013,0.6404646450127013,0.6404646450127013,0.6406100717838306,0.6406100717838306,0.6406100717838306,0.6407890418273211,0.6407890418273211,0.6407890418273211,0.6408461923830662,0.6408461923830662,0.6408461923830662,0.6410868447806355,0.6410868447806355,0.6410868447806355,0.6412608714344984,0.6412608714344984,0.6412608714344984,0.6413423817395044,0.6413423817395044,
9.947553428162495E-4,9.947553428162495E-4,9.947553428162495E-4,0.017951544844158385,0.017951544844158385,0.017951544844158385,0.0332641588158488,0.0332641588158488,0.0332641588158488,0.09095926907054215,0.09095926907054215,0.09095926907054215,0.09995942958719914,0.09995942958719914,0.09995942958719914,0.14861539037924976,0.14861539037924976,0.14861539037924976,0.17332623062464078,0.17332623062464078,0.17332623062464078,0.18964281288160753,0.18964281288160753,0.18964281288160753,0.2278276433273399,0.2278276433273399,0.2278276433273399,0.25805504939241913,0.25805504939241913,0.25805504939241913,0.26774706816151883,0.26774706816151883,0.26774706816151883,0.29551193405438525,0.29551193405438525,0.29551193405438525,0.3171354437796269,0.3171354437796269,0.3171354437796269,0.3418835559848353,0.3418835559848353,0.3418835559848353,0.3570621002257404,0.3570621002257404,0.3570621002257404,0.3923559808867119,0.3923559808867119,0.3923559808867119,0.4042996617753919,0.4042996617753919,0.4042996617753919,0.42065538151483156,0.42065538151483156,0.42065538151483156,0.4276826229567439,0.4276826229567439,0.4276826229567439,0.4410612245504324,0.4410612245504324,0.4410612245504324,0.4450195664496299,0.4450195664496299,0.4450195664496299,0.45251947342092724,0.45251947342092724,0.45251947342092724,0.46212504887562794,0.46212504887562794,0.46212504887562794,0.473971131498827,0.473971131498827,0.473971131498827,0.4789399059362528,0.4789399059362528,0.4789399059362528,0.48599945374694586,0.48599945374694586,0.48599945374694586,0.49168211282770413,0.49168211282770413,0.49168211282770413,0.5003220749545939,0.5003220749545939,0.5003220749545939,0.5063280216122661,0.5063280216122661,0.5063280216122661,0.5115825148344795,0.5115825148344795,0.5115825148344795,0.5160651491673551,0.5160651491673551,0.5160651491673551,0.5199825825023557,0.5199825825023557,0.5199825825023557,0.5260524675952604,0.5260524675952604,0.5260524675952604,0.5294358262385312,0.5294358262385312,0.5294358262385312,0.5338128306499222,0.5338128306499222,0.5338128306499222,0.5398431117505138,0.5398431117505138,0.5398431117505138,0.5457439662883107,0.5457439662883107,0.5457439662883107,0.5489087454562545,0.5489087454562545,0.5489087454562545,0.5506037325482032,0.5506037325482032,0.5506037325482032,0.5558734788046207,0.5558734788046207,0.5558734788046207,0.5580376211951498,0.5580376211951498,0.5580376211951498,0.5612290911069123,0.5612290911069123,0.5612290911069123,0.5629715055177836,0.5629715055177836,0.5629715055177836,0.5653079881100644,0.5653079881100644,0.5653079881100644,0.5684923299394122,0.5684923299394122,0.5684923299394122,0.5701513215800996,0.5701513215800996,0.5701513215800996,0.5712919265227204,0.5712919265227204,0.5712919265227204,0.5733941861087675,0.5733941861087675,0.5733941861087675,0.5758607520822883,0.5758607520822883,0.5758607520822883,0.5784730995609182,0.5784730995609182,0.5784730995609182,0.5804650820908048,0.5804650820908048,0.5804650820908048,0.5815592087163207,0.5815592087163207,0.5815592087163207,0.5830454061158958,0.5830454061158958,0.5830454061158958,0.5851392193742357,0.5851392193742357,0.5851392193742357,0.5862190434146103,0.5862190434146103,0.5862190434146103,0.5872679408218835,0.5872679408218835,0.5872679408218835,0.5889763207032559,0.5889763207032559,0.5889763207032559,0.5903559876827114,0.5903559876827114,0.5903559876827114,0.5920582937058797,0.5920582937058797,0.5920582937058797,0.5930852510296976,0.5930852510296976,0.5930852510296976,0.594379845992512,0.594379845992512,0.594379845992512,0.5962995606844013,0.5962995606844013,0.5962995606844013,0.597181635579595,0.597181635579595,0.597181635579595,0.5990208144217479,0.5990208144217479,0.5990208144217479,0.5998877459439926,0.5998877459439926,0.5998877459439926,0.6008460949041462,0.6008460949041462,0.6008460949041462,0.6014884518377205,0.6014884518377205,0.6014884518377205,0.6020098790835174,0.6020098790835174,0.6020098790835174,0.6027461800475815,0.6027461800475815,0.6027461800475815,0.6037940451744518,0.6037940451744518,0.6037940451744518,0.6054683096589749,0.6054683096589749,0.6054683096589749,0.606191782802329,0.606191782802329,0.606191782802329,0.6070209971286165,0.6070209971286165,0.6070209971286165,0.6074801008354809,0.6074801008354809,0.6074801008354809,0.6083934785878928,0.6083934785878928,0.6083934785878928,0.6095251201911173,0.6095251201911173,0.6095251201911173,0.61002869903722,0.61002869903722,0.61002869903722,0.6105734664417634,0.6105734664417634,0.6105734664417634,0.611606455489183,0.611606455489183,0.611606455489183,0.6123763583959276,0.6123763583959276,0.6123763583959276,0.6131719932830297,0.6131719932830297,0.6131719932830297,0.6142852941425991,0.6142852941425991,0.6142852941425991,0.6146280804090201,0.6146280804090201,0.6146280804090201,0.6153174371383426,0.6153174371383426,0.6153174371383426,0.6159781415995396,0.6159781415995396,0.6159781415995396,0.6163340709862519,0.6163340709862519,0.6163340709862519,0.6168595326638393,0.6168595326638393,0.6168595326638393,0.6172947144460562,0.6172947144460562,0.6172947144460562,0.6178070182376522,0.6178070182376522,0.6178070182376522,0.6182450380888898,0.6182450380888898,0.6182450380888898,0.6186098150808316,0.6186098150808316,0.6186098150808316,0.6195356028408934,0.6195356028408934,0.6195356028408934,0.6200333135705547,0.6200333135705547,0.6200333135705547,0.6203059144084946,0.6203059144084946,0.6203059144084946,0.6208593500725048,0.6208593500725048,0.6208593500725048,0.6210069221123555,0.6210069221123555,0.6210069221123555,0.6216533841792204,0.6216533841792204,0.6216533841792204,0.6221966613022012,0.6221966613022012,0.6221966613022012,0.6225647057598206,0.6225647057598206,0.6225647057598206,0.6231940751320045,0.6231940751320045,0.6231940751320045,0.6235040475267996,0.6235040475267996,0.6235040475267996,0.6242317962797521,0.6242317962797521,0.6242317962797521,0.6244369116993916,0.6244369116993916,0.6244369116993916,0.625526692729532,0.625526692729532,0.625526692729532,0.6257584812505113,0.6257584812505113,0.6257584812505113,0.6263179472438165,0.6263179472438165,0.6263179472438165,0.6265727638666069,0.6265727638666069,0.6265727638666069,0.6269482388514926,0.6269482388514926,0.6269482388514926,0.6271100331842543,0.6271100331842543,0.6271100331842543,0.6276369413637919,0.6276369413637919,0.6276369413637919,0.6281501877470763,0.6281501877470763,0.6281501877470763,0.6284024273271256,0.6284024273271256,0.6284024273271256,0.6288435013492483,0.6288435013492483,0.6288435013492483,0.629254435682585,0.629254435682585,0.629254435682585,0.6295303846825177,0.6295303846825177,0.6295303846825177,0.6299051888544972,0.6299051888544972,0.6299051888544972,0.6302908847780185,0.6302908847780185,0.6302908847780185,0.6305044140518313,0.6305044140518313,0.6305044140518313,0.6307610651792288,0.6307610651792288,0.6307610651792288,0.6311388886011445,0.6311388886011445,0.6311388886011445,0.6312614008553038,0.6312614008553038,0.6312614008553038,0.6316015663303571,0.6316015663303571,0.6316015663303571,0.6321998050735589,0.6321998050735589,0.6321998050735589,0.6323719947549004,0.6323719947549004,0.6323719947549004,0.6325657349021673,0.6325657349021673,0.6325657349021673,0.6327821541939109,0.6327821541939109,0.6327821541939109,0.6331057203540623,0.6331057203540623,0.6331057203540623,0.6336614346517687,0.6336614346517687,0.6336614346517687,0.6338889745519438,0.6338889745519438,0.6338889745519438,0.6339899352261946,0.6339899352261946,0.6339899352261946,0.6343155715639375,0.6343155715639375,0.6343155715639375,0.6345084261154273,0.6345084261154273,0.6345084261154273,0.6347726323970265,0.6347726323970265,0.6347726323970265,0.6349838530657562,0.6349838530657562,0.6349838530657562,0.6350602959773695,0.6350602959773695,0.6350602959773695,0.6351369517557558,0.6351369517557558,0.6351369517557558,0.6352535374887048,0.6352535374887048,0.6352535374887048,0.6354697957791866,0.6354697957791866,0.6354697957791866,0.635667545884879,0.635667545884879,0.635667545884879,0.6359364225808417,0.6359364225808417,0.6359364225808417,0.6363377535407748,0.6363377535407748,0.6363377535407748,0.6364354008531568,0.6364354008531568,0.6364354008531568,0.6368529496642695,0.6368529496642695,0.6368529496642695,0.6369724503731038,0.6369724503731038,0.6369724503731038,0.6370599351619386,0.6370599351619386,0.6370599351619386,0.6371968899666406,0.6371968899666406,0.6371968899666406,0.637420963662052,0.637420963662052,0.637420963662052,0.63769446545,0.63769446545,0.63769446545,0.6380436878225357,0.6380436878225357,0.6380436878225357,0.6381756757719562,0.6381756757719562,0.6381756757719562,0.638338024203146,0.638338024203146,0.638338024203146,0.638455132938471,0.638455132938471,0.638455132938471,0.6388450151208642,0.6388450151208642,0.6388450151208642,0.6390427766948115,0.6390427766948115,0.6390427766948115,0.6391454900022673,0.6391454900022673,0.6391454900022673,0.6394353528261515,0.6394353528261515,0.6394353528261515,0.6395657641470942,0.6395657641470942,0.6395657641470942,0.6396900514138656,0.6396900514138656,0.6396900514138656,0.6397762961349189,0.6397762961349189,0.6397762961349189,0.6398836548849111,0.6398836548849111,0.6398836548849111,0.6399772133894912,0.6399772133894912,0.6399772133894912,0.6401507412524727,0.6401507412524727,0.6401507412524727,0.6403504349725649,0.6403504349725649,0.6403504349725649,0.6405102220774291,0.6405102220774291,0.6405102220774291,0.6406115240397573,0.6406115240397573,0.6406115240397573,0.6408001857804547,0.6408001857804547,0.6408001857804547,0.6408710999146906,0.6408710999146906,
0.032284224347663634,0.032284224347663634,0.032284224347663634,0.04318948126223307,0.04318948126223307,0.04318948126223307,0.06734961853470253,0.06734961853470253,0.06734961853470253,0.0841020969118152,0.0841020969118152,0.0841020969118152,0.12565880864533,0.12565880864533,0.12565880864533,0.14059795038076847,0.14059795038076847,0.14059795038076847,0.17829880179746097,0.17829880179746097,0.17829880179746097,0.20788204634498017,0.20788204634498017,0.20788204634498017,0.24668102897945463,0.24668102897945463,0.24668102897945463,0.2612178060589502,0.2612178060589502,0.2612178060589502,0.27328634615580316,0.27328634615580316,0.27328634615580316,0.3019201979953132,0.3019201979953132,0.3019201979953132,0.31812151134578065,0.31812151134578065,0.31812151134578065,0.34824277609342225,0.34824277609342225,0.34824277609342225,0.3615833704826569,0.3615833704826569,0.3615833704826569,0.37846742297741803,0.37846742297741803,0.37846742297741803,0.38855394580037694,0.38855394580037694,0.38855394580037694,0.41315963255803906,0.41315963255803906,0.41315963255803906,0.42850467094261085,0.42850467094261085,0.42850467094261085,0.44025092440298375,0.44025092440298375,0.44025092440298375,0.44773768286139365,0.44773768286139365,0.44773768286139365,0.46161476853406214,0.46161476853406214,0.46161476853406214,0.46787891627080064,0.46787891627080064,0.46787891627080064,0.47589585023873543,0.47589585023873543,0.47589585023873543,0.48374919314916465,0.48374919314916465,0.48374919314916465,0.49389962503214285,0.49389962503214285,0.49389962503214285,0.5041720467296288,0.5041720467296288,0.5041720467296288,0.5114428680553254,0.5114428680553254,0.5114428680553254,0.5157891155168869,0.5157891155168869,0.5157891155168869,0.5223695136556328,0.5223695136556328,0.5223695136556328,0.523975769420873,0.523975769420873,0.523975769420873,0.5280193947673897,0.5280193947673897,0.5280193947673897,0.5345033419024666,0.5345033419024666,0.5345033419024666,0.5405496137790335,0.5405496137790335,0.5405496137790335,0.5423779430529744,0.5423779430529744,0.5423779430529744,0.543923400158973,0.543923400158973,0.543923400158973,0.5504884285214336,0.5504884285214336,0.5504884285214336,0.5533138754755658,0.5533138754755658,0.5533138754755658,0.556511972589063,0.556511972589063,0.556511972589063,0.5591404937717132,0.5591404937717132,0.5591404937717132,0.5639670994828356,0.5639670994828356,0.5639670994828356,0.5663624957137687,0.5663624957137687,0.5663624957137687,0.5673812931603802,0.5673812931603802,0.5673812931603802,0.5705204299151528,0.5705204299151528,0.5705204299151528,0.5721860001213912,0.5721860001213912,0.5721860001213912,0.5740782804525475,0.5740782804525475,0.5740782804525475,0.5761825419568115,0.5761825419568115,0.5761825419568115,0.5781222311557642,0.5781222311557642,0.5781222311557642,0.5802406237295508,0.5802406237295508,0.5802406237295508,0.5822930669987469,0.5822930669987469,0.5822930669987469,0.5843211546412153,0.5843211546412153,0.5843211546412153,0.5850859494370073,0.5850859494370073,0.5850859494370073,0.587071592712974,0.587071592712974,0.587071592712974,0.5881976534789807,0.5881976534789807,0.5881976534789807,0.5890310298496094,0.5890310298496094,0.5890310298496094,0.5898986737246487,0.5898986737246487,0.5898986737246487,0.5927702123828136,0.5927702123828136,0.5927702123828136,0.5939588260948944,0.5939588260948944,0.5939588260948944,0.5951273762197424,0.5951273762197424,0.5951273762197424,0.5965993933566842,0.5965993933566842,0.5965993933566842,0.5980942042208885,0.5980942042208885,0.5980942042208885,0.5996130735459876,0.5996130735459876,0.5996130735459876,0.6004461844642527,0.6004461844642527,0.6004461844642527,0.6015134819786233,0.6015134819786233,0.6015134819786233,0.6029278795058882,0.6029278795058882,0.6029278795058882,0.6043535881304795,0.6043535881304795,0.6043535881304795,0.6053004787094031,0.6053004787094031,0.6053004787094031,0.6062365673752939,0.6062365673752939,0.6062365673752939,0.6069916094509178,0.6069916094509178,0.6069916094509178,0.6077772754719111,0.6077772754719111,0.6077772754719111,0.6091709607293864,0.6091709607293864,0.6091709607293864,0.610429835864849,0.610429835864849,0.610429835864849,0.6109906877771144,0.6109906877771144,0.6109906877771144,0.6117353408245345,0.6117353408245345,0.6117353408245345,0.6126035543882489,0.6126035543882489,0.6126035543882489,0.6129948435027252,0.6129948435027252,0.6129948435027252,0.6137153819775366,0.6137153819775366,0.6137153819775366,0.6142437866143731,0.6142437866143731,0.6142437866143731,0.614767960127673,0.614767960127673,0.614767960127673,0.6151910460541048,0.6151910460541048,0.6151910460541048,0.6156000457074498,0.6156000457074498,0.6156000457074498,0.6159146657412075,0.6159146657412075,0.6159146657412075,0.6165553725816902,0.6165553725816902,0.6165553725816902,0.6169306808845074,0.6169306808845074,0.6169306808845074,0.617311079366125,0.617311079366125,0.617311079366125,0.617527673999735,0.617527673999735,0.617527673999735,0.6179356750468422,0.6179356750468422,0.6179356750468422,0.6188996376205862,0.6188996376205862,0.6188996376205862,0.6195128016329211,0.6195128016329211,0.6195128016329211,0.6204513559769981,0.6204513559769981,0.6204513559769981,0.6207478064012274,0.6207478064012274,0.6207478064012274,0.6209308142790751,0.6209308142790751,0.6209308142790751,0.6212612101916218,0.6212612101916218,0.6212612101916218,0.6217149973780921,0.6217149973780921,0.6217149973780921,0.6219612630378991,0.6219612630378991,0.6219612630378991,0.6226395047498359,0.6226395047498359,0.6226395047498359,0.6229287636897645,0.6229287636897645,0.6229287636897645,0.6233757332793523,0.6233757332793523,0.6233757332793523,0.6239234496575689,0.6239234496575689,0.6239234496575689,0.6241508301744054,0.6241508301744054,0.6241508301744054,0.6245725338817667,0.6245725338817667,0.6245725338817667,0.6250024432753725,0.6250024432753725,0.6250024432753725,0.6252078024468777,0.6252078024468777,0.6252078024468777,0.6256414275285245,0.6256414275285245,0.6256414275285245,0.6259480176358637,0.6259480176358637,0.6259480176358637,0.6261962603804133,0.6261962603804133,0.6261962603804133,0.6264395878895229,0.6264395878895229,0.6264395878895229,0.62709301404687,0.62709301404687,0.62709301404687,0.6273075393009938,0.6273075393009938,0.6273075393009938,0.6275554614129922,0.6275554614129922,0.6275554614129922,0.6279065433593068,0.6279065433593068,0.6279065433593068,0.6282648356390065,0.6282648356390065,0.6282648356390065,0.6285567024086312,0.6285567024086312,0.6285567024086312,0.6288552588937322,0.6288552588937322,0.6288552588937322,0.6289791104243055,0.6289791104243055,0.6289791104243055,0.6291537024257943,0.6291537024257943,0.6291537024257943,0.629436946179336,0.629436946179336,0.629436946179336,0.6296903368510088,0.6296903368510088,0.6296903368510088,0.6301652137875996,0.6301652137875996,0.6301652137875996,0.6303203800820059,0.6303203800820059,0.6303203800820059,0.6308730064410139,0.6308730064410139,0.6308730064410139,0.6311127675801624,0.6311127675801624,0.6311127675801624,0.6312418931822342,0.6312418931822342,0.6312418931822342,0.6318283635833817,0.6318283635833817,0.6318283635833817,0.6319548430952733,0.6319548430952733,0.6319548430952733,0.6322002059726561,0.6322002059726561,0.6322002059726561,0.6324996245440478,0.6324996245440478,0.6324996245440478,0.6326780689712602,0.6326780689712602,0.6326780689712602,0.6329605037680704,0.6329605037680704,0.6329605037680704,0.633116453880332,0.633116453880332,0.633116453880332,0.633215268795599,0.633215268795599,0.633215268795599,0.6335074779597215,0.6335074779597215,0.6335074779597215,0.6336116494589338,0.6336116494589338,0.6336116494589338,0.6337718706957371,0.6337718706957371,0.6337718706957371,0.6340411661265554,0.6340411661265554,0.6340411661265554,0.634136437420064,0.634136437420064,0.634136437420064,0.6343289439738623,0.6343289439738623,0.6343289439738623,0.6345145075235208,0.6345145075235208,0.6345145075235208,0.6347257020832701,0.6347257020832701,0.6347257020832701,0.6350671864453832,0.6350671864453832,0.6350671864453832,0.6355573008285633,0.6355573008285633,0.6355573008285633,0.6357183517703817,0.6357183517703817,0.6357183517703817,0.6357867836554275,0.6357867836554275,0.6357867836554275,0.63596854418888,0.63596854418888,0.63596854418888,0.6361251764361541,0.6361251764361541,0.6361251764361541,0.636225641407165,0.636225641407165,0.636225641407165,0.6363529343252943,0.6363529343252943,0.6363529343252943,0.6364924561540045,0.6364924561540045,0.6364924561540045,0.6367262266857036,0.6367262266857036,0.6367262266857036,0.6368680492546659,0.6368680492546659,0.6368680492546659,0.6370521760614798,0.6370521760614798,0.6370521760614798,0.6371427787907193,0.6371427787907193,0.6371427787907193,0.6372795047868346,0.6372795047868346,0.6372795047868346,0.637462168440141,0.637462168440141,0.637462168440141,0.6375207043089672,0.6375207043089672,0.6375207043089672,0.6376153400807936,0.6376153400807936,0.6376153400807936,0.6378764596506332,0.6378764596506332,0.6378764596506332,0.6379188022549143,0.6379188022549143,0.6379188022549143,0.6380131301682991,0.6380131301682991,0.6380131301682991,0.6380659943072563,0.6380659943072563,0.6380659943072563,0.6381611101468861,0.6381611101468861,0.6381611101468861,0.6383122150388192,0.6383122150388192,0.6383122150388192,0.6383841840223222,0.6383841840223222,0.6383841840223222,0.6384218885095758,0.6384218885095758,0.6384218885095758,0.6385089845600429,0.6385089845600429,0.6385089845600429,0.6385515207139592,0.6385515207139592,0.6385515207139592,0.6386083601866802,0.6386083601866802,
0.013625904225017194,0.013625904225017194,0.013625904225017194,0.02397638658192113,0.02397638658192113,0.02397638658192113,0.046793267899378065,0.046793267899378065,0.046793267899378065,0.06971451713388076,0.06971451713388076,0.06971451713388076,0.11619703451631258,0.11619703451631258,0.11619703451631258,0.16114439288771373,0.16114439288771373,0.16114439288771373,0.1720604617843658,0.1720604617843658,0.1720604617843658,0.2451006576833304,0.2451006576833304,0.2451006576833304,0.25476801850452974,0.25476801850452974,0.25476801850452974,0.2774588199152435,0.2774588199152435,0.2774588199152435,0.29424990417140395,0.29424990417140395,0.29424990417140395,0.33138522074511606,0.33138522074511606,0.33138522074511606,0.339825085691294,0.339825085691294,0.339825085691294,0.3614602030655323,0.3614602030655323,0.3614602030655323,0.3792856232129938,0.3792856232129938,0.3792856232129938,0.3985356526423506,0.3985356526423506,0.3985356526423506,0.40901745887912394,0.40901745887912394,0.40901745887912394,0.4257147087223453,0.4257147087223453,0.4257147087223453,0.4333090604344884,0.4333090604344884,0.4333090604344884,0.4419490324631204,0.4419490324631204,0.4419490324631204,0.4554853409157065,0.4554853409157065,0.4554853409157065,0.46416165247387847,0.46416165247387847,0.46416165247387847,0.47340733424688763,0.47340733424688763,0.47340733424688763,0.47841701134514497,0.47841701134514497,0.47841701134514497,0.4906156197704218,0.4906156197704218,0.4906156197704218,0.5006616205910578,0.5006616205910578,0.5006616205910578,0.5048896243489396,0.5048896243489396,0.5048896243489396,0.5156698570815927,0.5156698570815927,0.5156698570815927,0.5210250689080332,0.5210250689080332,0.5210250689080332,0.5232574577224651,0.5232574577224651,0.5232574577224651,0.5263439507198961,0.5263439507198961,0.5263439507198961,0.5291196248790927,0.5291196248790927,0.5291196248790927,0.5326848780167479,0.5326848780167479,0.5326848780167479,0.5373433804489164,0.5373433804489164,0.5373433804489164,0.5405047823648874,0.5405047823648874,0.5405047823648874,0.5445062852185112,0.5445062852185112,0.5445062852185112,0.5467156954197371,0.5467156954197371,0.5467156954197371,0.5495272131811536,0.5495272131811536,0.5495272131811536,0.5549816218850836,0.5549816218850836,0.5549816218850836,0.5593883236551912,0.5593883236551912,0.5593883236551912,0.5633194700352034,0.5633194700352034,0.5633194700352034,0.565268280085094,0.565268280085094,0.565268280085094,0.5673712539703325,0.5673712539703325,0.5673712539703325,0.5691202969187615,0.5691202969187615,0.5691202969187615,0.5714596236285048,0.5714596236285048,0.5714596236285048,0.5736915126939579,0.5736915126939579,0.5736915126939579,0.5752875699021426,0.5752875699021426,0.5752875699021426,0.5769731937549649,0.5769731937549649,0.5769731937549649,0.5774799192535077,0.5774799192535077,0.5774799192535077,0.579583941329833,0.579583941329833,0.579583941329833,0.5819850708057391,0.5819850708057391,0.5819850708057391,0.5830525081648499,0.5830525081648499,0.5830525081648499,0.585871705322642,0.585871705322642,0.585871705322642,0.5872122083424902,0.5872122083424902,0.5872122083424902,0.5883513701457631,0.5883513701457631,0.5883513701457631,0.5888665614424302,0.5888665614424302,0.5888665614424302,0.5898624258367933,0.5898624258367933,0.5898624258367933,0.5908508253294336,0.5908508253294336,0.5908508253294336,0.5921182331706001,0.5921182331706001,0.5921182331706001,0.5925383269496451,0.5925383269496451,0.5925383269496451,0.5946304401466306,0.5946304401466306,0.5946304401466306,0.5951758451631481,0.5951758451631481,0.5951758451631481,0.5958613140051939,0.5958613140051939,0.5958613140051939,0.5966287910152271,0.5966287910152271,0.5966287910152271,0.597507172996285,0.597507172996285,0.597507172996285,0.5989753189524826,0.5989753189524826,0.5989753189524826,0.6019560300777514,0.6019560300777514,0.6019560300777514,0.6026431516539851,0.6026431516539851,0.6026431516539851,0.6032080387706206,0.6032080387706206,0.6032080387706206,0.6037800374144157,0.6037800374144157,0.6037800374144157,0.6043989134996041,0.6043989134996041,0.6043989134996041,0.6047258652159039,0.6047258652159039,0.6047258652159039,0.6054603944077432,0.6054603944077432,0.6054603944077432,0.6066557218194075,0.6066557218194075,0.6066557218194075,0.6076727162738194,0.6076727162738194,0.6076727162738194,0.6082672089465436,0.6082672089465436,0.6082672089465436,0.6091224160784015,0.6091224160784015,0.6091224160784015,0.609698464548,0.609698464548,0.609698464548,0.6101608654955306,0.6101608654955306,0.6101608654955306,0.6106498484427655,0.6106498484427655,0.6106498484427655,0.6111295122156079,0.6111295122156079,0.6111295122156079,0.6124131659161928,0.6124131659161928,0.6124131659161928,0.6130617170768834,0.6130617170768834,0.6130617170768834,0.6134624878566816,0.6134624878566816,0.6134624878566816,0.6141109949490058,0.6141109949490058,0.6141109949490058,0.6153107853201669,0.6153107853201669,0.6153107853201669,0.6157634160830523,0.6157634160830523,0.6157634160830523,0.6161407157260006,0.6161407157260006,0.6161407157260006,0.6166096927799631,0.6166096927799631,0.6166096927799631,0.6175655461298428,0.6175655461298428,0.6175655461298428,0.6177783113004421,0.6177783113004421,0.6177783113004421,0.618416529596633,0.618416529596633,0.618416529596633,0.6187589109231401,0.6187589109231401,0.6187589109231401,0.6193758982747279,0.6193758982747279,0.6193758982747279,0.6199809598134016,0.6199809598134016,0.6199809598134016,0.6203139317462225,0.6203139317462225,0.6203139317462225,0.6208570047312981,0.6208570047312981,0.6208570047312981,0.6210050124258127,0.6210050124258127,0.6210050124258127,0.6214238309733735,0.6214238309733735,0.6214238309733735,0.6217479619851919,0.6217479619851919,0.6217479619851919,0.6220154881053088,0.6220154881053088,0.6220154881053088,0.622481923610556,0.622481923610556,0.622481923610556,0.622620994869506,0.622620994869506,0.622620994869506,0.6231424715803757,0.6231424715803757,0.6231424715803757,0.6236544330490759,0.6236544330490759,0.6236544330490759,0.6240436131036228,0.6240436131036228,0.6240436131036228,0.624194387132766,0.624194387132766,0.624194387132766,0.6245186893287084,0.6245186893287084,0.6245186893287084,0.6253671245636901,0.6253671245636901,0.6253671245636901,0.625581803115544,0.625581803115544,0.625581803115544,0.6260944370412335,0.6260944370412335,0.6260944370412335,0.6263967870143156,0.6263967870143156,0.6263967870143156,0.6265475841626372,0.6265475841626372,0.6265475841626372,0.6269641043047054,0.6269641043047054,0.6269641043047054,0.6272832229048135,0.6272832229048135,0.6272832229048135,0.6277752523710611,0.6277752523710611,0.6277752523710611,0.6282977326308236,0.6282977326308236,0.6282977326308236,0.6286172245688595,0.6286172245688595,0.6286172245688595,0.6288556803900643,0.6288556803900643,0.6288556803900643,0.6292767892965971,0.6292767892965971,0.6292767892965971,0.6296568099548884,0.6296568099548884,0.6296568099548884,0.6299014323716366,0.6299014323716366,0.6299014323716366,0.6305935734976675,0.6305935734976675,0.6305935734976675,0.6309938944294385,0.6309938944294385,0.6309938944294385,0.6310658659393023,0.6310658659393023,0.6310658659393023,0.6316242543914333,0.6316242543914333,0.6316242543914333,0.6317930059756087,0.6317930059756087,0.6317930059756087,0.631975020805045,0.631975020805045,0.631975020805045,0.6324314019211654,0.6324314019211654,0.6324314019211654,0.6325893120704077,0.6325893120704077,0.6325893120704077,0.633066408734817,0.633066408734817,0.633066408734817,0.6337093144232835,0.6337093144232835,0.6337093144232835,0.6338513439435471,0.6338513439435471,0.6338513439435471,0.63392221967313,0.63392221967313,0.63392221967313,0.6340122098491114,0.6340122098491114,0.6340122098491114,0.6341084522267656,0.6341084522267656,0.6341084522267656,0.6343218973042442,0.6343218973042442,0.6343218973042442,0.6344162479168592,0.6344162479168592,0.6344162479168592,0.6345710583732791,0.6345710583732791,0.6345710583732791,0.6347899315978331,0.6347899315978331,0.6347899315978331,0.6349259672342188,0.6349259672342188,0.6349259672342188,0.6350844331554627,0.6350844331554627,0.6350844331554627,0.6352996734962127,0.6352996734962127,0.6352996734962127,0.635687489552978,0.635687489552978,0.635687489552978,0.6358005010012617,0.6358005010012617,0.6358005010012617,0.63622957512645,0.63622957512645,0.63622957512645,0.6363563519526596,0.6363563519526596,0.6363563519526596,0.6370092260465731,0.6370092260465731,0.6370092260465731,0.6372760985498581,0.6372760985498581,0.6372760985498581,0.6373925954909425,0.6373925954909425,0.6373925954909425,0.637556734028686,0.637556734028686,0.637556734028686,0.6380158122356824,0.6380158122356824,0.6380158122356824,0.6381627539644686,0.6381627539644686,0.6381627539644686,0.6382770144403515,0.6382770144403515,0.6382770144403515,0.6385106972440185,0.6385106972440185,0.6385106972440185,0.6386527608149979,0.6386527608149979,0.6386527608149979,0.6388303110819143,0.6388303110819143,0.6388303110819143,0.6389131459246663,0.6389131459246663,0.6389131459246663,0.6391125146055512,0.6391125146055512,0.6391125146055512,0.6392895888385258,0.6392895888385258,0.6392895888385258,0.639350296094662,0.639350296094662,0.639350296094662,0.6394044528894436,0.6394044528894436,0.6394044528894436,0.6395157856135021,0.6395157856135021,0.6395157856135021,0.6396139867299792,0.6396139867299792,0.6396139867299792,0.6397441005796536,0.6397441005796536,0.6397441005796536,0.6398331567537764,0.6398331567537764,0.6398331567537764,0.6398633965536874,0.6398633965536874,
0.06333889998355954,0.06333889998355954,0.06333889998355954,0.08689095327039092,0.08689095327039092,0.08689095327039092,0.11223746156851996,0.11223746156851996,0.11223746156851996,0.14678498884577942,0.14678498884577942,0.14678498884577942,0.17370080414068986,0.17370080414068986,0.17370080414068986,0.18408623892485454,0.18408623892485454,0.18408623892485454,0.21137251559139036,0.21137251559139036,0.21137251559139036,0.22860996486734528,0.22860996486734528,0.22860996486734528,0.2643182033815348,0.2643182033815348,0.2643182033815348,0.30162220036466747,0.30162220036466747,0.30162220036466747,0.32440279968499663,0.32440279968499663,0.32440279968499663,0.3371137368492966,0.3371137368492966,0.3371137368492966,0.3627004591502149,0.3627004591502149,0.3627004591502149,0.3745785448467593,0.3745785448467593,0.3745785448467593,0.39087463946831563,0.39087463946831563,0.39087463946831563,0.4026752984570175,0.4026752984570175,0.4026752984570175,0.4248249539393218,0.4248249539393218,0.4248249539393218,0.4389919951036463,0.4389919951036463,0.4389919951036463,0.4513122820706541,0.4513122820706541,0.4513122820706541,0.45774531560999737,0.45774531560999737,0.45774531560999737,0.4644397164897888,0.4644397164897888,0.4644397164897888,0.47219562791070085,0.47219562791070085,0.47219562791070085,0.48343996730155814,0.48343996730155814,0.48343996730155814,0.49167752575600854,0.49167752575600854,0.49167752575600854,0.4973633034319725,0.4973633034319725,0.4973633034319725,0.5056294727891069,0.5056294727891069,0.5056294727891069,0.5101992360383367,0.5101992360383367,0.5101992360383367,0.5156699298777452,0.5156699298777452,0.5156699298777452,0.5201975772083925,0.5201975772083925,0.5201975772083925,0.5242509313703853,0.5242509313703853,0.5242509313703853,0.5284969496100274,0.5284969496100274,0.5284969496100274,0.5322364276833295,0.5322364276833295,0.5322364276833295,0.5357640606181098,0.5357640606181098,0.5357640606181098,0.5393043241060356,0.5393043241060356,0.5393043241060356,0.5427160026679047,0.5427160026679047,0.5427160026679047,0.5478414620462236,0.5478414620462236,0.5478414620462236,0.55051690215222,0.55051690215222,0.55051690215222,0.5535598475912101,0.5535598475912101,0.5535598475912101,0.5571426617214459,0.5571426617214459,0.5571426617214459,0.5602711220915625,0.5602711220915625,0.5602711220915625,0.5626322514521142,0.5626322514521142,0.5626322514521142,0.5658848528063338,0.5658848528063338,0.5658848528063338,0.5686036976952793,0.5686036976952793,0.5686036976952793,0.5707587248661905,0.5707587248661905,0.5707587248661905,0.5730268722235098,0.5730268722235098,0.5730268722235098,0.575031225829579,0.575031225829579,0.575031225829579,0.5772353033032509,0.5772353033032509,0.5772353033032509,0.5792136524005781,0.5792136524005781,0.5792136524005781,0.5811737385941913,0.5811737385941913,0.5811737385941913,0.5825121173563983,0.5825121173563983,0.5825121173563983,0.5848541597631851,0.5848541597631851,0.5848541597631851,0.5856288307637623,0.5856288307637623,0.5856288307637623,0.5878465179516946,0.5878465179516946,0.5878465179516946,0.5893230962107328,0.5893230962107328,0.5893230962107328,0.5918364465305376,0.5918364465305376,0.5918364465305376,0.5935988576119005,0.5935988576119005,0.5935988576119005,0.5950587730670882,0.5950587730670882,0.5950587730670882,0.5960020171359979,0.5960020171359979,0.5960020171359979,0.5967018451146006,0.5967018451146006,0.5967018451146006,0.5977619032733499,0.5977619032733499,0.5977619032733499,0.5989443657875435,0.5989443657875435,0.5989443657875435,0.599791179359927,0.599791179359927,0.599791179359927,0.6008860131769509,0.6008860131769509,0.6008860131769509,0.601591381749522,0.601591381749522,0.601591381749522,0.6026608032816052,0.6026608032816052,0.6026608032816052,0.6034822304194142,0.6034822304194142,0.6034822304194142,0.6041077481146176,0.6041077481146176,0.6041077481146176,0.6052359328105905,0.6052359328105905,0.6052359328105905,0.6057328782236868,0.6057328782236868,0.6057328782236868,0.606141632318675,0.606141632318675,0.606141632318675,0.6067673493979763,0.6067673493979763,0.6067673493979763,0.6072791797763085,0.6072791797763085,0.6072791797763085,0.6078882166705817,0.6078882166705817,0.6078882166705817,0.6088171448033469,0.6088171448033469,0.6088171448033469,0.6091704624990095,0.6091704624990095,0.6091704624990095,0.609630954288334,0.609630954288334,0.609630954288334,0.6101921815776784,0.6101921815776784,0.6101921815776784,0.6109106544554184,0.6109106544554184,0.6109106544554184,0.6117417271403749,0.6117417271403749,0.6117417271403749,0.6120632710194136,0.6120632710194136,0.6120632710194136,0.6125788597768285,0.6125788597768285,0.6125788597768285,0.6129047237423971,0.6129047237423971,0.6129047237423971,0.6132411364423066,0.6132411364423066,0.6132411364423066,0.6136720915050242,0.6136720915050242,0.6136720915050242,0.6141106215984048,0.6141106215984048,0.6141106215984048,0.6145198733172472,0.6145198733172472,0.6145198733172472,0.6149104388647517,0.6149104388647517,0.6149104388647517,0.6150914885324598,0.6150914885324598,0.6150914885324598,0.6153818543931169,0.6153818543931169,0.6153818543931169,0.6158381430097583,0.6158381430097583,0.6158381430097583,0.616161502406362,0.616161502406362,0.616161502406362,0.6165758248555783,0.6165758248555783,0.6165758248555783,0.6173421732470964,0.6173421732470964,0.6173421732470964,0.6177420620871532,0.6177420620871532,0.6177420620871532,0.6181118688513034,0.6181118688513034,0.6181118688513034,0.6184580889303363,0.6184580889303363,0.6184580889303363,0.6188306205830868,0.6188306205830868,0.6188306205830868,0.619164437426133,0.619164437426133,0.619164437426133,0.6194397381783391,0.6194397381783391,0.6194397381783391,0.6196309491613259,0.6196309491613259,0.6196309491613259,0.6198315013460775,0.6198315013460775,0.6198315013460775,0.6200513098998187,0.6200513098998187,0.6200513098998187,0.6203307478643478,0.6203307478643478,0.6203307478643478,0.6210211910190037,0.6210211910190037,0.6210211910190037,0.6211686175947819,0.6211686175947819,0.6211686175947819,0.6213628832968419,0.6213628832968419,0.6213628832968419,0.6214928880519356,0.6214928880519356,0.6214928880519356,0.6216784358440508,0.6216784358440508,0.6216784358440508,0.6221868026224597,0.6221868026224597,0.6221868026224597,0.6225976730804047,0.6225976730804047,0.6225976730804047,0.6229321373880559,0.6229321373880559,0.6229321373880559,0.6232405116185699,0.6232405116185699,0.6232405116185699,0.6235367502885506,0.6235367502885506,0.6235367502885506,0.6237213053554367,0.6237213053554367,0.6237213053554367,0.6241615633998053,0.6241615633998053,0.6241615633998053,0.6246464362244399,0.6246464362244399,0.6246464362244399,0.6250100322997643,0.6250100322997643,0.6250100322997643,0.6253565115417338,0.6253565115417338,0.6253565115417338,0.625703965184592,0.625703965184592,0.625703965184592,0.6258788057093058,0.6258788057093058,0.6258788057093058,0.6265441577326586,0.6265441577326586,0.6265441577326586,0.6267985433865202,0.6267985433865202,0.6267985433865202,0.6270424347892556,0.6270424347892556,0.6270424347892556,0.6272974743803951,0.6272974743803951,0.6272974743803951,0.6275887530892523,0.6275887530892523,0.6275887530892523,0.6277766434449177,0.6277766434449177,0.6277766434449177,0.6278765304082545,0.6278765304082545,0.6278765304082545,0.628112817494933,0.628112817494933,0.628112817494933,0.6284055075595217,0.6284055075595217,0.6284055075595217,0.628625010834081,0.628625010834081,0.628625010834081,0.6288610567557451,0.6288610567557451,0.6288610567557451,0.6289801624096557,0.6289801624096557,0.6289801624096557,0.6290922402944118,0.6290922402944118,0.6290922402944118,0.6297462489931733,0.6297462489931733,0.6297462489931733,0.6300297990006809,0.6300297990006809,0.6300297990006809,0.6303292566354378,0.6303292566354378,0.6303292566354378,0.6304702606582233,0.6304702606582233,0.6304702606582233,0.6305614587998625,0.6305614587998625,0.6305614587998625,0.6307374214926708,0.6307374214926708,0.6307374214926708,0.630932073262388,0.630932073262388,0.630932073262388,0.6312728921023179,0.6312728921023179,0.6312728921023179,0.6315618447381122,0.6315618447381122,0.6315618447381122,0.6317079769413745,0.6317079769413745,0.6317079769413745,0.6318205670104793,0.6318205670104793,0.6318205670104793,0.632048467724059,0.632048467724059,0.632048467724059,0.6321591483847749,0.6321591483847749,0.6321591483847749,0.6324431185355083,0.6324431185355083,0.6324431185355083,0.6325099771341886,0.6325099771341886,0.6325099771341886,0.632641669251439,0.632641669251439,0.632641669251439,0.632693700074897,0.632693700074897,0.632693700074897,0.6327401099597123,0.6327401099597123,0.6327401099597123,0.6328835010871221,0.6328835010871221,0.6328835010871221,0.6330692009115791,0.6330692009115791,0.6330692009115791,0.6332050608045051,0.6332050608045051,0.6332050608045051,0.6332465014384475,0.6332465014384475,0.6332465014384475,0.633485000817299,0.633485000817299,0.633485000817299,0.6336265240817847,0.6336265240817847,0.6336265240817847,0.6337382863950348,0.6337382863950348,0.6337382863950348,0.6339040484771776,0.6339040484771776,0.6339040484771776,0.6340214711104902,0.6340214711104902,0.6340214711104902,0.6341054359210453,0.6341054359210453,0.6341054359210453,0.6342032187018671,0.6342032187018671,0.6342032187018671,0.6343972918657749,0.6343972918657749,0.6343972918657749,0.6345306679256976,0.6345306679256976,0.6345306679256976,0.6346065898640828,0.6346065898640828,0.6346065898640828,0.6347649561346395,0.6347649561346395,0.6347649561346395,0.6348095018090113,0.6348095018090113,
0.03750057161775054,0.03750057161775054,0.03750057161775054,0.03750057161775054,0.03750057161775054,0.03750057161775054,0.061178656170148386,0.061178656170148386,0.061178656170148386,0.1376046095252574,0.1376046095252574,0.1376046095252574,0.15538639897984233,0.15538639897984233,0.15538639897984233,0.18891391798642707,0.18891391798642707,0.18891391798642707,0.2231715282670494,0.2231715282670494,0.2231715282670494,0.23256942943545197,0.23256942943545197,0.23256942943545197,0.24855035142767914,0.24855035142767914,0.24855035142767914,0.2726125910388489,0.2726125910388489,0.2726125910388489,0.29873215315856877,0.29873215315856877,0.29873215315856877,0.3182036260405979,0.3182036260405979,0.3182036260405979,0.34480102881726343,0.34480102881726343,0.34480102881726343,0.3589892163913353,0.3589892163913353,0.3589892163913353,0.36908965668773314,0.36908965668773314,0.36908965668773314,0.38397100150269164,0.38397100150269164,0.38397100150269164,0.40431827955531885,0.40431827955531885,0.40431827955531885,0.41463032629695484,0.41463032629695484,0.41463032629695484,0.4309028698562828,0.4309028698562828,0.4309028698562828,0.4445818705139733,0.4445818705139733,0.4445818705139733,0.4490127138823518,0.4490127138823518,0.4490127138823518,0.46429286469613357,0.46429286469613357,0.46429286469613357,0.47077555990754666,0.47077555990754666,0.47077555990754666,0.47805857065030605,0.47805857065030605,0.47805857065030605,0.48194174844552284,0.48194174844552284,0.48194174844552284,0.4861637978613494,0.4861637978613494,0.4861637978613494,0.4956340019405369,0.4956340019405369,0.4956340019405369,0.5005250907903565,0.5005250907903565,0.5005250907903565,0.5037977274453947,0.5037977274453947,0.5037977274453947,0.5073422558419378,0.5073422558419378,0.5073422558419378,0.5153556710357367,0.5153556710357367,0.5153556710357367,0.5187877230282144,0.5187877230282144,0.5187877230282144,0.523796175027271,0.523796175027271,0.523796175027271,0.5334068910627627,0.5334068910627627,0.5334068910627627,0.5375377148760334,0.5375377148760334,0.5375377148760334,0.5388099497798591,0.5388099497798591,0.5388099497798591,0.5417412939087297,0.5417412939087297,0.5417412939087297,0.5470193820985878,0.5470193820985878,0.5470193820985878,0.5502315147619665,0.5502315147619665,0.5502315147619665,0.5560482337348431,0.5560482337348431,0.5560482337348431,0.5609808227645838,0.5609808227645838,0.5609808227645838,0.563875880915967,0.563875880915967,0.563875880915967,0.5674251810662491,0.5674251810662491,0.5674251810662491,0.5736452967769432,0.5736452967769432,0.5736452967769432,0.5755933245203215,0.5755933245203215,0.5755933245203215,0.5782770972817025,0.5782770972817025,0.5782770972817025,0.5800441435043256,0.5800441435043256,0.5800441435043256,0.5814363699617994,0.5814363699617994,0.5814363699617994,0.584432938135599,0.584432938135599,0.584432938135599,0.5860285974738927,0.5860285974738927,0.5860285974738927,0.5878516537914796,0.5878516537914796,0.5878516537914796,0.5896954512745614,0.5896954512745614,0.5896954512745614,0.5906086243346556,0.5906086243346556,0.5906086243346556,0.5918679136788652,0.5918679136788652,0.5918679136788652,0.5926297604664634,0.5926297604664634,0.5926297604664634,0.5937097164663394,0.5937097164663394,0.5937097164663394,0.5947977012398005,0.5947977012398005,0.5947977012398005,0.5951235019443764,0.5951235019443764,0.5951235019443764,0.597334917574137,0.597334917574137,0.597334917574137,0.598627985040259,0.598627985040259,0.598627985040259,0.5997381665305085,0.5997381665305085,0.5997381665305085,0.6011077261738625,0.6011077261738625,0.6011077261738625,0.6017014737670768,0.6017014737670768,0.6017014737670768,0.602698560400117,0.602698560400117,0.602698560400117,0.6036969467155768,0.6036969467155768,0.6036969467155768,0.6045241691815894,0.6045241691815894,0.6045241691815894,0.6054431378069439,0.6054431378069439,0.6054431378069439,0.6060197797616343,0.6060197797616343,0.6060197797616343,0.6068203687594481,0.6068203687594481,0.6068203687594481,0.6077673011897838,0.6077673011897838,0.6077673011897838,0.608369471558207,0.608369471558207,0.608369471558207,0.6098185140675797,0.6098185140675797,0.6098185140675797,0.610944787988216,0.610944787988216,0.610944787988216,0.6116121742977769,0.6116121742977769,0.6116121742977769,0.6120698278229088,0.6120698278229088,0.6120698278229088,0.6128674291944965,0.6128674291944965,0.6128674291944965,0.6133166092621065,0.6133166092621065,0.6133166092621065,0.6139621195014177,0.6139621195014177,0.6139621195014177,0.6143793585554786,0.6143793585554786,0.6143793585554786,0.6148192716568665,0.6148192716568665,0.6148192716568665,0.6150368879402472,0.6150368879402472,0.6150368879402472,0.6154847910397823,0.6154847910397823,0.6154847910397823,0.6159767671917601,0.6159767671917601,0.6159767671917601,0.61634948953927,0.61634948953927,0.61634948953927,0.6168171531042665,0.6168171531042665,0.6168171531042665,0.6176871088898316,0.6176871088898316,0.6176871088898316,0.6184700398863356,0.6184700398863356,0.6184700398863356,0.6190222640198811,0.6190222640198811,0.6190222640198811,0.6193506057301998,0.6193506057301998,0.6193506057301998,0.6198357295938055,0.6198357295938055,0.6198357295938055,0.6201311961744593,0.6201311961744593,0.6201311961744593,0.6208754068840158,0.6208754068840158,0.6208754068840158,0.6214342159593931,0.6214342159593931,0.6214342159593931,0.6219539748648168,0.6219539748648168,0.6219539748648168,0.622529536744939,0.622529536744939,0.622529536744939,0.6227744262644265,0.6227744262644265,0.6227744262644265,0.6232042935435733,0.6232042935435733,0.6232042935435733,0.6235250508632931,0.6235250508632931,0.6235250508632931,0.6239164606259807,0.6239164606259807,0.6239164606259807,0.6242558816930004,0.6242558816930004,0.6242558816930004,0.6245564462472386,0.6245564462472386,0.6245564462472386,0.624781836538947,0.624781836538947,0.624781836538947,0.6252067575579638,0.6252067575579638,0.6252067575579638,0.6254595718667679,0.6254595718667679,0.6254595718667679,0.6260402179912078,0.6260402179912078,0.6260402179912078,0.6261689441911427,0.6261689441911427,0.6261689441911427,0.6265310130148091,0.6265310130148091,0.6265310130148091,0.6272496373894637,0.6272496373894637,0.6272496373894637,0.6277110749912859,0.6277110749912859,0.6277110749912859,0.6279186610816988,0.6279186610816988,0.6279186610816988,0.6283008455183271,0.6283008455183271,0.6283008455183271,0.6286525644136558,0.6286525644136558,0.6286525644136558,0.6289020760346911,0.6289020760346911,0.6289020760346911,0.6292496482274237,0.6292496482274237,0.6292496482274237,0.6295847056743058,0.6295847056743058,0.6295847056743058,0.6297955691270551,0.6297955691270551,0.6297955691270551,0.6300133118127068,0.6300133118127068,0.6300133118127068,0.6301612578957358,0.6301612578957358,0.6301612578957358,0.6303322439379602,0.6303322439379602,0.6303322439379602,0.6308792677344541,0.6308792677344541,0.6308792677344541,0.6312128385090449,0.6312128385090449,0.6312128385090449,0.6313815915035556,0.6313815915035556,0.6313815915035556,0.6315115296550036,0.6315115296550036,0.6315115296550036,0.6317706197712755,0.6317706197712755,0.6317706197712755,0.6320384593799957,0.6320384593799957,0.6320384593799957,0.6322265605239599,0.6322265605239599,0.6322265605239599,0.6324532944495495,0.6324532944495495,0.6324532944495495,0.6326720297127681,0.6326720297127681,0.6326720297127681,0.6330912685757286,0.6330912685757286,0.6330912685757286,0.6332882815294384,0.6332882815294384,0.6332882815294384,0.6334476931337543,0.6334476931337543,0.6334476931337543,0.6336150778159987,0.6336150778159987,0.6336150778159987,0.6339115139434528,0.6339115139434528,0.6339115139434528,0.634055919648138,0.634055919648138,0.634055919648138,0.6340974263298288,0.6340974263298288,0.6340974263298288,0.6341868902375446,0.6341868902375446,0.6341868902375446,0.6343825522750939,0.6343825522750939,0.6343825522750939,0.6346330587755856,0.6346330587755856,0.6346330587755856,0.6347503086207955,0.6347503086207955,0.6347503086207955,0.6351192823547177,0.6351192823547177,0.6351192823547177,0.6352890759371519,0.6352890759371519,0.6352890759371519,0.6353994397469243,0.6353994397469243,0.6353994397469243,0.635542188109399,0.635542188109399,0.635542188109399,0.6356403289252934,0.6356403289252934,0.6356403289252934,0.6359740330741467,0.6359740330741467,0.6359740330741467,0.636266323282133,0.636266323282133,0.636266323282133,0.6364536542649661,0.6364536542649661,0.6364536542649661,0.6365964867962248,0.6365964867962248,0.6365964867962248,0.6367359190642405,0.6367359190642405,0.6367359190642405,0.6369217406092568,0.6369217406092568,0.6369217406092568,0.6370393848345803,0.6370393848345803,0.6370393848345803,0.6372027255089975,0.6372027255089975,0.6372027255089975,0.6372995937008217,0.6372995937008217,0.6372995937008217,0.6374808352316823,0.6374808352316823,0.6374808352316823,0.6375669696279573,0.6375669696279573,0.6375669696279573,0.6377310917814789,0.6377310917814789,0.6377310917814789,0.6379778402296505,0.6379778402296505,0.6379778402296505,0.6380457633114974,0.6380457633114974,0.6380457633114974,0.638256327974612,0.638256327974612,0.638256327974612,0.6384042046936731,0.6384042046936731,0.6384042046936731,0.6386222427258738,0.6386222427258738,0.6386222427258738,0.6387731482923521,0.6387731482923521,0.6387731482923521,0.6391091720075593,0.6391091720075593,0.6391091720075593,0.6392181274073004,0.6392181274073004,0.6392181274073004,0.639303627865137,0.639303627865137,0.639303627865137,0.6394485951349166,0.6394485951349166,0.6394485951349166,0.6395108185932484,0.6395108185932484,
0.027509801275592567,0.027509801275592567,0.027509801275592567,0.035858016719226296,0.035858016719226296,0.035858016719226296,0.0734245071908544,0.0734245071908544,0.0734245071908544,0.09836565219877978,0.09836565219877978,0.09836565219877978,0.15507415574527206,0.15507415574527206,0.15507415574527206,0.1667270574515858,0.1667270574515858,0.1667270574515858,0.1915572181061827,0.1915572181061827,0.1915572181061827,0.22282774727472648,0.22282774727472648,0.22282774727472648,0.2469218163618654,0.2469218163618654,0.2469218163618654,0.27851635876508213,0.27851635876508213,0.27851635876508213,0.29335860465300023,0.29335860465300023,0.29335860465300023,0.32043614241513496,0.32043614241513496,0.32043614241513496,0.3522369382305384,0.3522369382305384,0.3522369382305384,0.3715417545610822,0.3715417545610822,0.3715417545610822,0.383675224721623,0.383675224721623,0.383675224721623,0.39749529046451537,0.39749529046451537,0.39749529046451537,0.4122659037240134,0.4122659037240134,0.4122659037240134,0.4184813213045072,0.4184813213045072,0.4184813213045072,0.43524629253044284,0.43524629253044284,0.43524629253044284,0.4446244951807574,0.4446244951807574,0.4446244951807574,0.452128426039817,0.452128426039817,0.452128426039817,0.4622977001277771,0.4622977001277771,0.4622977001277771,0.46846523165490866,0.46846523165490866,0.46846523165490866,0.4753253318111905,0.4753253318111905,0.4753253318111905,0.47914015875601756,0.47914015875601756,0.47914015875601756,0.4864232287062085,0.4864232287062085,0.4864232287062085,0.4922036406600665,0.4922036406600665,0.4922036406600665,0.4969451395310094,0.4969451395310094,0.4969451395310094,0.5056340056316442,0.5056340056316442,0.5056340056316442,0.5145311825526673,0.5145311825526673,0.5145311825526673,0.5181513885297974,0.5181513885297974,0.5181513885297974,0.5233482242532648,0.5233482242532648,0.5233482242532648,0.5301213840738241,0.5301213840738241,0.5301213840738241,0.5358741087980623,0.5358741087980623,0.5358741087980623,0.5392024353987163,0.5392024353987163,0.5392024353987163,0.5422862920399756,0.5422862920399756,0.5422862920399756,0.5460721777938653,0.5460721777938653,0.5460721777938653,0.5510058506731322,0.5510058506731322,0.5510058506731322,0.5551421011105531,0.5551421011105531,0.5551421011105531,0.5576945155848121,0.5576945155848121,0.5576945155848121,0.5606839654687118,0.5606839654687118,0.5606839654687118,0.5639309831167822,0.5639309831167822,0.5639309831167822,0.5654262530530827,0.5654262530530827,0.5654262530530827,0.5668226358902743,0.5668226358902743,0.5668226358902743,0.5693444917913996,0.5693444917913996,0.5693444917913996,0.569982108039041,0.569982108039041,0.569982108039041,0.5712039346274733,0.5712039346274733,0.5712039346274733,0.572791527964441,0.572791527964441,0.572791527964441,0.5743400683877441,0.5743400683877441,0.5743400683877441,0.5754449137917279,0.5754449137917279,0.5754449137917279,0.5790067150000962,0.5790067150000962,0.5790067150000962,0.5814720812609082,0.5814720812609082,0.5814720812609082,0.5826939533254126,0.5826939533254126,0.5826939533254126,0.5838275955166267,0.5838275955166267,0.5838275955166267,0.5853389025465199,0.5853389025465199,0.5853389025465199,0.5882451800562606,0.5882451800562606,0.5882451800562606,0.5894698243857242,0.5894698243857242,0.5894698243857242,0.5900095033125672,0.5900095033125672,0.5900095033125672,0.5915258829388317,0.5915258829388317,0.5915258829388317,0.5925653803685725,0.5925653803685725,0.5925653803685725,0.5960372706723812,0.5960372706723812,0.5960372706723812,0.5966238889832318,0.5966238889832318,0.5966238889832318,0.5980175005336762,0.5980175005336762,0.5980175005336762,0.5990743516633434,0.5990743516633434,0.5990743516633434,0.6001816001249808,0.6001816001249808,0.6001816001249808,0.6013413468876687,0.6013413468876687,0.6013413468876687,0.6020315182938165,0.6020315182938165,0.6020315182938165,0.6029231917033339,0.6029231917033339,0.6029231917033339,0.6036931337589849,0.6036931337589849,0.6036931337589849,0.6044467521972416,0.6044467521972416,0.6044467521972416,0.6051107384239841,0.6051107384239841,0.6051107384239841,0.6056879978582584,0.6056879978582584,0.6056879978582584,0.6063856947494352,0.6063856947494352,0.6063856947494352,0.6070402453539341,0.6070402453539341,0.6070402453539341,0.6077565593032508,0.6077565593032508,0.6077565593032508,0.6081035714049999,0.6081035714049999,0.6081035714049999,0.6087211850596572,0.6087211850596572,0.6087211850596572,0.609428138574447,0.609428138574447,0.609428138574447,0.6099781702230637,0.6099781702230637,0.6099781702230637,0.6103166477303732,0.6103166477303732,0.6103166477303732,0.6110762577946844,0.6110762577946844,0.6110762577946844,0.6113134210196711,0.6113134210196711,0.6113134210196711,0.6117724375061644,0.6117724375061644,0.6117724375061644,0.6122930650768664,0.6122930650768664,0.6122930650768664,0.6128726405284151,0.6128726405284151,0.6128726405284151,0.6131013502154218,0.6131013502154218,0.6131013502154218,0.613528671455021,0.613528671455021,0.613528671455021,0.6139429911804436,0.6139429911804436,0.6139429911804436,0.6147905652198195,0.6147905652198195,0.6147905652198195,0.6150881292109774,0.6150881292109774,0.6150881292109774,0.6155831198599717,0.6155831198599717,0.6155831198599717,0.6158114005863478,0.6158114005863478,0.6158114005863478,0.6162990417177445,0.6162990417177445,0.6162990417177445,0.6168571120305352,0.6168571120305352,0.6168571120305352,0.6176194287695722,0.6176194287695722,0.6176194287695722,0.6180879110247391,0.6180879110247391,0.6180879110247391,0.6184593040461825,0.6184593040461825,0.6184593040461825,0.6189878418458036,0.6189878418458036,0.6189878418458036,0.61953717779523,0.61953717779523,0.61953717779523,0.6203421536541273,0.6203421536541273,0.6203421536541273,0.6208583777506996,0.6208583777506996,0.6208583777506996,0.6211317348103331,0.6211317348103331,0.6211317348103331,0.6215890258680384,0.6215890258680384,0.6215890258680384,0.6217956699411469,0.6217956699411469,0.6217956699411469,0.6221484001907897,0.6221484001907897,0.6221484001907897,0.6226089213142355,0.6226089213142355,0.6226089213142355,0.6229452639732239,0.6229452639732239,0.6229452639732239,0.6240027050829001,0.6240027050829001,0.6240027050829001,0.6243001893488249,0.6243001893488249,0.6243001893488249,0.6245098473465567,0.6245098473465567,0.6245098473465567,0.624995080472254,0.624995080472254,0.624995080472254,0.6275684840085124,0.6275684840085124,0.6275684840085124,0.6278697467243665,0.6278697467243665,0.6278697467243665,0.6281375416076236,0.6281375416076236,0.6281375416076236,0.6283056405448826,0.6283056405448826,0.6283056405448826,0.6286425526355534,0.6286425526355534,0.6286425526355534,0.6291874850926231,0.6291874850926231,0.6291874850926231,0.6293915539602235,0.6293915539602235,0.6293915539602235,0.6296781995604155,0.6296781995604155,0.6296781995604155,0.6298811588454072,0.6298811588454072,0.6298811588454072,0.6301104734509632,0.6301104734509632,0.6301104734509632,0.6304763404216902,0.6304763404216902,0.6304763404216902,0.6310493105810449,0.6310493105810449,0.6310493105810449,0.63131781695759,0.63131781695759,0.63131781695759,0.6314535365438086,0.6314535365438086,0.6314535365438086,0.6317606214964328,0.6317606214964328,0.6317606214964328,0.6318842485597952,0.6318842485597952,0.6318842485597952,0.6319600121289833,0.6319600121289833,0.6319600121289833,0.6321698646438367,0.6321698646438367,0.6321698646438367,0.6323102780720249,0.6323102780720249,0.6323102780720249,0.6324237925218558,0.6324237925218558,0.6324237925218558,0.6325930266364705,0.6325930266364705,0.6325930266364705,0.6327991748129578,0.6327991748129578,0.6327991748129578,0.6329700517758615,0.6329700517758615,0.6329700517758615,0.6330557637203736,0.6330557637203736,0.6330557637203736,0.6332670133733385,0.6332670133733385,0.6332670133733385,0.633477126004014,0.633477126004014,0.633477126004014,0.6336467082581949,0.6336467082581949,0.6336467082581949,0.633835947851583,0.633835947851583,0.633835947851583,0.6341687815321521,0.6341687815321521,0.6341687815321521,0.6349177749707454,0.6349177749707454,0.6349177749707454,0.635007665854627,0.635007665854627,0.635007665854627,0.6350748572370652,0.6350748572370652,0.6350748572370652,0.6352358360615502,0.6352358360615502,0.6352358360615502,0.6353173934165782,0.6353173934165782,0.6353173934165782,0.635397966322508,0.635397966322508,0.635397966322508,0.6356047229167615,0.6356047229167615,0.6356047229167615,0.6357631046732989,0.6357631046732989,0.6357631046732989,0.635970879519163,0.635970879519163,0.635970879519163,0.6360642195583136,0.6360642195583136,0.6360642195583136,0.6361485071793077,0.6361485071793077,0.6361485071793077,0.6362300254427695,0.6362300254427695,0.6362300254427695,0.6363830015962174,0.6363830015962174,0.6363830015962174,0.6364349503672859,0.6364349503672859,0.6364349503672859,0.6365649218412521,0.6365649218412521,0.6365649218412521,0.6366637593873959,0.6366637593873959,0.6366637593873959,0.6367761901732003,0.6367761901732003,0.6367761901732003,0.636907320181193,0.636907320181193,0.636907320181193,0.6370481660390667,0.6370481660390667,0.6370481660390667,0.6371063429734339,0.6371063429734339,0.6371063429734339,0.6372115547930656,0.6372115547930656,0.6372115547930656,0.6377798783576426,0.6377798783576426,0.6377798783576426,0.6378828927990348,0.6378828927990348,0.6378828927990348,0.6379742793177308,0.6379742793177308,0.6379742793177308,0.6381283610891674,0.6381283610891674,0.6381283610891674,0.6382424543724963,0.6382424543724963,0.6382424543724963,0.6383611885636565,0.6383611885636565,
0.03038134082912778,0.03038134082912778,0.03038134082912778,0.047468275384185715,0.047468275384185715,0.047468275384185715,0.09482017674975121,0.09482017674975121,0.09482017674975121,0.133578746808717,0.133578746808717,0.133578746808717,0.1374517024426078,0.1374517024426078,0.1374517024426078,0.15793053113942399,0.15793053113942399,0.15793053113942399,0.17272154850413374,0.17272154850413374,0.17272154850413374,0.21570186869167152,0.21570186869167152,0.21570186869167152,0.2311776223924777,0.2311776223924777,0.2311776223924777,0.2604344622590567,0.2604344622590567,0.2604344622590567,0.2988272444150879,0.2988272444150879,0.2988272444150879,0.3294428762331688,0.3294428762331688,0.3294428762331688,0.3460687538973774,0.3460687538973774,0.3460687538973774,0.3544718158341636,0.3544718158341636,0.3544718158341636,0.3768998232855576,0.3768998232855576,0.3768998232855576,0.39754568175369415,0.39754568175369415,0.39754568175369415,0.4167371886980767,0.4167371886980767,0.4167371886980767,0.4281676439538394,0.4281676439538394,0.4281676439538394,0.44282411209280564,0.44282411209280564,0.44282411209280564,0.4581386787174694,0.4581386787174694,0.4581386787174694,0.46856468914843397,0.46856468914843397,0.46856468914843397,0.4819259948596367,0.4819259948596367,0.4819259948596367,0.4921623369073894,0.4921623369073894,0.4921623369073894,0.49697170397281004,0.49697170397281004,0.49697170397281004,0.5043714079467784,0.5043714079467784,0.5043714079467784,0.5084806270512978,0.5084806270512978,0.5084806270512978,0.5152509076457663,0.5152509076457663,0.5152509076457663,0.5198734408548377,0.5198734408548377,0.5198734408548377,0.5253979419329977,0.5253979419329977,0.5253979419329977,0.5307684858742893,0.5307684858742893,0.5307684858742893,0.5343007230281355,0.5343007230281355,0.5343007230281355,0.5401917471744975,0.5401917471744975,0.5401917471744975,0.5434663113123418,0.5434663113123418,0.5434663113123418,0.5466866646097855,0.5466866646097855,0.5466866646097855,0.5494778196782398,0.5494778196782398,0.5494778196782398,0.5524617183210292,0.5524617183210292,0.5524617183210292,0.5568194742283747,0.5568194742283747,0.5568194742283747,0.5606039119908189,0.5606039119908189,0.5606039119908189,0.5635128458082702,0.5635128458082702,0.5635128458082702,0.565818937957222,0.565818937957222,0.565818937957222,0.5678765022362969,0.5678765022362969,0.5678765022362969,0.5692221945363646,0.5692221945363646,0.5692221945363646,0.5718406678946916,0.5718406678946916,0.5718406678946916,0.5744219034159042,0.5744219034159042,0.5744219034159042,0.5765410612193032,0.5765410612193032,0.5765410612193032,0.5790620733057852,0.5790620733057852,0.5790620733057852,0.5812767940103203,0.5812767940103203,0.5812767940103203,0.5832360000467104,0.5832360000467104,0.5832360000467104,0.5847515687298867,0.5847515687298867,0.5847515687298867,0.5865955160014765,0.5865955160014765,0.5865955160014765,0.5890648899129758,0.5890648899129758,0.5890648899129758,0.5901847731417627,0.5901847731417627,0.5901847731417627,0.5917797653068871,0.5917797653068871,0.5917797653068871,0.5926035260374795,0.5926035260374795,0.5926035260374795,0.5937816782350469,0.5937816782350469,0.5937816782350469,0.5960163417703517,0.5960163417703517,0.5960163417703517,0.5971073984295069,0.5971073984295069,0.5971073984295069,0.5989757517650575,0.5989757517650575,0.5989757517650575,0.6011589765504295,0.6011589765504295,0.6011589765504295,0.6016425511729738,0.6016425511729738,0.6016425511729738,0.6023617068634093,0.6023617068634093,0.6023617068634093,0.6030348175720525,0.6030348175720525,0.6030348175720525,0.6051578337664965,0.6051578337664965,0.6051578337664965,0.6057627214197746,0.6057627214197746,0.6057627214197746,0.6072442219887335,0.6072442219887335,0.6072442219887335,0.6080502393610502,0.6080502393610502,0.6080502393610502,0.6084893843540911,0.6084893843540911,0.6084893843540911,0.6092316918039907,0.6092316918039907,0.6092316918039907,0.6101743369918682,0.6101743369918682,0.6101743369918682,0.6111876744688176,0.6111876744688176,0.6111876744688176,0.6115800219809308,0.6115800219809308,0.6115800219809308,0.6118731920436198,0.6118731920436198,0.6118731920436198,0.6122761065078585,0.6122761065078585,0.6122761065078585,0.6128004134690506,0.6128004134690506,0.6128004134690506,0.6133366520502525,0.6133366520502525,0.6133366520502525,0.6140704923317072,0.6140704923317072,0.6140704923317072,0.6144491453143692,0.6144491453143692,0.6144491453143692,0.6149583614854882,0.6149583614854882,0.6149583614854882,0.6152433165772889,0.6152433165772889,0.6152433165772889,0.6163312558641547,0.6163312558641547,0.6163312558641547,0.6169846546099442,0.6169846546099442,0.6169846546099442,0.6175367431316304,0.6175367431316304,0.6175367431316304,0.6179256569047282,0.6179256569047282,0.6179256569047282,0.6182346429473616,0.6182346429473616,0.6182346429473616,0.6189167923437836,0.6189167923437836,0.6189167923437836,0.6194125440341669,0.6194125440341669,0.6194125440341669,0.6202149148721582,0.6202149148721582,0.6202149148721582,0.620545756125692,0.620545756125692,0.620545756125692,0.6211181412110264,0.6211181412110264,0.6211181412110264,0.6215487307038825,0.6215487307038825,0.6215487307038825,0.6218786557597714,0.6218786557597714,0.6218786557597714,0.6221954063317016,0.6221954063317016,0.6221954063317016,0.622429152914007,0.622429152914007,0.622429152914007,0.6233011933930294,0.6233011933930294,0.6233011933930294,0.6236335098398814,0.6236335098398814,0.6236335098398814,0.6244755390335672,0.6244755390335672,0.6244755390335672,0.6248342154323447,0.6248342154323447,0.6248342154323447,0.6250212306567016,0.6250212306567016,0.6250212306567016,0.6253694853090728,0.6253694853090728,0.6253694853090728,0.6259305749554286,0.6259305749554286,0.6259305749554286,0.626280993116628,0.626280993116628,0.626280993116628,0.6264371210669956,0.6264371210669956,0.6264371210669956,0.6266238751164485,0.6266238751164485,0.6266238751164485,0.6268675247742668,0.6268675247742668,0.6268675247742668,0.6271131680952433,0.6271131680952433,0.6271131680952433,0.6274106890064023,0.6274106890064023,0.6274106890064023,0.6275955264316968,0.6275955264316968,0.6275955264316968,0.6279677814479145,0.6279677814479145,0.6279677814479145,0.6281198277937453,0.6281198277937453,0.6281198277937453,0.6285952695269978,0.6285952695269978,0.6285952695269978,0.628933875503771,0.628933875503771,0.628933875503771,0.6292371036473111,0.6292371036473111,0.6292371036473111,0.6294952280842623,0.6294952280842623,0.6294952280842623,0.6297201369635071,0.6297201369635071,0.6297201369635071,0.6299528827184029,0.6299528827184029,0.6299528827184029,0.6301211667487431,0.6301211667487431,0.6301211667487431,0.6302450047103967,0.6302450047103967,0.6302450047103967,0.6304238045114686,0.6304238045114686,0.6304238045114686,0.6305085755418406,0.6305085755418406,0.6305085755418406,0.6306665544039078,0.6306665544039078,0.6306665544039078,0.6308346623102352,0.6308346623102352,0.6308346623102352,0.6309670817020138,0.6309670817020138,0.6309670817020138,0.631520339973797,0.631520339973797,0.631520339973797,0.6315984132892668,0.6315984132892668,0.6315984132892668,0.6317598227432957,0.6317598227432957,0.6317598227432957,0.6319518071633844,0.6319518071633844,0.6319518071633844,0.6321010314104178,0.6321010314104178,0.6321010314104178,0.632260216034019,0.632260216034019,0.632260216034019,0.6323200603348912,0.6323200603348912,0.6323200603348912,0.6325870496228242,0.6325870496228242,0.6325870496228242,0.6327402507829987,0.6327402507829987,0.6327402507829987,0.6328503307522121,0.6328503307522121,0.6328503307522121,0.6329787338248223,0.6329787338248223,0.6329787338248223,0.6331262093102332,0.6331262093102332,0.6331262093102332,0.6333188905239976,0.6333188905239976,0.6333188905239976,0.6335666878696851,0.6335666878696851,0.6335666878696851,0.6337238166969601,0.6337238166969601,0.6337238166969601,0.6339599247902612,0.6339599247902612,0.6339599247902612,0.6340568713772314,0.6340568713772314,0.6340568713772314,0.6342390996575074,0.6342390996575074,0.6342390996575074,0.6344143233270491,0.6344143233270491,0.6344143233270491,0.6346297543314904,0.6346297543314904,0.6346297543314904,0.6351055752610995,0.6351055752610995,0.6351055752610995,0.6352217121129198,0.6352217121129198,0.6352217121129198,0.6353039991619945,0.6353039991619945,0.6353039991619945,0.6355616930944222,0.6355616930944222,0.6355616930944222,0.6357053599527338,0.6357053599527338,0.6357053599527338,0.6358975732912918,0.6358975732912918,0.6358975732912918,0.6360728311014333,0.6360728311014333,0.6360728311014333,0.6362042249291607,0.6362042249291607,0.6362042249291607,0.6364426167895496,0.6364426167895496,0.6364426167895496,0.6366491746713514,0.6366491746713514,0.6366491746713514,0.6367194810095211,0.6367194810095211,0.6367194810095211,0.6368019194347128,0.6368019194347128,0.6368019194347128,0.6370082256941478,0.6370082256941478,0.6370082256941478,0.6371064396736572,0.6371064396736572,0.6371064396736572,0.6373996400317001,0.6373996400317001,0.6373996400317001,0.6375285306696299,0.6375285306696299,0.6375285306696299,0.6376015866745834,0.6376015866745834,0.6376015866745834,0.6376324223834108,0.6376324223834108,0.6376324223834108,0.6380651179805332,0.6380651179805332,0.6380651179805332,0.6381026099640037,0.6381026099640037,0.6381026099640037,0.638250120825185,0.638250120825185,0.638250120825185,0.6383393327399702,0.6383393327399702,0.6383393327399702,0.6383559296132545,0.6383559296132545,0.6383559296132545,0.6383974876344946,0.6383974876344946,0.6383974876344946,0.6385146115202166,0.6385146115202166,
0.05083715424453935,0.05083715424453935,0.05083715424453935,0.08080461997788695,0.08080461997788695,0.08080461997788695,0.08672304580435256,0.08672304580435256,0.08672304580435256,0.11020771624700822,0.11020771624700822,0.11020771624700822,0.15714093759461525,0.15714093759461525,0.15714093759461525,0.17507662023116566,0.17507662023116566,0.17507662023116566,0.20535888212393116,0.20535888212393116,0.20535888212393116,0.2583938888523418,0.2583938888523418,0.2583938888523418,0.28450917440129303,0.28450917440129303,0.28450917440129303,0.2909702756810393,0.2909702756810393,0.2909702756810393,0.3132530795983376,0.3132530795983376,0.3132530795983376,0.33529922475907503,0.33529922475907503,0.33529922475907503,0.3482394746969529,0.3482394746969529,0.3482394746969529,0.3670143533300211,0.3670143533300211,0.3670143533300211,0.371851896533961,0.371851896533961,0.371851896533961,0.39154058383355367,0.39154058383355367,0.39154058383355367,0.40673664129782383,0.40673664129782383,0.40673664129782383,0.42041767751263764,0.42041767751263764,0.42041767751263764,0.4306288850269341,0.4306288850269341,0.4306288850269341,0.43859419465529176,0.43859419465529176,0.43859419465529176,0.44601081854980945,0.44601081854980945,0.44601081854980945,0.45593919036729147,0.45593919036729147,0.45593919036729147,0.46745475846908724,0.46745475846908724,0.46745475846908724,0.4735969491094634,0.4735969491094634,0.4735969491094634,0.48445479680213993,0.48445479680213993,0.48445479680213993,0.4946526321101482,0.4946526321101482,0.4946526321101482,0.5013919164590543,0.5013919164590543,0.5013919164590543,0.5057926347291293,0.5057926347291293,0.5057926347291293,0.5123018877800699,0.5123018877800699,0.5123018877800699,0.5145564786947607,0.5145564786947607,0.5145564786947607,0.5177032979381456,0.5177032979381456,0.5177032979381456,0.52506342948781,0.52506342948781,0.52506342948781,0.5309230762538232,0.5309230762538232,0.5309230762538232,0.5372206757367505,0.5372206757367505,0.5372206757367505,0.5392088961798251,0.5392088961798251,0.5392088961798251,0.5418776931429266,0.5418776931429266,0.5418776931429266,0.5434005845269202,0.5434005845269202,0.5434005845269202,0.5481660387737323,0.5481660387737323,0.5481660387737323,0.5528764770990207,0.5528764770990207,0.5528764770990207,0.5568987518212274,0.5568987518212274,0.5568987518212274,0.5592741067479696,0.5592741067479696,0.5592741067479696,0.5615773587889589,0.5615773587889589,0.5615773587889589,0.5664716289315856,0.5664716289315856,0.5664716289315856,0.5689405015812168,0.5689405015812168,0.5689405015812168,0.5714336849690743,0.5714336849690743,0.5714336849690743,0.5736587961870532,0.5736587961870532,0.5736587961870532,0.5745148054529934,0.5745148054529934,0.5745148054529934,0.5761271055353963,0.5761271055353963,0.5761271055353963,0.5783314976166303,0.5783314976166303,0.5783314976166303,0.5792941244412676,0.5792941244412676,0.5792941244412676,0.5813495744506347,0.5813495744506347,0.5813495744506347,0.5828162568119571,0.5828162568119571,0.5828162568119571,0.5868048855482262,0.5868048855482262,0.5868048855482262,0.5879300536257333,0.5879300536257333,0.5879300536257333,0.58981297976418,0.58981297976418,0.58981297976418,0.5914900910891783,0.5914900910891783,0.5914900910891783,0.5932592991029957,0.5932592991029957,0.5932592991029957,0.5938326623899429,0.5938326623899429,0.5938326623899429,0.5959661577602743,0.5959661577602743,0.5959661577602743,0.5971208333649317,0.5971208333649317,0.5971208333649317,0.5987758855911843,0.5987758855911843,0.5987758855911843,0.6003826249588234,0.6003826249588234,0.6003826249588234,0.6013195715276823,0.6013195715276823,0.6013195715276823,0.6025167319699647,0.6025167319699647,0.6025167319699647,0.6047053126123578,0.6047053126123578,0.6047053126123578,0.6057316248998023,0.6057316248998023,0.6057316248998023,0.6064125603403536,0.6064125603403536,0.6064125603403536,0.6071764176573937,0.6071764176573937,0.6071764176573937,0.6082423519799001,0.6082423519799001,0.6082423519799001,0.6092891105539848,0.6092891105539848,0.6092891105539848,0.6101402458966704,0.6101402458966704,0.6101402458966704,0.6111234243657655,0.6111234243657655,0.6111234243657655,0.6117296040587401,0.6117296040587401,0.6117296040587401,0.6133959797119385,0.6133959797119385,0.6133959797119385,0.6147068780998107,0.6147068780998107,0.6147068780998107,0.6154442564255846,0.6154442564255846,0.6154442564255846,0.6161891055123105,0.6161891055123105,0.6161891055123105,0.6166977893572929,0.6166977893572929,0.6166977893572929,0.6171557050332273,0.6171557050332273,0.6171557050332273,0.61797067179552,0.61797067179552,0.61797067179552,0.6187061624506527,0.6187061624506527,0.6187061624506527,0.6196074117369393,0.6196074117369393,0.6196074117369393,0.6202474953545952,0.6202474953545952,0.6202474953545952,0.621164408452846,0.621164408452846,0.621164408452846,0.6215793358311088,0.6215793358311088,0.6215793358311088,0.6220110503134801,0.6220110503134801,0.6220110503134801,0.6226981078742553,0.6226981078742553,0.6226981078742553,0.6230895024314119,0.6230895024314119,0.6230895024314119,0.624055355449261,0.624055355449261,0.624055355449261,0.6244207213233126,0.6244207213233126,0.6244207213233126,0.6247203629862835,0.6247203629862835,0.6247203629862835,0.6255553349037588,0.6255553349037588,0.6255553349037588,0.6259581248279156,0.6259581248279156,0.6259581248279156,0.6265329420455763,0.6265329420455763,0.6265329420455763,0.6269066405750243,0.6269066405750243,0.6269066405750243,0.6272643826934576,0.6272643826934576,0.6272643826934576,0.6280862249236286,0.6280862249236286,0.6280862249236286,0.628610763539762,0.628610763539762,0.628610763539762,0.6288502005953969,0.6288502005953969,0.6288502005953969,0.6292348854028526,0.6292348854028526,0.6292348854028526,0.6295074447153879,0.6295074447153879,0.6295074447153879,0.6298421678388736,0.6298421678388736,0.6298421678388736,0.6302443148293171,0.6302443148293171,0.6302443148293171,0.6304464335622665,0.6304464335622665,0.6304464335622665,0.6305978822974866,0.6305978822974866,0.6305978822974866,0.6309367252197824,0.6309367252197824,0.6309367252197824,0.6311458153160696,0.6311458153160696,0.6311458153160696,0.6315371644693807,0.6315371644693807,0.6315371644693807,0.6318875022728747,0.6318875022728747,0.6318875022728747,0.6320472110081722,0.6320472110081722,0.6320472110081722,0.6322361673553719,0.6322361673553719,0.6322361673553719,0.6323861906651913,0.6323861906651913,0.6323861906651913,0.6326246284396108,0.6326246284396108,0.6326246284396108,0.6330404094804869,0.6330404094804869,0.6330404094804869,0.6332853316114271,0.6332853316114271,0.6332853316114271,0.6336445201533919,0.6336445201533919,0.6336445201533919,0.6339274916782056,0.6339274916782056,0.6339274916782056,0.6342939426426304,0.6342939426426304,0.6342939426426304,0.6345295209656898,0.6345295209656898,0.6345295209656898,0.6348500047699221,0.6348500047699221,0.6348500047699221,0.6350401103593859,0.6350401103593859,0.6350401103593859,0.6353000767478345,0.6353000767478345,0.6353000767478345,0.6354373538509546,0.6354373538509546,0.6354373538509546,0.635707183622441,0.635707183622441,0.635707183622441,0.6360374138892267,0.6360374138892267,0.6360374138892267,0.6361863307544459,0.6361863307544459,0.6361863307544459,0.6364435430500056,0.6364435430500056,0.6364435430500056,0.636652705728837,0.636652705728837,0.636652705728837,0.6370819577704324,0.6370819577704324,0.6370819577704324,0.6373193684998176,0.6373193684998176,0.6373193684998176,0.6375079162460751,0.6375079162460751,0.6375079162460751,0.6377105715664821,0.6377105715664821,0.6377105715664821,0.6377623214207638,0.6377623214207638,0.6377623214207638,0.6379031575099638,0.6379031575099638,0.6379031575099638,0.6380593713302872,0.6380593713302872,0.6380593713302872,0.6382081153597445,0.6382081153597445,0.6382081153597445,0.6383901730201644,0.6383901730201644,0.6383901730201644,0.6384826654975818,0.6384826654975818,0.6384826654975818,0.6387699013732179,0.6387699013732179,0.6387699013732179,0.6388978898437269,0.6388978898437269,0.6388978898437269,0.6390267306643034,0.6390267306643034,0.6390267306643034,0.6392932570524504,0.6392932570524504,0.6392932570524504,0.6394551715905137,0.6394551715905137,0.6394551715905137,0.6395577699637387,0.6395577699637387,0.6395577699637387,0.6397155797832452,0.6397155797832452,0.6397155797832452,0.6398705011239096,0.6398705011239096,0.6398705011239096,0.6401171441655711,0.6401171441655711,0.6401171441655711,0.6403506576315028,0.6403506576315028,0.6403506576315028,0.6405250121614467,0.6405250121614467,0.6405250121614467,0.6407952970804354,0.6407952970804354,0.6407952970804354,0.6410694602669212,0.6410694602669212,0.6410694602669212,0.641155425991789,0.641155425991789,0.641155425991789,0.6413124899575835,0.6413124899575835,0.6413124899575835,0.6414816579452151,0.6414816579452151,0.6414816579452151,0.6416840432750179,0.6416840432750179,0.6416840432750179,0.6417943455155345,0.6417943455155345,0.6417943455155345,0.6419201267506912,0.6419201267506912,0.6419201267506912,0.6420679297096424,0.6420679297096424,0.6420679297096424,0.642282018488021,0.642282018488021,0.642282018488021,0.6423850381919113,0.6423850381919113,0.6423850381919113,0.6424865415333721,0.6424865415333721,0.6424865415333721,0.6425319431874371,0.6425319431874371,0.6425319431874371,0.6426324637586037,0.6426324637586037,0.6426324637586037,0.6426315232137152,0.6426315232137152,0.6426315232137152,0.6428939783641037,0.6428939783641037,0.6428939783641037,0.642961727073004,0.642961727073004,0.642961727073004,0.6430227970300445,0.6430227970300445,
0.004570642935110408,0.004570642935110408,0.004570642935110408,0.006491143447653837,0.006491143447653837,0.006491143447653837,0.05948411128997548,0.05948411128997548,0.05948411128997548,0.13183846957836695,0.13183846957836695,0.13183846957836695,0.13544067624064698,0.13544067624064698,0.13544067624064698,0.14410811267985243,0.14410811267985243,0.14410811267985243,0.15694361321639544,0.15694361321639544,0.15694361321639544,0.18848898081918836,0.18848898081918836,0.18848898081918836,0.19895731282499113,0.19895731282499113,0.19895731282499113,0.22942970360410334,0.22942970360410334,0.22942970360410334,0.23880857157089197,0.23880857157089197,0.23880857157089197,0.28779067959062254,0.28779067959062254,0.28779067959062254,0.30882702599065853,0.30882702599065853,0.30882702599065853,0.33911131276447465,0.33911131276447465,0.33911131276447465,0.38286834689354354,0.38286834689354354,0.38286834689354354,0.39648187388421613,0.39648187388421613,0.39648187388421613,0.40813662785404353,0.40813662785404353,0.40813662785404353,0.4210044409759376,0.4210044409759376,0.4210044409759376,0.433729909980407,0.433729909980407,0.433729909980407,0.44276195276666375,0.44276195276666375,0.44276195276666375,0.45166596899287065,0.45166596899287065,0.45166596899287065,0.4619948235757205,0.4619948235757205,0.4619948235757205,0.4714933689664389,0.4714933689664389,0.4714933689664389,0.47643994141334006,0.47643994141334006,0.47643994141334006,0.4824976193426319,0.4824976193426319,0.4824976193426319,0.48830691872314386,0.48830691872314386,0.48830691872314386,0.49559400663365033,0.49559400663365033,0.49559400663365033,0.5013490350047606,0.5013490350047606,0.5013490350047606,0.5053732247376826,0.5053732247376826,0.5053732247376826,0.5110912856353539,0.5110912856353539,0.5110912856353539,0.5163349206508538,0.5163349206508538,0.5163349206508538,0.5228880860091417,0.5228880860091417,0.5228880860091417,0.5275935996583186,0.5275935996583186,0.5275935996583186,0.532171012206597,0.532171012206597,0.532171012206597,0.5384981446978296,0.5384981446978296,0.5384981446978296,0.5404294983592385,0.5404294983592385,0.5404294983592385,0.5424214511875977,0.5424214511875977,0.5424214511875977,0.5450214524811261,0.5450214524811261,0.5450214524811261,0.5469945288326014,0.5469945288326014,0.5469945288326014,0.5520523240377584,0.5520523240377584,0.5520523240377584,0.5546663641366263,0.5546663641366263,0.5546663641366263,0.5563717555698959,0.5563717555698959,0.5563717555698959,0.5592352094212755,0.5592352094212755,0.5592352094212755,0.5619047297979785,0.5619047297979785,0.5619047297979785,0.5640091523256615,0.5640091523256615,0.5640091523256615,0.5668716440585895,0.5668716440585895,0.5668716440585895,0.5694680426432849,0.5694680426432849,0.5694680426432849,0.5706454205110502,0.5706454205110502,0.5706454205110502,0.5728310887577525,0.5728310887577525,0.5728310887577525,0.5750439938313544,0.5750439938313544,0.5750439938313544,0.5775313606960426,0.5775313606960426,0.5775313606960426,0.5786558145982876,0.5786558145982876,0.5786558145982876,0.5806696922742649,0.5806696922742649,0.5806696922742649,0.5822508796372036,0.5822508796372036,0.5822508796372036,0.5840788672596376,0.5840788672596376,0.5840788672596376,0.5866453913795255,0.5866453913795255,0.5866453913795255,0.5882797467591974,0.5882797467591974,0.5882797467591974,0.5890589071704985,0.5890589071704985,0.5890589071704985,0.5918731948070242,0.5918731948070242,0.5918731948070242,0.5931753746183659,0.5931753746183659,0.5931753746183659,0.5963867581043878,0.5963867581043878,0.5963867581043878,0.5974587579496098,0.5974587579496098,0.5974587579496098,0.5986938666090481,0.5986938666090481,0.5986938666090481,0.6005196459821228,0.6005196459821228,0.6005196459821228,0.6020063059075585,0.6020063059075585,0.6020063059075585,0.6038209621438883,0.6038209621438883,0.6038209621438883,0.6046151568237711,0.6046151568237711,0.6046151568237711,0.60512490495556,0.60512490495556,0.60512490495556,0.6064067325824792,0.6064067325824792,0.6064067325824792,0.6070967208586748,0.6070967208586748,0.6070967208586748,0.6077993031372658,0.6077993031372658,0.6077993031372658,0.6085515630912912,0.6085515630912912,0.6085515630912912,0.6090536040773559,0.6090536040773559,0.6090536040773559,0.6094804764618823,0.6094804764618823,0.6094804764618823,0.609893014015557,0.609893014015557,0.609893014015557,0.6108015716805555,0.6108015716805555,0.6108015716805555,0.6114708619858483,0.6114708619858483,0.6114708619858483,0.6121586948123601,0.6121586948123601,0.6121586948123601,0.6131012515341205,0.6131012515341205,0.6131012515341205,0.6136347722487021,0.6136347722487021,0.6136347722487021,0.6145673632088853,0.6145673632088853,0.6145673632088853,0.6151719242763163,0.6151719242763163,0.6151719242763163,0.6157643497723687,0.6157643497723687,0.6157643497723687,0.6162360297069903,0.6162360297069903,0.6162360297069903,0.6166387529874283,0.6166387529874283,0.6166387529874283,0.6169896614533285,0.6169896614533285,0.6169896614533285,0.6175126270466043,0.6175126270466043,0.6175126270466043,0.6183211172795777,0.6183211172795777,0.6183211172795777,0.6192468510461774,0.6192468510461774,0.6192468510461774,0.6196176917684914,0.6196176917684914,0.6196176917684914,0.6200067635134328,0.6200067635134328,0.6200067635134328,0.620561539498738,0.620561539498738,0.620561539498738,0.6210354594067501,0.6210354594067501,0.6210354594067501,0.6213084085034345,0.6213084085034345,0.6213084085034345,0.6217870205930672,0.6217870205930672,0.6217870205930672,0.6219434158339178,0.6219434158339178,0.6219434158339178,0.6223892749804111,0.6223892749804111,0.6223892749804111,0.622826355067545,0.622826355067545,0.622826355067545,0.6234169763912332,0.6234169763912332,0.6234169763912332,0.6239462483221779,0.6239462483221779,0.6239462483221779,0.6244973225490751,0.6244973225490751,0.6244973225490751,0.6247965323321386,0.6247965323321386,0.6247965323321386,0.6252233050297009,0.6252233050297009,0.6252233050297009,0.6253926588293209,0.6253926588293209,0.6253926588293209,0.6258485306644412,0.6258485306644412,0.6258485306644412,0.6263255894962491,0.6263255894962491,0.6263255894962491,0.6265025948773706,0.6265025948773706,0.6265025948773706,0.6267535896415073,0.6267535896415073,0.6267535896415073,0.6270258412308065,0.6270258412308065,0.6270258412308065,0.6275102926150355,0.6275102926150355,0.6275102926150355,0.6277197630734591,0.6277197630734591,0.6277197630734591,0.6279881841328585,0.6279881841328585,0.6279881841328585,0.6281788553933703,0.6281788553933703,0.6281788553933703,0.628771282720528,0.628771282720528,0.628771282720528,0.6292525526363354,0.6292525526363354,0.6292525526363354,0.6296647530501303,0.6296647530501303,0.6296647530501303,0.6299620513826288,0.6299620513826288,0.6299620513826288,0.6300605728388987,0.6300605728388987,0.6300605728388987,0.6302394951088713,0.6302394951088713,0.6302394951088713,0.6303378545856471,0.6303378545856471,0.6303378545856471,0.6307763025221592,0.6307763025221592,0.6307763025221592,0.6308805489716045,0.6308805489716045,0.6308805489716045,0.6311023894841153,0.6311023894841153,0.6311023894841153,0.6315811285843259,0.6315811285843259,0.6315811285843259,0.6318760736183116,0.6318760736183116,0.6318760736183116,0.6320949702549518,0.6320949702549518,0.6320949702549518,0.6322849913297841,0.6322849913297841,0.6322849913297841,0.6323937283421078,0.6323937283421078,0.6323937283421078,0.6326989101292866,0.6326989101292866,0.6326989101292866,0.6329011323957989,0.6329011323957989,0.6329011323957989,0.6332270331259313,0.6332270331259313,0.6332270331259313,0.6333885990062351,0.6333885990062351,0.6333885990062351,0.6336702425565994,0.6336702425565994,0.6336702425565994,0.6339288340356514,0.6339288340356514,0.6339288340356514,0.6340994422829878,0.6340994422829878,0.6340994422829878,0.634456967566684,0.634456967566684,0.634456967566684,0.6346518445822485,0.6346518445822485,0.6346518445822485,0.6346880974770447,0.6346880974770447,0.6346880974770447,0.6348639007766901,0.6348639007766901,0.6348639007766901,0.6349677859125495,0.6349677859125495,0.6349677859125495,0.6350635246898303,0.6350635246898303,0.6350635246898303,0.6351821534832877,0.6351821534832877,0.6351821534832877,0.6354357510201739,0.6354357510201739,0.6354357510201739,0.6356168754886098,0.6356168754886098,0.6356168754886098,0.6356446190736411,0.6356446190736411,0.6356446190736411,0.6357587495973158,0.6357587495973158,0.6357587495973158,0.636229072261241,0.636229072261241,0.636229072261241,0.6365305685226613,0.6365305685226613,0.6365305685226613,0.6366210024097866,0.6366210024097866,0.6366210024097866,0.6368365309000539,0.6368365309000539,0.6368365309000539,0.6370085549739826,0.6370085549739826,0.6370085549739826,0.6370636100949906,0.6370636100949906,0.6370636100949906,0.6372307312984843,0.6372307312984843,0.6372307312984843,0.6373263557818294,0.6373263557818294,0.6373263557818294,0.6373954213566638,0.6373954213566638,0.6373954213566638,0.6375540187027479,0.6375540187027479,0.6375540187027479,0.6375904704356897,0.6375904704356897,0.6375904704356897,0.6378143190684497,0.6378143190684497,0.6378143190684497,0.6379645008525019,0.6379645008525019,0.6379645008525019,0.6380829767393165,0.6380829767393165,0.6380829767393165,0.6384523440624181,0.6384523440624181,0.6384523440624181,0.6385708788980109,0.6385708788980109,0.6385708788980109,0.6387624984485636,0.6387624984485636,0.6387624984485636,0.6388965803621456,0.6388965803621456,0.6388965803621456,0.6389846562576977,0.6389846562576977,0.6389846562576977,0.6390945823584755,0.6390945823584755,0.6390945823584755,0.6392457164797292,0.6392457164797292,
0.002683072726647882,0.002683072726647882,0.002683072726647882,0.01924735587184519,0.01924735587184519,0.01924735587184519,0.04975796282039488,0.04975796282039488,0.04975796282039488,0.07775661544518055,0.07775661544518055,0.07775661544518055,0.17661840917858043,0.17661840917858043,0.17661840917858043,0.1937487469780737,0.1937487469780737,0.1937487469780737,0.20765332544975137,0.20765332544975137,0.20765332544975137,0.21878147178496024,0.21878147178496024,0.21878147178496024,0.25355733080742754,0.25355733080742754,0.25355733080742754,0.2787790009767745,0.2787790009767745,0.2787790009767745,0.2909867686755435,0.2909867686755435,0.2909867686755435,0.2996008434559612,0.2996008434559612,0.2996008434559612,0.30722221944858785,0.30722221944858785,0.30722221944858785,0.3313524222407403,0.3313524222407403,0.3313524222407403,0.3566792175666516,0.3566792175666516,0.3566792175666516,0.3682249540884541,0.3682249540884541,0.3682249540884541,0.3892957741081178,0.3892957741081178,0.3892957741081178,0.395947173509156,0.395947173509156,0.395947173509156,0.4005990478883565,0.4005990478883565,0.4005990478883565,0.4151016856951014,0.4151016856951014,0.4151016856951014,0.42370711835016756,0.42370711835016756,0.42370711835016756,0.43074078636118995,0.43074078636118995,0.43074078636118995,0.4418278381761798,0.4418278381761798,0.4418278381761798,0.45579888475001046,0.45579888475001046,0.45579888475001046,0.4588735697132491,0.4588735697132491,0.4588735697132491,0.4708112574157925,0.4708112574157925,0.4708112574157925,0.47801108492216426,0.47801108492216426,0.47801108492216426,0.4857424077921206,0.4857424077921206,0.4857424077921206,0.49794034603307646,0.49794034603307646,0.49794034603307646,0.5064667841440678,0.5064667841440678,0.5064667841440678,0.5167206026788491,0.5167206026788491,0.5167206026788491,0.5261315901689445,0.5261315901689445,0.5261315901689445,0.5301408865675084,0.5301408865675084,0.5301408865675084,0.5346213670530531,0.5346213670530531,0.5346213670530531,0.5409795759572706,0.5409795759572706,0.5409795759572706,0.5462939525031939,0.5462939525031939,0.5462939525031939,0.5509124899713436,0.5509124899713436,0.5509124899713436,0.556026330289814,0.556026330289814,0.556026330289814,0.5580944469338078,0.5580944469338078,0.5580944469338078,0.562507509569247,0.562507509569247,0.562507509569247,0.5634323214410851,0.5634323214410851,0.5634323214410851,0.5660868505516179,0.5660868505516179,0.5660868505516179,0.5699437305634543,0.5699437305634543,0.5699437305634543,0.574125709495619,0.574125709495619,0.574125709495619,0.5778717479987648,0.5778717479987648,0.5778717479987648,0.5792781140857716,0.5792781140857716,0.5792781140857716,0.5804711187747881,0.5804711187747881,0.5804711187747881,0.5819279442099797,0.5819279442099797,0.5819279442099797,0.5840564821522887,0.5840564821522887,0.5840564821522887,0.584744505648787,0.584744505648787,0.584744505648787,0.5862229377384993,0.5862229377384993,0.5862229377384993,0.5875705832541904,0.5875705832541904,0.5875705832541904,0.5897384500823601,0.5897384500823601,0.5897384500823601,0.59106793472592,0.59106793472592,0.59106793472592,0.5928318910406121,0.5928318910406121,0.5928318910406121,0.5946182256449262,0.5946182256449262,0.5946182256449262,0.5957524629654427,0.5957524629654427,0.5957524629654427,0.5984186023779381,0.5984186023779381,0.5984186023779381,0.599983343793135,0.599983343793135,0.599983343793135,0.601077255147632,0.601077255147632,0.601077255147632,0.602749475384072,0.602749475384072,0.602749475384072,0.6041584626242625,0.6041584626242625,0.6041584626242625,0.6052599334923073,0.6052599334923073,0.6052599334923073,0.6059097574328861,0.6059097574328861,0.6059097574328861,0.6066421204799182,0.6066421204799182,0.6066421204799182,0.6076252002542456,0.6076252002542456,0.6076252002542456,0.6083911300615746,0.6083911300615746,0.6083911300615746,0.609490675157823,0.609490675157823,0.609490675157823,0.6103871899754773,0.6103871899754773,0.6103871899754773,0.6108429372293986,0.6108429372293986,0.6108429372293986,0.6116488884444466,0.6116488884444466,0.6116488884444466,0.6122359335984146,0.6122359335984146,0.6122359335984146,0.6127090245725652,0.6127090245725652,0.6127090245725652,0.6134808086774156,0.6134808086774156,0.6134808086774156,0.6142728004135719,0.6142728004135719,0.6142728004135719,0.614742083006128,0.614742083006128,0.614742083006128,0.6154467011849303,0.6154467011849303,0.6154467011849303,0.6162640070736868,0.6162640070736868,0.6162640070736868,0.6166816463262461,0.6166816463262461,0.6166816463262461,0.6169840275671998,0.6169840275671998,0.6169840275671998,0.6178468024455464,0.6178468024455464,0.6178468024455464,0.6184372762482595,0.6184372762482595,0.6184372762482595,0.6186828826816211,0.6186828826816211,0.6186828826816211,0.6192929609930595,0.6192929609930595,0.6192929609930595,0.6197575872814372,0.6197575872814372,0.6197575872814372,0.6199696595535475,0.6199696595535475,0.6199696595535475,0.6201484783618655,0.6201484783618655,0.6201484783618655,0.6205065603383885,0.6205065603383885,0.6205065603383885,0.6209834211852008,0.6209834211852008,0.6209834211852008,0.6212685763100835,0.6212685763100835,0.6212685763100835,0.6215373265263057,0.6215373265263057,0.6215373265263057,0.6219999918848038,0.6219999918848038,0.6219999918848038,0.6223708936431245,0.6223708936431245,0.6223708936431245,0.6226079460854508,0.6226079460854508,0.6226079460854508,0.6229394306109367,0.6229394306109367,0.6229394306109367,0.6231772743795071,0.6231772743795071,0.6231772743795071,0.6239119299427527,0.6239119299427527,0.6239119299427527,0.6241652716895053,0.6241652716895053,0.6241652716895053,0.6245601353339716,0.6245601353339716,0.6245601353339716,0.6251789091218717,0.6251789091218717,0.6251789091218717,0.6259873953271479,0.6259873953271479,0.6259873953271479,0.6265193665404509,0.6265193665404509,0.6265193665404509,0.6269554002940787,0.6269554002940787,0.6269554002940787,0.6271318927310916,0.6271318927310916,0.6271318927310916,0.627564819202495,0.627564819202495,0.627564819202495,0.6277997689357885,0.6277997689357885,0.6277997689357885,0.6281245118279198,0.6281245118279198,0.6281245118279198,0.6286460725491557,0.6286460725491557,0.6286460725491557,0.6289596265065921,0.6289596265065921,0.6289596265065921,0.629282893824621,0.629282893824621,0.629282893824621,0.6295104281274149,0.6295104281274149,0.6295104281274149,0.6301001415857118,0.6301001415857118,0.6301001415857118,0.6303048680334703,0.6303048680334703,0.6303048680334703,0.6305727986049754,0.6305727986049754,0.6305727986049754,0.6307797298453208,0.6307797298453208,0.6307797298453208,0.6309551485402629,0.6309551485402629,0.6309551485402629,0.6311730484979867,0.6311730484979867,0.6311730484979867,0.631467634947199,0.631467634947199,0.631467634947199,0.6315867946908498,0.6315867946908498,0.6315867946908498,0.631737156297033,0.631737156297033,0.631737156297033,0.6318607240270135,0.6318607240270135,0.6318607240270135,0.6326150232466072,0.6326150232466072,0.6326150232466072,0.6332513322665101,0.6332513322665101,0.6332513322665101,0.6334456950967571,0.6334456950967571,0.6334456950967571,0.6335581290857507,0.6335581290857507,0.6335581290857507,0.6337300748993556,0.6337300748993556,0.6337300748993556,0.634023676731663,0.634023676731663,0.634023676731663,0.6343507944864147,0.6343507944864147,0.6343507944864147,0.6344441524529632,0.6344441524529632,0.6344441524529632,0.6345927222555252,0.6345927222555252,0.6345927222555252,0.6347142840354904,0.6347142840354904,0.6347142840354904,0.634807310677709,0.634807310677709,0.634807310677709,0.6351721830035858,0.6351721830035858,0.6351721830035858,0.6353571963035793,0.6353571963035793,0.6353571963035793,0.6356252691062736,0.6356252691062736,0.6356252691062736,0.6358471130892062,0.6358471130892062,0.6358471130892062,0.6358904991990061,0.6358904991990061,0.6358904991990061,0.636131355567085,0.636131355567085,0.636131355567085,0.636339486715614,0.636339486715614,0.636339486715614,0.6364394893547363,0.6364394893547363,0.6364394893547363,0.6366324871587634,0.6366324871587634,0.6366324871587634,0.636714498811894,0.636714498811894,0.636714498811894,0.6369373521116932,0.6369373521116932,0.6369373521116932,0.6371102043992467,0.6371102043992467,0.6371102043992467,0.6372046477635194,0.6372046477635194,0.6372046477635194,0.6372727215600487,0.6372727215600487,0.6372727215600487,0.6374595185755035,0.6374595185755035,0.6374595185755035,0.6375991298455729,0.6375991298455729,0.6375991298455729,0.6376837471293679,0.6376837471293679,0.6376837471293679,0.6377432818378156,0.6377432818378156,0.6377432818378156,0.6377559326803929,0.6377559326803929,0.6377559326803929,0.637846233980885,0.637846233980885,0.637846233980885,0.6380781253375846,0.6380781253375846,0.6380781253375846,0.6381974400936742,0.6381974400936742,0.6381974400936742,0.6383813161428576,0.6383813161428576,0.6383813161428576,0.6384861526491723,0.6384861526491723,0.6384861526491723,0.638556159105836,0.638556159105836,0.638556159105836,0.6386553595917286,0.6386553595917286,0.6386553595917286,0.6387259928106729,0.6387259928106729,0.6387259928106729,0.6388266632337593,0.6388266632337593,0.6388266632337593,0.6390659214357746,0.6390659214357746,0.6390659214357746,0.6392591516392216,0.6392591516392216,0.6392591516392216,0.639314160148603,0.639314160148603,0.639314160148603,0.6394415081027282,0.6394415081027282,0.6394415081027282,0.6396143889407725,0.6396143889407725,0.6396143889407725,0.6397266640603911,0.6397266640603911,0.6397266640603911,0.6397450301441007,0.6397450301441007,
0.018113184511308146,0.018113184511308146,0.018113184511308146,0.020383187846020265,0.020383187846020265,0.020383187846020265,0.11566165785374581,0.11566165785374581,0.11566165785374581,0.12221452835494964,0.12221452835494964,0.12221452835494964,0.13503347575086366,0.13503347575086366,0.13503347575086366,0.1839105705828756,0.1839105705828756,0.1839105705828756,0.1964335395327644,0.1964335395327644,0.1964335395327644,0.24071290487712105,0.24071290487712105,0.24071290487712105,0.2606809482994815,0.2606809482994815,0.2606809482994815,0.3027035888936686,0.3027035888936686,0.3027035888936686,0.3231059679556021,0.3231059679556021,0.3231059679556021,0.3387735360750437,0.3387735360750437,0.3387735360750437,0.36856010115532883,0.36856010115532883,0.36856010115532883,0.39526547293515385,0.39526547293515385,0.39526547293515385,0.4050202880820168,0.4050202880820168,0.4050202880820168,0.4155802698761637,0.4155802698761637,0.4155802698761637,0.42341638055490166,0.42341638055490166,0.42341638055490166,0.43553660289503054,0.43553660289503054,0.43553660289503054,0.4441281737323103,0.4441281737323103,0.4441281737323103,0.4496398991780372,0.4496398991780372,0.4496398991780372,0.4543178626659581,0.4543178626659581,0.4543178626659581,0.46495947204185145,0.46495947204185145,0.46495947204185145,0.4707406668345873,0.4707406668345873,0.4707406668345873,0.48559652406788106,0.48559652406788106,0.48559652406788106,0.49199990460281245,0.49199990460281245,0.49199990460281245,0.5004294532017809,0.5004294532017809,0.5004294532017809,0.5034178599252794,0.5034178599252794,0.5034178599252794,0.5084534391733506,0.5084534391733506,0.5084534391733506,0.5146826953353374,0.5146826953353374,0.5146826953353374,0.5193127570893962,0.5193127570893962,0.5193127570893962,0.5237841857881999,0.5237841857881999,0.5237841857881999,0.5302494552686106,0.5302494552686106,0.5302494552686106,0.532457780549024,0.532457780549024,0.532457780549024,0.5380049561753323,0.5380049561753323,0.5380049561753323,0.5404738639227376,0.5404738639227376,0.5404738639227376,0.544403320106638,0.544403320106638,0.544403320106638,0.549111081278836,0.549111081278836,0.549111081278836,0.5550049845492796,0.5550049845492796,0.5550049845492796,0.5573382350154457,0.5573382350154457,0.5573382350154457,0.5603288485049142,0.5603288485049142,0.5603288485049142,0.5651223697426991,0.5651223697426991,0.5651223697426991,0.5694222324462762,0.5694222324462762,0.5694222324462762,0.5715653542335836,0.5715653542335836,0.5715653542335836,0.573650468250688,0.573650468250688,0.573650468250688,0.5759898305554384,0.5759898305554384,0.5759898305554384,0.577430532054041,0.577430532054041,0.577430532054041,0.5799802762715909,0.5799802762715909,0.5799802762715909,0.5820711020866204,0.5820711020866204,0.5820711020866204,0.5831634571268368,0.5831634571268368,0.5831634571268368,0.5849308855705528,0.5849308855705528,0.5849308855705528,0.5859809835939834,0.5859809835939834,0.5859809835939834,0.5878395743802927,0.5878395743802927,0.5878395743802927,0.5890535582619247,0.5890535582619247,0.5890535582619247,0.590416893461953,0.590416893461953,0.590416893461953,0.5917955088497087,0.5917955088497087,0.5917955088497087,0.5925213632368089,0.5925213632368089,0.5925213632368089,0.5932851250663307,0.5932851250663307,0.5932851250663307,0.5946501466330972,0.5946501466330972,0.5946501466330972,0.5955570591257136,0.5955570591257136,0.5955570591257136,0.5965924362403742,0.5965924362403742,0.5965924362403742,0.5973501531513314,0.5973501531513314,0.5973501531513314,0.5986500450560799,0.5986500450560799,0.5986500450560799,0.6005104451313579,0.6005104451313579,0.6005104451313579,0.6016568744010666,0.6016568744010666,0.6016568744010666,0.6023467270174571,0.6023467270174571,0.6023467270174571,0.6032897168076923,0.6032897168076923,0.6032897168076923,0.6041527121961022,0.6041527121961022,0.6041527121961022,0.6050889075750921,0.6050889075750921,0.6050889075750921,0.6064749956353269,0.6064749956353269,0.6064749956353269,0.607169713466997,0.607169713466997,0.607169713466997,0.6080532953003226,0.6080532953003226,0.6080532953003226,0.6083333966096021,0.6083333966096021,0.6083333966096021,0.6087285659072484,0.6087285659072484,0.6087285659072484,0.6095679222628999,0.6095679222628999,0.6095679222628999,0.6101810152167214,0.6101810152167214,0.6101810152167214,0.611081550366878,0.611081550366878,0.611081550366878,0.6125034633978319,0.6125034633978319,0.6125034633978319,0.612807951066873,0.612807951066873,0.612807951066873,0.613681523353185,0.613681523353185,0.613681523353185,0.6143086071990517,0.6143086071990517,0.6143086071990517,0.615132302041426,0.615132302041426,0.615132302041426,0.616042328099005,0.616042328099005,0.616042328099005,0.6166171766274287,0.6166171766274287,0.6166171766274287,0.6174566264887215,0.6174566264887215,0.6174566264887215,0.6179651902380286,0.6179651902380286,0.6179651902380286,0.6187635387392164,0.6187635387392164,0.6187635387392164,0.6195841665490405,0.6195841665490405,0.6195841665490405,0.6201540841040342,0.6201540841040342,0.6201540841040342,0.6209522253975295,0.6209522253975295,0.6209522253975295,0.6214998757757835,0.6214998757757835,0.6214998757757835,0.621967261395283,0.621967261395283,0.621967261395283,0.6222102413465918,0.6222102413465918,0.6222102413465918,0.6224982742497741,0.6224982742497741,0.6224982742497741,0.6227186150920699,0.6227186150920699,0.6227186150920699,0.6232048241956298,0.6232048241956298,0.6232048241956298,0.6234458730042352,0.6234458730042352,0.6234458730042352,0.623932645358442,0.623932645358442,0.623932645358442,0.6241282955531312,0.6241282955531312,0.6241282955531312,0.6245919461025933,0.6245919461025933,0.6245919461025933,0.6254141983468314,0.6254141983468314,0.6254141983468314,0.6257967326519246,0.6257967326519246,0.6257967326519246,0.6261772194381567,0.6261772194381567,0.6261772194381567,0.6264448266629116,0.6264448266629116,0.6264448266629116,0.6267696644417874,0.6267696644417874,0.6267696644417874,0.6272157765468819,0.6272157765468819,0.6272157765468819,0.6275705686167219,0.6275705686167219,0.6275705686167219,0.6278478931993502,0.6278478931993502,0.6278478931993502,0.6281223179548937,0.6281223179548937,0.6281223179548937,0.6283944968329276,0.6283944968329276,0.6283944968329276,0.6286735500241251,0.6286735500241251,0.6286735500241251,0.6288978424560543,0.6288978424560543,0.6288978424560543,0.6294952534005659,0.6294952534005659,0.6294952534005659,0.6296536431730745,0.6296536431730745,0.6296536431730745,0.630213487722881,0.630213487722881,0.630213487722881,0.6304892507802374,0.6304892507802374,0.6304892507802374,0.6307451987225178,0.6307451987225178,0.6307451987225178,0.6310947422995542,0.6310947422995542,0.6310947422995542,0.6313393676838808,0.6313393676838808,0.6313393676838808,0.6314494196988183,0.6314494196988183,0.6314494196988183,0.631664835936025,0.631664835936025,0.631664835936025,0.6318454207588345,0.6318454207588345,0.6318454207588345,0.6321048737857957,0.6321048737857957,0.6321048737857957,0.6322744592476082,0.6322744592476082,0.6322744592476082,0.632761652650923,0.632761652650923,0.632761652650923,0.6329782508093543,0.6329782508093543,0.6329782508093543,0.6333823993145933,0.6333823993145933,0.6333823993145933,0.6338109303897026,0.6338109303897026,0.6338109303897026,0.6341043575150334,0.6341043575150334,0.6341043575150334,0.6343418664494691,0.6343418664494691,0.6343418664494691,0.634684533324218,0.634684533324218,0.634684533324218,0.6348680272908632,0.6348680272908632,0.6348680272908632,0.6349800927869922,0.6349800927869922,0.6349800927869922,0.6355166828250374,0.6355166828250374,0.6355166828250374,0.6356365780200034,0.6356365780200034,0.6356365780200034,0.6359429566895011,0.6359429566895011,0.6359429566895011,0.6361571437109723,0.6361571437109723,0.6361571437109723,0.6364618147497185,0.6364618147497185,0.6364618147497185,0.636635035128885,0.636635035128885,0.636635035128885,0.6371233602895159,0.6371233602895159,0.6371233602895159,0.6374745874792176,0.6374745874792176,0.6374745874792176,0.6377970726053812,0.6377970726053812,0.6377970726053812,0.6382474669528083,0.6382474669528083,0.6382474669528083,0.6383511321779749,0.6383511321779749,0.6383511321779749,0.6386297638652848,0.6386297638652848,0.6386297638652848,0.638834645227831,0.638834645227831,0.638834645227831,0.6389842965059036,0.6389842965059036,0.6389842965059036,0.639151117403827,0.639151117403827,0.639151117403827,0.6392595894539179,0.6392595894539179,0.6392595894539179,0.6393617458635306,0.6393617458635306,0.6393617458635306,0.6397212747949657,0.6397212747949657,0.6397212747949657,0.6398603596640381,0.6398603596640381,0.6398603596640381,0.6400961985279,0.6400961985279,0.6400961985279,0.6401295135557208,0.6401295135557208,0.6401295135557208,0.6403423646730897,0.6403423646730897,0.6403423646730897,0.6405424709332698,0.6405424709332698,0.6405424709332698,0.6406360444687927,0.6406360444687927,0.6406360444687927,0.6407387836482472,0.6407387836482472,0.6407387836482472,0.6408744016716813,0.6408744016716813,0.6408744016716813,0.6410144582167742,0.6410144582167742,0.6410144582167742,0.6412554774322028,0.6412554774322028,0.6412554774322028,0.641415414113875,0.641415414113875,0.641415414113875,0.6416200481794159,0.6416200481794159,0.6416200481794159,0.6417247060205769,0.6417247060205769,0.6417247060205769,0.6418563042961334,0.6418563042961334,0.6418563042961334,0.6419702858952585,0.6419702858952585,0.6419702858952585,0.6420888276733481,0.6420888276733481,0.6420888276733481,0.6421692269588847,0.6421692269588847,
0.05840339773933215,0.05840339773933215,0.05840339773933215,0.0601293032159739,0.0601293032159739,0.0601293032159739,0.0804083864375814,0.0804083864375814,0.0804083864375814,0.10898062298501986,0.10898062298501986,0.10898062298501986,0.14724351307567304,0.14724351307567304,0.14724351307567304,0.18020920697673629,0.18020920697673629,0.18020920697673629,0.19574551978253876,0.19574551978253876,0.19574551978253876,0.22689119661013996,0.22689119661013996,0.22689119661013996,0.2563914709051634,0.2563914709051634,0.2563914709051634,0.28467785034643794,0.28467785034643794,0.28467785034643794,0.2978469491986383,0.2978469491986383,0.2978469491986383,0.30854547932917487,0.30854547932917487,0.30854547932917487,0.32291077634215876,0.32291077634215876,0.32291077634215876,0.3460208215996876,0.3460208215996876,0.3460208215996876,0.36513437863851805,0.36513437863851805,0.36513437863851805,0.3868034755113662,0.3868034755113662,0.3868034755113662,0.39580417342066854,0.39580417342066854,0.39580417342066854,0.4093567227893585,0.4093567227893585,0.4093567227893585,0.429169391642822,0.429169391642822,0.429169391642822,0.4378345870110425,0.4378345870110425,0.4378345870110425,0.451550626817207,0.451550626817207,0.451550626817207,0.4664082365414594,0.4664082365414594,0.4664082365414594,0.47295619600682987,0.47295619600682987,0.47295619600682987,0.48445680329174073,0.48445680329174073,0.48445680329174073,0.49348423184195367,0.49348423184195367,0.49348423184195367,0.5035585405490577,0.5035585405490577,0.5035585405490577,0.5063696256557457,0.5063696256557457,0.5063696256557457,0.5144409202987642,0.5144409202987642,0.5144409202987642,0.518533207895975,0.518533207895975,0.518533207895975,0.5255386379050926,0.5255386379050926,0.5255386379050926,0.528594520914566,0.528594520914566,0.528594520914566,0.5330465503087612,0.5330465503087612,0.5330465503087612,0.5381286836185448,0.5381286836185448,0.5381286836185448,0.5404388674055087,0.5404388674055087,0.5404388674055087,0.5435899446967133,0.5435899446967133,0.5435899446967133,0.5475418134643019,0.5475418134643019,0.5475418134643019,0.5508155245376264,0.5508155245376264,0.5508155245376264,0.553974769291663,0.553974769291663,0.553974769291663,0.5561760650291717,0.5561760650291717,0.5561760650291717,0.5574939745816146,0.5574939745816146,0.5574939745816146,0.5600359425563904,0.5600359425563904,0.5600359425563904,0.5617649162591474,0.5617649162591474,0.5617649162591474,0.5651877431587574,0.5651877431587574,0.5651877431587574,0.5666132028168531,0.5666132028168531,0.5666132028168531,0.5685903888099568,0.5685903888099568,0.5685903888099568,0.570813595297205,0.570813595297205,0.570813595297205,0.5736274914151459,0.5736274914151459,0.5736274914151459,0.5760146322740695,0.5760146322740695,0.5760146322740695,0.578044251273312,0.578044251273312,0.578044251273312,0.5789334309633407,0.5789334309633407,0.5789334309633407,0.5803157230405013,0.5803157230405013,0.5803157230405013,0.5815076418518511,0.5815076418518511,0.5815076418518511,0.5831417686941909,0.5831417686941909,0.5831417686941909,0.585064151498339,0.585064151498339,0.585064151498339,0.5862562722208439,0.5862562722208439,0.5862562722208439,0.5872019018172744,0.5872019018172744,0.5872019018172744,0.5883890787903804,0.5883890787903804,0.5883890787903804,0.5894967760374372,0.5894967760374372,0.5894967760374372,0.5909761619759607,0.5909761619759607,0.5909761619759607,0.5914411031343635,0.5914411031343635,0.5914411031343635,0.5944257177228319,0.5944257177228319,0.5944257177228319,0.5948709855741842,0.5948709855741842,0.5948709855741842,0.5957513958789994,0.5957513958789994,0.5957513958789994,0.5962473684137324,0.5962473684137324,0.5962473684137324,0.5969720829258873,0.5969720829258873,0.5969720829258873,0.5976174390536734,0.5976174390536734,0.5976174390536734,0.5979850134415076,0.5979850134415076,0.5979850134415076,0.5987266171507176,0.5987266171507176,0.5987266171507176,0.5994802355699451,0.5994802355699451,0.5994802355699451,0.6001682970338547,0.6001682970338547,0.6001682970338547,0.601007232875606,0.601007232875606,0.601007232875606,0.6017528287555176,0.6017528287555176,0.6017528287555176,0.6024486383680018,0.6024486383680018,0.6024486383680018,0.6030610920297663,0.6030610920297663,0.6030610920297663,0.6038210008870175,0.6038210008870175,0.6038210008870175,0.6045757526925294,0.6045757526925294,0.6045757526925294,0.6053238753922449,0.6053238753922449,0.6053238753922449,0.6059826566627493,0.6059826566627493,0.6059826566627493,0.6064436081070804,0.6064436081070804,0.6064436081070804,0.6068869587003044,0.6068869587003044,0.6068869587003044,0.6072793240322346,0.6072793240322346,0.6072793240322346,0.6078500430522438,0.6078500430522438,0.6078500430522438,0.6081678293404187,0.6081678293404187,0.6081678293404187,0.6090506180379874,0.6090506180379874,0.6090506180379874,0.6096700941162,0.6096700941162,0.6096700941162,0.6100973244767047,0.6100973244767047,0.6100973244767047,0.6108431690797365,0.6108431690797365,0.6108431690797365,0.6113125277578946,0.6113125277578946,0.6113125277578946,0.6116262767219738,0.6116262767219738,0.6116262767219738,0.6119038249480419,0.6119038249480419,0.6119038249480419,0.6122243144120354,0.6122243144120354,0.6122243144120354,0.6129398190538528,0.6129398190538528,0.6129398190538528,0.6133385659802771,0.6133385659802771,0.6133385659802771,0.6138571999651996,0.6138571999651996,0.6138571999651996,0.6142111241600581,0.6142111241600581,0.6142111241600581,0.61459376119332,0.61459376119332,0.61459376119332,0.6154889896851863,0.6154889896851863,0.6154889896851863,0.6158318505347141,0.6158318505347141,0.6158318505347141,0.6162373025340147,0.6162373025340147,0.6162373025340147,0.6164995825114272,0.6164995825114272,0.6164995825114272,0.6168856206928918,0.6168856206928918,0.6168856206928918,0.617162919173221,0.617162919173221,0.617162919173221,0.6173078199573484,0.6173078199573484,0.6173078199573484,0.6176036124464734,0.6176036124464734,0.6176036124464734,0.617868861275256,0.617868861275256,0.617868861275256,0.6182903357388952,0.6182903357388952,0.6182903357388952,0.6186128349143619,0.6186128349143619,0.6186128349143619,0.6188419792046683,0.6188419792046683,0.6188419792046683,0.6191308841867101,0.6191308841867101,0.6191308841867101,0.6193802200279378,0.6193802200279378,0.6193802200279378,0.6196162046257664,0.6196162046257664,0.6196162046257664,0.6199261293201523,0.6199261293201523,0.6199261293201523,0.6202288868826668,0.6202288868826668,0.6202288868826668,0.6212304848477931,0.6212304848477931,0.6212304848477931,0.6214853180195804,0.6214853180195804,0.6214853180195804,0.6220766570585468,0.6220766570585468,0.6220766570585468,0.6222217287719453,0.6222217287719453,0.6222217287719453,0.6223575414769887,0.6223575414769887,0.6223575414769887,0.6227647811656339,0.6227647811656339,0.6227647811656339,0.6228542609535233,0.6228542609535233,0.6228542609535233,0.6232592712327394,0.6232592712327394,0.6232592712327394,0.6236695471019784,0.6236695471019784,0.6236695471019784,0.623929735960676,0.623929735960676,0.623929735960676,0.624147896385659,0.624147896385659,0.624147896385659,0.6244064514517795,0.6244064514517795,0.6244064514517795,0.6245205107604128,0.6245205107604128,0.6245205107604128,0.624646487445048,0.624646487445048,0.624646487445048,0.624713928651704,0.624713928651704,0.624713928651704,0.6249522774873054,0.6249522774873054,0.6249522774873054,0.6251224957011873,0.6251224957011873,0.6251224957011873,0.6253310978967813,0.6253310978967813,0.6253310978967813,0.6253604769826828,0.6253604769826828,0.6253604769826828,0.6255297666341625,0.6255297666341625,0.6255297666341625,0.6257444465336985,0.6257444465336985,0.6257444465336985,0.6259938711766332,0.6259938711766332,0.6259938711766332,0.6261280616171333,0.6261280616171333,0.6261280616171333,0.6263241210482546,0.6263241210482546,0.6263241210482546,0.6268774603294517,0.6268774603294517,0.6268774603294517,0.6270084763210244,0.6270084763210244,0.6270084763210244,0.6270328387911266,0.6270328387911266,0.6270328387911266,0.6273392562106619,0.6273392562106619,0.6273392562106619,0.6274454069037046,0.6274454069037046,0.6274454069037046,0.6275285030485275,0.6275285030485275,0.6275285030485275,0.6276511680007602,0.6276511680007602,0.6276511680007602,0.6278192996499105,0.6278192996499105,0.6278192996499105,0.6280343297949278,0.6280343297949278,0.6280343297949278,0.6281230444292911,0.6281230444292911,0.6281230444292911,0.6282490148021362,0.6282490148021362,0.6282490148021362,0.6283309998117014,0.6283309998117014,0.6283309998117014,0.6284012069348175,0.6284012069348175,0.6284012069348175,0.62848138504972,0.62848138504972,0.62848138504972,0.628730564340169,0.628730564340169,0.628730564340169,0.6289281267505684,0.6289281267505684,0.6289281267505684,0.6289890582127571,0.6289890582127571,0.6289890582127571,0.6290586645216396,0.6290586645216396,0.6290586645216396,0.6291473008358622,0.6291473008358622,0.6291473008358622,0.6292310090331213,0.6292310090331213,0.6292310090331213,0.6300031304821867,0.6300031304821867,0.6300031304821867,0.6300487473396019,0.6300487473396019,0.6300487473396019,0.630088473940604,0.630088473940604,0.630088473940604,0.6302004612241027,0.6302004612241027,0.6302004612241027,0.6303007292263896,0.6303007292263896,0.6303007292263896,0.6303746906665487,0.6303746906665487,0.6303746906665487,0.6306525269948741,0.6306525269948741,0.6306525269948741,0.6306866850188436,0.6306866850188436,0.6306866850188436,0.6308001352781601,0.6308001352781601,0.6308001352781601,0.6309523373461453,0.6309523373461453,
2.8971211590880902E-5,2.8971211590880902E-5,2.8971211590880902E-5,0.003501629714479995,0.003501629714479995,0.003501629714479995,0.038919628514626596,0.038919628514626596,0.038919628514626596,0.0918799122410098,0.0918799122410098,0.0918799122410098,0.09242759901842425,0.09242759901842425,0.09242759901842425,0.10957120062876606,0.10957120062876606,0.10957120062876606,0.1729484130077308,0.1729484130077308,0.1729484130077308,0.20701908288288828,0.20701908288288828,0.20701908288288828,0.23788693459228444,0.23788693459228444,0.23788693459228444,0.25160464041968084,0.25160464041968084,0.25160464041968084,0.2815131037446721,0.2815131037446721,0.2815131037446721,0.2958544317484317,0.2958544317484317,0.2958544317484317,0.36741219519571583,0.36741219519571583,0.36741219519571583,0.3748513046544057,0.3748513046544057,0.3748513046544057,0.41689162448646183,0.41689162448646183,0.41689162448646183,0.4273017840466124,0.4273017840466124,0.4273017840466124,0.44113890220931684,0.44113890220931684,0.44113890220931684,0.45168545753158146,0.45168545753158146,0.45168545753158146,0.4659491261579579,0.4659491261579579,0.4659491261579579,0.4763783357575903,0.4763783357575903,0.4763783357575903,0.48385562859809267,0.48385562859809267,0.48385562859809267,0.4874486609227249,0.4874486609227249,0.4874486609227249,0.4971437553819543,0.4971437553819543,0.4971437553819543,0.5029586911874111,0.5029586911874111,0.5029586911874111,0.510235412731154,0.510235412731154,0.510235412731154,0.5158483713218396,0.5158483713218396,0.5158483713218396,0.5220859275696533,0.5220859275696533,0.5220859275696533,0.5256654891356523,0.5256654891356523,0.5256654891356523,0.5275177724900996,0.5275177724900996,0.5275177724900996,0.5333512384676337,0.5333512384676337,0.5333512384676337,0.5358951007214344,0.5358951007214344,0.5358951007214344,0.5414345684110006,0.5414345684110006,0.5414345684110006,0.5448281820298323,0.5448281820298323,0.5448281820298323,0.5483042784235542,0.5483042784235542,0.5483042784235542,0.5523231914236182,0.5523231914236182,0.5523231914236182,0.5547382868431546,0.5547382868431546,0.5547382868431546,0.5577108828995123,0.5577108828995123,0.5577108828995123,0.5611894630223625,0.5611894630223625,0.5611894630223625,0.5635732225139053,0.5635732225139053,0.5635732225139053,0.5666611082912809,0.5666611082912809,0.5666611082912809,0.5692028540368834,0.5692028540368834,0.5692028540368834,0.5706420618713043,0.5706420618713043,0.5706420618713043,0.5724816890683702,0.5724816890683702,0.5724816890683702,0.5755785175534115,0.5755785175534115,0.5755785175534115,0.5786048671707924,0.5786048671707924,0.5786048671707924,0.5806474198987123,0.5806474198987123,0.5806474198987123,0.5830325517411336,0.5830325517411336,0.5830325517411336,0.5843273375647559,0.5843273375647559,0.5843273375647559,0.5852685021964846,0.5852685021964846,0.5852685021964846,0.5870688038155037,0.5870688038155037,0.5870688038155037,0.5882127717469474,0.5882127717469474,0.5882127717469474,0.5894795693480102,0.5894795693480102,0.5894795693480102,0.5908208966680508,0.5908208966680508,0.5908208966680508,0.5921447588139667,0.5921447588139667,0.5921447588139667,0.5941503203823714,0.5941503203823714,0.5941503203823714,0.5954763704933997,0.5954763704933997,0.5954763704933997,0.5964620852084538,0.5964620852084538,0.5964620852084538,0.5971964806719597,0.5971964806719597,0.5971964806719597,0.5984557230525527,0.5984557230525527,0.5984557230525527,0.5990648988871634,0.5990648988871634,0.5990648988871634,0.5999634658721981,0.5999634658721981,0.5999634658721981,0.6008826006294568,0.6008826006294568,0.6008826006294568,0.601452605936153,0.601452605936153,0.601452605936153,0.6019406755467602,0.6019406755467602,0.6019406755467602,0.6024672477139192,0.6024672477139192,0.6024672477139192,0.6032198392594529,0.6032198392594529,0.6032198392594529,0.6036817879180972,0.6036817879180972,0.6036817879180972,0.6044237145644924,0.6044237145644924,0.6044237145644924,0.6052692325355455,0.6052692325355455,0.6052692325355455,0.6060341792821837,0.6060341792821837,0.6060341792821837,0.6064986435827278,0.6064986435827278,0.6064986435827278,0.6070519368502885,0.6070519368502885,0.6070519368502885,0.6075362226692071,0.6075362226692071,0.6075362226692071,0.6081483881330171,0.6081483881330171,0.6081483881330171,0.6086680001908015,0.6086680001908015,0.6086680001908015,0.6096017279529845,0.6096017279529845,0.6096017279529845,0.6100630627916436,0.6100630627916436,0.6100630627916436,0.6105348698465007,0.6105348698465007,0.6105348698465007,0.6110583953734324,0.6110583953734324,0.6110583953734324,0.6116746679443594,0.6116746679443594,0.6116746679443594,0.6120931594731186,0.6120931594731186,0.6120931594731186,0.6130955090325816,0.6130955090325816,0.6130955090325816,0.6132961087218478,0.6132961087218478,0.6132961087218478,0.6137545716386001,0.6137545716386001,0.6137545716386001,0.6140273386428459,0.6140273386428459,0.6140273386428459,0.6146913835536124,0.6146913835536124,0.6146913835536124,0.6152249468655805,0.6152249468655805,0.6152249468655805,0.6156664655355151,0.6156664655355151,0.6156664655355151,0.6162838389184898,0.6162838389184898,0.6162838389184898,0.61674863707592,0.61674863707592,0.61674863707592,0.6172109041432605,0.6172109041432605,0.6172109041432605,0.6177332327864122,0.6177332327864122,0.6177332327864122,0.6180064870545158,0.6180064870545158,0.6180064870545158,0.6184853425415876,0.6184853425415876,0.6184853425415876,0.6187709226654641,0.6187709226654641,0.6187709226654641,0.6194372216558914,0.6194372216558914,0.6194372216558914,0.6198546101693212,0.6198546101693212,0.6198546101693212,0.6202824146025518,0.6202824146025518,0.6202824146025518,0.6207052320171623,0.6207052320171623,0.6207052320171623,0.6210553464564862,0.6210553464564862,0.6210553464564862,0.6212537506920951,0.6212537506920951,0.6212537506920951,0.6214473310948088,0.6214473310948088,0.6214473310948088,0.6217322906818084,0.6217322906818084,0.6217322906818084,0.6220108906393487,0.6220108906393487,0.6220108906393487,0.622194075384164,0.622194075384164,0.622194075384164,0.6227067808507989,0.6227067808507989,0.6227067808507989,0.6228911121813142,0.6228911121813142,0.6228911121813142,0.6230694623008332,0.6230694623008332,0.6230694623008332,0.6235902833064626,0.6235902833064626,0.6235902833064626,0.6237685758509139,0.6237685758509139,0.6237685758509139,0.6239757657887058,0.6239757657887058,0.6239757657887058,0.6242604994101905,0.6242604994101905,0.6242604994101905,0.6247580838132867,0.6247580838132867,0.6247580838132867,0.6249679740356909,0.6249679740356909,0.6249679740356909,0.6252310390663168,0.6252310390663168,0.6252310390663168,0.6253669228082005,0.6253669228082005,0.6253669228082005,0.6255682681718089,0.6255682681718089,0.6255682681718089,0.6258944917167901,0.6258944917167901,0.6258944917167901,0.6262245130007682,0.6262245130007682,0.6262245130007682,0.6263534294379494,0.6263534294379494,0.6263534294379494,0.626580564707834,0.626580564707834,0.626580564707834,0.6268134112664959,0.6268134112664959,0.6268134112664959,0.6269947834783332,0.6269947834783332,0.6269947834783332,0.6271752456682764,0.6271752456682764,0.6271752456682764,0.6274915011265789,0.6274915011265789,0.6274915011265789,0.6275612840172176,0.6275612840172176,0.6275612840172176,0.6277536415246305,0.6277536415246305,0.6277536415246305,0.6279074469115021,0.6279074469115021,0.6279074469115021,0.6281836425687508,0.6281836425687508,0.6281836425687508,0.6284180990862149,0.6284180990862149,0.6284180990862149,0.6286120145307671,0.6286120145307671,0.6286120145307671,0.6287606491470668,0.6287606491470668,0.6287606491470668,0.6289648776824893,0.6289648776824893,0.6289648776824893,0.6292375631511455,0.6292375631511455,0.6292375631511455,0.6293992476380469,0.6293992476380469,0.6293992476380469,0.6295003377881491,0.6295003377881491,0.6295003377881491,0.6297044561135808,0.6297044561135808,0.6297044561135808,0.6297507265531069,0.6297507265531069,0.6297507265531069,0.6299108513354371,0.6299108513354371,0.6299108513354371,0.6300551476629461,0.6300551476629461,0.6300551476629461,0.6302802009967367,0.6302802009967367,0.6302802009967367,0.6303874035479101,0.6303874035479101,0.6303874035479101,0.6305066777192241,0.6305066777192241,0.6305066777192241,0.6307124187762005,0.6307124187762005,0.6307124187762005,0.6307372498904399,0.6307372498904399,0.6307372498904399,0.6312999720069928,0.6312999720069928,0.6312999720069928,0.6313741470370665,0.6313741470370665,0.6313741470370665,0.6315154272170195,0.6315154272170195,0.6315154272170195,0.6315960068222364,0.6315960068222364,0.6315960068222364,0.6317368095037891,0.6317368095037891,0.6317368095037891,0.6317639592781905,0.6317639592781905,0.6317639592781905,0.6318720493419968,0.6318720493419968,0.6318720493419968,0.6324885325223466,0.6324885325223466,0.6324885325223466,0.6325578007613257,0.6325578007613257,0.6325578007613257,0.6328720402215255,0.6328720402215255,0.6328720402215255,0.6329673834338159,0.6329673834338159,0.6329673834338159,0.6330262195950954,0.6330262195950954,0.6330262195950954,0.6331140773256237,0.6331140773256237,0.6331140773256237,0.6331476467607539,0.6331476467607539,0.6331476467607539,0.6332306812692474,0.6332306812692474,0.6332306812692474,0.6333953768267157,0.6333953768267157,0.6333953768267157,0.6334904687869322,0.6334904687869322,0.6334904687869322,0.6335365199428918,0.6335365199428918,0.6335365199428918,0.6335852364564278,0.6335852364564278,0.6335852364564278,0.6338207049978621,0.6338207049978621,0.6338207049978621,0.6339412486355429,0.6339412486355429,0.6339412486355429,0.6339606785831086,0.6339606785831086,
0.04724168088814268,0.04724168088814268,0.04724168088814268,0.0581740720405438,0.0581740720405438,0.0581740720405438,0.09463828052863571,0.09463828052863571,0.09463828052863571,0.10931399125623695,0.10931399125623695,0.10931399125623695,0.1186958670100734,0.1186958670100734,0.1186958670100734,0.15843327193729262,0.15843327193729262,0.15843327193729262,0.17099941107638694,0.17099941107638694,0.17099941107638694,0.20549375379619939,0.20549375379619939,0.20549375379619939,0.23147081752805404,0.23147081752805404,0.23147081752805404,0.2626248294101715,0.2626248294101715,0.2626248294101715,0.2988936474776039,0.2988936474776039,0.2988936474776039,0.3292393315742413,0.3292393315742413,0.3292393315742413,0.33935454308139246,0.33935454308139246,0.33935454308139246,0.35450822474394844,0.35450822474394844,0.35450822474394844,0.379812004315189,0.379812004315189,0.379812004315189,0.3939805078057242,0.3939805078057242,0.3939805078057242,0.40364927654861343,0.40364927654861343,0.40364927654861343,0.42363848041780816,0.42363848041780816,0.42363848041780816,0.4347274466875856,0.4347274466875856,0.4347274466875856,0.4436524716427071,0.4436524716427071,0.4436524716427071,0.4503076907353164,0.4503076907353164,0.4503076907353164,0.46413943356673787,0.46413943356673787,0.46413943356673787,0.46886798438160665,0.46886798438160665,0.46886798438160665,0.48105717188994074,0.48105717188994074,0.48105717188994074,0.48434010605923355,0.48434010605923355,0.48434010605923355,0.49220307965949966,0.49220307965949966,0.49220307965949966,0.4978025218891393,0.4978025218891393,0.4978025218891393,0.5013977488747603,0.5013977488747603,0.5013977488747603,0.5062496201189002,0.5062496201189002,0.5062496201189002,0.516020110319464,0.516020110319464,0.516020110319464,0.5210524382469472,0.5210524382469472,0.5210524382469472,0.5278244826830322,0.5278244826830322,0.5278244826830322,0.5296829215440627,0.5296829215440627,0.5296829215440627,0.5351116354028279,0.5351116354028279,0.5351116354028279,0.5370114574539242,0.5370114574539242,0.5370114574539242,0.5417252986533484,0.5417252986533484,0.5417252986533484,0.5441497258157447,0.5441497258157447,0.5441497258157447,0.5459233978794904,0.5459233978794904,0.5459233978794904,0.5498500570669418,0.5498500570669418,0.5498500570669418,0.553257191998402,0.553257191998402,0.553257191998402,0.5567759594584727,0.5567759594584727,0.5567759594584727,0.5596666660900869,0.5596666660900869,0.5596666660900869,0.5638878653263736,0.5638878653263736,0.5638878653263736,0.5655201907696801,0.5655201907696801,0.5655201907696801,0.5700939348373562,0.5700939348373562,0.5700939348373562,0.5720094809793846,0.5720094809793846,0.5720094809793846,0.572968397261565,0.572968397261565,0.572968397261565,0.5752478491364363,0.5752478491364363,0.5752478491364363,0.5774999427328635,0.5774999427328635,0.5774999427328635,0.578905322440934,0.578905322440934,0.578905322440934,0.5810517050783681,0.5810517050783681,0.5810517050783681,0.5828119172616589,0.5828119172616589,0.5828119172616589,0.5837884194875659,0.5837884194875659,0.5837884194875659,0.5851121443303192,0.5851121443303192,0.5851121443303192,0.5858214402044716,0.5858214402044716,0.5858214402044716,0.5886364047861635,0.5886364047861635,0.5886364047861635,0.5903508210136121,0.5903508210136121,0.5903508210136121,0.5913125883328494,0.5913125883328494,0.5913125883328494,0.5922398413194414,0.5922398413194414,0.5922398413194414,0.5929219692653237,0.5929219692653237,0.5929219692653237,0.5950983170698847,0.5950983170698847,0.5950983170698847,0.5966915592952868,0.5966915592952868,0.5966915592952868,0.5984143664375345,0.5984143664375345,0.5984143664375345,0.6002400388785889,0.6002400388785889,0.6002400388785889,0.6012344767465602,0.6012344767465602,0.6012344767465602,0.6024675570802672,0.6024675570802672,0.6024675570802672,0.6032966206790916,0.6032966206790916,0.6032966206790916,0.6038949097607054,0.6038949097607054,0.6038949097607054,0.6044089588559233,0.6044089588559233,0.6044089588559233,0.6053035573546065,0.6053035573546065,0.6053035573546065,0.606083807087979,0.606083807087979,0.606083807087979,0.6064776330704618,0.6064776330704618,0.6064776330704618,0.6073580678416415,0.6073580678416415,0.6073580678416415,0.6080605067776702,0.6080605067776702,0.6080605067776702,0.6091091968887965,0.6091091968887965,0.6091091968887965,0.6098226205180963,0.6098226205180963,0.6098226205180963,0.6108344681334251,0.6108344681334251,0.6108344681334251,0.6113194709434797,0.6113194709434797,0.6113194709434797,0.6122861817433125,0.6122861817433125,0.6122861817433125,0.612550135870969,0.612550135870969,0.612550135870969,0.6131034896204539,0.6131034896204539,0.6131034896204539,0.6134935117936889,0.6134935117936889,0.6134935117936889,0.6155437280656707,0.6155437280656707,0.6155437280656707,0.6159247474486409,0.6159247474486409,0.6159247474486409,0.6165117713476612,0.6165117713476612,0.6165117713476612,0.6169157127893273,0.6169157127893273,0.6169157127893273,0.6172427187219318,0.6172427187219318,0.6172427187219318,0.6180237511742391,0.6180237511742391,0.6180237511742391,0.6186058967192501,0.6186058967192501,0.6186058967192501,0.6189112436805695,0.6189112436805695,0.6189112436805695,0.6194164495335417,0.6194164495335417,0.6194164495335417,0.6196580478123552,0.6196580478123552,0.6196580478123552,0.6204559840168218,0.6204559840168218,0.6204559840168218,0.6207097913211889,0.6207097913211889,0.6207097913211889,0.6210002430716459,0.6210002430716459,0.6210002430716459,0.6214722693106486,0.6214722693106486,0.6214722693106486,0.6220014162216052,0.6220014162216052,0.6220014162216052,0.6225162779140708,0.6225162779140708,0.6225162779140708,0.6232614677516531,0.6232614677516531,0.6232614677516531,0.6234815985586695,0.6234815985586695,0.6234815985586695,0.623973012468691,0.623973012468691,0.623973012468691,0.6243239638835767,0.6243239638835767,0.6243239638835767,0.62461254286484,0.62461254286484,0.62461254286484,0.6251231743515353,0.6251231743515353,0.6251231743515353,0.6254399718641794,0.6254399718641794,0.6254399718641794,0.6255445862519508,0.6255445862519508,0.6255445862519508,0.6259194809302784,0.6259194809302784,0.6259194809302784,0.6262236650247156,0.6262236650247156,0.6262236650247156,0.6264687800961909,0.6264687800961909,0.6264687800961909,0.6271006086078308,0.6271006086078308,0.6271006086078308,0.6275192345610235,0.6275192345610235,0.6275192345610235,0.6277879419685053,0.6277879419685053,0.6277879419685053,0.6279413292099826,0.6279413292099826,0.6279413292099826,0.6281503381995288,0.6281503381995288,0.6281503381995288,0.6283048574309871,0.6283048574309871,0.6283048574309871,0.6285961087666739,0.6285961087666739,0.6285961087666739,0.6290035917032201,0.6290035917032201,0.6290035917032201,0.6291588572478594,0.6291588572478594,0.6291588572478594,0.6295085996849413,0.6295085996849413,0.6295085996849413,0.6297996825844508,0.6297996825844508,0.6297996825844508,0.6299077476865592,0.6299077476865592,0.6299077476865592,0.630127804403428,0.630127804403428,0.630127804403428,0.6303012296277711,0.6303012296277711,0.6303012296277711,0.6304511255419224,0.6304511255419224,0.6304511255419224,0.6305902386397456,0.6305902386397456,0.6305902386397456,0.6308274882189914,0.6308274882189914,0.6308274882189914,0.6311125906043789,0.6311125906043789,0.6311125906043789,0.6313848255814721,0.6313848255814721,0.6313848255814721,0.631829946919345,0.631829946919345,0.631829946919345,0.6320755637370719,0.6320755637370719,0.6320755637370719,0.63235848005605,0.63235848005605,0.63235848005605,0.6324532407267965,0.6324532407267965,0.6324532407267965,0.6325266454492865,0.6325266454492865,0.6325266454492865,0.6327549968819671,0.6327549968819671,0.6327549968819671,0.6329462038843126,0.6329462038843126,0.6329462038843126,0.6330309427365045,0.6330309427365045,0.6330309427365045,0.6331442173008712,0.6331442173008712,0.6331442173008712,0.6337619715721423,0.6337619715721423,0.6337619715721423,0.6338023695194139,0.6338023695194139,0.6338023695194139,0.6339394919398269,0.6339394919398269,0.6339394919398269,0.6340587372576072,0.6340587372576072,0.6340587372576072,0.6343130709072288,0.6343130709072288,0.6343130709072288,0.6343921330694062,0.6343921330694062,0.6343921330694062,0.6344408109465255,0.6344408109465255,0.6344408109465255,0.6347129520301105,0.6347129520301105,0.6347129520301105,0.6350299869061974,0.6350299869061974,0.6350299869061974,0.6351836621646039,0.6351836621646039,0.6351836621646039,0.6354807408232644,0.6354807408232644,0.6354807408232644,0.6357838523144967,0.6357838523144967,0.6357838523144967,0.6358470495342553,0.6358470495342553,0.6358470495342553,0.635911324977712,0.635911324977712,0.635911324977712,0.6360234293722148,0.6360234293722148,0.6360234293722148,0.6362571887161985,0.6362571887161985,0.6362571887161985,0.6363825419101351,0.6363825419101351,0.6363825419101351,0.6364622097446582,0.6364622097446582,0.6364622097446582,0.6366941421079972,0.6366941421079972,0.6366941421079972,0.636998039140978,0.636998039140978,0.636998039140978,0.6372779765927068,0.6372779765927068,0.6372779765927068,0.6374473345804438,0.6374473345804438,0.6374473345804438,0.6375791635422894,0.6375791635422894,0.6375791635422894,0.6376926887572754,0.6376926887572754,0.6376926887572754,0.6377994036727225,0.6377994036727225,0.6377994036727225,0.6379472842967606,0.6379472842967606,0.6379472842967606,0.6380225037572954,0.6380225037572954,0.6380225037572954,0.6380781521217718,0.6380781521217718,0.6380781521217718,0.638280105855442,0.638280105855442,0.638280105855442,0.6385929566077194,0.6385929566077194,
0.019701241720263753,0.019701241720263753,0.019701241720263753,0.02159857427050749,0.02159857427050749,0.02159857427050749,0.04601737010591927,0.04601737010591927,0.04601737010591927,0.07797669378131264,0.07797669378131264,0.07797669378131264,0.11984889521756656,0.11984889521756656,0.11984889521756656,0.15212515878406516,0.15212515878406516,0.15212515878406516,0.17788264382274122,0.17788264382274122,0.17788264382274122,0.2117748690446479,0.2117748690446479,0.2117748690446479,0.24041695724786863,0.24041695724786863,0.24041695724786863,0.25430617508547315,0.25430617508547315,0.25430617508547315,0.2882952252629794,0.2882952252629794,0.2882952252629794,0.29948122859887505,0.29948122859887505,0.29948122859887505,0.3284848467311012,0.3284848467311012,0.3284848467311012,0.3511613596338505,0.3511613596338505,0.3511613596338505,0.3627837119968372,0.3627837119968372,0.3627837119968372,0.3867296105564432,0.3867296105564432,0.3867296105564432,0.40226911890114064,0.40226911890114064,0.40226911890114064,0.41744140973985616,0.41744140973985616,0.41744140973985616,0.43379980930087203,0.43379980930087203,0.43379980930087203,0.438003679179095,0.438003679179095,0.438003679179095,0.44272082661504797,0.44272082661504797,0.44272082661504797,0.4480806984143454,0.4480806984143454,0.4480806984143454,0.46083677552182456,0.46083677552182456,0.46083677552182456,0.4679609242438284,0.4679609242438284,0.4679609242438284,0.47642036684428535,0.47642036684428535,0.47642036684428535,0.48707025302929996,0.48707025302929996,0.48707025302929996,0.49227107856169294,0.49227107856169294,0.49227107856169294,0.4995440353336833,0.4995440353336833,0.4995440353336833,0.5070881741857091,0.5070881741857091,0.5070881741857091,0.5111478567693731,0.5111478567693731,0.5111478567693731,0.5172226205115835,0.5172226205115835,0.5172226205115835,0.5232977319672563,0.5232977319672563,0.5232977319672563,0.5281680254674355,0.5281680254674355,0.5281680254674355,0.5316673050614383,0.5316673050614383,0.5316673050614383,0.5354542247725218,0.5354542247725218,0.5354542247725218,0.5379481081481623,0.5379481081481623,0.5379481081481623,0.5420665575400828,0.5420665575400828,0.5420665575400828,0.5460650422269597,0.5460650422269597,0.5460650422269597,0.5498152159390322,0.5498152159390322,0.5498152159390322,0.5531293111404104,0.5531293111404104,0.5531293111404104,0.5568773536561447,0.5568773536561447,0.5568773536561447,0.5590436228440797,0.5590436228440797,0.5590436228440797,0.5606309000221048,0.5606309000221048,0.5606309000221048,0.566806515299385,0.566806515299385,0.566806515299385,0.568610665693339,0.568610665693339,0.568610665693339,0.5711769014004993,0.5711769014004993,0.5711769014004993,0.5741671873655734,0.5741671873655734,0.5741671873655734,0.5770778547360451,0.5770778547360451,0.5770778547360451,0.5788904003381059,0.5788904003381059,0.5788904003381059,0.580690269910061,0.580690269910061,0.580690269910061,0.5828107252562543,0.5828107252562543,0.5828107252562543,0.5856860026680245,0.5856860026680245,0.5856860026680245,0.5870939493976498,0.5870939493976498,0.5870939493976498,0.5904268070776033,0.5904268070776033,0.5904268070776033,0.5933152291800027,0.5933152291800027,0.5933152291800027,0.5943324445709419,0.5943324445709419,0.5943324445709419,0.5950239476567794,0.5950239476567794,0.5950239476567794,0.5958879074350191,0.5958879074350191,0.5958879074350191,0.5969001226739518,0.5969001226739518,0.5969001226739518,0.5985584113864828,0.5985584113864828,0.5985584113864828,0.600059095755121,0.600059095755121,0.600059095755121,0.6008094618431229,0.6008094618431229,0.6008094618431229,0.601427265857694,0.601427265857694,0.601427265857694,0.6027954490880564,0.6027954490880564,0.6027954490880564,0.603634791212362,0.603634791212362,0.603634791212362,0.6046440965607411,0.6046440965607411,0.6046440965607411,0.6056447957642317,0.6056447957642317,0.6056447957642317,0.6061629881991681,0.6061629881991681,0.6061629881991681,0.606955780135204,0.606955780135204,0.606955780135204,0.6078776948374754,0.6078776948374754,0.6078776948374754,0.6091208965852198,0.6091208965852198,0.6091208965852198,0.609393157980539,0.609393157980539,0.609393157980539,0.6104825941347846,0.6104825941347846,0.6104825941347846,0.6109361245856919,0.6109361245856919,0.6109361245856919,0.6118393119914336,0.6118393119914336,0.6118393119914336,0.6133439299973992,0.6133439299973992,0.6133439299973992,0.6136929398278987,0.6136929398278987,0.6136929398278987,0.6140493936649155,0.6140493936649155,0.6140493936649155,0.6146387224051387,0.6146387224051387,0.6146387224051387,0.6153911805552539,0.6153911805552539,0.6153911805552539,0.6156861775572978,0.6156861775572978,0.6156861775572978,0.6161213603779906,0.6161213603779906,0.6161213603779906,0.6164475679313574,0.6164475679313574,0.6164475679313574,0.6167505629951028,0.6167505629951028,0.6167505629951028,0.6173862474790816,0.6173862474790816,0.6173862474790816,0.6177947977738416,0.6177947977738416,0.6177947977738416,0.6184198864310299,0.6184198864310299,0.6184198864310299,0.619182829007346,0.619182829007346,0.619182829007346,0.6195664612713454,0.6195664612713454,0.6195664612713454,0.6200925388510617,0.6200925388510617,0.6200925388510617,0.6202645872538743,0.6202645872538743,0.6202645872538743,0.6205901445523478,0.6205901445523478,0.6205901445523478,0.6208361507592843,0.6208361507592843,0.6208361507592843,0.6211153566333946,0.6211153566333946,0.6211153566333946,0.6216457230269247,0.6216457230269247,0.6216457230269247,0.6218695069879403,0.6218695069879403,0.6218695069879403,0.6221084855761984,0.6221084855761984,0.6221084855761984,0.6223218436576299,0.6223218436576299,0.6223218436576299,0.6224855125117135,0.6224855125117135,0.6224855125117135,0.6234402141824581,0.6234402141824581,0.6234402141824581,0.6237206777373339,0.6237206777373339,0.6237206777373339,0.6240753952133126,0.6240753952133126,0.6240753952133126,0.6243190834238059,0.6243190834238059,0.6243190834238059,0.624580149248058,0.624580149248058,0.624580149248058,0.6248743903867036,0.6248743903867036,0.6248743903867036,0.625249902754815,0.625249902754815,0.625249902754815,0.6255773667623579,0.6255773667623579,0.6255773667623579,0.6262788597308502,0.6262788597308502,0.6262788597308502,0.6264376901092382,0.6264376901092382,0.6264376901092382,0.6267902871614363,0.6267902871614363,0.6267902871614363,0.6271293325664933,0.6271293325664933,0.6271293325664933,0.6273621442087586,0.6273621442087586,0.6273621442087586,0.6276470511893278,0.6276470511893278,0.6276470511893278,0.628279352846139,0.628279352846139,0.628279352846139,0.6285944481250192,0.6285944481250192,0.6285944481250192,0.6288162093374361,0.6288162093374361,0.6288162093374361,0.6290130198261699,0.6290130198261699,0.6290130198261699,0.6292138512689478,0.6292138512689478,0.6292138512689478,0.629317209781878,0.629317209781878,0.629317209781878,0.6295491587276154,0.6295491587276154,0.6295491587276154,0.6297195295621795,0.6297195295621795,0.6297195295621795,0.62982522329556,0.62982522329556,0.62982522329556,0.6301279587016713,0.6301279587016713,0.6301279587016713,0.6302996860520826,0.6302996860520826,0.6302996860520826,0.6304481421963217,0.6304481421963217,0.6304481421963217,0.6305644507133525,0.6305644507133525,0.6305644507133525,0.6306236720957265,0.6306236720957265,0.6306236720957265,0.6307802748166579,0.6307802748166579,0.6307802748166579,0.6309689217500062,0.6309689217500062,0.6309689217500062,0.6310933933376602,0.6310933933376602,0.6310933933376602,0.6311404954567151,0.6311404954567151,0.6311404954567151,0.6311905255854974,0.6311905255854974,0.6311905255854974,0.6313842474094463,0.6313842474094463,0.6313842474094463,0.6315318507235339,0.6315318507235339,0.6315318507235339,0.6318723633492606,0.6318723633492606,0.6318723633492606,0.6319123844217124,0.6319123844217124,0.6319123844217124,0.6324075576371381,0.6324075576371381,0.6324075576371381,0.6325083326245081,0.6325083326245081,0.6325083326245081,0.6329472759595796,0.6329472759595796,0.6329472759595796,0.6330649880035644,0.6330649880035644,0.6330649880035644,0.6331899682052674,0.6331899682052674,0.6331899682052674,0.6332556778767494,0.6332556778767494,0.6332556778767494,0.6333394696316138,0.6333394696316138,0.6333394696316138,0.6334073714414403,0.6334073714414403,0.6334073714414403,0.6338283845374421,0.6338283845374421,0.6338283845374421,0.6338977385180007,0.6338977385180007,0.6338977385180007,0.6339991530935145,0.6339991530935145,0.6339991530935145,0.6340894372904581,0.6340894372904581,0.6340894372904581,0.6342062402393674,0.6342062402393674,0.6342062402393674,0.6342736441466896,0.6342736441466896,0.6342736441466896,0.6343724455943847,0.6343724455943847,0.6343724455943847,0.6344538897853729,0.6344538897853729,0.6344538897853729,0.6346178048264018,0.6346178048264018,0.6346178048264018,0.6347825803661092,0.6347825803661092,0.6347825803661092,0.6348646957149167,0.6348646957149167,0.6348646957149167,0.6348969464402965,0.6348969464402965,0.6348969464402965,0.6349861709234571,0.6349861709234571,0.6349861709234571,0.6350146067224838,0.6350146067224838,0.6350146067224838,0.6350661185912735,0.6350661185912735,0.6350661185912735,0.6350806486324987,0.6350806486324987,0.6350806486324987,0.6351732317745428,0.6351732317745428,0.6351732317745428,0.6352581573755945,0.6352581573755945,0.6352581573755945,0.6352948532173084,0.6352948532173084,0.6352948532173084,0.6353703293080624,0.6353703293080624,0.6353703293080624,0.6354159605310299,0.6354159605310299,0.6354159605310299,0.6354653623815255,0.6354653623815255,0.6354653623815255,0.6355068202670972,0.6355068202670972,
0.07946143036331059,0.07946143036331059,0.07946143036331059,0.0803733157204518,0.0803733157204518,0.0803733157204518,0.08220729750031446,0.08220729750031446,0.08220729750031446,0.08258872640126867,0.08258872640126867,0.08258872640126867,0.10505027928475995,0.10505027928475995,0.10505027928475995,0.12641828064214938,0.12641828064214938,0.12641828064214938,0.18033415519588075,0.18033415519588075,0.18033415519588075,0.23238850018814716,0.23238850018814716,0.23238850018814716,0.24761291046898226,0.24761291046898226,0.24761291046898226,0.28676413583450416,0.28676413583450416,0.28676413583450416,0.30914920962682113,0.30914920962682113,0.30914920962682113,0.3169821389105512,0.3169821389105512,0.3169821389105512,0.34036683412109425,0.34036683412109425,0.34036683412109425,0.36329485888572416,0.36329485888572416,0.36329485888572416,0.39444337683084923,0.39444337683084923,0.39444337683084923,0.40772753571341414,0.40772753571341414,0.40772753571341414,0.4228434771434613,0.4228434771434613,0.4228434771434613,0.4294944628801155,0.4294944628801155,0.4294944628801155,0.43658388000618537,0.43658388000618537,0.43658388000618537,0.44237876104047136,0.44237876104047136,0.44237876104047136,0.455141409423639,0.455141409423639,0.455141409423639,0.45935699663483787,0.45935699663483787,0.45935699663483787,0.469868805340303,0.469868805340303,0.469868805340303,0.47628650468767997,0.47628650468767997,0.47628650468767997,0.48387289534371014,0.48387289534371014,0.48387289534371014,0.4928380298273897,0.4928380298273897,0.4928380298273897,0.4987512821445218,0.4987512821445218,0.4987512821445218,0.50375154028592,0.50375154028592,0.50375154028592,0.5093604744136496,0.5093604744136496,0.5093604744136496,0.5140074522432355,0.5140074522432355,0.5140074522432355,0.5212833875219663,0.5212833875219663,0.5212833875219663,0.5255449897079236,0.5255449897079236,0.5255449897079236,0.5328294956440655,0.5328294956440655,0.5328294956440655,0.5362568810406079,0.5362568810406079,0.5362568810406079,0.5392031523202453,0.5392031523202453,0.5392031523202453,0.5433468145280457,0.5433468145280457,0.5433468145280457,0.5444928638922951,0.5444928638922951,0.5444928638922951,0.5507494519360439,0.5507494519360439,0.5507494519360439,0.5542136183809611,0.5542136183809611,0.5542136183809611,0.5571724527331267,0.5571724527331267,0.5571724527331267,0.5595515560410698,0.5595515560410698,0.5595515560410698,0.5628925536618727,0.5628925536618727,0.5628925536618727,0.5659988823218228,0.5659988823218228,0.5659988823218228,0.5691272127683102,0.5691272127683102,0.5691272127683102,0.5709350129072897,0.5709350129072897,0.5709350129072897,0.5722333905572127,0.5722333905572127,0.5722333905572127,0.574321766353443,0.574321766353443,0.574321766353443,0.5762493158409437,0.5762493158409437,0.5762493158409437,0.5780789688211107,0.5780789688211107,0.5780789688211107,0.5796566638584559,0.5796566638584559,0.5796566638584559,0.5812554712451524,0.5812554712451524,0.5812554712451524,0.5836175177622311,0.5836175177622311,0.5836175177622311,0.5853172320216867,0.5853172320216867,0.5853172320216867,0.5879398492131841,0.5879398492131841,0.5879398492131841,0.5892164751192759,0.5892164751192759,0.5892164751192759,0.5900953326478346,0.5900953326478346,0.5900953326478346,0.5912927558170843,0.5912927558170843,0.5912927558170843,0.5928281384625661,0.5928281384625661,0.5928281384625661,0.593875100855801,0.593875100855801,0.593875100855801,0.5948127631973056,0.5948127631973056,0.5948127631973056,0.5959357211831954,0.5959357211831954,0.5959357211831954,0.5969535915236498,0.5969535915236498,0.5969535915236498,0.5981225984261241,0.5981225984261241,0.5981225984261241,0.5991483900742803,0.5991483900742803,0.5991483900742803,0.6009883412468873,0.6009883412468873,0.6009883412468873,0.6019868625185917,0.6019868625185917,0.6019868625185917,0.6028913198798249,0.6028913198798249,0.6028913198798249,0.6033007150905721,0.6033007150905721,0.6033007150905721,0.6038826185979417,0.6038826185979417,0.6038826185979417,0.604521237288588,0.604521237288588,0.604521237288588,0.6059320033952096,0.6059320033952096,0.6059320033952096,0.6066677126789319,0.6066677126789319,0.6066677126789319,0.6076359285318877,0.6076359285318877,0.6076359285318877,0.6083882939700724,0.6083882939700724,0.6083882939700724,0.6091322442996865,0.6091322442996865,0.6091322442996865,0.6094913973422951,0.6094913973422951,0.6094913973422951,0.6103822925718604,0.6103822925718604,0.6103822925718604,0.6111591511387405,0.6111591511387405,0.6111591511387405,0.611708836697987,0.611708836697987,0.611708836697987,0.6120305425491314,0.6120305425491314,0.6120305425491314,0.6130115132047748,0.6130115132047748,0.6130115132047748,0.6135030275098231,0.6135030275098231,0.6135030275098231,0.614174874168265,0.614174874168265,0.614174874168265,0.6147906569651054,0.6147906569651054,0.6147906569651054,0.6155085247704836,0.6155085247704836,0.6155085247704836,0.6161282344818195,0.6161282344818195,0.6161282344818195,0.616607376234683,0.616607376234683,0.616607376234683,0.6170044153127701,0.6170044153127701,0.6170044153127701,0.6173127719077701,0.6173127719077701,0.6173127719077701,0.6178272918791522,0.6178272918791522,0.6178272918791522,0.6182000846515672,0.6182000846515672,0.6182000846515672,0.6191028379978787,0.6191028379978787,0.6191028379978787,0.6197532350258056,0.6197532350258056,0.6197532350258056,0.6202944543933717,0.6202944543933717,0.6202944543933717,0.6204551526930544,0.6204551526930544,0.6204551526930544,0.6207446844480539,0.6207446844480539,0.6207446844480539,0.6215955292530914,0.6215955292530914,0.6215955292530914,0.6219892307804736,0.6219892307804736,0.6219892307804736,0.622202030039568,0.622202030039568,0.622202030039568,0.6225438672097918,0.6225438672097918,0.6225438672097918,0.6229914181654109,0.6229914181654109,0.6229914181654109,0.6237109208339152,0.6237109208339152,0.6237109208339152,0.624123916691906,0.624123916691906,0.624123916691906,0.6243812545216179,0.6243812545216179,0.6243812545216179,0.6249447784022755,0.6249447784022755,0.6249447784022755,0.6254509079428994,0.6254509079428994,0.6254509079428994,0.625812434570137,0.625812434570137,0.625812434570137,0.6261959736588856,0.6261959736588856,0.6261959736588856,0.6265198472798972,0.6265198472798972,0.6265198472798972,0.6271168246844655,0.6271168246844655,0.6271168246844655,0.6273720922017021,0.6273720922017021,0.6273720922017021,0.6276270212483696,0.6276270212483696,0.6276270212483696,0.6278673922204216,0.6278673922204216,0.6278673922204216,0.6282631408281728,0.6282631408281728,0.6282631408281728,0.6289295645212424,0.6289295645212424,0.6289295645212424,0.6292591858308466,0.6292591858308466,0.6292591858308466,0.6296263846239631,0.6296263846239631,0.6296263846239631,0.6298999821814203,0.6298999821814203,0.6298999821814203,0.6304235273389117,0.6304235273389117,0.6304235273389117,0.6306515454219913,0.6306515454219913,0.6306515454219913,0.6310453307144142,0.6310453307144142,0.6310453307144142,0.631478159361012,0.631478159361012,0.631478159361012,0.6316844799956572,0.6316844799956572,0.6316844799956572,0.6321536236359857,0.6321536236359857,0.6321536236359857,0.6325326921657228,0.6325326921657228,0.6325326921657228,0.6328576097320147,0.6328576097320147,0.6328576097320147,0.6331272662842825,0.6331272662842825,0.6331272662842825,0.6334527199075272,0.6334527199075272,0.6334527199075272,0.6338417110135915,0.6338417110135915,0.6338417110135915,0.63404741943288,0.63404741943288,0.63404741943288,0.6342671128282916,0.6342671128282916,0.6342671128282916,0.6345793240479403,0.6345793240479403,0.6345793240479403,0.6348024806132877,0.6348024806132877,0.6348024806132877,0.6355230220421575,0.6355230220421575,0.6355230220421575,0.6356885772488977,0.6356885772488977,0.6356885772488977,0.6359018870173513,0.6359018870173513,0.6359018870173513,0.6361778919914046,0.6361778919914046,0.6361778919914046,0.6364142241009709,0.6364142241009709,0.6364142241009709,0.6366709947557739,0.6366709947557739,0.6366709947557739,0.6369271431418325,0.6369271431418325,0.6369271431418325,0.637140710974179,0.637140710974179,0.637140710974179,0.6373304639581526,0.6373304639581526,0.6373304639581526,0.6375445244477379,0.6375445244477379,0.6375445244477379,0.63812401557824,0.63812401557824,0.63812401557824,0.6384233483591293,0.6384233483591293,0.6384233483591293,0.6385563502543483,0.6385563502543483,0.6385563502543483,0.6386783854827386,0.6386783854827386,0.6386783854827386,0.6389624223492887,0.6389624223492887,0.6389624223492887,0.6391709340021741,0.6391709340021741,0.6391709340021741,0.6394394807414434,0.6394394807414434,0.6394394807414434,0.6396360670672736,0.6396360670672736,0.6396360670672736,0.6397683003569027,0.6397683003569027,0.6397683003569027,0.639926307522574,0.639926307522574,0.639926307522574,0.6402422937312591,0.6402422937312591,0.6402422937312591,0.6405695032657462,0.6405695032657462,0.6405695032657462,0.6406928591766871,0.6406928591766871,0.6406928591766871,0.6411033679218173,0.6411033679218173,0.6411033679218173,0.6412034148445633,0.6412034148445633,0.6412034148445633,0.6413851947673297,0.6413851947673297,0.6413851947673297,0.6415605241346236,0.6415605241346236,0.6415605241346236,0.6417257117609881,0.6417257117609881,0.6417257117609881,0.641820636930189,0.641820636930189,0.641820636930189,0.6420373618582383,0.6420373618582383,0.6420373618582383,0.6421627392289565,0.6421627392289565,0.6421627392289565,0.6423495349525747,0.6423495349525747,0.6423495349525747,0.6425445830683824,0.6425445830683824,0.6425445830683824,0.6426954033122175,0.6426954033122175,
0.04605916617410739,0.04605916617410739,0.04605916617410739,0.0704908560737635,0.0704908560737635,0.0704908560737635,0.12416209578746425,0.12416209578746425,0.12416209578746425,0.12628712362062347,0.12628712362062347,0.12628712362062347,0.16219462126315526,0.16219462126315526,0.16219462126315526,0.16965700244817222,0.16965700244817222,0.16965700244817222,0.19581104195277657,0.19581104195277657,0.19581104195277657,0.21950368406876963,0.21950368406876963,0.21950368406876963,0.2463614073974032,0.2463614073974032,0.2463614073974032,0.28509412429480413,0.28509412429480413,0.28509412429480413,0.29730272886254694,0.29730272886254694,0.29730272886254694,0.3241766932975589,0.3241766932975589,0.3241766932975589,0.3404284978658324,0.3404284978658324,0.3404284978658324,0.35798025377462384,0.35798025377462384,0.35798025377462384,0.3735284754959826,0.3735284754959826,0.3735284754959826,0.38764346445502995,0.38764346445502995,0.38764346445502995,0.4007954059735671,0.4007954059735671,0.4007954059735671,0.40868999016162444,0.40868999016162444,0.40868999016162444,0.41943285633512245,0.41943285633512245,0.41943285633512245,0.43102120868807986,0.43102120868807986,0.43102120868807986,0.4524257150065435,0.4524257150065435,0.4524257150065435,0.46310641924308255,0.46310641924308255,0.46310641924308255,0.47046070596877904,0.47046070596877904,0.47046070596877904,0.4806532826695341,0.4806532826695341,0.4806532826695341,0.4895556644473903,0.4895556644473903,0.4895556644473903,0.49512093385811984,0.49512093385811984,0.49512093385811984,0.5086058956635271,0.5086058956635271,0.5086058956635271,0.513933078717178,0.513933078717178,0.513933078717178,0.5202687838893125,0.5202687838893125,0.5202687838893125,0.5278131692609132,0.5278131692609132,0.5278131692609132,0.5330210813861576,0.5330210813861576,0.5330210813861576,0.5398077688333948,0.5398077688333948,0.5398077688333948,0.5442551818385253,0.5442551818385253,0.5442551818385253,0.5496198710611,0.5496198710611,0.5496198710611,0.5546213787486056,0.5546213787486056,0.5546213787486056,0.5579509987468408,0.5579509987468408,0.5579509987468408,0.5611577248079159,0.5611577248079159,0.5611577248079159,0.5635509762524575,0.5635509762524575,0.5635509762524575,0.5651287607299954,0.5651287607299954,0.5651287607299954,0.5692503122394775,0.5692503122394775,0.5692503122394775,0.5717364781665097,0.5717364781665097,0.5717364781665097,0.5729699990756233,0.5729699990756233,0.5729699990756233,0.574338745472308,0.574338745472308,0.574338745472308,0.5757401029636491,0.5757401029636491,0.5757401029636491,0.5775548057826599,0.5775548057826599,0.5775548057826599,0.5792706323715827,0.5792706323715827,0.5792706323715827,0.5800802990993759,0.5800802990993759,0.5800802990993759,0.5823942917509896,0.5823942917509896,0.5823942917509896,0.584174393804894,0.584174393804894,0.584174393804894,0.5859370098466148,0.5859370098466148,0.5859370098466148,0.5867670455335655,0.5867670455335655,0.5867670455335655,0.5878009897653268,0.5878009897653268,0.5878009897653268,0.5891401909814415,0.5891401909814415,0.5891401909814415,0.5909759576199018,0.5909759576199018,0.5909759576199018,0.5924323992936354,0.5924323992936354,0.5924323992936354,0.5935514106452487,0.5935514106452487,0.5935514106452487,0.5944693380891419,0.5944693380891419,0.5944693380891419,0.5954680925598117,0.5954680925598117,0.5954680925598117,0.5967541333325744,0.5967541333325744,0.5967541333325744,0.5978382775100275,0.5978382775100275,0.5978382775100275,0.5986765243762879,0.5986765243762879,0.5986765243762879,0.5992661340335583,0.5992661340335583,0.5992661340335583,0.6000888049107378,0.6000888049107378,0.6000888049107378,0.6008690212227381,0.6008690212227381,0.6008690212227381,0.6014694490267205,0.6014694490267205,0.6014694490267205,0.6024672012107449,0.6024672012107449,0.6024672012107449,0.6033054050139898,0.6033054050139898,0.6033054050139898,0.6041877295318461,0.6041877295318461,0.6041877295318461,0.60455318025476,0.60455318025476,0.60455318025476,0.6060843491795209,0.6060843491795209,0.6060843491795209,0.606630415094418,0.606630415094418,0.606630415094418,0.6074495071004286,0.6074495071004286,0.6074495071004286,0.6079631139463076,0.6079631139463076,0.6079631139463076,0.6086296769341892,0.6086296769341892,0.6086296769341892,0.6093832343328416,0.6093832343328416,0.6093832343328416,0.6095915453635392,0.6095915453635392,0.6095915453635392,0.6108240145781528,0.6108240145781528,0.6108240145781528,0.6114423888352263,0.6114423888352263,0.6114423888352263,0.6121643187086495,0.6121643187086495,0.6121643187086495,0.6127337160014278,0.6127337160014278,0.6127337160014278,0.6132989327458985,0.6132989327458985,0.6132989327458985,0.6138439407593156,0.6138439407593156,0.6138439407593156,0.6145912976389885,0.6145912976389885,0.6145912976389885,0.6152744579668186,0.6152744579668186,0.6152744579668186,0.616100312557229,0.616100312557229,0.616100312557229,0.6167550956127683,0.6167550956127683,0.6167550956127683,0.617419474998971,0.617419474998971,0.617419474998971,0.6178631334422001,0.6178631334422001,0.6178631334422001,0.6185622899934597,0.6185622899934597,0.6185622899934597,0.6191557200269762,0.6191557200269762,0.6191557200269762,0.6196258550681937,0.6196258550681937,0.6196258550681937,0.6199977863026056,0.6199977863026056,0.6199977863026056,0.6206256854316732,0.6206256854316732,0.6206256854316732,0.6211250773733379,0.6211250773733379,0.6211250773733379,0.6222170860358405,0.6222170860358405,0.6222170860358405,0.622559243529134,0.622559243529134,0.622559243529134,0.6228159682504882,0.6228159682504882,0.6228159682504882,0.6233271590477787,0.6233271590477787,0.6233271590477787,0.6237292493436172,0.6237292493436172,0.6237292493436172,0.6241155633309273,0.6241155633309273,0.6241155633309273,0.6245893597846369,0.6245893597846369,0.6245893597846369,0.6247989186970279,0.6247989186970279,0.6247989186970279,0.6250680206062681,0.6250680206062681,0.6250680206062681,0.6252659033953617,0.6252659033953617,0.6252659033953617,0.6254723492521697,0.6254723492521697,0.6254723492521697,0.6257575421763159,0.6257575421763159,0.6257575421763159,0.6259586108701725,0.6259586108701725,0.6259586108701725,0.6262729867131757,0.6262729867131757,0.6262729867131757,0.626822884503351,0.626822884503351,0.626822884503351,0.6272219327924646,0.6272219327924646,0.6272219327924646,0.6280043255225947,0.6280043255225947,0.6280043255225947,0.6283165041348464,0.6283165041348464,0.6283165041348464,0.6286482025493226,0.6286482025493226,0.6286482025493226,0.6288788623006695,0.6288788623006695,0.6288788623006695,0.6293075719447064,0.6293075719447064,0.6293075719447064,0.6295717598103094,0.6295717598103094,0.6295717598103094,0.6297855294625887,0.6297855294625887,0.6297855294625887,0.6301303228248541,0.6301303228248541,0.6301303228248541,0.6302952269950307,0.6302952269950307,0.6302952269950307,0.6304856561463074,0.6304856561463074,0.6304856561463074,0.6307503269242535,0.6307503269242535,0.6307503269242535,0.6308934537465558,0.6308934537465558,0.6308934537465558,0.6312389728880332,0.6312389728880332,0.6312389728880332,0.6314600505649428,0.6314600505649428,0.6314600505649428,0.6316306323015682,0.6316306323015682,0.6316306323015682,0.6317803011160265,0.6317803011160265,0.6317803011160265,0.6319391358864419,0.6319391358864419,0.6319391358864419,0.632217987463589,0.632217987463589,0.632217987463589,0.6324359601687408,0.6324359601687408,0.6324359601687408,0.6327444509338983,0.6327444509338983,0.6327444509338983,0.6329089296775644,0.6329089296775644,0.6329089296775644,0.633027216448435,0.633027216448435,0.633027216448435,0.6332952997535071,0.6332952997535071,0.6332952997535071,0.6333641088324572,0.6333641088324572,0.6333641088324572,0.633674134368339,0.633674134368339,0.633674134368339,0.6340800146833299,0.6340800146833299,0.6340800146833299,0.6343016153503458,0.6343016153503458,0.6343016153503458,0.6346623616870111,0.6346623616870111,0.6346623616870111,0.6349464254221652,0.6349464254221652,0.6349464254221652,0.6353891843314285,0.6353891843314285,0.6353891843314285,0.635600235074775,0.635600235074775,0.635600235074775,0.6356573024301684,0.6356573024301684,0.6356573024301684,0.6357851260513587,0.6357851260513587,0.6357851260513587,0.6359014615344003,0.6359014615344003,0.6359014615344003,0.6359984040375903,0.6359984040375903,0.6359984040375903,0.6363429722709508,0.6363429722709508,0.6363429722709508,0.6364360634320908,0.6364360634320908,0.6364360634320908,0.6365199201612783,0.6365199201612783,0.6365199201612783,0.6367527581130246,0.6367527581130246,0.6367527581130246,0.6368918436206136,0.6368918436206136,0.6368918436206136,0.6370250199989417,0.6370250199989417,0.6370250199989417,0.6374342091859515,0.6374342091859515,0.6374342091859515,0.6375200551040354,0.6375200551040354,0.6375200551040354,0.6376358539193506,0.6376358539193506,0.6376358539193506,0.6378594061510805,0.6378594061510805,0.6378594061510805,0.6378721648527702,0.6378721648527702,0.6378721648527702,0.6379927755703179,0.6379927755703179,0.6379927755703179,0.6381917693420067,0.6381917693420067,0.6381917693420067,0.6387297412227844,0.6387297412227844,0.6387297412227844,0.6388538879627772,0.6388538879627772,0.6388538879627772,0.6390717064093154,0.6390717064093154,0.6390717064093154,0.6395323279601253,0.6395323279601253,0.6395323279601253,0.6395902705396517,0.6395902705396517,0.6395902705396517,0.6396990079026919,0.6396990079026919,0.6396990079026919,0.6397838021178216,0.6397838021178216,0.6397838021178216,0.6398930937426127,0.6398930937426127,0.6398930937426127,0.6399976427420382,0.6399976427420382,
0.05035764729055693,0.05035764729055693,0.05035764729055693,0.053785196577403244,0.053785196577403244,0.053785196577403244,0.09004361379757582,0.09004361379757582,0.09004361379757582,0.1455254723602061,0.1455254723602061,0.1455254723602061,0.17413868563610616,0.17413868563610616,0.17413868563610616,0.1826465463712062,0.1826465463712062,0.1826465463712062,0.19653957358812105,0.19653957358812105,0.19653957358812105,0.23888455487695176,0.23888455487695176,0.23888455487695176,0.26472520148615475,0.26472520148615475,0.26472520148615475,0.2751750222297663,0.2751750222297663,0.2751750222297663,0.30842515076974075,0.30842515076974075,0.30842515076974075,0.3494399663521768,0.3494399663521768,0.3494399663521768,0.3662824183673744,0.3662824183673744,0.3662824183673744,0.3790963315102706,0.3790963315102706,0.3790963315102706,0.39129383831637554,0.39129383831637554,0.39129383831637554,0.4040345413097954,0.4040345413097954,0.4040345413097954,0.41949790631965755,0.41949790631965755,0.41949790631965755,0.4369635714390727,0.4369635714390727,0.4369635714390727,0.44337042422991535,0.44337042422991535,0.44337042422991535,0.45518192258909707,0.45518192258909707,0.45518192258909707,0.46749865487605263,0.46749865487605263,0.46749865487605263,0.475009508729012,0.475009508729012,0.475009508729012,0.4873631187471167,0.4873631187471167,0.4873631187471167,0.4998870087948529,0.4998870087948529,0.4998870087948529,0.5081699001253889,0.5081699001253889,0.5081699001253889,0.514321873017897,0.514321873017897,0.514321873017897,0.522551411348423,0.522551411348423,0.522551411348423,0.5267587451497371,0.5267587451497371,0.5267587451497371,0.5300547283509142,0.5300547283509142,0.5300547283509142,0.5349173237916865,0.5349173237916865,0.5349173237916865,0.5388696387975355,0.5388696387975355,0.5388696387975355,0.5444301031984595,0.5444301031984595,0.5444301031984595,0.5495105428779117,0.5495105428779117,0.5495105428779117,0.5528347240191996,0.5528347240191996,0.5528347240191996,0.5580878031732164,0.5580878031732164,0.5580878031732164,0.560760677348824,0.560760677348824,0.560760677348824,0.5651246211903362,0.5651246211903362,0.5651246211903362,0.5669268657186077,0.5669268657186077,0.5669268657186077,0.5696036438959559,0.5696036438959559,0.5696036438959559,0.5715983244515319,0.5715983244515319,0.5715983244515319,0.5731915481593486,0.5731915481593486,0.5731915481593486,0.5746235410956106,0.5746235410956106,0.5746235410956106,0.5758001095256007,0.5758001095256007,0.5758001095256007,0.5780950579930756,0.5780950579930756,0.5780950579930756,0.5795854969992144,0.5795854969992144,0.5795854969992144,0.5813489137251162,0.5813489137251162,0.5813489137251162,0.5827840139956534,0.5827840139956534,0.5827840139956534,0.5852880263244535,0.5852880263244535,0.5852880263244535,0.5874147974456982,0.5874147974456982,0.5874147974456982,0.5893142059766965,0.5893142059766965,0.5893142059766965,0.5917501872361531,0.5917501872361531,0.5917501872361531,0.5930913881401597,0.5930913881401597,0.5930913881401597,0.5937274075454735,0.5937274075454735,0.5937274075454735,0.5948748454553479,0.5948748454553479,0.5948748454553479,0.5958663573825511,0.5958663573825511,0.5958663573825511,0.5967325952379282,0.5967325952379282,0.5967325952379282,0.597457931308983,0.597457931308983,0.597457931308983,0.598297968639781,0.598297968639781,0.598297968639781,0.599629115487939,0.599629115487939,0.599629115487939,0.6003423688033835,0.6003423688033835,0.6003423688033835,0.6010756596321227,0.6010756596321227,0.6010756596321227,0.6016156460891567,0.6016156460891567,0.6016156460891567,0.602172310326533,0.602172310326533,0.602172310326533,0.6036463851057193,0.6036463851057193,0.6036463851057193,0.6044479627743775,0.6044479627743775,0.6044479627743775,0.6050162105888102,0.6050162105888102,0.6050162105888102,0.6056073785090407,0.6056073785090407,0.6056073785090407,0.6066898705426832,0.6066898705426832,0.6066898705426832,0.6071666326707456,0.6071666326707456,0.6071666326707456,0.6076025092146133,0.6076025092146133,0.6076025092146133,0.6084578504986597,0.6084578504986597,0.6084578504986597,0.6091968929996888,0.6091968929996888,0.6091968929996888,0.6096925626439719,0.6096925626439719,0.6096925626439719,0.6102421800466188,0.6102421800466188,0.6102421800466188,0.6106963399007584,0.6106963399007584,0.6106963399007584,0.6110617777039176,0.6110617777039176,0.6110617777039176,0.6116246736505901,0.6116246736505901,0.6116246736505901,0.6122718973820727,0.6122718973820727,0.6122718973820727,0.6125162670402148,0.6125162670402148,0.6125162670402148,0.6127590780567579,0.6127590780567579,0.6127590780567579,0.6134203717573827,0.6134203717573827,0.6134203717573827,0.6136503625533114,0.6136503625533114,0.6136503625533114,0.6141488675502093,0.6141488675502093,0.6141488675502093,0.614341276268641,0.614341276268641,0.614341276268641,0.6148614510116274,0.6148614510116274,0.6148614510116274,0.6153426106931528,0.6153426106931528,0.6153426106931528,0.6156058070456115,0.6156058070456115,0.6156058070456115,0.6162655533962865,0.6162655533962865,0.6162655533962865,0.61667242705793,0.61667242705793,0.61667242705793,0.6186463011391449,0.6186463011391449,0.6186463011391449,0.6191010243159063,0.6191010243159063,0.6191010243159063,0.6198591089375317,0.6198591089375317,0.6198591089375317,0.6201228186381342,0.6201228186381342,0.6201228186381342,0.6204015166149105,0.6204015166149105,0.6204015166149105,0.6206057398675358,0.6206057398675358,0.6206057398675358,0.6209869473734616,0.6209869473734616,0.6209869473734616,0.6217025541251012,0.6217025541251012,0.6217025541251012,0.6219079047310535,0.6219079047310535,0.6219079047310535,0.6223736706345829,0.6223736706345829,0.6223736706345829,0.6227136641366119,0.6227136641366119,0.6227136641366119,0.6228778745505507,0.6228778745505507,0.6228778745505507,0.623112750105418,0.623112750105418,0.623112750105418,0.623410584715319,0.623410584715319,0.623410584715319,0.6236727115102904,0.6236727115102904,0.6236727115102904,0.6239653521517596,0.6239653521517596,0.6239653521517596,0.6242284989313915,0.6242284989313915,0.6242284989313915,0.6244161154161146,0.6244161154161146,0.6244161154161146,0.6246133102783639,0.6246133102783639,0.6246133102783639,0.6249533061234909,0.6249533061234909,0.6249533061234909,0.6251197907424489,0.6251197907424489,0.6251197907424489,0.6253765873444084,0.6253765873444084,0.6253765873444084,0.6256447927175343,0.6256447927175343,0.6256447927175343,0.6258869837720364,0.6258869837720364,0.6258869837720364,0.625965709082136,0.625965709082136,0.625965709082136,0.6262915858829943,0.6262915858829943,0.6262915858829943,0.626690556966489,0.626690556966489,0.626690556966489,0.6268338964340214,0.6268338964340214,0.6268338964340214,0.6269018280461406,0.6269018280461406,0.6269018280461406,0.627255261207993,0.627255261207993,0.627255261207993,0.6273983104549226,0.6273983104549226,0.6273983104549226,0.6274848509735582,0.6274848509735582,0.6274848509735582,0.6275521811669819,0.6275521811669819,0.6275521811669819,0.6277663653507436,0.6277663653507436,0.6277663653507436,0.627974563493693,0.627974563493693,0.627974563493693,0.6281033600798506,0.6281033600798506,0.6281033600798506,0.6282647811716233,0.6282647811716233,0.6282647811716233,0.6284862065479219,0.6284862065479219,0.6284862065479219,0.6286803016190377,0.6286803016190377,0.6286803016190377,0.629345488040896,0.629345488040896,0.629345488040896,0.6296014170016164,0.6296014170016164,0.6296014170016164,0.629712055409255,0.629712055409255,0.629712055409255,0.6297797105697173,0.6297797105697173,0.6297797105697173,0.6300128346563849,0.6300128346563849,0.6300128346563849,0.6301415241246408,0.6301415241246408,0.6301415241246408,0.6302595727182235,0.6302595727182235,0.6302595727182235,0.6305526466940554,0.6305526466940554,0.6305526466940554,0.6306604707348221,0.6306604707348221,0.6306604707348221,0.6307371682577408,0.6307371682577408,0.6307371682577408,0.6309671712925699,0.6309671712925699,0.6309671712925699,0.6310524795786012,0.6310524795786012,0.6310524795786012,0.6311001731885199,0.6311001731885199,0.6311001731885199,0.6317377812248918,0.6317377812248918,0.6317377812248918,0.6319712510475235,0.6319712510475235,0.6319712510475235,0.6320484934364248,0.6320484934364248,0.6320484934364248,0.6321530762398254,0.6321530762398254,0.6321530762398254,0.6322687994353268,0.6322687994353268,0.6322687994353268,0.632323569881148,0.632323569881148,0.632323569881148,0.6323696504014511,0.6323696504014511,0.6323696504014511,0.6326263452434511,0.6326263452434511,0.6326263452434511,0.632745140853464,0.632745140853464,0.632745140853464,0.6330270745448262,0.6330270745448262,0.6330270745448262,0.6331046410443686,0.6331046410443686,0.6331046410443686,0.63325851768872,0.63325851768872,0.63325851768872,0.6333197581876482,0.6333197581876482,0.6333197581876482,0.6334817696101055,0.6334817696101055,0.6334817696101055,0.6335924946691228,0.6335924946691228,0.6335924946691228,0.6336696870069912,0.6336696870069912,0.6336696870069912,0.6337497530875327,0.6337497530875327,0.6337497530875327,0.6338507994691572,0.6338507994691572,0.6338507994691572,0.6338959477080773,0.6338959477080773,0.6338959477080773,0.6339799775323622,0.6339799775323622,0.6339799775323622,0.6341270661286682,0.6341270661286682,0.6341270661286682,0.6342566542782583,0.6342566542782583,0.6342566542782583,0.6343940674851091,0.6343940674851091,0.6343940674851091,0.6344586243142594,0.6344586243142594,0.6344586243142594,0.634491285306145,0.634491285306145,0.634491285306145,0.6345279031586533,0.6345279031586533,
0.04199426819690301,0.04199426819690301,0.04199426819690301,0.043128687492207364,0.043128687492207364,0.043128687492207364,0.06099629670119362,0.06099629670119362,0.06099629670119362,0.07747296920416107,0.07747296920416107,0.07747296920416107,0.11712336488149463,0.11712336488149463,0.11712336488149463,0.15543841612506124,0.15543841612506124,0.15543841612506124,0.2075893710906318,0.2075893710906318,0.2075893710906318,0.24110400474312835,0.24110400474312835,0.24110400474312835,0.2667659822182633,0.2667659822182633,0.2667659822182633,0.30387206336241956,0.30387206336241956,0.30387206336241956,0.3127038210682592,0.3127038210682592,0.3127038210682592,0.3227490324732599,0.3227490324732599,0.3227490324732599,0.35120952623891766,0.35120952623891766,0.35120952623891766,0.37324786055113446,0.37324786055113446,0.37324786055113446,0.4015414938212888,0.4015414938212888,0.4015414938212888,0.4225203492752634,0.4225203492752634,0.4225203492752634,0.4406256050147553,0.4406256050147553,0.4406256050147553,0.45002685697801786,0.45002685697801786,0.45002685697801786,0.45438398725717294,0.45438398725717294,0.45438398725717294,0.46486732700572486,0.46486732700572486,0.46486732700572486,0.47776516908436856,0.47776516908436856,0.47776516908436856,0.4834538560113419,0.4834538560113419,0.4834538560113419,0.48951857843859126,0.48951857843859126,0.48951857843859126,0.4973033578696492,0.4973033578696492,0.4973033578696492,0.5036863447963666,0.5036863447963666,0.5036863447963666,0.5098962869370705,0.5098962869370705,0.5098962869370705,0.5148289065221341,0.5148289065221341,0.5148289065221341,0.5213669673703876,0.5213669673703876,0.5213669673703876,0.5237779874494574,0.5237779874494574,0.5237779874494574,0.5292889788296244,0.5292889788296244,0.5292889788296244,0.5355270135997857,0.5355270135997857,0.5355270135997857,0.5414790604471185,0.5414790604471185,0.5414790604471185,0.5443473581410808,0.5443473581410808,0.5443473581410808,0.5473534349426378,0.5473534349426378,0.5473534349426378,0.5508317325482565,0.5508317325482565,0.5508317325482565,0.554513462491599,0.554513462491599,0.554513462491599,0.5587415658748868,0.5587415658748868,0.5587415658748868,0.5614097058071205,0.5614097058071205,0.5614097058071205,0.5645067014668282,0.5645067014668282,0.5645067014668282,0.5679855017784745,0.5679855017784745,0.5679855017784745,0.569484714711041,0.569484714711041,0.569484714711041,0.5720244771393713,0.5720244771393713,0.5720244771393713,0.5730855528296267,0.5730855528296267,0.5730855528296267,0.5747307231443869,0.5747307231443869,0.5747307231443869,0.5755555911202854,0.5755555911202854,0.5755555911202854,0.5774187200091904,0.5774187200091904,0.5774187200091904,0.578525623003279,0.578525623003279,0.578525623003279,0.580787194090256,0.580787194090256,0.580787194090256,0.5819429616827126,0.5819429616827126,0.5819429616827126,0.5838945803616759,0.5838945803616759,0.5838945803616759,0.5849399851866821,0.5849399851866821,0.5849399851866821,0.5882761582050847,0.5882761582050847,0.5882761582050847,0.588661412677726,0.588661412677726,0.588661412677726,0.5894597455001297,0.5894597455001297,0.5894597455001297,0.5904839780031504,0.5904839780031504,0.5904839780031504,0.5919210417937409,0.5919210417937409,0.5919210417937409,0.5928163821983594,0.5928163821983594,0.5928163821983594,0.5938612604901209,0.5938612604901209,0.5938612604901209,0.5943361838994247,0.5943361838994247,0.5943361838994247,0.5951528076560016,0.5951528076560016,0.5951528076560016,0.5960836156228636,0.5960836156228636,0.5960836156228636,0.5965311086889364,0.5965311086889364,0.5965311086889364,0.5975207345300355,0.5975207345300355,0.5975207345300355,0.5979750213223,0.5979750213223,0.5979750213223,0.5984309591708266,0.5984309591708266,0.5984309591708266,0.5993950011860006,0.5993950011860006,0.5993950011860006,0.6000649941609933,0.6000649941609933,0.6000649941609933,0.6002533062815191,0.6002533062815191,0.6002533062815191,0.6009328145347604,0.6009328145347604,0.6009328145347604,0.6013890957736319,0.6013890957736319,0.6013890957736319,0.6022404008678,0.6022404008678,0.6022404008678,0.6029393320843573,0.6029393320843573,0.6029393320843573,0.6033685330554999,0.6033685330554999,0.6033685330554999,0.6038287110276976,0.6038287110276976,0.6038287110276976,0.6040848982293431,0.6040848982293431,0.6040848982293431,0.6048356248308789,0.6048356248308789,0.6048356248308789,0.6052788001576938,0.6052788001576938,0.6052788001576938,0.6060180675851607,0.6060180675851607,0.6060180675851607,0.6064934228653518,0.6064934228653518,0.6064934228653518,0.6068360025827803,0.6068360025827803,0.6068360025827803,0.6077654083891671,0.6077654083891671,0.6077654083891671,0.6084649871989741,0.6084649871989741,0.6084649871989741,0.6100719607551681,0.6100719607551681,0.6100719607551681,0.6102560075713694,0.6102560075713694,0.6102560075713694,0.6106906148901423,0.6106906148901423,0.6106906148901423,0.6110802324338881,0.6110802324338881,0.6110802324338881,0.6113603844083397,0.6113603844083397,0.6113603844083397,0.6117752926746524,0.6117752926746524,0.6117752926746524,0.6126938264549584,0.6126938264549584,0.6126938264549584,0.613039069470099,0.613039069470099,0.613039069470099,0.6132859842190825,0.6132859842190825,0.6132859842190825,0.6136488945100838,0.6136488945100838,0.6136488945100838,0.6139299349123499,0.6139299349123499,0.6139299349123499,0.6159680400787416,0.6159680400787416,0.6159680400787416,0.616101418080416,0.616101418080416,0.616101418080416,0.6163168439626231,0.6163168439626231,0.6163168439626231,0.6166064468318146,0.6166064468318146,0.6166064468318146,0.6171726252413591,0.6171726252413591,0.6171726252413591,0.6173985163527319,0.6173985163527319,0.6173985163527319,0.6178085522717552,0.6178085522717552,0.6178085522717552,0.6180346370293973,0.6180346370293973,0.6180346370293973,0.618449564338752,0.618449564338752,0.618449564338752,0.6188377513331275,0.6188377513331275,0.6188377513331275,0.6191934791801442,0.6191934791801442,0.6191934791801442,0.61933762244734,0.61933762244734,0.61933762244734,0.6197290886097648,0.6197290886097648,0.6197290886097648,0.6201198405147034,0.6201198405147034,0.6201198405147034,0.6203555556418665,0.6203555556418665,0.6203555556418665,0.6207269262591953,0.6207269262591953,0.6207269262591953,0.6208751933637243,0.6208751933637243,0.6208751933637243,0.6210212225099185,0.6210212225099185,0.6210212225099185,0.6211211533029881,0.6211211533029881,0.6211211533029881,0.6213957322262548,0.6213957322262548,0.6213957322262548,0.6215469491028545,0.6215469491028545,0.6215469491028545,0.6217414617313091,0.6217414617313091,0.6217414617313091,0.6218120652747685,0.6218120652747685,0.6218120652747685,0.6219297694784793,0.6219297694784793,0.6219297694784793,0.6221316932593635,0.6221316932593635,0.6221316932593635,0.6222707602778986,0.6222707602778986,0.6222707602778986,0.6225111283380835,0.6225111283380835,0.6225111283380835,0.622628163261037,0.622628163261037,0.622628163261037,0.6228298024618919,0.6228298024618919,0.6228298024618919,0.6232291402288898,0.6232291402288898,0.6232291402288898,0.6233488074077362,0.6233488074077362,0.6233488074077362,0.6233868752479714,0.6233868752479714,0.6233868752479714,0.6234942198048473,0.6234942198048473,0.6234942198048473,0.6236043151235213,0.6236043151235213,0.6236043151235213,0.6237918233318019,0.6237918233318019,0.6237918233318019,0.623980030830475,0.623980030830475,0.623980030830475,0.6244854442836331,0.6244854442836331,0.6244854442836331,0.6245896708523397,0.6245896708523397,0.6245896708523397,0.62476296055358,0.62476296055358,0.62476296055358,0.6250365062437788,0.6250365062437788,0.6250365062437788,0.625315850865684,0.625315850865684,0.625315850865684,0.6258039988060577,0.6258039988060577,0.6258039988060577,0.6259072252475116,0.6259072252475116,0.6259072252475116,0.6259981107029644,0.6259981107029644,0.6259981107029644,0.6264282452455479,0.6264282452455479,0.6264282452455479,0.6265987222565305,0.6265987222565305,0.6265987222565305,0.6268481698704723,0.6268481698704723,0.6268481698704723,0.6272674734358383,0.6272674734358383,0.6272674734358383,0.6274340937890908,0.6274340937890908,0.6274340937890908,0.6279651126013021,0.6279651126013021,0.6279651126013021,0.6282067414957011,0.6282067414957011,0.6282067414957011,0.6282830363424309,0.6282830363424309,0.6282830363424309,0.628510785638528,0.628510785638528,0.628510785638528,0.6287085459498096,0.6287085459498096,0.6287085459498096,0.6288446214045655,0.6288446214045655,0.6288446214045655,0.628954434081062,0.628954434081062,0.628954434081062,0.6290333314456529,0.6290333314456529,0.6290333314456529,0.6291545404401016,0.6291545404401016,0.6291545404401016,0.6293313886859924,0.6293313886859924,0.6293313886859924,0.6297921039799265,0.6297921039799265,0.6297921039799265,0.6298699332445986,0.6298699332445986,0.6298699332445986,0.6303458207957137,0.6303458207957137,0.6303458207957137,0.6306442369704468,0.6306442369704468,0.6306442369704468,0.6307038290120861,0.6307038290120861,0.6307038290120861,0.6309802587728727,0.6309802587728727,0.6309802587728727,0.6310345497694267,0.6310345497694267,0.6310345497694267,0.6310724683001876,0.6310724683001876,0.6310724683001876,0.6311156777720087,0.6311156777720087,0.6311156777720087,0.631386137036693,0.631386137036693,0.631386137036693,0.6316779093652918,0.6316779093652918,0.6316779093652918,0.6320330425427301,0.6320330425427301,0.6320330425427301,0.6323633509773344,0.6323633509773344,0.6323633509773344,0.6326045369542723,0.6326045369542723,0.6326045369542723,0.632635493026888,0.632635493026888,
