0.0,0.0,0.0,0.0,0.0,0.0,0.0,0.0,0.0,0.0,0.0,0.0,0.0,0.0,0.0,0.0,0.0,0.0,0.0,0.0,0.0,0.0,0.0,0.0,0.0,0.0,0.0,0.0,0.0,0.0,0.0,0.0,0.0,0.0,0.0,0.0,0.0,0.0,0.0,0.0,0.0,0.0,0.0,0.0,0.0,0.0,0.0,0.0,0.0,0.0,0.0,0.0,0.0,0.0,0.0,0.0,0.0,0.0,0.0,0.0,0.0,0.0,0.0,0.0,0.0,0.0,0.0,0.0,0.0,0.0,0.0,0.0,0.0,0.0,0.0,0.0,0.0,0.0,0.0,0.0,0.0,0.0,0.0,0.0,0.0,0.0,0.0,0.0,0.0,0.0,0.0,0.0,0.0,0.0,0.0,0.0,0.0,0.0,0.0,0.0,0.0,0.0,0.0,0.0,0.0,0.0,0.0,0.0,0.0,0.0,6.501309555020146E-6,7.748902962053888E-5,7.870459659996858E-5,8.171177584233992E-5,8.177024647564236E-5,8.17576583450016E-5,2.426280311402916E-4,2.94402381061476E-4,2.495973084773849E-4,5.203907488334817E-4,5.356628265064794E-4,7.334243445175548E-4,7.792625400177046E-4,8.80860231032196E-4,0.0010572389542328675,0.0011644028361092757,0.0012737862748095116,0.0014391306503754061,0.0014410339633811695,0.0014136424674348902,0.0014249826647237396,0.0013371787034602426,0.0016447756873236336,0.0016880663607415928,0.0017714380993707445,0.0017861923137240058,0.002343108589093015,0.0027942479093641575,0.002762723423562443,0.002811112358754642,0.0028357547057743736,0.0029024279477725366,0.003200226535679415,0.0036815836496374935,0.00488491144665455,0.005020701702256423,0.006441879392166789,0.008530917581276267,0.009653616306373057,0.00962677529977706,0.010382846771071343,0.010747313418920015,0.010932909753371814,0.011182981940391154,0.01132885959868898,0.011662127272705339,0.01272089587617869,0.014022683280986882,0.014558842866309898,0.014732705149990635,0.014762372124009717,0.014776552727531018,0.014796089812289522,0.0154335126728735,0.017509577617819877,0.016999882922729966,0.017200227657352924,0.018424806730076206,0.02161050700357631,0.02143474893545015,0.021580619846477463,0.022934496487556133,0.023020151524104488,0.024812962714534776,0.025011110689716648,0.025721556147570462,0.02737248127041724,0.028720783376150718,0.02859604727505505,0.029197855187572536,0.03535871994279405,0.03625161651109438,0.03708624614373986,0.03723583369596326,0.04191646247173183,0.04107380923838719,0.04457211115634573,0.04580491538117776,0.05084174752205715,0.052793469063515626,0.05337606186546243,0.055123272614897925,0.059053923818059566,0.060058003820292076,0.06290965982496263,0.06193810636665643,0.06420575270600556,0.06529635233811107,0.06634256393837676,0.06775631704629148,0.06932733319037289,0.07075843840912588,0.07118723781182366,0.07179091179380644,0.07394713501039939,0.0739972206166003,0.07425854733812047,0.07426374541572241,0.07551564855311373,0.0761033571862731,0.07709885700205969,0.07873395687012473,0.08115634523865475,0.08264753221775428,0.08343857339326916,0.08344309916962091,0.08469715025062313,0.08573772856602638,0.08552618953241277,0.08585212791757693,0.08757471895091543,0.08613212499352767,0.08556521349960018,0.08646796864311779,0.08871694842067347,0.08954874383548299,0.09291054572363275,0.09439837808208248,0.0960747220515833,0.09606060240208807,0.09496429236190226,0.09615058052285291,0.09614820767140816,0.09761140451215616,0.09850985408278612,0.10014768268414324,0.1061984311867981,0.10896636685239487,0.11055496806844102,0.11291652624043794,0.11340788806699947,0.11557925779971155,0.11814228649805299,0.11848700599047468,0.11936319239764964,0.12058271868098745,0.12120070241587162,0.12301454238549807,0.12345068740278346,0.12342413685621355,0.13573472879928708,0.13653483306865108,0.1370662472745935,0.139021655027349,0.1391766560100031,0.14091075809864842,0.1416928078445584,0.14248678396799133,0.1428705331715371,0.14322887366556586,0.14421279874037335,0.14427919748599222,0.14676581469745495,0.1475401800662353,0.1489631027415157,0.14817934660753213,0.15012121402651996,0.15115703700540106,0.15317042688744104,0.15404013681893405,0.15377105531794147,0.15448602463320366,0.15381891302850742,0.15372004494191432,0.15433855773852956,0.1546660044104294,0.15540537774340138,0.15619037968356073,0.1563380183391178,0.15503769644929044,0.15523308323731028,0.15577631746942194,0.1557770204996007,0.15649392786051006,0.15760850445725869,0.15811613576033232,0.16204811042663966,0.16216607471552386,0.16200159408114584,0.16262142876767163,0.16319729375638697,0.16449284161176186,0.16596292520358563,0.1665551648622888,0.16744261240006625,0.16821734094264737,0.17015570388504386,0.17062481766129806,0.17072251053775603,0.1714048308476516,0.17187542187917101,0.17274020503198254,0.1732283948504272,0.17423436015165958,0.17540941117732706,0.18176034855839282,0.18286703982364744,0.18453890751384797,0.18515426934685375,0.18582317193711836,0.18675641764131812,0.19321512641602503,0.1960071579449188,0.19611123769101116,0.19639906298171253,0.19796399955199104,0.20042086552506017,0.20296363598662692,0.20393851533973162,0.20577797744260007,0.20614341099924885,0.21089797049065293,0.21189551014197017,0.21190621449053354,0.218478456041882,0.2185530087380806,0.2187822841483472,0.2190910174868404,0.2191430579365385,0.21976000671023482,0.22395340510130754,0.2280773317219245,0.22808532095241998,0.22841581866386496,0.22896367051061378,0.22896943032858752,0.22965850584832262,0.22970262160967891,0.2300467204213416,0.2311666945717266,0.2322061195997922,0.23226824831670756,0.2323135764920406,0.23322240991383283,0.23285976504569733,0.23430144415113588,0.23560953104429377,0.2357999338907653,0.23661870738535293,0.23686201949538085,0.2371808663247292,0.23757634159984942,0.23856568070384052,0.2391010691495398,0.24359593311519012,0.2448395368002824,0.2459040605570672,0.24666239520288635,0.2477374034936349,0.24775203378751096,0.24809951141820874,0.24922304696069758,0.24900011692968693,0.24915086176661713,0.24993070033070486,0.25115919856811,0.2513823776872652,0.25135838557748214,0.2514817163572031,0.25167797442668793,0.25180903930712983,0.2506935574096787,0.2510247742571043,0.25185511190007337,0.252185748231599,0.2521312981786502,0.25216837077702225,0.25308122859106075,0.25458116302779205,0.25459229831909125,0.25478255062148,0.255771681534865,0.25606925789285007,0.2574682293596381,0.2577732711903419,0.2577631743308519,0.2575834330507076,0.25768603899355497,0.2580905203298052,0.2604226077100791,0.26157116734942376,0.2602409995493701,0.2600492932362517,0.26034527589002376,0.26046744078182255,0.2607436086653343,0.2610187978723953,0.2631765915533918,0.26151986507305036,0.26187654112649367,0.26080282880711964,0.26090618832580287,0.26129313218083366,0.2613911783162903,0.2614062063480336,0.26399315616973734,0.2642278691455824,0.26446873759531153,0.2644360998402116,0.26449938271691337,0.2639710220678276,0.264016354822285,0.2640844920838508,0.2645393532449566,0.2648476444221444,0.26485465918527945,0.2648677120601604,0.2648925198104517,0.26520806284560505,0.26478664833371357,0.2660431179385771,0.2657058359296678,0.26568338803917774,0.26548323184976874,0.2656754675952749,0.2657186660587331,0.26486967827503677,0.2648902919098462,0.26509117735215826,0.26532876494399615,0.2656406475480631,0.2646060646900802,0.26459576721308137,0.2645688893607127,0.26532816646692203,0.26533302201564524,0.2671744235256405,0.26716537997571704,0.2672534881780869,0.2673300419867971,0.26735253285263944,0.2673706152376823,0.26752158215371646,0.26750164590279085,0.26789025101158126,0.26796287466979574,0.26801643431067906,0.26817959415622944,0.2682050685503932,0.2690803269115036,0.2691041495197797,0.26931307937460514,0.2693663107531024,0.2693211504093531,0.26932868937669324,0.269633984047965,0.26954811304840925,0.26955872168044126,0.2695615814453488,0.26855686048840666,0.26870258914693296,0.26871069263816105,0.26870632476226386,0.2689085074815575,0.26880575025090064,0.2691403482671104,0.2691282718307425,0.26906904192258285,0.2691298250308503,0.26923717588617324,0.26924074924116537,0.2692747437309878,0.2692725702697089,0.26921458821149796,0.2693146752617894,0.269558721492355,0.2695677060373998,0.26957360991869017,0.26959074691139334,0.26984664339961156,0.26985348760033534,0.2698709141117673,0.26995177210633253,0.269906989922338,0.269558524461936,0.26954316709831644,0.269629649020513,0.26956520480024354,0.26947650862472244,0.26950767455438585,0.2695153790849972,0.269585352591534,0.2696554746520154,0.2696527289382717,0.2696491028438274,0.2696394266886177,0.2696584473221383,0.2696598577285585,0.27138765795769404,0.27142689585597335,
0.0,0.0,0.0,0.0,0.0,0.0,0.0,0.0,0.0,0.0,0.0,0.0,0.0,0.0,0.0,0.0,0.0,0.0,0.0,0.0,0.0,0.0,0.0,0.0,0.0,0.0,0.0,0.0,0.0,0.0,0.0,0.0,0.0,0.0,0.0,0.0,0.0,0.0,0.0,0.0,0.0,0.0,0.0,0.0,0.0,0.0,0.0,0.0,0.0,0.0,0.0,0.0,0.0,0.0,0.0,0.0,0.0,0.0,0.0,0.0,0.0,0.0,0.0,0.0,0.0,0.0,0.0,0.0,0.0,0.0,0.0,0.0,0.0,0.0,0.0,0.0,0.0,0.0,0.0,0.0,0.0,0.0,0.0,0.0,0.0,0.0,0.0,0.0,0.0,0.0,0.0,0.0,0.0,0.0,0.0,0.0,0.0,0.0,0.0,0.0,0.0,0.0,0.0,0.0,0.0,0.0,0.0,0.0,0.0,0.0,0.0,7.620664149651758E-6,7.620664149651758E-6,3.285429779713637E-5,3.660397980208092E-5,3.155977588082196E-5,2.6561747195084775E-5,1.5465856793963492E-4,2.1394876396815156E-4,4.2957301599789695E-4,4.8308884975400984E-4,5.022888579057482E-4,6.562455308816827E-4,7.239776191541866E-4,8.056487375140886E-4,8.701233834909303E-4,8.455104264417692E-4,5.767977329285744E-4,9.117420433012133E-4,0.00162882919980742,0.0018000509082566187,0.0020024921537199467,0.0025306413941760305,0.002880767039850788,0.0030258880067110345,0.0032260501353755136,0.0034549139068615897,0.0037183211206887785,0.004266320138505278,0.004340877228519276,0.0045289369508017315,0.004626244107241767,0.004688157460313574,0.00451193477802457,0.0044909668195977645,0.004739763173689833,0.004716286706503509,0.005089054861565031,0.0053005520813194235,0.005106141219552231,0.005532350723858559,0.005955092929922042,0.006284058692492749,0.006212138464817685,0.006298998151260892,0.0072267268929975354,0.008060391329619002,0.007881630594213216,0.008144815537527994,0.008677668498655082,0.008809739245117985,0.0091725222197774,0.00970555493214675,0.009748664948986048,0.009154984416329637,0.009043610804125177,0.009056580591665716,0.009592954215700196,0.009679117059930844,0.009950360180246004,0.010016969206715663,0.010175807339363602,0.010634690884681004,0.010740616323704004,0.010816937763563612,0.011278632539918603,0.012279426759574814,0.012226622486127166,0.012365417041386067,0.012362579303046852,0.01248318495887185,0.01274723700820392,0.012741262732807377,0.013027925889304072,0.013013506875906588,0.013129106232240378,0.013351280155968091,0.01350823473779475,0.013383984230335193,0.013321198610015988,0.014903035164955648,0.014933783322998908,0.015306367855580509,0.015896058555937783,0.015945582884207415,0.02235916286802939,0.022488967088407058,0.023124149187144918,0.024864161298591668,0.026190823558923673,0.027192362581312596,0.029740090282870325,0.03138821889770905,0.03201962706503861,0.03384194343776515,0.03414068343031022,0.035152203463679366,0.03566763723732315,0.037100810072422594,0.03838478766998948,0.040020685012338304,0.040711047559425534,0.04107212594440763,0.04076396531066163,0.04058002110172187,0.040261405665282954,0.0406923337786604,0.04192160946532994,0.04380483419752048,0.0445074946983241,0.04782620641002399,0.04830912341284737,0.05021594853395849,0.05096593383131244,0.0517385266536054,0.05247556309184772,0.05317254255098441,0.05391908357895145,0.05431696967011173,0.05577157954766192,0.05580118161860826,0.05550472374976691,0.056038765076852924,0.056458633364749336,0.056834133056050375,0.05678549279074728,0.05649790391380393,0.057845167652979965,0.05885239607204094,0.05953230734349784,0.05981522123744164,0.060924954982038336,0.06219329763766721,0.06300390564700235,0.06408488398187558,0.06531741844903742,0.06574495491660194,0.06915410891953448,0.07041339202699705,0.07282437083780047,0.07409078360395502,0.07590538557220303,0.07707663700397728,0.07679688049242617,0.0782119122693822,0.08108963167591468,0.08231150840237407,0.08243901555794177,0.08273875100244409,0.08404775413493036,0.08412947568043382,0.0862433220947433,0.08665615397417573,0.08666659824635092,0.08720294597063037,0.0883163244685467,0.08881282390962597,0.08919081695084224,0.08966764143700968,0.08988647814495948,0.09003496789704106,0.09027803682531706,0.09038914604247289,0.09117613503608278,0.0933210190746502,0.09677229998085202,0.09740894946962837,0.09775605925247166,0.09992415316383883,0.10107810342940403,0.1028426207615664,0.10317425187213128,0.104334281417608,0.10462760624855214,0.10546468565096595,0.10647295908747671,0.10715581337772188,0.10802367765042094,0.11045205852541215,0.11054563578922247,0.11101488284917806,0.11141065735882795,0.11153155101714271,0.11336067328973809,0.11345514806062935,0.11368497941582645,0.11401778301869406,0.11451136170276859,0.11539508465948167,0.11764680929396862,0.11824528562346685,0.11901765341924575,0.12012562957606739,0.12157062199859314,0.1236196152081658,0.12535697268645402,0.12481912413010765,0.1271498758387241,0.12736509941080265,0.12764705287762346,0.12806260128610705,0.12836901617194268,0.1293963133006167,0.13257570768396254,0.132740274006708,0.13325700396645673,0.13402234326871956,0.1362566385363201,0.13724079195896993,0.13792751260946945,0.1381788462661438,0.1390102452350683,0.13885891283264715,0.13879230600783468,0.13930982174825124,0.139533379613006,0.14070606830927193,0.14196190593874422,0.14412662852029146,0.14449491087239302,0.1446112804904389,0.14476199633000886,0.14585017932937633,0.14614812449636966,0.14671174810172447,0.14682633095854417,0.14847624276143306,0.14885295262060172,0.14938207634474468,0.15330623241305116,0.15331052671712023,0.15425325323547953,0.16018631560125954,0.16221461173285456,0.16383995561825956,0.16448250146932827,0.16628374030899712,0.16829566970623275,0.16852239449833947,0.17651637667915715,0.17700452875761388,0.17779711046908292,0.17808412406243776,0.17828821352454666,0.17883577617074145,0.17983121362336257,0.18346869934172277,0.1884170168631686,0.19723611872483118,0.19723171180872578,0.19705035043366062,0.19840101282819364,0.1987691849691654,0.20572031365148538,0.20599392384606835,0.2061321667683636,0.20701531789171243,0.2093380287745069,0.20742476314614963,0.2080855949177224,0.2080756711419201,0.20729928602035463,0.20820621404890177,0.20954479783957664,0.20833327792161951,0.21093498245054287,0.20957558062279297,0.21020647115373195,0.21340887210268913,0.21375792607792965,0.21461504788419955,0.2142789397355635,0.21393153490722525,0.21385236930815116,0.21493255746869327,0.21599052817528597,0.21599396752353558,0.21979512861158038,0.22061415834652162,0.22125010543582588,0.22121905010552553,0.22121669808023867,0.22264243872497005,0.22379113219743096,0.2278135841470042,0.2285747379186655,0.22874309237529858,0.22978630211848927,0.23030432739590767,0.2307271853264912,0.23316056198160925,0.23313717851975876,0.23310821013474028,0.23394997952988877,0.2340096661192326,0.23347760164178943,0.23240266038014035,0.23254941021135067,0.23275403876197961,0.23282006040659695,0.23283228055981098,0.2327418952050163,0.2324885350953153,0.23253598789733332,0.23278154181638527,0.23398512546126257,0.23413756215172374,0.23424962487651127,0.23427701432232162,0.23430004784065153,0.23425821231153257,0.2345533640749105,0.2337629485223866,0.23440227538035588,0.23455918721133687,0.2351111368236479,0.23538640155344703,0.2357162748215538,0.23573550082941297,0.2361615435713055,0.23683299266701874,0.23680848505133717,0.23682016523606303,0.23641417472467138,0.23650230386648657,0.23574289393656833,0.23627519342730247,0.2362927662803344,0.23621360772439615,0.2365650348595191,0.23695040772490886,0.23715125973427248,0.23735825298021215,0.23739176038239418,0.2374571968669788,0.23797961667363457,0.2394599362746085,0.23957056605392474,0.23956066564499864,0.2395291596943067,0.23976864012161744,0.23836689090091298,0.2385334721164023,0.23897865976634317,0.23894506978869115,0.2391926542332939,0.23919319684828413,0.23960302195944982,0.2398340229871987,0.23991809578639728,0.23880405386366585,0.23917365824128822,0.2392198597828679,0.2392429439017975,0.24099629170884979,0.24173463798128372,0.24338523396541764,0.24336990676675793,0.24353891541813352,0.24366066136123418,0.24379135764874021,0.24459115183196894,0.24464327977870393,0.2446509136397297,0.24454880668851628,0.24466683926193322,0.24505056734355699,0.24503699011183858,0.24595544798543953,0.24590692452735266,0.24561371231597268,0.24564904085407316,0.2459561469921004,0.24616820254190808,0.24609584054017358,0.24652875428921844,0.2476015807284493,0.2477541404036826,0.24813340902402026,0.2483316321166794,0.24950324862547135,0.24888525088120594,0.24885722847671077,0.24893527998725473,0.24925655303432404,0.24911488175156354,0.24935586354502742,0.24929932848338562,0.24957045641621817,0.2497609589005133,
0.0,0.0,0.0,0.0,0.0,0.0,0.0,0.0,0.0,0.0,0.0,0.0,0.0,0.0,0.0,0.0,0.0,0.0,0.0,0.0,0.0,0.0,0.0,0.0,0.0,0.0,0.0,0.0,0.0,0.0,0.0,0.0,0.0,0.0,0.0,0.0,0.0,0.0,0.0,0.0,0.0,0.0,0.0,0.0,0.0,0.0,0.0,0.0,0.0,0.0,0.0,0.0,0.0,0.0,0.0,0.0,0.0,0.0,0.0,0.0,0.0,0.0,0.0,0.0,0.0,0.0,0.0,0.0,0.0,0.0,0.0,0.0,0.0,0.0,0.0,0.0,0.0,0.0,0.0,0.0,0.0,0.0,0.0,0.0,0.0,0.0,0.0,0.0,0.0,0.0,0.0,0.0,0.0,0.0,0.0,2.380511705432393E-6,2.380511705432393E-6,2.2899644827423823E-5,2.2899644827423823E-5,2.3517047070186753E-5,2.766163552260401E-5,3.22057347740303E-5,4.095106716093332E-5,4.09547991637565E-5,4.312146850428095E-5,4.3121468504280946E-5,4.295115913187181E-5,4.737858070537034E-5,6.014154072372553E-5,1.0824275793437208E-4,1.4956808109869752E-4,2.181471943621948E-4,2.7936276315026717E-4,3.4785758409806383E-4,3.779314759808707E-4,6.949623535699755E-4,8.055612650956803E-4,8.908830058945435E-4,0.0012047521543286054,0.001502612567837836,0.0015917437572418108,0.001655048087859007,0.0016696881632635011,0.0017811647578369447,0.0021163784740214483,0.0024376915845371323,0.0024538650469316603,0.0025360823641406805,0.0025831986796428933,0.002635839227028994,0.002787155260543624,0.0028062462628839955,0.0027619739961821594,0.002738767079775656,0.0027301909075793844,0.0029064482279399597,0.0029169751889029497,0.0029050944080474357,0.002693076299204957,0.002684804932081445,0.0026799335391239246,0.002413265668962233,0.002305336016438739,0.002409247478905628,0.002424714486138066,0.0025315310896603755,0.0022825535889151364,0.002861571101462911,0.0029765504524542656,0.0028209814321917617,0.0029257707865249327,0.0032636276450543687,0.003580531737212648,0.004009229755758694,0.004216245389110385,0.004549834697920311,0.005007767760152848,0.005475811993272144,0.00591328761958617,0.0062429357575083,0.006287605123190796,0.006351958646892093,0.0062927292717031265,0.006572247289457639,0.0069136896405656454,0.007573129450954519,0.00827223903671578,0.008336315034993328,0.008608711699339225,0.008817685035425885,0.00920184605205864,0.009334705543750372,0.009902531484337186,0.01005831448152895,0.00994586659141375,0.010709570849106804,0.010730963356782775,0.01071810311162517,0.010935384894708243,0.01100713162179685,0.011179684624363029,0.01123169787974759,0.01111095554516794,0.011318689037750507,0.011515703499841662,0.011991928078891694,0.012001088018255111,0.012183497758655808,0.012921282385775609,0.013161883571934799,0.013543547884446415,0.013527316516159666,0.014080041998205386,0.014188542831594507,0.014780031628091942,0.015405205358290389,0.015332629326375354,0.015480282107612028,0.015440536291952418,0.015807750393551305,0.016103396979728773,0.015980353487528586,0.015864181985091225,0.016037271470233247,0.016312431008948643,0.01707882395072567,0.01755829803657276,0.017947491427429872,0.016914380794092763,0.017428288636936577,0.0191196853665788,0.019222406398600244,0.019537418613285444,0.019774454479406286,0.021055322994236673,0.022986878979803258,0.023008292617813456,0.023501376077163953,0.02466605749969742,0.024869588948782762,0.024807696617985524,0.025371389708591114,0.02545354616894146,0.025422960497074796,0.02582314178259432,0.026713703624803336,0.02714897520920825,0.02763371559362895,0.02788622288022935,0.02843807654749878,0.030102517153446445,0.03194513412701074,0.03228377431253897,0.03233769509286751,0.033904474094990575,0.03448663952434415,0.03529859007921667,0.037218039810842145,0.03709846860046653,0.03914500094398783,0.03931213098702085,0.04126574878187099,0.041658645699041756,0.04218046709476066,0.04395176558874843,0.045390598997657454,0.04596983925964582,0.0462114368992666,0.04616811838385117,0.04694055390758388,0.04724127247020489,0.048408426889572316,0.04824613853071702,0.048881762696159764,0.04941093547814951,0.05114211454813553,0.053168887261358,0.05322865753551758,0.05455033606244083,0.05442150428435841,0.05466384254513795,0.05656942451966558,0.05915487555542456,0.05913516564596382,0.05767589808480312,0.05758739007178166,0.05890980243349604,0.060355207298804454,0.06103324646842817,0.061249970949438584,0.06284455204632326,0.06328260851924014,0.06750968081264458,0.06771446060191783,0.06796326966685189,0.0705808141610743,0.07210332906066112,0.07195547058084333,0.0730324747072633,0.07414722927263845,0.08210183568006205,0.08368046047106197,0.0845465452695664,0.08525373741633446,0.08947677559044863,0.0897559164953194,0.09173803176297438,0.09346545046839996,0.09440835270626502,0.09571197820725348,0.09649941328017143,0.09821065158347386,0.09946657568286614,0.10063380990083322,0.10148994770766033,0.10265813183824256,0.1048498156691012,0.10550112850551932,0.10911736497045547,0.1095871350065354,0.11025507941833251,0.11212964968551886,0.11241359654024825,0.11375400516260276,0.11416413287199903,0.11434261803950424,0.11567986093884598,0.11745589038417995,0.11797744874144755,0.11804900155271947,0.11853604285855604,0.11874301875988265,0.11979189897613933,0.1198208700636258,0.12049117742006595,0.12046495697770518,0.12107534770448909,0.12146105772135642,0.12364262535628016,0.12358034423767657,0.12376946028322863,0.12409818226885755,0.12490435669150443,0.13275639024103766,0.1368810390365739,0.13827585082102448,0.139360346048182,0.14336968422312849,0.14342937535897785,0.1435650959992961,0.1442747296486775,0.14443766193297108,0.14441344849918972,0.1449697096827493,0.14555467488484605,0.14557670103117665,0.15000042168545547,0.15106443069821834,0.1512117471113184,0.15203164748121062,0.15352526006224296,0.15358881705723837,0.1530237068656319,0.1532152862403489,0.1547476931997574,0.15509245266287758,0.15654789915559583,0.1626048545937992,0.16328351701248847,0.16745026223588044,0.16835231990474156,0.168674231651738,0.16999893899780608,0.16973962273295964,0.17056443537769,0.17113013408741073,0.171397776585867,0.17390084762286004,0.1755805467031129,0.17647159618807298,0.18119272892944052,0.18170902487447996,0.18257630480407908,0.18528480045114082,0.1862815913592487,0.18761188034719045,0.19049477214164148,0.19084984886091216,0.1892439903507769,0.1903043953070097,0.1908668979155376,0.19096139166156226,0.1901740399214827,0.18991729385187153,0.18993286684528157,0.19175185253470237,0.19104457947031736,0.19133511464458355,0.19254193490611124,0.19336268635371132,0.1933806598025068,0.1938416455934556,0.19434831953272383,0.19502511477994738,0.19623302659627925,0.19547078688250272,0.19520356046120582,0.19533554627596977,0.19533349781937645,0.19779425175415563,0.20087470736856897,0.20124608346368003,0.20006800521458865,0.201590508618971,0.2015238583045478,0.20227102125444502,0.20356366768658238,0.20366316222232073,0.2041922260481058,0.20384176878998006,0.20386734366868217,0.20422363045579123,0.20420506637276095,0.20629839354092444,0.20627258979298713,0.20624436811751987,0.20623343658762508,0.2069883842274634,0.20757215072855342,0.20766154557456754,0.20731679948453993,0.21106656243602132,0.21159363454005276,0.21164041131319788,0.21191847214682005,0.21281945861032006,0.2147512887943594,0.21580915482407323,0.2159420535133799,0.21633783516842453,0.2170806163815458,0.2172942223028916,0.2183902640978012,0.21853555841603475,0.2186447907430673,0.21866537368788896,0.21905077605975273,0.21923951931291266,0.22031200603732348,0.2241626878215155,0.22415397597776904,0.22451882132812528,0.22445131086373662,0.2254933818717515,0.2266922870258418,0.2268578742109688,0.22697253835024653,0.22631294609231,0.22630102256071746,0.22655106607721062,0.22713307368010024,0.2274007277199421,0.22752569304437695,0.2281693556808392,0.22854296720792952,0.22847370294985242,0.22961153724880048,0.22974676247755899,0.23018699629009645,0.23092023924023558,0.23176071380942673,0.23185569487558907,0.231891269129846,0.23178558743397537,0.23187484096552197,0.23197660447303267,0.23227686022728625,0.2330222831849251,0.2334949032293547,0.2331365473629004,0.23363389068238738,0.2338191439399551,0.23643181816310663,0.2367964553692986,0.23683890454833514,0.23685093245817884,0.2367624412486697,0.23856680705613095,0.2414505845101396,0.2423055506179266,0.24272716323041657,0.2428357498520732,0.24275038448324845,0.24270116210486703,0.24268545459353777,0.24357211812741494,0.24412886233090653,0.2443218717130057,0.24288649854647018,0.24485110711065675,0.24499971884179544,0.24822926816310523,0.24842322536367076,0.24848334481123752,0.25297086699528865,0.25321917132082084,0.2533505105537254,0.2534513336628907,0.2538520737581723,0.2503874212654509,0.25075227816482715,0.2507758712903282,0.25082243040572655,0.2505454478792133,0.250518885420604,0.2505591037605635,0.2521880862943989,0.2524697525773861,0.2536171258246668,0.25315166916153653,
0.0,0.0,0.0,0.0,0.0,0.0,0.0,0.0,0.0,0.0,0.0,0.0,0.0,0.0,0.0,0.0,0.0,0.0,0.0,0.0,0.0,0.0,0.0,0.0,0.0,0.0,0.0,0.0,0.0,0.0,0.0,0.0,0.0,0.0,0.0,0.0,0.0,0.0,0.0,0.0,0.0,0.0,0.0,0.0,0.0,0.0,0.0,0.0,0.0,0.0,0.0,0.0,0.0,0.0,0.0,0.0,0.0,0.0,0.0,0.0,0.0,0.0,0.0,0.0,0.0,0.0,0.0,0.0,0.0,0.0,0.0,0.0,0.0,0.0,0.0,0.0,0.0,0.0,0.0,0.0,0.0,0.0,0.0,0.0,0.0,0.0,0.0,0.0,0.0,0.0,0.0,5.4437193142887365E-5,5.8059516516307706E-5,1.0365453044906719E-4,1.4161250063764248E-4,1.644139481158631E-4,2.2708946823335823E-4,2.486167877878573E-4,3.4456222183902406E-4,3.550757063353019E-4,2.936266240746807E-4,3.0714946461943363E-4,3.09961651330426E-4,3.381074090433154E-4,3.5479030832296586E-4,3.5127647634902E-4,3.5310727092412387E-4,3.399649280337687E-4,2.3625147216242722E-4,2.2906916328575917E-4,3.2491328203027687E-4,4.3710063963818915E-4,3.922339759958852E-4,4.614601576740683E-4,4.6713228927314617E-4,5.076379735243727E-4,6.160252835608638E-4,7.35988398019946E-4,7.365127427194335E-4,7.666836540920567E-4,8.509833294587846E-4,0.001018436835684185,0.0012406982644361279,0.0012852249316175088,0.0013560256740245916,0.0013396510187171538,0.0014003101932383857,0.0016373383019426058,0.0017484091699398608,0.0016501240302086659,0.0013635991308239852,0.0017202709498372703,0.0018391890450025082,0.0018899643579947502,0.0021232535436049214,0.0021994076231142156,0.002465534436259622,0.0038570493326972933,0.0037740231831921212,0.00391694756110332,0.004255701160081271,0.004615322834790144,0.004745237337048707,0.005218958181336637,0.005123841958591599,0.005931842221366685,0.0063064070370273985,0.006325650072210938,0.00657258368358503,0.007308320892562355,0.008147608242883629,0.008330794505526122,0.008347499584240787,0.008642210360657186,0.008947509346969588,0.009091817847985732,0.009377817775713969,0.009416513135787697,0.009625406396527843,0.01236514900869118,0.01233106597769485,0.012706523132336557,0.013239347706224073,0.013665695041072212,0.01479156572927542,0.01505545119838612,0.015405560057551304,0.015628795930365747,0.015990272010051536,0.01629719061155552,0.016573971301538943,0.01717307887772986,0.01799314622181243,0.023906701198060154,0.024526151079501787,0.025570933398155315,0.027591413533982093,0.028687065877402978,0.03073401007025449,0.03204024531649743,0.034781249930586865,0.03540815765850361,0.03536393116552594,0.03651773730524719,0.03825183400009045,0.04075129423708938,0.04030864331569226,0.04077709437292576,0.0421394667551271,0.04249000695515169,0.04355513923562406,0.04486050257591805,0.045738817719081094,0.04695133494925609,0.04706838311856732,0.05044856017813502,0.05023053845572252,0.05018919068360153,0.05030222648369638,0.05210177710226184,0.052012701524825455,0.052365390258944565,0.053946914837489805,0.054381154128495666,0.05739527742093631,0.059272963864771065,0.059864972349612355,0.061591523168663176,0.06223796744499486,0.06291108021415287,0.0630869468517519,0.0635208076513732,0.06369586919011307,0.06386673436156401,0.0646923233840005,0.06508714904279994,0.06500845859742015,0.06573361318488798,0.06629836863459508,0.06613121511420107,0.06719258839152138,0.0677759683372571,0.06799051760011579,0.06898143738798394,0.07025344205853971,0.07033908640894444,0.07232231327392546,0.07326935501938044,0.07247290295029332,0.07334204600655335,0.07302678862109373,0.07315962798561462,0.07316668921048941,0.07391138501099176,0.07591660748882126,0.07654523786619474,0.07707406052981924,0.07807215681500286,0.07843856606646893,0.07857476891447591,0.07731086732958334,0.0766186676376796,0.077083686490218,0.07734745239314371,0.0778440446654711,0.07846981290706728,0.07901398290814957,0.0805916946172184,0.08126325394359643,0.08196076551986774,0.08500425723090899,0.0866549943267644,0.08867985567142321,0.09071501202729894,0.09184983143845661,0.09281631439219681,0.09348179304857185,0.09433905318129791,0.09521056328907324,0.0957577355913737,0.09669103150235504,0.09753580618151154,0.0989942213865243,0.1004431669612469,0.100406619969404,0.10200716731220515,0.10325332311333034,0.1033363081314428,0.1031090249195562,0.10495371999254464,0.10629195279858475,0.10791903406130544,0.1083310125240384,0.10914632289859265,0.11029392793108576,0.1095169830276697,0.11077725368479975,0.11365364399925669,0.11391219036525939,0.11479642471619506,0.11498228040657171,0.11546453539425446,0.11826729769060411,0.11981976033193453,0.1205248919577393,0.12052628607775534,0.12068182764422061,0.12072602935643753,0.12171014267783814,0.12573482472759318,0.12643819176737567,0.12704545342166582,0.13115235143664747,0.1313418909119247,0.13321474549278006,0.1340308305661378,0.1353661404653797,0.13547781640592518,0.14069729761775707,0.14265097706948665,0.14311424501160547,0.14581349732081691,0.146101106966394,0.14768264162867709,0.14970456223102813,0.1506479144970734,0.15316866324267922,0.1537315707106008,0.15381024090217746,0.15497186486817202,0.15497587321357967,0.15569814514571112,0.15660885409258204,0.15762478369575303,0.15819114531894737,0.15923400285987607,0.15918156235385772,0.15918023978789156,0.1599160432969628,0.16103792946359544,0.16160765415857825,0.16226824491764155,0.1630638953841551,0.16355835600128724,0.16376992644109406,0.164910642348533,0.16519975887823365,0.16531977751193136,0.16567137532449142,0.16635472606971125,0.1665846205463549,0.1662633306476467,0.16678568590626902,0.16775950406365853,0.1699904852733952,0.17034507194256343,0.1707997609144337,0.17401681100548944,0.1742463203483775,0.17445485315794693,0.17487699274044383,0.17515788890617304,0.17577067165526608,0.17862464831633035,0.18101701047261304,0.18141700519819118,0.18450914397190352,0.1845425995647385,0.18424983398552838,0.18638885742986872,0.18659813766863192,0.1881590856140714,0.18919341200715944,0.1894973095712763,0.1895895793789762,0.19204049287435215,0.19342707277055932,0.19438799462979697,0.1941310736104655,0.19438087348506106,0.19706222809508342,0.19761461437345085,0.1977476120458586,0.1978202698643785,0.19798157038200814,0.19804430099605702,0.19871206910228373,0.19941616369985332,0.1994929856985382,0.20129777323130033,0.20162014494064096,0.20161481312635754,0.20202091237915576,0.20222349977583548,0.20267973687703222,0.2029131478694742,0.20322123183863838,0.20345958237523032,0.20346743286100397,0.2036755401315727,0.20421519507124594,0.20429956139633199,0.20427645752969883,0.20655192105077771,0.20781593595274164,0.20807408798836205,0.20855576133605727,0.20876860977198491,0.20873321719636073,0.20891569401089313,0.2129609884164273,0.2136901133928901,0.21558271548368205,0.215989594761832,0.21599704319536214,0.21766003354614497,0.21788427689941797,0.218148211656195,0.21822160103641977,0.21951979141647499,0.21968152903568625,0.22142681868989134,0.22141901319632631,0.22118943559242837,0.22183749189088112,0.22136227512463605,0.22340082835959466,0.22379231644709652,0.22447173239687845,0.22398791003306964,0.22570695081149178,0.22809000369484275,0.22840871186641126,0.22745461368531697,0.22725667134214753,0.2255391040374788,0.2301857325417365,0.2314603080206288,0.23166012035853847,0.23164043809203888,0.23192908451433167,0.2319915817861321,0.2324073434000687,0.23247099085914535,0.23248086772225512,0.23262719511748162,0.23345502574958893,0.23354612697938607,0.2337751953485879,0.23597713886449517,0.23656465778554298,0.23741591091778128,0.23992002140909144,0.240296276542044,0.2405438960180264,0.24040656309645078,0.2407047389859137,0.24067340018718814,0.2410286164751147,0.24109966539231278,0.24125556565118986,0.24195094429754177,0.2423535106558812,0.24264075020797188,0.2428865660596854,0.24303861599852164,0.24290789396541154,0.24007100967053632,0.24280498355096267,0.24286727190646204,0.24271476376242956,0.2431606522627008,0.24340600718030997,0.2432868747054486,0.24331226016554924,0.24331459788720555,0.24337273304965892,0.24344252605648256,0.24342737798004688,0.2442114239295732,0.2444243267867624,0.24431184450931145,0.244301750647575,0.24455124937217226,0.24627633896106854,0.24737125156682788,0.24768632563927767,0.2476852223866598,0.2476846621892732,0.24805571054250047,0.24806343023439195,0.24813393054878838,0.24821868430528712,0.24866786359728135,0.24870135460044565,0.2487070757387257,0.24863064015180433,0.24964161333438298,0.2503436881779342,0.2520167799424565,0.2520708353773126,0.2521333530570701,0.25216974265198167,0.2525725846213849,0.2527403230881293,0.25329625488796953,0.253449013040991,0.2535777368066291,0.2538833413795881,0.2551183299792897,0.2555309437459758,0.2559373761015978,0.2559286003372089,0.25923820193644453,0.25952254157642884,0.2592849699010748,0.2593043232696472,0.25932371710726526,0.2593504812843437,0.25982411608328077,
0.0,0.0,0.0,0.0,0.0,0.0,0.0,0.0,0.0,0.0,0.0,0.0,0.0,0.0,0.0,0.0,0.0,0.0,0.0,0.0,0.0,0.0,0.0,0.0,0.0,0.0,0.0,0.0,0.0,0.0,0.0,0.0,0.0,0.0,0.0,0.0,0.0,0.0,0.0,0.0,0.0,0.0,0.0,0.0,0.0,0.0,0.0,0.0,0.0,0.0,0.0,0.0,0.0,0.0,0.0,0.0,0.0,0.0,0.0,0.0,0.0,0.0,0.0,0.0,0.0,0.0,0.0,0.0,0.0,0.0,0.0,0.0,0.0,0.0,0.0,0.0,0.0,0.0,0.0,2.96756486992858E-5,2.96756486992858E-5,7.163887013501967E-5,9.903503952569534E-5,1.382839642185726E-4,1.643698459123601E-4,3.146634554345508E-4,3.4842368892289464E-4,4.325014344376149E-4,4.498776604868081E-4,4.7767605973831115E-4,5.254570741249711E-4,5.481224106375266E-4,5.292964557951111E-4,5.366590788989728E-4,6.177180713228293E-4,0.001029397962155548,0.0010916567447433448,0.0010769073078444348,0.0013152907939643899,0.001833642484026439,0.0020694411256913636,0.0023321185252178273,0.002707855020072264,0.002785507400625561,0.003347123358448011,0.0032154577738407355,0.0035108264843832803,0.004136075365344022,0.004211586361569997,0.004539724338303862,0.005032314551340071,0.005096930438786651,0.0056610812584981275,0.005748876040372654,0.005875345027657025,0.00622857228844498,0.0064401041926598,0.006724988368976131,0.006894107923929179,0.007233631018335444,0.007735093494712976,0.008245790593645715,0.008820831474736472,0.009130132774186332,0.009351828469375875,0.010751662328743172,0.010921133576224996,0.011074682957043253,0.01087337223479925,0.010598099369196132,0.013162832264029182,0.013008278360101329,0.013484439859712587,0.015114011703623814,0.01637491405812448,0.016834094855462726,0.017125252638627592,0.017744694485728046,0.017920622514813706,0.018625475707215337,0.019352033793395226,0.01894094884324354,0.020077932991080995,0.022570819926443653,0.023940704572788896,0.025826312483843705,0.026907584857379273,0.02834241146885041,0.029651228831257613,0.030760747420901763,0.030662208287109,0.031733196889262,0.03309291245990949,0.03302528979496521,0.033872980301035874,0.03412398245546825,0.03436869890048792,0.034865292790425,0.03512867396126347,0.03523220300638924,0.03506512025584366,0.03542509991971259,0.03575784453896625,0.0358836461339893,0.03582267480810893,0.036038514520949076,0.03702926473307022,0.03694528862011486,0.03693259273896379,0.03733332912148124,0.040419009430798285,0.04071046253456206,0.04114917019349073,0.04076447036312666,0.04259525295734583,0.04247230608779507,0.04288938424728365,0.04195154975130745,0.04222111986229431,0.04146727588235082,0.04257255730940977,0.04280174433420065,0.04454198036589313,0.04529224696127491,0.04635547624161005,0.04784891839865027,0.04879052818238552,0.050116342346075676,0.05109743822171707,0.052311441751956754,0.052191540271956015,0.05173204047282165,0.05324670324316099,0.05534578015043339,0.05514894723666557,0.0592826894530926,0.06281769294596869,0.06639002476260812,0.06788629514357707,0.06898842461222536,0.06998776395862644,0.07136127161887588,0.07437690824373798,0.07788174310601587,0.07830876332800073,0.07724975318770923,0.07891621975956332,0.08446232451516146,0.08724094765682808,0.09148853601542242,0.09216596469959609,0.09370643784513229,0.096240899135523,0.0953193019696496,0.09463935386848968,0.09478652060505764,0.09592338653422218,0.10086178880633379,0.10178904458176388,0.10193897602277686,0.10383560415718267,0.10492083602556235,0.10950759092470716,0.10925665255967268,0.11233366082630143,0.11767915525602557,0.11958867368821281,0.12282780998040786,0.12218921706304839,0.12233691367829214,0.12262565305388906,0.1247095930817096,0.12489149248825498,0.12602979050755111,0.12640234076040377,0.12776099853656156,0.12847460307523892,0.12856666543052528,0.13042899200581243,0.13067815654565312,0.13116997582349407,0.1316663815344182,0.13306820134200384,0.13438747061513895,0.13589884528130822,0.13588803387292828,0.15252457123452726,0.16158204511804017,0.1620239736575723,0.1632254583215337,0.16451993977368948,0.16477745596170573,0.16481331234313373,0.1649074648790135,0.1673350818097849,0.16778712522232508,0.16864525003888176,0.16809940041295263,0.16838089942783682,0.1686128325541589,0.16821915144824615,0.1678458899783634,0.1713248149822036,0.1693910805882023,0.1709638438938431,0.17074646133945565,0.17129503102543225,0.17138698854534148,0.17153550132637727,0.17263799168845245,0.17269458298720472,0.1720001408633135,0.17250975637485516,0.17385726326643297,0.1759780260544347,0.17624182579713385,0.17569203596126856,0.18021355255960578,0.18154498838126942,0.1837158364536731,0.18330802841302085,0.18554480238074025,0.18743335846755502,0.18823215456384393,0.18845635306787709,0.18862433950104085,0.18876922599483614,0.1896201546432137,0.18967946807230357,0.19009778177455336,0.19011550682251172,0.1901765869804247,0.1900354111893304,0.19162452284765583,0.19213081424596087,0.19254194194199595,0.19286080303830835,0.1928082762961722,0.19770781025866663,0.19879288946508086,0.1992386231667593,0.19931049067862555,0.19945590721154954,0.1996348910159999,0.20072783126762087,0.2042428299317105,0.2054352861674126,0.20617682175236238,0.2066176497450212,0.20720103165150242,0.2080459852866351,0.20725815727962904,0.2075007110040174,0.2085001870633124,0.20863380381484609,0.20981195618889004,0.21032728131915734,0.21056443813311468,0.21354590033188897,0.21441408383575591,0.2153965814306065,0.21563902024873982,0.2157930248275251,0.21688239233652537,0.21540447183722666,0.21554967807502187,0.21560106923196973,0.21862985939909393,0.21950414784014957,0.2194536525866979,0.22042311097427525,0.22085196959609193,0.2215289861285496,0.22149461346812926,0.2224622414704923,0.22293285101413543,0.2229203424711638,0.22449280481673803,0.22505103595238424,0.22673727221232337,0.22776676649957847,0.22773722974609248,0.2280255209395157,0.22920689254366683,0.22930212213295065,0.2303094860673772,0.22982831389979475,0.22989751998432734,0.2300802638426361,0.2301951801394653,0.2303344527198108,0.23069618636582856,0.23123987033363683,0.23096983602074864,0.2309407591335384,0.23001050217612762,0.23012058295102386,0.2304756681849508,0.23190167716623555,0.23190626049260865,0.23259598791626085,0.2329121579025239,0.2334110802619147,0.23334947149203417,0.23377630794836549,0.23388710012375447,0.23402845314279827,0.2340883076743697,0.23513995206009025,0.23515907470603073,0.23556435007472096,0.2366822919337937,0.23734831402955234,0.2372919310583095,0.23744071695443394,0.2374996025180759,0.23751847660112005,0.2373556124903565,0.2373767572052828,0.23738538106218518,0.23795161305580556,0.23805923993023395,0.23834153904827302,0.23849432288520828,0.2385058030437264,0.24035851953591675,0.2404013646352361,0.2405684827700952,0.24118346706365176,0.24127308939959097,0.24159642588564434,0.24170158940610426,0.24170137864494015,0.24166115105736052,0.241640211776537,0.24196123560311752,0.2428420892577935,0.2430602383201569,0.24309410364622108,0.2431350711820196,0.2436255114465961,0.2437498829516378,0.24418985541352944,0.2446043359403932,0.24471071384834422,0.2448305072074371,0.24676399467232515,0.24660685183134096,0.24670298140861815,0.24677625109092327,0.24670972742564767,0.24672425267248302,0.24669586895587223,0.24670529660945847,0.24689245035998086,0.24736868745791835,0.2474154246628611,0.24748673652570383,0.24593122268103731,0.24605159362323567,0.2461234585164853,0.24619058499807733,0.24628381501850674,0.2464737155806221,0.2464911966250824,0.24599928654250763,0.24605414624561833,0.24618737982855274,0.2468443193592211,0.24708429689630665,0.24716209164789318,0.24715345753177018,0.2475312274375414,0.24753681478559833,0.2475301880554303,0.24761301683151607,0.24762667963975205,0.2479461196619095,0.24795274750563182,0.24862828296824557,0.2511047114110454,0.2511504511768417,0.25107995645222797,0.2512191003732877,0.25132852315352233,0.2513628106784772,0.2513801524161468,0.2514748559357977,0.2514910537909173,0.2515955126598708,0.25098433116268803,0.2515252587845226,0.25155069111661177,0.2517209950345939,0.2521744874781272,0.2523052839820055,0.2522995887225362,0.2526350651318501,0.25317249508590556,0.2537829915098764,0.25328335390525863,0.25323912465976584,0.25318096073364693,0.25313789067214076,0.25190927428171467,0.25201549305570714,0.25202315171148654,0.2520081662872941,0.25196876896204123,0.2519589088505567,0.2523164877857119,0.25279883376526263,0.2582321065362113,0.2582722782489027,0.25839547791572287,0.2584615900037518,0.2592093944743556,0.2593400311493576,0.25988118140166144,0.25988374173618417,0.2598933521696978,0.2600033322593075,0.2601261066389777,0.2600019581234191,0.2643850559832928,0.2643838033811624,0.2645398138961499,0.2651008717092289,0.2650949871703369,0.26512695586080887,0.26515880186570173,0.2653459426823665,0.2653508693546724,0.2653617167492821,0.2658651614287956,0.26601965952359696,0.26601604354593056,0.2661558285208272,0.2669616021316571,0.2670227927460105,
0.0,0.0,0.0,0.0,0.0,0.0,0.0,0.0,0.0,0.0,0.0,0.0,0.0,0.0,0.0,0.0,0.0,0.0,0.0,0.0,0.0,0.0,0.0,0.0,0.0,0.0,0.0,0.0,0.0,0.0,0.0,0.0,0.0,0.0,0.0,0.0,0.0,0.0,0.0,0.0,0.0,0.0,0.0,0.0,0.0,0.0,0.0,0.0,0.0,0.0,0.0,0.0,0.0,0.0,0.0,0.0,0.0,0.0,0.0,0.0,0.0,0.0,0.0,0.0,0.0,0.0,0.0,0.0,0.0,0.0,0.0,0.0,0.0,0.0,0.0,0.0,0.0,0.0,0.0,0.0,0.0,0.0,0.0,0.0,6.70720953561127E-6,2.5639782738770484E-5,1.4100978664774563E-4,3.2400289837758705E-4,6.407996720700804E-4,6.674606208737615E-4,6.952293788278411E-4,9.742933635313782E-4,9.41257908515577E-4,9.758423885994938E-4,0.0010525510559407313,0.001169264847062715,0.0012001797741987524,0.001566874392529491,0.0019419231273145358,0.002063226204305849,0.00234164644352075,0.0023594763145824236,0.0024950220717681213,0.00252383588681551,0.002658751905679293,0.0031920286355460073,0.003333113595841932,0.0034703700267941554,0.0037494794413293086,0.0038739137689652297,0.004311741871747074,0.00444173649929244,0.004498950556161527,0.0047952343924914185,0.006051431707656619,0.007168556998678085,0.007925092743011937,0.007646620843095246,0.008815482665767392,0.00957234340047149,0.00901595610015425,0.009477708740529651,0.009750756536255742,0.011295845487952675,0.012170234332061986,0.012372078693086585,0.013742051011239155,0.014204688520310536,0.014663759709925037,0.0152783970108624,0.017937274175377334,0.019858128654909716,0.020396182746217986,0.02103854389571745,0.02036552072727768,0.01943859645275029,0.02024491826991704,0.02125966095270877,0.024259660980796065,0.025674501219230945,0.02580064668935434,0.028169478733597056,0.02888809687915997,0.02920881939674132,0.03031155126977911,0.03143538222020138,0.03251377934978208,0.03356751365418316,0.03283365427576071,0.033129351834648664,0.03297898815949831,0.03358337060300027,0.03372490736507453,0.033326257240547365,0.0352713101805182,0.03543504713277657,0.03565671835836271,0.0359519273149981,0.03636263562652902,0.03669007741367732,0.03672942851845957,0.03691017898902664,0.03732365678755084,0.038877476444228565,0.038878206717410387,0.03914796929033917,0.03978604028294334,0.040891287860102384,0.041984351782130266,0.04241299129896548,0.043227405616594786,0.04421574420663923,0.04433691247865021,0.04435150962131556,0.04483420749372272,0.04533566082983463,0.04638925150340305,0.04659530909256244,0.048159793141881846,0.04985580500458208,0.05245411209602632,0.0549879605620812,0.0575273866483347,0.059538951396891034,0.06461145068633878,0.06544299826022164,0.06621493060383565,0.0667568084466552,0.06658382987620509,0.06639438539284152,0.06670300937193441,0.06684067221509357,0.0679543722134367,0.07017600192484554,0.07153103542960297,0.07174905023893935,0.07212600735020137,0.07192672002946096,0.07344942128216299,0.07515937708460588,0.07567937888784058,0.07616057749320174,0.07698995125685355,0.07766282262504846,0.07733879735961506,0.07932235211093015,0.08074845153730445,0.08243558107963556,0.0820578019797619,0.082852549120103,0.08519598179469991,0.08563282092232144,0.08647035048853183,0.08823234422156057,0.08813994059981105,0.08891875313218618,0.08965916463054313,0.0904237423335658,0.09074886877982627,0.0904564589725594,0.09241327185139969,0.09267385832168894,0.09318186218357805,0.09539375728208586,0.09585659327063417,0.09795279188961861,0.09809925925482402,0.09804199481758456,0.09949948607714122,0.09996556557617671,0.100142668074773,0.1010975457380387,0.10335175955337547,0.10515864682871538,0.10840485986598578,0.10980714324276449,0.11016311408834698,0.1108276368209556,0.11101723206667918,0.11141185360619849,0.11107326600005808,0.11167187567742552,0.11238160846965255,0.11288014569561113,0.11493115800055917,0.11658001817199554,0.11699229640866038,0.11461810617779443,0.1154016020253997,0.12263722875941913,0.12677507432465754,0.12710253791428616,0.1276743787613729,0.13645783873629816,0.1360914060606194,0.1380037961754448,0.14384105325596536,0.14470211195892338,0.14518736907594973,0.1453352361006455,0.1480724375908967,0.1503828409222935,0.1503724088582882,0.15228996385655555,0.15464771055862117,0.1549440947258066,0.15474759454845108,0.15551993353426138,0.1583704568954107,0.1611191041875042,0.16205268672979317,0.16136238268649764,0.16691041368489673,0.16717037632250734,0.16769425695265278,0.1687869351479128,0.17198363118061574,0.17309507821152637,0.1730655477197205,0.1747708638504861,0.17537490863348876,0.17554282366723153,0.17679380670537936,0.17691208526331392,0.1773472094467497,0.17735213760204366,0.17743415935464862,0.1773243725243899,0.17926477010050498,0.17973060221433637,0.18079985988693545,0.1796607808072989,0.18132731698720772,0.18125418912728072,0.1816105289706096,0.18168179896057501,0.1819806644674662,0.18216667536420367,0.18225126548820342,0.18204905166043964,0.18263303175490625,0.18266751258496766,0.18324973287091995,0.1835958419947288,0.18337240564014556,0.18352029999718816,0.1841616041721259,0.18444186122272152,0.18922879508930426,0.18946109206531955,0.19039255374795552,0.19044173919715246,0.19103945696658706,0.1922695558520822,0.19225643069229723,0.19259768831018134,0.1936953203915444,0.1939831119755948,0.1944467150527171,0.1952629111639379,0.1947649237319221,0.19501263038949015,0.19505189430629313,0.1950332013736729,0.1944526748935685,0.194967146103233,0.1947967765298472,0.19489969755091002,0.19508268205020707,0.1954034147113552,0.1956959713824651,0.19576278901559163,0.19591471162044466,0.19609176530199493,0.19624123560728016,0.1961224652610753,0.19612970682270137,0.19638279174235346,0.19640910898458783,0.19693518545075406,0.20067751490257935,0.2010722199658667,0.20103736621282986,0.20283186321017752,0.20332310187008837,0.2030329217549277,0.20354279343210507,0.2036181056020457,0.20467311324331006,0.20514274707490315,0.2051226993859281,0.2050084614550279,0.20535883896122042,0.20728275062687684,0.20732552079156577,0.20987485077842852,0.20982469542331647,0.20788316240997015,0.20797755853440333,0.2084827124735734,0.20880859723447118,0.20884031716052673,0.21067704437240856,0.2123625550688717,0.21270399825817865,0.21228465853805076,0.2123214956701643,0.21254880625918257,0.2122202805541404,0.21221848412093666,0.21089118807131285,0.21089291528406623,0.21094900829641924,0.2099991930007537,0.21019559531846066,0.21017068493640798,0.21066244880951673,0.21100997070957958,0.21182105788226288,0.21318891606565224,0.21303577513157212,0.21307591593461703,0.21307462213209075,0.2133508077352523,0.21373313075222036,0.21400029097396944,0.21403888580067307,0.21405841028268466,0.2143987032786349,0.21440886621899458,0.21457036988363415,0.21623906912695717,0.21623941530855648,0.21646778170764167,0.2164223486330501,0.2168046955953048,0.21719236142559936,0.21718674531662854,0.21726347538096002,0.2192338919390204,0.21921143604230675,0.22118317463256137,0.22416143649596187,0.22413000213244377,0.22420731523185836,0.22503861718526474,0.22503053988847424,0.22503336306847196,0.2256242131396349,0.2255773460915355,0.22558576782078446,0.22587721405439234,0.22601418014738622,0.22606984681197084,0.2273278329904144,0.2292790218096802,0.229456047422563,0.22952292629379328,0.22977729482335787,0.23004786367065064,0.22724847534100667,0.22732481395747828,0.2279894044983025,0.22825220647444322,0.22831092383384563,0.22832798197626525,0.2284764866969315,0.23321301309166953,0.23392304140749084,0.23401926657510416,0.23430461133827488,0.23454364526787452,0.23492212276203644,0.2361927835175187,0.23622750525778924,0.2362231069925868,0.2362551940467668,0.23628890189891683,0.23887242700794198,0.23822542713811248,0.23835458311483332,0.23719329551372093,0.23819697822842167,0.23814452037273745,0.2382775382704128,0.2379056169925368,0.2413021504025676,0.24130740707030382,0.24149187250996493,0.24150042459707713,0.24214391387769463,0.24214894927867228,0.24164399022623267,0.24223336020901826,0.24277928604428406,0.24325555267108964,0.24332896272219268,0.24377923452470107,0.24367262961821576,0.2438676934552727,0.24353466495981668,0.24387871466532784,0.24506574798690867,0.24552201008241897,0.24513883850047724,0.24530661206038765,0.24553423289314827,0.24588475276406432,0.24680276521149275,0.2468202664021578,0.24690672103350686,0.2470712664520749,0.24723021405958562,0.2478318823163153,0.24788687926215228,0.24798240774825484,0.24932733109397195,0.24937923450989757,0.2490149402048694,0.24890945275785814,0.2492124976478651,0.24988747257526406,0.24988030211915044,0.2511494923823643,0.2511120642853176,0.2511258361678316,0.2511261432530304,0.25113597111050256,0.25113955390173415,0.2507216474218144,0.25073825345895795,0.2507709217309438,0.2507959321092688,0.2516920783799808,0.251701597809116,0.2516592357728525,0.2518921440157897,0.25198850522898436,0.25285248930725035,0.2529522057216398,
0.0,0.0,0.0,0.0,0.0,0.0,0.0,0.0,0.0,0.0,0.0,0.0,0.0,0.0,0.0,0.0,0.0,0.0,0.0,0.0,0.0,0.0,0.0,0.0,0.0,0.0,0.0,0.0,0.0,0.0,0.0,0.0,0.0,0.0,0.0,0.0,0.0,0.0,0.0,0.0,0.0,0.0,0.0,0.0,0.0,0.0,0.0,0.0,0.0,0.0,0.0,0.0,0.0,0.0,0.0,0.0,0.0,0.0,0.0,0.0,0.0,0.0,0.0,0.0,0.0,0.0,0.0,0.0,0.0,0.0,0.0,0.0,0.0,0.0,0.0,0.0,0.0,0.0,0.0,0.0,0.0,0.0,0.0,0.0,0.0,0.0,0.0,0.0,0.0,0.0,0.0,1.5695685350496062E-4,1.5695685350496062E-4,1.5695685350496062E-4,1.5695685350496062E-4,0.0,3.3203629614584165E-4,4.7878703283942996E-4,6.557265586937441E-4,6.557265586937441E-4,6.557265586937441E-4,0.00123614267400249,0.002063745571261158,0.0020781472573463415,0.002152150601642242,0.0021626400677497905,0.003376897015575862,0.004424133208869452,0.004404364556844045,0.004795224127582084,0.004800727146523079,0.004893259999487901,0.005789321509175252,0.006995643151681717,0.007199550720738242,0.007773621286640402,0.008668351465502367,0.010236744545398694,0.014136531518152402,0.016591157435224248,0.018384399470299084,0.019149174028297366,0.02164968790507219,0.022098071022729298,0.024384258315123638,0.02483517516316011,0.025984332169307522,0.02805117256099304,0.02812968552236222,0.029494279141383216,0.031287276877606164,0.031130783013249234,0.03247100374168369,0.033358015764152045,0.03494706710117491,0.03538293268428699,0.03559407399761533,0.037033995051239124,0.0376060976660853,0.037699290576593054,0.03794112373464619,0.039637280451298065,0.042476383468098025,0.042470129754566474,0.042672651759085564,0.043811684703790016,0.04463877481288461,0.04613137314808373,0.046980226738809486,0.04941214373934328,0.05065533563996516,0.05101067915325005,0.05267298777008803,0.05316257002833008,0.05466185391552709,0.05580189322117491,0.056470077839559145,0.05861911305159971,0.05908285755561616,0.05856587927073647,0.05951256841708228,0.05958733049360065,0.05996932891001441,0.06025261575674038,0.06048417476972142,0.06290966945124353,0.06343309948794136,0.06383005187560825,0.06435460845983679,0.06543727114086811,0.06527707406254916,0.06566628648164657,0.06678404496444282,0.06714942635573805,0.08539504105262825,0.08581727895404338,0.08679046130104968,0.08748749089721437,0.0884151380785904,0.08910548186567152,0.09068092099306456,0.09169990306839586,0.09215234526178216,0.09275026311777124,0.09376645824647087,0.09385001362637223,0.094317764855651,0.095058623137193,0.09692279422808332,0.09723522862249165,0.09813283869596823,0.09823891605964241,0.09909022070269449,0.09996912475989861,0.10023735282210437,0.10120590975406664,0.10176386609887722,0.10246523951279597,0.10286219678501285,0.10421564573813537,0.1050127480577059,0.1060813867621636,0.10690439604027288,0.11098583866868378,0.11144355714460037,0.11179435243378197,0.1121620553325992,0.11425463727719304,0.1149484179740465,0.11794325959274275,0.12062618504227693,0.12511134814290734,0.12551207776641501,0.12624992512294148,0.1274294011099624,0.1279927395431884,0.1287919477269782,0.12937671422767488,0.1301872154696273,0.13042817282973718,0.13175203158282894,0.13260324229176493,0.13392235114589904,0.13496287438960144,0.13840404229986764,0.14825930134604595,0.14945235398881476,0.1496959014984914,0.15081857191965875,0.15165519332775276,0.151501901410797,0.15235057271458877,0.15297194775434367,0.15349827902455426,0.1549067355098686,0.15671617274162722,0.15731587309972336,0.15856137944828386,0.15965426024045484,0.16180692739011834,0.1626746788970944,0.16352302216870376,0.16495798700563033,0.16521831342787913,0.1654642138103127,0.16780536651045577,0.16800414509811012,0.1693115037888842,0.17009520230966516,0.1704971857250822,0.17281222134781826,0.17283775808758953,0.17319680463031165,0.1755084686715041,0.17565438447966264,0.17609410672052317,0.1762823041099411,0.1765932474181262,0.17675328727914014,0.17693231332433024,0.1772616158137802,0.17735660317830887,0.17746386511900192,0.17853095387716464,0.17903568897299452,0.18136357264980235,0.183063051283059,0.18339479247942722,0.18461680129362015,0.18631903039000103,0.18679003499461233,0.18739520943230165,0.1884290419751577,0.1895941397340429,0.19023872198868091,0.19141741548060973,0.1914933444293503,0.19284027058286862,0.19332187358839403,0.19364786130108694,0.19405069954411913,0.19478937919712866,0.19531362031337915,0.1955892338151202,0.1958762298307048,0.19605286582916231,0.1964867873938219,0.1970367076554188,0.19880817143602975,0.19914073090383447,0.19936473524276577,0.2018197944641553,0.20202311825465952,0.2020993278805099,0.20232157424333042,0.20253729638314652,0.2030016305271823,0.20258989049226778,0.20311001527151573,0.20328319905967326,0.2047607996505389,0.20499776363377004,0.20520887676467695,0.20535343074911383,0.2055316344935297,0.20582255916500342,0.20608228319806196,0.20758761041762575,0.20967992160025398,0.21017645381987993,0.21051193203570057,0.2113534288849775,0.21150018291158532,0.21368670875925938,0.21462859419055152,0.21512292949512443,0.21682780971781232,0.21686696156240828,0.2169098054365957,0.2173031817457145,0.21737344408013584,0.21833865751599915,0.2186369565316392,0.21731491642032238,0.21753374199808106,0.21910532335352528,0.21941150758729558,0.2197321404949928,0.22028679839390955,0.22079198722110396,0.2208184808230329,0.22079934021642797,0.2208543039336175,0.22090796487197079,0.22130716756474036,0.2215385632421015,0.22157101998525447,0.22416332587107685,0.22430200264528272,0.22439021200927925,0.22468452798372346,0.22483400879165902,0.22491537110588322,0.22513587629995865,0.22536711116935168,0.22539511919825214,0.22576837562902624,0.22562884015788714,0.22573408204150278,0.22586863489835646,0.22646687823128964,0.22663367457604255,0.22730358588851207,0.22745882099016806,0.22824226247722548,0.22821754865156327,0.22850700826423873,0.22879884822133054,0.22919819679417838,0.22960702473945588,0.2296686212520494,0.22971372269480345,0.23020956396877076,0.2302833402277714,0.23035499317226293,0.23159780435719857,0.23173152886603204,0.23211780561082024,0.2322019332761527,0.2322560811187983,0.23232329206767088,0.23233756391748464,0.23358331402306787,0.2337285463782141,0.23376415760227975,0.2339490438384061,0.23412213840700044,0.23454127800986455,0.2343079763704481,0.23435824550697096,0.23591117556826313,0.2362857588396493,0.23632919130775756,0.23641311209361635,0.23646920931143428,0.23669994001227312,0.2368046813309371,0.23713003434128016,0.23708966106840323,0.23699344470012415,0.23710453066719658,0.23732515499793394,0.23753402543020616,0.23783125104181949,0.23789632982842043,0.2382766424856362,0.23842780894319193,0.23900398520251287,0.23919101686066524,0.23911900281812754,0.2391674926507219,0.23923905005356347,0.23942190210797074,0.23958636496066055,0.23967504257348812,0.24021765106652904,0.24029597636644598,0.24035715360513155,0.2403699785953317,0.2405492667541221,0.2405013846143842,0.2405877992359215,0.2410567741227401,0.24116472628716062,0.24119239797858863,0.2411179143237718,0.24071383071459687,0.240880943630033,0.24095876051287762,0.24111373809569353,0.24164604775619047,0.24170394551890012,0.24224079290357184,0.24225906733129396,0.2425522087944834,0.24294948116528203,0.24306084734258715,0.24312024319444997,0.2444820319331858,0.2446002763657755,0.24474887719511745,0.24538613003507712,0.24543126544703248,0.24553392843029523,0.2456752266295652,0.24589663588916885,0.2459657510976486,0.24602413694088116,0.24605704138235143,0.24623137593368802,0.24712008648330544,0.24868212699102224,0.24871915624891375,0.24873737579921315,0.24900215027427014,0.2491487431578545,0.24924985254703902,0.24986455124737478,0.25006360722383797,0.25014809140256966,0.25019733764889,0.2502211759530273,0.24693300202051424,0.24712915836617483,0.247449720183211,0.24748007994096677,0.2471312486858616,0.24716609113822843,0.24724018406285797,0.24758585418847318,0.24759462779752375,0.24766502847556426,0.2476536096292747,0.24708963598885106,0.24713754396464188,0.2471435628306208,0.25129444979380455,0.2513721839706611,0.2513771448732902,0.25140044833519043,0.25172551102595886,0.25195677516306847,0.25201454908062954,0.25223714310314493,0.2522440977267199,0.2522546540749891,0.2523610147728308,0.2523918565867783,0.2524033891590188,0.25246012259795814,0.2524633314536354,0.25251178952698156,0.25262637774394936,0.25281563704041915,0.25288440611552276,0.252531643530129,0.25275557383375424,0.25277372856358693,0.2528212562073661,0.25285778236464074,0.2528556551110449,0.25287364299119636,0.25311081200047053,0.25314587286828605,0.25314014148101377,0.2532923424728438,0.2533457553162324,0.25336864873127657,0.25358157496369244,0.25358701642251386,
0.0,0.0,0.0,0.0,0.0,0.0,0.0,0.0,0.0,0.0,0.0,0.0,0.0,0.0,0.0,0.0,0.0,0.0,0.0,0.0,0.0,0.0,0.0,0.0,0.0,0.0,0.0,0.0,0.0,0.0,0.0,0.0,0.0,0.0,0.0,0.0,0.0,0.0,0.0,0.0,0.0,0.0,0.0,0.0,0.0,0.0,0.0,0.0,0.0,0.0,0.0,0.0,0.0,0.0,0.0,0.0,0.0,0.0,0.0,0.0,0.0,0.0,0.0,0.0,0.0,0.0,0.0,0.0,0.0,0.0,0.0,0.0,0.0,0.0,0.0,1.1673755392233408E-4,1.1673755392233408E-4,1.1673755392233408E-4,1.1673755392233408E-4,7.387580099887503E-4,0.0010484480883590208,0.001903045897115622,0.0020738321025503227,0.0035403030192030084,0.004238838577957541,0.0048541795386934225,0.006485759190112973,0.006536999483394681,0.007455197894394828,0.007640793711714722,0.008354275758224136,0.009706303696221243,0.009992281234386547,0.01015596101606208,0.010474923735917354,0.012136597888316563,0.012055254309471089,0.01236472873074494,0.012870755824571208,0.013376744640185144,0.01565532281733533,0.017775187816563946,0.01898077649313807,0.019687141534008808,0.01988074737676618,0.020838510737098585,0.021261717419384433,0.02264257309459094,0.024607110859747088,0.026771737515561497,0.027940945729375125,0.029919615005576106,0.03282660455520581,0.03470354214714294,0.03686882671209551,0.03804359292318656,0.03844112298412869,0.03949571689962568,0.04088282821751932,0.04119341133989047,0.04343791652567398,0.044440609849074976,0.04526380620554359,0.04581801941545031,0.04630193079212798,0.04640171336771333,0.04698292586196146,0.04738247975163875,0.04626189730928338,0.04672388537946943,0.04676846592878766,0.04808309998943213,0.05050238554612692,0.049964254824958636,0.05093414266367554,0.049928330269675074,0.05032249924346695,0.050471944253649065,0.05062282781028298,0.05065673968418188,0.04816236736529075,0.05346987252427876,0.052982748489306064,0.053761272868340114,0.05553688251272118,0.057525727158090734,0.061385932168187975,0.062358461651546064,0.06269703049732506,0.0631519507467762,0.06333765305302859,0.06543406784869438,0.06679061470958604,0.06779959389636232,0.0683574749295927,0.07080097247912134,0.07255536350997169,0.07730603552631932,0.07826257119752829,0.07928156593278766,0.08168444032016184,0.0823121367678558,0.08392650430861456,0.08557868967766238,0.08647906451506501,0.08667942577463157,0.08830726567062522,0.08854995537983418,0.08908976895122961,0.08991986912420966,0.09072716685890299,0.09129328934266526,0.09247697796254492,0.09236477926848517,0.09253280800059552,0.0939962539683713,0.0943141934834393,0.09100136509285191,0.09141612768864736,0.09190107074414096,0.09413098540492425,0.09324004613456578,0.0936466903705375,0.09399096828547084,0.09576142452974151,0.09514390714830702,0.0962701306533478,0.09693366425939244,0.10027446549269194,0.10196129802049529,0.10272295468675505,0.10338330496545793,0.1043464513785313,0.10698434152951165,0.1078217978546903,0.10857061108222439,0.1083704150723082,0.10764995584633379,0.10858145715116292,0.11065150132643999,0.11237631551503671,0.11137754306971817,0.11179861412245688,0.11243016136459236,0.11279540421632868,0.11361890246245387,0.11440438809735029,0.11686184526142095,0.11707926695485511,0.1178808763881213,0.12194785648559467,0.12336358760391855,0.1328906973867406,0.1341286822336798,0.1358776364531464,0.13640953833566705,0.13707633618714152,0.1393852993892695,0.1402600878730152,0.1406329826335291,0.14101321352161908,0.14089385569500473,0.14140778078908678,0.14245465783525874,0.1439733723898715,0.15202779448221762,0.15378084788352211,0.15356467126911516,0.15392149071853645,0.153872837770378,0.16004032167615018,0.15991832958224902,0.15983944119567006,0.15796121047553885,0.15808499629751488,0.1575953913228077,0.15722857303295618,0.16051201545455088,0.16026078232077454,0.16084144689816504,0.16198784802617566,0.1626317501205938,0.16309684607948102,0.16356772971170003,0.1641855549631462,0.16467964977525829,0.1639144315807934,0.16499906653899743,0.16653321697699566,0.1686564643981735,0.17198330975124873,0.172619361248964,0.17378332506886146,0.17386182186843893,0.17452392770033304,0.17720959018682403,0.17744329530436032,0.178283695689968,0.17859952797399625,0.17979341227664783,0.18109968674839397,0.18139297578529778,0.1813696656035313,0.18302830826066702,0.1833244912982494,0.18439362586259817,0.18423469664488276,0.18507746002494907,0.18526395680145705,0.1853197621224624,0.1850488966556187,0.18564355796765777,0.1863307359722225,0.1870000353457556,0.1874647968326504,0.188435973903552,0.18917908208252363,0.19242584597195717,0.19320503441234374,0.19555557891724987,0.1950973325316604,0.1963779853427436,0.19753116391828307,0.1974238444238984,0.19743811734426095,0.1977902146570966,0.1981204061316566,0.1979354064555435,0.19831520213159937,0.19749578040635538,0.19788753589685454,0.19833889745226352,0.19865097471869073,0.19896029933940623,0.1994211941718696,0.19963581732234043,0.1995428856686564,0.20082381690331538,0.201248569137659,0.2014368305116393,0.20185917820847082,0.202226317968053,0.20429884246736635,0.2047240409188275,0.20488227130856876,0.20641952879732714,0.2071287894074533,0.20785078804570803,0.20801575490248897,0.2080030089217023,0.20752136780357258,0.20756244859064654,0.20761014428244554,0.20806147484240695,0.20857637166753495,0.2085633451931872,0.208871809563094,0.20937224799734655,0.20972607399730736,0.2095077016831782,0.20892371015220962,0.2092980244230036,0.20994181267479392,0.2098328063699079,0.21141376241152113,0.21182765523244065,0.21430309492037342,0.2145421024356419,0.2156145672630071,0.21574375547449234,0.21565698842343448,0.21585230975930217,0.21642030561654044,0.21603162930967262,0.21618982761055058,0.21675419737820076,0.2163664901674374,0.21747200504377984,0.21764270774291788,0.21760011111091598,0.2176489645199284,0.21808370852556283,0.21804494212922973,0.21942513338915134,0.21944221570243858,0.22010620482942692,0.22165744133654602,0.22166824838891547,0.22533082447664413,0.2258815028824841,0.22561902182452465,0.22617390581378793,0.22642931947129585,0.22669969178559596,0.2261702011513218,0.22574963433998646,0.22608597012378837,0.2262675372722761,0.2263357757289077,0.22730444848296452,0.2273249994534324,0.22765531338509104,0.2270858957495274,0.22712995037426065,0.22629053424055787,0.226729394277203,0.22681009162807977,0.2270269982414095,0.2277556736850709,0.22796180196055713,0.23012383347186244,0.23675302148299102,0.23515578614793126,0.2347384701559877,0.2347623065602565,0.23485547878486565,0.23490464264509403,0.23464558374477157,0.23502654592209815,0.23500781156661,0.2351002653749937,0.23516598175820586,0.2355297201107754,0.23558936061827745,0.23607410423878497,0.23619745369310963,0.23795773095075765,0.23803334063806952,0.23713976181425414,0.23786806343815214,0.23796419579937855,0.23802042544102844,0.23811870614921718,0.23865320669631956,0.23881293600889641,0.2392711286381146,0.24154752981132727,0.24543038934992537,0.24559305979979965,0.24798742662843815,0.24898686903487197,0.254117949510784,0.25445815822017853,0.25354270395638817,0.25283159812753103,0.25201250073161563,0.2519717291212844,0.25250443047825794,0.2525347547973036,0.2527094417517346,0.25227917089878377,0.25243986256042017,0.25257853238262756,0.25262593575192877,0.2527300132653658,0.2527088835522542,0.2527026866115696,0.2527962151095597,0.25499380877317424,0.25567368927565587,0.255825305008444,0.25589201387078675,0.2559181012564354,0.25728112524937674,0.2573501942009392,0.25862636442039205,0.25862459543613314,0.25869924336903644,0.25883239935541164,0.25855085772119923,0.2617605059766384,0.26173495386315143,0.26352986434104914,0.26361423246885957,0.2637014836566797,0.2645548823311871,0.26096919681981884,0.2610749696504753,0.26143932152113913,0.2614235799579418,0.2621990866436877,0.26817149375105404,0.268149868282373,0.26835299828737147,0.2688087645379402,0.2687063198897493,0.2687378307999166,0.2687205953830487,0.2687532120394502,0.26887102325438694,0.26924166617259543,0.27042128237640717,0.27039127624649395,0.27063514569252717,0.2706742872006182,0.2706864370866536,0.2707767698325043,0.27069709568214206,0.2704671270238111,0.27046035924954015,0.2704839451551106,0.2705504382579261,0.2707511055827679,0.27111362135273287,0.2728032936888106,0.26882872359417476,0.2687600035986613,0.26990220110011864,0.2699876597480712,0.27020116695337354,0.26916890153829504,0.2697252695690589,0.26991181929294455,0.2699171250457007,0.27006598144526894,0.27018742489299635,0.270213487601394,0.27029329479303343,0.270552006989894,0.2707486694590066,0.27075525600998335,0.2708902738626719,0.27091692946105245,0.2710803305156252,0.2707456049970704,0.27086882205763985,0.27086721733612634,0.2709227919848374,0.2711047094363363,0.2714478686194862,0.2715423119648569,0.27171113099579824,0.2712402127834362,0.2715432396372725,0.27163599414061373,0.2719909014136417,0.2720886737496838,0.27209315018372604,0.27215824133863814,0.27215876190858873,
0.0,0.0,0.0,0.0,0.0,0.0,0.0,0.0,0.0,0.0,0.0,0.0,0.0,0.0,0.0,0.0,0.0,0.0,0.0,0.0,0.0,0.0,0.0,0.0,0.0,0.0,0.0,0.0,0.0,0.0,0.0,0.0,0.0,0.0,0.0,0.0,0.0,0.0,0.0,0.0,0.0,0.0,0.0,0.0,0.0,0.0,0.0,0.0,0.0,0.0,0.0,0.0,0.0,0.0,0.0,0.0,0.0,0.0,0.0,0.0,0.0,0.0,0.0,0.0,0.0,0.0,0.0,0.0,0.0,0.0,0.0,0.0,0.0,0.0,0.0,0.0,0.0,0.0,0.0,0.0,0.0,0.0,0.0,0.0,0.0,0.0,0.0,0.0,0.0,0.0,0.0,7.724650789682513E-5,1.0403717289081516E-4,1.6712166833180212E-4,2.2993587409277406E-4,6.307616834328087E-4,7.29274748117036E-4,7.324470335422893E-4,9.289637335353182E-4,7.94043462687693E-4,8.677451418333444E-4,8.554029532538594E-4,8.778109073221601E-4,0.0010113817221594412,0.0010326573861672284,0.001064222658043128,0.0011173701263265529,0.0015584496628426791,0.0015541639545700702,0.00163689105335824,0.0016687910120018316,0.0019302409974130492,0.0016890753600488728,0.0015716545509353588,0.0020882897709324504,0.002086053240380664,0.0022525875766624846,0.002476511668021589,0.0024318192005979198,0.002639735353621104,0.0030027732738888615,0.003094711554965293,0.003208306913437966,0.0035529504686975,0.0037884370270023634,0.003901541881055136,0.00422298931354782,0.0041376305343149514,0.0042624988704509075,0.00458571925695358,0.004607879808963365,0.005203635838187992,0.005364474126345066,0.005466396862142137,0.005559040091173229,0.005915298018858261,0.006701630783406874,0.006938410482501846,0.007387428156012559,0.0073805659668655975,0.007349691468254202,0.007767509540406965,0.008582023995354734,0.008927301655420073,0.008856816208182869,0.008821698391591694,0.00879727803902744,0.00943013724629979,0.009256125042948947,0.009134945738790713,0.008812316689986522,0.009763810528742135,0.009712635021017268,0.009710852780736632,0.009379428076357433,0.010134734481702719,0.010297250236999154,0.01059026589016471,0.010620492776315696,0.010590752116473158,0.011814646163790986,0.013519226888606165,0.015076733766454034,0.016235067694659946,0.016772953875326128,0.018098327215469515,0.018718959680808684,0.01906884348775099,0.020025667507752386,0.021180469924942096,0.021376959589459264,0.02154376364386466,0.022627601469625884,0.023138056432898034,0.023784161323199174,0.0240542696088141,0.024526607407108474,0.025420861256500234,0.02600352471678783,0.026505630999142948,0.02742733647929666,0.028095337613781225,0.02852416013949071,0.029542234176661925,0.029680608115531144,0.029981604532060748,0.030649144694007726,0.0306634895116861,0.03133390483972833,0.034558483039641937,0.03518544449543135,0.04082059085492628,0.04107651323298867,0.04107625943519222,0.041403103493194954,0.04114666756561694,0.04355099709434789,0.04401494523741313,0.043203423853598794,0.04385883011274623,0.04534196186544112,0.04590414211348171,0.047004283483198704,0.048003588142475656,0.05075746688325035,0.05231087104961155,0.054878761614294606,0.05664546391554372,0.05785049342256063,0.05959587831373087,0.06003761839339932,0.06222432889512155,0.06554786396826548,0.07180524598756464,0.07287479230574148,0.07443091861757554,0.07574754862079287,0.07692495203723275,0.0777889444313689,0.07956325443724815,0.08028237201110246,0.08358135894220721,0.08353332433780881,0.08746956307456721,0.0925159538310779,0.09382556654125593,0.0963707609289274,0.0970599678516969,0.10131945325339001,0.1016166620223059,0.10671524447159468,0.1080378762742636,0.11135974385055632,0.11441879842559478,0.11638903963682337,0.11718944599520252,0.11904759911171447,0.12231006609671426,0.12283777155075298,0.12422615391034891,0.1259948056363905,0.1257174168518985,0.12961413752959372,0.13206929853735672,0.13299836494167325,0.13292440341218698,0.1342155387081097,0.13748458162497573,0.13745738178826888,0.14101156553796204,0.1485053357234575,0.14847801664487817,0.15015211619408214,0.15194049456449357,0.1518981969656549,0.15242367201172255,0.1524490471756426,0.152012254353822,0.1537978460283429,0.15481275139949868,0.15554905550840958,0.15639368894946615,0.15693871628015493,0.15715713935173056,0.15748502776377923,0.15848331513963124,0.1588604863093379,0.1590700601154612,0.15931883596089105,0.15972487743798253,0.1596327364754112,0.16091838305844616,0.1626371729132916,0.16396793306465174,0.1642173036040748,0.1663736740022837,0.16727969639233506,0.16906881307146784,0.16966535156490872,0.1696552294134812,0.17018660640387315,0.17065121484760465,0.17129508599871884,0.1727689006781924,0.17369334173013387,0.17920229200714927,0.18065158455735944,0.18294767800024953,0.18337620483269243,0.18347202895165743,0.1844549378182166,0.18450182506085228,0.18472429525254813,0.18469469270874544,0.1871934626725236,0.18721488104230752,0.18707752520676302,0.1871897893384473,0.18653984970812174,0.18679580533775605,0.18927223710442037,0.1903472533536003,0.1903200860678851,0.19042605023791775,0.19282140331287406,0.1928041295821321,0.1930679677364203,0.1948048178739596,0.1947749423715587,0.19473797393317643,0.1946279211414243,0.19534417472028873,0.1949865547358959,0.19492468090060555,0.19480024241858512,0.19482156235460493,0.1949667013707173,0.19529720108188992,0.1969452430670625,0.19733912618413987,0.20026658375921833,0.20052305450092095,0.20098891749254305,0.20090782301063834,0.20074440340299848,0.20236085004435297,0.2034406137942125,0.20324560096666477,0.20394600784167594,0.20419197463734318,0.20458823747944213,0.20582230312715785,0.20705355549981647,0.20667620941612388,0.20691398620919466,0.2077940794066791,0.20798189462208572,0.20859222069723216,0.2091340038092941,0.2092133337787354,0.2094981224947872,0.20947731442308756,0.20969425799712826,0.21087642338716117,0.21094430516777515,0.21117355968400126,0.2111375863246455,0.2111150215136171,0.21232020674786423,0.21231929331200242,0.21231897641296207,0.21279978744276049,0.21289485287064344,0.2129219386095852,0.21256223614660774,0.21249537156219556,0.21222754882491196,0.21344562216351598,0.21434005572791417,0.21450355099097262,0.21462390265780076,0.21548671647596598,0.21534086610681238,0.2158677055005475,0.2171880780780505,0.21726116559752337,0.21715213514378645,0.21708257694438063,0.21712820732859442,0.21558414676927656,0.21715230341427452,0.21697259760761584,0.21670983212545594,0.21674842371987948,0.2168378335260885,0.21674299520672835,0.21680189516477377,0.21915456188891577,0.21917419787909917,0.2186620451431203,0.21961202211276887,0.22208573596788891,0.22234402292823088,0.22236238963534208,0.22247217149662254,0.22276257792091517,0.2255486531250933,0.22615973418785576,0.22633693598218002,0.23037537718547962,0.2305265619925357,0.23085283868851206,0.23117132864682635,0.23135360193780546,0.2312217384409601,0.23254559899596275,0.23260322337047967,0.23370993579502136,0.23431428555925624,0.234345796532059,0.2353214005671769,0.23548667190637954,0.236423638731555,0.2390506939034105,0.23982711737076262,0.24007157628258075,0.23956914239848287,0.23970030912426502,0.24066923395417675,0.24136687687788386,0.24266893598442538,0.24273704686065936,0.24273419275531125,0.24283630137054144,0.2425250686813135,0.24252489688711495,0.2425280496058127,0.24271669385260708,0.24280818636096763,0.24112034962809187,0.2414755311711696,0.24204237687239283,0.24453754354880272,0.24451278182751565,0.24434857160939774,0.2435424010970042,0.24658924816234107,0.2477360961582426,0.24765428482898189,0.24798575108177154,0.24808867373426388,0.24833205860790164,0.24844989692281336,0.24840138800485284,0.24948251901374682,0.24971777024517564,0.2498059422616514,0.25069919838711224,0.2508433689874613,0.25120016720831007,0.25122653097591474,0.2514795199549857,0.2516503065047612,0.2517617052477243,0.25186823909881645,0.251724126836962,0.25177356504809506,0.25252199715779544,0.2524625769007746,0.2525683927925194,0.25302442605309783,0.25304393916808005,0.2542020005606069,0.254205448836587,0.25841225458338557,0.25840861992864345,0.25851122511835656,0.25946711799470484,0.25899031679937723,0.25899286854396,0.25907212359924253,0.25933453643631227,0.2593024966396164,0.2594444025502075,0.2596255388861844,0.25947652832117535,0.259472234019909,0.2594252948337833,0.26006783863253435,0.2600792167696602,0.25999488031716017,0.2600013729147772,0.26035729983752187,0.2604567257674713,0.26058927242673247,0.2611187538209844,0.2616938388871414,0.2618049115678083,0.26161477769734653,0.26239002801340855,0.2667855848616374,0.26669156120083337,0.26686004769775107,0.2668792171563881,0.2669061900985502,0.26739116980656247,0.26757650178642683,0.26779756384451964,0.26840129283023384,0.2680620290299079,0.2691751451217958,0.27041303529227845,0.2704109372622643,0.27049131416959993,0.2705115021698793,0.2715718358326309,0.27158533570662696,0.2710457863830829,0.2713318084654846,0.2713309674220353,
0.0,0.0,0.0,0.0,0.0,0.0,0.0,0.0,0.0,0.0,0.0,0.0,0.0,0.0,0.0,0.0,0.0,0.0,0.0,0.0,0.0,0.0,0.0,0.0,0.0,0.0,0.0,0.0,0.0,0.0,0.0,0.0,0.0,0.0,0.0,0.0,0.0,0.0,0.0,0.0,0.0,0.0,0.0,0.0,0.0,0.0,0.0,0.0,0.0,0.0,0.0,0.0,0.0,0.0,0.0,0.0,0.0,0.0,0.0,0.0,0.0,0.0,0.0,0.0,0.0,0.0,0.0,0.0,0.0,0.0,0.0,0.0,0.0,0.0,0.0,0.0,0.0,0.0,0.0,0.0,0.0,0.0,0.0,0.0,0.0,0.0,0.0,0.0,0.0,0.0,0.0,0.0,0.0,0.0,0.0,0.0,0.0,0.0,0.0,0.0,0.0,0.0,0.0,0.0,0.0,0.0,0.0,0.0,0.0,0.0,0.0,0.0,0.0,0.0,0.0,0.0,0.0,7.036399120310878E-4,7.036399120310878E-4,7.343329143429309E-4,9.993012562056962E-4,0.003387005276624928,0.0034310126398223533,0.002317152530292766,0.0026378280353986927,0.0028428506372670057,0.0028762366572009914,0.003769782843595666,0.004005042873730465,0.004129367347201739,0.004142362579793892,0.004139018398058094,0.004888867543324869,0.004897254923337379,0.005589466958650209,0.00638019457186963,0.006507952961809362,0.007231976068523504,0.007920864535928126,0.008523801732011145,0.01047952057911955,0.012165551855042384,0.012431297904199135,0.013503847628091115,0.013877838082749184,0.01438786308012166,0.01621744500488048,0.016330306398921808,0.020116011582279228,0.020317559757830686,0.0208983550468098,0.02138368547520202,0.022109189959709157,0.0230272532690301,0.03295397960487265,0.03482035902631318,0.03567007269452857,0.03650007679916875,0.041687104286318694,0.044084888243615214,0.04627249697433542,0.04693053830616824,0.04868073956492207,0.050233641460690794,0.052070142342532766,0.05442638327273609,0.05601191226038532,0.060930301241545054,0.0613675155696814,0.061456299778059935,0.06210768194607633,0.06672433201986142,0.06706133915927885,0.06790694794408231,0.06803898351663829,0.06844616181614138,0.07001300427686265,0.07090686667309856,0.07798664424638857,0.07895090322278385,0.0798950115836563,0.0806623751434015,0.09114293356649132,0.09160304851694427,0.09299999814794069,0.09345840382795562,0.09466020346318635,0.09648170050150706,0.09786684195858215,0.09914945661546341,0.09953716535822671,0.100091382748995,0.1014478135311698,0.10195464821351623,0.10893830563485338,0.11018065132797267,0.11034837867552101,0.11202341741683101,0.11235105574268467,0.11359898349628503,0.11401658118883957,0.11608995062000248,0.11869303262999494,0.11973167686887655,0.1239139107111033,0.12437304304555287,0.12485040763566703,0.12571215190251547,0.12659621960783796,0.12982292137368545,0.1294885595397826,0.1297833253773912,0.13676342400335567,0.13844737357974013,0.13976653956310978,0.1417829336176863,0.1459767503753609,0.14675773835887973,0.14747018220517247,0.1475666862101045,0.14812494545802088,0.15533622296483965,0.1562579735538237,0.15884465780108237,0.16063664442590309,0.16277102921825237,0.16389373281648525,0.16524352709207196,0.1709108915464481,0.17562434072957692,0.17828362962819252,0.17929979676212654,0.17995118350253428,0.18129052931304385,0.18162446788312528,0.18341700831955995,0.1842770931640724,0.18466061001631429,0.1849250934512832,0.1856490470857911,0.18596632163495005,0.1860388857482588,0.18583762804992848,0.1874377355259335,0.18773156548340428,0.18780707421935566,0.18800657295317913,0.1884626701689472,0.18871227491731726,0.18934113271183461,0.18974459770137342,0.1901826555632985,0.19048970570738763,0.19088336451829258,0.1914746174796545,0.19260668418136342,0.19286252426378186,0.1934833330038784,0.1940855264868172,0.19604515705670897,0.1965829872663749,0.19717733244529612,0.19746160401407162,0.1975915976934463,0.19816070502274663,0.19863265911903202,0.19891126562502237,0.20010808154728943,0.20036847605696473,0.2013385446326972,0.2020306459324556,0.2050676738851414,0.20526711160489244,0.2055237001108094,0.20603048847503128,0.20515368018760724,0.2059494115715928,0.20633858237236669,0.20648146658190886,0.206318698432275,0.2066970554854907,0.20677014880095537,0.20816539012189333,0.20939947929101307,0.20977284655083425,0.21006906784160465,0.21022285825379364,0.21082641275403138,0.21141762629518768,0.21197502539041138,0.21365285652049668,0.21376572123614984,0.2140392081191034,0.21402739688511122,0.21495920278918576,0.21604277418111575,0.21513449950060173,0.21549274044204902,0.21637267472352809,0.2167693164571969,0.2169717620901715,0.21815952508670725,0.21946827085251472,0.2202289656376025,0.22079385310352195,0.22155982089983753,0.2219835670603217,0.22264786895198788,0.223070797330238,0.22428719154041388,0.2243591487848398,0.2260609307564402,0.22628160067870942,0.22693620974601708,0.2272210240795868,0.2274638535271112,0.2277472727688785,0.22802704306157945,0.2283741072331742,0.230130240651241,0.23040400384679924,0.23046055589671102,0.2308854647346813,0.2323156957585631,0.23242874156675433,0.23262906454832782,0.23270069318931674,0.2327902446857941,0.2331863370329504,0.2335744891108907,0.23344364781966645,0.23372814428838454,0.23427035488695205,0.23459500068268588,0.23481631891397972,0.23502132531436906,0.23529547716597177,0.23543488049178235,0.23572399823451204,0.2359128579371723,0.23610114671673094,0.23640810744256013,0.2365939291322917,0.23686741520406898,0.23710861134379488,0.237471059835838,0.237756646528766,0.23792918032889224,0.23835856939312147,0.23885269936085995,0.239197319873338,0.239407170337938,0.23978334158282727,0.23983753665647214,0.24001086736998029,0.24008670711818073,0.24022460318655814,0.24030914942002324,0.24038826212628384,0.24059630946654745,0.2406857598584162,0.24113593910759834,0.24137554014166648,0.24154129523648282,0.24178671218817385,0.2418263367480686,0.24206221306230113,0.24235790959024772,0.24251765459419983,0.24261681831192314,0.24281394125977598,0.242866267281959,0.2431214828421734,0.2433718161049551,0.24344806519533344,0.24562921759053727,0.24587903161866395,0.24606807307281733,0.2460086628764193,0.2462304479674233,0.246584372105036,0.24684346176183705,0.2475172056992735,0.24767515857657116,0.24781320133298615,0.2480141283580444,0.2480102381844567,0.24804809046059484,0.24832097322264304,0.2484379161005635,0.24849152992231097,0.2486280632791049,0.24874255433729542,0.24881570138700806,0.24919318223921225,0.24931567897808765,0.24928899256122553,0.24933799129535986,0.24946536089789859,0.24942024935035811,0.2499662639728684,0.24999685921604636,0.250210660494391,0.2504204022419719,0.25044105447333115,0.2506686605771377,0.25075925830171,0.2509192322347098,0.250994752140997,0.25103768260721365,0.2511733716257075,0.2515128373977527,0.25150400212681234,0.251767950459204,0.25107402377152044,0.25120221706413004,0.2512860218085418,0.2514255178567498,0.25145975086327704,0.25164067014479413,0.2496767225540236,0.24986536688504718,0.2499613010318387,0.25005918829861207,0.2501497884602225,0.2501815777999176,0.2502367641046708,0.25044380318759385,0.25041092944242177,0.2505851783915047,0.25061062894768804,0.2506312508779566,0.25091673057883684,0.2510396028803639,0.25106969803377543,0.25109514465755767,0.25110297570729156,0.2510964731740759,0.2512110987081482,0.2512267993285248,0.2512340646983895,0.25128360789408394,0.2513106298449715,0.251327687702104,0.2513979540776094,0.2515492450546492,0.2515763694833541,0.25291833072403697,0.25278306239094384,0.2527933584607094,0.2528134284602319,0.25285797880492095,0.2528626741787257,0.25289382483617934,0.25170121164906495,0.25171967590949873,0.25165135630382296,0.2515249290754701,0.2515703716554901,0.2517183777048861,0.2517713437820406,0.2518969618853116,0.2519080766260728,0.2521296930878254,0.25227421289498675,0.2522919081987354,0.2522946634937994,0.2529114433646017,0.2528237109134452,0.2528630120205839,0.2529362232773532,0.25301411748769265,0.25312481309139073,0.25313531548128637,0.2531703357070916,0.25318068021160883,0.25328226818034816,0.2533253381254711,0.253335009627817,0.25332573887067733,0.25547854705329603,0.255499803393052,0.25644107870167604,0.2564604648456353,0.25649643477056494,0.25654132425063664,0.2565409130943714,0.256542768552858,0.2565374544574398,0.2565649404227784,0.2571186070660236,0.2574330853674517,0.2578139325889422,0.2578242648847973,0.2594543835783887,0.25955328761122376,0.25957684838310446,0.2595631894282761,0.2597200780207912,0.25923692733486875,
0.0,0.0,0.0,0.0,0.0,0.0,0.0,0.0,0.0,0.0,0.0,0.0,0.0,0.0,0.0,0.0,0.0,0.0,0.0,0.0,0.0,0.0,0.0,0.0,0.0,0.0,0.0,0.0,0.0,0.0,0.0,0.0,0.0,0.0,0.0,0.0,0.0,0.0,0.0,0.0,0.0,0.0,0.0,0.0,0.0,0.0,0.0,0.0,0.0,0.0,0.0,0.0,0.0,0.0,0.0,0.0,0.0,0.0,0.0,0.0,0.0,0.0,0.0,0.0,0.0,0.0,0.0,0.0,0.0,0.0,0.0,0.0,0.0,0.0,0.0,0.0,0.0,0.0,0.0,0.0,0.0,0.0,0.0,0.0,0.0,0.0,0.0,0.0,0.0,0.0,0.0,0.0,0.0,0.0,0.0,2.9567573180346956E-5,2.9567573180346963E-5,3.0232235863416344E-5,7.004870221553E-5,7.004870221553E-5,1.1025158276498054E-4,2.9278688283303206E-4,9.661942519177866E-4,9.799298173528317E-4,0.0010531190915340565,0.0010517176748664667,0.0011140143842938571,0.0015512347928851476,0.0017164454784021036,0.0018714814891064727,0.0019304256243438153,0.0019374063175936651,0.00288273069743392,0.002854228069926027,0.0029828349028087793,0.0030485052280098753,0.0032151171423189825,0.0031830927764252112,0.003805902456465316,0.0036536758907351617,0.0029654202002551327,0.003147342647912229,0.003167164192447118,0.0033545686097229952,0.005531372593450324,0.005562508499259612,0.009105461883124001,0.009261449528820935,0.01066322430367592,0.01186402098055324,0.012534944756849471,0.013985255763305083,0.015025012181389678,0.015270140277538572,0.015223763001238953,0.015578374252936086,0.01628646621390905,0.016210645657252817,0.017462266168369354,0.017649307969197246,0.01882439045321568,0.02215458271561323,0.02246097077778878,0.02256492936429294,0.025965993886311507,0.03096409578465836,0.03260615519474958,0.03306365931633475,0.03505981138610957,0.03557500681007603,0.036774639024693134,0.03870269899851549,0.04210596976049301,0.044493392564738984,0.04666873359988177,0.04901803311382859,0.05262290249984469,0.05553973874619114,0.05653172773249334,0.059367979852576906,0.06170615739025136,0.06437665593350558,0.06412502452352081,0.060467575487031876,0.05532191050162275,0.056303823786339205,0.05569253977006933,0.05889757261817423,0.059976327419105704,0.06484193460976138,0.06983452238708061,0.07091602667486589,0.0732756965985222,0.07538343949828563,0.07619611977047487,0.07795335010825481,0.08029236642406432,0.08091695667955429,0.08183414227428396,0.08295000564650844,0.08446605296834094,0.08479413274470961,0.08625682241704415,0.08666993818423718,0.084872964970936,0.08526148735008372,0.08692603741758562,0.08766171676481997,0.08819865124615764,0.08852895504076964,0.09029490124260393,0.09082439277451189,0.092653405282364,0.0969645896911326,0.1004661987624734,0.10211829318038572,0.10611595970240621,0.10707651784983273,0.10739969721599978,0.10870603536536966,0.11036401226946259,0.11121589320203541,0.11362147788552303,0.1154481856537056,0.11611795682723243,0.11663357161256173,0.11775390550736868,0.11827440061960018,0.1241228757991184,0.12523749842847828,0.12617953290380565,0.12747002762876847,0.12937363290816842,0.1306095931749405,0.13111335889335843,0.13166754446203116,0.13127166688975417,0.13077721905005774,0.13129233290539286,0.13139630149634313,0.13359644357507194,0.13418074142223743,0.13884304899308225,0.13795032389174736,0.13678186708072862,0.1368301507274485,0.13793035505789455,0.13801947703829506,0.13815196581921044,0.14201243695336188,0.14057000564598385,0.14147683528301563,0.14262418776609379,0.14440735804553578,0.1448376746730292,0.14856745058108511,0.14901278885406746,0.15108660716795633,0.15136605276847842,0.1531187589345776,0.1537332778874309,0.15352094798349236,0.15471854653771136,0.16603023241155235,0.16618012785831512,0.16956331501924293,0.17140192999960446,0.17296069744595458,0.17479682179742376,0.17511197744565155,0.17533943441381072,0.17605812589215636,0.17897288902678438,0.17950991102520028,0.18214205451494714,0.1827735767269933,0.18449699611173304,0.1852694875186768,0.18915834542820287,0.19106457241455252,0.1922822647667934,0.19411087701277852,0.1938155182153945,0.19549741597725082,0.1963812333144163,0.19650193885749825,0.19668198738080295,0.1996647130396333,0.20163265341925424,0.20150782119268923,0.20226988843196234,0.20380683920471315,0.20582694536758697,0.2064509752764292,0.20844072956451726,0.20872229392704705,0.20892522995678453,0.20925779746122614,0.21170058596892385,0.2122956140323343,0.21460123211959853,0.21518259650918647,0.21558774486739057,0.21718703932495134,0.21641138317923958,0.21611549952929557,0.21625748579673357,0.21681480550317958,0.21820899357974646,0.21867358543506815,0.21909451556262008,0.21924579097824826,0.21959889602085816,0.22032984996333474,0.22066431642463857,0.22080530296474737,0.22107219312943557,0.22216604933857023,0.2226683508449568,0.22379663355974797,0.2245557502154051,0.22695324671653327,0.22667927160702298,0.22690734812711869,0.2276236213525823,0.22598051401738992,0.2260928223571668,0.22652314002188323,0.23005390099030681,0.23154772829448972,0.23152364942067616,0.2319512430723373,0.2334786186384742,0.23336098580055392,0.2320693558585276,0.23209862327874298,0.23327994689340786,0.23376636701269424,0.23376345157033512,0.23424178998714187,0.23503477469466125,0.23512208042200783,0.23499828916389048,0.23526920934249362,0.2350140633077312,0.23553466374452517,0.23697363302239297,0.2373332004314794,0.23643421783824095,0.2365528945370305,0.23672618975596815,0.2376502381870417,0.23865354766796257,0.23895722364711489,0.2388845030766527,0.24060452884348246,0.24064733208924008,0.24063950070111367,0.2410955647554674,0.2413522067757645,0.2414527644022948,0.24131411671431735,0.24131536950110063,0.2419530298517209,0.2421018906785355,0.24223074381638365,0.2424418763157187,0.2416315583535153,0.2418582633694027,0.2419073459265564,0.24142267298074735,0.24134842732941594,0.24020287268783805,0.2402992775745625,0.240584021594954,0.24134987927976181,0.2412084640243613,0.2409477094188664,0.24026201041369516,0.2404529219265427,0.24042641028688946,0.24031414445032856,0.24052277089218851,0.24031098736391496,0.2404562984549535,0.24032330681749975,0.240668496657677,0.24103873528796016,0.24170506232823571,0.24184637891575486,0.24237330518084166,0.24316822065178864,0.24296086397018463,0.24343414527431964,0.24387737564319104,0.24540588998900334,0.2456237454233291,0.24598072980775126,0.24670752707909296,0.24677798225601139,0.24695057724741354,0.24711272258685382,0.2488335862118355,0.24899066493296598,0.24950155298413493,0.24944970941074393,0.24814184748732165,0.2484495814418683,0.2485430334394623,0.24859979932140477,0.24863495861727006,0.2489387189852667,0.2489959840420859,0.24898137878749493,0.24926810527897747,0.24959565101296036,0.24952896659383292,0.24992079856586025,0.24963192339073853,0.24970872415044867,0.24977770288276352,0.2497837754745443,0.249887094280196,0.24995881903285466,0.24999167187064952,0.2500683006333258,0.2499918949162392,0.25005381642319446,0.25016441996839256,0.24915984699308344,0.24929089887668315,0.249504774216725,0.2493096419324439,0.2490838312401152,0.24932865679522917,0.24965121314086264,0.24972409405915066,0.25018884430709903,0.2502111365054417,0.2502286311289882,0.2502712846917584,0.25029317701093656,0.25032058023398457,0.2508829058740393,0.2515461219067551,0.25367739630682234,0.2535318065235443,0.2535326063646725,0.2558845965002421,0.2563153504414901,0.25627049008051783,0.25652534411374367,0.2579124581261606,0.2579434318244416,0.2581961431108913,0.25829183059521266,0.2584289936249877,0.2569248282279256,0.25692665164998835,0.2569710000943519,0.2572798328141642,0.2575820852839641,0.2574853212117157,0.25767912506271545,0.258201371846995,0.25834308918288296,0.258367786772575,0.25837443333902954,0.2584353595469518,0.2583677718645106,0.25847477823584347,0.25849436061360614,0.258495060877973,0.26039385295123446,0.2603803442693094,0.261648667256119,0.2618978222016623,0.26191993934714214,0.2620417068714419,0.261479829800631,0.26148975233537536,0.26169912370460674,0.261704337113662,0.26169812995919156,0.2617048047270843,0.2617168655769529,0.26172920646780257,0.2618325181959378,0.26187604972829037,0.2618669453792224,0.26208671114272314,0.26210739444191605,0.26221980134241796,0.2621769026580314,0.26237972861605424,0.2623931100922876,0.2624140773995339,0.262417077464778,0.26238245684330314,0.2623599726525871,0.26245173657585263,0.26238450686221154,0.2623788762738973,0.262458910412112,0.2625766015329289,0.2625444867308229,0.2626157961753759,0.2629439183042961,0.2630954433193836,0.263029039082651,0.26394668061751714,0.2639654671710162,0.26396658075014107,0.2640423515255616,0.26437468716442525,0.2644047061513462,0.26443481152933446,0.26530284909951357,0.26538931089666246,0.2653983581109614,
0.0,0.0,0.0,0.0,0.0,0.0,0.0,0.0,0.0,0.0,0.0,0.0,0.0,0.0,0.0,0.0,0.0,0.0,0.0,0.0,0.0,0.0,0.0,0.0,0.0,0.0,0.0,0.0,0.0,0.0,0.0,0.0,0.0,0.0,0.0,0.0,0.0,0.0,0.0,0.0,0.0,0.0,0.0,0.0,0.0,0.0,0.0,0.0,0.0,0.0,0.0,0.0,0.0,0.0,0.0,0.0,0.0,0.0,0.0,0.0,0.0,0.0,0.0,0.0,0.0,0.0,0.0,0.0,0.0,0.0,0.0,0.0,0.0,0.0,0.0,0.0,0.0,0.0,0.0,0.0,0.0,0.0,0.0,0.0,0.0,0.0,0.0,0.0,0.0,0.0,0.0,0.0,0.0,0.0,0.0,0.0,0.0,0.0,2.512688812648124E-6,2.512688812648124E-6,2.648668325548748E-6,2.648668325548748E-6,7.980336534432217E-6,5.668926580190244E-5,5.040914288804638E-4,5.040914288804639E-4,5.040914288804639E-4,5.349304288573769E-4,5.684070214271713E-4,5.684026964082585E-4,5.684026964082585E-4,7.437278731954503E-4,7.469862367804367E-4,7.142290248726909E-4,7.723417834855255E-4,6.029381440926116E-4,6.069794583399178E-4,6.518492079645082E-4,7.747445704492559E-4,8.366657609913321E-4,8.615133674348492E-4,8.34985041684487E-4,9.087985740051003E-4,9.163855433800344E-4,0.001097940258172015,0.0017174951516835818,0.002239010063844098,0.0021259081591046666,0.0023162467108110694,0.0029083553018351958,0.0030305544476543897,0.0036416120474496824,0.004026418337288334,0.00433538650935007,0.00402857004872942,0.0037119082160046806,0.0037595117847153583,0.003987510678625539,0.004019787227709634,0.004726435437492089,0.004216502786734015,0.005623632390705119,0.006007412326254043,0.00603813135596057,0.0068103626182565505,0.0075618070748355954,0.007706452348488062,0.008143834933945857,0.007767702130409003,0.0072502704279139,0.007328165368112368,0.007436718016545425,0.007069252694956899,0.0073834480984776435,0.007977735629557822,0.007729831798728427,0.007720897088650923,0.008481281709368148,0.008574847038335123,0.008773177245425543,0.008715918565752405,0.009002678340001527,0.009019576515238662,0.009038221351723526,0.009802322400592364,0.010020942550342962,0.010316174735750926,0.010760650447375703,0.011490198689391704,0.011388403280356512,0.011462580198633271,0.011339986994561417,0.013749411518641633,0.014724128856920503,0.015206702241956688,0.015492054954572058,0.01617304769087652,0.016766115889916458,0.01716135122413967,0.017086653711978247,0.017437608158376798,0.017738308497078567,0.01841202840343021,0.019301858347775192,0.01992796082668789,0.020090056696484896,0.020792241972899524,0.02174638811401284,0.0228493985366874,0.023185000418381525,0.02250369297117232,0.023668363575675016,0.023548701331252052,0.02464158890396721,0.026157057131630062,0.02828693921971857,0.028217314934941645,0.02819361638929216,0.02778103880648603,0.028318205922066412,0.02955901826208107,0.03083275958196004,0.033179479329061824,0.033758221409907134,0.034171680984257616,0.034282682105828265,0.037718434975358345,0.038322576823198215,0.03804149621555159,0.039729182702211145,0.0410884116268442,0.04198069576604068,0.04236448304908889,0.04625349343090116,0.04698773690699582,0.0474007771012026,0.04951293910935884,0.04987216115041247,0.05058022540574238,0.05102137724564202,0.05350647441137364,0.05444695954321498,0.05665546395927605,0.05749602995005099,0.05945748921408795,0.05973886767048909,0.06108297721557066,0.06309274526706765,0.0648430686322634,0.06521019270540229,0.06590929893814136,0.06623087092421315,0.06675457142433976,0.06673053882591275,0.06807069124215051,0.07046038070942488,0.07076739643713267,0.07221631311560311,0.0722700394785853,0.0725504904529447,0.07237252279764221,0.07232006834253811,0.07319646159756586,0.07352813496772204,0.0734471413923083,0.07545058949887007,0.07533594667453399,0.07623242958137226,0.07744832094329145,0.07852420281108108,0.07883100362596931,0.07920951513243694,0.08051329919173796,0.0809146600035005,0.0818894014793519,0.0833105123383764,0.08407573887521598,0.08444697217722476,0.08476727830048336,0.0855538421150054,0.08596179692921495,0.08722516390001663,0.08702979095421895,0.08717510246017235,0.08704285284522129,0.08710397081147095,0.08735737215378735,0.08771881344248254,0.08782445625786277,0.08865020024619416,0.08880244923566016,0.088858435451838,0.08958885021401897,0.08990449217524267,0.08988070090895904,0.08992696881472717,0.09140907926025067,0.09188674117938438,0.09347701397304592,0.09372316829188662,0.09421609221025885,0.09583405568406894,0.09673607387924618,0.09621926418897576,0.09932642411018873,0.099101985683663,0.09962476167368976,0.09962687846116215,0.10019064782541319,0.10110864176931889,0.10190328802258761,0.10357216687280395,0.10528457230024095,0.1055284394557341,0.10594704485821851,0.10795799046504705,0.10950494988658953,0.11071779011674605,0.11072530599954213,0.11187529313914704,0.11294085322282935,0.11308025734093588,0.1136941389321114,0.11338835003878779,0.11342422103336014,0.11380532736994167,0.11521634384741003,0.11611236809134422,0.11665866234485794,0.11729476385649372,0.11823034149745183,0.11903070713447654,0.119865455495081,0.1218619027720257,0.12220789306460257,0.12229851175055581,0.12267427842844947,0.12342481553704909,0.12379241449788059,0.12464144173176114,0.12427251322325074,0.12512178877037383,0.12603280385966137,0.12639550416490106,0.12659114033185015,0.12680981571337396,0.12756551216598516,0.12770246718187642,0.12770421986645317,0.12801606019726883,0.12843181998559589,0.12864567382769623,0.1283099223243768,0.12922880236391374,0.12956961646964765,0.12959079006726168,0.129745187668889,0.13004493519435434,0.1300629148821313,0.13075816167021606,0.13120964814225125,0.13165878176613277,0.13269213343226782,0.13399729973542038,0.13450497061554026,0.1346916125421035,0.1355939655833234,0.13671438958704402,0.13853514484547758,0.13890026321529103,0.14137094617440177,0.14295376206655697,0.14276046704145584,0.14340706584865862,0.1441693581642371,0.1442286646098571,0.14459719563902088,0.1450162963751931,0.14523335557133654,0.14637577958605294,0.14666423454078992,0.14899590548195482,0.14979387114558523,0.1538643939722128,0.15474378564196345,0.15554512433047593,0.15599307012148214,0.1569311369907878,0.15716408202358123,0.15721615382217186,0.15750566621868684,0.16041697134050623,0.1606964230039512,0.16099502039705793,0.16319020306339244,0.1633435687298567,0.16426467711112722,0.16328161433978133,0.16429099137178996,0.1644992874225913,0.1650316974289673,0.16525764088310713,0.16567384546150485,0.16595230727410473,0.16591428877742456,0.1667422881523223,0.16822254449752655,0.17164170088949363,0.1719279450715759,0.17246451363839016,0.17313109121750883,0.17408733282439331,0.1754657468097615,0.17560343954868748,0.17487648285229662,0.17596718797534452,0.17602520813819028,0.17651139386582598,0.1774188174575235,0.17794341163052385,0.18089258864548832,0.18176303003130323,0.1817418582541109,0.1825572998875002,0.18966592336333138,0.19090181299519432,0.19147961859955007,0.19210944685687756,0.19280916111979884,0.19354307823349973,0.19375789885917405,0.19454483462377797,0.19711602117428592,0.20379060907403107,0.2039739044115131,0.2045758242420565,0.2046378856237289,0.2051103901747311,0.2054459915883831,0.20770671877891525,0.20777935122193414,0.21215082318660541,0.21261858845397405,0.21290695716949856,0.21291945171356702,0.2177801737135737,0.21946706301373642,0.21791796313449277,0.21946991972866442,0.22158453134519668,0.22161713678688816,0.22091729811268418,0.2210104824902697,0.2273552932970457,0.2268665371401205,0.22750004959932807,0.22735845898960164,0.22943761830564685,0.2304652561607369,0.23360466441930977,0.23375230311176526,0.23453421031869953,0.2345645869215601,0.23753427006952554,0.238356807358956,0.23693151846772922,0.23778870489412235,0.2429216522712046,0.2444020907142798,0.24483594291128688,0.24521538204681312,0.24597199979208018,0.2465587598318208,0.24703482117030515,0.2486689959271039,0.2481558238338176,0.24820382611861902,0.24958371990717418,0.24939247344945836,0.2500571903327334,0.25019052029686756,0.24954856782664278,0.24961804996391884,0.24957823306275245,0.24957879449235895,0.24962277561324572,0.24998926101888197,0.250906892661939,0.251083354325857,0.25116300788945534,0.25403739829928773,0.25463612254862955,0.2549200286008743,0.25407169789155476,0.25393695769305147,0.2541925420293764,0.25434500203733,0.25468660356842837,0.25526252252265214,0.2538648777714206,0.2542107378993832,0.25379617590761056,0.25381142964857184,0.25394877498906376,0.25402149998250684,0.25404985389997936,0.2541393900347359,0.25416892971137367,0.2544596512687166,0.25345848633871837,0.2534661156497844,0.2527920579648715,0.2546709347696446,0.25449028934845047,0.2560049371834381,0.2564240638775781,0.25644679494746875,0.25661841426926835,0.25661958327273443,0.256776188485111,
0.0,0.0,0.0,0.0,0.0,0.0,0.0,0.0,0.0,0.0,0.0,0.0,0.0,0.0,0.0,0.0,0.0,0.0,0.0,0.0,0.0,0.0,0.0,0.0,0.0,0.0,0.0,0.0,0.0,0.0,0.0,0.0,0.0,0.0,0.0,0.0,0.0,0.0,0.0,0.0,0.0,0.0,0.0,0.0,0.0,0.0,0.0,0.0,0.0,0.0,0.0,0.0,0.0,0.0,0.0,0.0,0.0,0.0,0.0,0.0,0.0,0.0,0.0,0.0,0.0,0.0,0.0,0.0,0.0,0.0,0.0,0.0,0.0,0.0,0.0,0.0,0.0,0.0,0.0,0.0,0.0,0.0,0.0,0.0,0.0,0.0,0.0,0.0,0.0,0.0,0.0,0.0,0.0,0.0,0.0,0.0,0.0,0.0,0.0,0.0,0.0,0.0,0.0,0.0,0.0,0.0,0.0,0.0,0.0,0.0,0.0,0.0,0.0,0.0,0.0,0.0,0.0,0.0,0.0,0.0,0.0,0.0,0.0,0.0,0.0,0.0,0.0,0.0,0.0,0.0,0.009053654271532329,0.02112364731788846,0.02134374963127353,0.022262072562025628,0.02257929576827372,0.022611376452383043,0.027334032198976232,0.046144061516895984,0.04905242411873218,0.05793677839679137,0.05851910215421725,0.06062043467910919,0.062034468515369055,0.06420016248874855,0.06542286279822401,0.06598668561398527,0.06804699555950686,0.06964955316673617,0.06999770321600005,0.07815102813472788,0.08569134880138496,0.08629032263231204,0.08741505980019643,0.08796718135497605,0.09027219128802166,0.09178575348292971,0.0923624292988019,0.09274880010843643,0.09541539293630882,0.09631059939264798,0.09901149061518984,0.09964264701228362,0.10355654498482697,0.1040103319958009,0.10420845963570749,0.10572734354890509,0.10631244934340973,0.109072335561827,0.10953266782154804,0.11049789977759049,0.11123837620842474,0.11070687577792267,0.11105180364791137,0.11073634835048332,0.11138741830747916,0.11154172441296471,0.11399478819052299,0.11569186448732008,0.11668492502306413,0.11957962361362917,0.12140075110925594,0.12226978016632306,0.12293440699588416,0.12332972650149655,0.1342526783016172,0.1351057426643156,0.13981327790854364,0.14175076904368406,0.14278583661881364,0.1431868749077228,0.14342771181015243,0.14401410671963355,0.14525651931164696,0.14564367842612247,0.14595796558862104,0.1467955650463247,0.14729883480498165,0.14745475500987365,0.14785269750699498,0.14986133324936102,0.15444252094494973,0.15480907461006238,0.15544458228926547,0.1563854322510119,0.1568557409348684,0.15704069044881283,0.15752199788353502,0.15803983616863126,0.15838469477179584,0.15888969099874306,0.15924449697751195,0.1597717504062708,0.16068969362270485,0.1658196710308923,0.16622806911588864,0.1664322178566892,0.16693437571225683,0.16971847025399212,0.16998567674518722,0.1703646330395011,0.1712079061871327,0.17137921379071622,0.17166281952255294,0.17212400593460803,0.17276373368366954,0.17304561709457844,0.17442582234560344,0.17472619220728497,0.18171768629407872,0.18219633565869472,0.1826074683294191,0.18283450966071033,0.18082126708443816,0.18096551386932752,0.18145547028306613,0.18175139376316218,0.1838384262080137,0.18436541120459998,0.18459714652055645,0.18474104599702015,0.18511606515447704,0.1853434131707914,0.18559626875038462,0.18570687010334938,0.185821386726677,0.18615785783215194,0.18649749375824706,0.18650485342386822,0.1867202954828437,0.18764809653310358,0.187977627057589,0.18807506540299407,0.18820946626842314,0.18846705642616574,0.1889834519308118,0.18914706724681396,0.1894962357395606,0.18992960095361552,0.18997969780295124,0.1902824574664182,0.19045535275812087,0.19082900657468238,0.1911090275030235,0.19123152516212008,0.19136818719050233,0.19161659342524404,0.19182519641342752,0.1922242940399947,0.19231440916606313,0.19237814166575695,0.19265151224399116,0.19285571880788668,0.1932995545769389,0.19370195669939472,0.19438491208499384,0.19437125764723365,0.19440591969658322,0.1971547798879038,0.19758535057409746,0.1978595070195018,0.19791109950569827,0.1983139599338992,0.19843807349583772,0.19888041646125765,0.19899341445475188,0.1995286612547179,0.19964892279793145,0.1998102054659274,0.20020439600410211,0.20030590872897083,0.20061867004287778,0.2007873082511657,0.2032355074557197,0.20325393340819412,0.20343703659630333,0.20311177535729058,0.2032959381632231,0.20378374399905344,0.20402951767353344,0.20416780183185573,0.20431897976738905,0.20455072654916057,0.20486882655141025,0.20497879466572355,0.2054595065334979,0.20573052196166733,0.20592719893958078,0.20611764451073308,0.20622515022612886,0.20631510001344064,0.20643867544463648,0.20657244493567903,0.20716298854908324,0.20721343981130155,0.2073241610265039,0.20749254481570345,0.20756046758351712,0.2082679628648187,0.20829975545689072,0.20844984999421176,0.20845362991228064,0.2085196829005262,0.20863499878722874,0.2089892044350592,0.20902712892123163,0.20905685910961397,0.20911887977495364,0.20917544542922983,0.20923310086617253,0.20930113838337472,0.20935045812261885,0.20941424952907253,0.2094891353316796,0.20956112198960272,0.20969389965050184,0.20974670206586873,0.20978656811859955,0.2098091565652875,0.2098537228803491,0.2099369613347622,0.209974160755383,0.210024903522224,0.21007189229405926,0.210305346800972,0.2103522507698045,0.21029872117371368,0.21032083987927436,0.21052405735053337,0.21068829755636,0.2107362282827211,0.2108440858551167,0.2109166967724647,0.21097771974576496,0.2109859993470996,0.211043936726711,0.21106839154507664,0.21113724042566887,0.21117712124457627,0.21121476169263648,0.21126663019199898,0.21132118457271554,0.21140621190225103,0.2119246465866181,0.21205518587194627,0.21216273923438467,0.21218110663729087,0.21221833229830853,0.21219747303973122,0.2124127188263041,0.21249299244398376,0.21257957221744805,0.21262129915449884,0.21266206376496619,0.2127026700485061,0.21273695200346385,0.21275693327127812,0.21282842322260112,0.21287669479432528,0.21289210667300107,0.21295894416319563,0.21298487359698157,0.21299141737965724,0.21325540855259736,0.21329622137022292,0.21332353087711917,0.21328881895182186,0.21323502468468056,0.21328124352120775,0.21330716642238126,0.21332592256690827,0.21334596433116482,0.213372579905624,0.21338031211965838,0.21340985957457148,0.2134295046192841,0.21343611881624566,0.21346869470527402,0.2134858424825078,0.21348746919749276,0.21350060536258028,0.2135171211058901,0.21352192695892067,0.2135432968028322,0.21354528129362657,0.21357151049532538,0.21387509210771435,0.21391589426657884,0.21392669376395168,0.21393291437320192,0.2139532130114802,0.2139648274302503,0.21397634869587012,0.2139816082226377,0.21401045196915672,0.2140364851523626,0.21405132724994433,0.21406226320719782,0.2144260101635968,0.21440169724007807,0.2143971378566587,0.21440331183235717,0.21443560439693157,0.2144449385043919,0.21448776533224712,0.2144978040529838,0.21450932228841652,0.21453039683188782,0.21454959213948033,0.21456286324286064,0.21457563926599163,0.21458466503180174,0.21459781709471296,0.21465928501475565,0.21467037600811675,0.2146776317730033,0.21468205176342978,0.21466903497003367,0.21464852367304874,0.21464427725922958,0.21465054431917627,0.21465385271275347,0.2146683358945749,0.2146722659460353,0.2146787922050821,0.21468793883362042,0.21469546155351177,0.2147283324201912,0.2147345009735902,0.21474312915921737,0.214752136499453,0.21476342638361834,0.21501636941691854,0.2150235413681385,0.21504659185043892,0.21506408107254496,0.2150760603469628,0.21513245816091006,0.215150280030124,0.2151591570508357,0.21519991910898084,0.21520660517178547,0.21521159303836343,0.21513282025746314,0.2152115044718601,0.21539077153677025,0.2154979031245636,0.21550441515171442,0.2155336316291584,0.21554045023517399,0.21553460353849813,0.2155492826982105,0.2155625339583901,0.21558009254313287,0.21558336677069123,0.21565956191438554,0.2156683347383971,0.21568218921169893,0.2156903012711496,0.21569903237294855,0.2157053294160246,0.21572069217985138,0.21575145539860216,0.21575960260776345,0.2157648553202675,0.2157696225696409,0.2157741442785614,0.2157793674962581,0.21576926346171205,0.21577273704999186,0.21577696884102615,0.2157830925382898,0.21578450825797657,0.21577921875324885,0.21578043611482098,0.2157940493032952,0.21579650776837345,0.21580369161161855,0.21583471762369877,0.21584608579267556,0.21590590354493097,
0.0,0.0,0.0,0.0,0.0,0.0,0.0,0.0,0.0,0.0,0.0,0.0,0.0,0.0,0.0,0.0,0.0,0.0,0.0,0.0,0.0,0.0,0.0,0.0,0.0,0.0,0.0,0.0,0.0,0.0,0.0,0.0,0.0,0.0,0.0,0.0,0.0,0.0,0.0,0.0,0.0,0.0,0.0,0.0,0.0,0.0,0.0,0.0,0.0,0.0,0.0,0.0,0.0,0.0,0.0,0.0,0.0,0.0,0.0,0.0,0.0,0.0,0.0,0.0,0.0,0.0,0.0,0.0,0.0,0.0,0.0,0.0,0.0,0.0,0.0,0.0,0.0,0.0,0.0,0.0,0.0,0.0,0.0,0.0,0.0,0.0,0.0,0.0,3.0936354507207766E-5,3.0936354507207766E-5,3.0936354507207766E-5,3.093635450720777E-5,4.715853273041808E-5,5.8485121508519954E-5,8.4593973197166E-5,1.9476368575305114E-4,2.2736250730448618E-4,2.677535140954356E-4,3.260925187049324E-4,3.3527816045842297E-4,4.2429214683521206E-4,5.604209320484258E-4,7.508826023787835E-4,7.5620362582805E-4,8.13596708784849E-4,8.067063796120303E-4,9.664792906641261E-4,0.0011954118965617673,0.0013214579547233035,0.0014882201413248257,0.0014625731539265137,0.0016191374440967011,0.0017286719812309576,0.0019373763124558305,0.00260189484676973,0.0026193985222910643,0.002773777164372598,0.0030639582701193152,0.0030996485984324425,0.0031121107832542245,0.0031034545675011926,0.003060229976108985,0.0030455243073000695,0.0033597339950845813,0.0034004730242244508,0.0037073007520307334,0.0039500539907285324,0.004030100773098773,0.0041897957594625775,0.004566819376323309,0.004677073161788936,0.004863570417886572,0.0051377344124291895,0.005409013870818645,0.005616320002680036,0.005727382095470895,0.005853800506146189,0.00583344451487766,0.005855206547956124,0.0057175397441997485,0.005699352488394234,0.005923033875491802,0.00599291247574662,0.006031583401498493,0.006669942642055661,0.0067336236525560676,0.006549129881077273,0.006599606057092785,0.007316748656624612,0.0075418118431129395,0.007612499615901964,0.008000505775570427,0.008703155977164919,0.00860592007707439,0.00966929988529082,0.009933717933280404,0.010138562675582616,0.010511924865625237,0.010980995122451636,0.011309653301827543,0.01175627691608546,0.011842614178610862,0.011974903960586075,0.01200438038316424,0.011578715037018688,0.011842447716652223,0.012172399941007425,0.013039842980892898,0.014513193293162547,0.014716480897286308,0.015162212930839844,0.015717435046132607,0.018476189093500097,0.018780234088023588,0.016648935490428382,0.01798983734087238,0.01789639456638587,0.018552375924193648,0.018913340792566503,0.01975330153601997,0.02206335772088002,0.022168692736270375,0.02203425401269845,0.024333030882262987,0.02546174502854979,0.026199149756421947,0.027159546323875534,0.027782758233200592,0.028751503299980153,0.029426015736662866,0.02968444522905644,0.029832187233019634,0.030665345723278302,0.030786546332249115,0.032322066960374145,0.03249458421322842,0.0329111037854245,0.0334537783917589,0.033241784232665085,0.034826879528766785,0.035013830207748134,0.036289297370650384,0.03655076757568237,0.03631239429147894,0.03793317109319251,0.03795385242344185,0.038616700733978396,0.039011796113090705,0.039057723032679896,0.03960221536002463,0.03982947861620278,0.04016611785029958,0.040782104688172144,0.04108322162106491,0.04121874764703073,0.041609445528454914,0.04211440604335428,0.04330274887919607,0.04469255242362792,0.04480126087080957,0.045039725412268646,0.045841572737237345,0.045653972901432735,0.04648591254250075,0.04704214536358343,0.047616880094017655,0.049630116280080155,0.050026607808533845,0.048984766688641886,0.05042259685490139,0.052075812196686555,0.053062427178771465,0.05350601788200677,0.05458412558097896,0.05621751837864545,0.05865986058297991,0.05972176099865292,0.06278760273242749,0.06308251986738063,0.06498435862003915,0.06680154807503311,0.06707729698373947,0.06737396086484358,0.06949405878956187,0.07048780915572139,0.07204798568402712,0.07293444546491802,0.07424609934996522,0.0753546709556671,0.07538586694052896,0.0767043555826405,0.07838205013878301,0.07927214060177033,0.07915786832719439,0.08058031240700393,0.08043701703966644,0.08548598771568768,0.08678376302964881,0.08675812174297179,0.08696357878021559,0.08757902156508555,0.08849312474514516,0.09287351835161625,0.09408348175316655,0.09634408363392132,0.09644499476008299,0.09676863574263113,0.09767772307058034,0.09757978453602345,0.09760185294094835,0.1000163560149917,0.10047912046400925,0.10096552254537908,0.10178174498880042,0.1038209905047063,0.10512488581267061,0.104212065938495,0.10515006227947567,0.10727431730132857,0.10796749424961818,0.10851309094638335,0.10852413540527196,0.10988586822708614,0.11031487426800252,0.11106184056587476,0.11407183987349254,0.11392846613531189,0.1154136955230929,0.11878105447242787,0.1189576203922856,0.12136293340931742,0.12175703835842612,0.12412962371888595,0.12493643014102013,0.12471557425476712,0.1285600494472525,0.12891123549454012,0.12911357023681705,0.13199067842498144,0.13252746076467017,0.13357278360145183,0.1340218274089301,0.13518225714551316,0.13621728710788952,0.13750452851538317,0.13941710758602344,0.13861255761280056,0.13956744476038244,0.14134287466328704,0.14222103335044706,0.14465745201065763,0.14562522561387464,0.14658585064473434,0.14952741712037662,0.1505092797295417,0.1512284228211074,0.1521878357820245,0.1529784182356378,0.15793903780933558,0.15931655309494153,0.15967670952830204,0.1607501978535189,0.16329521143367173,0.16386303318168957,0.16473002614978938,0.1658484395337255,0.16597072601108054,0.16613504346683367,0.1662613970885045,0.1680682283639077,0.16809300216477302,0.16836873007552614,0.16854426191400462,0.1693603385381392,0.1697529512609329,0.16977614995609308,0.17035588775600577,0.17173011082836648,0.17142185081458156,0.1720076829860062,0.17163882136211714,0.17244879579230474,0.17239396793440623,0.17356248861887474,0.17444851964757407,0.17552299405049557,0.17844867354566005,0.17771714109787728,0.17734147834421174,0.17805883142226428,0.17827194303884392,0.17898275004035716,0.17950754415785125,0.180467853962973,0.1808645484521214,0.18222997311152497,0.18545738072624263,0.18523006586033383,0.18564346267974496,0.18647824657740888,0.18776125360169996,0.18781281315863632,0.1901367753459352,0.19774230274091525,0.19967205594648904,0.2037324165822529,0.20379212576087175,0.2047023286734017,0.2041630213400919,0.2050421705031104,0.20829340062114957,0.20841348731367415,0.2090097607550041,0.2101388432710634,0.21088400495447204,0.21551045004605918,0.2268653455641661,0.22715201459650078,0.22704899830749295,0.22759902592323789,0.22787759856154105,0.22808251242145272,0.22839520572936375,0.23154362486483712,0.23273565724381026,0.23285752134078314,0.2329014937682471,0.23292562203067774,0.23417932408904946,0.23453607318896283,0.234617739447154,0.2338166891904154,0.24113577914910975,0.24489954137947453,0.2452892995992659,0.2458151558325199,0.24633290597149987,0.24236845263984713,0.2429086687674127,0.24264468991922902,0.24260576607260195,0.2425073626816377,0.24482125291367268,0.24508686916189273,0.24397952108335924,0.24403713625120818,0.24375344776703792,0.24468808066622938,0.24504053907152934,0.24550157549262547,0.2455089577453583,0.24469435954617724,0.24473025165939366,0.24482749378044133,0.24472668265838943,0.24486713825724885,0.2477800739236672,0.2477413885097088,0.24782680477298802,0.24933132000539934,0.2536605927311132,0.25294726061356043,0.25314500034801846,0.2532293204570935,0.25338830628790315,0.25515920081914517,0.25527023804925225,0.255087854228173,0.255262394316752,0.2549303946697155,0.25498695130595606,0.257083554090455,0.25756254846521204,0.25756394607736344,0.25876589829027213,0.2589720397459316,0.25913496074345593,0.2594107638638604,0.26005541856284015,0.2604324030572871,0.2605117161988214,0.26292129691686944,0.26328821523511237,0.2636453089960886,0.2637540586884619,0.26426985391401353,0.2662032486206545,0.2649055145862523,0.26491615027278664,0.26519399032479063,0.2651144493783196,0.26429492978705704,0.2643259533440538,0.26397494710496205,0.2640445498079478,0.2641188295566038,0.26422783685156687,0.2651744096638156,0.265178539293443,0.26558894731973376,0.26571516728734307,0.2662837890467419,0.26635905698921325,0.26644968882564884,0.26675527217308387,0.26684179610295267,0.2668557345918187,0.2677267170491833,0.26768541287912173,0.2676785163229755,0.2677081733589178,0.270278986091172,0.2702886830389949,0.2695957758287316,0.26951555387360865,0.26951711181257004,0.2695268725305424,0.269740887549901,0.27002051660303916,0.27235682491826346,0.27234160923724915,0.2723807574192456,0.2724133338832448,0.2728584225106482,0.2728446942639189,0.2730125699703151,0.27301499532181,0.272951664468305,0.27304522542359516,0.2730569404763456,0.27281078876573467,0.2730044563761892,0.2731499626478019,0.27315032798343997,0.27313564350945546,0.2731178499427522,0.27332239877763076,0.2733338240571647,0.2733491401903616,0.27345126519876584,
0.0,0.0,0.0,0.0,0.0,0.0,0.0,0.0,0.0,0.0,0.0,0.0,0.0,0.0,0.0,0.0,0.0,0.0,0.0,0.0,0.0,0.0,0.0,0.0,0.0,0.0,0.0,0.0,0.0,0.0,0.0,0.0,0.0,0.0,0.0,0.0,0.0,0.0,0.0,0.0,0.0,0.0,0.0,0.0,0.0,0.0,0.0,0.0,0.0,0.0,0.0,0.0,0.0,0.0,0.0,0.0,0.0,0.0,0.0,0.0,0.0,0.0,0.0,0.0,0.0,0.0,0.0,0.0,0.0,0.0,0.0,0.0,0.0,0.0,0.0,0.0,0.0,0.0,0.0,0.0,0.0,0.0,0.0,0.0,0.0,0.0,0.0,0.0,0.0,0.0,0.0,0.0,0.0,0.0,0.0,0.0,0.0,0.0,0.0,0.0,0.0,0.0,0.0,0.0,0.0,0.0,0.0,0.0,0.0,0.0,0.0,0.0,0.0,0.0,0.0,7.180931726561358E-5,7.180931726561358E-5,6.734870688911559E-6,6.734870688911559E-6,6.734870688911559E-6,9.198639514979056E-5,4.546865313647167E-4,7.803405551656051E-4,0.0010756736719504318,0.001442091679070345,0.00234235492465506,0.0023809774704627524,0.002830125488864191,0.0031014997468938035,0.0032370739683358924,0.0033192941859843724,0.005910618114706899,0.008274683377458266,0.009334971527156155,0.00980193112463043,0.011872019898686484,0.014038612154988365,0.015463155942670911,0.017595263743864168,0.018046817161541624,0.01901663962625682,0.01905134711700355,0.019560024847521153,0.0199426620332567,0.02041529063098874,0.02190282107356954,0.022878229386930085,0.023882695875748875,0.028442186261838576,0.030548808852311825,0.03041455915123068,0.03301790504819275,0.03360886537485649,0.03340533961687897,0.03642802239425993,0.036654163358466614,0.03761497063295571,0.03817643966410876,0.03913960747972804,0.03972674712729144,0.040431584692148886,0.041514883439280593,0.0428581086461559,0.04485421186131285,0.045947283483053825,0.04783428023308392,0.04928547420948481,0.050466766089586126,0.05061663334425551,0.053053457732864864,0.05443232955873089,0.05550720728389606,0.057027429344186815,0.05841595022818971,0.05929066889795797,0.06080271401734398,0.06131931155668096,0.06266919344835344,0.06551088559374622,0.06614417510968576,0.0674057951253867,0.07264320682161951,0.07294248181183106,0.07332516876228344,0.07403061248557115,0.07514794852319381,0.0759815775181207,0.07655538407499914,0.07680268613190694,0.07906643200129145,0.08111507925306885,0.08385391608716,0.08431158880364457,0.08519306396928596,0.08562275712703406,0.08971083532528629,0.09108229705943538,0.09361973597046214,0.09444200905728266,0.09525127880621002,0.09588618001448246,0.09639662686356841,0.09696188261221597,0.09739807473652808,0.10168398512526428,0.10249432032618287,0.10355678514075678,0.1039327562346537,0.10464994969503734,0.10543799231311649,0.10606257310361136,0.10706405962298313,0.10862152018388674,0.10911003966697984,0.11113672870706556,0.11303955192743327,0.11395739716055124,0.11610112963076966,0.1219624174852458,0.12249045353580466,0.12494893881211497,0.12504195634999712,0.12940061460317756,0.13590045613497556,0.1364433941601474,0.1371581920815641,0.13757337259887056,0.13811983975149644,0.13900397320711855,0.142420981276919,0.14971502469463613,0.1502741696348589,0.15123163584371604,0.1518157918153656,0.15257645478485043,0.15283070735732895,0.1532422318045863,0.15633997874122565,0.15665510638401278,0.1603282451709746,0.1609963915264871,0.16151538175599156,0.16344590865341685,0.16556862451646912,0.168221860205141,0.16960289640713158,0.16985503264864746,0.17068653070637688,0.17140939926609727,0.17211811474481872,0.17414869778790204,0.17514950804204768,0.1787192049819931,0.18030048197232984,0.18131805963222417,0.18222159890040712,0.18519940829304785,0.18523037549153282,0.185667291905071,0.1877995703627298,0.18860051631083366,0.18990800045301626,0.19023974836839133,0.19043372698998262,0.19329251345173878,0.1939021867787494,0.19414899516697592,0.19563100619036253,0.19605587745338016,0.19674598287619446,0.19701477853783453,0.19812240250251958,0.19867252671344157,0.19937202988652558,0.20006901344295053,0.20039234937132197,0.20076682012142605,0.20136230201367836,0.20164630248801352,0.20209376983370983,0.20283086724083066,0.2051299469741116,0.20636195423672873,0.20632008776119312,0.2063387101130181,0.21017979332253356,0.21175768867846356,0.21418974564046858,0.21596205514599928,0.21664126722146954,0.21753706334140102,0.21793521292485477,0.21943612513841027,0.22145046324243492,0.22364360783008227,0.22444908892521684,0.2257860738127437,0.22597101012957416,0.226486352166737,0.22702572231612547,0.22780973466894378,0.2318783388706804,0.23214730876387915,0.23231303421308394,0.23243832697158873,0.23259270822644348,0.2327173877261813,0.2327919161703448,0.232996172797971,0.23418702808845043,0.23434542896387267,0.2351032487670963,0.23531709829922687,0.23554641734567064,0.23566830052800436,0.2373369753638098,0.23756562285950195,0.23771138096140593,0.2376102631936283,0.23738719724263205,0.23821199657793124,0.23833552902109642,0.23922824655375308,0.23955901770825544,0.2398084084606292,0.24046230701343152,0.24068412859709934,0.24091747152425913,0.2411121756409883,0.2411230591757348,0.24106388436342674,0.24105281411452412,0.24153474398890545,0.24166262958851487,0.24186192682267174,0.24202185776644572,0.24208034310073287,0.24212583284169414,0.24219576228860282,0.24295849713562961,0.24321427442329535,0.2440396065943108,0.24410683881704187,0.24426384288883657,0.24448698352452697,0.2445247388934081,0.24451737880469068,0.24471316680816008,0.2450898370818728,0.24509424379903497,0.24520657345261046,0.24558898461131112,0.24594441667402253,0.2465952271174185,0.24676248768247,0.24672069587820208,0.24671204248454273,0.24671692779257742,0.2454895064693997,0.2455580644126703,0.24574810123646645,0.24603112123046153,0.2462080607285628,0.24628599733220966,0.24660584945954142,0.24668400078000183,0.24652825181304244,0.24668945383582125,0.2467787389105722,0.24711280042490189,0.2472373992638926,0.24727760761812187,0.24745839652549642,0.24750651756658182,0.24754335147503334,0.24769092748182422,0.24772147050178073,0.24768803386959726,0.24779796417287653,0.2478306274522242,0.24785589644704295,0.24788828978452346,0.24793513500773404,0.24798237215231841,0.2480067553640811,0.24807932927710227,0.24814031729736188,0.24815439997798522,0.24820770165157346,0.24821483764520708,0.24827975229307783,0.24843046384955836,0.24856083412511856,0.24907631400139602,0.2491233765128718,0.24916913578327962,0.2492107938479342,0.2494373570949602,0.24965211427456285,0.2499032943641065,0.2500148872711701,0.25007806191304993,0.25018317151402025,0.2503352701849786,0.2505150392807219,0.25052749663336304,0.2505676770318677,0.25063564310478614,0.2510025365374628,0.2510719473033606,0.25108507877203795,0.2512033068170783,0.25124925777570406,0.2512754898919727,0.2512876978608926,0.2512856230254844,0.25135498409299445,0.25151795683529793,0.2515511040372474,0.25190937187669166,0.2520297236120383,0.25221232286002715,0.25227846874529936,0.252520875833568,0.2524953919406974,0.25253008251717535,0.25363678014369945,0.253756664705651,0.25385819351223404,0.25405782008189376,0.2540760807846465,0.25409438040730215,0.2541368547005093,0.254239421327584,0.25427534011577363,0.25442812747277554,0.25465275956350053,0.2547831864281749,0.2548200964868027,0.25492049721566534,0.2549450482189327,0.2555963533013698,0.2556112220612244,0.2556445742063915,0.25685538379189765,0.25686477339364033,0.2568736558040468,0.25695697841380355,0.25701330548790335,0.25709494124969684,0.25715781276482214,0.2571809471036823,0.2571562374432252,0.25711746938313235,0.2571860922267668,0.2571674471635939,0.25718567456814123,0.257206967007193,0.2571983237931604,0.25725519766201976,0.2572505195398508,0.257329649438575,0.25748621040593567,0.25750135989549433,0.25756334048498547,0.2574460171418809,0.2574940976008894,0.257567437773145,0.2576842999149318,0.2577507793395558,0.25777385443016815,0.2579390315894971,0.2578613788448602,0.25794926714533895,0.25673801447410766,0.25675762253094675,0.2567667955315846,0.2568973862491577,0.25699392541330635,0.25701538082246267,0.25728041105811283,0.25734947435847666,0.2574361489079991,0.2575411458473558,0.2575493508403993,0.2575505527853862,0.2575633236930912,0.2575586102665839,0.2575706872482365,0.2575512896874347,0.2575876630626228,0.2575084965308681,0.2575627976857895,0.25772831828384385,0.2581614039897267,0.2582223493268661,0.2582505423053133,0.2582436177830756,0.2594260086258258,0.25938125405734114,
0.0,0.0,0.0,0.0,0.0,0.0,0.0,0.0,0.0,0.0,0.0,0.0,0.0,0.0,0.0,0.0,0.0,0.0,0.0,0.0,0.0,0.0,0.0,0.0,0.0,0.0,0.0,0.0,0.0,0.0,0.0,0.0,0.0,0.0,0.0,0.0,0.0,0.0,0.0,0.0,0.0,0.0,0.0,0.0,0.0,0.0,0.0,0.0,0.0,0.0,0.0,0.0,0.0,0.0,0.0,0.0,0.0,0.0,0.0,0.0,0.0,0.0,0.0,0.0,0.0,0.0,0.0,0.0,0.0,0.0,0.0,0.0,0.0,0.0,0.0,0.0,0.0,0.0,0.0,0.0,0.0,0.0,0.0,0.0,0.0,0.0,0.0,0.0,0.0,0.0,0.0,0.0,0.0,0.0,0.0,0.0,0.0,0.0,5.351477739418473E-6,3.8108397277720156E-5,4.178461908901937E-5,6.532164352560557E-5,6.639366164010197E-5,1.1014074407963466E-4,2.480964126305947E-4,2.539673135322468E-4,2.6876551005814667E-4,3.1666557403068295E-4,3.444550000530613E-4,3.659566048734404E-4,4.896248384587738E-4,4.968444412364918E-4,5.624406903891441E-4,6.3176124474219E-4,6.667521841500877E-4,8.915391815712974E-4,0.00117960336618624,0.0012284105725241512,0.0012415157083370864,0.0014973629439728952,0.0017028951583344927,0.0024286504384997353,0.002805620194346551,0.0029970650582510847,0.003263063026239868,0.003452738146145919,0.003558445533912178,0.0036938190877659894,0.0037689589046650588,0.005605576686001982,0.006105453699715736,0.008049284559087325,0.008212466533150347,0.008690694808165022,0.008803644682329444,0.009395380700156318,0.009552994995471535,0.011353734523586314,0.011555985885670542,0.012462665405532754,0.012685406535207229,0.0150354222543472,0.015419833882989252,0.016574665151456648,0.017360838586942474,0.017629277426415374,0.018576404301512226,0.01997642448126827,0.01963917118786635,0.019226998845937485,0.020568638099264902,0.02183991497484325,0.022256763836564254,0.02320974741581141,0.026752854000796255,0.027375821882274883,0.028235916981543152,0.030357215717017667,0.03298911774671923,0.032288315966328404,0.03305277461642207,0.03417782566135558,0.03431156035796572,0.03434949487308962,0.03439185910923566,0.035426173821770775,0.035511077806156074,0.03893637622555246,0.03988440987325821,0.04002783477245094,0.040430327604809926,0.04132626788843847,0.043158750447323105,0.0463603802281038,0.046692471001231826,0.049976186730850226,0.05021383816252862,0.05100631758148551,0.0525120197161075,0.053217200835490704,0.05401619316563926,0.05377657164718975,0.054683705555761554,0.05488650193051996,0.05592549585324817,0.056131509105590845,0.05599866794226193,0.056851901290178274,0.0569019669551779,0.057213924690507775,0.058577804762290284,0.060757545999393585,0.06366616014561258,0.06476014921673585,0.06608716376917843,0.0670000443963849,0.06713502333571929,0.06838372440731309,0.06987622011756707,0.06966375332421905,0.0697544223817521,0.07139855925652995,0.07276707109875401,0.07450599005589746,0.0762903325046797,0.0766778097632233,0.07809213369876324,0.07948516350280214,0.08042329001713924,0.08122675454742855,0.08289954191771033,0.0833620189969477,0.08496822764252118,0.0870035658610772,0.08832218899025338,0.0892175639195627,0.09203998124172548,0.09374810322533218,0.0955443782608115,0.09618818469741988,0.0972665293386101,0.09747802326287668,0.09972796872850652,0.09986563628434325,0.09808223782867218,0.09946700554811011,0.10020832833502143,0.10198628541935527,0.10272249728985375,0.10352015177563212,0.10489767831265923,0.10591020419717981,0.10603118372457526,0.10752656497503423,0.1079158317990649,0.11209396062200025,0.11235153376149086,0.1124084995941192,0.11298473846533007,0.11337765780055144,0.11388858135115455,0.11673939472911103,0.11809706001546773,0.1190412265261918,0.11930477394355013,0.11958777304110448,0.11952816427876041,0.11888952990393205,0.1198444720967864,0.12108001893513361,0.12199577766541211,0.12420070688288717,0.12564384782727153,0.12690024824546597,0.12830488121597355,0.13032370226580067,0.130681539951226,0.13126394344160122,0.13240613811314791,0.1347081734442356,0.13530611347546734,0.1351921586078027,0.13482956445332986,0.1360240533973443,0.13614092874502207,0.1361510605588226,0.13706402391697659,0.136643729466072,0.13689335606233233,0.13685618364428562,0.13741861383768714,0.13937982626753753,0.14044137647769062,0.14113813541581804,0.1426463310337251,0.1441392082251844,0.14442332193566954,0.14473138110347952,0.14637725954333117,0.1465229529057768,0.1476589522007643,0.14954935336595798,0.14967686191998208,0.14998842065144696,0.1501307995464533,0.1522796605642739,0.15281985570305875,0.1534514618735553,0.1536193740182634,0.15376622245980956,0.15379282940657368,0.15431955425723945,0.15664305343789223,0.15750179595978892,0.15765196608281748,0.15834083951770225,0.15830375600092225,0.15921150854541816,0.1597546533283136,0.15980379475325843,0.16083947614469993,0.1633825321036146,0.16383140226327983,0.16481494295392915,0.16558450045851011,0.1668152993515575,0.16780101655036633,0.16779536828746933,0.16758464819847657,0.167669165584715,0.16762254979346483,0.16789508414327697,0.16821455000971997,0.16966417088865046,0.17008036967771042,0.16969452766335605,0.16987989798003103,0.170567397512336,0.1711693413809045,0.17122633571279916,0.17146016413202725,0.17169016288154873,0.17168904182745193,0.17299138612017462,0.1735410753475211,0.17405954697263104,0.17518884516603883,0.17485403292483465,0.17546217376930415,0.17570277007450344,0.17594247277415956,0.17602079441164786,0.17666653336398458,0.1765846081932185,0.17800343592897522,0.1772211432542981,0.17780608650002117,0.1779710702351873,0.17793103766185067,0.17794213536893091,0.17824572941139752,0.17918246241819083,0.17993174833926967,0.1802371230625888,0.18051164161047065,0.1803245968375273,0.18049851336366976,0.1809437650797184,0.18093602117413843,0.1812684001758067,0.18205213522322886,0.18261891561585505,0.1824090091988989,0.1825774433069166,0.18286501288466064,0.18389950197210853,0.18532298673397865,0.18547140150708147,0.18586696072560038,0.18691915464782669,0.187849001069024,0.18930543389961704,0.1892251230273469,0.18943764840095836,0.19006315656071357,0.19080281778298486,0.19125996370089648,0.19156276700546246,0.19191057339961823,0.19222669064028508,0.19257956202733564,0.19326023735150133,0.1941083330805474,0.2152806895956571,0.21523636169156532,0.2153815335460022,0.21586575538383274,0.21588455202694587,0.21733548772093644,0.2212198565375276,0.22072333084563972,0.22079271996525573,0.22141869428783773,0.22133928576115072,0.22189330464895426,0.22359220533363025,0.223923919096947,0.22960754025950555,0.23262733120281748,0.232654949340634,0.2350771774888204,0.23512688150929095,0.23313888376312208,0.23407423219931228,0.23448759401082636,0.2348808321671274,0.23514066284947469,0.23928069095469198,0.24098742620451277,0.2420534644706422,0.241097612053034,0.24271911492277906,0.2444921822676047,0.24492356900343673,0.24569654581088485,0.24580462077604953,0.2461398154161166,0.2529804264327654,0.25298498042456335,0.2548142797423594,0.25466086726726894,0.257827671640088,0.25747033247354745,0.257527803243372,0.25758983031571747,0.25677293065894,0.2571207564404959,0.2573139047735053,0.2574812631498796,0.25796376437364693,0.2585751748644295,0.2586399363919674,0.25919676733095176,0.25945405033734664,0.25728203195766397,0.25741048819204027,0.2583883639308928,0.2589941243009452,0.25919002619301124,0.26136376002631767,0.2613630706619061,0.2613127128069127,0.26188582953901596,0.26281653331334015,0.2636547453889479,0.2621682666327248,0.26306255847148896,0.2634123924340849,0.2584330276751895,0.2586603014808353,0.25865718071432603,0.25876434021116257,0.2592565864337452,0.25952616425404007,0.25884118840737835,0.259291601629356,0.25959549159475687,0.25968400998436686,0.25969173425624364,0.25965354326085727,0.2596318421769833,0.2601222147132166,0.2601260193187644,0.2602961484583315,0.2604653166978483,0.259900333370007,0.2600025135736215,0.26001836144069135,0.2603215776586825,0.2605400544365524,0.2607051782782513,0.2611792587338389,0.2612477065377059,0.2634550458167994,0.2637301068195459,0.26374728387772417,0.26398008058202926,0.26409304010084383,0.2644093746098901,0.26448385702610244,0.26481898250034325,0.26487404025317246,0.2653383697728214,0.2652429282183383,0.26554856474069166,0.26556988058311476,0.2655039257739057,0.2655319947430812,0.2653476452968751,0.26542451042731874,0.26548068045083767,0.2656881302021143,0.26569691467502743,0.26627204509479707,0.26678810423685645,0.26699043483501184,0.26617376269384996,0.2662214743552855,0.26636281204518475,0.26514104944896505,0.26514603211875426,0.2652109808205656,0.2659198604250523,0.26598787150751857,0.26584810374873785,0.26582956501446803,0.265961329230914,0.26603617127740725,0.2660422575683585,0.26604286378543585,
0.0,0.0,0.0,0.0,0.0,0.0,0.0,0.0,0.0,0.0,0.0,0.0,0.0,0.0,0.0,0.0,0.0,0.0,0.0,0.0,0.0,0.0,0.0,0.0,0.0,0.0,0.0,0.0,0.0,0.0,0.0,0.0,0.0,0.0,0.0,0.0,0.0,0.0,0.0,0.0,0.0,0.0,0.0,0.0,0.0,0.0,0.0,0.0,0.0,0.0,0.0,0.0,0.0,0.0,0.0,0.0,0.0,0.0,0.0,0.0,0.0,0.0,0.0,0.0,0.0,0.0,0.0,0.0,0.0,0.0,0.0,0.0,0.0,0.0,0.0,0.0,0.0,0.0,0.0,0.0,0.0,0.0,0.0,0.0,0.0,0.0,0.0,0.0,0.0,0.0,0.0,0.0,0.0,0.0,0.0,0.0,0.0,0.0,0.0,0.0,0.0,0.0,0.0,0.0,0.0,0.0,0.0,0.0,0.0,0.0,0.0,0.0,0.0,0.0,0.0,0.0,0.0,0.0,0.0,0.0,0.0,0.0,0.0,0.0,0.0,0.0,0.0,0.0,0.0,0.0,0.0,0.0,0.0,0.0,0.0,0.0,0.0,0.0,0.0,0.0,0.0,0.0,0.0,0.0,0.0,9.734671081350751E-6,9.734671081350751E-6,3.5198554808521164E-5,3.5198554808521164E-5,3.519855480852117E-5,1.9592099517504256E-4,1.959209951750426E-4,2.3738828837462867E-4,2.3747726132721412E-4,2.622764600447389E-4,5.190278822506317E-4,5.190534883848198E-4,6.219252534314068E-4,8.02979468091565E-4,9.175751170079828E-4,9.17575117007983E-4,0.0016486359290071731,0.0030900584711460754,0.003323836499828579,0.003561819792586843,0.003302059855320336,0.00446099446516453,0.004580559737256366,0.004899891764928404,0.005548316961681549,0.0056385477371915255,0.006088351491833459,0.006637364698343893,0.007945659270468492,0.008866295971630394,0.009007304996113198,0.009850895772920337,0.01160937794020747,0.012106570531994114,0.01246513029023556,0.012571484463712819,0.014040318095488991,0.014563596967372885,0.01722450846827314,0.019900834718592057,0.023266494151220778,0.02519239501069352,0.026134994312256098,0.026647661654217777,0.027321401298280125,0.027343888498341205,0.027381439830606015,0.028132361837690575,0.029936369216328022,0.030518930751016943,0.031240369934379886,0.03291828402115624,0.03425691152454501,0.03506741700283096,0.03606781693975853,0.03712689671209535,0.03792458482225902,0.03975981795489934,0.042058631883019074,0.04612469938308772,0.04649822613461339,0.05977886842585266,0.06046083605992528,0.06712213047592104,0.06772510468900629,0.06818950403010596,0.06887143864688541,0.06969688025276727,0.07049195802044617,0.07088480343428209,0.0712864831449057,0.07514697789833241,0.0754178582576816,0.07618936675120773,0.0803957566491143,0.080962641343453,0.08141603927126051,0.0816271345377934,0.08496269144031508,0.0848544224246925,0.08598038585765402,0.08692212149565035,0.08760085720944812,0.0876302517967483,0.09059295726748949,0.09125845950843514,0.09352731532472656,0.09642329540527447,0.09770534618833676,0.09937833112216313,0.09960944073020048,0.10027234329826991,0.10162911076582072,0.10708402203723731,0.10832468418106904,0.1090371126306495,0.10982573011184332,0.11049984175311219,0.11214103440485143,0.11401708594671997,0.11476383652925964,0.11660724216692209,0.12092789807509732,0.12155020590455079,0.12276091393498946,0.13005795341130316,0.13111998418333246,0.13272643510921625,0.13428952749533407,0.13499864873833733,0.1360917740908948,0.13698969990680354,0.13813482861740772,0.13925116391278666,0.13977803083740542,0.14434340204920762,0.1445641755614045,0.1450661216451954,0.14613077587428022,0.14673539357129,0.1525289420324271,0.15488455393780753,0.15586349811984673,0.1562054240784296,0.15785156611335974,0.15884232668165443,0.16033569820679755,0.1616575154071597,0.1639902823522145,0.16474722001018333,0.16519708202110978,0.16608006128458733,0.16659145490095567,0.1679460468178281,0.16844020487321157,0.16864503841931197,0.16899067998422476,0.16964265231408113,0.17020649367969684,0.17043748003688308,0.17324795834115173,0.175380034430329,0.175581816662129,0.17583467410098402,0.1773899246366919,0.17812650591091028,0.1782709780745325,0.1786063215506978,0.17884062055270417,0.17910968400664007,0.17993123856261595,0.1806910620468966,0.18093927178221414,0.18136324287300062,0.1835459536198311,0.1871195648610769,0.187514508642939,0.1885326282250877,0.19717281928896963,0.19885414389464276,0.19979600040249187,0.20003547170091593,0.20095003028893557,0.20145884501908426,0.20224561168259408,0.20284574423581433,0.20315421672946776,0.20433238028617934,0.20476208161223727,0.2058007941585411,0.2061344337625688,0.2075118797719171,0.20801629717091938,0.2084815849685732,0.20901940168253877,0.20987268226400463,0.21004894923264,0.210452116242485,0.21163783146643045,0.21190506674533285,0.21378494378725707,0.21400490900702396,0.2144839145548057,0.2147113606808924,0.21523829971089387,0.21584475516511148,0.2167881169433089,0.21730090680932612,0.217442519468207,0.2179606290004291,0.21848611920282962,0.21888015125927976,0.21983000024840943,0.22063406620605633,0.22128150670389143,0.22147768806886403,0.22156026177161228,0.22197491906144698,0.2229750616285082,0.2232871291813259,0.22347769764681355,0.2252732114859886,0.22613800487276553,0.22709475674181173,0.2277596830628564,0.23144023493801236,0.23193748021425267,0.23208467806378247,0.23222312150008642,0.2326309059662073,0.2328965638180897,0.2338340388784613,0.23395702522651557,0.2343314876607815,0.23501727979982495,0.23525694572352912,0.2357964561880394,0.2359863278533858,0.23797206738092133,0.23844668971433505,0.2386189329327615,0.23980883855274818,0.23938386959417562,0.239597815358906,0.2411395889229499,0.2412631873375727,0.24134287282683478,0.2415889338701458,0.24180345088834004,0.2424119390924705,0.24291538941759486,0.24302925902730324,0.2435918750701747,0.24286914099320656,0.24349257365523982,0.2436001697798896,0.24381950741649372,0.24391879285002582,0.24396838833277007,0.2442736505058193,0.24452300296173238,0.24466351081089144,0.2447486303063559,0.24519100342038747,0.24546034649902373,0.24571371893592686,0.24615841184498602,0.24634470189505783,0.24664765725571963,0.24781006745890824,0.24795453662420522,0.24800827491024782,0.24813980680558156,0.24837618630030253,0.2484835001674741,0.24858043250463543,0.24864733839443956,0.24861864091470925,0.24880901681487871,0.2489245092843012,0.2490998773589284,0.24952394950238826,0.24956101170069042,0.24961477579875654,0.24974338501161547,0.24961705479594523,0.2498481265668877,0.2498711374987364,0.2501099336185644,0.25009631747728567,0.2500266665304231,0.250112147919916,0.2502718208914544,0.25038602831115486,0.25024067162293584,0.250101081188246,0.2501017717235788,0.25011682570211735,0.25017430801960616,0.25028463313488203,0.25039653236108456,0.2504636518398021,0.25056116733517514,0.25056384477438526,0.25091821978045303,0.2499773109532696,0.2498897063373819,0.24996015187972298,0.2501026253640108,0.25021679661804774,0.25022385807497727,0.2502973489277898,0.2503397395212117,0.2503934018829268,0.25046478498529257,0.250747654566965,0.25078329793751303,0.25145770638224085,0.25122631499604786,0.25126313421844904,0.25134528571909154,0.2513886459571908,0.2514572602431401,0.2515543004994045,0.2516024992439475,0.2516652151983522,0.2517073258984356,0.2522255276785867,0.252279691197089,0.252509767981647,0.25254074057616105,0.25279359127670314,0.2532896445604014,0.253182006376694,0.2533007991194961,0.253701830757803,0.25386099784946103,0.2539113341269527,0.2540164482146381,0.25450324445102895,0.2545264040586528,0.25498762026783384,0.2550817031671898,0.2552806393179946,0.25536350788360956,0.25658955267694405,0.2566440279999407,0.2566696320723393,0.25670002522324725,0.2570180558863775,0.2571766912570814,0.25752025516534666,0.25775346892464845,0.2577997969950107,0.2578090604145639,0.2578338827849443,0.25793324696215236,0.25797769585726327,0.25792142692945375,0.25853790371146157,0.2585421100921909,0.2585961325343035,0.25864764050085287,0.25869124291227164,0.25884869127887317,0.25884751111777826,0.2589760958526848,0.25902185599676764,0.2590815907202892,0.2591266930539455,0.25915951520611474,0.2591862589494391,0.25919228826470014,0.259162192376767,0.2590343500894733,
0.0,0.0,0.0,0.0,0.0,0.0,0.0,0.0,0.0,0.0,0.0,0.0,0.0,0.0,0.0,0.0,0.0,0.0,0.0,0.0,0.0,0.0,0.0,0.0,0.0,0.0,0.0,0.0,0.0,0.0,0.0,0.0,0.0,0.0,0.0,0.0,0.0,0.0,0.0,0.0,0.0,0.0,0.0,0.0,0.0,0.0,0.0,0.0,0.0,0.0,0.0,0.0,0.0,0.0,0.0,0.0,0.0,0.0,0.0,0.0,0.0,0.0,0.0,0.0,0.0,0.0,0.0,0.0,0.0,0.0,0.0,0.0,0.0,0.0,0.0,0.0,0.0,0.0,0.0,0.0,0.0,0.0,0.0,0.0,0.0,0.0,0.0,0.0,0.0,0.0,0.0,0.0,0.0,0.0,0.0,0.0,0.0,0.0,0.0,0.0,0.0,0.0,0.0,0.0,0.0,0.0,0.0,0.0,0.0,0.0,0.0,0.0,9.584803442198693E-6,3.2202056689073494E-5,2.0670557302162454E-4,2.776891883279588E-4,3.80907117952422E-4,4.1590437333174576E-4,4.6310202243829093E-4,4.4272026116022947E-4,4.347945432084165E-4,3.783897832191586E-4,3.939737664494231E-4,3.4761111300018815E-4,4.971124240446581E-4,5.202008540798476E-4,9.273484640255071E-4,0.001110173665930377,0.00157536886582584,0.0020540744891071345,0.002222980835130068,0.002236752452348653,0.002346182551947094,0.00208496561834711,0.0022200820248846785,0.0024937099586442124,0.0029893223589769953,0.0033826463080149816,0.0035836815361038935,0.004105590019621424,0.004234816252389547,0.004411547611980137,0.004422196260104145,0.004622499513227445,0.004685744996272543,0.004662891050835087,0.004881682537624595,0.005738662106823249,0.006285957586311696,0.00645198758431848,0.006858807244764469,0.0068826914173714,0.0069264222038204855,0.00693383105471598,0.006408234417007077,0.0065128845709829285,0.006569822708991583,0.00671745826067009,0.007071465345756589,0.006822225590123969,0.006995754333877183,0.007077473194368936,0.007463830840421931,0.007687878435497133,0.00782083801894565,0.0079494893693737,0.008277700989606685,0.008944656537532169,0.010430369645306735,0.010362297476560596,0.010958557765226378,0.011219109400111548,0.011244820475137531,0.011712359303152476,0.012343013542989745,0.013073665306247283,0.013630185066334925,0.013559247636337346,0.013789921124679893,0.014002181153817631,0.014884368890235896,0.015159766205347534,0.015174456464272207,0.016367349098989816,0.016561635690838232,0.01960470446388753,0.01983359378919999,0.020044690323946294,0.02129412668426537,0.022257968952385753,0.022146632551294978,0.022581134978551423,0.02361062980708431,0.02363429817877142,0.024342359463071207,0.025854588667070858,0.026953153065138093,0.027389314602388894,0.02790420435749874,0.02831929770229878,0.028983246110822022,0.02895107502158193,0.029376775878884622,0.02970931476595503,0.030443310212932232,0.030518764769863635,0.03126595130537047,0.03260798506394889,0.0336409638741868,0.03554124703685008,0.03571094677351011,0.03673628338873319,0.0381828106216682,0.03810631233145819,0.03848572898183834,0.04011686916540457,0.040408937943672715,0.040748387487843936,0.041691231334565655,0.04334569601152868,0.04438751144988232,0.044885343010242086,0.04494521093862393,0.04609428524969702,0.046091512443407465,0.04799927686678147,0.04862758374239991,0.04966149478635587,0.050540820027085064,0.051210647134635794,0.052388443457161836,0.05373978498283961,0.05393839542484396,0.05597561877389533,0.058372078834600716,0.05830483193037963,0.059807429665363204,0.05999916668493264,0.06032452607996665,0.06174843035549828,0.06298286294449235,0.06392420047660495,0.06428473731063075,0.06423738365836297,0.06471241999755625,0.06516979277679794,0.06545514956731574,0.06953899146461995,0.07134599041901982,0.07153918792859286,0.0730383434947588,0.07364692506371406,0.07364613950036424,0.07440005860362044,0.07499422116488412,0.07746572438614376,0.0798075534578744,0.08020982597389212,0.08148890387467551,0.08207181320511486,0.08298717318101857,0.08360801351951835,0.08623405910443079,0.08633009506733974,0.08672632462025776,0.08718827300046365,0.08720676657232852,0.08848336902056665,0.08832139946537526,0.08850459839274648,0.08880794402221436,0.08919985866504357,0.09008050177203127,0.0902974153191072,0.09114943298518455,0.09154825924335872,0.09214471574010913,0.09265025829527655,0.09384733005703415,0.09509582822642812,0.09681541243636256,0.09699053813603897,0.09776359052546452,0.09827453577703286,0.0992353250980524,0.09986494116294745,0.10101195037752497,0.10200426056418027,0.10193577329705665,0.1028597516403413,0.10528907301048233,0.1068225828300043,0.10937908492928801,0.10965196421188868,0.1099102759951845,0.11137084311660922,0.11171652773539886,0.11233406427602753,0.11282280362519811,0.11338324098470279,0.11399911231946044,0.11627631437656272,0.11816899211149809,0.11953917871786801,0.12034927509625172,0.12096140350747,0.12209396468215492,0.12218085516950986,0.12218037283041419,0.12243294880132967,0.12382792210217262,0.12380302860046191,0.1248890361276369,0.12526259224775813,0.12612999847776943,0.12647100212439952,0.1277081951431755,0.12808465676845546,0.13451651058615255,0.13626794580910234,0.13643992661521911,0.13699404688574665,0.13903606217140702,0.14028700161318922,0.14045257972555805,0.1412337127532452,0.1416401040927032,0.14329489065020845,0.14421263198088186,0.144550884191588,0.1444516311404911,0.14476910154447692,0.14566830990930585,0.14614734042710675,0.14620156140270418,0.14941825002659276,0.15017529155412163,0.1502042315115864,0.15081649151991144,0.1509658013492798,0.15258868469182302,0.1535150249466977,0.1540000372875325,0.15411455427576995,0.1539160032774185,0.1540071229380311,0.15535716211280998,0.1553376413539395,0.15581971838217493,0.1633489002648233,0.16341020424864747,0.16399051668055045,0.16411058037485496,0.16432318804133664,0.16516783229639062,0.16529251782766746,0.1656227370700255,0.16650991171260596,0.1666799873894166,0.16635513791069154,0.16669461440173328,0.16685698323223905,0.16708723640252168,0.16817880793449688,0.16813933758847543,0.16844746186109527,0.1705828320345279,0.17078991262750323,0.17080384840233553,0.17088803585213283,0.17229792024574953,0.17248306415655015,0.1728493138532445,0.1729526045931737,0.17420707007615724,0.17456267839565695,0.17473339001989743,0.1756819226801014,0.177746281230875,0.17787638123776203,0.17806931822452,0.17828874287446103,0.17841133903106404,0.17871545079691675,0.17779533610500994,0.17780803266620718,0.17821210196736378,0.1782009218875699,0.17845580999516916,0.17909289573024345,0.17986940561763318,0.18019056618835072,0.18048845415472542,0.1804989103970492,0.18628662664956752,0.18649298759874938,0.18748285373588697,0.1882095734738614,0.1885227393771122,0.18896073541695446,0.1888105609368363,0.19039033043188175,0.19049777809460802,0.19068321052016096,0.19071208216107083,0.19200520179352704,0.19287644688968747,0.1930106656748304,0.19362044863514055,0.19447974750566951,0.19574894506353333,0.1959554474112831,0.19655684835855933,0.19635471130196255,0.19587125665970817,0.19587676135058982,0.19612991440330801,0.19644611193509687,0.19715837713679943,0.1970334178718326,0.19712452526228044,0.19731352568840932,0.19774323188017584,0.19772495185627642,0.197788041991485,0.19821108050841196,0.1985091785892165,0.20143386852611797,0.20183301362326514,0.20224143186413002,0.20250475955702363,0.2029135896548046,0.20535444082221085,0.2054591233976528,0.2056806175733523,0.20912007695328408,0.20898782048963366,0.20970815018862857,0.21012818697384955,0.21554504402321065,0.2206094666444705,0.22147906904221196,0.22253429590650767,0.22270059447034846,0.2226273025050533,0.22291474505586342,0.22308717242203815,0.2235019743336269,0.22377314669046322,0.22394279891454044,0.22416112549283743,0.22627437459133856,0.22654258070890798,0.22645078449601805,0.22648067196668234,0.22686128504839437,0.22842761139710677,0.22849478405799256,0.23099506157876248,0.232346431455983,0.23575078650805972,0.23655259624597194,0.23693958471695675,0.23719288606467798,0.2375937907351917,0.23780327220065808,0.23794271001705408,0.2380691575135029,0.23833823955686848,0.24060468085109155,0.2394052907324226,0.24256467307212212,0.24284102369826743,0.2435071634888163,0.24371656159325109,0.24576065028135533,0.25080837405293765,0.250227134664816,0.24716299892322516,0.2472727346864895,0.2471398244330077,0.24897030527979616,0.24920018318479042,0.24937840515620574,0.24953432291722955,0.24950831234536103,0.24828760779689973,0.2484070198444652,0.24850524521977288,0.2496354092921455,0.24975592093658908,0.25002103153373956,0.25039612210979123,0.25041192795812744,0.25039738192769906,0.2504518913708055,0.250651200601142,0.25075303210298994,0.25083945028769195,0.25182774640307864,
0.0,0.0,0.0,0.0,0.0,0.0,0.0,0.0,0.0,0.0,0.0,0.0,0.0,0.0,0.0,0.0,0.0,0.0,0.0,0.0,0.0,0.0,0.0,0.0,0.0,0.0,0.0,0.0,0.0,0.0,0.0,0.0,0.0,0.0,0.0,0.0,0.0,0.0,0.0,0.0,0.0,0.0,0.0,0.0,0.0,0.0,0.0,0.0,0.0,0.0,0.0,0.0,0.0,0.0,0.0,0.0,0.0,0.0,0.0,0.0,0.0,0.0,0.0,0.0,0.0,0.0,0.0,0.0,0.0,0.0,0.0,0.0,0.0,0.0,0.0,0.0,0.0,0.0,0.0,0.0,0.0,0.0,0.0,0.0,0.0,0.0,0.0,0.0,0.0,0.0,0.0,0.0,0.0,0.0,0.0,0.0,0.0,0.0,0.0,0.0,0.0,0.0,0.0,0.0,0.0,0.0,1.4803795782209124E-6,1.4803795782209124E-6,1.4803795782209124E-6,1.4803795782209124E-6,8.334260710368635E-6,8.334260710368635E-6,3.1476940017705486E-4,3.1476940017705486E-4,3.3877773923558086E-4,3.506561152785641E-4,5.245099020559077E-4,7.817439342079924E-4,8.856293506207229E-4,9.577417547778028E-4,0.00103564519849263,0.0010700124651822922,0.0011200038564595954,0.0012344725176505872,0.0012785450947479778,0.0012989531006226656,0.0011497099783325416,0.00112889766824621,0.0012716487883461611,0.001441009065190888,0.0016697754102503251,0.0019041151596984245,0.0022979254039640056,0.0024572344577992616,0.0030368613664961937,0.0030210664155993433,0.0030283029686922246,0.0034224544523093177,0.0035401828247628494,0.0036665201587901884,0.003723289427294818,0.0038429363100778964,0.0038604589135437495,0.004158543090989216,0.00428680902697619,0.004458144456225331,0.00451357453027443,0.004645397935872678,0.004648487205728297,0.004555043028351515,0.004346338098727861,0.004395246937907451,0.004409046336481035,0.0044661129579499585,0.004502433339799288,0.004553017723001416,0.004748652946975581,0.004682403434073105,0.004850151063477903,0.00511413461740851,0.005608882320878904,0.006454897382401578,0.006408219338746357,0.0070069848658605455,0.007121447291937498,0.007547927535310657,0.00868362009425884,0.009365475180247829,0.009450407983550606,0.00991668760912474,0.010026033790810043,0.010364203338901177,0.010615784479509541,0.010559106502840261,0.010936495074447678,0.011430774529208727,0.01153941527812113,0.01302997334172038,0.013307854206971607,0.015082202660436177,0.015399937526532011,0.01620948566735908,0.016392804063873022,0.017114593754762934,0.019095199920824014,0.019987217579692906,0.020375649248418774,0.020482380284118806,0.021909880168167212,0.023418537956475395,0.02468516060277788,0.025122961770216615,0.025144197031916116,0.028148572802925254,0.02821932593878636,0.029743233525622616,0.03027372112278211,0.033099097144930124,0.03438936835103524,0.0339068776188872,0.03429621456417915,0.03631481909767429,0.03682314853540756,0.03748694944214619,0.03917112670116587,0.03967903005287322,0.041597387063289394,0.042549679914247004,0.0430595212226128,0.04365875409626304,0.04403559945640411,0.04440739046563939,0.04561427459471234,0.04580323844027563,0.04679110238583052,0.0493235590466974,0.05005324540249038,0.05097673944214671,0.05135532080083599,0.05172376640810769,0.05204978620371663,0.052725809485048576,0.05461041567939788,0.05520986272212111,0.05538394887690212,0.05621698801735619,0.057742482942925395,0.058051751415159995,0.05916750313782555,0.06080103942390303,0.062213158293570464,0.06222984818837691,0.062250208832963345,0.0639700057583661,0.06407442093983459,0.06517415584355915,0.0653427379473938,0.06546455650444598,0.0665611876041608,0.06671987945182088,0.0667680470166638,0.06797372469497333,0.06830395190140896,0.06803415757681151,0.06781211257198484,0.07020341506208085,0.0700348661658683,0.0709967158337299,0.0718552440915086,0.07258587591779399,0.07401428928433483,0.07446062857597217,0.07488680278089632,0.07466933238771824,0.07542282413575269,0.07718633996594822,0.07777377625285169,0.07825000372854969,0.07904845133875132,0.07910597862290174,0.07959436060911095,0.08042179309094483,0.0806978242903984,0.08048718407950535,0.08178169434553756,0.08337854450609433,0.08439071076206603,0.08513161767086076,0.08532727610783662,0.08758687676014346,0.08940512300128292,0.08987689947462933,0.09139030644014227,0.09223901115384431,0.09254434861756808,0.09576049515347307,0.09674864018647795,0.09810995050745658,0.10032297476494566,0.10042831227299254,0.10113889476880161,0.10196054626025361,0.10199569049053463,0.10276714810408243,0.10343248821223515,0.1043249846991802,0.10504249597229441,0.10579679935163265,0.11061193310320276,0.11132887460472728,0.1127172808854373,0.11364789532989497,0.11688951105521476,0.11705101982839496,0.11813510449699559,0.11819847774221413,0.11932208701126967,0.12025003303065128,0.1202359212167243,0.1205993111085601,0.12122698862626209,0.12118343185419234,0.1229236558088715,0.12329907234048754,0.12332534733688096,0.12387812691060218,0.12485373713030573,0.12743639503973658,0.12770499707407423,0.1282782094532955,0.12913796260623753,0.12945227284816044,0.12963105095010172,0.1302867147870415,0.13434823235804302,0.1456020225083138,0.14517320515706522,0.14528463337167763,0.14616322040877291,0.1462372921809669,0.15219495751165854,0.15364292915680983,0.1541932611659147,0.15434142856312963,0.15763151591768274,0.15773223997109273,0.1600564385733084,0.16280827748866486,0.1627940267316986,0.16347786496878677,0.16570091922585553,0.16576819744413895,0.16796970692943466,0.16738506392583113,0.16793895176405138,0.1672405534274535,0.16852379582095153,0.16901108957396946,0.169118815239572,0.1705849030705458,0.17043493979282626,0.17341713137844647,0.17400789381154283,0.17447071505836023,0.174524959971913,0.17677759925769512,0.17874880136504695,0.17889210760060453,0.18063036373985522,0.18015782651269896,0.18047751745730478,0.18110097117895643,0.18120935556504142,0.18154652350511624,0.1822655356752226,0.18290139200675265,0.18412127740659814,0.18495947513803165,0.18589643557682423,0.18793275250387184,0.18878939230315825,0.1922277846651605,0.1927046511246754,0.19269222779950285,0.19273946483627696,0.19466397272225755,0.19475359112524265,0.19473094794256646,0.19509877908650208,0.19748238212703326,0.1999444228099605,0.20248722352285414,0.2021913440252676,0.2029339331097409,0.2033036396127517,0.20425628253569433,0.20495765123152196,0.20776984876852286,0.2088941725872881,0.20955412061927714,0.2101294051575533,0.20943143083651153,0.21139225424710162,0.2123382076369785,0.215465146306203,0.21600961366358035,0.21642121164040348,0.21634810243330546,0.21696334854404273,0.21705179783348713,0.21839675205127962,0.21862784918829478,0.2193059844706406,0.21954011651387761,0.2195349053284865,0.21950196353384024,0.22056804738155403,0.22075570507141964,0.22114738975214157,0.22137317660596795,0.2213295196549674,0.2204855599020199,0.22055050043906263,0.2207105781851274,0.22393025096114808,0.2239849205769164,0.22480220437563084,0.2256676066322817,0.22569743721884464,0.22547113279980446,0.22619018106072758,0.22962820131216224,0.22978195917543762,0.229847726537846,0.23005640146809328,0.23068452490401756,0.23162387860129302,0.23223467218607208,0.23232451933871234,0.2323596172723681,0.2324235602808909,0.2324765556447376,0.23162709534126763,0.23174972546580674,0.23477651999317134,0.2349995750029399,0.23547359369836154,0.23555448293593706,0.23776321341316053,0.237782540920668,0.23816077262580718,0.23816410043788225,0.23846636476670668,0.2393312052470751,0.23949398931548962,0.23976950696289073,0.2397923454012393,0.24012643715826953,0.24013609278742437,0.2401163624635153,0.24062138077915415,0.23993049998416324,0.2400597256444418,0.2407279555684285,0.24215170055735974,0.24221440633680688,0.2425933528599963,0.24289660786521142,0.2430659547257908,0.24306016631756125,0.24308090345920372,0.24311725314570384,0.2429818568720887,0.2425307404954446,0.2429129993430473,0.24299796823120928,0.24318992246612647,0.24314378728559885,0.2430700768927363,0.2430890890617388,0.24200100672071836,0.24225264833851784,0.2420159571971692,0.24179052371304632,0.2416586057037594,0.24128385243713296,0.24186163858586862,0.2418845377315987,0.2424315251208733,0.24243241481782143,0.24237574299318618,0.24230308849728577,0.24254519192978477,0.24257116117539393,0.24287412609277426,0.24289027525066526,0.24396750178773038,0.24408113488536134,0.24406567555726072,0.2441481832843724,0.24415570051870317,0.24416506812182534,0.24457458973532156,0.24462268558164624,0.24463649931250697,0.2446776255332247,0.24520792330968363,0.24521472302263367,0.2457899672484249,0.24608898325761552,0.2464306803651017,0.24812869481649075,0.2484738035088416,0.24851788902232538,0.2492882361747026,0.24932395071251304,0.24933051461023897,0.24945602995126342,0.249572437553298,0.2497037800905232,
0.0,0.0,0.0,0.0,0.0,0.0,0.0,0.0,0.0,0.0,0.0,0.0,0.0,0.0,0.0,0.0,0.0,0.0,0.0,0.0,0.0,0.0,0.0,0.0,0.0,0.0,0.0,0.0,0.0,0.0,0.0,0.0,0.0,0.0,0.0,0.0,0.0,0.0,0.0,0.0,0.0,0.0,0.0,0.0,0.0,0.0,0.0,0.0,0.0,0.0,0.0,0.0,0.0,0.0,0.0,0.0,0.0,0.0,0.0,0.0,0.0,0.0,0.0,0.0,0.0,0.0,0.0,0.0,0.0,0.0,0.0,0.0,0.0,0.0,0.0,0.0,0.0,0.0,0.0,0.0,0.0,0.0,0.0,0.0,0.0,0.0,0.0,0.0,0.0,0.0,0.0,0.0,0.0,0.0,0.0,0.0,0.0,0.0,0.0,0.0,0.0,0.0,0.0,0.0,0.0,0.0,0.0,0.0,0.0,0.0,0.0,0.0,0.0,0.0,0.0,0.0,2.65617293996865E-6,2.65617293996865E-6,1.3890000205114536E-5,5.827836192392791E-5,1.1586996938036721E-4,1.4892108006693593E-4,1.7130864115826814E-4,2.397681736377962E-4,2.99039458697931E-4,3.055234479966678E-4,5.827159698670863E-4,5.806666721393473E-4,5.13299327862915E-4,5.723632866043445E-4,8.483715035891388E-4,9.224373896966169E-4,9.790585320971074E-4,0.0011167268642881375,0.0017078152227406876,0.0020630278961474486,0.0024429760038814285,0.002436042615452058,0.0028175704623992544,0.002807673842597955,0.00321863994680055,0.0032959083392074683,0.0036796569470521623,0.004702412979601796,0.005122292841199184,0.005154436169135008,0.005963979612994626,0.0061709538196865164,0.006439410131385673,0.006571414537530464,0.00685290136595411,0.007547800091722036,0.007775296162525997,0.00826102065406297,0.008300957053102893,0.00804616798443926,0.008091084044588458,0.008231565954188795,0.0085729795805552,0.008604472181914366,0.008584690567963777,0.009187468103934537,0.009636241565522024,0.010498325165447036,0.010581432507542076,0.010879307776885899,0.011695925735311889,0.011746184437811984,0.011992214992271029,0.012574851031651933,0.013986129133017888,0.014126845587013891,0.014781670131697124,0.015015252804746474,0.015573037700842328,0.015163762288317272,0.016396575237637753,0.01636740457942835,0.016428194284563723,0.017130497840909895,0.017194164031642235,0.017700908905057502,0.0182785305710204,0.01840841996742587,0.018713419858645674,0.018607702521500687,0.018676250672748664,0.01828569897958429,0.018325098906342704,0.019001654341566403,0.019183205648339755,0.020390252415575186,0.021058508481898643,0.0212968284159622,0.02114511677287871,0.021672093476904734,0.022368008766761704,0.02241129884192529,0.024155527957106574,0.024544289100889623,0.025184381859546783,0.025608888007140947,0.027261139164797648,0.027160951023774974,0.028516328213952124,0.028361370046078728,0.028066445569474213,0.02816323043047362,0.030303510478667486,0.030367456047444594,0.03040214792208017,0.03109961676721507,0.03178757814230801,0.032098515232114315,0.03389901608369083,0.033964968413731034,0.034857104532461824,0.03578571366186083,0.03624805150422821,0.03549736171926259,0.03557125604146933,0.03542382225648234,0.036752912571231006,0.037908290256517194,0.03785216007579725,0.037920163136287544,0.03897262167261769,0.039059342883851815,0.03937595353842313,0.040346141777602394,0.04072175446617553,0.041611809861213975,0.04225461023302088,0.04241032589524396,0.04354711015977922,0.044542525973407014,0.04532895229626064,0.04564513847648292,0.04599950376273444,0.046104132471626036,0.045976557962353184,0.04628083022306524,0.04766077999993056,0.0479631423797601,0.04900492785071081,0.04884222744307985,0.0502440004286595,0.0505038028577967,0.053462022982000264,0.05458285721899358,0.0553078030241845,0.056730237782266775,0.05706988928936523,0.058608507349822814,0.05867968885620026,0.059400958521971726,0.0629074606615381,0.06361848450880378,0.06454414035268814,0.0658174263127876,0.06676359377168557,0.0664486092499959,0.06798530547735598,0.06932374085777132,0.07035619537263774,0.07359142334671658,0.07778153791458062,0.0782021531897069,0.07866146002899524,0.08077731148263081,0.08475040204030136,0.08591811596484202,0.0878891884562205,0.08841407278468513,0.08846486308679304,0.08933585462193755,0.09001519639980542,0.09105150856935068,0.0921985701980256,0.09471507868593934,0.09531850507709641,0.0953815879660839,0.09631146529846132,0.09736633543388262,0.09812952766493667,0.09976611976376554,0.09805492936964322,0.09983084517214526,0.10181059299148187,0.1016393130436813,0.10445031924822679,0.10458433506481737,0.10553261347464836,0.10583981104848272,0.10880958760195376,0.11255879951744623,0.11283261449888157,0.11423356174822795,0.11487001002240868,0.11558354099965858,0.11577268418510202,0.11752138553627266,0.11808734558424956,0.11837641583554043,0.11839806112446967,0.11892701524656266,0.11969537202563646,0.12159864698713835,0.12151734308389124,0.12262661706500244,0.12495702456832138,0.12620353857802385,0.12720824423814212,0.12730152098925862,0.12763388794781963,0.1282478018091092,0.12829282878022613,0.12833783818500472,0.12863381332875506,0.12983469447331628,0.1298374210269552,0.1304610919587719,0.1308865446324226,0.13432416642829462,0.13436207234038056,0.13550395023323916,0.13621498981356783,0.13628857633210503,0.13659594409903633,0.13800996209539337,0.14625386240391394,0.14663999192566698,0.14709945310541228,0.1481201208848678,0.14705864548362554,0.1474697912530577,0.14772024516131482,0.14839097567875995,0.14980168797840515,0.15138947210049647,0.15143569891296962,0.15248098655825665,0.15544265615919176,0.15580256342212495,0.15668185417260028,0.15848317904282166,0.16009490044484534,0.16011843942246373,0.16063412708199726,0.1616425621911928,0.162712919103494,0.1644665304472091,0.16494842190290887,0.1656392471466357,0.16584740230254255,0.1698699565597764,0.1700772999086173,0.17125553547716366,0.1712798850848991,0.17208443213520386,0.17313158795974476,0.17441186937519704,0.1754316609494728,0.17844744859262998,0.17940054272965372,0.18100050803883383,0.18180167961408406,0.1818756525720103,0.18208137137142077,0.18245743555767596,0.1829475080211899,0.18574222440091137,0.18719381966851095,0.18720662408225125,0.1905235991322695,0.19080590414806484,0.19255842894395006,0.19273659307002164,0.19226826038313888,0.19265624467629835,0.19372153329021435,0.19397187751153908,0.19513636810492788,0.19561300596693093,0.19529687384271657,0.1960254491397386,0.19709736687109783,0.19809142695448642,0.19895900960030494,0.1990290096378736,0.19944564815485177,0.19890659142181283,0.1993868810377348,0.19947971663596284,0.19974385206865242,0.20168472955599057,0.20184860916619904,0.20187763335962144,0.2019770385439803,0.20211647153428886,0.20297816971820323,0.20294016326466538,0.20341703396741878,0.2041294408759787,0.2046504093052344,0.20583389474853084,0.20633968301004132,0.2072959416362072,0.20718185087561994,0.20680213236926184,0.20675726124585966,0.20696705615377578,0.20684570664323135,0.20798332807371894,0.2088602368671915,0.20899773705291172,0.2102925371166147,0.21098136249957128,0.21109237248006968,0.21159190709458572,0.21277083214318962,0.21648548445498475,0.21647271277677999,0.21688330422921562,0.21702314100175665,0.21716585076406372,0.21761051006499557,0.21763858694849844,0.2183385703994347,0.218389701069541,0.21842350361221846,0.21999216560918197,0.22066582495638062,0.2233793945748175,0.22459093978163228,0.22489984839977806,0.22495379696351614,0.22501235817035073,0.2250517105047237,0.23046978462739265,0.2342910472785854,0.23571344689127646,0.23875228513361096,0.23807503902278468,0.23863517089641786,0.23874721136377397,0.23766746644518066,0.23969220010779724,0.2411102229676786,0.2454225178730304,0.24551552652635233,0.24206353614728307,0.24038952039363573,0.23942610370949916,0.23953297468718787,0.23996780018701808,0.2410324903544577,0.24041232988644534,0.2404793346788757,0.24259379140572257,0.2428943010864466,0.2433607515236445,0.24339473251976676,0.2436016813021227,0.2439718840781168,0.24420516843321113,0.24416207662079206,0.2443122252633309,0.24454726510104943,0.2445522741044274,0.24313277377827677,0.24344415386890614,0.24441225997835375,0.2444215916196604,0.24470677783589306,0.244760342541577,0.2449149692770876,0.24573968912025382,0.24573517116364468,0.24590552000872484,0.24598966783186915,0.24598273281559466,0.24646615487501017,0.24653921603191245,0.24668619580809212,0.24659842148094946,0.24706097179301412,0.24701891119951497,0.24704377497028304,0.2470413647952804,0.24698868689179546,0.24708282926354383,0.24756736018097558,0.24761226688994883,0.2483965119929379,0.24858839932821686,0.2495791698138402,0.2496820791486612,0.24991202170810162,0.24935444353768085,
0.0,0.0,0.0,0.0,0.0,0.0,0.0,0.0,0.0,0.0,0.0,0.0,0.0,0.0,0.0,0.0,0.0,0.0,0.0,0.0,0.0,0.0,0.0,0.0,0.0,0.0,0.0,0.0,0.0,0.0,0.0,0.0,0.0,0.0,0.0,0.0,0.0,0.0,0.0,0.0,0.0,0.0,0.0,0.0,0.0,0.0,0.0,0.0,0.0,0.0,0.0,0.0,0.0,0.0,0.0,0.0,0.0,0.0,0.0,0.0,0.0,0.0,0.0,0.0,0.0,0.0,0.0,0.0,0.0,0.0,0.0,0.0,0.0,3.6790356781434127E-6,3.680785210644155E-6,1.3763119512400372E-6,1.3763119512400372E-6,0.0,0.0,5.1622867443998604E-5,5.162286744399862E-5,1.7243976613741014E-4,2.3435378772138513E-4,4.963315499025386E-4,5.541368571225772E-4,5.766369684639614E-4,6.005046704727261E-4,6.008355339208706E-4,5.855389570729491E-4,5.015596373816369E-4,4.041437917415631E-4,8.178627606132788E-4,0.0020135157087123167,0.0020195084300992008,0.0026629965417913773,0.0026629453014118875,0.0022750872286763572,0.0025977017295455646,0.0027961000262292117,0.0031005044082755943,0.004174587707852727,0.005817356942105276,0.005316166846152434,0.006030877605326796,0.006464791940076925,0.008195853842428496,0.008388928105004903,0.008468220936127726,0.009359698848215754,0.009584421794999444,0.009460697872849895,0.011423811920037118,0.010868876876918256,0.010957123645591926,0.011105251726438786,0.01100695255989362,0.011153418301720048,0.01134502375649446,0.011481267689439151,0.011429866080373783,0.012516316582969773,0.014377672021297722,0.015195147169682677,0.016023032712017583,0.015970951633725958,0.017254652268176972,0.017375044751112928,0.017544959533708063,0.017328843691621246,0.01767620662898951,0.018230978714624004,0.019122646124055467,0.01892129849138377,0.019515106525884417,0.0191603160310255,0.020231276746872785,0.02056309317230501,0.020893764132175384,0.0222464489977504,0.022336084749546955,0.024110169279088534,0.024425417729217712,0.02523038025871506,0.025659548597955783,0.024775459947747745,0.023169325462287095,0.02467386299126624,0.02567967977060493,0.026168070706078926,0.026704903119024126,0.02871803552754028,0.028989634683262044,0.02850625871039003,0.029273206418450423,0.02988981013661049,0.0311123183929991,0.03255776678702277,0.030480248681177654,0.03362617843700339,0.036190926767976854,0.036979571997533975,0.03795024095046654,0.041073291640668134,0.041042352846722474,0.04194292696337098,0.04359785908470803,0.044418146617502006,0.04488223165220024,0.045545312021884166,0.047030330488596755,0.049411394310115334,0.050075867283557084,0.05078110706932781,0.05122739267749056,0.05530604268316787,0.05593724076801954,0.05752749499845247,0.05819980261204335,0.05924283103508182,0.06364426898618201,0.06781564293578189,0.069441424120056,0.06974922472869619,0.07292660802521526,0.07256015124379299,0.07343278442257557,0.07899319258079142,0.08090534467167923,0.08155572395990199,0.08231528423099974,0.08234219854594818,0.08237732026662084,0.08217094862722635,0.08298162786289132,0.08447506171912145,0.08465011296961732,0.08565693404775468,0.08570560625025023,0.08646986462717622,0.08658314334974408,0.08740150451278918,0.08894217610707142,0.08959411150190504,0.09237567290131475,0.0929451907177503,0.09560523658886134,0.09666130901444463,0.09648275706332017,0.09722952982572541,0.09903981269829286,0.09962163255489923,0.10032780262533966,0.10045593877011376,0.101155422138154,0.10167588329552503,0.10142445278136525,0.10186719628756456,0.10328691591739517,0.10379252649962371,0.10429392184581457,0.1059669973246033,0.10658133775702983,0.10760285052568874,0.10763403480864783,0.10852971356189942,0.10960260603384635,0.10989588418923914,0.10979652605791076,0.11029966025750722,0.1104983337296886,0.11047167942769208,0.1104378987953886,0.11090347335425486,0.11208219044682105,0.11237111837729914,0.11227764480291536,0.11333114714448608,0.11364578520080834,0.11442842018461001,0.1141860468933698,0.1143526237098749,0.11429208005200679,0.1143441706584155,0.1143303246963879,0.11399199416819585,0.1143920772480474,0.11396067682900879,0.11420787997545861,0.1143294099543507,0.1154653891200602,0.1161507031543642,0.1170735562290922,0.1175684305175583,0.117884758312586,0.11912615069710983,0.11951822378867077,0.12118147252780351,0.12124055167426606,0.12537692142513626,0.1261359182763986,0.12705625188679412,0.13036492231592212,0.1331784671059303,0.13331549385676467,0.13348331037154518,0.13389315480989325,0.13448882589797972,0.1347432809300206,0.1359304495661258,0.13608824964264382,0.13611866475257922,0.1364265134263841,0.13705768076202865,0.13721717538163533,0.13740610347359047,0.13922244146371424,0.13977002412426717,0.13986871881493104,0.13982448940969022,0.139925976925728,0.14042806476005582,0.14046710588156824,0.1410467480511251,0.14105665643613507,0.14074524083191403,0.14149419537471988,0.141920705361373,0.14322492016411262,0.14345260122618372,0.1436665763070674,0.14516650202876433,0.1453667239615255,0.14536144608692295,0.1454225600486243,0.14683656392234734,0.14964814126070689,0.15092974333399395,0.15143730316902562,0.15223844351030497,0.1522405236042668,0.15227379236496238,0.1524918494066417,0.15472390064145747,0.15714724975244254,0.15731399218170827,0.15785933547238565,0.15909142018320657,0.15985225686492008,0.16022103874087826,0.161175794078741,0.1615289978761654,0.16317170342169346,0.1634130811356674,0.1672912893512787,0.16707422490029758,0.1670978817550225,0.1670817614879372,0.16600066629482127,0.16781044482952373,0.16796987319931128,0.1694147079768043,0.17049104095699785,0.1704873663461884,0.17028735933777295,0.1703400133384958,0.17173401175095435,0.1722297368963457,0.1748786458210413,0.17517489355191831,0.17578714834812068,0.17653950023091636,0.17722763712349424,0.17838902808557042,0.1786900505423702,0.1791668522575808,0.17961123109984545,0.1796034629331203,0.18078072258549074,0.18149618369623,0.18176736214027944,0.18223970258998118,0.18273357275172394,0.1832413273801547,0.18350483322589606,0.18355161095583322,0.1873215830580965,0.187862093862892,0.18675600529741604,0.1888109889962063,0.1883022124570303,0.1889076565103074,0.18982162225439345,0.19357360879460275,0.19548127789255595,0.20158957012769457,0.2015570060373052,0.20171551337961716,0.20419016653361832,0.20525523598831513,0.20690274225075267,0.20728006479178743,0.207496884682888,0.20796822245240135,0.20831467011501612,0.20854554400716496,0.21184839663786503,0.211735566515392,0.21277026744756816,0.2139081531775726,0.21392096403621305,0.21568965152551678,0.2159417057912631,0.21660359801962248,0.21787530774450398,0.21885820277356105,0.21984914457450774,0.22012346898329338,0.22835074734440464,0.22749454118496745,0.23257775855897675,0.2314771640525115,0.2327517913448727,0.23307896158023117,0.23328409551318646,0.23363672991709547,0.23619889791696183,0.23652450491815274,0.23955812204153137,0.2378444722421932,0.23852904596111035,0.24340345197544494,0.24442800798714556,0.24446856514097978,0.2444902135437637,0.24455375801560725,0.24472964891062804,0.2454508065187841,0.24555153440501523,0.24491428954067562,0.24526495907864201,0.24555046141842587,0.2457187744442355,0.24628485886907392,0.24632492766928848,0.24630804061199688,0.2454830157808283,0.2456313522803892,0.24602776369834808,0.24631446757927267,0.24562000709524692,0.24563673823800397,0.24602233625261322,0.24608184730186222,0.24440951129282038,0.24466623699267098,0.24663820933588385,0.24789859669501066,0.24762461313552442,0.24773039833220029,0.2477846911961345,0.24789574473322254,0.24805493611445706,0.2476790347843996,0.2470684010795406,0.2469984779538619,0.24667120917811494,0.24667570292630442,0.24728536581589983,0.24879345461282928,0.2499269054336275,0.25040791498130616,0.2500682559056151,0.25027441445664333,0.25106471366462546,0.25107859823484735,0.2512896373387608,0.2511260972442931,0.2511319814650617,0.25114635921608874,0.2512134796074981,0.25083515284777663,0.25231883713686226,0.2524676669703237,0.25732844754600775,0.257366237349841,0.25750710147400924,0.25778461522972373,0.2577957142909822,0.2581498542100191,0.25821386346859826,0.25830368142943516,0.25793729169088125,0.2608076650506528,0.2608006204563733,0.26103412556657807,0.26105471879415043,0.2610547370603575,0.2577798149069742,0.25753453666057236,0.2579722624872204,0.2579765161674936,0.2594339635941205,0.25978413494119995,0.260322312984409,0.2604279487849402,0.26057368762790073,0.2606336111000011,0.260757048055847,0.2606746696966851,0.2607650304723061,0.26101141778843384,0.2611139547495324,0.2612366309063856,0.26126172143379595,0.2612966644941805,0.2613366815610642,0.2618112789798284,0.2618028159638583,0.26235280845957043,0.2625404315273835,0.262379663326639,0.2622786957149828,0.2619065958749221,0.2619294828978079,0.26193110939677383,0.2619654442959815,0.26197015889923847,0.26198030859065935,0.2630447108342678,0.26310928459213906,0.26318659853355475,0.26363705858344527,0.2637037041808929,0.26374490414928,0.2638091191794247,0.2638096008604266,0.2639420288072532,0.26388759862060507,0.2618364819971898,0.26201863898925687,
0.0,0.0,0.0,0.0,0.0,0.0,0.0,0.0,0.0,0.0,0.0,0.0,0.0,0.0,0.0,0.0,0.0,0.0,0.0,0.0,0.0,0.0,0.0,0.0,0.0,0.0,0.0,0.0,0.0,0.0,0.0,0.0,0.0,0.0,0.0,0.0,0.0,0.0,0.0,0.0,0.0,0.0,0.0,0.0,0.0,0.0,0.0,0.0,0.0,0.0,0.0,0.0,0.0,0.0,0.0,0.0,0.0,0.0,0.0,0.0,0.0,0.0,0.0,0.0,0.0,0.0,0.0,0.0,0.0,0.0,0.0,0.0,0.0,0.0,0.0,0.0,0.0,0.0,0.0,0.0,0.0,0.0,0.0,0.0,1.8698350226274545E-5,1.3603257049896286E-4,1.5562059430377425E-4,1.6094356757905714E-4,1.6493477830992223E-4,1.670186632763275E-4,2.6409952182218736E-4,2.1238307777056428E-4,3.162383899664855E-4,4.999544661025194E-4,5.774812973828226E-4,9.023042096521753E-4,0.0013756772658608922,0.00218484287365445,0.002464171552858416,0.0028183758946315296,0.0030327074673168683,0.003178010587538465,0.0033592642209494617,0.003766208787559478,0.003929783955260288,0.0038156991399310404,0.0042602926010813745,0.00502648139335268,0.005550718289568048,0.005896719961608445,0.006016036029335832,0.006365588445808851,0.006779780811157299,0.007054888790777237,0.007117162853932722,0.007653657444815817,0.008180924072375102,0.00847503903870664,0.009563897359652648,0.009609359473128617,0.009969823100014668,0.010992922391995168,0.011332972455160012,0.011604471057716744,0.011982909535231626,0.01235963438964536,0.012688373238750767,0.012619508489719449,0.012837341968225542,0.012941291149499006,0.013680167523722139,0.014017336202276735,0.014855974205243568,0.013870805338702202,0.013457604390068711,0.016058850230987878,0.016507365630586666,0.01789733344967328,0.018585770469480716,0.019207249037181868,0.019730881302260927,0.02099053158298384,0.02449750639288398,0.027095823528107885,0.02740800297562024,0.029675628146026183,0.029162949544984558,0.028567349318370884,0.029390956007358436,0.030069221741494005,0.030216492977302875,0.0311444350022457,0.03118997086797369,0.0314767738406857,0.03205872209703303,0.03310892561357634,0.03342350907970717,0.03295141114661198,0.03319799478498151,0.033756098386563585,0.03544530683931992,0.03593053278006892,0.036198364179209984,0.037026114921541634,0.03736373334728479,0.03758709460200931,0.03850730507518459,0.03872146154416161,0.0390809061757243,0.03947176174160933,0.03899310297254077,0.03977776779575041,0.039382873649204654,0.03936593897221356,0.03977830180102566,0.0399740429756855,0.04013897860213506,0.041441248612818546,0.0425913130765644,0.04356121209911615,0.04388760282767042,0.04461903701407574,0.04538835928286035,0.04524698884639812,0.0448597018003745,0.044382927985736724,0.047331396860975365,0.04787486374528065,0.051396093083205634,0.05362929009444009,0.05364549559880438,0.05798184746032743,0.05811473564638808,0.058836958510753615,0.05846005589782112,0.05888656433643894,0.05949922891552223,0.06002645849396138,0.06292713759654417,0.06307188979610973,0.06369321950471041,0.06269580788131772,0.06339674129665979,0.06500491058730552,0.0658723092739341,0.06627555554641194,0.06722245044061435,0.06956698626921874,0.07002190887493434,0.07008933428413802,0.07145763699316246,0.07140175017812392,0.07150199752640547,0.07425364883804168,0.0745518949777395,0.07487441323260167,0.07558385498918037,0.07735158825261057,0.07756396332450673,0.07941202153717877,0.07901290997885616,0.07955896837344079,0.07996616427500912,0.08198799156106976,0.08387897169654315,0.08411804902167536,0.0853456397869627,0.09188684830242302,0.09455007269482121,0.09536615905136736,0.09681150600045754,0.09814710319616912,0.10054577427683595,0.10059705411510367,0.10080087064437199,0.10149742653811973,0.10513841280786208,0.10520936676816064,0.10634154567222746,0.10664277928649311,0.10875889194367798,0.11199965465647704,0.11216232693176519,0.11255075425756593,0.11316783266326064,0.11573823923990688,0.11722521644353984,0.11797596983359061,0.11804224941234522,0.12106872427296342,0.12175039956218402,0.12495238788731433,0.1250987750338346,0.12554257476874361,0.12808177987969188,0.12840205569287982,0.12914975499490072,0.12973840322969193,0.130620419168164,0.1316039276332937,0.13151970703762536,0.13172447136918278,0.13200274296709294,0.13193077445734644,0.13179694351853782,0.13198822984008632,0.13362725380472298,0.13372989678328867,0.13471884652557944,0.14448157946398432,0.1447139761352855,0.14526309609108146,0.14604313106264666,0.14677844535246085,0.1481287588215835,0.14829625470428917,0.14838778800860458,0.14921274592859757,0.14921348925845815,0.15008466994411812,0.15273758651738323,0.1535373448901475,0.15530214031486267,0.15684897441031526,0.15767898680539003,0.1587549745556214,0.16105912233235123,0.16563746703083906,0.1659223267929805,0.16518558260861235,0.16608867774952585,0.16645602166439705,0.16695425578250506,0.17035855968748265,0.171983194488416,0.1731647709142878,0.17341218677450895,0.17528111547402836,0.17583083780722852,0.1772104196458008,0.1776195497812587,0.1769489086400458,0.17862887129193467,0.1780204802733622,0.1782082972364891,0.18775640992333784,0.18785325096217234,0.1878812613481815,0.18832115714243208,0.18833544007885933,0.1934823475875598,0.1950026299028272,0.19574304712539936,0.19600225681429928,0.1996634088942547,0.20518808754984294,0.20513339846169593,0.20592559255022236,0.20910843911894564,0.20966785070300129,0.20985405207046282,0.210021866740233,0.2109785679511925,0.21393669446133462,0.21533724950559963,0.21538363560033716,0.216296483572426,0.21744461011224517,0.21799999762509387,0.21843363285162462,0.21865765601394985,0.2193418448724913,0.21952502743879396,0.21956502453160942,0.220070717694814,0.22190735201930373,0.22186402673263547,0.22216106200918517,0.22196600082428353,0.22202348637514077,0.22122467591040917,0.2211037619468367,0.22112516110242006,0.221250482789618,0.2216018478847497,0.22163432014207343,0.22407388537758086,0.2246717456282586,0.22515648416398626,0.22524392096759613,0.2256030309639507,0.22255434554501888,0.2231034453860802,0.22319903986702516,0.22332062953047996,0.2248754417557051,0.2243366457016102,0.22484368159030324,0.2248546444807541,0.225279658943644,0.22483890781246205,0.2249350313299496,0.22495932229074295,0.22334363815599084,0.22353306113705818,0.22431879910884897,0.22434099484784828,0.2243225474180166,0.22499691215964887,0.22501736574641937,0.22500675735172787,0.22535504016950675,0.22555644205752773,0.22590248885793182,0.22604266650876903,0.22659796293277118,0.2269677425062953,0.22753958601469132,0.22768591548243647,0.2278909797788965,0.22875700388120238,0.22890331508475908,0.23252513385177806,0.2325708136136158,0.23269432896437503,0.2326947290711251,0.23428495903432522,0.23439846026269703,0.2361147967193632,0.23616486470823728,0.23613122049854335,0.23652246456916715,0.23658779131647042,0.236332508683585,0.23633520886192141,0.23658340198444894,0.23657062286632613,0.23667761592694164,0.23690408521150919,0.23986595435868546,0.24003862062381576,0.24006102141227084,0.23974880355826483,0.23977394792683723,0.240493190016187,0.24263648105345698,0.24362666438291716,0.2433590094308784,0.24377476008060794,0.2438511055434668,0.24382564736908138,0.2442657869824436,0.24424158351744657,0.241205448619615,0.24142050248644153,0.24198327804154984,0.24217838155187824,0.24220364296044303,0.24247838650633968,0.2425334210239116,0.24293483326191234,0.2429666867523405,0.24306025037993154,0.2431907116882506,0.24323927708022117,0.2434479981227584,0.24380383999651542,0.2424738420968239,0.24294028955348715,0.2435422256324501,0.24355834691468448,0.2461210178446735,0.24617790619911284,0.24631854387668775,0.24635806386926976,0.24643059546740753,0.24679127467832257,0.24703594255277728,0.2489525303451303,0.2475320238913339,0.2475625158958585,0.2475763727473245,0.24964851215964326,0.2508278201199377,0.25111224718290187,0.25193821323185545,0.2521778896760549,0.2530803599538771,0.2533577123008311,0.25280692017987594,0.2536020227436852,0.2531928297130325,0.2535583106801727,0.2535555962756479,0.2522234409903506,0.25225228590191684,0.25229373940104777,0.252362273240388,0.2523554280312247,0.2522384756330396,0.2545002029782689,0.25456294082842035,0.25505448099440703,0.2550334903676192,0.2549626366469764,0.25508300388752336,0.25513930014340086,0.254606266277611,0.2548088992050952,0.25482633474887173,0.25491937927981395,0.255119275895051,0.25521906977762165,0.25781651750236834,0.2582734025590188,0.25857802486836695,0.2592686110070983,0.2596948912297759,0.26321686456937365,0.26313971815936993,0.2633853812374625,0.2634105519357567,0.26334980017809195,0.263398511386712,0.263398329102077,0.2666506191648863,0.266202707626261,0.26624550751266557,0.2666095487333147,0.26665720870896686,0.26682238722953106,0.26688252248199973,0.26689667354797664,0.2672356595138168,0.2637194000951461,0.26579679529074746,0.26594581852712706,0.2660640195238445,0.2660725030779896,0.2661637716596495,
0.0,0.0,0.0,0.0,0.0,0.0,0.0,0.0,0.0,0.0,0.0,0.0,0.0,0.0,0.0,0.0,0.0,0.0,0.0,0.0,0.0,0.0,0.0,0.0,0.0,0.0,0.0,0.0,0.0,0.0,0.0,0.0,0.0,0.0,0.0,0.0,0.0,0.0,0.0,0.0,0.0,0.0,0.0,0.0,0.0,0.0,0.0,0.0,0.0,0.0,0.0,1.3415418391353826E-5,1.3415418391353826E-5,1.3415418391353826E-5,1.3415418391353826E-5,1.3415418391353826E-5,1.3415418391353826E-5,5.9808286213793294E-5,5.9808286213793294E-5,5.9808286213793294E-5,6.282083402725775E-5,6.277945681899689E-5,4.8266197374870417E-5,4.715723711849754E-5,4.5674663266399516E-5,9.091745623166783E-5,9.091745623166783E-5,9.394240036571126E-5,1.2013217729596972E-4,3.9106313021766156E-4,4.414898403542203E-4,4.8668837661883636E-4,5.54361741486929E-4,6.53875140747652E-4,6.757332114362566E-4,7.152921441675195E-4,7.290159166943083E-4,7.282745268815975E-4,7.211913339303468E-4,7.332577631423741E-4,7.15021955048018E-4,6.579143864011962E-4,7.577871760398498E-4,9.105410628577499E-4,9.384729116942407E-4,9.476007183595421E-4,0.0010373104498518895,0.0010346016094929973,8.754493374583406E-4,8.491508717824173E-4,8.901818099551885E-4,8.06427552135998E-4,8.271773375171008E-4,8.830298966287454E-4,8.295871464991292E-4,7.671411087475573E-4,8.387817798299685E-4,7.939013140961056E-4,9.470436681568285E-4,0.0019865595078531226,0.0021878204062861827,0.0030977890064000546,0.005432195586809313,0.006911003288907244,0.007002060420229044,0.0072286674582388265,0.007438845949203845,0.007806499752599706,0.007965973575180809,0.008237218110093186,0.00807973863046485,0.008179937382205056,0.008449433318272899,0.00855727360061309,0.008553085635356748,0.00858943708171247,0.008679585228383798,0.008872893200988188,0.008928869569054294,0.009104875919979914,0.009538965994756588,0.00964541411566541,0.009339499579872073,0.009423229670700393,0.00940759154433492,0.009458112966623765,0.009587500503498332,0.009599719116360098,0.00948327681438705,0.010269421528375122,0.011768501674459505,0.012177217568744566,0.01501240125594105,0.015381602263584983,0.016647496525801993,0.016903035483724124,0.017211515594190385,0.018247919240853675,0.02167740410666026,0.02236096734612784,0.02308873186528569,0.023910787334665944,0.02571167048104204,0.02551545888695918,0.028002220940415646,0.029435048599332925,0.02924735295719094,0.030824272203327993,0.03316883008170839,0.03357245502881567,0.034449859182162104,0.03434796281432997,0.0346501901329783,0.03577117655785102,0.035940223350820776,0.036701160121275216,0.03682604206391213,0.03720394403020268,0.03794072316282492,0.038216084090904046,0.03844104582196244,0.0386338538637899,0.03893668019951053,0.0390094112389069,0.038891504823830095,0.03921877179029761,0.03923343737880823,0.03903149591035291,0.0387998957420629,0.03907824785430173,0.04015355700204741,0.04096276015872583,0.04172793084774413,0.04111274874826905,0.04229685949712136,0.042602958655330855,0.04354724967580012,0.044280011155544294,0.04428848321796965,0.044750752772546115,0.045035705601834036,0.04622787569552852,0.04667013145150953,0.04916841023792381,0.04932309470081948,0.04998943617890183,0.050635938432448485,0.051157271005548476,0.051890741177316645,0.05334951262988182,0.05372993745451819,0.054113471372197415,0.05535862069305342,0.057063851817126185,0.05862028587630737,0.05956355024559473,0.06013553686718611,0.0603456512847936,0.06161936964675634,0.06216330390568733,0.0622584384201652,0.06290201340952334,0.0635933051964347,0.06365166206973669,0.06345841652252865,0.06428431567754499,0.06495704236291433,0.06618565835501915,0.06626298817988421,0.06592294431829761,0.06645649245013117,0.06639197239248697,0.06779315055103942,0.06787007666988823,0.06776755315429749,0.06941576572981766,0.06890155155093064,0.07094443027689715,0.07139365928409183,0.07282856638371296,0.07260497925279775,0.07273808934636357,0.07292370020088716,0.07369675363752691,0.07660966472643685,0.07828433124559298,0.08029993429318501,0.08015339467772356,0.08072532852619461,0.08260771294392957,0.08310479572348928,0.08386053132362345,0.08519402710473706,0.0869113501331403,0.08871392714401302,0.09072425411801491,0.09277974228544239,0.09314282466210366,0.09467793287839174,0.0971534269374581,0.09864299102492728,0.09830768848834377,0.09859923887632108,0.10017882655083553,0.10058073162297826,0.0993116568971872,0.10025737614892541,0.10043988843459915,0.10205723059845663,0.1030766029084479,0.10318813409916748,0.10371961070686386,0.10370908862201735,0.1041362989882295,0.10423552622556286,0.10683468557672199,0.10714783576916181,0.10911402084086737,0.10951792667413346,0.11019428965259517,0.11023297568062768,0.11043241758518821,0.11127507668041262,0.11239405463979878,0.11252880453964087,0.1126547177910695,0.11380570355466818,0.11568789199094082,0.11711149942133826,0.11807875570531215,0.11839804828109637,0.11929214650634189,0.11938641124705537,0.1196396061646791,0.11983216166412393,0.1199491914117175,0.12003665684040705,0.12082437915071285,0.12088114460857903,0.1209469314847714,0.12198686744787944,0.12282639560771717,0.12469857429482684,0.12775177781397448,0.12844793017904882,0.1294593895144393,0.12969632036173276,0.1301433666748388,0.13306262887752782,0.1350654323786384,0.13566357522464975,0.13570435368891934,0.1369643623859903,0.13778964310224934,0.137836145574935,0.13796008814926497,0.13873907558234835,0.13906317451611852,0.13955516674473678,0.14045125547416829,0.14609370012465095,0.1465794480760487,0.14640595705160894,0.14683952435131348,0.1486771502417625,0.14907948780035596,0.15013393021639554,0.15028080901902272,0.15216592292463135,0.1521640152322869,0.15266922768461944,0.1529831178949613,0.15319045902951797,0.154943903683012,0.15551742091103699,0.156009089064892,0.16284484129270135,0.17293735278514175,0.1735399532905722,0.17464654358728046,0.17478172922023827,0.17624398133991404,0.1769445192808932,0.17622594073435835,0.1779701156615516,0.17905386668266413,0.18019490880987712,0.1831662985910154,0.18320853048673338,0.18494484735580316,0.1867434972989676,0.1869696283862393,0.19030549128222946,0.1916871965733328,0.19386199368244797,0.19642441543835698,0.19671607039186056,0.1988962056164997,0.1996876875033466,0.19925116853728225,0.2002631789545075,0.2035275465975998,0.20434938090458893,0.2055899403911974,0.20659356092737835,0.20639163407185224,0.20767587378856092,0.20796442956765848,0.20810349461208355,0.21038040101651098,0.21192003081889874,0.211967602977144,0.2136775147694255,0.21371926213233894,0.2136797533246863,0.21417892771445532,0.21604051542337505,0.21568777663555116,0.2169614305816052,0.21805886038050323,0.2181089133898956,0.21899782966848946,0.21923893032496786,0.21941916390018376,0.21975607785663936,0.22018967544224458,0.220061330454613,0.22190614416894122,0.22205375106645892,0.2234241029400233,0.22385063180372253,0.22465475807283564,0.22530765301576544,0.22629448050014306,0.22539496120869854,0.22665059164597331,0.2264832464073361,0.22665501827164697,0.22737567052402421,0.22758479742133597,0.22771881622536683,0.2280413309284496,0.22799779032302378,0.22806828042659608,0.22868813283314146,0.23085473471261583,0.23103241238178449,0.22991811507901705,0.22987501619072795,0.23029387651619637,0.23065743958598806,0.23089342017187214,0.23084826143326845,0.2310771932644704,0.22940734617220682,0.22971483968233186,0.23070209939602412,0.23088987437103553,0.23295162740447525,0.23300340796278807,0.23305426902040227,0.23481695648139214,0.23482093119247396,0.23467808667299048,0.23468339554617842,0.23488069450007462,0.2350948619478894,0.2349880739730474,0.23510321455873073,0.23490973372033122,0.2349585926090057,0.23511616850420827,0.23501881665351862,0.23471553415640437,0.23561025835825697,0.2357238308440599,0.23611380145373048,0.2360601018629425,0.23666210267502352,0.23698408789420772,0.2372673032422897,0.23794621500171262,0.23845208647231472,0.23862100625087956,0.2391655321080379,0.2393543797643223,0.2395840756656435,0.23979064784919288,0.2398762323593625,0.23990872864613372,0.2389384008983369,0.2390668645300834,0.23947888720954194,0.23944033468931344,0.2420788769805552,0.24243654890520333,0.24263541822166962,0.24275555902839147,0.24282497208800538,0.24315837759001366,0.24313230957491852,0.24316125679042833,0.2433650721462119,0.2434458540187015,0.24200145975385368,0.24203760495379067,0.24208063814772962,0.2422462983536785,0.24248056973450208,0.24254353539426446,0.24245389700722356,0.24259147175437965,0.24274390234637214,0.24324350796780758,0.24332057945256738,0.24339018294298112,0.24352846760756772,0.2434531648707637,0.2437163409056232,0.2437636647808166,0.24391540690810948,0.24387466026767227,0.24400300726839524,0.24410491157109637,0.24413671834708492,0.2441460036243221,0.24444010226956722,0.24442045369988905,0.24442905641448448,0.24428281766681387,0.24422838043233708,0.2444574777408258,0.24443479680018884,0.24465757940811494,0.24471934024693043,0.2449411128056994,0.2456250165293906,0.24542183884932547,0.24541720616835935,0.24558184841227754,0.24555681794923337,0.24586916112995705,0.24600248679757475,0.24601550322785296,0.24609585365064074,0.24622386687354766,0.24641499085042576,0.2463969289130714,0.24641970780173603,0.2464242966776893,0.24649045854398574,0.24662803769374256,0.2465161515751956,0.24652096147563282,0.246590005474063,0.24660341101789032,0.24665717145351093,0.24705374977874914,0.24718065345070664,0.24720343165869124,
0.0,0.0,0.0,0.0,0.0,0.0,0.0,0.0,0.0,0.0,0.0,0.0,0.0,0.0,0.0,0.0,0.0,0.0,0.0,0.0,0.0,0.0,0.0,0.0,0.0,0.0,0.0,0.0,0.0,0.0,0.0,0.0,0.0,0.0,0.0,0.0,0.0,0.0,0.0,0.0,0.0,0.0,0.0,0.0,0.0,0.0,0.0,0.0,0.0,0.0,0.0,0.0,0.0,0.0,0.0,0.0,0.0,0.0,0.0,0.0,0.0,0.0,0.0,0.0,0.0,0.0,0.0,0.0,0.0,0.0,0.0,0.0,0.0,0.0,0.0,0.0,0.0,0.0,0.0,0.0,0.0,0.0,0.0,0.0,1.1470824725415582E-5,1.200472994669738E-5,5.457513217005718E-5,9.927449036046107E-5,2.595572530830394E-4,3.3114844908466916E-4,3.3846262796237946E-4,4.1082348056469193E-4,4.069874727407226E-4,4.0881153663673085E-4,6.717922384646857E-4,8.779494308176626E-4,0.0012418187108397304,0.0012895949581525643,0.0010020471139870124,9.820412183339173E-4,0.0011288256952975359,0.0011874344802441943,0.0011639667147658225,0.0012695841776682775,0.001318224238131555,0.001388484356156223,0.0014538937213475099,0.0016417996822301205,0.0016386758036354776,0.0019962705857346206,0.0022379610815411416,0.0023900565273971388,0.0027519237299021035,0.0028984598450736685,0.003194648216294559,0.0031941061242652,0.00302205767895771,0.0032801519651493483,0.0038674733037684676,0.0041939686719879845,0.004363345403619348,0.004782592310517623,0.005365145274769825,0.005694858421745642,0.006371766234106843,0.0059497824554028455,0.006082324557779222,0.006383304127474211,0.007128212601327681,0.007358412294027102,0.007388408578624657,0.008117614750819985,0.008472915523329922,0.008687772368055168,0.008506591029044403,0.008177615842164011,0.008525251429075033,0.008194910349242968,0.008566898922293384,0.008344487792124673,0.00833742150501233,0.008364785684547729,0.009021445557578427,0.009444961978312023,0.009565376700900878,0.009892315971829711,0.009847228714910408,0.009289459721550443,0.009447605606623083,0.009759824193994794,0.010396853628400036,0.010687829344268858,0.011200549404695049,0.014251916427629237,0.014478557102537183,0.014640816380801091,0.014509360661568911,0.014850640658123557,0.01507097662958724,0.015698585330622013,0.016435715359920586,0.01695283178777629,0.01752435893702922,0.01885031437115694,0.01823852638433565,0.019213123206302907,0.019861000417966134,0.019915893214272985,0.01984065478140803,0.020083558470039804,0.021972641287596007,0.023776567080333384,0.02448963725075909,0.025460356463493573,0.0262541593787648,0.02774172510243776,0.028318827644481778,0.02949610253329358,0.03039650054807306,0.030829356710017634,0.03136833776360882,0.03201897813118601,0.031783289426057196,0.03254886097821061,0.03292660162907243,0.0330835649106143,0.03417994324697635,0.034036557836692016,0.03448267871989887,0.034238258863363055,0.03377691346290703,0.034536841171796756,0.03627815936210378,0.036226648687194364,0.03553130561030228,0.03625430788047909,0.03796791403155453,0.03826237744365298,0.04154266536248982,0.043272736698987124,0.04334718771180235,0.04396287850383802,0.04663620320059362,0.04768948124036405,0.0482055057375803,0.049397552972242825,0.05149949673699892,0.054811385144395354,0.055960960128850865,0.05993676419747828,0.060544743770232085,0.0614130991976259,0.06147609117946043,0.061873397949896124,0.06242126206636146,0.062462452457259024,0.06436753794219686,0.06461657633961727,0.06496654130302748,0.06579797452109634,0.06641207306055631,0.06650594802281942,0.06681952600550889,0.06713985187200171,0.06705600235701255,0.06762372329062248,0.0688538513343579,0.0699754625195418,0.07292433725835797,0.07369244597603408,0.0735557870472452,0.07412525225593844,0.0745336952756623,0.07570196690753175,0.07761976916285072,0.07869772504778924,0.07983841743285992,0.08051000734940857,0.08164710279130775,0.0817107744064981,0.08185257306281142,0.08617034569355483,0.08583243150777488,0.08574918794600428,0.08564755592634106,0.0856575585387366,0.08634337727035243,0.08734419953842383,0.08828150040170121,0.08907622956671278,0.09141639193286936,0.09291151303030912,0.09277896625042041,0.09298755206146742,0.09367049408183116,0.09420125078257946,0.09581235833657366,0.09537444156283534,0.09588465166638643,0.09772353694705879,0.09835768303791018,0.09872837967118152,0.100038713664448,0.10061514445549168,0.10061486623155627,0.10172811794970735,0.10441006297507183,0.10534854896902023,0.10604686444411215,0.10674601206071783,0.1068050497060632,0.10801551281060626,0.10762102471984536,0.10937693053990673,0.10983426783266688,0.10993058677210422,0.10984055741569054,0.11125808478966977,0.11198605751173311,0.11311851305399018,0.11376644938316643,0.11359386620576419,0.1154779363827985,0.1164030459011258,0.11754208474468864,0.11838608209601664,0.1203885082228513,0.12045877952979164,0.12078042946018465,0.12128870240596215,0.12218327259219343,0.12340489425839045,0.12547055314542144,0.1267701111114697,0.1278865075920303,0.12823957416600326,0.12846258851798492,0.12875515373030005,0.12913017389644063,0.1294054482727823,0.1308429050149985,0.1327115718866715,0.13295560056902497,0.13386902277904753,0.13354592211163924,0.13448368560669693,0.1353347956942902,0.1356362845496336,0.13644196025942504,0.137178569251942,0.13892064097987084,0.13908905772400237,0.1407965099067514,0.1411345844347303,0.14325329879168341,0.1484058096183726,0.14939210655869414,0.14945373129541722,0.14835334009588336,0.1482026030480626,0.14962919856168272,0.15063493283754867,0.15088136600192556,0.15081759315804627,0.15138551646168055,0.1516571333179784,0.15203545142574604,0.15564425685468664,0.1557210172145404,0.15574971081513106,0.15629487318497412,0.15777957513177945,0.16015412264105175,0.1609497318163601,0.16188422632190771,0.16263540746638933,0.16291880034799114,0.16453540410094455,0.16465033841051904,0.16507717849831943,0.16654100505648817,0.1667219722482111,0.16792333749013894,0.1683244407683352,0.16877404194953266,0.1690775474611868,0.1692244417189297,0.17013175042817624,0.17013727368016665,0.1702292500435433,0.17058433625709238,0.1713180103315612,0.17130173900184384,0.17155316815134128,0.17330464686486996,0.17215567640139726,0.17153546556124638,0.1723457072490709,0.17236727595188767,0.17226711116926038,0.17244072519953188,0.17436541811870496,0.17457501659174524,0.17663961643435297,0.17684995628404535,0.17802663254423057,0.17862467699522674,0.18264570726683338,0.18821687304894982,0.18850659329017383,0.19007278361626803,0.19014422931338884,0.1903668417741725,0.19044640423657244,0.1909982714582162,0.19112810597875157,0.1910481800871161,0.19231019230880636,0.1961968363608041,0.1979766443610514,0.2000248436975401,0.2001105333297591,0.20012410704601002,0.2018954501626509,0.20208784743110342,0.20258416727323855,0.20332511018921381,0.20552652678436134,0.20462829962280477,0.20612341502643775,0.20645572190277828,0.20695400481660187,0.20691840956820623,0.2102000580601224,0.21069469059658247,0.21143747714135225,0.21154932013476907,0.21208594963198563,0.2120802956823781,0.21138762044336526,0.21146644138078896,0.21791588808620493,0.21745769454881952,0.21770284905386988,0.2177896098540592,0.22046534070326312,0.21805727565693347,0.21853649837826006,0.219872087526984,0.2188458619216082,0.2191797973025207,0.21922681609263447,0.2201995938563438,0.22131846851644063,0.22225821625106643,0.2225904909402815,0.2227799787970362,0.22286039009104147,0.22477860254237994,0.22486595524922895,0.22511414771238905,0.2252882210908911,0.2255898013047337,0.22557208333147014,0.22686796944906062,0.22539023353842527,0.22546730437460724,0.22625359632096478,0.22632946639405802,0.22690943063721927,0.22689862209737302,0.2296348550952463,0.23079595688916543,0.23097758155408987,0.2311811005825191,0.2315219548853632,0.23358381607181689,0.2336234626924997,0.23428744330137732,0.23455963857854728,0.23741974979129862,0.23746386471668565,0.23729441775237275,0.2375236834261421,0.2376674988588838,0.2376671070744832,0.23704858261274608,0.23787966077770478,0.23816055538182623,0.24031664393253216,0.23899243715825655,0.2390003547488945,0.23926039868697163,0.2398753807317195,0.2400081400734173,0.2415731516068824,0.24184875162104083,0.241774323091508,0.24180770644251293,0.24173985081316055,0.24202567842300604,0.24033176962122021,0.24063206625903058,0.24060655039407325,0.2406519322955738,0.24078549185289969,0.2409347806337057,0.24092143091124896,0.240850171021119,0.24082347514568156,0.2425194327867096,0.2427343193720639,0.24279108932742052,0.24318025356503473,0.24528102283491637,0.2454318311934458,0.2454494424906655,0.2454410790319592,0.24552355973489953,0.2455585266430167,0.24556266703028157,0.24561503829687556,0.24343900073772884,0.24351373085604266,0.246406319031743,0.24429332111983393,0.24431557944979967,0.24393259622015806,0.24410532923415929,0.24441172119866583,0.24442366627124293,0.24448426850073407,0.24496627302814475,0.2450198702217083,0.24530216332664603,0.24554556170227254,0.2458858875797035,0.24592251200704818,0.2459496191706874,0.2458459562689577,
0.0,0.0,0.0,0.0,0.0,0.0,0.0,0.0,0.0,0.0,0.0,0.0,0.0,0.0,0.0,0.0,0.0,0.0,0.0,0.0,0.0,0.0,0.0,0.0,0.0,0.0,0.0,0.0,0.0,0.0,0.0,0.0,0.0,0.0,0.0,0.0,0.0,0.0,0.0,0.0,0.0,0.0,0.0,0.0,0.0,0.0,0.0,0.0,0.0,0.0,0.0,0.0,0.0,0.0,0.0,0.0,0.0,0.0,0.0,0.0,0.0,0.0,0.0,0.0,0.0,0.0,0.0,0.0,0.0,0.0,0.0,0.0,0.0,0.0,0.0,0.0,0.0,0.0,0.0,0.0,0.0,0.0,0.0,0.0,0.0,2.8409977804556672E-5,3.874988873328528E-5,4.6133763992037264E-5,7.697304537572677E-5,1.0053956541377057E-4,1.005395654137706E-4,1.020816482415252E-4,1.0981837519982955E-4,1.1491095824968384E-4,1.1491123525645297E-4,1.3967843192961364E-4,1.4831595640473012E-4,1.7812302066378652E-4,1.84206536262645E-4,2.1486029840347759E-4,2.187200784283555E-4,2.2802775034033124E-4,2.3601330776340624E-4,4.486854212040082E-4,5.436021580321487E-4,6.80400054900721E-4,0.0012479223480959438,0.0013712543499421624,0.005463396946809334,0.00620771002422421,0.006426757618222465,0.006504638644135658,0.006608709496133041,0.00685700771783399,0.007942373186054922,0.007296356050672472,0.007322614283129153,0.007397407249309004,0.007610136057590822,0.007905701756185936,0.007901588689396877,0.009741595056453459,0.009969374450698626,0.010822140562442102,0.011791198250862157,0.013606563805579805,0.013618066448236392,0.014165907384220407,0.014449700838593312,0.015254971253232403,0.016195676219125144,0.01690963052495359,0.017623475235904067,0.018113637195422097,0.0174117386793338,0.019052675404072385,0.0189834300097018,0.019415581930066147,0.020232004097970064,0.020147559294651472,0.02036580057879517,0.020932790420415452,0.021289705016487578,0.021291242917754038,0.022444095941464157,0.022877054125894844,0.023185413879805973,0.022801333631871836,0.02356572159105126,0.02405110914279059,0.02463671368482975,0.025111248521150473,0.02451552321563542,0.025047827466880647,0.026514675490695597,0.02675181670093073,0.029108784311064666,0.029277255905011797,0.030190486686841374,0.03111391971323734,0.032750534974527824,0.03320720530543024,0.03516424178996645,0.03627958591720965,0.0369900183612835,0.038487206521542576,0.0389938510646278,0.03942651923971656,0.0395500812054605,0.040202856036714044,0.04118859773254662,0.042404328126325906,0.04339341135430468,0.044090301197546096,0.04521429384400801,0.04595039359910655,0.0457284228512849,0.04749609862341639,0.04780696386707357,0.048334894985320856,0.048862859505618736,0.050484592797417904,0.05037677135104469,0.05101009647744221,0.05172237850665408,0.052200358254332,0.0526682751589069,0.05298492815188381,0.05373599538728674,0.0546802109527379,0.057349250365677014,0.05785137668089835,0.05869701298589424,0.05829851870835184,0.05917142934665168,0.06109967596053817,0.05925373780652559,0.05871146230442955,0.058715863171991,0.05732895666468985,0.058996764013806095,0.05943801896053168,0.06181993330613164,0.06194187884468541,0.06513823898574612,0.06574389562485197,0.07127845152798343,0.0732821637388412,0.07436284480623344,0.07562809730338572,0.07698915130505965,0.07809716710053755,0.07858408075868091,0.07921856698835061,0.08184335305202727,0.08244399909674632,0.08369099788174104,0.08510352388699277,0.08634526899472746,0.08864436074661398,0.09287457453920213,0.09604390780919074,0.09665390386782438,0.09782858207461448,0.09835767251472616,0.09943694546656283,0.09679216089580002,0.09747525430432505,0.09964912387070518,0.10263459440868176,0.10489173152053759,0.10536060524772388,0.10719552244115499,0.10851948327162877,0.10887249318050507,0.10908021958559387,0.10849995599124722,0.11037849128758986,0.11264105788842299,0.11401553569996926,0.11434333493743572,0.11452425147324434,0.11473317504062573,0.11590695321126732,0.11655765863328457,0.11726069248786765,0.11817208495168349,0.11871264448966555,0.11941458481593782,0.12054316764515807,0.12056771568793748,0.12048481705332438,0.1207339666602126,0.12345191108336659,0.12400908579934927,0.12483399796376785,0.12486862450595754,0.1250429357116061,0.12555605614624415,0.12554224302935396,0.1260004384303842,0.1260159822148672,0.12657832060802582,0.1268102525615707,0.12737411274673952,0.12779323482112645,0.12778754998265335,0.12898271521811738,0.12927722717298526,0.13038567107449686,0.13050706240489074,0.13225972776109482,0.13349507944417316,0.1344408442694641,0.1349356945205014,0.13519669448063662,0.13475572670253386,0.1346953476427452,0.1348781605910328,0.13540046821296536,0.13624259181922485,0.13706711043747327,0.13774031479417248,0.13903308889277607,0.1500735362926488,0.15062311715434143,0.1506324405901519,0.15539228150932544,0.1547621810520499,0.15815793133708145,0.15855230564859332,0.15975775819399232,0.1597296936023006,0.16440916853971257,0.1641424187789775,0.16770196096730255,0.1711727268426426,0.17181818024026943,0.17287583357714814,0.17504462053964173,0.1754178375244251,0.175616088211766,0.17585637936775017,0.17659897445857273,0.17626905125787534,0.17754604241809943,0.17962897653857704,0.18001975060658665,0.18022664327027346,0.18080254288627334,0.18104736212334469,0.1810937187462266,0.18181272499898954,0.18223093806638882,0.1828734567229717,0.1859991044753021,0.18715636543322753,0.19123640015515367,0.1939177655740142,0.19418299492047028,0.19561320396058962,0.198520680909924,0.19867893833253727,0.2014380462169057,0.20156240501322836,0.20264859365779034,0.2025873134089411,0.20277126290325143,0.20268522569796468,0.20231179900254334,0.20264570094147966,0.20208772982994036,0.20274744897311944,0.20300009212424208,0.20329739039419217,0.20615212154877324,0.20626259889364076,0.2066931818285772,0.20696944521769797,0.2072275438350669,0.20749096765924152,0.20817584104158135,0.20849211129046563,0.20861044515311847,0.21103027337752406,0.2110323740105287,0.21249403878747478,0.21305526726657975,0.21308320720181498,0.21325976937053823,0.21423328136045292,0.21508267781536022,0.21468334692005248,0.21490089159818085,0.21485550736171669,0.21514383569265813,0.21572442419203894,0.21591505963781574,0.2160700711159079,0.2161883246184413,0.21605807032901103,0.21604063341225485,0.21644817335889807,0.21658487792374623,0.21842028000036154,0.21917656879759057,0.21937439751980126,0.21940849628687412,0.22001431203298882,0.220013775196739,0.2197309110570243,0.219487404689804,0.21962933420748346,0.21976401399880965,0.22005671912586725,0.2199312656703095,0.2199961623687035,0.22103690123898184,0.2220067212168848,0.2223752933329687,0.22187706261174156,0.22187791855513672,0.22446397885603953,0.22461327134593648,0.22492128508985146,0.2253336872661125,0.2255062354858051,0.22597299926465936,0.2262857034738801,0.22692541069184463,0.22659320746810355,0.22701248364276458,0.22715353916402772,0.2269403123106692,0.22609124308570605,0.22642509390713397,0.2264578908694203,0.22691175245452183,0.22767529529509523,0.22831413220783459,0.22859929424702394,0.2289486870475925,0.22952037305349993,0.22994550128716099,0.23004114288370325,0.23077563783811764,0.23054140659899278,0.231003942984196,0.2306370311292209,0.23554804647640906,0.23558623968133063,0.23437344276318667,0.23430317206270934,0.23634261579301616,0.2363759809407516,0.23488735570993555,0.2349030743176291,0.23489832626169413,0.2349157977268421,0.23490405727278765,0.23471753319480887,0.23487161476374505,0.23557922351303168,0.2362326301951447,0.23658037867772813,0.23703859088397014,0.23522179565697846,0.235247762015096,0.23523608012999786,0.23525132714039518,0.23543313643267283,0.23562493535751694,0.23566908580141724,0.23570844839774138,0.2357020180179812,0.2355374556088222,0.235589530861838,0.23536445167344,0.23649079246141158,0.2379966504701646,0.23816037187612202,0.23821085188111069,0.2379356196715414,0.23792442531587477,0.23695014926314306,0.2370861295334245,0.2376813172704753,0.2382220021913312,0.23828072139286557,0.2386222079670785,0.24038696798690518,0.2403114121138975,0.24027392076319545,0.2422857844524247,0.2422392897315658,0.2414642585143888,0.24172386634042728,0.24171618494474867,0.24172004776420136,0.24440308446778194,0.2452969945103551,0.24530166785732738,0.2478516857691798,0.24786933757225962,0.24759467401595903,0.24815476685373658,0.2485458865918992,0.2490800840149362,0.24918657531218474,0.24929062765167642,0.25440506039896493,0.2544725520022897,0.25447231408373266,0.2544762688686915,0.25452811724597624,0.25154129343501735,0.25172607074549874,0.2520379990168331,0.2520485680326567,0.2520498829766199,0.25228890030314427,0.25189513132866503,0.2503007703785853,0.25028528091556457,0.2502883489002038,0.2503053778453363,0.25041691530973437,0.25039216906542466,0.2504006144388256,0.25045280406546555,0.25060699034168593,0.2505797971113288,0.2507353059633123,0.2514115742507794,0.2516611856059079,0.2523521595633364,0.2524241767196201,0.2524218798302614,0.25259383439368166,0.25286242862646585,
0.0,0.0,0.0,0.0,0.0,0.0,0.0,0.0,0.0,0.0,0.0,0.0,0.0,0.0,0.0,0.0,0.0,0.0,0.0,0.0,0.0,0.0,0.0,0.0,0.0,0.0,0.0,0.0,0.0,0.0,0.0,0.0,0.0,0.0,0.0,0.0,0.0,0.0,0.0,0.0,0.0,0.0,0.0,0.0,0.0,0.0,0.0,0.0,0.0,0.0,0.0,0.0,0.0,0.0,0.0,0.0,0.0,0.0,0.0,0.0,0.0,0.0,0.0,0.0,0.0,0.0,0.0,0.0,4.832771695628902E-4,0.0019182816095265937,0.0024295188526754817,0.0024325880634603575,0.0024907121262594148,0.002699858415192485,0.0029791355748974018,0.003744042560134889,0.00382832517831272,0.005329393718000576,0.005295686344699355,0.0058467419277692416,0.005964872125031139,0.006204775370661601,0.006670746548031468,0.007422910600764664,0.008145594231847693,0.008688212582963123,0.00889121056681763,0.009765741011733749,0.012591173783003904,0.015036357201142422,0.01646424858189978,0.018311714689893357,0.01913419607232292,0.019765743615054912,0.020735483485383715,0.021122971109913086,0.021747271017076686,0.021998128299841786,0.022193155101288813,0.02326892997334863,0.02393673820310482,0.024773194167048727,0.025658474588774193,0.028377610867029387,0.029391770023766722,0.029811342135017748,0.03134171925031568,0.03171724811667554,0.032548379676311044,0.033410301810054686,0.03344532430092647,0.03385413127306627,0.03407516413933659,0.03450427044611633,0.03475584682428548,0.03527458779329341,0.036416644154361924,0.03730747878335065,0.038027150961192184,0.039369790802545185,0.04002624141119644,0.040556906645139265,0.04055850471623955,0.04086792841003081,0.04324268247401001,0.043403714639969844,0.044137381568365205,0.04529643006537419,0.04515847869904822,0.04712198479642556,0.048664234801900325,0.049958431156462375,0.05068606871832234,0.05262854037597077,0.05359383825624441,0.05551969147134696,0.05572388039731023,0.05652988816045073,0.05877716778156979,0.059107453756028286,0.05953306399827348,0.06012691657156982,0.06069535795683619,0.06278579305521448,0.06428447493858817,0.0652892985977866,0.06621482316432507,0.06755889451662866,0.06836078458449164,0.06992847173307244,0.07007310358038578,0.07030123339770368,0.07096789842998902,0.07215468349057381,0.07295251432936065,0.0744266964436707,0.07615998445860608,0.07592719029430549,0.07533147542906861,0.08435284275764302,0.08639957728050493,0.08809441378384564,0.09036188740606851,0.09059924012626039,0.09114821480399274,0.09189955722546654,0.09266330674960827,0.09341597701332117,0.09671472771443088,0.09779234639189935,0.09702972548665419,0.09754342038590051,0.09863385700427615,0.09920200727406504,0.10029406484758575,0.10100187825702721,0.10187610661827715,0.10249890517336258,0.10380697221898089,0.10639509684669085,0.11130070309569554,0.11176475518220913,0.11154890835802674,0.11190988750889758,0.11509959805652442,0.11690072673083021,0.1177329329914916,0.11832904506596852,0.11912685952832541,0.1199838939581012,0.12839979260213863,0.13039030847104152,0.130670038053775,0.13176783130539543,0.13342888290638108,0.1344210724059552,0.1357349147198952,0.13593661336651056,0.13672687583407958,0.13646856075639519,0.1371097784765168,0.14101377150741107,0.14157223731949525,0.14199808592107857,0.14346553948747734,0.14382800044769142,0.1442942226800347,0.14524165624821614,0.14535870784895916,0.14605577889717863,0.14635443368708845,0.14702171918287935,0.1476429009784312,0.1478536408915696,0.1482152709575801,0.14878260284101205,0.1493103972580121,0.15481480021350913,0.1554586494705697,0.1590768818308207,0.1593050788464792,0.16610127681345488,0.16643085634058377,0.1674411519783905,0.16763220748057162,0.1683917259212177,0.16861804161956703,0.1730326356082734,0.17355421270320137,0.17412031046162332,0.17965703870895058,0.18065014803285745,0.18335255490534616,0.18380207511567995,0.18427570817808056,0.1852154806300813,0.18610881050692424,0.18694231238571773,0.18822725957136996,0.18850203892905681,0.18865038314608254,0.18879625997144675,0.1934548748092279,0.19385873167910042,0.19476615438725592,0.1947290264321461,0.19491705617582822,0.19576314070586467,0.19679408190773445,0.1983004012630324,0.19850948587179443,0.1990470140348917,0.20023500341919998,0.20060577743770783,0.20117353506296912,0.2045822542792292,0.20540312000803346,0.20665217820038337,0.20729991025747677,0.20765042488802932,0.20865486957130217,0.2089723801267396,0.20935223826043686,0.21109826449606106,0.21134556512676192,0.2119255315007929,0.2121193876621136,0.21331416975817835,0.21329576179165385,0.21384669869188178,0.21476336612652813,0.21536253119035764,0.21565012891437013,0.2165182749315155,0.21723494897247897,0.21751018367478012,0.2183641339160257,0.21908137426673846,0.22134757407765646,0.2222676849697532,0.22315272506889955,0.22366783646716504,0.22457306528609622,0.22480762279066058,0.22635667714013352,0.22698897462765077,0.22721483141263252,0.22732698557207787,0.22743181464721568,0.227471020082865,0.2275953911458325,0.22767890031712376,0.2285708521888394,0.23009401674798088,0.2302688376774768,0.23045366318445654,0.23064686450255698,0.23063947548335148,0.23072140127118573,0.23024591023779484,0.23048251313010432,0.23063415766241402,0.23069789663197426,0.23089342070485777,0.23121925956978562,0.23173578644480164,0.23187595810017272,0.23234702768694127,0.2338015974183742,0.23466904574432793,0.23470308651818902,0.2357504357314091,0.23606065108438348,0.23726074522738658,0.23654902547322884,0.23674156391135096,0.23732010334434323,0.2374540649996342,0.2376312443068418,0.23776106256115015,0.23772674772752397,0.23779128234086974,0.23848895538776096,0.23870668676014536,0.23886714710984885,0.23893605640708515,0.2390698247624814,0.2392979488412234,0.2395493793436805,0.2396470100828211,0.2398639551169226,0.24009470052934187,0.24033958507390024,0.2402341777542454,0.24026222118211438,0.24027064149538147,0.24047575346333763,0.24071590585695427,0.24088162224311976,0.2408897259174246,0.24097174205425978,0.24113972620667157,0.24131722115468474,0.241367638146629,0.2414311526854743,0.2415978710312173,0.24204297478736583,0.24229355675147904,0.2423257245311223,0.24227589912883493,0.2423881109617639,0.24247115965016916,0.24253142383937062,0.2427782909406037,0.2428110546682118,0.24283155596350003,0.24296096681953086,0.24297203416315763,0.2434331082391566,0.24372439902466825,0.24390490977283066,0.24394576854827277,0.24403630574529714,0.24379751549179868,0.24383963348689577,0.24397846542649174,0.24406256799118775,0.24410080917761637,0.2441884280448572,0.24424623448433416,0.2444774724947296,0.24452841381611615,0.24458006290439585,0.24459924683240897,0.2445708566413557,0.244645953826918,0.2450300676419896,0.24506573722266375,0.24509910590594713,0.24531605197944586,0.24546348446694852,0.24556778612618207,0.2456226151515458,0.24527982482019609,0.24529674415888855,0.24533640009750884,0.24551471493042173,0.24575052148804785,0.24573340010622902,0.24670541618861197,0.24675510128932934,0.24705045539008896,0.24713440602998746,0.24735302264642017,0.24753641226078207,0.2475837355939176,0.24764698168666768,0.24770524738457986,0.24771951858784536,0.24783646535459017,0.24792109264025317,0.24792624534603028,0.24796484569894828,0.24801353752353125,0.24817310990115696,0.24929686220419034,0.2493831420864488,0.249420287164749,0.24973267104050514,0.24977347027897762,0.25002123543688826,0.25006084704417036,0.250144268201833,0.2501542377112345,0.2501850803972923,0.2502534709562431,0.2505401569876927,0.25079153672672955,0.2507719280864871,0.25071271224477715,0.25077014973284856,0.25073918196235856,0.2508001643912833,0.2512109984430411,0.2512218321786617,0.25126222438504375,0.2516110640625678,0.25164627874785644,0.25084414441227537,0.2509042709881129,0.25101353975886365,0.2509956335874973,0.25104771810400256,0.2511274906048139,0.25138148318147563,0.25195543018201316,0.2519488790696487,0.2520399174959703,0.2520830448189754,0.2521337622027579,0.2521567255235967,0.2522114888797012,0.25228329904282837,0.25237970907257834,0.2524208275500678,0.2524617204371265,0.25296896608585157,0.2530458351908365,0.2531311676439585,0.25315619072825357,0.2532816899677346,0.2533286827658042,0.2533604410523661,0.2533814069138477,0.25356872895506954,0.25357986750730965,0.25366161466198006,0.2536476592784138,0.2536613506432254,0.25373801486983427,0.2541039155800045,0.2542034088665151,0.25424340530807327,0.25432548160437846,0.25450612684507407,0.25455893173407446,0.25457928862687135,0.2546416748224657,0.2548287575173475,0.25507312250858166,0.2551030660145968,0.25512755612704496,0.255191735939946,0.2556558789456778,0.25566363752410887,0.2558643231178611,0.25588868239753887,0.25595063032254195,0.2559656540402778,0.25599292044109606,0.25606602537061846,0.25610221182403137,0.2561348061452076,0.2563519921697949,0.25640308132106565,0.25644765586514395,0.25648121763461607,0.25640147738982116,0.2564663883016126,0.25647601257321506,0.2564726834571371,0.25650036596753384,0.25657870045242287,0.2565908780975638,0.25657575354669265,0.25669909556795834,0.25670399021509394,0.2567328658423404,0.2567358404281486,0.25675590197734516,
0.0,0.0,0.0,0.0,0.0,0.0,0.0,0.0,0.0,0.0,0.0,0.0,0.0,0.0,0.0,0.0,0.0,0.0,0.0,0.0,0.0,0.0,0.0,0.0,0.0,0.0,0.0,0.0,0.0,0.0,0.0,0.0,0.0,0.0,0.0,0.0,0.0,0.0,0.0,0.0,0.0,0.0,0.0,0.0,0.0,0.0,0.0,0.0,0.0,0.0,0.0,0.0,0.0,0.0,0.0,0.0,0.0,0.0,0.0,0.0,0.0,0.0,0.0,0.0,0.0,0.0,0.0,0.0,0.0,0.0,0.0,0.0,0.0,0.0,0.0,0.0,0.0,0.0,0.0,0.0,0.0,0.0,0.0,0.0,0.0,0.0,0.0,0.0,0.0,0.0,0.0,0.0,0.0,0.0,0.0,0.0,0.0,0.0,0.0,0.0,0.0,0.0,0.0,0.0,0.0,0.0,0.0,0.0,0.0,0.0,0.0,0.0,0.0,0.0,0.0,0.0,0.0,0.0,0.0,6.347849593838318E-5,6.347849593838317E-5,1.1255961458215839E-4,1.3539265420018572E-4,1.356578420216301E-4,1.437065251203019E-4,1.455241027882139E-4,1.6355813654197874E-4,3.493658372995257E-4,7.475172505557487E-4,8.5173240915215E-4,8.619341003609942E-4,9.739603711044808E-4,0.0010133458571720119,0.0010500155256600587,0.001052792771624906,0.001226329537505068,0.0012533049885114994,0.002589556359471466,0.002666804764237138,0.0028809868822110138,0.005312465960147146,0.005426781862472238,0.005829066783367476,0.005854540137493376,0.0057603175657865826,0.005959086660254841,0.00611614286269132,0.006856640382803604,0.007490300523974615,0.007559071357577198,0.007978778795375474,0.008065479360533208,0.007896963254126123,0.008387172894139486,0.008303322636071689,0.007823833366866552,0.008278741447087665,0.008488024390662968,0.008647342755702208,0.009711139479522705,0.009688209989114464,0.009859586345893403,0.009683879703430712,0.010033748295480444,0.010133421196998307,0.010512284264676536,0.011245141984187827,0.012069493399441706,0.01312360589888306,0.012744086695618707,0.015186282796261854,0.01664882708698506,0.018226087004194445,0.018784022223938573,0.0201251227376269,0.021277200624134053,0.021791678682825315,0.022896995541741398,0.023493838074929038,0.023897586983200835,0.02550237089601285,0.027619860659231284,0.02808367343356805,0.028446184713998724,0.02930348126790454,0.02969190425132899,0.030817312317171695,0.030821674886689,0.031009587668827932,0.031080669643698076,0.03183710553779034,0.03211587271142312,0.0313276648927966,0.03136004182886811,0.03160265149651445,0.03318532106610842,0.03330554563651788,0.033285999396960204,0.03366420291442623,0.03406085889199972,0.03467586818053867,0.03511049443785326,0.03561288012429843,0.03664856447029685,0.03638458854942524,0.03705194703334662,0.03684266195181898,0.03685782658008487,0.04093236542161643,0.04102616237732234,0.040616078592306336,0.04093368701667986,0.041897510624366856,0.0434033593288768,0.04514262776240855,0.04562500866256811,0.048119999870321374,0.04893906509947931,0.05112776051880183,0.05271951870788482,0.05309437737250707,0.057534268481449595,0.05965140992078908,0.061179001846890554,0.06341604371078959,0.06523338703776088,0.06893739445017105,0.07186687167171903,0.07225065175845104,0.07247415135354976,0.07312622802489355,0.07513631164635937,0.07637549231957423,0.07768745417837769,0.07831294574361523,0.07965201479207323,0.08221635465709844,0.08241562006656955,0.08472483879289608,0.0849277030776493,0.08499256173289123,0.08492626355325279,0.08628752813329474,0.08662533326168909,0.08680441581393442,0.08635689119815208,0.0862026157082263,0.08824752797097718,0.0900568796238229,0.09211278105237723,0.09255982856936126,0.09433501466008705,0.09488505014278814,0.09480578871276976,0.09594895100703071,0.0969231790224357,0.10014871722626284,0.10078572955468423,0.10101951018494763,0.10133146241340933,0.10239397721563709,0.10309588914507126,0.10342412156529819,0.10395691499825038,0.10470081043373632,0.10595361772337443,0.10768909652248086,0.10862913119775418,0.11405970662764116,0.11403860348015239,0.11412567048195861,0.11656000252177384,0.11904227890873476,0.11898586860042645,0.118982877702354,0.11911979648671614,0.11915635290840841,0.12034399424345812,0.12033879625009211,0.12075591206409599,0.1217704674010093,0.1258062468857198,0.1268635290096548,0.12831585954650193,0.1313270169463484,0.13129878487396415,0.13646816236479795,0.13697916651154834,0.13796317309921446,0.13860165656189152,0.1411380106918145,0.1424495779758662,0.1428569070841204,0.14862932486282027,0.14899281477373696,0.14925916088194588,0.14970132837946074,0.15103272991112152,0.15077856096345738,0.1525500660361756,0.15295960837470965,0.15365063025358616,0.15420765754748533,0.15427451503365958,0.1549905944353406,0.1554108672084475,0.15554746436483335,0.15572800453831026,0.15623326545629165,0.1564988446690776,0.1581724067890855,0.16090934447328847,0.16097135160420434,0.1645803318374062,0.16509662817054918,0.16552050166059637,0.16668473728172029,0.1666998315265277,0.1667528397951719,0.16795004971723002,0.16815465586193656,0.17330577062612676,0.17377068528027328,0.17402573536416294,0.17328155389152813,0.17794979569664837,0.17796813692540583,0.17904887285346446,0.1796790010876596,0.18014455131054677,0.18020483846746232,0.18051385052975275,0.18099995829547352,0.1811934177755252,0.18121097061543104,0.18227691532721832,0.1833308421691027,0.1868242041737062,0.1865913059060356,0.18781683930564183,0.18795453147646687,0.18852497963580492,0.1891606725694339,0.1895517463679418,0.18966671703201768,0.1865271000554165,0.18844158907143685,0.18834775400378728,0.18990049601694747,0.18983464266517402,0.1907420576500595,0.1906525827244231,0.19199396961838916,0.19228034035234487,0.19216179092644323,0.1924064888313426,0.19473109175012204,0.19483771910587422,0.19663031400845649,0.19681549469784604,0.19814057994014497,0.19842513406344023,0.19946567882792177,0.19955385533783387,0.19965565519049036,0.1997173907114905,0.19904204488819155,0.19924466373174174,0.1994125256802333,0.1995384950737082,0.20007890006513587,0.20048917823146767,0.20049401229033048,0.20065911327018965,0.20103541708094527,0.20195009934895497,0.20273705573548598,0.20278577507477571,0.20303256806092956,0.20346383095848208,0.2040393165079601,0.2103451396849749,0.21035494819026787,0.21082491521643285,0.21246650138124032,0.21271593848405365,0.2129189994284542,0.2135395911419796,0.21394025353036542,0.21397715456083122,0.21473458451469604,0.21494007875915672,0.21628810040361282,0.2164247573999403,0.2144668895791416,0.21462665226223027,0.2144321820777358,0.2151678161863162,0.215335679250958,0.216882433659951,0.21703971787332246,0.21716854421586831,0.21748924439701564,0.2177050217765208,0.2180580687509153,0.2183881003801738,0.21835099473428443,0.21853700227369283,0.2211574366472144,0.22135549159425172,0.21953694685187242,0.21952531128821334,0.21946078281033946,0.21958171466905335,0.22027680689806506,0.22068226528413457,0.2207599812768516,0.22103343690909982,0.2215498151743167,0.2225478579414805,0.2225076823696345,0.22270478933885945,0.22281120872636806,0.22281174667303685,0.2228152136646743,0.22284587641052395,0.2229996479991106,0.2234460752227243,0.2239585557531803,0.224405824043961,0.22528994175043768,0.2255537611517281,0.2256833706610552,0.2272787968686557,0.22724420740659038,0.22801224939992004,0.228020814215921,0.22807643718835868,0.2280913180500947,0.22855167157823672,0.2289814146724449,0.22909359067359977,0.2290753616145686,0.22964293292171184,0.2302252764252873,0.23047501266619766,0.23209623126824466,0.23222491745642335,0.23275227254730066,0.23286524852686785,0.23324210330325065,0.2334529302481609,0.2354131214699169,0.23549640016181936,0.23601511633167518,0.2354977249618238,0.2355501184055065,0.2355768056718318,0.23558457141588948,0.2356437343236845,0.23564547021549204,0.2358179161593632,0.2358393249618439,0.235573322377069,0.2355959465012587,0.23666206604856588,0.23670155202474635,0.2367506585959341,0.23697891783844077,0.23717671227769596,0.23682716544751736,0.2366927563818783,0.23683282994574228,0.23769223224553854,0.23775513129320588,0.23801382307011615,0.23826982264445132,0.2383433806930335,0.23900484549894316,0.23894345608683906,0.2390052853486342,0.2389516866487758,0.23918648896395278,0.2394375878465988,0.23942647846114998,0.23939894033657283,0.23968630483087455,0.23906883164534667,0.23920791034911382,0.24126007311959557,0.24129141162364556,0.2413523128913475,0.24269317271364263,0.24315678704497468,0.24470066786192293,0.24502359942009966,0.24577726451631926,0.2458468768509621,0.2503181885792109,0.249882489223344,
0.0,0.0,0.0,0.0,0.0,0.0,0.0,0.0,0.0,0.0,0.0,0.0,0.0,0.0,0.0,0.0,0.0,0.0,0.0,0.0,0.0,0.0,0.0,0.0,0.0,0.0,0.0,0.0,0.0,0.0,0.0,0.0,0.0,0.0,0.0,0.0,0.0,0.0,0.0,0.0,0.0,0.0,0.0,0.0,0.0,0.0,0.0,0.0,0.0,0.0,0.0,0.0,0.0,0.0,0.0,0.0,0.0,0.0,0.0,0.0,0.0,0.0,0.0,0.0,0.0,0.0,0.0,0.0,0.0,0.0,0.0,0.0,0.0,0.0,0.0,0.0,0.0,0.0,0.0,0.0,0.0,0.0,0.0,0.0,0.0,0.0,0.0,0.0,0.0,0.0,0.0,0.0,0.0,0.0,0.0,0.0,0.0,0.0,0.0,0.0,0.0,0.0,0.0,0.0,0.0,0.0,0.0,0.0,4.593057064046731E-5,4.359628499743364E-4,4.359628499743364E-4,0.005406350048461279,0.0062504179476550285,0.006319625537600233,0.007524082119547389,0.006775712240785553,0.008150168056712885,0.009000758615753035,0.008160642662659378,0.008585313439597663,0.010954631068431416,0.01118869131331192,0.012685440383984658,0.014473367804947316,0.015475883073986925,0.016170111552020996,0.01655306822657997,0.01611334240923431,0.021733885648600057,0.022375034510632948,0.023436660513241458,0.026967366817764307,0.02986795196842235,0.03033105891809165,0.03364782060500055,0.035395964067552334,0.036643442086168036,0.03719599032079912,0.03838337644735965,0.03847279934210065,0.03883407185032558,0.03900558578910322,0.04020725314425459,0.04159551560602479,0.04214912274468844,0.04228917467133621,0.04297817768259284,0.043465725705605474,0.04411639088120254,0.04591381781501274,0.04642445866438678,0.04730629666306793,0.04908903558832142,0.051953225982229734,0.05339645731581166,0.05413826063257922,0.05451834517970119,0.05503847770957682,0.05599164419470637,0.05638116462837652,0.05780595275899201,0.058413222799492966,0.05932375775312907,0.05959693647264824,0.060274817100467074,0.06121562758934142,0.06273635316540813,0.06359015092058853,0.06420218637105632,0.06535527521007682,0.06644000735819214,0.06678655045542985,0.06704495804120748,0.06747945271970705,0.06861074520161993,0.06946463530558697,0.06989920435031806,0.06987473532032328,0.07019163544016464,0.07050444207007803,0.07746686529737987,0.07837641635869225,0.07882590562054484,0.08240623652569626,0.08417709419092571,0.0845640830385232,0.08537030987706537,0.08604352716917645,0.08783106096151053,0.08891319108595036,0.0893288467034296,0.09171919888786312,0.09233524337910536,0.09258144943186404,0.09738096388251305,0.09746637883636629,0.09806374210781166,0.09833704717278062,0.09877905801225823,0.0995262018643245,0.09987351102214906,0.10087907604083789,0.10175416824363467,0.10196193830933868,0.10352979787688756,0.10738523841821643,0.11211548039463333,0.11328729350343869,0.11399180878799466,0.11519346081547971,0.11794389645987916,0.1181316971841258,0.11822193736333529,0.11891425117708766,0.11923879206825552,0.12007710661850302,0.1210601691610612,0.12375025153098264,0.1250170674052155,0.12504870883749147,0.12563617056021717,0.1279389527663261,0.12929992589097325,0.13020023733281685,0.13165242611629416,0.1323152183312345,0.132588634167862,0.14666023357224922,0.14876790372479026,0.14922086046424576,0.15229903438957063,0.15284425368194896,0.15356782032375593,0.15366997917736744,0.15460638635399893,0.15683312481247058,0.15699834858053963,0.15711119871383913,0.15753641972410107,0.15897409130577086,0.16409626845574082,0.1642825792107725,0.1648790968435361,0.16531757088507623,0.16689042470867815,0.16718778888630303,0.16784381524472994,0.16802303000316723,0.171246313120315,0.17201516467540212,0.17296855926725488,0.173570631357228,0.17408528197863898,0.17672780378264524,0.17756830121732117,0.17973165487233037,0.18173296052737659,0.18598956315250215,0.18580595253696902,0.1861461597601621,0.1869091496612879,0.18727048864077428,0.18963606898604932,0.1904457878013505,0.19086524892653073,0.1914876463891515,0.1918365646584785,0.19277299761007174,0.19474062393796424,0.19509617997231735,0.19573537011693048,0.19678201828789185,0.2022428115764593,0.2026602572939658,0.2035140016836854,0.20361159684109578,0.20368750300692298,0.20376584189599783,0.20476058381504864,0.20510542410045182,0.20586524230342332,0.20617417274793515,0.20715960026236338,0.2078642185168529,0.20808134708634404,0.20842258938595476,0.2086676474525686,0.2089295235796891,0.20928232442892553,0.2096500131463671,0.2093618267512559,0.20954392747211828,0.2116258078654301,0.2121885554018491,0.21245196245519182,0.21250092506878382,0.21227336727877202,0.21241245139599996,0.21258224805866122,0.2128492544928789,0.2148067621104798,0.2150481543875555,0.215565788570068,0.215942268637874,0.21604888855829535,0.21661296472268174,0.21749343358807996,0.21752020193433466,0.21756942240078309,0.21780192667726608,0.2187350504695043,0.2189500743610764,0.21916043203070934,0.21856647257167178,0.21864848792201086,0.2189570154550058,0.21908384451366864,0.220488198362769,0.22246422910632838,0.22333241265001524,0.2238201008996061,0.22392423863080882,0.22407362611363182,0.22457203361173467,0.22505205662797317,0.22600751873257094,0.2261210985605287,0.22662663305944342,0.22685814427432757,0.22717660533921816,0.2279594956941182,0.228193119612643,0.22835665050241982,0.22825810133878777,0.22928982128247644,0.22997238012181465,0.230270391361547,0.23241490698735262,0.23230047619804725,0.23240677919757585,0.23312525654786762,0.23331422439496588,0.23340682610661595,0.23369477331056354,0.2328506807594208,0.2327625826354183,0.2334957438652287,0.23352646961585558,0.23358287426296212,0.2337330982283871,0.23379458978433187,0.23439675661135895,0.23422081946207876,0.2342345784971244,0.2343847899207439,0.2343216545964579,0.23460019604604038,0.23488490181945357,0.2349101900004586,0.23489013759457295,0.23573542218604573,0.2360242585168717,0.23605002543244347,0.23612892545002412,0.2363303913537668,0.23639567171668305,0.23658869037569624,0.2366404209023244,0.23683457966318328,0.23688540950817605,0.23767123561460093,0.23939590702827668,0.2395017939755117,0.23953486724009232,0.23955427293487486,0.239560492884862,0.23961189937139699,0.23984505024959638,0.23993856951487524,0.24038040526739426,0.2407594326290334,0.2414388603870417,0.2418345658087865,0.24202015923567324,0.24267790813010542,0.2428254429807704,0.24296907058712136,0.2433763381851289,0.24370587003896418,0.24378911695708247,0.24466702292477496,0.24507156609449732,0.24513624500202627,0.24516525275222306,0.2451885139629394,0.24525062724961794,0.24528819928728954,0.2453198297937347,0.24519739354668835,0.2453567619199278,0.2458492560551163,0.24599925164499073,0.24629577874318687,0.2461217823879036,0.24608772854489244,0.24611989395778477,0.2462119086069615,0.2463116918038188,0.24678567489187675,0.24701434695505095,0.24711984162567832,0.24777178125715565,0.24713463457670015,0.2475626191657496,0.24768067571637142,0.24781076721868883,0.24828455976776453,0.24831329501872879,0.2483958819779534,0.24831829525609775,0.2483617637804595,0.24853188935832843,0.2486919966746455,0.24881351814485997,0.24882007743884213,0.2489081470689678,0.24917665899761457,0.24910935266331075,0.24918105306366267,0.24947220333768869,0.250247303320523,0.2503014842093748,0.25051188731210233,0.2505676419470405,0.2506869985812724,0.25080977755918105,0.25124323827975026,0.251496877277093,0.2516252815421617,0.2516936798803992,0.2523348190694546,0.2525756440315907,0.25291087445060234,0.2530630945926921,0.2530204188172033,0.25308887087045695,0.25436176681659534,0.25462905873355224,0.25471510340470715,0.254838036781393,0.2548579785553929,0.2548088342500227,0.25465310952974357,0.25467909313909365,0.25471064797046,0.25480313102507496,0.2548560438530469,0.2548776603209385,0.25491743757441054,0.2556826414038328,0.2558024673537336,0.25595886030807646,0.2559643413000133,0.2559668756095278,0.25598341978026284,0.2559810233620705,0.2562161902420553,0.2562158901046683,0.25631556477574874,0.2566184087810175,0.2568210073847369,0.25688194812228826,0.2569553780048685,0.2580249965653638,0.25823108516122106,0.2585459497719181,0.25857277484724067,0.25858703374922226,0.2585969226897604,0.2587929614008035,0.2594819966937925,0.2595219866159163,0.25962214614029555,0.25976988931034917,0.2597871577378198,0.2601512150163868,0.2601818044581864,0.260188415236903,0.2597428433661879,0.25980815128539664,0.25985745763457907,0.25977502694701743,0.25978089079397176,0.2597936602829904,0.2588682778032516,0.25889221221368575,0.26177853303015264,0.261832991341257,0.2618663605688434,0.2619574393377083,
0.0,0.0,0.0,0.0,0.0,0.0,0.0,0.0,0.0,0.0,0.0,0.0,0.0,0.0,0.0,0.0,0.0,0.0,0.0,0.0,0.0,0.0,0.0,0.0,0.0,0.0,0.0,0.0,0.0,0.0,0.0,0.0,0.0,0.0,0.0,0.0,0.0,0.0,0.0,0.0,0.0,0.0,0.0,0.0,0.0,0.0,0.0,0.0,0.0,0.0,0.0,0.0,0.0,0.0,0.0,0.0,0.0,0.0,0.0,0.0,0.0,0.0,0.0,0.0,0.0,0.0,0.0,0.0,0.0,0.0,0.0,0.0,0.0,0.0,0.0,0.0,0.0,0.0,0.0,0.0,0.0,0.0,1.0908757041494464E-4,1.5926877310726823E-4,1.6292712101042853E-4,1.6553399741535123E-4,1.803079702350826E-4,3.937250670243548E-4,3.999487916698574E-4,4.159804711906497E-4,7.186837578335823E-4,8.996136935602102E-4,9.105932115914267E-4,9.587014951847434E-4,0.0010006782790472721,0.001060748406956067,0.0012419856327504195,0.001355129288856095,0.001289338071773392,0.001374181785946213,0.0015945816231449131,0.0017129953780912993,0.0017439661492248749,0.001766549544986583,0.0018259799833096144,0.0020272165290036574,0.0021849939840897733,0.002422848826881599,0.002717110906052771,0.0030358173261293775,0.003241240380404772,0.0031670026417988328,0.0032002695159782913,0.003415848719107902,0.0035108656792135562,0.0035602790314221955,0.0033840483599340064,0.0033959398474342132,0.003679526866710737,0.004035623957716177,0.004409174243669331,0.004880976717637795,0.005119613053686642,0.005808997912363523,0.006064596754576802,0.006290750977359307,0.0063319068115286845,0.00636967827742014,0.006777841111575642,0.006833393039948968,0.0075787561236887015,0.007860581185540772,0.008218955420319462,0.008931183815703682,0.008579265475957021,0.008918283103001808,0.009081824566305654,0.008984445957362091,0.009317214442792382,0.009146136766767659,0.00906320561905883,0.00939136906081874,0.009885925611169098,0.010312929377939354,0.010653492882328211,0.011336607804945957,0.0115051263177456,0.012074214706297702,0.012680807421440796,0.013533507062626097,0.014962172605578328,0.01538563153615081,0.01562213834326895,0.016732954544896688,0.017390533754515606,0.018028512151659473,0.018434739211429362,0.0186775465175888,0.017941050971245223,0.018377236627282127,0.01819539333733138,0.018521912504655,0.020094651364701933,0.020096373423068883,0.02049714181201974,0.0212054152483027,0.021537796825796714,0.02170913051724485,0.022562058256667718,0.02336622808635511,0.023700291149096164,0.026554472445936523,0.02829512359774794,0.028677971825704293,0.029978956203503382,0.030179123503808126,0.03243215414048226,0.03304079273850622,0.03647804471011573,0.037956115659288525,0.03908619051284325,0.039784595729821355,0.042095190804271564,0.043218580783817157,0.04380002188249728,0.044215176292748126,0.04631350456842863,0.05169360636532961,0.05191621837774279,0.053982949689283695,0.0554357570983542,0.05574994984748202,0.056263868236034624,0.058764385834099986,0.06138442608577845,0.06311451961707024,0.06681629131046836,0.06756062819751281,0.06773799842415668,0.06784814293381747,0.06891444162296603,0.06911515256776395,0.07100628971613847,0.07168172981228678,0.07167026443890856,0.07416864692620158,0.07464689732865283,0.07356917220205758,0.07576891432416019,0.07690625116017402,0.07816351661508839,0.07889050380260983,0.07937851167965752,0.07910566594966252,0.07944903389706548,0.07998725595345045,0.08188275145545224,0.0838986712866262,0.08473623449969302,0.08769309350497088,0.08902370118948932,0.08913363941106064,0.08985288185780806,0.09050604130292751,0.09182435594412475,0.09344119728550365,0.09379664175213141,0.09485368736555515,0.09472503110764924,0.09581655836698767,0.09671562705420698,0.09854415123522399,0.09893500909810089,0.10058940429848647,0.1032412358146254,0.10488079373123603,0.10524885877456071,0.106190828371223,0.10694179828689283,0.10877376485129106,0.11105184610642668,0.11101399512264298,0.11307908443994018,0.11425804911540931,0.11765303814873969,0.11921677235814422,0.12136872123421015,0.12225053452670202,0.12398791157832334,0.1257950352989128,0.12580751444987426,0.12602419300643372,0.12671319457642702,0.12775645770057456,0.1284310525026103,0.13132732153003018,0.13270541028834368,0.14699258788286484,0.14789495304061637,0.14802023156493288,0.14905151199553626,0.15008754257439139,0.15226729775107942,0.15513506651594478,0.15640430624590287,0.16093192948551133,0.1607262522660458,0.16455479800818268,0.16682551827908637,0.16797325924122705,0.16801094645402914,0.16826208098220738,0.17009959710011166,0.17329302003772995,0.1734531118154747,0.17371044380046313,0.17491790985603708,0.1778356766484398,0.17917094179413826,0.1791448780728625,0.18015159341810325,0.18009844881047365,0.17946376394444938,0.18006070356370146,0.18298179455491895,0.1845459794135627,0.18574556706744286,0.1859336425815927,0.18597565187818935,0.18520556141614544,0.18643934808743157,0.18613506449153777,0.18738622430353008,0.18774186728159198,0.188849661264674,0.19182278008342488,0.19290213252610688,0.19390165514371993,0.19382726875449843,0.19438416277682227,0.19431115387802592,0.19504252297705246,0.19576971587195846,0.19846734606957123,0.19878488411550238,0.19835429732221485,0.19873953958133292,0.19931572064989228,0.19957880134301131,0.20214978063585487,0.2029062056111552,0.20338099024062972,0.20449011663027636,0.20648448847538636,0.20667322898824714,0.20834645423976222,0.2098148867848102,0.21097114439460368,0.21145584279714966,0.21419523104311655,0.2142139103449907,0.21495047694190328,0.21496422846979849,0.21510883516600693,0.21570538258798386,0.21584682133340974,0.2182851299705454,0.2200433627035825,0.22007523246083732,0.220096448299429,0.220075276117993,0.22013810282968937,0.2217558885443815,0.2221957994675356,0.22253041560308523,0.22305946990959954,0.22316172022440403,0.22470550632404324,0.22529699980323076,0.2257254552446837,0.22668646827035796,0.22696376463664153,0.22722714441913452,0.22720893936135003,0.22766377809930596,0.22754708880347646,0.22758959345415172,0.22795504237343442,0.2277820571618172,0.22828889070035457,0.22867925462777297,0.2288886030832902,0.22893391189739665,0.22888404728677716,0.22904431070288794,0.22928771223260544,0.23181218228302852,0.2321894122232724,0.23247597542386064,0.23251149019267994,0.2326314546296107,0.23235823385432602,0.2327277487826031,0.2328084277855518,0.2340277212398936,0.2345981984392989,0.23497447350165757,0.23484370145613265,0.2350816962781114,0.23518189425530442,0.23528354670998908,0.23647137194061388,0.23672321599344281,0.23683089689136694,0.23673698856949657,0.2369418079982988,0.23718224304943483,0.23745156193701097,0.2374632144227756,0.23737155883853892,0.2375012252843124,0.23742479688300847,0.23755448888239014,0.23783905404472017,0.23789195541210595,0.2386785040338603,0.23769180380761884,0.23765493405757937,0.23779444272408912,0.23932593835593743,0.23943878962639667,0.23949433836995732,0.23951569167131825,0.23955358790422993,0.2414663724004287,0.24171355736228614,0.24171696371258358,0.24184381656494816,0.24207805808374475,0.2420855993194867,0.2436865649212458,0.24382302728622665,0.24420488293977252,0.245683360081197,0.24600785104072248,0.24610793971844466,0.24627215681487447,0.24631988609327374,0.2463582491457934,0.24668918182960328,0.24717426137620002,0.24678018072090882,0.24689328522272264,0.2470049443968258,0.24715454339292553,0.24864518863037385,0.24880166398710327,0.2512416101738283,0.25182227614754404,0.2517735322518156,0.25128950692176966,0.25134212544844675,0.25158011643428785,0.25148411580750846,0.25147803283582576,0.2516114807077868,0.2517133138689343,0.2520707819108861,0.2521153719141416,0.2522684038026224,0.254596242451545,0.2544103301933232,0.25530435533266865,0.2560906839244847,0.25637044558873195,0.25752466591141365,0.25774181991273604,0.2578260536603883,0.25789631588736506,0.25799575030778604,0.25962766775030605,0.26028300875505944,0.260323584004122,0.2604375681806646,0.260353962478343,0.26089704656636387,0.26087034366608663,0.26091500488232955,0.2609341118766713,0.2592702715974305,0.25945279322925496,0.2594922437623764,0.2602519030503049,0.2601981923891658,0.2602647058745438,0.2603580887280937,0.25928127752765456,0.26051264798021195,0.2596366606309651,0.2605906126525525,0.26114133456359717,0.26128251222572485,0.26135552415837676,0.26138963299335194,0.26180777425194657,0.2619488471268636,0.26194377706162836,0.2621418767498108,0.2620643032069428,0.2622326237881184,0.2623160478929951,0.2624527138634806,0.26667183215455664,0.2666221237629708,0.26481716453277,0.2648454361970456,0.2644960093162763,0.2646960434104252,0.26541397993134447,0.2656611033505081,0.26587288584126895,0.266257276674902,0.26660449435753425,0.26709438505111227,0.26724434794620217,0.2674420459600589,0.2675234637869074,0.2676892681839419,0.2677244478702596,0.2678347549415265,0.26784640282100775,0.2690508570499924,0.2694804959588295,0.26954824980872083,0.26959599879545576,0.2696314303771196,0.2700108451216831,0.27208366590774197,0.272136943307269,0.2720813115284703,
0.0,0.0,0.0,0.0,0.0,0.0,0.0,0.0,0.0,0.0,0.0,0.0,0.0,0.0,0.0,0.0,0.0,0.0,0.0,0.0,0.0,0.0,0.0,0.0,0.0,0.0,0.0,0.0,0.0,0.0,0.0,0.0,0.0,0.0,0.0,0.0,0.0,0.0,0.0,0.0,0.0,0.0,0.0,0.0,0.0,0.0,0.0,0.0,0.0,0.0,0.0,0.0,0.0,0.0,0.0,0.0,0.0,0.0,0.0,0.0,0.0,0.0,0.0,0.0,0.0,0.0,0.0,0.0,0.0,0.0,0.0,0.0,0.0,0.0,0.0,0.0,0.0,0.0,0.0,0.0,0.0,0.0,0.0,0.0,0.0,0.0,0.0,0.0,0.0,0.0,0.0,0.0,0.0,0.0,0.0,0.0,0.0,0.0,0.0,0.0,0.0,0.0,0.0,0.0,0.0,0.0,0.0,0.0,0.0,0.0,0.0,0.0,0.0,0.0,0.0,0.0,0.0,0.0,0.0,0.0,0.0,0.0,0.0,0.0,0.0,0.0,0.0,0.0,0.0,0.0,6.201049842003974E-5,6.201049842003975E-5,6.201049842003975E-5,3.0065914782738245E-6,1.1206852949224313E-5,1.5611495422647124E-5,4.341387728931686E-5,5.539160279695673E-5,7.345219860007306E-5,7.775712168262045E-5,6.85539527764215E-5,7.678662196685362E-5,2.2073566703543018E-4,4.5096961367169236E-4,4.515499056926132E-4,4.5385918664482766E-4,4.6449587020045357E-4,4.909024304034617E-4,5.598582106782015E-4,6.324798518554287E-4,7.344812742705537E-4,7.850515543605599E-4,8.64870787883164E-4,0.0010061367004124398,0.0011121655622980406,0.0012244966114508518,0.0012694242264784362,0.0012814898804312208,0.0012862531897511367,0.0013645867660417145,0.0013576867629584732,0.001322217031968307,0.0012959507743612526,0.0011718878899355147,0.00135556435155295,0.0015773605744682847,0.0016117187591490564,0.002645858408824549,0.002906310238897229,0.003078014766297334,0.002983322420109584,0.0037863127867832423,0.004622694369795115,0.005037639207647986,0.00567945807093897,0.006983569350372228,0.007325060935883984,0.00791147503696508,0.008415899664145753,0.008735189122931506,0.00871843318548459,0.008850094279383013,0.010385638685415496,0.011845578652080604,0.012440945483701865,0.012378588818487014,0.012581225165850102,0.01323076609421916,0.013911043978252515,0.014526974185968993,0.014732343385595842,0.014741327241541053,0.01499292208792493,0.015646986642658983,0.017514138587837874,0.018826613462392477,0.020350778014509973,0.020845580884231326,0.02011575803569094,0.02297948875043904,0.026602314503590224,0.031529456081972614,0.031912063694400354,0.032667957495713336,0.03392208642182738,0.03625755020891221,0.03796498379760962,0.03822965247457299,0.03953175189102754,0.04201364031441486,0.04350688207598666,0.04486895478907475,0.04518622290764167,0.04584849993087707,0.047412721288465,0.04946582404717727,0.0516877197002912,0.05256214019961066,0.054218520769809916,0.053612934123233744,0.05417780259602014,0.054559576393914656,0.05558062945833199,0.05545012847596794,0.056569030260310134,0.05679962927731666,0.05720495831036802,0.057965778179409747,0.059326048405333426,0.06236395033137028,0.06475425990623992,0.06578303083617905,0.06740124462953907,0.06804775602641358,0.06844257333287897,0.06849494156306325,0.06724582416612279,0.06686753538495499,0.06818327957762475,0.06817791318992365,0.07036913637667182,0.06888152357433266,0.0686604804727533,0.06919761845667591,0.07180467906329163,0.07450765846614489,0.07618483339580663,0.07804429428948842,0.07910303341476768,0.08004637644418378,0.08176165188991073,0.08430601654307535,0.08631973322089596,0.08703548884215241,0.08861552771487946,0.09068823054791604,0.09140217725327915,0.09147384275431347,0.09407709560541709,0.09435899974664404,0.10064337511689213,0.10199397339895709,0.1027829734641317,0.10579064712014141,0.10581021756767428,0.10604456898255486,0.10613358500317513,0.10826112871967206,0.10942989423511278,0.11059527402805794,0.11088433645616722,0.11303694474610851,0.11329604792299967,0.11361613891093959,0.11373342252783905,0.1146660925621779,0.11474158091937142,0.11505741726792738,0.11498743672709931,0.11583121226458225,0.11632982045519051,0.11821860759049414,0.11931028689751458,0.11956468743548485,0.12005729868074956,0.12022141082064644,0.12049478981116948,0.12056101427282781,0.12216258905694606,0.12399520528575343,0.12438162322205217,0.1259800734286858,0.13105128676162317,0.140611800776376,0.14256166908335635,0.1423782208233375,0.1440908543239952,0.14438375651764623,0.14827679284600595,0.14966823836701842,0.14987845396631638,0.14885970107686117,0.14888744909091464,0.14998894348486771,0.14887202691852447,0.14949027185854016,0.15141918542265778,0.15225668163745137,0.15465641562210028,0.15637261846204192,0.15711829632186494,0.15909337481580904,0.16028863896471396,0.161118373369945,0.16066374531954825,0.1615142499412447,0.16201594523680168,0.1621747621297553,0.16257744898998497,0.1631514468273843,0.16318132877204058,0.16347850173558084,0.1651710127810724,0.16543459091065815,0.16713748979507015,0.16764912253038744,0.16807604471408186,0.1685480913803588,0.16894278804913568,0.16927592050600912,0.1690915321699403,0.17024907147766108,0.17146969949570912,0.17141349477318676,0.1719471005785108,0.1719411832201729,0.17209515806336864,0.17312776297737548,0.17322186890476665,0.1733491933965128,0.17401602432028632,0.17345996432387556,0.1737413642988539,0.1733508792634456,0.18853223999400914,0.19044831956362762,0.19182095691367623,0.1916325871883656,0.19279888551859814,0.19444680279630883,0.194809555791249,0.1950592182711384,0.19734809061524877,0.20058968170494684,0.2021278909364825,0.20692334269541343,0.20956707920351855,0.2097587695586916,0.21263119234093827,0.21286159565806317,0.21336531590479116,0.21408545020042324,0.2207266928179734,0.22069087648138214,0.2212222019487558,0.22300697999770488,0.2231114557354485,0.22770339883148147,0.22775661051477075,0.22785636434691128,0.22765803132043894,0.22787545238757276,0.233322385479218,0.23336889674329028,0.23387730762318137,0.23399261596647278,0.234059354216865,0.23343813773342362,0.23590388170990156,0.23588286630554625,0.23756199471219394,0.23846921547461072,0.23910059047294568,0.24516753914355033,0.24621444400991208,0.24632622212600577,0.2510204365110628,0.2517921022733873,0.2530922455396513,0.2531809384800025,0.2543271575279427,0.2548883606644332,0.25500703212799813,0.2556128851534206,0.25623452624436155,0.25649955520810136,0.25631110717004474,0.25742352731905244,0.25717217531189274,0.2514294165880298,0.25132435740923825,0.25152054655955486,0.2519674444478432,0.2541775271684083,0.25236800755870464,0.25296396301021185,0.25362339841563775,0.2544537549893589,0.26017080518097513,0.2609116764138632,0.2657998953939964,0.2666321567683079,0.26667942923616833,0.26679199746742793,0.26673771663248813,0.26685830998973364,0.26752282713171593,0.26796463763547695,0.2629120229878232,0.26458252340613914,0.2646137197786885,0.26488283733976037,0.265019950924052,0.2644465802370353,0.266431856341528,0.2656611840614456,0.2658760791908877,0.2654802128964134,0.2655115405964427,0.2654796562286041,0.2655667043121068,0.26248397719367345,0.2626252130230455,0.26310323469473335,0.2630508777888995,0.26390702292557694,0.26436245200459235,0.26428388607563624,0.26472609762470883,0.26476728100363484,0.26493714902857296,0.26525691038301974,0.2661191936343167,0.2662171156783659,0.2707626810223507,0.27096783526990736,0.2718459664447581,0.2719580017935512,0.27294805160481367,0.27338319689538876,0.2733279360725102,0.2736409902655514,0.2771859724876922,0.2776710364421944,0.2778144647650109,0.2776436884217237,0.2781860555387677,0.27824068863311585,0.2787241297482317,0.2788214883930695,0.27594312649628094,0.2761926017342862,0.2761938361865112,0.27560340400271455,0.27583047512652764,0.27171170146237983,0.2717157248389986,0.2722435695178873,0.27218187756566614,0.2722476944530707,0.2718618716731682,0.271890298510197,0.2719320523063429,0.2720873607587652,0.2720242812287846,0.27205553213054917,0.2720821989091566,0.2689648781740014,0.26910763959554457,0.26943945172145356,0.2696997213223901,0.2698838521990626,0.270226267347178,0.2701937654544431,0.27014907789917486,0.2702903753470208,0.2704360968173874,0.2707766822169046,0.2707910108021272,0.2706979590405325,0.27077731624029494,0.27088390397529305,0.27090203410103875,0.27088344080591603,0.27089382153087455,0.2708094706552004,0.2709260073242046,0.27102252783521863,0.27112237015014223,0.2711585151977927,
0.0,0.0,0.0,0.0,0.0,0.0,0.0,0.0,0.0,0.0,0.0,0.0,0.0,0.0,0.0,0.0,0.0,0.0,0.0,0.0,0.0,0.0,0.0,0.0,0.0,0.0,0.0,0.0,0.0,0.0,0.0,0.0,0.0,0.0,0.0,0.0,0.0,0.0,0.0,0.0,0.0,0.0,0.0,0.0,0.0,0.0,0.0,0.0,0.0,0.0,0.0,0.0,0.0,0.0,0.0,0.0,0.0,0.0,0.0,0.0,0.0,0.0,0.0,0.0,0.0,0.0,0.0,0.0,0.0,0.0,0.0,0.0,0.0,0.0,0.0,0.0,0.0,0.0,0.0,0.0,0.0,0.0,0.0,0.0,0.0,0.0,0.0,0.0,0.0,0.0,0.0,0.0,0.0,0.0,0.0,0.0,0.0,0.0,0.0,0.0,0.0,0.0,0.0,0.0,0.0,0.0,0.0,0.0,0.002016723782113079,0.0020412489009982993,0.002641547427983737,0.0028807581898264894,0.002830758919547534,0.0029154129263440852,0.0029914557850262403,0.0030475372884970374,0.003225087892885674,0.003348818387976125,0.004416041836150985,0.005277818496908005,0.00697214113198744,0.008011576273433407,0.008394457366660571,0.00932966729724266,0.009822945414182717,0.009982328854370386,0.010518059790994043,0.011044244453477296,0.012389350141777123,0.01262873375659782,0.013166776543187826,0.013674702756995082,0.013714982188192459,0.014518740847344168,0.015057339591598365,0.01575787797606981,0.016133563631228007,0.01620945393201164,0.01773935021629229,0.01888078965385969,0.02098073679043117,0.02250015110414448,0.023286705862013625,0.024277061190161573,0.025519785244458904,0.04544892191708498,0.04625480644615243,0.04761766339453134,0.04783913049319865,0.04796061895124769,0.048881023785119326,0.049296805520809214,0.05185255681221,0.05248790303483325,0.05254028079041093,0.05308416100079638,0.054107380148414964,0.055471569858983515,0.055973920155664755,0.057193415060074956,0.0617439027886082,0.06216984564036872,0.0635910103846101,0.06501655844621186,0.0660252941539518,0.06806017054605386,0.06841703604069659,0.06967157146597532,0.07157857645057536,0.07621653924553372,0.07867488491361618,0.07991068381139388,0.08034393040197946,0.08457539575974207,0.08526105206724034,0.08645900523355203,0.08818432426454313,0.09324143603489438,0.09424823483918464,0.09709663033389368,0.09913877240590722,0.10009565075613963,0.10177943203855251,0.10463094873407748,0.10494459495046568,0.10537396117609524,0.10635514676774724,0.10968121751547495,0.11053145424399603,0.11984364786757346,0.12096894994646101,0.12174342393145529,0.12236455591179395,0.12301777317751557,0.12473495250021494,0.12503556515399714,0.12581168383747315,0.1280113504798985,0.13014791289188216,0.13135081557688563,0.13265995120623902,0.13327741836578913,0.13379486463402515,0.13507084427663754,0.13600343041993238,0.13684963425724847,0.13731049984373167,0.1382629154215854,0.13943560573137553,0.14352338383119145,0.1437083789832625,0.14422429435654927,0.14845004336196127,0.1490361763672475,0.1493930103754983,0.15394360244154723,0.15502851854964414,0.15589407525699295,0.1561910248819691,0.15699787700620293,0.1583207012479073,0.1585607315077128,0.1606124101663405,0.161814073696582,0.16350955275494405,0.16627083986484623,0.16776974073072423,0.17006544433390805,0.1709606618702541,0.17147671764290873,0.1724858889101477,0.17301893260864576,0.17611773836069017,0.1759877691244298,0.17821458855078975,0.17906903185860545,0.17968200799506984,0.18071352260174905,0.18210415975442568,0.18215127309243961,0.18269704052986668,0.18434240921034875,0.1848318287192879,0.18516948708956263,0.18553086963657914,0.18664240015138098,0.18848795707266433,0.1894179879747238,0.1906764893867438,0.19496947884026908,0.19610752181591323,0.19759129022819524,0.19872119512385114,0.19948667466365674,0.20103688380344123,0.2032265844661381,0.20366530533120644,0.20388077851860664,0.20477036020271644,0.20575924252705746,0.20635936585516668,0.21040711896712716,0.21150170234704424,0.21230005948701608,0.2132617815461011,0.2124283603825235,0.21478030395381043,0.21561546276264495,0.21577203040752066,0.2169397304479768,0.21758199894798907,0.21826274574564813,0.21871665909669336,0.21945985347797972,0.21995212885956694,0.2204876067339005,0.2206007087354674,0.22100707638128742,0.22128480516529825,0.22133416191063315,0.2212660060025793,0.22180632355257934,0.2219937612087275,0.22158140923341357,0.22175945196801827,0.22137958213968728,0.22163635928929235,0.2220863364818804,0.2226125651669856,0.22286341008616012,0.22380125134671813,0.22430812817985327,0.22514382759445206,0.22546948067622477,0.2256822432767144,0.22605855054525106,0.22582410846979245,0.22608774637951534,0.2261014463281354,0.22634958411086778,0.22664678809808184,0.22749662664927714,0.22780939277206216,0.2279639215301413,0.22852124929024742,0.22863780976483994,0.22870273496882335,0.22900434916882953,0.22905303941788546,0.23030430646496358,0.23064931724470397,0.2307565303835641,0.2315448999376362,0.2314894318619908,0.23205310294880135,0.23189132418522873,0.2320899857251966,0.2321066519220801,0.23221085442429812,0.23235532541026224,0.2324813675384434,0.23279090954684242,0.23334625811400633,0.23349539672228523,0.23367757297995076,0.23389218230474093,0.2344423889489585,0.23469998196178618,0.2347843983558256,0.23555297036175926,0.23600215247805098,0.23607457779114602,0.23622233212089022,0.23643825249344336,0.23664156767355002,0.23674498007543496,0.2369622318078579,0.23702850873564033,0.23726077431334464,0.23766754796225487,0.23774730939626848,0.23782764188741365,0.2379523982980124,0.23853325486984536,0.23850482026349482,0.23857321566066786,0.23867077878138485,0.23878831280812363,0.238858512751868,0.23895608359372203,0.23909271281798175,0.23919238416523184,0.2393274257427432,0.23954776195990446,0.23959727286143614,0.2396369254289204,0.2397477000700879,0.23989084470618105,0.2400718200200037,0.24008887328920722,0.24093287446714667,0.24093695558296035,0.24104135347563407,0.24115350348391407,0.24129156428985815,0.2411358953872127,0.24092656000262141,0.24095714036793814,0.24120308511366348,0.2411276810257536,0.24120812976562905,0.24147886522446665,0.24175359909072994,0.24190899577154934,0.24200468851486148,0.24195479506684775,0.24236596182279788,0.24248587365023805,0.24256539975992605,0.2426218550897315,0.24286330437495687,0.2429156547456037,0.2429752440457816,0.24305880848748784,0.2432917023919691,0.2435817413902974,0.2439951431688053,0.24412950363371605,0.24471619023981683,0.2449153509600353,0.2449548558979285,0.24529813581856902,0.2455031911836639,0.24571589050602521,0.245791375425597,0.24590802865391617,0.246067271912371,0.2461921627975732,0.2462587848192003,0.24628905627747652,0.24642185452311355,0.24656275518271278,0.2466782319547023,0.24674351922283977,0.24678868934429476,0.24682824974629297,0.2468494324956734,0.24721345791381952,0.24724438182131336,0.24730448083651366,0.24734284713172566,0.24745468923319583,0.24771682623101463,0.24779217891017663,0.2480206393451352,0.24825955743813735,0.2482614388725461,0.24833815716229238,0.24838661962544212,0.24847816180821622,0.24867389884242538,0.24871687149803276,0.2488021969921404,0.24923159436939188,0.24930456591821012,0.24937278972652935,0.249480156319799,0.2495111178519274,0.2495667289565343,0.24975254139935435,0.24985856693756364,0.24993027345480537,0.2500047527469426,0.2500953570613541,0.250193758364733,0.250298158056921,0.25038513760779096,0.25046687506972853,0.2505844308804024,0.2506233029044452,0.25070483240436947,0.2507332671941752,0.25084060586977414,0.25092493328501636,0.2509346192349704,0.25089980429917574,0.25106813778856235,0.2511011382423626,0.25127183795276353,0.25123422666820483,0.2513269989341724,0.25147174994532334,0.2515256171746988,0.2515866577008548,0.2514409048880041,0.2510891326196289,0.25118422280114044,0.25126352110814365,0.2512804859404227,0.2513716632436337,0.2513990564732892,0.25140802910715454,0.25271758927050747,0.25298413290757576,0.25309799983089837,0.25311308643943525,0.2531099565223306,0.25312635184160026,0.2531417958481012,0.2533247288662418,0.2535665116938275,0.25366201845552355,0.25368034228098374,0.2537096224150776,0.2539765847982761,0.2539876867128055,0.2540500719690756,0.25412028868064945,0.2541405461740148,0.2542946951222079,0.2545899578176704,0.254655105518547,0.254679505378925,0.25469729585859147,0.2547398285486867,0.2547487037877119,0.25475357558147543,0.2546772154319215,0.254695804861947,0.254920403686919,0.25583758983191457,0.2558624786914559,0.2559059320087386,0.2558977950217976,0.2559152260037273,0.2559548351868077,0.25582075952889144,0.25606101882518,0.2560075826208446,0.25599058354982396,
0.0,0.0,0.0,0.0,0.0,0.0,0.0,0.0,0.0,0.0,0.0,0.0,0.0,0.0,0.0,0.0,0.0,0.0,0.0,0.0,0.0,0.0,0.0,0.0,0.0,0.0,0.0,0.0,0.0,0.0,0.0,0.0,0.0,0.0,0.0,0.0,0.0,0.0,0.0,0.0,0.0,0.0,0.0,0.0,0.0,0.0,0.0,0.0,0.0,0.0,0.0,0.0,0.0,0.0,0.0,0.0,0.0,0.0,0.0,0.0,0.0,0.0,0.0,0.0,0.0,0.0,0.0,0.0,0.0,0.0,0.0,0.0,0.0,0.0,0.0,0.0,0.0,0.0,0.0,0.0,0.0,0.0,0.0,0.0,0.0,0.0,0.0,0.0,0.0,0.0,0.0,0.0,0.0,0.0,3.890780407155212E-8,3.890780407155211E-8,3.890780407155211E-8,3.890780407155211E-8,1.9869218475262325E-6,1.986921847526232E-6,3.011703656945064E-6,1.1166921169190414E-4,1.1166921169190414E-4,1.1166921169190412E-4,1.1698591250363565E-4,1.3142770119041025E-4,1.9258156705369005E-4,2.0615935753727672E-4,7.141967032495185E-4,0.0012438498698078677,0.0013140102637337224,0.0022304307181497556,0.0037283017494084943,0.0040053197836794705,0.0055247316498577975,0.0056770196168829815,0.008021553552230245,0.008425758331725703,0.00864484167702375,0.009531159798072822,0.009561389444849328,0.010007401049660884,0.009519712439225515,0.008418022357545516,0.010246160079885387,0.010631866017932232,0.011037645379216194,0.011456218603853471,0.011736099584482242,0.01284222042489595,0.012480412220466494,0.012725403195436868,0.012947053768647205,0.013571668906853811,0.013699473946008666,0.014877360078297482,0.015213760287077799,0.016133060312243548,0.016535655075145053,0.01708080964987439,0.017332345648457592,0.019051793212139508,0.019685569347239203,0.019250396162245012,0.02035201871987972,0.021099666475688145,0.02111298025248725,0.021430722311390503,0.022408001089104894,0.02209488761093202,0.02324173342620328,0.024461996174145833,0.026272364798086794,0.028262448299340173,0.029007755120129753,0.03035814306108847,0.030424638103115728,0.03258181327514252,0.0325124683526344,0.032757582424763704,0.033507488799157686,0.03399616568879991,0.03415386209041926,0.0346370420051682,0.03431884063299048,0.035471926496319015,0.03626268520210626,0.037018378156934394,0.03880094352572169,0.03937839682944842,0.040362946853712556,0.040557312069930934,0.04104935887742225,0.04177143808203248,0.04175635649125274,0.04205753645528275,0.04480060123453927,0.0446788799818915,0.04849544097312186,0.04886295657321893,0.05162034616507278,0.05216586174542707,0.053339337349079405,0.055122247026422086,0.05594792336737761,0.0566944372099754,0.056535140518887014,0.05656087177524446,0.05659929745382262,0.056912794593202434,0.05807427503050977,0.05825658273592384,0.05835936758381392,0.06163645485564253,0.06209418175021661,0.06162510588683182,0.0630706245353525,0.06349653639037037,0.06433556613343656,0.06493633891399488,0.06572594561984825,0.06615908769948223,0.06676534982100582,0.0670350948393317,0.06766510004497071,0.06825041810143703,0.06807771212787284,0.06904614192505665,0.06958374043379498,0.07133719387905373,0.07253421155719679,0.07701451836242826,0.0772364158589488,0.07728948317175034,0.07914790902457072,0.0804783065359761,0.08106930178720176,0.08730142296463675,0.08895407237327192,0.09125739444535325,0.09276438930013292,0.0936103631712604,0.0956878960033165,0.09972053439478647,0.10114463942863242,0.10368249748121035,0.10587129949903716,0.10652331002607818,0.10723070991081023,0.10814974415388207,0.10868720430699631,0.10934855813484422,0.11012714732649555,0.11209134605398693,0.11327556484337303,0.11302642257015744,0.11358054842077955,0.11387476967739665,0.11394432851564741,0.1144248752149825,0.11459385608257494,0.11471958447669339,0.11457913825795304,0.11754957753604285,0.11817754235534214,0.11954700397317833,0.12085240932648081,0.12059724906124708,0.12138331355584177,0.12319406826321452,0.12448194456955373,0.1275236445270335,0.1292642084277424,0.13056283682074563,0.13087946213324092,0.1319665030963366,0.13197769186194153,0.13192920318210966,0.13263412616439996,0.1338576871829199,0.1339134652330388,0.13429608741564467,0.13524980592658692,0.13651841535301235,0.13797122600645148,0.13909156229088102,0.14119481109234677,0.1421541549114312,0.14250722001686233,0.14365242515279367,0.14577103022266322,0.14620837087843544,0.148049144573088,0.15022737285207013,0.15167192434176044,0.15178490407542478,0.15350732763356972,0.16191626202338003,0.16421086828950734,0.16418930578383467,0.16459900497038865,0.16549447839888515,0.16544196142179785,0.1657506442034143,0.165832083215496,0.1657913267702861,0.16663654441250147,0.16833975024601797,0.16830306334272982,0.16951118334110477,0.16948808983470623,0.17038817127186007,0.17083663490663584,0.1711654451288325,0.17151095160375032,0.17132309275812993,0.1718471844149377,0.1743062741512471,0.17434013384295122,0.17489511263254987,0.17483854661773324,0.17557901067790918,0.1775139910948191,0.17777336631251156,0.1781597980557295,0.17850160813487928,0.17900530222317573,0.17985389896717965,0.18007701242201135,0.18026663162877904,0.1802883743193482,0.1805276415919447,0.18190369244975207,0.1822017270403893,0.18892242609984852,0.18912098147886436,0.1898548978485201,0.19012445919319912,0.19013955759957937,0.19075115818088312,0.19233400094827918,0.192856592289431,0.1933901180547776,0.19296702435603263,0.1930362035614833,0.1911348720494285,0.19293835198755924,0.1932952537681805,0.19380911394127903,0.1960250871526185,0.19928503253762253,0.198990627703643,0.20100409037119946,0.20120524430192424,0.20180055729627674,0.2030747147568733,0.20322190665068646,0.20338789668788898,0.20356495601185115,0.20362387697545073,0.20494912568558654,0.20598902128684704,0.20710851843428546,0.2079591495737525,0.20822341114311096,0.20837650802964713,0.2090730095003633,0.20953315749363377,0.21169828901701834,0.2107363041282914,0.2108040510070128,0.21115562249556039,0.21090843878053075,0.21766088680947734,0.21717324311538833,0.21726491611543688,0.21783473897821265,0.21775505463605108,0.2177868689781772,0.2175970583899315,0.2178386459542462,0.21929504307326045,0.2193402322423431,0.21959614349466072,0.21960294788648269,0.21940979343062292,0.21926282985464712,0.22210259365595947,0.2221562530650371,0.22222408997389978,0.2226380420913148,0.22340622975259333,0.2238269369934736,0.2238452297609137,0.22458435407405294,0.2246824413368418,0.22469665005967965,0.22496002452892702,0.22513429299309679,0.22705182204389454,0.22806646256060487,0.22730767867181906,0.2284990447608979,0.22847943683945307,0.23034782921851005,0.23312146039894074,0.23311098330384616,0.2349197577868599,0.2350553787267991,0.23641583000237595,0.23866940126825606,0.23825994805898734,0.23894994880002832,0.2383584700043944,0.23836156641789397,0.23856036376878736,0.23909259950073727,0.23972285076093008,0.23996449449817014,0.24026489900498962,0.24529335999360563,0.24575619865103998,0.24562112266850644,0.24807525802585334,0.24817355851888792,0.24471192239353712,0.24472129658361003,0.24483847474908083,0.24495894833246257,0.24511349522997178,0.2453852851087961,0.24555659846564692,0.2455929957704694,0.24595350046384612,0.2460398557200217,0.24631600403612686,0.24646769459850235,0.24682543110923086,0.24915089686601385,0.25014475853979146,0.25027669045129575,0.2501216677127051,0.2501325656218748,0.24979719653157403,0.2503493102639275,0.2503848880927421,0.24965351578105238,0.24600273500962772,0.2460608087516095,0.2461947045516011,0.24624564425538709,0.24797119050903074,0.2479736012763742,0.2483652978791759,0.24880910013439875,0.2488221392209483,0.2493027132226159,0.24928566220009127,0.24941655231995422,0.249599689669281,0.24924108737667994,0.2493732773277232,0.24957258085211242,0.24961436630914127,0.2496864383359981,0.2512892083577701,0.2512771289368734,0.2512828133179548,0.251382310969771,0.25207286697735315,0.25216376471864077,0.25206129883536704,0.25338247213966486,0.2529483662532526,0.25381665743570025,0.25491782179213746,0.2549967852951072,0.25510142241953027,0.25513900213491036,0.25518360257765105,0.2555123797701335,0.2553970025426279,0.25567310499513796,0.25567930756285584,0.2569682479164662,0.2562320198664927,0.25580919612343367,0.25580204486348157,0.2559932325400218,0.2563077727852692,0.25641440099755064,0.256710437761787,0.25685067971778397,0.25675934454405386,0.25674403000554286,0.25677352690757693,0.2567714029438646,0.2586990867410917,0.2587268145173777,0.2586605444082995,0.25877991470011613,0.25877544648676315,0.2588330360769044,0.259254416301845,0.25985712942594863,0.2599019724514309,0.25997904996539867,0.25998810279630924,0.26001772692345154,0.2600492886706818,0.25999665272126193,0.2601482213776927,0.2601426768084206,0.26017564786887815,0.26018221699601873,0.26049118587076286,0.2604853192646941,0.26077467633088397,0.2610968855234051,0.26113435303312543,
0.0,0.0,0.0,0.0,0.0,0.0,0.0,0.0,0.0,0.0,0.0,0.0,0.0,0.0,0.0,0.0,0.0,0.0,0.0,0.0,0.0,0.0,0.0,0.0,0.0,0.0,0.0,0.0,0.0,0.0,0.0,0.0,0.0,0.0,0.0,0.0,0.0,0.0,0.0,0.0,0.0,0.0,0.0,0.0,0.0,0.0,0.0,0.0,0.0,0.0,0.0,0.0,0.0,0.0,0.0,0.0,0.0,0.0,0.0,0.0,0.0,0.0,0.0,0.0,0.0,0.0,0.0,0.0,0.0,0.0,0.0,0.0,0.0,0.0,0.0,0.0,0.0,0.0,0.0,0.0,0.0,0.0,0.0,0.0,0.0,0.0,0.0,0.0,0.0,0.0,0.0,0.0,0.0,0.0,0.0,1.3906817232421606E-5,1.3906817232421606E-5,1.67227348263361E-5,7.509122443225523E-5,3.2496821445934576E-4,4.2076952225184744E-4,5.139941110739411E-4,6.458665656124398E-4,8.603551746790178E-4,0.001294583332739306,0.001623894856956284,0.001744832334425877,0.0017750495551021167,0.001943884876613681,0.0021733978530555013,0.0022497932073193352,0.0024106866771973954,0.002524766791030007,0.0024627332851651414,0.0032722060922964363,0.003766797955785969,0.004085403600925342,0.003822897100272274,0.003783833265007949,0.003949557098855251,0.0038069149504968355,0.003939737339613935,0.004154509450740484,0.0041040776142156725,0.004176541643925012,0.00416472696379167,0.004224250181532317,0.0042377792091725435,0.00447401220525462,0.004455728774911536,0.004529026874742756,0.004499836426963216,0.004764086492708424,0.00503987772305124,0.004996470656279022,0.0056354012113154035,0.005632495969673351,0.005586945624722537,0.006160806127861206,0.006329879524349054,0.006448340614762462,0.0070085024856901,0.007417610780644542,0.007638673018749252,0.007702883592301188,0.008129548232290403,0.00879707596274216,0.010028686829240015,0.009869781201520163,0.010391173657046305,0.010678936829328103,0.010519597534229118,0.011114620142242612,0.011790476854134676,0.011693989622341154,0.012023634331177858,0.012196242293009855,0.01230672548957695,0.011997060216221066,0.01233169336879569,0.013623162256015406,0.01348436136664398,0.016819781123163745,0.018334592130165472,0.019556725710887433,0.019907896170484343,0.020362850323614238,0.022616730613759455,0.023564988092211962,0.024353949891779064,0.02629935462675636,0.026694769867216993,0.02730909140664806,0.02760908117268793,0.027580247893238118,0.028237416064256234,0.029319663249186525,0.03230708453806985,0.03346677487954673,0.03400788359650015,0.03434700774839159,0.03438354748858764,0.03527769241259569,0.03585215533725517,0.04101517643745515,0.04212218813722422,0.04243667608406137,0.0437930083451333,0.04561240976906899,0.049718942044381306,0.051487835764914926,0.054315666708303616,0.05864201684330561,0.06167632192852386,0.061780252866013116,0.06573970188931275,0.068946088195975,0.06900468431013834,0.06989572842700256,0.07016642158726888,0.07032606554097734,0.0692939361920892,0.07201350479735968,0.07294736181244113,0.07374346017536215,0.07278417057429573,0.07345349540155681,0.07741158933296707,0.07889818622276525,0.0788151816158956,0.08070242477121227,0.08026823636691263,0.08091403819450894,0.082547606446312,0.0827767834749058,0.08392368511393165,0.08799182931757728,0.08768509810489271,0.08900586704969089,0.09088615109979455,0.0949033615930943,0.09552670561485675,0.09606120767232236,0.09673269871753629,0.09690211053523747,0.09820100653787837,0.0988652057159707,0.09951454883511944,0.09979462993758104,0.10142890215769465,0.1017349162561768,0.10407482633415982,0.10414670568669059,0.10477784077784237,0.10471604737143211,0.1062003834319853,0.10725262401450025,0.10807075803783055,0.1087556125074118,0.11057648222751458,0.11093612767669177,0.11146826021745515,0.11181688785598941,0.11240324456956548,0.11299638607423322,0.11345690294138681,0.11385376733766496,0.11393388996340921,0.11404112430802664,0.11402198266143494,0.11380887691755852,0.11399635775559568,0.1148475128902892,0.11495136021997747,0.11532519007002615,0.11581170744317498,0.11581564466265487,0.11587547245489446,0.11612619994822332,0.11626160198184199,0.12063257475209199,0.12184918104535798,0.12848272478074863,0.13090374946598504,0.13144263006930426,0.13200648815843713,0.13429293726215843,0.13480917239899423,0.1359157123007327,0.13632280877789069,0.13708175461922903,0.1371173384414091,0.13804682737198468,0.14049530028201582,0.145486571634329,0.14562421369824985,0.14624961746930762,0.14747578435998393,0.14744203811298942,0.14824632503041263,0.1492683567452773,0.14939618197325158,0.1512630134524083,0.15131210289950595,0.15191734963680628,0.15228067945436888,0.15402031205756334,0.1574313255991786,0.15828571434619912,0.1631159853479691,0.1633578403852704,0.16379346938490594,0.16408242999286576,0.165051413115887,0.16582941505449206,0.16582673498591916,0.16731029457792834,0.17037514344876048,0.17147622160879725,0.17186360280951674,0.1786449509256667,0.17882077472972874,0.17986721745344975,0.18282708162408104,0.18322049216226657,0.18491275804365917,0.18524974966978947,0.18552809672616247,0.18557109671148161,0.1847289478671114,0.18466752052014776,0.18471183019749043,0.18745856121150906,0.18763501417176312,0.18716152974421468,0.18749764150676002,0.18824077249467092,0.1883802716151279,0.19031441157004012,0.19113089185380008,0.19127970434642555,0.19174548683473966,0.19197401574626036,0.19208974799487472,0.19162917455719772,0.1919942813156633,0.1925205194285502,0.19325293270692204,0.19387011407576352,0.19425065930202884,0.19518647489615984,0.19633254505915773,0.19831061158184587,0.19935423171778552,0.19978433623759606,0.2008638982244611,0.19995321056989696,0.200564969754653,0.20073326559398103,0.20070774399102456,0.20101740178277377,0.2011925735394776,0.20438288753159262,0.20433414471468186,0.2045035639424443,0.20364216302817825,0.20379637088256478,0.20650713221799855,0.20983705356993065,0.20986271422618266,0.21027967564051342,0.2113255227459134,0.21615777137004497,0.21604996039595042,0.21699744504629284,0.21729757547154321,0.2177013570576187,0.21781349831094618,0.21840244377718476,0.2190294451927389,0.21949824229163364,0.22130095013271314,0.2222993377667094,0.2224273009405044,0.22279510501232364,0.22296944634712207,0.22337416687711198,0.2232848292521825,0.2244847139012224,0.22769182394093893,0.2278261775106521,0.22774873554040784,0.22854203255338382,0.2284796758855974,0.2284222031087633,0.22803822297230317,0.22800102666640998,0.22796867210798408,0.22822895643690877,0.2294837967620095,0.22953879591161985,0.22977531688021186,0.23348615750990648,0.23364385973656976,0.23689876007785682,0.23764864400678318,0.23820024703978832,0.23991629723292798,0.2400729181138137,0.24011605006971604,0.24032140898618332,0.24028409339165255,0.24016579542055586,0.24025530864842332,0.24189700027647376,0.24190907967478914,0.24196016558378133,0.2431147307593794,0.24406425704542503,0.24521492839057202,0.24527780673835814,0.24544545192870496,0.24619569075707218,0.24725330908907642,0.24771677533538106,0.2477947595800857,0.24786745579626585,0.2482011506233616,0.24850497182632258,0.24886298908801915,0.24581532321376603,0.24602281889038066,0.24632656491324498,0.24642135558949066,0.2456447734020234,0.24566465255387435,0.2468013781087247,0.24684564129114644,0.24678965639770106,0.24677032511232333,0.24622487558147108,0.2463239460244887,0.24865747029412708,0.24699252470329244,0.24702501754968947,0.24731750468580377,0.2481018411822479,0.2529484728026772,0.25317913690678595,0.2533629350012738,0.2533357419561048,0.2533792743756292,0.25128539734926664,0.2514545313358666,0.2514652131188298,0.25241173458111205,0.2532803042555034,0.2533712728244919,0.25339085723025906,0.25180280737692673,0.253341764046671,0.2535916740389068,0.25583529982451336,0.2562095289403158,0.2555947446132792,0.2556074762770061,0.2555514421909319,0.25565634170051316,0.2556808782427283,0.26099882982065764,0.26106183881177497,0.2611466201330275,0.26187777593161377,0.2618757211714928,0.2623517657076688,0.26280987240236875,0.2626151017462373,0.2651321498639045,0.2652302059942902,0.2657839395543777,0.2658200905857004,0.26585316052455615,0.26705361533988403,0.2671355253419261,0.26712057727039645,0.26675454565204376,0.26691157734651066,0.2641299830079199,0.2641273433247701,0.26420619163088327,0.2642339427319991,0.2641831334612257,0.26432389777476467,0.26442554863832335,0.2644229334726569,0.26443214884777344,0.26479195854238075,0.26490072486051014,0.26492985145185355,0.2649600768939281,0.2651145166345085,0.265168310427593,0.26672339398328687,0.26686668891374277,0.2668390789064393,0.26788543656328756,0.26798930402249704,0.2680633684387603,0.26812113894664685,0.2697719099722564,0.2694723209346539,0.26939908628558806,0.26936759040336106,0.26932114867230666,0.26932204704349455,0.2695096862590446,0.26975686264557974,0.26975571047393004,0.27078952421036867,0.27168158727313524,
0.0,0.0,0.0,0.0,0.0,0.0,0.0,0.0,0.0,0.0,0.0,0.0,0.0,0.0,0.0,0.0,0.0,0.0,0.0,0.0,0.0,0.0,0.0,0.0,0.0,0.0,0.0,0.0,0.0,0.0,0.0,0.0,0.0,0.0,0.0,0.0,0.0,0.0,0.0,0.0,0.0,0.0,0.0,0.0,0.0,0.0,0.0,0.0,0.0,0.0,0.0,0.0,0.0,0.0,0.0,0.0,0.0,0.0,0.0,0.0,0.0,0.0,0.0,0.0,0.0,0.0,0.0,0.0,0.0,0.0,0.0,0.0,0.0,0.0,0.0,0.0,0.0,0.0,0.0,0.0,0.0,0.0,0.0,0.0,0.0,0.0,0.0,0.0,0.0,0.0,0.0,0.0,0.0,0.0,0.0,0.0,0.0,0.0,0.0,0.0,0.0,0.0,0.0,0.0,0.0,0.0,0.0,3.301814713625201E-5,3.301814713625201E-5,3.917006504511376E-5,5.9137644740849895E-5,1.2658379002010922E-4,1.3331998823723232E-4,3.704000942124817E-4,5.568611256761159E-4,6.130901003356934E-4,6.149397335415001E-4,6.295472396741046E-4,6.923163882659287E-4,7.619463200372798E-4,7.616711238899759E-4,7.453526991481958E-4,7.607020874360346E-4,7.23789519920626E-4,7.364407470798954E-4,8.02403417021657E-4,8.572529385189009E-4,9.2441930956898E-4,9.568195755116069E-4,0.001158304082313035,0.001295565646254238,0.0013584013815764605,0.0013681700380694221,0.0014964287379512203,0.0014827214951547082,0.0014580608542815875,0.0014056435978804316,0.0015522701150686275,0.001871768880367105,0.0022132954608614884,0.002322464385152637,0.0023241622795174893,0.002348664154962416,0.002739391360392734,0.0028254847240909062,0.0031571539935634574,0.003116595225164128,0.002858962618536955,0.0030471181803852637,0.0036144735373001948,0.003726141869870198,0.003832618601669134,0.00426451673151455,0.004189640575943239,0.004547304282819843,0.004320556783753908,0.004486829194327059,0.00466105864511452,0.004697769161413412,0.005249126130252016,0.005413769044253263,0.005045165679139697,0.004804095805258326,0.005015112581778956,0.005349399111333594,0.0049950039309582875,0.0047731789572127105,0.005550617047720188,0.006158907886887406,0.0063276369339299735,0.006625319493337195,0.007532958365497472,0.007966304898165553,0.008504130108028586,0.009291926402957609,0.010096043377960441,0.011788519142826684,0.012326053266958044,0.013020929924190088,0.013041837205412948,0.013235735848489083,0.014243927486830345,0.014115507784193421,0.014440542669702239,0.014895335851558542,0.015354634749127632,0.015319435001696,0.015977927539303625,0.015641703644208447,0.015906958167410896,0.016090973626045047,0.018169854886728967,0.018756192300718254,0.019408740522110234,0.020490219939575633,0.02100523883386021,0.02097784436032903,0.0212132001196449,0.022623258898590383,0.024001802159575283,0.02688558287629649,0.027018511301802467,0.03159862430557386,0.031820257581547724,0.03325355799915741,0.03361812731936107,0.03542603647759781,0.034394027817263535,0.03432452931470036,0.035103436851967464,0.035824397782340714,0.03743238038818741,0.03975729558582799,0.04041950766568663,0.04038909973302883,0.04118377349792761,0.04128586439088841,0.04112258929279989,0.042738051265495534,0.042032962634799546,0.042454057458918774,0.04380079481767342,0.04579785954445175,0.046072647465959786,0.046272294805999085,0.04641957825094197,0.04702672109048962,0.047423317906303504,0.047690783931108684,0.04918075528622216,0.049179019823226734,0.04919651518932838,0.04963688951459495,0.05075321107770072,0.05077547340730392,0.051430414478859925,0.051829577249442225,0.05176631757138132,0.0523066346086019,0.053597696452835755,0.05340338497992252,0.05380544067324677,0.05617473007623836,0.057486367554037285,0.0583608848288405,0.06180000956586534,0.06442510211961978,0.06564537193081232,0.06568796875619028,0.0666104228145127,0.06873867876156313,0.06920339112195549,0.06953901056433788,0.0710762798699915,0.07243623262286175,0.07343726473048673,0.0746667011846198,0.0783006303301827,0.07840279568634834,0.08104559027049862,0.08142702900016531,0.08221058344964313,0.08682812790508236,0.08723724777338772,0.08749723620744415,0.0880312515996763,0.08781455614394693,0.08891747828670224,0.09551455127246972,0.0971391827316587,0.09798403127744115,0.09812926319376525,0.10056919870623152,0.10293008497078329,0.10376000686615686,0.10607361878113673,0.12322685429831763,0.12363993131777218,0.12290717022237393,0.12302717466698498,0.12320708142800334,0.12359137472440546,0.12411166968274717,0.12565068555871223,0.12701017866993458,0.13099653296280123,0.13601103426097044,0.13618904645577645,0.13791387522661938,0.13995417744862537,0.1424152161948961,0.1425967829066726,0.14576377740489044,0.14874169150749,0.1480452365309997,0.1506159899271522,0.15170918456462235,0.15178444699285631,0.15269783578799273,0.15303369611833934,0.153430673993002,0.15421546950031767,0.15444452270139197,0.15561570280844836,0.1544433199422025,0.1585968829692763,0.16002074939578698,0.16157498741057083,0.1629381485448731,0.16323099561377621,0.16370721679694553,0.16440136413395623,0.16552103172312221,0.1671138107257428,0.16972732046608952,0.17099315754726882,0.17243040261802606,0.17301703870747862,0.1731248747918992,0.17454340595641846,0.17461447746001715,0.1768798536024227,0.17706205409068898,0.1777405497171537,0.17926657421744166,0.18014559122538176,0.18072076549574226,0.18121365178098567,0.18148368852650706,0.1824371346589508,0.18305566004267393,0.18303594078166435,0.18376801263896658,0.18509345415239234,0.18687875613042704,0.18739114418206418,0.1881423312460869,0.18770900569857696,0.18795649637695086,0.18866468994288801,0.19004952208685313,0.19191694396797163,0.19246728109137698,0.19285499490010174,0.19331034874520292,0.1933735856014799,0.1943550095646634,0.1953139634540157,0.19531374510493626,0.19537247741631936,0.19627822106488654,0.19677818752977258,0.19715901304641872,0.1970972890885058,0.19773156833933062,0.19793402229240042,0.19766385807635273,0.19874999036598223,0.1990317692105995,0.19963111283117396,0.19964415470669222,0.1995239712615856,0.20085707174941086,0.1991804715761817,0.19927644307774703,0.19924408370508415,0.20072315436738036,0.20078183271883054,0.2015578133483514,0.20226902190929322,0.20236721391508247,0.20203424084840546,0.20227202518047036,0.2024662000746644,0.20276488633489945,0.2028389176454938,0.20315381349262107,0.20390006220325926,0.20521426353326047,0.2057794451972069,0.2067856311351149,0.2085665521579199,0.2087667140914296,0.20882922226947906,0.20900286211113162,0.20896361361956833,0.2091542303817504,0.20942714227118248,0.20944960635296447,0.20950116085126805,0.2094887908373815,0.20963978632857797,0.21149767434572214,0.21198175166846692,0.21218624212006512,0.2122234197078427,0.21234850765292562,0.21258939765173065,0.21269543137859293,0.21297300248488885,0.21401829452738588,0.21375096280511915,0.21344087280059706,0.21291266779908938,0.21380581101011284,0.21501622365407017,0.2152990176851459,0.21438017947731103,0.21533302245352293,0.21591793354407163,0.22043747017240675,0.22063899365229417,0.2195795134877553,0.21982430375007858,0.2205506131084995,0.22097997963477317,0.2204581862303863,0.22045395193136,0.22062050407931286,0.22076493527957197,0.22155133201261182,0.22162254032602452,0.22228283354375986,0.22266912872834896,0.22427823651203807,0.22520569411945582,0.22524197582126093,0.22544121550487245,0.22589097196378866,0.22765639187355408,0.228281237492745,0.2293272676399423,0.22933941760989596,0.2305450522657557,0.23069409390424278,0.23069529953436294,0.2307029566653804,0.23119116443723267,0.23130543790115324,0.23182022605383115,0.23352331435834234,0.23377277741957206,0.23423054627508527,0.23430627886346547,0.23347898846834608,0.2340231350781185,0.23307079919725246,0.2331710987395972,0.23317700638440317,0.2361460358846741,0.24178682363754084,0.23804346417459846,0.23809416490216628,0.23752949477098853,0.2376524705251996,0.23769347719483414,0.23776846212357655,0.23803959045179263,0.2376825597262893,0.23805821361161542,0.23805031363989387,0.24505897127621243,0.24502284763847998,0.24588121409603172,0.24692340943177424,0.24743239873118994,0.2497844334405421,0.2500627968566612,0.2524819204051097,0.2529341335829715,0.251884764594452,0.2525647437930865,0.2529539532421219,0.2529431411212384,0.2530264592897618,0.25167458580324836,0.2564331027610443,0.2575873338286824,0.258084080532234,0.2583085468698424,0.2585256778650239,0.25871911857914626,0.25888286087931117,0.25876914854977134,0.25888041771959536,0.25885760727454443,0.25905064852832504,0.26116388103113297,0.2609142888447922,0.2617340253945464,0.2621867448033906,0.2623300919164068,0.26230057439631743,0.2667584951978199,0.2667478050298573,0.2669517239208686,0.26838282127469626,0.2683980365426695,0.2685256798905817,0.2696802152075485,
0.0,0.0,0.0,0.0,0.0,0.0,0.0,0.0,0.0,0.0,0.0,0.0,0.0,0.0,0.0,0.0,0.0,0.0,0.0,0.0,0.0,0.0,0.0,0.0,0.0,0.0,0.0,0.0,0.0,0.0,0.0,0.0,0.0,0.0,0.0,0.0,0.0,0.0,0.0,0.0,0.0,0.0,0.0,0.0,0.0,0.0,0.0,0.0,0.0,0.0,0.0,0.0,0.0,0.0,0.0,0.0,0.0,0.0,0.0,0.0,0.0,0.0,0.0,0.0,0.0,0.0,0.0,0.0,0.0,0.0,0.0,0.0,0.0,0.0,0.0,0.0,0.0,0.0,0.0,1.3361059887901966E-4,1.3361059887901963E-4,3.452226174864671E-4,5.921761844799125E-4,3.7642902109468677E-4,4.061372254240029E-4,6.924126877209329E-4,6.930774629824964E-4,6.982004295794436E-4,7.391120789998823E-4,7.733077453590746E-4,7.912327604640606E-4,7.294710221415694E-4,7.395320061551603E-4,7.539108709757184E-4,8.697300855403568E-4,8.495131574125427E-4,8.810829889428428E-4,8.808129898444721E-4,8.298853972711518E-4,9.280133555857051E-4,0.0010350690339275648,0.0014514310887521655,0.0019461436071467738,0.002178572647516418,0.002691833965451699,0.0030337751478674677,0.002881938521371823,0.0028403171784580697,0.0027524904885031344,0.002934975376241224,0.003572406636148029,0.0038619689716396124,0.005144427192886088,0.00520389142746828,0.004956756877478087,0.00874503268526499,0.009933109678253917,0.010854412575982115,0.013348930947834911,0.013676088654971554,0.0138341719441026,0.016776009230238698,0.016990833008042744,0.017321228195856547,0.017372768564216424,0.01902543272811458,0.01998268118241205,0.020151344596759834,0.02114961762165936,0.021560055084144165,0.022128127944790077,0.022402903611979965,0.022521658945556928,0.022533603692807255,0.023195132194001773,0.023291260468649974,0.023862221822006334,0.024591786245561503,0.025009190567385976,0.02673200304601904,0.027133536904373617,0.02739067314160081,0.027557775273931537,0.02888670135085648,0.029329547375854883,0.03020369039207385,0.030331533574755192,0.030695737959060266,0.030794728731247844,0.031012664060248826,0.03159221914791861,0.03194134708728356,0.0322831419385989,0.032569643773054664,0.03256028464823041,0.03276348509827563,0.0323751193036443,0.03219908501597857,0.032397121072992474,0.03229739158599767,0.032991818265391375,0.033276220689421064,0.033932548594136365,0.033852182862863824,0.03358428290677151,0.03423247093015779,0.03467388132235293,0.034711362838417116,0.035380954972274475,0.03526952321851536,0.03561859005304756,0.036435165664279304,0.03854385408806675,0.03880435790556501,0.04095198943575142,0.0416442291380639,0.04241243061221235,0.04320709668390347,0.04757190894954115,0.04873885743707584,0.04893576445578882,0.04925022958435489,0.049165963722010236,0.04999655165315023,0.05033499047795732,0.04985929160195551,0.05049407014310841,0.05107837762114868,0.05168812173863352,0.05235620785794653,0.052281675730975787,0.05261566538350052,0.05270066621339303,0.05317975984969282,0.05632780372256998,0.057731765174316385,0.059204657806627085,0.05986696219569863,0.06169683816606748,0.06212038559363067,0.06498704790942839,0.06651059853426845,0.06788193405942064,0.06842519086978187,0.07026695242350824,0.07033186257101304,0.07147374280532369,0.07169386175576861,0.07242750221390339,0.07292150099717276,0.07431769972836393,0.07489843386750294,0.0766693631207236,0.07720175429866782,0.07779135264751558,0.08062481725341694,0.08081141931204631,0.08172409401134108,0.08246920807590792,0.08368037376783184,0.08351052653828071,0.08435366026110898,0.08645491768925205,0.08695011089679254,0.08858126781037724,0.08911299718894873,0.08943035622827239,0.09144498390637022,0.09228742941595554,0.09311452914050165,0.09392426052140004,0.09652748483971615,0.09674330587975744,0.0981013545504507,0.09846048089860746,0.1010622178440295,0.10128692967207832,0.10213250550740528,0.10290176920598161,0.10290913897317484,0.10318011665737573,0.10326872311406599,0.10364935256545058,0.10395291511267615,0.10491455309378439,0.10555485257027819,0.1062191994368966,0.10612999504235159,0.10623403772506403,0.10571335790538393,0.10448860122329727,0.10627700057634466,0.10807541944483774,0.10819340387453048,0.10847169732574712,0.10935238494507121,0.10962228902503755,0.11131991270887263,0.11389027744022613,0.11414891672006162,0.11467798820447278,0.11468255763169218,0.1167307570183213,0.11783228881573035,0.11926119037198754,0.12042908227802308,0.12205086289519715,0.12153328217038892,0.1217995423803279,0.12207151738113238,0.12227381859675376,0.12341871322318242,0.12343239973297725,0.12343732655780558,0.12362070758528536,0.12605586912530073,0.12603488317671618,0.12625650187702256,0.1263254685127017,0.12681600735455512,0.1275931350974966,0.12956381528396893,0.13171280342802383,0.1321198523579144,0.13366941356843096,0.13485346597131892,0.13564224639952488,0.1358118053745202,0.1361538724738219,0.13656847298017805,0.13878667501666458,0.14281415291181127,0.1429040766981878,0.144052040240448,0.1440478431171804,0.1578293881107468,0.15783444296173962,0.15852145718702657,0.15863007972992155,0.15982798249927055,0.15979526205383623,0.16079504298916883,0.16361367172332603,0.1639439702478348,0.16497770813078308,0.16515816066276878,0.16584377553936286,0.168415069139337,0.16785971225840907,0.16971139675542507,0.1693612066915639,0.1693464007093604,0.16952083646031005,0.17071758381679566,0.17337700634299272,0.17364226783355627,0.17375143373857874,0.17431879408244727,0.17474690007298585,0.17449466175435832,0.1774487594126831,0.17772734017698694,0.17779253804120343,0.1778295255392678,0.17792870199016927,0.17820081436575452,0.17880833040945945,0.17895772292397655,0.1791705552882381,0.1806737598299606,0.18081700764567896,0.1810061665745976,0.18454192352220083,0.18492807431649763,0.18735796383512135,0.18819275244645362,0.18842176752187081,0.18977803417643954,0.19496067976566486,0.19571635929069328,0.1970185220224885,0.19848045668601658,0.1988678741444024,0.19923967529821893,0.19906813256037567,0.20001381113543504,0.2004816293627937,0.20017217919599622,0.20000642184545606,0.2002260139021689,0.20358548355611272,0.20423262205152135,0.2044856786038554,0.20498073814614,0.20503355758819103,0.20543624714020897,0.20528926703103126,0.2054489971620309,0.20541640158163252,0.20510569017398758,0.20531002613200688,0.20618562399866333,0.21263200999164125,0.2136482000547496,0.21396633231061918,0.21405493662931632,0.2143586676688001,0.21455381926804257,0.21484567884980324,0.2159609474106203,0.216238231037621,0.21592761593703969,0.21607154920148758,0.21602152051392776,0.21674321667043628,0.21689778817235017,0.21708905009768353,0.217181988664047,0.2173581271202822,0.21810644545823576,0.21836502143203243,0.21856765236790085,0.222277807441387,0.22293538285540762,0.22333005074460033,0.2251899874695019,0.22505413647590256,0.22659301002112947,0.22706921351067552,0.22911647237988456,0.23205043031251288,0.2322250339138531,0.23104371693462142,0.23131240254052446,0.2312902775347565,0.2313947587931902,0.23154254681831907,0.23154698205023952,0.23159170550092747,0.23186289113776903,0.23203282408055192,0.23175105867747037,0.23179829447110312,0.23180800797712747,0.23208350627536634,0.2323256830256363,0.23234413193100556,0.2312215118094297,0.2313125961054393,0.23327334671908107,0.2332733608398665,0.23311551478468778,0.23337878271554993,0.23350300684726133,0.23280344146933732,0.2327227808082333,0.23277633681084497,0.23294441719506648,0.2332355753498217,0.2334099145575898,0.23355003522377743,0.23364398028912922,0.23369421290177414,0.23394953116742337,0.23402285157280134,0.23415210017402738,0.23414090419851558,0.23420782159749115,0.23335547243192079,0.23299678275079075,0.23299430645619765,0.23321833918523235,0.23535317420744375,0.23565032699113087,0.23667108539472514,0.2367333801860638,0.23591688541821507,0.23755122946831644,0.23767132700428165,0.23822313429493633,0.23935155175412265,0.23955582064644734,0.24084830280974825,0.24088303709032138,0.23996871768441938,0.23985925837725217,0.2400642072626882,0.2405975525747875,0.23983122734981918,0.23992138126561705,0.24014145573391282,0.2409866606180439,0.2411887657927187,0.24027966960610256,0.24027857489394847,0.24110598102087058,0.2416087972356211,0.24197544181378824,0.2426955469762862,0.242925818409118,0.24336779917878043,0.243504466067888,0.24400538061934632,0.24498741361821313,0.24481939037054143,0.24548346524820663,0.245761131708052,0.24620233197525818,0.24694729414948402,0.24694060704534737,0.24713101216324146,0.24702320856381807,0.24711403384605218,0.24711666728374151,0.24752046810440514,0.24756800192445744,0.24805113992092304,0.2480518255562902,0.24834135999902268,0.24826066626694462,0.24864892354299808,0.2486043563229695,0.2487626920652206,0.2489830648440947,0.24906245813221306,0.24888372155228974,0.25048023572023187,0.2506478689081877,0.2504651408246813,0.2505155038618324,0.25052347552589527,0.25052350233277504,0.2505389147695644,0.25065841201390787,0.2497039061391512,0.24971439403113818,0.24971089502652616,0.24985686912646504,0.25072879291594086,0.2507340138348253,
0.0,0.0,0.0,0.0,0.0,0.0,0.0,0.0,0.0,0.0,0.0,0.0,0.0,0.0,0.0,0.0,0.0,0.0,0.0,0.0,0.0,0.0,0.0,0.0,0.0,0.0,0.0,0.0,0.0,0.0,0.0,0.0,0.0,0.0,0.0,0.0,0.0,0.0,0.0,0.0,0.0,0.0,0.0,0.0,0.0,0.0,0.0,0.0,0.0,0.0,0.0,0.0,0.0,0.0,0.0,0.0,0.0,0.0,0.0,0.0,0.0,0.0,0.0,0.0,0.0,0.0,0.0,0.0,0.0,1.1630065095680419E-4,1.2899758902107505E-4,1.2899758902107505E-4,2.3513971847251566E-5,7.040346255273647E-5,4.2061347579301514E-4,4.2154633753830565E-4,4.43480538765077E-4,5.918688218743981E-4,7.134138595938451E-4,7.134138595938453E-4,9.570042633701568E-4,0.0011465847591222004,0.00121090416688726,0.0012897867632744749,0.0013123043938688156,0.001271755496340325,0.0013094399864083265,0.0013211405841021563,0.0012935005745755043,0.001411769813552767,0.0014873221219115055,0.0015670707469557725,0.001618605667709197,0.0016656274771067972,0.0016091394763227478,0.0016755915476803023,0.0016949543373038901,0.0017176870652406467,0.0017158255258132187,0.0018921464381571637,0.0020552626182652445,0.0021032464985847156,0.0021376276745884402,0.002198578019888337,0.0022568439964621868,0.0024948609545050143,0.0024683041419562447,0.002744745527994285,0.002791299936136829,0.0027640274956235874,0.003010714916685893,0.003335608916022873,0.0033431834300181366,0.00407988696497236,0.004532602498225628,0.004836454265156382,0.0049067517855133636,0.005228990823871596,0.005457034278077383,0.005559613874845257,0.005761944510168607,0.006156388736885013,0.006238763544120485,0.006367659458500921,0.00665171928667164,0.00664485616265793,0.006865208568984095,0.0071510419245513985,0.007096756484812754,0.008573242652533737,0.008704408964443884,0.008833116763885075,0.00914758653034473,0.009314785712649105,0.009349524418461722,0.009860598946335921,0.010182049156674663,0.01025707107931739,0.010577017674338095,0.01075763534514845,0.010580774911640204,0.011608908385684241,0.011969615179488066,0.012522933245272035,0.012984640289866059,0.012816828923759337,0.014874665760840126,0.017682510816421797,0.017746189620513098,0.01898637103581226,0.020141533804814527,0.020440686380034715,0.02110021372280444,0.021264264647573836,0.021433912086105227,0.022613980216773275,0.02267603435417665,0.02395467053395421,0.02428259091184336,0.024417864203762598,0.024847285012430772,0.025127076048705607,0.026500546893473222,0.027027819226935285,0.027758748194455705,0.028947270924493684,0.028751137619448437,0.029170229919610567,0.029100873648121365,0.02981036548700959,0.0299595634128537,0.030506281977351946,0.030860949362506954,0.03220151889976189,0.0324219722465412,0.03373691955698942,0.0347460970451703,0.03585248745847144,0.03602961140145073,0.038258586935924814,0.03936252665236817,0.03941042186562245,0.04076279489745205,0.04206527502584716,0.04262939933669531,0.04296631102952776,0.04298394277527727,0.043033829401010415,0.042983850795568934,0.043758948470898826,0.045510885407602356,0.047466395983109776,0.04950579013392521,0.050457708924695636,0.05170387599167272,0.052384141126226774,0.05368904217415966,0.055204102455607786,0.05649391188944562,0.05738316501348708,0.057878983788987294,0.060097709893597695,0.06094536772204627,0.06443147536735395,0.06516483930946587,0.0659297563890004,0.06556364436708549,0.06652280911077006,0.06746746049047321,0.0703454989042357,0.07069664723942692,0.07361533980398975,0.07392156267951622,0.07503847774346156,0.07446154078675893,0.07540622323993755,0.07596146394687447,0.07731099031214492,0.0785586233016362,0.080944740284153,0.0816326623278237,0.08183969384068882,0.0837826958343745,0.08614374839646256,0.08721084776615842,0.08976959498693476,0.09020107097199961,0.09107353390106697,0.09322091379552018,0.09351240694913363,0.09545190952974415,0.09718025931008127,0.1004534946547813,0.10149912285898163,0.10255651962952785,0.10292786325437282,0.10353852955715388,0.10457762374622015,0.10542718265714918,0.10671372495009537,0.10695514697370549,0.10848155533882069,0.10863429054174248,0.1090057027651592,0.109916737047407,0.11264804361414495,0.11584249838591712,0.11604957466085467,0.11817420394735577,0.12031037590606604,0.12191509155563858,0.12222792881157361,0.1252962407926363,0.12570738285784508,0.12685733348314313,0.1273512169721299,0.12814652291793543,0.12868313935277373,0.12962109249751552,0.1296999261549,0.12988660436254681,0.13191009977651078,0.13219047718385665,0.13246966394674667,0.13257735830933792,0.13313348853455667,0.13413464762224334,0.1342769229647015,0.13432918229438015,0.134578610990925,0.13527371135165822,0.13560872671283453,0.13594696024390013,0.1358395362770559,0.13625361510870088,0.13753041374102734,0.13897731284975606,0.139417418115461,0.13964126452266376,0.14036034469398265,0.14062449220913809,0.14137015881036952,0.14133168495804424,0.14521404599290427,0.15179222510838994,0.1521998311232839,0.15283936124230213,0.15292554410120449,0.15332146774890126,0.15423074564771783,0.15543953368361477,0.15546549594690706,0.1570090715318866,0.1573677185639666,0.15749601639467384,0.15757286751268165,0.15798518128600036,0.15802792755588274,0.1577966769191994,0.15727063966122157,0.1577370829932623,0.1579619946713535,0.15960535664662834,0.16034192448986645,0.16044438993671184,0.16184469689087258,0.16236932272926274,0.1638571689808743,0.1647747589589136,0.16570619769384523,0.16758635657687845,0.1676965285573086,0.1671013425299429,0.16776594046044951,0.16751706109898737,0.16837918664792703,0.16844210163195322,0.16941624315686638,0.17004349241644992,0.17013725871208094,0.17488688179988324,0.17629378341982047,0.17647248927523368,0.17770267356251798,0.17769386510052707,0.1779615005827628,0.17883105483728012,0.17894882743526552,0.1774109906023286,0.1777694724069948,0.17937274239537135,0.1795495243296637,0.17994426866873328,0.180288905018931,0.1811404702341389,0.18165269636323195,0.18178558971256573,0.1838864971493087,0.18423322025880878,0.18565352901408957,0.1849782234760426,0.18577074196498145,0.18588501914881153,0.18879732750073888,0.18909369435670076,0.19021633229452342,0.19066108834548928,0.19062364176797317,0.19156494986865613,0.19211759190576094,0.19263916648890808,0.1927796145791336,0.19232074210617972,0.19296291729143525,0.19555310828668607,0.1958710653473894,0.19856883440290865,0.19563267766425546,0.1970331947480837,0.1975645323981852,0.19797964644552635,0.19821467541462529,0.19959235431669792,0.20030061625130835,0.2013072944647659,0.20135191406419434,0.20144043487923566,0.20154656721324699,0.20154229057341924,0.2016026856673017,0.20163109818182867,0.2042862917232914,0.20790803146322256,0.20810396165057968,0.20916095186567285,0.20940765075646425,0.21024678934135144,0.21086567750722485,0.21130193854929696,0.21122660532256698,0.2118382974036746,0.21241666424412065,0.21632542804191104,0.21702056951697227,0.21723092640219577,0.21774383573395076,0.2181925334456073,0.21857920502410227,0.22102595801894737,0.22438328886574158,0.22438097767472176,0.22359280730007589,0.2246562446972316,0.22384282426111637,0.22400334937761646,0.22442142825904562,0.22638327959115437,0.22676398628011996,0.22699789817083232,0.22512363790481268,0.2252547822971319,0.22712081188529698,0.22707518196383727,0.22811293922465567,0.23229776511071332,0.23559295743854172,0.23732947154359108,0.23881505831752,0.23933678255379706,0.2399016549818864,0.24142356128640763,0.24141087333509284,0.24162502833218072,0.2416230652256946,0.24283118941673862,0.243342129183705,0.24469858466379038,0.24541649665843634,0.24547192772199802,0.24624750248669067,0.24633842819868115,0.2466824389166396,0.24676947119040282,0.2460719267897407,0.24605947660574826,0.24757669338653596,0.2479693728061079,0.24793838706711221,0.24814475337398562,0.2506028846846584,0.2508011449052174,0.2510116709666287,0.2510145836965828,0.2512539407992496,0.2513763847040718,0.25131596584957666,0.251529728227975,0.251525514623857,0.25161204527809566,0.2516037670407694,0.2517234888674275,0.2537696606145826,0.25384301243111557,0.25404230437882797,0.2546097444448697,0.25544440724726036,0.255523605456983,0.25551931584245907,0.2555223107435185,0.255522783114902,0.2557056134703174,0.2547307638743215,0.2540376495525522,0.2541426139826737,0.2536075285175046,0.2536661935001081,0.25341050944750165,0.2533781520627839,0.25337319290077936,0.25345386364480565,0.25363003644286963,0.25390431868590096,0.25410244403671484,0.25412043455226885,0.2541156985645111,0.2546040599066373,0.25461918824236474,0.2548101731444357,0.25539505115584005,0.2552153577267853,0.2574398078771409,0.2575217507812654,0.2579223945992099,0.2580881538176479,0.2581055108999965,0.25809989578958725,0.25826120274830916,0.25933827576529256,0.2594517010151015,0.2599964248746822,0.2622060951669875,0.2624798236006382,0.26299844124764926,0.2642087318884434,0.26419459433026204,0.2641853060047745,0.2642058009697499,0.26435316142603066,0.2648205834187379,0.26551204248158816,0.2643869300079535,0.26438527078331825,0.26342589160568686,0.2629508244416787,0.2640861384651262,0.26388666107010544,0.2639868876225869,0.26490249560587614,0.2650773994753374,0.26508747423811835,
0.0,0.0,0.0,0.0,0.0,0.0,0.0,0.0,0.0,0.0,0.0,0.0,0.0,0.0,0.0,0.0,0.0,0.0,0.0,0.0,0.0,0.0,0.0,0.0,0.0,0.0,0.0,0.0,0.0,0.0,0.0,0.0,0.0,0.0,0.0,0.0,0.0,0.0,0.0,0.0,0.0,0.0,0.0,0.0,0.0,0.0,0.0,0.0,0.0,0.0,0.0,0.0,0.0,0.0,0.0,0.0,0.0,0.0,0.0,0.0,0.0,0.0,0.0,0.0,0.0,0.0,0.0,0.0,0.0,0.0,0.0,0.0,0.0,0.0,0.0,0.0,0.0,0.0,0.0,0.0,0.0,0.0,0.0,0.0,0.0,0.0,0.0,0.0,0.0,0.0,0.0,0.0,0.0,0.0,0.0,0.0,0.0,9.948568137322585E-5,9.948568137322585E-5,0.0,0.0,0.0,0.0,0.0,0.0,0.0,0.0,0.0,1.050689351451788E-5,0.0010508327193532434,0.0010508327193532434,0.0010621133404341244,0.002801340226170445,0.0032803004635360146,0.004409707911849518,0.0044669572734778685,0.004539216802401955,0.004888789942744749,0.005739275970330017,0.0057298025341602325,0.00604825272691489,0.007765898484505327,0.008059742059877011,0.010208973554611289,0.01145060455545418,0.011978705872226344,0.013099428526363577,0.013347611834034677,0.013618818029569197,0.01495843534451058,0.015821148887715405,0.018553248599331478,0.01947378000901078,0.021197299709301357,0.02344692876508819,0.024425568893351443,0.02599076913878908,0.027839827834181863,0.028191427723471007,0.030277074751030766,0.03078304482167268,0.03131537471215782,0.03184308145034578,0.03222409267022879,0.033160182641916225,0.03503026865723156,0.04093134630925591,0.041871354269749486,0.04231998278869219,0.0434102634805231,0.043959127184469385,0.04463143823276697,0.045356722391203926,0.04626941178524081,0.04743269979427385,0.05117694243220878,0.0520410368106187,0.053337455247667497,0.05664739380234166,0.057863614375377084,0.05805565817462905,0.0581973696691496,0.05929915683516582,0.061308580172677714,0.07646848581224011,0.08587446122635414,0.08872753205940467,0.08699770503916707,0.089416736688424,0.09012795807229158,0.09282273370408935,0.0943246768611281,0.09506625052473265,0.09679178303710743,0.09748425970340711,0.10144266599049191,0.10177032853221424,0.10271295354166352,0.10820986240838977,0.10981927227688883,0.11156059380223518,0.11253498305234987,0.11736432863272554,0.11818573805698522,0.11882361169863885,0.12075142616062522,0.12157136392601159,0.12242377724470761,0.12366792599415403,0.12515507602814036,0.1296593898444623,0.13020985607127797,0.12997300522593466,0.13165492481147206,0.132253727125123,0.14095838620562015,0.14143217196026825,0.14280970149485223,0.14310405668314466,0.1431550156623769,0.1444534686128042,0.14547029832470265,0.14660525764883955,0.14666010104247842,0.14699404286979031,0.14749239882439164,0.14895661077069694,0.1497142687491831,0.15039360593925968,0.15130814717148358,0.15267601208991638,0.15297160798730203,0.15386046134842266,0.15587603548425372,0.15957844462152587,0.16274134457567743,0.16345412279941754,0.16437385824939157,0.1652624316772356,0.16560748310285145,0.16603797401927986,0.16643019824103197,0.16778067381373182,0.16821106113663883,0.16825302698087244,0.16928986618811875,0.1698370333043242,0.17043194972809456,0.17041714629049207,0.17275609775435127,0.1740143275543966,0.17423826973149953,0.17633528686047734,0.17747616504429756,0.17845835222375112,0.18211966360184148,0.18255034597820047,0.18288157415325987,0.1834633540857103,0.1842239846187755,0.18429795203238178,0.18602199888221924,0.18757681938182208,0.19682308440893156,0.19764474722957867,0.19971746987627134,0.20091155847373207,0.20189890991740805,0.2036661276551841,0.20491566264572286,0.20609707451394207,0.20697069778300542,0.2071677886233996,0.2086381942072295,0.20946501252783098,0.21118792884992704,0.21398965166054312,0.21430525938862002,0.214550631050279,0.21819825320287511,0.21895595798381867,0.21907788191598052,0.2194217259394048,0.22024179934311477,0.22087792042542423,0.22167631332945964,0.22236243676968634,0.2228915444052794,0.2245271567753542,0.2260357608344385,0.22716699675674756,0.22695067495650104,0.2270007844119023,0.22806646532042757,0.22746596729659732,0.22778141797548748,0.22992829868993644,0.2297709275609279,0.23024875197682865,0.2307597368389426,0.23083538460297598,0.23259724686406008,0.2330667515846125,0.23330639438876466,0.23378770911815883,0.2342159426295597,0.23425699917866855,0.2346744011710993,0.23512049165849327,0.23621096973854802,0.23649045885078432,0.23675145004372483,0.23708980008529537,0.23748227111560805,0.23787373527277128,0.23866090723313496,0.2388801352582759,0.23930312478719773,0.2400994291524794,0.24050200368721183,0.24065114667493578,0.24317836166238316,0.2434438242972227,0.24360247743118674,0.24379358486502015,0.24366183457374982,0.24397571750547614,0.2441789218077004,0.2443592140445194,0.24457473315719855,0.24454687271238212,0.24352247263792412,0.24365582358055887,0.24367481147416153,0.2437601350186535,0.24379128583468226,0.24488110149904374,0.24489171544509206,0.24533974316564958,0.24531322232773725,0.2452556069962157,0.24650334285738468,0.24655421963530397,0.24695994113936237,0.24704875194103443,0.24730363433353839,0.24748128161579802,0.24725278535539072,0.24728532694711858,0.24723718009511741,0.24816747572769218,0.24830145732251135,0.2483322172440779,0.24876429350542562,0.2491522697160715,0.24929749065776066,0.24943751565504185,0.24932012657512037,0.2493443458324467,0.24937040655330917,0.24942355490860857,0.24970665585885007,0.24981471754641274,0.24989941170930455,0.24996084641971325,0.24999689851917664,0.2500421517001874,0.25035525462842556,0.25032138065190535,0.2505385670886911,0.2506439704016378,0.2507758274760695,0.25069952149005015,0.2507669766644319,0.25086254223309085,0.25092250281923695,0.2510995039119194,0.25114817124598143,0.2511751713754057,0.25105820819506885,0.25129234993553756,0.2514253637694665,0.25157867580072724,0.25162577483679704,0.2518768482256765,0.25186079680320084,0.25247529404908703,0.2528141947030381,0.2529599105218687,0.2531838520158313,0.25323842705305777,0.25329094842489414,0.25334826981415365,0.25354948101475255,0.25365414679609716,0.25378205667550696,0.253718148395698,0.2537731195356143,0.25385246249355203,0.25391840837670443,0.2539383063719315,0.2541588039800001,0.254219848764375,0.25421369561444107,0.25424685512292056,0.2542801553816817,0.2543404590837334,0.25431484373291535,0.25436614871849245,0.2539957187366072,0.2540731531890465,0.25432230132470796,0.2543844077289795,0.2545853524092899,0.2535604636714447,0.2536075358822161,0.2539464060402362,0.25403973466831226,0.25405051969647874,0.25409196867229816,0.2541648196601389,0.2542011972002016,0.25467885164041365,0.25481122269040785,0.2548453062222872,0.25488648034457007,0.25492547479409483,0.25498648765048026,0.25506566940103553,0.25507937661662095,0.2550699589842891,0.2550964499060264,0.2551742636151478,0.25518525461932995,0.2551909532699967,0.25524452726675123,0.25529848480219686,0.2553543136932831,0.25535755251637626,0.2554349540152165,0.25544957742025903,0.25546208508828566,0.2555008938912984,0.25555299566507406,0.25558058023710284,0.255596530783325,0.2556016285677824,0.2556243908161483,0.25563415060474465,0.2556357026620521,0.2556345097406351,0.25575221861248876,0.255771296898906,0.25578897899753494,0.2558466586702583,0.2558570755653054,0.25586110846596605,0.255860885225694,0.25593370576451113,0.2559162935238031,0.2561662141761429,0.2563334722043367,0.25639990825822556,0.2563999602289996,0.2565858155915864,0.256591017865898,0.2565922657646235,0.2565664065925585,0.2566166643435673,0.25664188585113773,0.25663830698838963,0.25667315469444035,0.2566943175345064,0.2567309208096828,0.25666275287928636,0.2566407582748298,0.25664210361542883,0.25668252734529967,0.25671475904098917,0.2567036274498574,0.2567070686371726,0.2567449824910586,0.2568238975625144,0.2568375821900268,0.25695636821080686,0.25699798425255793,0.25701681291298284,0.25709168859296494,0.25728723569295636,0.2572997469577141,0.25733640333987884,0.2573460934290676,0.25736029513618147,0.25737881826713893,0.2574239714626207,0.2573858437498305,0.2574560923743474,0.2574687693635679,0.25746875628348975,0.2576773582087232,0.25769573459653433,0.25771879444988915,0.2577767404804809,0.25778533014326976,0.2578070676009592,0.2578546578917908,0.2578824899381714,0.25784098880197004,0.25784895307652433,0.2578925911438182,0.25790595819154516,0.25791435386654116,0.2579023258728863,0.25795306084382574,0.25795530337262296,0.25809327918629804,0.25810133979176053,0.25811667490144297,0.25815948412471945,0.25824058262378546,
0.0,0.0,0.0,0.0,0.0,0.0,0.0,0.0,0.0,0.0,0.0,0.0,0.0,0.0,0.0,0.0,0.0,0.0,0.0,0.0,0.0,0.0,0.0,0.0,0.0,0.0,0.0,0.0,0.0,0.0,0.0,0.0,0.0,0.0,0.0,0.0,0.0,0.0,0.0,0.0,0.0,0.0,0.0,0.0,0.0,0.0,0.0,0.0,0.0,0.0,0.0,0.0,0.0,0.0,0.0,0.0,0.0,0.0,0.0,0.0,0.0,0.0,0.0,0.0,0.0,0.0,0.0,0.0,0.0,0.0,0.0,0.0,0.0,0.0,0.0,0.0,0.0,0.0,0.0,0.0,0.0,0.0,0.0,0.0,0.0,0.0,0.0,0.0,0.0,0.0,0.0,0.0,0.0,0.0,0.0,0.0,0.0,0.0,0.0,0.0,0.0,0.0,0.0,0.0,0.0,0.0,0.0,0.0,0.0,0.0,0.0,0.0,0.0,0.0,0.0,0.0,0.0,0.0,0.0,0.0,1.2723470046435204E-5,0.0,0.0,0.0,0.0,7.437396980212264E-6,1.6752498831175258E-5,1.733585170187458E-5,3.850612093345994E-5,6.64453663033439E-5,9.295731694094457E-5,8.932926126247522E-5,9.403542094565538E-5,1.361269886392405E-4,7.789576978048449E-4,0.0010231114433202322,0.0010550918075647624,0.0012286582070087202,0.001403685029588183,0.001683216470761647,0.0018684598174750382,0.001973017473099979,0.0021809518184987293,0.0020504449448307356,0.0022203183643910653,0.0020559006949897787,0.0021516964428747237,0.002145135023862448,0.0019957800973533935,0.002062498929350623,0.0023368116165249516,0.002311595047079742,0.0025195531540822378,0.0026005695814466765,0.0029753714762439207,0.0029928113817987425,0.003279264502725734,0.003297285637185979,0.003208447926343888,0.003313392329505335,0.003736257078410829,0.004124182473785346,0.004416471023801905,0.005060956576772154,0.005147489015343218,0.005265063389846525,0.005357358740009797,0.0054041448101179645,0.005038262190904749,0.005693892669198972,0.006375279185372624,0.006933824475074031,0.007522114723676632,0.007896857614089028,0.007830551890374656,0.007348034256247986,0.007660054793857293,0.007813579703227587,0.009056297072107419,0.009674488641117846,0.009738984574019517,0.00995535054903121,0.010484322926321638,0.010487331008679513,0.010945386767999363,0.010077514054303491,0.011235613165179776,0.01091037744585235,0.011937765259415856,0.012745338140183398,0.013698657464061242,0.01640467241258051,0.02061642884964514,0.019185265348084,0.019359686437286548,0.019535348126625374,0.019714893727022835,0.020326918558217763,0.020497694838423064,0.021143696040380446,0.02254507522055936,0.023171974261575527,0.02327910806654,0.025053544089597438,0.025327569189643257,0.027188173323776425,0.02720717037804877,0.02783897529765328,0.030334162468797183,0.030455112504913655,0.03055521217197381,0.03127105627466955,0.03143270031519541,0.03178236110195008,0.034850270341829005,0.03559365623389262,0.03607849692540667,0.03665799952773112,0.03658336425565747,0.03767428120212736,0.037692791286866936,0.040803864576636185,0.04128616841310365,0.04194219337949087,0.042342588326388986,0.04212643193798971,0.04335857215698331,0.04360528494724874,0.04480692528661839,0.04541441119707976,0.04583602120527412,0.04599259313942277,0.04643003087386492,0.04677111543165694,0.04749947309527965,0.04732563787785087,0.047771374499210185,0.04844773485399438,0.04908068153632775,0.05327982538654013,0.058671755743206426,0.061596680815485895,0.06318773007060573,0.06588819463314582,0.0664305610955689,0.06815711586274158,0.06906967416328127,0.07055066462816488,0.0725682890954833,0.07383778938788836,0.07454594742134399,0.07708329527655713,0.07907293747212461,0.07936636265127744,0.07879863581405586,0.07794689609147011,0.07696730455168938,0.07779303097362779,0.0810984295406324,0.08162191225379745,0.0840131917352485,0.0856741538447305,0.08877923120818328,0.09204641946962404,0.09418525904634845,0.09485082609541641,0.09600196744492291,0.09759769784525256,0.09792916323228021,0.09994825758472488,0.09989797032592528,0.10017941000679154,0.101702861088362,0.10223964597390431,0.10317887563580604,0.10535634829818381,0.10727561355638379,0.10803183612127373,0.1085407808359077,0.1087262692831248,0.10957309065894563,0.11082644139427456,0.11110039955150013,0.11110050811147879,0.11262475289027045,0.11248445682767076,0.11244511727559221,0.11258943253049071,0.11324088221856728,0.11371290172036923,0.11556784738077402,0.11543762084686451,0.11694258722727778,0.11911778956003823,0.1198218360458464,0.12081393453284575,0.12112405798055946,0.12108439683750058,0.12084107557311878,0.12114171633629317,0.12073546032850595,0.12269384453497689,0.12303484935648172,0.12284547232563527,0.12426949224813436,0.12850216619030297,0.1288686735198091,0.1291169943315086,0.12920928132092888,0.1299088290346804,0.1302230063608775,0.13200727536843693,0.1325035771568527,0.1337028174812215,0.1356591386647321,0.1370028034274574,0.1370607712521157,0.13791032092409414,0.1391400148006789,0.14614535387838962,0.14675172677250042,0.1476090693067496,0.14769528204292712,0.14796816338543803,0.14830793526874092,0.14878864042816234,0.1504622666864931,0.1510861386963053,0.15281609429548818,0.15356635885247813,0.15299899545565926,0.1529900162602646,0.15394216272324626,0.15381855828712904,0.15571567872090009,0.15667227301912207,0.15642021942211254,0.15633027287272475,0.15760980184764198,0.1581366517241849,0.15916248265404978,0.1594392192253584,0.16016823489271984,0.16117865803815262,0.1612226526922273,0.16197706024607753,0.16206390668546125,0.16250764730370162,0.16219820118068629,0.1625951806250347,0.16297741531365573,0.1632971277436515,0.1633373547125071,0.16356839454951297,0.1651434558436203,0.16644709243875971,0.16838552777892937,0.1689586462770911,0.16932416870675454,0.17093334473417043,0.1710144418379183,0.17138151293406148,0.17125974495682075,0.1721801397322239,0.17228422018431938,0.17271322962017696,0.17456450297275572,0.1743679698094843,0.1771346135950525,0.18038738238335092,0.18070758133019807,0.18078203406585655,0.18120495807621387,0.18154265755477242,0.1823566320295763,0.1828033796429376,0.18304207123372085,0.18361810177680662,0.1837463723430787,0.1835894587242792,0.18373676769609204,0.18389605205603227,0.18365516262087547,0.1842071392001207,0.18432513220899016,0.18869498789206438,0.1893408152635533,0.18975880599291367,0.19230910432262152,0.19254099044817238,0.1924075565287338,0.19258978949063832,0.1928964995961763,0.1931526441965918,0.19336718104453943,0.19560888021031167,0.19753242016567354,0.1977995922679304,0.19763951140265287,0.19752990350409827,0.1975943811416251,0.2003341343212122,0.2006902464986605,0.20090967629712145,0.2012093564211428,0.20125177785175002,0.20206333955604777,0.20231978537123105,0.2027535043088896,0.20287755421317866,0.20288438109983015,0.2031045501590726,0.20302308334623306,0.20325898417618699,0.20331514952305596,0.2056986059289939,0.20626416667415756,0.20632352537799933,0.20632194063041528,0.20621949218491242,0.20725752148176066,0.20672175885248595,0.2068420477302526,0.20708888084486946,0.20705532042272035,0.20712999023352693,0.20762021645129478,0.20766008190121504,0.20781126624302856,0.20854507745899642,0.2100488093642236,0.21019523195827763,0.2103117728884274,0.21210899382205992,0.2120464850704576,0.2121113745863457,0.21208771324153255,0.2121255640334979,0.21478169934145558,0.21439613890735196,0.21885383630445623,0.21910008706326614,0.21948205701984458,0.2202078112463696,0.21980593980099364,0.22027954714484702,0.22241264134938013,0.22245056266036775,0.22237943744622035,0.2238633959626915,0.22350567355469603,0.2234502881663122,0.22391689231492773,0.2238797351040783,0.22394777420881423,0.22414358318913816,0.22423969524761236,0.22458149444969402,0.2247054023299131,0.22543780445873035,0.22602397203114938,0.22618647486385862,0.22613115775058493,0.22610813466454477,0.22706137780079355,0.22732328749686587,0.22829440046815452,0.2284822640105919,0.2280051914148013,0.2280721099310497,0.2285721400785842,0.2290747014794324,0.2290799272933222,0.229627659006549,0.22967341162185978,0.22967615770321698,0.22977252884894145,0.23018068537254707,0.23030179677411883,0.2305633664448134,0.23059740944926477,0.23176389938425673,0.23236542745433755,0.23268775916342216,0.23273401958411918,0.23279432548766854,0.2341298228905093,0.2340828433569588,0.23481527205358668,0.2348381235174556,0.23503371740160625,0.2369198965494107,0.23841659658753744,0.24096449875442788,0.24105068191550383,0.24105045509986484,0.2395632765131396,0.23959740518482722,0.23962805601127635,0.23921640907299221,
0.0,0.0,0.0,0.0,0.0,0.0,0.0,0.0,0.0,0.0,0.0,0.0,0.0,0.0,0.0,0.0,0.0,0.0,0.0,0.0,0.0,0.0,0.0,0.0,0.0,0.0,0.0,0.0,0.0,0.0,0.0,0.0,0.0,0.0,0.0,0.0,0.0,0.0,0.0,0.0,0.0,0.0,0.0,0.0,0.0,0.0,0.0,0.0,0.0,0.0,0.0,0.0,0.0,0.0,0.0,0.0,0.0,0.0,0.0,0.0,0.0,0.0,0.0,0.0,0.0,0.0,0.0,0.0,0.0,0.0,0.0,0.0,0.0,0.0,0.0,0.0,0.0,0.0,0.0,0.0,0.0,0.0,0.0,0.0,3.5332680630228584E-4,3.5332680630228584E-4,7.88740845363971E-4,7.960491155708074E-4,0.0023223994887378013,9.719548701276281E-4,0.0010534836540386295,0.0034898143505928915,0.00511926013621663,0.005964264920803239,0.004492699212312853,0.0047688422880187474,0.006458404840499314,0.006976679510838682,0.010371911474973584,0.011250202529499122,0.013256814863281114,0.013227015828767797,0.013775591974171471,0.014136022566384129,0.014312549246492752,0.014625581249908846,0.015106827364336337,0.01516017610780209,0.01874312058764411,0.01909445446697572,0.0190675478892517,0.019954446329555356,0.020780203303536776,0.021111039800825123,0.022160483527172942,0.022576215481395538,0.023191368486917878,0.023610309009201177,0.02353151650117236,0.023908618592430538,0.028126752451365672,0.029450873416916375,0.02986852819411544,0.0313147568710128,0.03274646495699869,0.04265718271805485,0.05057393498986681,0.0530972070471359,0.05369196374481039,0.05524405011091413,0.05711917974385465,0.056733849792871945,0.05729105968454332,0.05804277100487311,0.07194428972106684,0.07322084726282452,0.07592287549860954,0.08008379774546745,0.0807408865046278,0.08198804037112349,0.08334080512155981,0.08536580179243865,0.09211335178669004,0.09273943570538871,0.09380123005924099,0.09454527133697566,0.09587653661397534,0.09547168177409958,0.09782119942692788,0.09767765691926938,0.09796877439579517,0.10185299723287702,0.10825612569219134,0.10870588393468235,0.10916089393659574,0.10963852776573306,0.11064795173268628,0.11366254649316936,0.11414979940759946,0.11668657913987564,0.11831014669078499,0.11929936924264317,0.11996267170068817,0.12118096403224722,0.12171978313680738,0.12299123826033856,0.12519534601420723,0.12722502772865263,0.1326536934208978,0.1349495522851081,0.13876298187666417,0.14181083991829543,0.14232206423967572,0.1436307068147913,0.145127479212351,0.14841564520814673,0.150657599864077,0.15507326298743748,0.15625352385695884,0.15675357362941555,0.15687516849506541,0.16021537662307306,0.16175014360131473,0.1634533444018488,0.16434129206239162,0.1654117648272553,0.1675345545105984,0.16884996904074548,0.17058622648900845,0.17200144035779857,0.17256307559287343,0.1734796009021328,0.1754881805718878,0.17610125468274662,0.17709802281183973,0.1799115785371457,0.1801363086146004,0.18084170290281504,0.18187548389373057,0.18226039920687506,0.18433645276279423,0.18494936822213637,0.18527140838820164,0.18641529732358955,0.18692780082458693,0.1877929246666669,0.18866373357847366,0.18989413986788603,0.19094753790161817,0.19189295161571446,0.1927049065723068,0.19299607941959077,0.19354057294140053,0.19422633781495902,0.1949461386382596,0.1957997638911214,0.19669899711393016,0.19772939584374571,0.19804890367272796,0.19838707474726391,0.19974690488914534,0.20101187908920867,0.20173603132731732,0.20348978365345083,0.20392514112917523,0.20437228662636583,0.20498518136153349,0.20555081691636598,0.20578079274833497,0.20734352287172572,0.2083505573647804,0.2091364013793062,0.2092193874624466,0.20964692048161618,0.21008176801132722,0.21036965604354424,0.21277840477572804,0.2131978281709219,0.21337367853913314,0.21431305629576772,0.21492210764107145,0.21510903756880376,0.2152995681698473,0.21524007186328703,0.21547901442482342,0.21587067217880504,0.21614299838227602,0.21672800395436928,0.21786659111117315,0.2184780028952271,0.21844799004137908,0.21895156266892726,0.2187059132176335,0.2191157223487887,0.2200269111637238,0.2202372939875501,0.22163482850739538,0.2219996964831584,0.2222573973016169,0.2224572301186419,0.2222007267436223,0.22264158540709306,0.22280272351997532,0.22303275362356026,0.22334148231632658,0.2235180288769906,0.22390080155315698,0.22537842259635174,0.2256483138622926,0.22606848532346616,0.2267858753349956,0.2267978884223759,0.22835752914854024,0.22899485379684173,0.23022907373122062,0.23061474595782008,0.2316319530099661,0.23008153860052993,0.23070877471921242,0.2307688569621949,0.23095222015430714,0.23143408631626153,0.23162454489652784,0.2308800604742033,0.23084006464119988,0.23157800023884936,0.23219135623001685,0.23269743267609855,0.23394831064445365,0.23429650838591476,0.23433949798055204,0.23461166031533748,0.23608924715901738,0.2361904955026366,0.23624373748570818,0.23629658472148588,0.23655142412021596,0.2367736707729966,0.23705842087024323,0.23720220246946366,0.23833145182716628,0.23791787479702275,0.23843443219817045,0.23863622826035574,0.2387165327393682,0.23931010052288335,0.23956206912232528,0.24028298166833917,0.2405435903516117,0.24088519373347367,0.24153794651951047,0.2417905787557206,0.2419495608096726,0.2417770564120234,0.24207824948719878,0.2416629509741769,0.24171923486767471,0.24180924871721743,0.24190777395286914,0.24215937063808807,0.2425179823520629,0.24319705030474928,0.24308399150869814,0.2431159931909339,0.24325255197474152,0.24358626059359131,0.24380641380162799,0.2438044249047133,0.24401067550988204,0.24402273211722134,0.24418754006244459,0.24510516728182183,0.24573957355775997,0.24583919162276519,0.24612792794247462,0.24625579100521164,0.2464300114911424,0.24620053866492414,0.24662168929237044,0.24676707176940355,0.24679253636508802,0.24692486305800862,0.24723426347715463,0.24734469253657135,0.24737526998533302,0.24737251807238722,0.2476242057111822,0.2477076841293203,0.24772683842133236,0.24781226388125516,0.24794537962651259,0.2479171870556879,0.24803146500898723,0.2481671469757361,0.24884139445906878,0.24902933851316703,0.24904849015587083,0.24912339638305817,0.24919330967628978,0.24988759727086846,0.25003950928007657,0.25023061508793415,0.2502688793600496,0.25027868607524,0.25054672756329677,0.25068327929265555,0.25075704384519126,0.25137182192019464,0.2513942226631193,0.2516686489445862,0.25217857676155536,0.25232146862698884,0.2524069777003097,0.2525467990782758,0.25266947898225306,0.25271068700538885,0.25264798833449376,0.2527039448678269,0.25276586059684025,0.25315010788788145,0.25317889413327876,0.2532350889264301,0.25326593444306833,0.25334000612179,0.2533817933512168,0.2534022611341627,0.25349642977353504,0.25350908897183244,0.2535825498786085,0.2538815721234705,0.25395490633153395,0.253926212233716,0.25400941360632995,0.2540545301927971,0.25414823441292833,0.25420996459597694,0.25425730729126866,0.2543118581405356,0.2544770519092679,0.2544151062755623,0.2545504719651583,0.2546065460942373,0.2548253195359326,0.2550284361579569,0.25507672266464604,0.254932768846902,0.25493806512362904,0.25504479451805917,0.25510042513509146,0.25515545073417467,0.2549731108601917,0.2550748756897482,0.2552281806862947,0.255237291014365,0.2552916211432728,0.2554139401202287,0.2555621467600524,0.25544547640197496,0.25585108004432217,0.25583034301334806,0.2561096416774678,0.2562013411433756,0.2562989473120542,0.2563501709512813,0.2564271427449855,0.2564340440045325,0.2564514466218083,0.2565152823239034,0.2565323854332278,0.25652231951478915,0.2565577285551995,0.25660827925517304,0.2565287286652661,0.2565258796014113,0.25653615936944263,0.25655182303310303,0.25656886084548214,0.2566784447827125,0.25672814113509795,0.2567351697591987,0.25683991999321626,0.2568448687435479,0.2568846051205447,0.2573693746390004,0.25731953193927837,0.25733143097601957,0.25733154296570065,0.2573396646788598,0.25737288929631863,0.25736444254823687,0.25737559125349013,0.257458916257365,0.2574237002237953,0.2574261177388177,0.2574854833509863,0.2575254897217541,0.2575275155123935,0.2575363126816563,0.25757289496435654,0.2575825834290554,0.2575778262018328,0.25763471191792936,0.257636144102941,0.2576371272734741,0.25763384013374,0.2576424042592752,0.25779855043958816,0.2577878566921253,0.2578140269870784,0.25783434187656173,0.2578428709933364,0.2578508964969141,0.25831595349755276,0.2582141100914067,0.2582497676611119,0.2583215227097437,0.25836919779972944,0.2583802513596308,0.2583823405571593,0.2583901036543007,0.2584874899510417,0.25849012550883377,0.2584863832688993,0.2584879374769753,0.2585019961834869,0.25851972639638365,0.258537262721255,0.2585801880318104,0.2586320714711971,0.25863878866145174,0.25864867745873205,0.2587005016730634,0.25871315660033345,0.2587181603380822,0.2587246403788839,0.25874077844632226,0.25876346344593293,0.2587423396056238,0.25875665059525615,0.25880109447317085,
0.0,0.0,0.0,0.0,0.0,0.0,0.0,0.0,0.0,0.0,0.0,0.0,0.0,0.0,0.0,0.0,0.0,0.0,0.0,0.0,0.0,0.0,0.0,0.0,0.0,0.0,0.0,0.0,0.0,0.0,0.0,0.0,0.0,0.0,0.0,0.0,0.0,0.0,0.0,0.0,0.0,0.0,0.0,0.0,0.0,0.0,0.0,0.0,0.0,0.0,0.0,0.0,0.0,0.0,0.0,0.0,0.0,0.0,0.0,0.0,0.0,0.0,0.0,0.0,0.0,0.0,0.0,0.0,0.0,0.0,0.0,0.0,0.0,0.0,0.0,0.0,0.0,0.0,0.0,0.0,0.0,0.0,0.0,0.0,0.0,0.0,0.0,0.0,0.0,0.0,0.0,0.0,0.0,0.0,0.0,0.0,0.0,0.0,0.0,0.0,0.0,0.0,0.0,0.0,0.0,0.0,0.0,0.0,0.0,0.0,0.0,0.0,6.585166543608304E-7,5.0965009271865066E-5,6.107905787407679E-5,6.198332759365551E-5,7.408129109134288E-5,9.329996011386599E-5,1.0117299784014764E-4,1.4957111872679763E-4,3.842270942970609E-4,0.0018701742411484708,0.0021742594186838276,0.0019893723410687077,0.0021532660241488743,0.002249424054691869,0.0023685684489342653,0.0024516367646035845,0.002826619946241747,0.002979423939824518,0.0034196589485839006,0.0037122946001082223,0.0037792255274418617,0.003805494717578724,0.003873825364883175,0.00385138217920156,0.003910545985151756,0.003980543091090599,0.0039483520156765135,0.003909838837525623,0.0038847928681330947,0.004015781043162639,0.004102675187916212,0.00419422252116519,0.005022576010269168,0.0057221660067038665,0.0063920636238601605,0.006445075616610759,0.0065864911960759765,0.00691067497133409,0.007295195103278315,0.007220125690779221,0.007473089468554855,0.008075951713009642,0.007926431022596691,0.008176709115762034,0.009258372007355352,0.009532004412265836,0.009703490167003535,0.009967617305323287,0.011140597633658678,0.01291722917684469,0.014185444343611074,0.014981687786749772,0.015084666721726054,0.016133469217153654,0.01933834743710053,0.01954370076554848,0.019626413274911155,0.01941827196443563,0.019125117468146494,0.021948530362048725,0.02183229791656611,0.02310514131980898,0.02322986755306173,0.023820727768278364,0.02358278870925668,0.02449949532772353,0.024984676283884958,0.025677203552387645,0.026478452763541604,0.02740181380744661,0.028411563685690908,0.028880658028125897,0.029139318131902858,0.03047402823448884,0.030348539215940745,0.03221231080474941,0.03485662289554782,0.03508756121226576,0.03571338756188912,0.0366336122451791,0.03659455809153164,0.036937181213717675,0.03811737138798472,0.039230260092034716,0.040315732764134526,0.04084300963912815,0.042995503123429424,0.04370053074986942,0.04488678089808257,0.04481156955217458,0.0488216946736626,0.0500775898895403,0.051190410826716895,0.05334886535699546,0.05331075873018016,0.056596094546362094,0.05772283016877096,0.05901903647542854,0.059410809960193746,0.06028033220496389,0.060518934696168744,0.06264318229647518,0.06282556153097245,0.06362770842229665,0.06487163215993623,0.06618464903319173,0.06779179716229046,0.06916225800065776,0.06998006511439636,0.07042404601416138,0.06974054662271936,0.07012448140696881,0.07133460503353405,0.07318364567924018,0.07385750822464439,0.07428629976672774,0.07519466280606682,0.07569695309602563,0.07607699548086891,0.07753618617105537,0.07792324898570128,0.07874266371757949,0.07893724616171104,0.0808756642228311,0.08106200371759585,0.08297738541113822,0.08305155370761617,0.08512017042697032,0.08552712265756766,0.08532128370061953,0.08558393027298444,0.08623699971745599,0.08739311953598178,0.08745447750293878,0.08968738967229185,0.09204127236923455,0.09219709698526443,0.09368457598852342,0.09737436880155238,0.09787897488806072,0.09830265409342599,0.10215862672706343,0.1035794680562265,0.10410644218500519,0.10466866745845321,0.10484177631577178,0.10518034990605961,0.10550116720986694,0.10559445803084042,0.10683477497550109,0.10833210088078601,0.10840260244625674,0.10851827920655562,0.10848650938801223,0.10993755579830274,0.11003618622563507,0.11051190322963249,0.11065452628116028,0.11082194286666958,0.11109319031715682,0.11133658115875365,0.11177804452351339,0.11163827724680281,0.11183326820465518,0.11321531882312988,0.11303928032906782,0.11446216254402182,0.11582399581030553,0.11597464660484996,0.11655855680607587,0.11672033558183312,0.11738826743720175,0.11750291406488526,0.11814166174972678,0.11802631554378197,0.11835132602386313,0.1185712288443134,0.1188193988100671,0.11866507242065784,0.11978087590341842,0.12262794164127792,0.12456950384107382,0.12450525393783278,0.1265885600616311,0.12750177456063852,0.12838951344131097,0.12907867597007025,0.1288482761378238,0.12898038119775213,0.1297073519171876,0.1305563627210058,0.13713805344081859,0.13889662947170808,0.13970985505700953,0.14821460221963667,0.148611441323872,0.14934480087951163,0.15116006646778174,0.1516149373550558,0.1511932463502928,0.15247703432063994,0.15387704773650931,0.15778525458868162,0.15993912414946823,0.1600917039569545,0.1629155640516586,0.16345721314533448,0.16425370403659345,0.1647306018016343,0.16489221779322144,0.16486270448039927,0.16622393313443462,0.16728282884782877,0.16770525014019452,0.16789635958025695,0.16814376722104693,0.1702163977723153,0.17058026395165107,0.17088863897638185,0.17129372290496914,0.17137371934603093,0.17228697693264253,0.17246021358229768,0.1730584761726633,0.17312114454557298,0.17406757384433214,0.17475529998233547,0.1751766249960941,0.17606134748037489,0.17649173664926668,0.17728920329346234,0.17784423385773315,0.17782172480821712,0.17849717233789553,0.17951374663330938,0.1806710975691634,0.17955980935957308,0.18138271471168843,0.18191257304675607,0.18211345944404905,0.18210190381585897,0.1827851174576801,0.18332669262087445,0.1837020224382745,0.1852759404006839,0.18708341534851958,0.1873207574818536,0.18711681123601498,0.1872130575587002,0.18967954717137056,0.18962656033250366,0.18980871239576144,0.19384767121513838,0.19377116472720649,0.1942444112069334,0.19534346088318155,0.198313544917093,0.19829926098767403,0.19935362292035602,0.19954207299444712,0.20193524282974512,0.20180392010962173,0.20168832525213556,0.20195491664930584,0.20207916942885487,0.2033367846315336,0.2049133743345895,0.20766761031655262,0.20783768964819735,0.20759758936196696,0.2083023616849238,0.21051459179249338,0.21081414811303942,0.2146787920340194,0.2148649534741375,0.2139682900043584,0.21405073053549029,0.21461195491098442,0.21529720529071472,0.21569515067797568,0.21778064341147646,0.21815328106719833,0.21819578009645071,0.21927265438577237,0.219251218216631,0.21929345453869112,0.21957252486098647,0.21729521792885523,0.21923891712820462,0.22090487675719767,0.22118369849525382,0.2200305222439284,0.22318989176628332,0.2226267223335392,0.22290937880645054,0.22422619429943208,0.22425885128360148,0.22451834922008804,0.22548395000026306,0.22509385949394245,0.22585049066673565,0.22586902795237476,0.2259621625326579,0.22596919128644083,0.22792980433734913,0.2301428984268877,0.23022810324605955,0.23070107625705957,0.23079160142948998,0.2308989685495708,0.23096453545928314,0.23107094757662144,0.23123094897249252,0.23221243164896332,0.2322261341289635,0.23222388079589976,0.23174784644216945,0.23146077598884957,0.23159011566732268,0.23240153848428144,0.233813729900338,0.23443590458199398,0.23479124239939111,0.23478271893481434,0.23498100192045698,0.23474147931512362,0.23473512407470531,0.23476837300171252,0.23484223274497462,0.23490497265420468,0.2349501432442952,0.23499087446864553,0.23495090131395205,0.23541392148075965,0.23557799742668234,0.23565826022312053,0.23576787193087406,0.23609378195637876,0.236271395751885,0.23652046195790324,0.23660860781315296,0.23680464057269385,0.23716210926359627,0.23751976085110507,0.23750247497156687,0.2375283430412727,0.23861709140998372,0.23863761458569063,0.23917846466773224,0.2393451453969682,0.23935686635365755,0.23955632465315274,0.24016875186538852,0.24060404841781002,0.24071099749940825,0.24069502813321553,0.24073352357248162,0.24072738345298253,0.24095364978381695,0.24098753554364805,0.24105045716699355,0.24112902587570162,0.24134931348695246,0.2415272281178423,0.24161575644329913,0.2424484863621745,0.24236385046319614,0.24239093277098292,0.24241846228445504,0.24282743631308384,0.24284045231804632,0.2436025509267249,0.24375090533758628,0.24493974438634258,0.24658871201194577,0.24679092103406788,0.24691366771793272,0.2473048486394881,0.2471631678666938,0.24717044563880786,0.24760001223758832,0.24789655064030724,0.24802120325847504,0.24815991036901136,0.24950256901096346,0.24952285413183323,0.2520626374090699,0.25210721887395704,
0.0,0.0,0.0,0.0,0.0,0.0,0.0,0.0,0.0,0.0,0.0,0.0,0.0,0.0,0.0,0.0,0.0,0.0,0.0,0.0,0.0,0.0,0.0,0.0,0.0,0.0,0.0,0.0,0.0,0.0,0.0,0.0,0.0,0.0,0.0,0.0,0.0,0.0,0.0,0.0,0.0,0.0,0.0,0.0,0.0,0.0,0.0,0.0,0.0,0.0,0.0,0.0,0.0,0.0,0.0,0.0,0.0,0.0,0.0,0.0,0.0,0.0,0.0,0.0,0.0,0.0,0.0,0.0,0.0,0.0,0.0,0.0,0.0,0.0,0.0,0.0,0.0,0.0,0.0,0.0,0.0,0.0,0.0,0.0,0.0,0.0,0.0,0.0,0.0,0.0,0.0,0.0,0.0,0.0,0.0,2.0936512512200306E-6,2.0936512512200306E-6,5.611508555277318E-5,6.121603851827398E-5,6.1216038518274E-5,6.952688772988606E-5,9.237241111579736E-5,1.25920423210825E-4,1.4304337403735033E-4,1.5958274553843043E-4,1.6237510099358202E-4,1.606260126633783E-4,1.949198552078333E-4,2.127494911415117E-4,2.2401277098948406E-4,3.2238066413054433E-4,8.830577195894197E-4,8.660430857664825E-4,0.0010851707235953385,0.0013328953013670769,0.004663411332176959,0.00510682931448055,0.005932476938698414,0.007828404954836847,0.011334165346173762,0.012329553316927302,0.012446950785465281,0.01258369598737969,0.012742920755099266,0.012842610927650011,0.01397634881582694,0.01623939826138028,0.01655124969888326,0.015974691949213263,0.015928909086561888,0.015915591566455226,0.018059891814933414,0.019018916576814624,0.019030253549059236,0.019712200852650855,0.019805233836945962,0.03575706062859239,0.03824869977022407,0.04210016559308795,0.04561744398468013,0.05114282924803808,0.05647570325462403,0.060625188348892446,0.06056847177970486,0.06143293203867913,0.06223693184547669,0.061923852194251616,0.07433527914513044,0.07925529729066495,0.08202024571336566,0.08513392112569455,0.0885376405521636,0.09027395401863662,0.09135760280315443,0.09162342849532254,0.09270787435924419,0.09288270656538229,0.09304969291156467,0.09460673143902441,0.09614773312939026,0.09670498617245536,0.09655907105996879,0.09804043956500698,0.09988449956441163,0.10178974365505301,0.10401614792225174,0.10516123166018247,0.10639470945457445,0.10764543825695301,0.10940307033552221,0.11021481364803212,0.11451425455192528,0.11522379164962557,0.11626117646803459,0.11679155569920263,0.11679666122600108,0.11748127713390213,0.11769333117405839,0.11831568209531611,0.11843606818766979,0.11937859178611679,0.12426875294086305,0.13066285416548526,0.1292543534375206,0.13089824366564437,0.13217724493199426,0.13121824240328578,0.13277876308282097,0.13364023369407424,0.13551860120487647,0.13601721568737676,0.13605564944055198,0.1439051925402767,0.14412687601373578,0.14641290342875593,0.1504705285945039,0.15080631470530645,0.15205015569997254,0.15382058249737676,0.1560541202567894,0.15899917925542878,0.15925535163203305,0.1582225659004903,0.16003178974584276,0.16297637713310223,0.16416449335655356,0.16423646194681044,0.16576545238383317,0.1672386895389433,0.16975145523504226,0.17047772610169926,0.17036223216015775,0.17179068739321968,0.1719411047285219,0.17238836079240488,0.1746191872531855,0.1743701370474189,0.17519987307902052,0.17575543004382,0.17645992210052158,0.17939084660540272,0.18042749435949584,0.18008135050536472,0.1813650985173267,0.17975606753591605,0.1806907948658671,0.18017451312483615,0.18082803073141193,0.18197348624824014,0.1834059564709533,0.1836525242268497,0.18387106665962988,0.18537710845491903,0.18540583832705093,0.18808482424706535,0.18845495521854938,0.18897257097607312,0.1892500167435822,0.19045417923209157,0.19217025596286152,0.19282313042218552,0.19347402702419203,0.1959503715639519,0.195127457874584,0.19693884614687915,0.20663019624545031,0.2069060344708662,0.21518210278957822,0.21586191763260912,0.2172036471166815,0.21962064218355726,0.2182323272739829,0.21906254598660557,0.22035819038681062,0.22033260509767627,0.2204245946320295,0.21900918768984662,0.21921420160449379,0.22065537320080314,0.22156137306507645,0.22001420521384668,0.21921177210633044,0.22079717561760348,0.2213705040395276,0.22218850020954004,0.22297069068339537,0.22285797075508418,0.22354471354545175,0.22436596919573104,0.2253457263869855,0.2261871669439895,0.22626473670903774,0.22610640598896248,0.22640589278946857,0.22747323978935413,0.22774564058477473,0.2279050371063764,0.22830749217349172,0.22880052289801944,0.2289543729944901,0.23076066317861638,0.22954373020862706,0.22975647422577045,0.22976837389302876,0.2298393522577111,0.22954788640801305,0.22988507730620344,0.2306383544517541,0.23335586074312686,0.2339863478642572,0.23673818718622175,0.23730166512171413,0.237776284080358,0.23794966008575058,0.23809593176012947,0.23859722749142856,0.23885984771050725,0.23906463086202656,0.23916968183954426,0.23920283463574235,0.239011570303588,0.23900926236433284,0.23906463077889734,0.2391385026893959,0.23929501426598285,0.23944358316999267,0.2395656408872693,0.23979809380562686,0.2397606044727319,0.23961232338619784,0.2396516931136315,0.23962963765869047,0.24002299171898217,0.24025085400767007,0.24037099325734076,0.24024585702852672,0.24042745110318603,0.24060235748451772,0.2409840656331288,0.24083220097778033,0.2419781686526473,0.242099958007264,0.24097636342999643,0.24100939878221006,0.24178780982237477,0.24172481941138013,0.24177681901872217,0.2423806173010081,0.2423782102655778,0.24269381245397784,0.24303522802979674,0.24313987755844635,0.24354078349257627,0.24426376429671354,0.24436195709264,0.24450440057229186,0.24459645054117113,0.24493306888892902,0.24520853701867193,0.2452201101357126,0.24529778970709096,0.24528349227871016,0.24526905108022046,0.24572451443184995,0.24577588178130017,0.24577678299192574,0.24615055517329282,0.2461548569308736,0.24636848481182713,0.246560379816577,0.24703730070681976,0.24712629730258898,0.24694905058743716,0.24751088632503418,0.2477078201456867,0.24793696686247976,0.2491470453423079,0.249389194873182,0.250678459321924,0.25086425898804715,0.25090045522848875,0.25083004171076784,0.25094471909061644,0.2509742529698678,0.2517259197795616,0.2517163366620646,0.2514818382104804,0.2511965298269093,0.25125879270377194,0.2514849472215774,0.2519408791284546,0.25223815268491423,0.25213539290999143,0.2524323751018005,0.2542948164474397,0.2542244578008296,0.25422265464421107,0.254223238932805,0.25425548625750655,0.2543247702824577,0.25487411141766836,0.2548773502901384,0.255480149601837,0.25571014657784896,0.2559714516813411,0.2552358160480594,0.2555567410665375,0.25563298655237277,0.25563925494849943,0.2557512937513911,0.2558361692043944,0.25599289422219235,0.25601831426951005,0.25605328015645534,0.25626109213108134,0.25638837792809777,0.2565320414666295,0.25643236492847743,0.2564784174069023,0.25668011062784346,0.2580549746087236,0.2580146510244126,0.258012923814071,0.2581013710060593,0.25778216993968106,0.25775232959659117,0.25827318693500995,0.25749593252048397,0.2577110835280562,0.25785191141372144,0.25778737092643816,0.25780277190945966,0.25898314594311955,0.25898660249503613,0.25890703911484414,0.25943416090321486,0.2589404130860185,0.25907359936303415,0.2590729823629737,0.25908100718445676,0.25916109074262794,0.2591318839419026,0.2592777886400574,0.2589483082249924,0.2592437425954467,0.25927749926818217,0.26443709769495616,0.26445833181212985,0.264542366074439,0.26461102218450117,0.26470524659073447,0.26477970604235956,0.2647687118960698,0.26477055922439463,0.26466084044645344,0.26474033202299846,0.2647379998932429,0.26477237985328256,0.26577902064882053,0.2657895096038393,0.2658415887812006,0.2663370226160117,0.2663722117102947,0.2668568737509185,0.26685225311848176,0.26689222997429823,0.26717874517816925,0.26740835993224027,0.2674646055257872,0.26713005975231974,0.2671288756375449,0.2668413353401156,0.26688066760054474,0.26689514299472633,0.26693015498395906,0.26701548255159147,0.2670569589259206,0.2671053701610188,0.2670543361542337,0.2670777517769908,0.2671167201523351,0.26711667681376333,0.26710782958057994,0.2639342690566078,0.26386251039518327,0.26395881554075984,0.2639600543229323,0.26396760607182945,0.2639675546065458,0.26398593302174117,0.26434954495574475,0.2643428186801261,0.2645449957168155,0.2645960025398586,0.26454076885975053,0.26436232721913056,0.2645344411359826,0.26453933486603054,0.264523451026564,0.26447065067936304,0.2629204154079649,0.2629217532359792,0.26310050301903837,0.26321629207393904,0.26324139010818176,0.2632516731392062,0.2640399997539501,0.2640967388920954,0.2648350243255828,0.26476698378402447,0.26486978631433633,0.2648964087963802,0.26500360878926993,0.2655133731232459,0.2654427415030605,0.26554527557940943,0.2656667562734704,0.2656828686284289,0.26610021070199513,0.26609063026042945,
0.0,0.0,0.0,0.0,0.0,0.0,0.0,0.0,0.0,0.0,0.0,0.0,0.0,0.0,0.0,0.0,0.0,0.0,0.0,0.0,0.0,0.0,0.0,0.0,0.0,0.0,0.0,0.0,0.0,0.0,0.0,0.0,0.0,0.0,0.0,0.0,0.0,0.0,0.0,0.0,0.0,0.0,0.0,0.0,0.0,0.0,0.0,0.0,0.0,0.0,0.0,0.0,0.0,0.0,0.0,0.0,0.0,0.0,7.730476448089195E-6,7.730476448089195E-6,1.3846090618266286E-5,5.601813249947891E-5,5.616417557734561E-5,1.2151955684043283E-4,2.3206317855824807E-4,2.3539451650257413E-4,2.5841281811378426E-4,2.872284289507793E-4,3.8523842280761703E-4,4.894311266941066E-4,5.825623956740682E-4,5.9686329076827E-4,0.0010091992054730105,0.0010789088520529117,0.0011496440386821757,0.0012768619443517073,0.001320939989906766,0.0013006178067163834,0.001440352652630126,0.0017422977176884044,0.0018589271068890207,0.001996782451225875,0.0022940080420151936,0.002916833409641882,0.0031110640915351126,0.004841102824347036,0.004924526057770603,0.005110880380659583,0.005170135355315956,0.005552724050942007,0.006292410131018518,0.006306420608096035,0.007083576807296113,0.007175275008279038,0.0068518402680378425,0.0069473464910194856,0.008244619492334584,0.008650789999517917,0.008624743817443619,0.008538752215000948,0.008670716803923987,0.008606076421981248,0.007504026275190215,0.008647500214435017,0.009857975397515883,0.01026829572965878,0.01138614554337313,0.013330169422976199,0.013979002518315025,0.014249917818863802,0.014258449573337684,0.014342652801200027,0.014434504945064137,0.015022456841118676,0.016350302425428724,0.016254981966036974,0.02564999570278447,0.027379141048858482,0.03486295452600906,0.035162597826528724,0.04790633707946907,0.05078348395457418,0.052372053479974506,0.05407255863708396,0.05495453890387334,0.05897574272069854,0.061589616165414446,0.061928461463175814,0.06405888063617804,0.0678737921607869,0.0681762178638271,0.06917773969224815,0.07057798515517988,0.07092911613042084,0.07164426078066145,0.07187590807429466,0.07293526504184143,0.07323706792570625,0.0720517865738747,0.07397093559347827,0.07425641529841781,0.07607016498918381,0.07809976760506444,0.08385231529972843,0.0831364586716841,0.09421638794730237,0.09403034877949659,0.0948510562116956,0.09779572303238,0.09541431475322927,0.09687653557582482,0.0974000644660606,0.09898088896008063,0.10044998826220725,0.10337957082021833,0.11170433230804416,0.11350110344628885,0.1285014129658461,0.1293171599344599,0.13317338286504368,0.13386670417334776,0.1346410077577247,0.13478310065870228,0.13686475405489884,0.13764803457533767,0.14046539031376634,0.13914529372038642,0.14080315114102612,0.14123621176613518,0.14125628100950366,0.14214321836817648,0.14280734405279036,0.14346525930263287,0.1425663140584331,0.1436704790962999,0.14512535955973654,0.14698281579523756,0.14710456969687838,0.14681504172853627,0.14808329804280998,0.15022136743356954,0.1515832406745413,0.15204672612606335,0.15403795655610375,0.15605078249227555,0.1606746800547485,0.1623896387523338,0.16271411458785354,0.16316525959393968,0.16491534218862375,0.16485530810908972,0.16596150074698832,0.16857757159352516,0.17105636406135025,0.17459314542990542,0.17499550360906088,0.1775510274409246,0.17808485017596623,0.17736842016530635,0.17740734710810485,0.17934578401514678,0.1809828234431091,0.1832190063994977,0.18478213892503562,0.1855352773744385,0.1874590552097519,0.1885121340564734,0.18915050512537201,0.18985067484115672,0.18989926199380483,0.19065378077596964,0.19273874616728806,0.19281489941527596,0.19300929446670398,0.19350430522017262,0.19330558654410404,0.1943105867864486,0.19599175339331457,0.1973241050291235,0.19739421183860378,0.19741606710406415,0.19760850941962724,0.1986567092563131,0.19864486881897717,0.2010104588109448,0.2011683525605526,0.20252067696994025,0.20211472124517485,0.20147462578904887,0.20362109579955548,0.20629577681895422,0.20676722487552882,0.20734198463481776,0.2068777399515296,0.20734067197282102,0.20958170567387038,0.21075099168570294,0.2110733983456105,0.21182949139322882,0.2118829000501336,0.2140223229507262,0.21480965644730768,0.21527469729754886,0.21732105717093964,0.2179767124999821,0.21800968077005214,0.21860922337606462,0.2190972321244607,0.21957035638224956,0.22047902838517133,0.2207252629555416,0.22084932607460467,0.2204441748740764,0.2209844302120934,0.22087246562243074,0.22096114520479682,0.22100366935464694,0.2199112346583728,0.2206925041954094,0.2213899924917802,0.22161349043989476,0.22367447508839522,0.22402098719862618,0.2244386415310539,0.2245883668488267,0.2239147406664038,0.22467880865338236,0.2254010180304756,0.22687601322604123,0.2266802002607655,0.2270238894706136,0.22696956890672512,0.2271981608118096,0.2319649583225324,0.23085523224148088,0.23085438162049143,0.23115904069426021,0.23108120163227902,0.23134610994850763,0.23139360761987326,0.23126845145845096,0.2312769873975218,0.23229596590080726,0.2344438207493591,0.2347773884644088,0.23812937688390934,0.23947254174323526,0.23965444697931587,0.24109870260025,0.2412279818372909,0.24130300696155763,0.24156500725247243,0.24175864257720214,0.2419842139537338,0.24187751365108784,0.24183921561157823,0.24219923051165274,0.2422022704780797,0.2416034060511302,0.24194731846579562,0.24237688870781868,0.24364459855808268,0.24311043092806192,0.24344291234046303,0.24393471919781456,0.24471150982738296,0.243004986696733,0.24354889470297628,0.24352706706724103,0.24411422499889188,0.24431099201457335,0.24540062592416037,0.24655069371794952,0.24659231485214483,0.24716218816499244,0.24726561997319269,0.2472767264290039,0.24733173176838313,0.24778406623720778,0.24792423296933247,0.24797796283321583,0.2480118546366369,0.24846973886863022,0.24923648540418064,0.24915580955093825,0.24911134380362526,0.24904986970400933,0.24908573937032003,0.24939573627119507,0.2496302464320203,0.25190526721360773,0.2522600801140096,0.25376267338174585,0.25382177492295266,0.25389538086138363,0.2533482679469882,0.2540814714876897,0.2543115709945813,0.25518222135013613,0.25517675455870575,0.2556500112917307,0.25583880979422535,0.25588128784818626,0.2561355939595701,0.256218249709953,0.2566126867811017,0.2565689852205767,0.2567693349977467,0.25712660843892693,0.2572247881874876,0.25720157133645943,0.257338785538114,0.25739067341158256,0.2574564743398122,0.2574700620138848,0.25739431409276803,0.2576032094809888,0.25769830604536914,0.25778119075609596,0.25786617963501346,0.25817410810248514,0.25791735544207045,0.25773594632929164,0.2571082346421243,0.2569514668945903,0.25689449484066534,0.25706030313472067,0.2570682394538312,0.25721240304825194,0.25655718905108904,0.2561635757073672,0.2561350219782082,0.25613862673573323,0.2560508186275258,0.2530160108648794,0.2524208622219664,0.25227146579570203,0.2522761391506625,0.25234793444672005,0.25257110989043163,0.2558128385655318,0.2560378496301562,0.2559861665035277,0.25682801705140473,0.25703041274682253,0.257409830956799,0.25777413958271184,0.25762560152929315,0.2576989102630245,0.25769992733643177,0.25644936723365386,0.25628347828776116,0.25626630079352386,0.2563309398468886,0.2566859526960184,0.25682047823927695,0.2568889519947491,0.25689097199731975,0.25696628189013204,0.25707628277558137,0.257561379772938,0.2577365987243425,0.25774674981623485,0.25774111356505386,0.25729202424801373,0.2573865049720396,0.2574474270905618,0.2578529063040667,0.25789748445843175,0.258031203551739,0.25809961558580774,0.2581619922545364,0.258429284867355,0.25850127033750414,0.25852868525286715,0.2585486759566309,0.2584853974420401,0.2584811569628669,0.25846526692802546,0.2584466714267951,0.2586047818886195,0.2585942354188042,0.25869558008644755,0.25892663267601246,0.2589281688463911,0.2590763546601942,0.259019544202491,0.25907014940259604,0.259153067593095,0.2592181742875954,0.2592686833873809,0.25939439187653446,0.25959724569964077,0.25965961639860885,0.2612434442227509,0.26124473371001994,0.26124416486858454,0.26127732104740664,0.2612405771134717,0.261246458285511,0.2611498554046051,0.26136885423830003,0.26134471149529753,0.2619754820424933,0.2617592902150898,0.26176931025412253,0.2614296870224769,0.2618990296999809,0.26192477745397896,0.26192990805946165,0.2619644353643054,0.2625284482665656,0.26259176700026454,0.2625994702614934,0.26293150294709633,0.26285704637552404,0.2630581569454344,0.26305957402842217,0.26310538778443915,0.26310886045038145,0.26326102520933575,0.2632679095521405,0.2633026896846501,0.2633112734001192,0.2627950721472574,0.2628440393174625,0.26288175157256866,0.2628668277509267,0.2628934743117151,0.2628853236480152,0.2623316623394956,0.26247766103490294,0.26240232974135624,0.26240127515149514,0.2624065843313588,0.26246439863295357,0.2624281967501769,0.26256860785516406,0.262476627144197,0.2624705123503387,0.2624534863372927,0.26245299447094256,0.2624551459391485,0.26244900168946633,0.2624509444020315,0.2623826758976013,0.26244228742908243,0.26253890642287,0.26254410978423287,0.2626148621168826,0.26251281033211754,0.2625055377313488,0.26254594281198734,0.26256229832801287,0.26256381324078043,0.2625963669138096,0.26270321943096253,0.2627852815364467,0.2627898161265732,0.2628843623064706,
0.0,0.0,0.0,0.0,0.0,0.0,0.0,0.0,0.0,0.0,0.0,0.0,0.0,0.0,0.0,0.0,0.0,0.0,0.0,0.0,0.0,0.0,0.0,0.0,0.0,0.0,0.0,0.0,0.0,0.0,0.0,0.0,0.0,0.0,0.0,0.0,0.0,0.0,0.0,0.0,0.0,0.0,0.0,0.0,0.0,0.0,0.0,0.0,0.0,0.0,0.0,0.0,0.0,0.0,0.0,0.0,0.0,0.0,0.0,0.0,0.0,0.0,0.0,0.0,0.0,0.0,0.0,0.0,0.0,0.0,0.0,0.0,0.0,0.0,0.0,0.0,0.0,0.0,0.0,0.0,0.0,0.0,0.0,0.0,0.0,0.0,0.0,0.0,0.0,0.0,0.0,0.0,0.0,0.0,0.0,0.0,0.0,0.0,0.0,0.0,0.0,0.0,0.0,0.0,0.0,0.0,0.0,0.0,0.0,0.0,0.0,0.0,4.726115567477282E-6,3.90011117259418E-5,9.374997765751597E-5,9.374997765751595E-5,1.5877711801802583E-4,2.0595857269484953E-4,2.2231168173605855E-4,2.7372999868450603E-4,8.628107974963272E-4,9.85193419924823E-4,0.001223799350439253,0.0014036015867079526,0.0017387999461151576,0.003282685877262176,0.003324637883599678,0.0033596442560581015,0.0035600080536862346,0.003860832042812834,0.0043114844928170545,0.005396941925828974,0.005527977483900089,0.005624413072822186,0.006845110900715315,0.007628930866673122,0.007676122186938541,0.007988158115153842,0.00772202586207035,0.007716212772800386,0.008373460266496624,0.008824074104119372,0.009479434305898118,0.009889412406519218,0.011254165199355159,0.011971270539601698,0.012684449300220446,0.013573806156485594,0.014103681256982891,0.014726585659268335,0.015192961809087538,0.015317636119199618,0.018531425061630663,0.018346736593224965,0.019619852598751042,0.02043679083996178,0.019336635742923367,0.021154847150380778,0.02237665972117419,0.022753364750096858,0.023462765353047955,0.023929776896874217,0.024244734557723743,0.025244760797336355,0.027691306141894658,0.0319504060210441,0.034757307953508516,0.039189076799095,0.03968389340617549,0.04371954206227402,0.04565184421725296,0.04533424561062314,0.04555186859068945,0.04637437135269793,0.04666276792666331,0.046738758156133466,0.04813658222500902,0.04850617954294589,0.050537144719082876,0.051227993500705775,0.0511542090514504,0.05249858833765381,0.05285365855173773,0.05469332073092128,0.058405974750054525,0.06257351249836449,0.06293881114890525,0.0648982541570864,0.06604603757002529,0.06649377784514397,0.06942491812009118,0.07339716016113684,0.07560160080330787,0.0761787276241932,0.07881432390704628,0.07719053943215497,0.07720524559455526,0.07927296194515503,0.08011069390749803,0.08131606878666808,0.08208782094432303,0.08666781836496078,0.08724521702950505,0.09077729760444431,0.09306433657379573,0.09547321588631326,0.09596358835980519,0.09790291460927995,0.1009660863332196,0.101731684974315,0.10305980298103314,0.10433676350748904,0.10474660474977163,0.1058101801590434,0.10540901747670976,0.1126500808045914,0.11231779712806449,0.1132847104815529,0.11457621463369748,0.11961645979171226,0.1211332455810379,0.12097357648778603,0.1209016398684046,0.12120090126207327,0.12197173605934643,0.12144701308025503,0.1218126271532466,0.12224911531044887,0.12144003514225464,0.12164104455790699,0.12213248744695367,0.12284586502900136,0.12511686961887938,0.12872630068131918,0.13031190166253132,0.1304758195099658,0.13123316581784109,0.13442576877494566,0.13589773938427976,0.13602855910991657,0.13689998860535524,0.1400983103419618,0.14156938464134802,0.14143810651306582,0.14337006100554317,0.1441313299969818,0.14421011324440014,0.14469729651095167,0.14527189316566666,0.145533693146281,0.1449823644391444,0.1449669417633211,0.14466626888880313,0.14823768475030355,0.15016965180973732,0.15396044151371008,0.15400358785946264,0.15320354257900126,0.15411483362277967,0.15639689784661218,0.15636308775540347,0.15606113220787146,0.15649418306042762,0.15784894976745228,0.15888332368827687,0.1599855409807596,0.1609206877092829,0.16178282294969837,0.1628768329136207,0.16397989600662313,0.1635941799602516,0.16697160251069157,0.16853091244989787,0.18100727810763337,0.1814376420433626,0.18160615220385504,0.18329502420795193,0.1834138835084375,0.18850118989806103,0.1885926579796314,0.18872528514061876,0.18914037796614647,0.19225014536166754,0.19394628389502377,0.19336281989805093,0.19306747524469722,0.19313848193387953,0.19361831108332964,0.19536104619785422,0.19715957311490595,0.19843879544967327,0.1991103874404037,0.201209004518182,0.20446445829638826,0.20542176455181296,0.2051201431161895,0.20826795052485436,0.21135642577607944,0.21191505194291818,0.21316318825961705,0.2147559082180395,0.21370547828785044,0.21551425150065456,0.2166607730106146,0.22164424206289957,0.2239357725806277,0.22579190723113193,0.22595330264377322,0.22593030243452572,0.22601288912450232,0.22751566952363977,0.22777711048025387,0.2278562399201267,0.22871515800996817,0.2292671317665317,0.23016335573957297,0.2305842118700986,0.23064645172708007,0.23070071473360246,0.23089147997187617,0.23445179999666213,0.2342357746337628,0.23470246291505592,0.23490857659666026,0.23532475053055732,0.23731593945238288,0.23812434060005294,0.23841261859233862,0.23859973619516925,0.23893673751143724,0.23939804109498045,0.23902740517264884,0.2422108102407568,0.24307934713981294,0.24344435088690294,0.24331569106383752,0.24329832410741783,0.24312050914421734,0.24203397481973915,0.2418586153793399,0.24151732325157793,0.2432652878749284,0.24349120511561642,0.24545944032375508,0.24480701685094897,0.2456229248933707,0.24561112192899734,0.24576045675936334,0.24697038657590392,0.24707304433184488,0.247225707205782,0.24741717996927265,0.24784275759898963,0.24774393845704168,0.2482253918359167,0.2477939967689737,0.2529902239367255,0.2530278082719097,0.25306828899730305,0.2528962611304179,0.25298289085954645,0.2538236096916071,0.25421022179504277,0.2543422598221617,0.25450412385926313,0.25455145396223194,0.25473392932315925,0.25493962923029334,0.2550615776083327,0.25519650791738296,0.2556948297865955,0.2557438151765561,0.2557738178117713,0.2559098006985682,0.2561533232644828,0.2550897713351708,0.25544627481103854,0.2560854270387604,0.2562479825303711,0.2565840431503143,0.25663001111181516,0.25672352757767025,0.2567438179282882,0.2571129489676136,0.2574807964535154,0.25784097858889576,0.2577619606635143,0.2595215150371529,0.25957356162050665,0.2602299283567726,0.26037302169150683,0.2604860789719709,0.26050537409607993,0.2607362745066736,0.2621482609098551,0.2621331381336649,0.26222294966280457,0.2622755592922116,0.26245460564932416,0.26256337324790796,0.26265343673632474,0.26265191645681774,0.2627392970165592,0.2629993250673351,0.263066892375095,0.2636537985904392,0.2634548876771838,0.26290550370422416,0.2607438612912381,0.26084084031981436,0.26082134775397037,0.2607447909652442,0.26077486849451503,0.26064837121367507,0.2606469470394013,0.2608640209316097,0.26090970830632915,0.2608784264774998,0.2603088941825785,0.2606044645857548,0.26103803797014924,0.26070958256044857,0.260655687439864,0.2607547940118696,0.26114155161446945,0.26194223862299276,0.262655769867915,0.262675242430832,0.26280024060560486,0.2635066827535745,0.2636044801143363,0.26359922041172157,0.2638799311767722,0.2641109990831711,0.2641260589948568,0.2641175136911425,0.2641170711912723,0.26412473459452035,0.2641695947944045,0.26476145626315534,0.2621571643701844,0.26202730465960206,0.2655115062335477,0.26328631223951054,0.2640212178082301,0.26399931175910923,0.26397776535863027,0.26406565621208283,0.26417142049090314,0.26433606906350043,0.2643367199180957,0.2642860794061505,0.26356390698074655,0.26352490540845386,0.2636818198355231,0.2637819624120637,0.26331206760423964,0.263607163098351,0.26364090294115894,0.2636861897107218,0.2636523964932,0.26363441686164374,0.2637592573284715,0.2638906812435541,0.26727340376273884,0.26791819803264727,0.2679360678377255,0.2679328881998163,0.26891091181374777,0.26911062386717033,0.2691361919097221,0.26913307265381825,0.26909938660471866,0.2690686924989354,0.26918459660674215,0.2697782049769945,0.2697068681556424,0.2697968431027418,0.2697911650631883,0.2700572933366176,0.27006315993560837,0.26954950397795874,0.2695478740775932,0.26969019211253653,0.26981565894010107,0.269748921441569,0.26976203008313787,0.26974180463896663,0.26976861944294955,0.26984330111668675,0.2697966522988636,0.26975119922359836,0.2698623159702591,0.26954438607433,0.2694358277787478,0.2697019092761704,0.269754943915273,0.2698051198475516,0.2702614845501403,0.2703153279163204,
0.0,0.0,0.0,0.0,0.0,0.0,0.0,0.0,0.0,0.0,0.0,0.0,0.0,0.0,0.0,0.0,0.0,0.0,0.0,0.0,0.0,0.0,0.0,0.0,0.0,0.0,0.0,0.0,0.0,0.0,0.0,0.0,0.0,0.0,0.0,0.0,0.0,0.0,0.0,0.0,0.0,0.0,0.0,0.0,0.0,0.0,0.0,0.0,0.0,0.0,0.0,0.0,0.0,0.0,0.0,0.0,0.0,0.0,0.0,0.0,0.0,0.0,0.0,0.0,0.0,0.0,0.0,0.0,0.0,0.0,0.0,0.0,0.0,0.0,0.0,2.7620114006702577E-5,2.9147653845950263E-5,6.046380417310413E-5,7.874344304211888E-5,7.871568515823678E-5,8.434823496952245E-5,1.6404921595547433E-4,1.6926095051899364E-4,2.3874101780294997E-4,4.920255157310384E-4,5.275800560231937E-4,0.0010277233628260072,9.888577009593694E-4,9.98649557727921E-4,9.44964110973672E-4,0.0015325819212128658,0.002156527154615531,0.0027447925958580576,0.0030215891755945848,0.0031709551184635476,0.0030573964615836155,0.00313454291941988,0.003050543543320567,0.0027387098551456867,0.0028861761152092396,0.002882730525366709,0.0029141947274925663,0.002825224181774287,0.0029508459108221487,0.003414354340568061,0.0040388763857440516,0.004635804868589283,0.005595109721487977,0.005595253152033449,0.005719590534502652,0.005973923514882903,0.005963870166393153,0.005728521619967472,0.00579254215064274,0.005996156145059034,0.0062908077183856945,0.006544234777677569,0.00667848186046957,0.006695954774503647,0.0070136864902078525,0.007597991521600716,0.007798236013667584,0.007876224868816036,0.007735973327157965,0.007842704846300003,0.00802097108605904,0.008037610142298255,0.00836834559472865,0.008595475439625223,0.008604576113450632,0.009866048023202612,0.011363384137107828,0.012445755935419063,0.01316713020422768,0.013220116421944034,0.013390183517344662,0.016685481985935908,0.018112145318518368,0.018162818808045246,0.01836534684383636,0.020263054665741027,0.020735555562759505,0.021511995108593238,0.0206640438571427,0.02213172916171609,0.022538866553567644,0.02536132035153502,0.027023925509276767,0.027119298953735934,0.028347971476980847,0.028284121380143686,0.028671518694814775,0.029471768942635784,0.029698662037690227,0.03040498715250737,0.03218533503480085,0.031913004707400765,0.03163482464033637,0.0322752322796165,0.03214867956983548,0.03297243194492897,0.035007304701484464,0.03467797908906708,0.03455055329281781,0.03729468087579141,0.03849870743840073,0.03952822818208578,0.03981799678935631,0.04045595570954738,0.04159452809597859,0.041536745295141286,0.042045846983983205,0.04314826663110479,0.043322165526258456,0.043854490805569094,0.04474409638510091,0.04542502105338044,0.04580198113998021,0.04625075389406437,0.04704094846771625,0.047727837712002924,0.04893436179047742,0.04934744201776106,0.04952358408880734,0.05030081727231827,0.050293538290331785,0.05038310360464007,0.05094282554203256,0.05222880992621275,0.05380978433568797,0.05435975445771993,0.05623131883257697,0.05717606574187222,0.060115700428057715,0.061694838325492656,0.06273600809063186,0.06326277924132474,0.06531727769316385,0.06625037926298381,0.0665129552181075,0.07017073379439333,0.07298684455062827,0.07373072416720379,0.07287541548789017,0.07456965196219748,0.07577659892999758,0.0790880328275819,0.08245578323302898,0.08512463002717287,0.08831494575107877,0.09051758931021592,0.09334411966583418,0.09355295563321396,0.09363831831035475,0.094950396994406,0.09719307804839222,0.0993549325012848,0.098774402486007,0.09955621752867383,0.10022042082019916,0.1003700845528845,0.10378299385712747,0.10511295923655625,0.10720999199510999,0.10802612447744672,0.10803102083449617,0.10896391317263401,0.10996997081007748,0.11003174646451103,0.11040786000497188,0.1118255696793649,0.11263052944826644,0.11291902672487678,0.11372329637474982,0.11485522006257416,0.11546966392467779,0.11728586737227979,0.11779448724625495,0.11822229913871243,0.11817433466093889,0.11934895807023489,0.12061310911594819,0.12091107530846187,0.12221854045176882,0.1227078541556367,0.12296604153011578,0.1233190438831758,0.12361987428820961,0.12413905951647179,0.12453260340394745,0.12514576110046455,0.1260816993043989,0.12609109164396026,0.12700316076629858,0.1271703567509558,0.12872652021544187,0.12919257520920957,0.1305508523652296,0.1315191886084976,0.13228455268722347,0.1342029421849475,0.13564457670089483,0.13892790391893056,0.14176040745197327,0.1446766004488017,0.14479176085016482,0.14500777269105708,0.14699354793410013,0.15134548618097798,0.15137437967240389,0.1518730390017354,0.15182651982518733,0.1531426390038231,0.15391505935701322,0.15389282053861097,0.15384011634201125,0.15511506899958816,0.15666419105764065,0.15740237408122312,0.15751158085411557,0.15784007489308677,0.158077478693663,0.15932333362574397,0.1591941997187923,0.16094343195625302,0.1604189214370315,0.16046707742580077,0.16348335892110397,0.16550804414999482,0.17271892637325342,0.17319420426535212,0.1746567404291515,0.17481569277489548,0.17532752243570346,0.1785889889187413,0.1804237522171243,0.17936284144351364,0.1795132317494523,0.1795335370720871,0.18033994961970876,0.18050250512316593,0.1808240715413122,0.18041311918105693,0.17992931540829296,0.18098154072815695,0.18127565235418933,0.18182114193570656,0.1820111323148915,0.18194413454402802,0.1829675070808108,0.1846775833883132,0.1842181992667639,0.18474440198317674,0.1847268121009897,0.18350566336970187,0.18507479508314245,0.18591976039069658,0.1860611692355724,0.18611538052190618,0.18633299946999096,0.1866308993407739,0.18763156234486225,0.18858370412625833,0.18887213546963513,0.18912703605582545,0.1892793261001706,0.18958188573774074,0.1896570883240277,0.18967255808441646,0.18993418380641716,0.19028007195000682,0.1903594522262082,0.1892123159449724,0.1885506161819066,0.18845308729237362,0.1886341290366949,0.18832116702599955,0.18853420179680874,0.18863426536025354,0.1889335367249722,0.18881733680054494,0.18870804908575145,0.1892733756713454,0.18939891479377172,0.18918910963861355,0.18931178976094562,0.1895414929678103,0.189607944049388,0.19078803078763662,0.19093747517241658,0.19114955476928802,0.1901112992358917,0.19679469176865289,0.19684834034743354,0.19774591499048083,0.19812218280338828,0.20365843674744177,0.2055771094541981,0.20598561669717297,0.20866378587795104,0.2092539471492701,0.2106221500269631,0.2108251295737235,0.21285013223469004,0.21390074634198536,0.21582940590207966,0.2159164189763269,0.21653588100761675,0.21763068669129135,0.21695318333528602,0.2182265298530394,0.2186815946594635,0.22218710742569073,0.22313635280273827,0.22336144652371073,0.22403748916896665,0.22513997459616716,0.22566596596562563,0.22467549139033885,0.22562724376453053,0.22600071418567344,0.2262606820645595,0.22735439365548346,0.2297278195332388,0.23036088013554137,0.23244301165226197,0.2324255279296962,0.23345282729896322,0.2344128530155324,0.2344996874953916,0.2342181974970834,0.23641957285082904,0.23673553940907505,0.23722330258376104,0.23657248488006802,0.23618497408762543,0.2358143669138518,0.23842047429742172,0.23901780511264514,0.2387843324957584,0.2391324093872866,0.2387463805156852,0.2392308873922011,0.24103851433992657,0.24308113986088445,0.24334644102887595,0.24310241394089346,0.24306308589985562,0.24315107440459813,0.24425838339178502,0.24514699824270897,0.2450999872578774,0.24634069835385092,0.24688549154579886,0.24712627623371328,0.24772263394628063,0.2477694455230661,0.24789049806412977,0.24811771262023077,0.24702710091730598,0.24723841597702215,0.2473522792827926,0.24771133811441706,0.24774653493659027,0.248154204169021,0.25123204277928585,0.2513083726786868,0.25154772302082135,0.251444321286337,0.25197432078729487,0.2528163118976154,0.2528257837331118,0.25441721983873344,0.25503138794550667,0.255806436261509,0.25577061184637767,0.2559582556238457,0.2589341539427358,0.25894649034238215,0.25921627529928637,0.2614609765949206,0.261082425220767,0.26106884328228624,0.26132546234351256,0.2607950564028582,0.2609247987669852,0.2613545324759515,0.26133424527709354,0.26159078616193976,0.2615506228020563,0.26157619189742837,0.2637243806446083,0.26387179216363815,0.26389610842098055,0.26402321283245206,0.26491189150926664,0.2649169889300341,0.2649756451859939,0.2650616001433102,0.26512823844846406,0.2654715127680954,0.265411868290774,0.26543205218497745,0.2657776813796943,0.26627154626371297,0.26636451599725236,0.2663886103911218,0.2661339975786978,0.2667864947831603,0.266750035120475,0.2668607199552711,0.2676169844464319,0.26766572009130474,0.26766757637545974,0.2677664186583608,0.26772816916380293,0.2680576771394183,0.26810032880661644,0.2681653231214131,0.2683591307822955,0.26897179872042,0.2691307778020095,0.2691328738795476,0.26927996031222384,0.26930283134072897,0.26944805430125796,0.269554629690626,0.2695974195438363,0.26973191851950035,0.2691653109353495,0.26913201402878345,0.2691081141939054,0.26909514431597603,0.26908625108538065,0.26908990900200136,0.2691216492575045,0.2694104358023194,0.2693499537775627,0.2691978989025366,0.269208160407975,
0.0,0.0,0.0,0.0,0.0,0.0,0.0,0.0,0.0,0.0,0.0,0.0,0.0,0.0,0.0,0.0,0.0,0.0,0.0,0.0,0.0,0.0,0.0,0.0,0.0,0.0,0.0,0.0,0.0,0.0,0.0,0.0,0.0,0.0,0.0,0.0,0.0,0.0,0.0,0.0,0.0,0.0,0.0,0.0,0.0,0.0,0.0,0.0,0.0,0.0,0.0,0.0,0.0,0.0,0.0,0.0,0.0,0.0,0.0,0.0,0.0,0.0,0.0,0.0,0.0,0.0,0.0,0.0,0.0,0.0,0.0,0.0,0.0,0.0,0.0,0.0,0.0,0.0,0.0,0.0,0.0,0.0,0.0,0.0,0.0,0.0,0.0,0.0,0.0,0.0,0.0,0.0,0.0,0.0,0.0,0.0,0.0,0.0,0.0,0.0,0.0,0.0,0.0,0.0,0.0,0.0,0.0,0.0,0.0,0.0,0.0,0.0,0.0,0.0,0.0,0.0,0.0,0.0,0.0,0.0,8.335197600093291E-6,9.802707924625874E-6,9.856105301376399E-6,3.708480636926267E-5,6.444053799630945E-5,6.859922666884085E-5,6.920421938032377E-5,7.700635921177402E-5,1.0208559785873528E-4,1.110149656313264E-4,1.3093571780956213E-4,1.3323157398703362E-4,1.8251999279428685E-4,3.706056135015497E-4,4.24351502586528E-4,4.267793266971392E-4,6.089400439037571E-4,6.844091701408691E-4,0.001011389747477567,0.0013402669437519148,0.0013714619687870873,0.0013038387558451873,0.0016739543531922552,0.0016817955553416909,0.0016908674439573906,0.0018473988127755624,0.0018382271362524173,0.002239886509670341,0.002482676814605665,0.00252673186562012,0.0024832925665228623,0.0024936326850944403,0.0028938940354566027,0.0031360123953996116,0.0033708030815885314,0.0036227683542954746,0.0037439742415763975,0.003949806505274485,0.004214365105118569,0.004899720744480985,0.005373598771775625,0.005485662597742565,0.0061867893381802935,0.005999497832990252,0.0052542596027650035,0.005307586616756892,0.004817417584536339,0.004530778815119847,0.005337121735397167,0.004952849072955964,0.005426614560173591,0.005901574867458189,0.006499811242589924,0.0061265220038699475,0.007433717261390922,0.008262108118454957,0.008345693325015774,0.011487103549086037,0.012115337522813937,0.012679294972996148,0.013129335642822525,0.014098076045006604,0.014674215712212908,0.014784651171925465,0.01575785689494325,0.015839752648556926,0.016279277571183838,0.016933194605916017,0.017034437369736838,0.01721666163754295,0.017474020195507513,0.018825870815819764,0.018806065987416153,0.02078604938400465,0.02136547380560195,0.022234764524651146,0.022307383085780588,0.02276269538767837,0.023325745985170763,0.02344233030922416,0.023756791999230132,0.02436399579699539,0.024614558524336326,0.025715050002283028,0.02604147278644836,0.026545207832369504,0.030516181448629352,0.03329362700189912,0.03443663948764016,0.035481988761533474,0.03746695506351045,0.03771182750831195,0.04098277097524006,0.04061620100882767,0.04060784425168854,0.040776907034410156,0.04379978438761708,0.0441212704152042,0.04789397513400277,0.054017290954107566,0.06058299756457329,0.06171196018407957,0.06332471087903385,0.061792376100496677,0.06234946818682568,0.0628388100534995,0.06621790769191759,0.06846826877901503,0.0770177749413107,0.07778797791127368,0.0770400626660087,0.07794841836062692,0.07994282676073583,0.08059789023323857,0.08388336523526671,0.08462178700717811,0.08695467240199435,0.08818705219624161,0.08836567672164107,0.08896280662085193,0.08900468817540501,0.08944426380498986,0.08942837408445158,0.08958894499111353,0.09021408082390033,0.09260467426330422,0.0935875826519499,0.09629828914979838,0.099800300666358,0.10138447630676606,0.10257729872727003,0.10423587342407983,0.10478187957566006,0.10502521658701643,0.10570174038121487,0.10656118030380503,0.1070952626355959,0.10799089369582755,0.10851953135354005,0.10974520218285383,0.11067850219606233,0.11124102447923286,0.1115295767638653,0.11266011369697868,0.11334752034921237,0.11369319491253341,0.1133515257067249,0.11365829376820659,0.11443622243728784,0.11601613686348776,0.11594912223915348,0.11681822178469052,0.11669537021991869,0.11702466182325125,0.11698728360515204,0.11723536327573825,0.1190077130724221,0.11917111312225097,0.11990921755131326,0.12071849374058533,0.12139631556179747,0.12153000249436993,0.12193330478775206,0.12186066479923542,0.12288432535831029,0.12314385728000947,0.13020382592547966,0.13096349126017856,0.13272768225149473,0.13247313359269713,0.1330772519925699,0.1331312987887862,0.13340406012923117,0.13517659978539937,0.13539743771968524,0.1359584674826994,0.13677515989783212,0.1391486735430115,0.14058838592756953,0.14108056574786965,0.14158703384345805,0.1419499362887937,0.1419017148752253,0.1417965551068422,0.14287944584883622,0.14719444687611122,0.1491669618294946,0.1499042968854678,0.15244704839467083,0.1566046677343587,0.15665320665244373,0.15687444136338957,0.15887669499827006,0.15920862140032935,0.16112819357760355,0.16154808088525516,0.16257987494957096,0.16375584288984574,0.1636733654704966,0.16556526287151058,0.1657159549171969,0.1658802921384236,0.16626350012821436,0.17941893823989494,0.17971204212117203,0.1797624481814594,0.18041822001131852,0.1809034842687152,0.1819725147240811,0.19145373769252513,0.19080243581065523,0.19261990151894384,0.1928837176828234,0.19312453259464832,0.19296362709885093,0.1926674969119217,0.19302201324793725,0.19310893076679334,0.19514536270238964,0.19512893038255827,0.1961021676032035,0.19652472438742694,0.19674833506276876,0.19785451189679698,0.2023631640017573,0.202408183980798,0.2031649870734765,0.20348748222098126,0.20519650060000028,0.20391216040495896,0.20446878122414883,0.2045052982499205,0.20490129377625588,0.20626644237559075,0.2109454524298376,0.2114920827755317,0.20997447796790142,0.2101647684563802,0.20989129371046328,0.21110133822847044,0.21132001332996744,0.2132289516549303,0.2133551054767636,0.21334420302314172,0.21404592030409642,0.21327599165060113,0.2139753360691099,0.21392172672030846,0.21388825788598656,0.21409128613572098,0.2143526890949702,0.21438571745419482,0.2146978267859585,0.2149080580849145,0.21675902243565082,0.21743880763512455,0.2174052313442622,0.21817367714250385,0.21939425469378665,0.21967755791866522,0.21977251189604757,0.2199391974708455,0.2200003334459643,0.21999546639230294,0.22029496896133482,0.22028138857284257,0.220378410145651,0.22164525461703233,0.22154406727678172,0.2216390346438824,0.22010039514608518,0.22008175538066832,0.22093200578094702,0.22164261356353618,0.22228934709068413,0.2224251159646688,0.22322463410347898,0.2239041807418507,0.22374531607298329,0.22472887378392295,0.22494201540833475,0.22510884238687098,0.22489212926531454,0.22466528968957264,0.22425398903310736,0.22456792060825928,0.22372957812308691,0.22385245909898774,0.22330989754597955,0.22337113397770306,0.22342594191828724,0.2235193940688221,0.223519530304879,0.22357298341099063,0.22342911352141231,0.22386417098469655,0.22403173592288653,0.22408879992814054,0.2242366699951607,0.22447581598143185,0.22462157159625093,0.22462946549445043,0.2247633900863742,0.2259778423817262,0.22601390445255917,0.22596848206749057,0.22740322848733696,0.22845846271718032,0.22883969882582805,0.23012191268859744,0.23115725220379832,0.23146800088293432,0.23147712110044902,0.2317173371935259,0.23198835481854532,0.23139472547519901,0.23210948470262252,0.2326114146594514,0.23387572771554171,0.23396683245647995,0.23422727028129395,0.23645286344388453,0.23657322117876012,0.235977414645758,0.23665336488818858,0.23713932321201883,0.2372131676977588,0.237477094948426,0.23755523746067447,0.23797246409825895,0.2382608979969004,0.23871385681078616,0.23877543481607194,0.23931232484156703,0.23952977730048453,0.2395565017709622,0.23967468251152343,0.2395285472991528,0.24207194135839852,0.24275121169784247,0.2432910536239854,0.2432938114471095,0.2434490620401112,0.24343493770474012,0.24411411856805992,0.24498001587392737,0.24501776460356742,0.24542958358606484,0.24514919651334663,0.24662756012960396,0.24678521409694196,0.24680289118173826,0.24726070845186007,0.24724795464819593,0.24764403134199475,0.2476977621447803,0.2477741599248385,0.24701928170318496,0.24739266507758956,0.2473749433994518,0.24762659255314784,0.2476963373892941,0.24790788929971946,0.2479292788440816,0.24792981171360226,0.24797298939565154,0.24781836419899303,0.24781403021664988,0.24793564825123293,0.24793118875796397,0.24795164667823028,0.24818456393848307,0.24836549554237303,0.2485919929174755,0.24940663823310605,0.2494187533046998,0.250060410237792,0.2500691024711118,0.2500724585592918,0.2502366091549189,
0.0,0.0,0.0,0.0,0.0,0.0,0.0,0.0,0.0,0.0,0.0,0.0,0.0,0.0,0.0,0.0,0.0,0.0,0.0,0.0,0.0,0.0,0.0,0.0,0.0,0.0,0.0,0.0,0.0,0.0,0.0,0.0,0.0,0.0,0.0,0.0,0.0,0.0,0.0,0.0,0.0,0.0,0.0,0.0,0.0,0.0,0.0,0.0,0.0,0.0,0.0,0.0,0.0,0.0,0.0,0.0,0.0,0.0,0.0,0.0,0.0,0.0,0.0,0.0,0.0,0.0,0.0,0.0,0.0,0.0,0.0,0.0,0.0,0.0,0.0,0.0,0.0,0.0,0.0,0.0,0.0,1.0950701523756819E-4,1.0982340799766732E-4,1.048960201102983E-4,7.68695531206956E-7,4.95273051508652E-7,4.95273051508652E-7,1.434930927753582E-6,1.1729666559812051E-5,1.92962681382269E-5,9.421301717353351E-5,3.259594957707056E-4,3.506385537999128E-4,4.4140964258635904E-4,4.4648749143976765E-4,4.503875422651382E-4,5.952159780763034E-4,6.802487471806336E-4,6.939280569431174E-4,7.855676931437146E-4,8.860037662360824E-4,9.842086081152772E-4,0.0010622304890639204,0.0010698455410194686,0.0011459793281034106,0.0010862351316390136,0.0011236384321336528,0.001301255569567085,0.0016241386495918692,0.0017867299925881886,0.0018849043260173437,0.0019751741615175625,0.0018391106129658147,0.0017798632352370148,0.001953892880418477,0.001650217718013129,0.0013896384728630258,0.0015000697315837872,0.0017164978474540247,0.0017069763456711866,0.001744352401520712,0.002099229275741401,0.0023149995957695902,0.00233944892404093,0.002646864145536615,0.0027924864037873224,0.0028638128371433693,0.0033256684599527685,0.0036245886957525903,0.003802697395670295,0.003822399352908271,0.003888186907474537,0.004111124777584688,0.004315932768634983,0.005352988435892541,0.005486028356435494,0.0058890886145157645,0.0057935042952508954,0.006688830919384044,0.006786481508340905,0.007067804721238982,0.007031703115351723,0.007233670304318517,0.007211759681154877,0.007175962932194438,0.00804589439075758,0.008313976976520717,0.008097902744363365,0.008008163398951221,0.00825672926330774,0.0106676622599774,0.010785181539352259,0.0139888220062259,0.011590900791469207,0.011761904960192526,0.012619700053455724,0.012674687681737268,0.013240586736586495,0.013456349478233456,0.01464904078991037,0.016895236336747402,0.018439723076484258,0.02427966592657545,0.025174108513284266,0.025448245334832274,0.025583729903803917,0.026741734863656358,0.02728201520554257,0.027640742876907345,0.026608146287229573,0.027435970720543476,0.0290200939524049,0.029722875363957346,0.030128467464277213,0.03088940123691399,0.03195403193401239,0.03282792695008467,0.033488984056169464,0.03347649551318828,0.03463640714004821,0.03736437843404551,0.038603782707187194,0.04070313334941484,0.04094869595370119,0.041708162811920545,0.04319999385082832,0.04330524378036373,0.046403041500594634,0.04706386799140715,0.04748037944175511,0.04863119295860256,0.0509320322494155,0.0512944397194787,0.05365335101159624,0.05398976820735732,0.05490757021739294,0.05570127450061658,0.05643604064694814,0.05649382917726169,0.057124200844929196,0.05764879744810935,0.057670607617408914,0.05908981747815576,0.060460719903553076,0.061289168899580096,0.06196162909603801,0.06235268295925873,0.06244303065685261,0.06257330984278167,0.06311512866556998,0.062468034914873585,0.0634175895827491,0.06443194757964466,0.06452444651345471,0.06552795279837222,0.06557654074082539,0.06512043659689412,0.06643484460055715,0.06661708359394235,0.06807614730770566,0.06854730063593063,0.06661922235731486,0.06564150658723765,0.06682000946191474,0.0683220483986332,0.0702021115355279,0.07061665126075925,0.07033317158561053,0.07215452435370064,0.07375380588578805,0.07420644074320529,0.0743792147224363,0.07589179141939736,0.07830374173217117,0.07938364126176323,0.0817587133551897,0.08287314049664327,0.08333517681809362,0.08351545492814433,0.084797264491422,0.08596609117850554,0.0864441482171699,0.08815649683384104,0.08831986746658925,0.08946574623230852,0.09014601808479325,0.09094247849067853,0.091016681412426,0.09218912779245454,0.09232710647959941,0.09310586177324973,0.09321420472501185,0.09338361623487415,0.09390163805432988,0.09503436154022679,0.09603279954974056,0.09817700987304687,0.09903338293404096,0.09961887670032867,0.10060239602240552,0.10124435395994599,0.10173727157922768,0.10197937075880442,0.10245592060816991,0.10440439600878038,0.10383328961165827,0.10493834821829767,0.10577594363001377,0.10606374190636246,0.10611496986881819,0.106110941847232,0.10712139130066467,0.10821573216557526,0.10875507651897615,0.10918720484451469,0.10966176441770178,0.10995691515580909,0.1099890978311233,0.11046988210225765,0.11082795131233117,0.11107542679831621,0.11119744826685017,0.11213801709743612,0.11250675884271683,0.11323157078988336,0.11334577082826931,0.11628958006554922,0.11796463704617821,0.11823673336523748,0.11916499127717033,0.1199225245333088,0.12042207215506476,0.12095886862938693,0.12119974122048768,0.12207358688449368,0.12335412067511645,0.12369529858783371,0.12407297252877802,0.12448423115322493,0.1246234352055872,0.12529524968038616,0.12880020148072097,0.1290942597570761,0.1296946554954843,0.13030063651429738,0.13081642797135187,0.13112892410990853,0.13123826167291858,0.13379877844671492,0.13398479657715961,0.1339534036511361,0.13547311836311993,0.13782606108612366,0.13803326027675145,0.13828648828140971,0.13858447700120413,0.13943283320417413,0.14016165541328207,0.1404620511755875,0.1430414748293471,0.14329979203123402,0.14447065271609796,0.14453186560993728,0.1449530458986076,0.1455508716075214,0.14593366033763217,0.1497311534125999,0.1501003369209143,0.1508406813594154,0.1518176676517182,0.15240222021196864,0.15266662624914512,0.15302512661156897,0.1532936650514122,0.1533958188086181,0.1544272732370421,0.1547263756295984,0.15463153555214476,0.154631326810715,0.1555237254823125,0.15576630612440148,0.15631677017151174,0.16026318944017573,0.16171108738266216,0.1618312552118748,0.1616993800021457,0.1614279087958237,0.16206397941622613,0.16226044822362296,0.1621739804338979,0.16226548391866594,0.1627149273150262,0.16768414389826736,0.16898508551843253,0.17243319792862763,0.17311718873462506,0.17344148365996637,0.17348679770124054,0.17430296165865233,0.17483653052231785,0.17520421205873696,0.17522376725209013,0.17551793069039268,0.17585130569581506,0.17556173999678068,0.1756656039079304,0.17579648176386237,0.17601526870367823,0.1763713071457335,0.1786752774753791,0.17873185369110864,0.17881368057845404,0.18032999533438007,0.18146105440076316,0.18166136091331636,0.18063269649265778,0.18093766267170105,0.18119735213846608,0.18092413887322908,0.1865322547281882,0.18679404682850617,0.18699908961085998,0.18711621333684778,0.18766410635929148,0.18904011289718084,0.18895757759452242,0.18883900789077337,0.18974721248801862,0.19041459136842895,0.1910560342417413,0.19267576176983486,0.19547995018265174,0.19924238222006027,0.19930815835087864,0.20044558316751437,0.20186947905986058,0.2000211469046477,0.20356461208132384,0.20364495291874,0.20400629169246642,0.20400041096622304,0.20483176884915935,0.2048409889006927,0.20476653057506758,0.20466121957334169,0.20562407947443687,0.205884015302665,0.206020066032897,0.20603384882792966,0.20734156500511755,0.20772923295403592,0.20729177621675401,0.20736767076122245,0.20860628260968334,0.2087967592877057,0.2095086614694646,0.20963830499466415,0.20989416223045443,0.21070785950949508,0.2107464628811538,0.2112053432293227,0.211616201107816,0.2120904359137535,0.21238865884803768,0.2124387863895814,0.21267843808447864,0.21330637774600608,0.2136695419598119,0.21368457219578463,0.21391070120704056,0.21402559501181356,0.21406037507004605,0.21434705951358318,0.21462470228525565,0.21476556816221787,0.21556735164253116,0.21580104787793683,0.216441858662428,0.21814875751175505,0.2185245330911958,0.21864375096464786,0.21892546044915576,0.21912255080286766,0.21919135446871885,0.21937736987812914,0.21949463942392877,0.22056397995846408,0.2209160163256606,0.22057813355669958,0.22061292834984986,0.22289116009478419,0.2259713556603229,0.22589929150304555,0.2262544746111593,0.22934900268235667,0.2296848867020192,0.2288696825363011,0.22940374461697446,0.23173454642758717,0.23070186951813962,0.23085862620599049,0.23127879920652383,0.23175574852609893,0.23178226953183195,0.23341527719857016,0.23326258814220932,0.23326289392113758,0.23330472614499567,0.23341823881761314,0.23385874022820885,0.23389118362871847,0.23434784900281994,0.23480992321161537,0.23521077968725382,0.23597666646114815,0.23607836721950276,0.23720724184774872,0.23717294773426828,0.2374208196912106,0.2372670531359991,0.237430799676649,0.23755495555623243,0.23931099657927768,0.2387177171649879,0.2392009327551899,0.23995015045841706,0.24038977422995153,0.2403772254224878,0.2411839003153053,0.24150843158686142,0.24248876957384233,0.24266943337349273,0.24290777176448158,0.24304825144414888,0.2431965955658716,0.2430306010102934,0.2434771833646379,0.2435354724623763,0.24357896253721806,0.24328473582382681,
0.0,0.0,0.0,0.0,0.0,0.0,0.0,0.0,0.0,0.0,0.0,0.0,0.0,0.0,0.0,0.0,0.0,0.0,0.0,0.0,0.0,0.0,0.0,0.0,0.0,0.0,0.0,0.0,0.0,0.0,0.0,0.0,0.0,0.0,0.0,0.0,0.0,0.0,0.0,0.0,0.0,0.0,0.0,0.0,0.0,0.0,0.0,0.0,0.0,0.0,0.0,0.0,0.0,0.0,0.0,0.0,0.0,0.0,0.0,0.0,0.0,0.0,0.0,0.0,0.0,0.0,0.0,0.0,0.0,0.0,0.0,0.0,0.0,0.0,0.0,0.0,0.0,0.0,0.0,0.0,0.0,0.0,0.0,0.0,0.0,0.0,0.0,0.0,0.0,0.0,0.0,0.0,0.0,0.0,0.0,0.0,0.0,0.0,0.0,0.0,0.0,0.0,0.0,0.0,0.0,0.0,0.0,0.0,0.0,0.0,2.0210160033002592E-4,2.0210160033002592E-4,7.672202762534011E-4,0.0010487171010749345,0.0013488889582197947,0.0013718932051059822,0.0013760305890572926,0.0015437458657041006,0.0017012845118736563,0.001690732972655361,0.002265841404347849,0.00538243119374137,0.005441516183831627,0.006518485224185452,0.006243465147728986,0.006729986065611721,0.008102436972051472,0.008793931895772685,0.009111289831248858,0.00976606078270173,0.01034810529732146,0.010941248821033048,0.012588653391959291,0.012813256791429811,0.013398544076131879,0.014838207408429458,0.016392009175359806,0.016869818539214012,0.01699687412792397,0.01782015320962604,0.01811323121243872,0.0208921351508316,0.022060853942326236,0.02226582217785542,0.022787006479263693,0.023338848163570614,0.02367311209985632,0.02381815351050308,0.025608683151748725,0.02660440126571624,0.027642687509990806,0.03839441579152138,0.03976721861825252,0.04106806262718277,0.04219303371494893,0.04561767760883803,0.04650093848206087,0.04746195042156952,0.05148742064585455,0.056051504219700427,0.060775013265653294,0.06395687960051546,0.06779455221257245,0.06878564265048862,0.06829230453117469,0.07007196365256277,0.0705114853433262,0.07293117731680253,0.08133188910431591,0.0827182508388047,0.0850351299846404,0.10428274287251305,0.10583583364110341,0.10899010303803318,0.10922158165499417,0.11270524721013578,0.11693543692386785,0.11776608982789698,0.12213814029133498,0.12310569926241671,0.12346383084958629,0.12418121034723167,0.12577315616282148,0.12697551885865574,0.12734329424268975,0.1329351250440641,0.13437570425969023,0.13661458988941053,0.13729800204086767,0.14408761595955638,0.14658614993920885,0.1481034355822396,0.14916672442831114,0.1547866047234167,0.15541921936660855,0.15581367877522703,0.1560301237058927,0.15736532005859674,0.15777070490496078,0.15840788794988808,0.1588332238934677,0.16669336176007496,0.1676534190037325,0.16847676086874494,0.1689699261837655,0.17014456377975834,0.17059551065281192,0.17100160136004988,0.17250667450033672,0.17416829082446222,0.17494014687558088,0.17557174440093737,0.17575042963755383,0.17694757441605996,0.17866621959103698,0.17867655893446494,0.18038887727046915,0.18144995142333345,0.18141569065263255,0.18244042529586227,0.18335214631689073,0.18411085023605017,0.18505001968017287,0.18593255196645564,0.18630404249845817,0.18715340395682942,0.18785916414492831,0.18797412351392917,0.1883114521472504,0.18960592587084482,0.19004284226441226,0.1904779816371621,0.1906142352922829,0.19190355273571866,0.19256080451130375,0.1930504542443676,0.19383513777039615,0.1940946909948242,0.1948002941527097,0.1960672819753709,0.19653707969045692,0.19683965556335703,0.20004558658918234,0.20050897725917066,0.20120255866152437,0.20178719849179,0.203537760867114,0.20403007475184948,0.20508590598106724,0.20603059206083418,0.20633533291794157,0.2065646300271634,0.20746258209881333,0.20748656229617135,0.20760621595415768,0.20793902566713413,0.20822047700932572,0.20850821024103774,0.20898487113596062,0.20897482556947916,0.209076273089875,0.21071823618995808,0.21110241260895074,0.21122356920647242,0.21177615603142397,0.2121906223924331,0.21261764914805698,0.21296068182862918,0.21285012361877487,0.21268359615446727,0.212951461402837,0.2131032055954991,0.2130632001924032,0.213243874167514,0.21453015407801312,0.2150533044827852,0.21533849223468512,0.21547227625609316,0.21620311020056268,0.21631371441642874,0.2163465489482754,0.2164800830051901,0.2171844835941609,0.21839350744606065,0.2186529056772024,0.21985896470074215,0.2202383721194804,0.22016342494409735,0.22069260150622416,0.22164150706217542,0.22196653219681522,0.22219534130497182,0.2231440052800917,0.22340373291617574,0.2236343112508879,0.22429576378349775,0.22447616869979325,0.22430807090252305,0.2247802043085858,0.2255792761883157,0.22568431779135975,0.22556972099176742,0.22561068414319377,0.22596719232902335,0.2261037096251575,0.22641324912585994,0.22680175937268962,0.2264850190095192,0.2266153881857349,0.2267907679935627,0.2271667630586811,0.2274355983289498,0.22788666373192062,0.2282479153223564,0.22889244777449022,0.22892762848298545,0.22910170199718075,0.22926137035377245,0.22928829733840486,0.2308306210507169,0.23114730110458623,0.2312100772871807,0.2314052604168282,0.23132922491396543,0.23185909333661942,0.23191756203668595,0.2323426155181669,0.23329810697986395,0.23351474383486612,0.23388220541501373,0.23405217553609364,0.2344393506571424,0.234496813472948,0.234879602188485,0.23518121355465182,0.23526262148927504,0.23559100554753454,0.23572793120362096,0.23596835911159666,0.23598658856183555,0.2363965428748741,0.23648547522256,0.23673500452225527,0.23734954839656372,0.2376730380784709,0.23792310685532606,0.2382118362194617,0.23822424251699065,0.2385547517921043,0.2387217548387388,0.23886363935375604,0.23900490144598605,0.23910573441395738,0.23935573601659163,0.23968836065826807,0.23994099279398778,0.24041140789200013,0.24057133518840326,0.24062637126738018,0.24059083702207998,0.24085864887378317,0.24097317599961962,0.24097868743156917,0.24096434927543212,0.24230051364016908,0.24247747822133361,0.24263971234699655,0.2426684437740183,0.24365061873809227,0.243694368234333,0.24378165495301474,0.24383310641169084,0.24383320895387828,0.2439762613391251,0.24422872301517398,0.24431181556095344,0.24438580260922335,0.24454934246970278,0.2454476299778413,0.2455360124037169,0.24584570765150174,0.24595230426000322,0.24601204720611397,0.2463485648942316,0.24630859591654505,0.24526459211970533,0.24534362507229893,0.24593153470155663,0.24611498779974092,0.24604851091179666,0.24609642653478012,0.24634974007087326,0.24678810607123688,0.2468646314806098,0.24690851242160158,0.2470457855466219,0.24810387441364026,0.24813791083149533,0.24865231997803375,0.24873515718610312,0.24889485496445893,0.2521972254926293,0.25228686286772073,0.252429190580986,0.2524275687119923,0.25262909543240797,0.25265572326850694,0.25273729732822986,0.2530645517889805,0.2527641649403527,0.25290563484988576,0.25303337811836557,0.25332952304472395,0.2536592645612734,0.25364502976436415,0.2539964251625864,0.2541649117114539,0.2545124966623434,0.254667357490423,0.2551080044966346,0.2551913368849166,0.2551879814621165,0.2554196342600931,0.2554772331134225,0.2550696082904619,0.2550526662520281,0.25526492505330617,0.2552812145179629,0.25549327829388657,0.25554164334586016,0.25614582674879655,0.2561964101359097,0.2561919377191973,0.2562119325184207,0.25625343330256,0.2563478098888519,0.2564187688881738,0.2560773869411148,0.2561501973673281,0.2561823941460742,0.2554386164258829,0.2554550269878233,0.2555460055676613,0.2555981946001043,0.2556543249059312,0.25567711419784456,0.2558228978132814,0.2558976512220958,0.2559143469217018,0.25609645997772107,0.25611738848010246,0.25646370932779716,0.25528982834395514,0.255362787772571,0.25536506823998417,0.2554562659386043,0.2555140943701857,0.25549472108402826,0.25554273308973374,0.2560714440605263,0.2561045224016179,0.2563393593371028,0.255881891265399,0.25592451894805174,0.2559057489829072,0.25592263877482885,0.2559318517769517,0.2559310541403269,0.2559446897391604,0.2560056224232347,0.25601230022472266,0.25598491452401545,0.25602503792501946,0.2560187006568122,0.2560200745398766,0.2560837105565284,0.25609984750028675,0.25591408526602283,0.2559665174238291,0.2559817004068657,0.2559886316102864,0.25600810300766597,0.25610131737812325,0.25619922217538854,0.25620239520931254,0.2562232362054137,0.2565905663610676,0.25660289745100945,0.25662183303975583,0.2566410241862543,0.25665564242871763,0.256851932461106,0.25686105759036293,0.256873141218141,0.2568924022892586,0.2569269830622255,0.2569547882330922,0.2570355408363284,0.2570389534114687,0.25715621212888057,
0.0,0.0,0.0,0.0,0.0,0.0,0.0,0.0,0.0,0.0,0.0,0.0,0.0,0.0,0.0,0.0,0.0,0.0,0.0,0.0,0.0,0.0,0.0,0.0,0.0,0.0,0.0,0.0,0.0,0.0,0.0,0.0,0.0,0.0,0.0,0.0,0.0,0.0,0.0,0.0,0.0,0.0,0.0,0.0,0.0,0.0,0.0,0.0,0.0,0.0,0.0,0.0,0.0,0.0,0.0,0.0,0.0,0.0,0.0,0.0,0.0,0.0,0.0,0.0,0.0,0.0,0.0,0.0,0.0,0.0,0.0,0.0,0.0,0.0,0.0,0.0,0.0,0.0,0.0,0.0,0.0,0.0,0.0,0.0,0.0,9.076487294645266E-5,1.0763441863373357E-4,1.0843314284918083E-4,1.4148386826056997E-4,1.8184568669265234E-4,2.4014196481342672E-4,2.477687866024986E-4,4.3026242096481286E-4,4.633573938178781E-4,6.278395673764918E-4,6.70147994355069E-4,9.136945912629109E-4,0.0010180207568578153,0.001052487461697672,0.001082636922431771,0.00129464450722659,0.001424077292867035,0.0014381957989110536,0.0016590292271145952,0.0017619574246722175,0.001848056527931261,0.001851699923457461,0.0019367692362622572,0.0019566283577334563,0.0022700031803931345,0.008262372457084412,0.011838929792287848,0.012002976885737777,0.012098256397750274,0.012395090827880968,0.012448357629021594,0.013234009931965182,0.01517062433153039,0.015285672505611452,0.015324409115199939,0.015439336565370838,0.017208866995476645,0.025599646810963484,0.02745182876963019,0.027528216418850365,0.028583994365179558,0.03271027649430772,0.032814106755633274,0.033764501274665626,0.03404655942090981,0.03449050208333162,0.03546635222467015,0.0380892516589774,0.04649729089294434,0.04775758330676005,0.0505820555023868,0.05671873861036192,0.058791949493314066,0.06437718417691593,0.06519601993488425,0.07132616542472373,0.07217767455779305,0.07228583880532424,0.07800637260590658,0.0798037581326457,0.0801751021169743,0.08042032382221981,0.08082908772381943,0.08161775808978794,0.0823192344986354,0.08588689808059477,0.0863051861652507,0.08661812970133806,0.08701732718716992,0.0887069322203796,0.08894753003864167,0.09053905522456232,0.09095045450957845,0.09093842875196774,0.09037917434300376,0.09311969310008623,0.09717786005300243,0.09742305961124191,0.09841475570253302,0.09896320736226573,0.10373269862684024,0.10892736392052446,0.11120787847729711,0.11262068961066798,0.1122068488679958,0.11194349486980729,0.11988426990073207,0.12443996163042759,0.1252905469001805,0.12541000485083292,0.1287090831969978,0.12924182773378554,0.13017266113106293,0.13394198181551978,0.13600915089391946,0.13642481129777034,0.1373540408291131,0.13742334227706032,0.1392351865679856,0.14013078351777727,0.14932833344194602,0.14958936052424676,0.15911213001965502,0.15951845878073379,0.16151075690384684,0.1624771212118846,0.16322220245389202,0.15525576504188573,0.15579214966950916,0.15605375862700055,0.15098305141314022,0.15215945881477258,0.1538325605121049,0.15651641542718825,0.16074676532736434,0.1621772764031452,0.1640196637751436,0.1655448431052136,0.1668087942671197,0.1673000520634889,0.16586749868189507,0.16811688420597323,0.16868910583262106,0.16988621060555942,0.17335181780727188,0.17464178084986598,0.17423797718978246,0.17507940653908277,0.17717975543839914,0.1784487496299762,0.1785859315582153,0.18211190876694736,0.18063990638770355,0.18136867868485493,0.1830933714419612,0.18335840473886578,0.18450469995540952,0.18468110417877032,0.18646111297463458,0.18796424413833338,0.18822697199540742,0.18782743446391267,0.18978466343220535,0.19032392630759606,0.1928154144606778,0.19273235630807048,0.1928512893425553,0.19506811359553325,0.19525391773277334,0.19568477118038902,0.19661526972387616,0.1972968593204587,0.19749500016392119,0.19771130666013725,0.1977153229732263,0.1982483615829975,0.19981888161774952,0.20004654768142746,0.2015535127420382,0.20208947869120727,0.20196862240370939,0.2042019907020926,0.20419946220872626,0.2056192861056061,0.20670633518458673,0.20567722578804942,0.20547369837251675,0.20543624352925144,0.20614482315202873,0.20570252569604242,0.20766294184555684,0.20832591751110527,0.2080589519167923,0.2081732497926316,0.20832298933014037,0.2088560093329107,0.20919772721350804,0.2088215533001431,0.2102278994311232,0.21177408441638965,0.2135093077582679,0.2141162287225937,0.21453503087708403,0.2147029972675589,0.21531808936745883,0.21594982492616813,0.2165339357009802,0.21698646243291297,0.21684047386923447,0.21671098683442735,0.21508176679866334,0.21514240182733765,0.21729033364483494,0.218012809329306,0.21996691675141009,0.2200105976375562,0.2208844788287563,0.22079786969095405,0.21987583570752578,0.2200946734234586,0.21996776781223196,0.22079316521524722,0.22077893772505097,0.22001206258387232,0.22036473472704557,0.22047379274875434,0.2216402085771086,0.22174652345232332,0.22180645551182535,0.22201856109812762,0.22215516578965636,0.22212355420335256,0.22189060558286916,0.22468306060635376,0.22480090216645895,0.22492728292393777,0.22532801445392547,0.22616168499001843,0.2265299414801794,0.22699492911919697,0.2272803869390161,0.22729183187260588,0.22754154552400385,0.22882493143452823,0.22924567792563227,0.2295693865213136,0.23112747777768036,0.23138483322688919,0.23138595545206955,0.23121732847700002,0.23260579868419784,0.23315690217425053,0.23416635608643005,0.23424181704233146,0.23466546865048965,0.23422992499423753,0.23422747368992233,0.23454915928554454,0.23471204591561345,0.2348086385156675,0.23709637096193278,0.23692073291204285,0.23748732990577062,0.23897619481782076,0.24060169027909026,0.24082106670125397,0.24110760782403393,0.24166082061046215,0.24185834731467748,0.24228912313112325,0.24489853136045206,0.24531587970945812,0.2455944224650104,0.24612705473722138,0.24642767555374748,0.24663998466340809,0.24689905400492104,0.2471219243702047,0.24720855014960516,0.24761472969953316,0.24791758267763167,0.2480978334895295,0.2490214363256791,0.2489998782023578,0.24934883953938283,0.24959163604219162,0.250023430100157,0.24983582469790452,0.2500026213750394,0.2502420872375564,0.24996342325258378,0.2503990068807655,0.25044589303564546,0.25045140676646266,0.2505324483102745,0.25262894656818946,0.25282804926369307,0.25368808024199246,0.25359369367506146,0.2539572104515844,0.2544019139108191,0.25189946837504273,0.25312556239922596,0.253992644685603,0.2547110871938406,0.2550137379098093,0.2550586873529376,0.25508334758288687,0.25523014693590196,0.2548080503017881,0.2550856921376125,0.2550627167639084,0.25567947690957527,0.2561265014026669,0.2565804926603467,0.25660193477656457,0.25701606907888436,0.25771623203971167,0.25829108141797325,0.2584339101342724,0.2581675025376312,0.2582782090703063,0.25858868129939705,0.2593359848505662,0.25928677818981893,0.25942453846630614,0.25951496508787697,0.2598396581592548,0.2599973784239216,0.2599249442515026,0.2600345138256366,0.260021057767278,0.26047672333627175,0.26050362616334155,0.2604789048704739,0.2604837012596156,0.2610681153786934,0.2606893157355433,0.2606945201538491,0.2605519990953608,0.2612484155276644,0.2612150369138201,0.26149530324852205,0.2616669871456832,0.2617546011723432,0.2617243573146145,0.2621863438335703,0.2622080600452142,0.26244392435763814,0.26301020620291493,0.26279740136747776,0.2632560642894223,0.26353985851976147,0.263545228878355,0.26383892497255773,0.263831110859681,0.2638611136713223,0.2638359382189072,0.2624753392926443,0.26261709434379304,0.26262701974450636,0.26264840786837457,0.26320034633211553,0.2635550499289706,0.26361644787850597,0.26376510062458686,0.26385359979963197,0.2640270025135885,0.2640418860877343,0.26407476549861597,0.26412888760622677,0.26433216412949767,0.26411725988233,0.2644261673372636,0.26466097383536913,0.2647311318960581,0.26480464920783353,0.2649005715936836,0.26504253297553854,0.2650715384892283,0.2650884371268965,0.26509279208070274,0.2651522494842744,0.26536784104024547,0.2654345164918611,0.2655044037288447,0.2658353288813687,0.26587747103031045,0.2676188563128301,0.2678723304090147,0.2684392507182376,0.2682539094637464,0.2682402247671961,0.26844457443348824,0.2686571799330862,0.26879897757852184,0.26880043166575335,0.26880461568062336,0.26941210525348835,0.26959070528425055,0.26978938919715073,0.26841477456393953,0.2683897573006184,0.26840530856070743,0.2685161430448957,0.2685787954798516,0.26862395652594623,0.2686488811540724,0.268590989641674,0.2686328335317944,0.2687429943202561,0.2687569910633567,0.26908774730356105,0.2689728979492157,0.26910459673172876,0.2691018281169983,0.2692683291466805,0.26938783153942314,0.2694660505296006,0.26974753772032056,0.2700486787858456,0.27007082903050333,0.2698264943022806,0.26966346471827346,0.26963155697861746,0.26967550853754313,0.2697369846105917,0.2697659951363362,0.2698535735900586,0.26987328110963693,0.26987911895209626,0.2701132100886197,0.27012254520101475,0.2698619975494729,0.2698892939138984,
0.0,0.0,0.0,0.0,0.0,0.0,0.0,0.0,0.0,0.0,0.0,0.0,0.0,0.0,0.0,0.0,0.0,0.0,0.0,0.0,0.0,0.0,0.0,0.0,0.0,0.0,0.0,0.0,0.0,0.0,0.0,0.0,0.0,0.0,0.0,0.0,0.0,0.0,0.0,0.0,0.0,0.0,0.0,0.0,0.0,0.0,0.0,0.0,0.0,0.0,0.0,0.0,0.0,0.0,0.0,0.0,0.0,0.0,0.0,0.0,0.0,0.0,0.0,0.0,0.0,0.0,0.0,0.0,0.0,0.0,0.0,0.0,0.0,0.0,0.0,0.0,0.0,0.0,0.0,0.0,0.0,0.0,0.0,0.0,0.0,0.0,0.0,0.0,0.0,0.0,0.0,0.0,0.0,0.0,0.0,0.0,0.0,0.0,0.0,0.0,1.3554139831683548E-6,1.3554139831683548E-6,9.490895157675912E-6,9.490895157675912E-6,1.2174195337843237E-5,1.2163682027535517E-5,2.5726026398784906E-5,3.676179300985609E-5,5.701949404927524E-5,5.7019494049275256E-5,6.362817451639376E-5,1.5809024070796642E-4,2.3709925299443495E-4,2.906606823996736E-4,3.1564755974326835E-4,3.2758834276702523E-4,2.966878869818477E-4,3.637500755987891E-4,3.688868373173026E-4,3.664235934957086E-4,3.667167005814155E-4,4.590069010582362E-4,4.736306655647267E-4,5.047101941149638E-4,5.321174470102483E-4,8.944131082463985E-4,9.499632253143971E-4,9.690152199765061E-4,9.566470189162588E-4,0.001092279176488691,0.001308518728974395,0.0014743825789478406,0.0018721157535248121,0.0021288082549450137,0.0020411346164144186,0.0023576955851104847,0.0024164925564561643,0.0030941794707678534,0.003159528784862016,0.0035981247157308984,0.0038353536979428998,0.003777240314519689,0.003827675481623521,0.0059180333578580215,0.006386733860238839,0.006466830230082817,0.006604982862176325,0.0067982413051787425,0.009166937153754863,0.01084954054040884,0.01377658980889997,0.014014432179245848,0.014710839481406834,0.017398421629583397,0.018099888844455434,0.01886970335592619,0.019041150272241784,0.018771339500820067,0.019510988627395937,0.019573753350002547,0.021025462791602164,0.021716674395851617,0.02196931875023433,0.02259598729416924,0.022970791970142825,0.02390010571686834,0.02498391425424054,0.028075838284130527,0.030529083239210563,0.030727411422080343,0.03063284894917906,0.03158878352539315,0.03124828393553991,0.03174580881375224,0.03264299172438636,0.037056011839305285,0.03714572515077965,0.03716813043724201,0.03707425864008256,0.03730424448047675,0.03762003257752997,0.03800224708088447,0.0382618286468187,0.03851731123614116,0.03913403248063242,0.039350381980540444,0.03938916053360851,0.0393899751369284,0.03988469858792229,0.04186480783293488,0.044181043578373096,0.04475540217122682,0.04565363490186138,0.04817465862912939,0.04749897880252893,0.0491532403141472,0.050431421632663447,0.05070809632459201,0.05202623611113911,0.05300860774012707,0.055154207929133885,0.055396411203962444,0.05635805545107558,0.05587180723604958,0.05707344823190192,0.059691068040570706,0.06230646666234713,0.06258712761631091,0.0630865589667167,0.06544678171808384,0.06519042423881496,0.06365679249954882,0.06433031006259736,0.06885689479504142,0.07094194292514155,0.07200044177391655,0.07221110326255455,0.07219895379028765,0.07600618192989896,0.07852342051227261,0.07830869462155719,0.07993874834777197,0.07940957718134335,0.0800854092049388,0.08287705773618838,0.0863437286904864,0.09243390299402318,0.0930083211270064,0.09527650530082393,0.09486820462785,0.09677531610175528,0.10153831523688611,0.10334833684904708,0.1051746152100081,0.10617925261513513,0.10823172549169144,0.10836034756004098,0.10861764993611206,0.10920208833435005,0.11187190227012175,0.1177137478389017,0.11818715679024051,0.11836983853701069,0.11974837911908658,0.11988541339091825,0.12585675526497822,0.12648714404459982,0.12769752572760582,0.12808606708079584,0.12846221151554948,0.1290779022851655,0.12867850265532665,0.12926138252767866,0.13042040643136069,0.13227529206740532,0.13377411236833164,0.13279695948145828,0.13385000116736331,0.13464203591245721,0.1378862191107926,0.13994416375468433,0.1404194108037629,0.14045373942689432,0.1404739661730903,0.14092568874125452,0.142155077046944,0.14333548309156818,0.14452856185940322,0.14456356072974716,0.14468349901730357,0.1440487462406613,0.1441214921525279,0.1444527308202872,0.1452510149831533,0.1468352388634648,0.14703328787407755,0.14742874649730822,0.14769662344707682,0.14937272121991246,0.1501626684074916,0.15061739991548076,0.151099411018913,0.15256972626270063,0.15317441330594717,0.1557997547149111,0.1584662085397127,0.15821038170478918,0.15919582455353076,0.15953208600614296,0.1608275622759118,0.16264206927719424,0.16303612295506004,0.16516329546106126,0.167363301461373,0.167389145491721,0.16838739349983436,0.16921871384112233,0.17008016745309676,0.1700765813151404,0.17022668496992996,0.16984988421609098,0.17193431836445613,0.17370342653166476,0.17440274728936564,0.17613068769553733,0.17650979066416972,0.1767952240821071,0.17754944782912338,0.17783532138482278,0.1782164944582421,0.17860597561797054,0.17906391569305402,0.18094142833548574,0.1811168926591224,0.1823064746027027,0.18271332273941338,0.18381932066267714,0.18385317643184154,0.185339195532058,0.18554688860544252,0.18773509824743925,0.18962522511615273,0.19011078638644385,0.19310522596359894,0.1934691528586081,0.1955313494801308,0.1991371813919354,0.1998886095528171,0.20019539150065213,0.2003335535847928,0.2013101835223229,0.20179236428165845,0.20256087576506585,0.20546481703701222,0.20561157325046364,0.20423099734859346,0.20449440770643956,0.20471104791117406,0.20509388799116343,0.20560125387919473,0.2059200237522209,0.2063265494183475,0.20617759186466347,0.20612602335149982,0.20607225964314013,0.20658525759351307,0.206288323087128,0.20659835915235533,0.20753566369323082,0.20995254521455822,0.20998451862673118,0.2105268881233936,0.21076257920940558,0.21111402840447813,0.21155922798117818,0.21463154817408903,0.21491684488548993,0.2162685802198583,0.21637792991502994,0.21728772853864695,0.21735332483583442,0.2179292925499855,0.2181571346575185,0.21810844125092427,0.21826253341253185,0.21840544309271845,0.2195800317485534,0.21968582247001756,0.22421122403210028,0.22491157414502047,0.22518852798959405,0.22318110405731248,0.22320866219469118,0.22328045807847158,0.22362946314053955,0.22385577218519023,0.22640878582658497,0.22711163566775233,0.22774834540356736,0.22875570721551217,0.23018604371684162,0.2306716252022219,0.2310323398489881,0.23604164829020347,0.23795260316827455,0.23876577162716622,0.23805415807064795,0.23851692209375827,0.24118663638495613,0.24124431630075052,0.24170817167476075,0.24218617402829964,0.24227924194732128,0.24269932983884202,0.2425140802507183,0.2429426395233026,0.24337339607105576,0.2434627605283795,0.24387737661231715,0.24383594279115856,0.2431601876018836,0.24727653821310944,0.24560117215436447,0.24579175517469037,0.2452218366957681,0.2471432650830553,0.24691272602378322,0.24701822306711738,0.24859319181221312,0.2485942870204901,0.24915321081419822,0.2495506966188635,0.24908719836445115,0.24900015274725396,0.2489804994308194,0.24937498891551818,0.24982903061088008,0.24972756629801582,0.24987903112660087,0.25061789201295265,0.25117331031263673,0.25607801190002955,0.25593948152508633,0.2561793590426041,0.2561469502433221,0.2563063507277664,0.25811508987363635,0.25873262099203187,0.25901675213215536,0.2571754709397877,0.2553295979353862,0.2557426139603557,0.25538690514725504,0.25491029376611424,0.25491797092361884,0.255034741063708,0.255134723832937,0.25522226667124215,0.25536408624203266,0.2559936266672453,0.2561924391023943,0.25660991417483925,0.2570220148130404,0.25702937096315465,0.2562877098740714,0.2565086257949583,0.2564202979924566,0.25701188574016526,0.25697408827283713,0.25663794986950383,0.2567455976218786,0.25690481116101604,0.257043723047533,0.25721810606022866,0.25424354913905917,0.25428643804661216,0.2542535315875899,0.25281032047865065,0.253269246007098,0.25347528052637447,0.25345163858447634,0.253723644638455,0.2557823867623586,0.2561508310961611,0.2562153023187475,0.2566759363278171,0.2569608556958038,0.25713730729941736,0.25735582125950535,0.2575186764996929,0.2575371279363307,0.25792580485730865,0.25845285851225513,0.2586082660614741,0.2586236305945409,0.25879328796809037,0.25904974082471677,0.2592780998555599,0.25932582394092,0.2597931903982505,0.2585253516820041,0.25856180632552295,0.2586188936719412,0.2594402349705102,0.2596364274930467,0.2596178997684079,0.25930036779211785,0.25953555626235075,0.25966484986370997,0.26027047993964164,0.2603484794786081,0.2602628814333857,0.2604512064644326,0.2605045146565653,0.2608047822386061,0.26077265911221786,0.26075354862746364,0.260753484446577,0.2607268956255819,0.26047850138119216,
0.0,0.0,0.0,0.0,0.0,0.0,0.0,0.0,0.0,0.0,0.0,0.0,0.0,0.0,0.0,0.0,0.0,0.0,0.0,0.0,0.0,0.0,0.0,0.0,0.0,0.0,0.0,0.0,0.0,0.0,0.0,0.0,0.0,0.0,0.0,0.0,0.0,0.0,0.0,0.0,0.0,0.0,0.0,0.0,0.0,0.0,0.0,0.0,0.0,0.0,0.0,0.0,0.0,0.0,0.0,0.0,0.0,0.0,0.0,0.0,0.0,0.0,0.0,0.0,0.0,0.0,0.0,0.0,0.0,0.0,0.0,0.0,0.0,0.0,0.0,0.0,0.0,0.0,0.0,0.0,0.0,0.0,0.0,0.0,0.0,0.0,0.0,0.0,0.0,0.0,0.0,0.0,0.0,0.0,0.0,0.0,0.0,0.0,0.0,0.0,0.0,0.0,0.0,0.0,0.0,0.0,0.0,0.0,0.0,0.0,0.0,0.0,0.0,0.0,0.0,0.0,0.0,0.0,0.0,0.0,0.0,0.0,0.0,0.0,0.0,0.0,0.0,1.9632514876704346E-5,3.14399915275242E-5,7.664400153202046E-5,7.796853075815224E-5,9.349420064866317E-5,1.1853851951072614E-4,4.5420341139097226E-4,4.5053259676328003E-4,4.955584652906318E-4,5.031889454672716E-4,5.286624642157983E-4,5.974178188461731E-4,6.322834006051249E-4,7.35609312449089E-4,8.101595949833497E-4,9.595612022088223E-4,0.0010461622815981972,0.0010064304139456542,0.0010270044666270454,0.0010420973345814943,0.001003604801719375,9.958310448213803E-4,8.976236241479287E-4,8.993575230321615E-4,0.0011355308686971405,0.001410506916000041,0.001471106483055559,0.00186988956568254,0.001996464488693637,0.0019965811868631255,0.0029020113876685474,0.002849487100816228,0.00330199083084031,0.0034541858461580575,0.004419159766024011,0.004634587504291123,0.007042279230883215,0.007537969872444836,0.008174267091802802,0.008787245218431458,0.00882531250610637,0.009855246828905508,0.010569221744070658,0.011004917338222323,0.010858107857989966,0.012352212828904547,0.012566150434504117,0.0125792917410616,0.012591497921718877,0.014399225666998822,0.014374811517264763,0.014585681628016819,0.014704612270299637,0.01433586787299073,0.015180322642573777,0.015781725510060334,0.016281086728395375,0.016303284918002824,0.01691423626367293,0.017006432731890175,0.017564585867720812,0.018895956804539822,0.019927815134555747,0.02033424545268459,0.02064046528004921,0.021167476015529024,0.021942952723849673,0.022803807375622244,0.023927131636044322,0.024272223791803823,0.02459255629255465,0.024934901147386838,0.025880641218447943,0.029117069717385338,0.030172923112555664,0.030700271847977748,0.031348291442944785,0.03404471417749763,0.0368588840521076,0.03720537186680199,0.038398392649553074,0.03874528693495273,0.03874065195491199,0.038736444314123736,0.039304721703379474,0.03928380642964668,0.03938610157549943,0.03890548144563759,0.040838054666821694,0.042085780619394914,0.04269876501020518,0.04262321488953039,0.044055845481507434,0.044764981185465375,0.0452219826612139,0.04537545213567227,0.04688238111219845,0.04721290117793672,0.048141509208228093,0.04853888167261917,0.04982642229841923,0.05051149790629667,0.05181334627700428,0.05360723427208993,0.05538056449609695,0.05579269907802433,0.056205366853245745,0.056768820144262024,0.057313124775474844,0.057110283884021666,0.05793224040746341,0.05829801184689084,0.058815241204340174,0.059589991144211193,0.059661793927972766,0.061291109343507094,0.061344415791314486,0.06026342412757194,0.06101637262494846,0.062147610011910305,0.06242382511423617,0.06414596529538528,0.06468184630956596,0.06573496892909546,0.06750215366218183,0.07266319645392953,0.07452071898066161,0.07511945396706429,0.07471103070550916,0.07921857871184589,0.07980608955800475,0.08238548533421738,0.08240647091648098,0.0842354570201295,0.08453206364545744,0.08585543690856055,0.08852781531007597,0.0891221021355267,0.09011724616681545,0.08828970965271787,0.08978067582445592,0.094450892774623,0.09624822197994005,0.09854420414520622,0.10144517793681661,0.10568130336613168,0.10828181746271692,0.10893858745815167,0.11054296386675254,0.11226250299402381,0.11476508104451331,0.11694508560948541,0.11676275713613897,0.11733585568134773,0.11770399540904121,0.11848469895036803,0.12389948552678595,0.12460147056414486,0.1261693745420755,0.12763991458758228,0.12861875854234267,0.1293710901132601,0.135316729388317,0.13664024228106555,0.1388988365256028,0.13994104535081608,0.14125532634659388,0.1434225841752377,0.14540910736975737,0.15635749779029195,0.16257170880291383,0.1642210158338444,0.16391340102282662,0.16400613365768738,0.17016997279213486,0.17184325348566865,0.17313822846816548,0.17404948502798767,0.1757836485621451,0.17719888199231654,0.17712225854895045,0.18399164356367798,0.18516179007207598,0.18718553148636355,0.18937881415982016,0.18980745619833458,0.18994123989271644,0.19178561242664022,0.19430470305637515,0.19588074524293597,0.19909189623462933,0.20008345798836064,0.20510096323350774,0.20369508660602736,0.20453775692767306,0.20519799760006632,0.20722034533654476,0.20758245244125217,0.21205374628528129,0.21406623683242249,0.2143040804036275,0.21556724974474822,0.21841532407448505,0.22134642295664397,0.22196906965124946,0.22708903908916553,0.22660849237882433,0.22694826051160122,0.2271568707721028,0.22523741753287171,0.22579479187952894,0.2246561832537133,0.22441504478727198,0.2257666577067556,0.2259399057256438,0.2266524182769666,0.22630192367440402,0.22689203212627074,0.22710541817126084,0.22791968816082647,0.22887108866989458,0.2318053917902646,0.23440559712325038,0.23496954504192427,0.23492579882962977,0.2361747059945657,0.23630502025129455,0.23576446609720575,0.2357446609511812,0.23736977137923537,0.24151826932763737,0.2418099513318954,0.24307276589106938,0.2436909712160055,0.24507956086479749,0.24562677267694225,0.24622048916267864,0.24589732243690332,0.24739694915727398,0.24625366973893334,0.24935313937301073,0.24944826191441374,0.24881023872072147,0.2506826801751809,0.25108041626759275,0.25003796349887897,0.2518594221444264,0.25202162536110573,0.25013954874729327,0.25041282115954966,0.2513474437520993,0.256919599804558,0.2581350550111333,0.26035984779532395,0.26141275156186894,0.2624092488077152,0.26277548644513865,0.2629229479817669,0.262992877726867,0.26411170006773366,0.26493635010790995,0.264816108964065,0.26463167015473593,0.2655475630389984,0.2657577760454903,0.26509967949431373,0.26510294173352994,0.2652330098189879,0.26507000283923654,0.26562113255908065,0.26612357638708656,0.2661599574898267,0.2664692684839675,0.2660665045066991,0.2662147910321895,0.26557037064048084,0.2658875967589524,0.2660416577635301,0.26400153013664646,0.264450750545785,0.2645286800370688,0.2656006474019513,0.2655638075200701,0.2642063566384522,0.2642407657288464,0.2643423714926462,0.2649301305310433,0.26500054570736875,0.26527511626520783,0.26530535211126566,0.26519047128709744,0.26556617541829114,0.2654953337859717,0.26586164302848136,0.2660089139475348,0.2661977516454812,0.26749817556716005,0.2676123899773686,0.2676895994312732,0.2676736198728173,0.26761590440063554,0.2677939571743867,0.26792874899514973,0.2679155340194752,0.26784447424393387,0.26822727448617584,0.2684720925579898,0.26704784545234744,0.2672957862278055,0.26763826407503977,0.26981395359254595,0.2693346669990945,0.268694890050801,0.2687857430261514,0.2683705530475185,0.2681369789375507,0.2684813752716724,0.26856883727493464,0.26858193496573357,0.2689585268053175,0.2686565919118501,0.2690204504519632,0.26963691996104655,0.26999338300055226,0.2700160867476421,0.2705568867183386,0.2706764725935881,0.2713242782816814,0.27134724529038934,0.27141084642547203,0.2714346836751265,0.27110722776144497,0.27136596806476376,0.2714848203715054,0.2716856420836384,0.27194525189017854,0.27197519073635595,0.27204456305370645,0.27221041348513303,0.2718290802003086,0.27193169139847756,0.2719333123557109,0.27202429400407585,0.27209454143023165,0.27234585690650426,0.27233213057422984,0.2724998860114312,0.2749847512343736,0.274978795085685,0.2752116233475448,0.2754173901869702,0.2748019528308332,0.2750675125329229,0.2749774553761771,0.27479702159804686,0.27552213039992896,0.27554687754837714,0.27586780451067816,0.2758593411831885,0.2758915573118073,0.2759742579543811,0.27591219594492294,0.2759651117288151,0.2773029392439762,0.27741712805089164,0.27764729353040346,0.277768217679092,0.2778825466564426,0.2781065445578649,0.2781208420374181,0.2781106853975923,0.27834905749717387,0.278364436996336,
0.0,0.0,0.0,0.0,0.0,0.0,0.0,0.0,0.0,0.0,0.0,0.0,0.0,0.0,0.0,0.0,0.0,0.0,0.0,0.0,0.0,0.0,0.0,0.0,0.0,0.0,0.0,0.0,0.0,0.0,0.0,0.0,0.0,0.0,0.0,0.0,0.0,0.0,0.0,0.0,0.0,0.0,0.0,0.0,0.0,0.0,0.0,0.0,0.0,0.0,0.0,0.0,0.0,0.0,0.0,0.0,0.0,0.0,0.0,0.0,0.0,0.0,0.0,0.0,0.0,0.0,0.0,0.0,0.0,0.0,0.0,0.0,0.0,0.0,0.0,0.0,0.0,0.0,0.0,0.0,0.0,0.0,0.0,0.0,0.0,0.0,0.0,0.0,0.0,0.0,0.0,0.0,0.0,0.0,0.0,0.0,0.0,0.0,0.0,0.0,0.0,0.0,0.0,0.0,0.0,0.0,0.0,0.0,0.0,0.0,0.0,0.0,0.0,0.0,0.0,1.766219537615661E-4,2.7695355245000564E-4,2.7712724288961094E-4,2.474926144591854E-4,4.581307414661408E-4,5.402648530823222E-4,6.168048589631362E-4,6.128942952696073E-4,7.85945507974749E-4,0.001115703847584201,0.0013409780524012798,0.0021374913552275705,0.0022904468892212607,0.0029140080067558295,0.0029455551853175828,0.002907027849148066,0.003284728864402746,0.003434711544383931,0.0035130803963254443,0.0034927062606731874,0.003490273772141035,0.0035779665226781153,0.00365041231204575,0.0044799310921875635,0.005575796248372416,0.005912823019031785,0.007350638697264435,0.010020130962475894,0.010489238211136875,0.013327981715564721,0.02937943697437206,0.031763851338833415,0.035130446179155866,0.04072416888629975,0.04334068349102459,0.052165976260639624,0.061331367323243485,0.06464083299720393,0.06816766488463959,0.07109031618815286,0.0732354835492875,0.07472212421271088,0.0903479121536156,0.09143299247692939,0.09656807170931112,0.0977535871334337,0.11058716361862177,0.11199797084198654,0.1142203864729616,0.11596237196824853,0.11819515911293185,0.12201376862171363,0.12285026688301981,0.12352112449540968,0.1238879930951113,0.12549094531902913,0.12624380322356718,0.12720738884365945,0.1268255640225257,0.12792703137099057,0.12687333424576175,0.1257509500594979,0.1231918686569301,0.12515712933152115,0.12344206495389591,0.1245480908076074,0.12338649263007782,0.12368950053444511,0.125932706957511,0.1284823138110351,0.1292003986653845,0.13509547317063256,0.13741993294903382,0.14388272240141334,0.14946040644742378,0.15095432337262235,0.15502183290354157,0.1563733578723084,0.16122939119428817,0.16168913249276665,0.16248586962170347,0.1659933309094545,0.1676868267368753,0.17168951323869625,0.1714241570694399,0.174829724725483,0.17511812242825844,0.17769924560751038,0.17931876233881458,0.17951369293314687,0.18059721283514177,0.1808842195062776,0.1815807901765689,0.18169974612171036,0.18147660132535184,0.18426960791658298,0.18260018494207442,0.18409411770567297,0.1836001246566526,0.18875112734949206,0.18949813603928356,0.18907229709207787,0.18913584709053263,0.18920130148946682,0.19002642929672398,0.19117837417553019,0.19238842279701043,0.19261704718228992,0.19230201405018343,0.1929830651338093,0.19358084189479702,0.1939666872493978,0.1953369909295799,0.1971999141102312,0.19655812682711024,0.1967779508421207,0.19715325852156496,0.1973525333942449,0.1973995331515524,0.19738601117410054,0.1966435712205717,0.19667506696938314,0.19758707531213274,0.19863538606368958,0.1987910042879163,0.19897897816793306,0.1993462912520415,0.20007640361513346,0.20005363611202331,0.20065624446713448,0.20076924385951825,0.20095099889491522,0.20121790505608664,0.20098169997253387,0.2012446042094325,0.2018532588416305,0.20295283113087895,0.2032459883773189,0.20330383029527743,0.20385765181495696,0.20385957589865797,0.2037384087979165,0.20334380262006566,0.2041359084564471,0.20452422475418183,0.20524912353951463,0.20658484488912335,0.2068266764763723,0.20698168016579577,0.20699077888562215,0.20659671358192025,0.2069453032465961,0.2073341730507766,0.20777053388514383,0.2079435658331488,0.2080677884963783,0.2093276342212107,0.20945570600014699,0.20962870409731904,0.21015638920894825,0.21074530712419343,0.21122932882293172,0.2107884751424689,0.2112657269301806,0.213274855877175,0.2133968374724703,0.21321474918674532,0.21288479252852607,0.21444849191991858,0.21456442832289768,0.21485390670787885,0.21514505701231448,0.2166275841822066,0.21691047060863175,0.2166332542855955,0.2164480624579631,0.21655619705663728,0.21717229677208721,0.21718585462262827,0.21752019115451857,0.2182915651667993,0.2183060161542618,0.21847586528602617,0.21856380229230468,0.21950773108988125,0.2193197651017169,0.21959422165976272,0.22211326017699728,0.22246961277887836,0.22415760495591583,0.2234161578652965,0.22412050399074826,0.22322902733850508,0.2222442321993665,0.22282671285080055,0.22301390912545074,0.22383673989361091,0.22454878943672388,0.22460159596905482,0.2242637899724608,0.22467391852492477,0.22505835430484886,0.22520486166501616,0.2255023158636904,0.22548530574605044,0.22549583118655273,0.2269483264095074,0.2275063381958045,0.22748365981086544,0.22789597137408973,0.2292446179056839,0.2295873969344908,0.22978245460437763,0.2300319487849147,0.23031023252575525,0.23011628718312194,0.23014097734419722,0.2312998118079049,0.2311611470559056,0.23127215182716435,0.23161652889177045,0.23078141270732208,0.23084980929807908,0.23089159042673402,0.23097877268860345,0.23198652552680638,0.23215857103306922,0.23380345245603024,0.23387603748493574,0.23402538811039172,0.23447236847389838,0.2348238598221541,0.23482316950636264,0.23688760258473782,0.2369264292696928,0.23721104209658975,0.2370957445606312,0.23723006053081733,0.23744384358044768,0.23744635978414513,0.23762285104167766,0.23811983079416937,0.23803484150652862,0.2383126415042067,0.23845992260795504,0.2400861935075568,0.2402911907801181,0.24039327981784622,0.24047807025000095,0.24103771836033874,0.24023162118969393,0.24309819742775457,0.24385811521024506,0.24421161153918985,0.2443672923183559,0.24465505585931674,0.244662818329306,0.24531308319295106,0.24552307206319793,0.24627205761307472,0.24651312661091532,0.24656844944246753,0.24786633462487226,0.24789219951819308,0.24819514908388574,0.24806459473208928,0.24943510575875683,0.24948943345433378,0.24967948962016961,0.24986412852797252,0.25012922706519836,0.2510264777447868,0.25119888046266897,0.2510896338676235,0.25112121632256873,0.25222637105832346,0.2522208303726476,0.25214685023760536,0.2523521892295778,0.25236550739923125,0.2523360401973615,0.25244534842651384,0.2527015209953709,0.2529559374571853,0.25317068797265985,0.25324679386651183,0.2534756382032783,0.2543716734057354,0.2544227614011459,0.2548235848805215,0.2553245148559181,0.2602363003917798,0.2579504178716245,0.25791771189987844,0.2580598718080261,0.258136767831904,0.25797007667887095,0.25947464297388984,0.2597092049775411,0.26008356587530373,0.2611814911812333,0.26122572813018136,0.2622602223046918,0.2623699012778394,0.2599987880480394,0.2600719782272693,0.26036432490624384,0.26036949752643546,0.26047667734099084,0.26077765948131565,0.26066783926560966,0.26064635198304315,0.2608190042654906,0.2607961147098349,0.26074853399573295,0.2597875549023165,0.26030579439521817,0.25978625394710037,0.2598762268167357,0.26052307187369766,0.2603359092399976,0.2603469664224948,0.2603449125468004,0.26050976010316246,0.2616418664451257,0.26222500700614326,0.2622385964745025,0.26225796481482416,0.26241522898016284,0.26244109254287723,0.2624928384312634,0.26290769194447033,0.26337438488635356,0.2633782013867743,0.26342990871824407,0.2635177544264753,0.2646485922173112,0.2649007743506423,0.2650711382489718,0.2651989818393397,0.26539877290223013,0.26547449056677286,0.26599697607032485,0.26605962068551126,0.26690720878508656,0.26571541006862953,0.2656643851486061,0.2657555385580777,0.2658246678091593,0.2662059659298395,0.26614387594902716,0.2662600508626051,0.2661469698731511,0.2661651639490857,0.2665581878265269,0.2663610557552898,0.2665797995564306,0.2661511778521579,0.2665430527259148,0.26670300376365286,0.26671124442153626,0.26713526840061,0.2671375965801444,0.26718755452893694,0.26720088594400637,0.2704211354023139,0.27041730490221527,0.27043653372714443,0.27076158009724033,0.27117084453805573,0.2734759464396224,0.273570118190076,0.27356188762230954,0.27355850725437436,0.27349985842131186,0.2736669747567936,0.27382613692657726,0.2737532292483286,0.2737680392818242,0.27418256255830703,0.2743332795684084,0.2744273977786309,0.2744932522920586,0.27447964382515977,0.27447917197868293,
0.0,0.0,0.0,0.0,0.0,0.0,0.0,0.0,0.0,0.0,0.0,0.0,0.0,0.0,0.0,0.0,0.0,0.0,0.0,0.0,0.0,0.0,0.0,0.0,0.0,0.0,0.0,0.0,0.0,0.0,0.0,0.0,0.0,0.0,0.0,0.0,0.0,0.0,0.0,0.0,0.0,0.0,0.0,0.0,0.0,0.0,0.0,0.0,0.0,0.0,0.0,0.0,0.0,0.0,0.0,0.0,0.0,0.0,0.0,0.0,0.0,0.0,0.0,0.0,0.0,0.0,0.0,0.0,0.0,0.0,0.0,0.0,0.0,0.0,0.0,0.0,0.0,0.0,0.0,0.0,0.0,0.0,0.0,0.0,0.0,0.0,0.0,0.0,0.0,0.0,0.0,0.0,0.0,0.0,0.0,8.040713191464332E-4,0.0011996644919655586,0.0013900395211887213,0.0016182647792435884,0.001940805030896246,0.0039924221534036065,0.005753935617518149,0.007108086973568213,0.008176168783852402,0.010596557792303112,0.011479503793776633,0.013776696571050066,0.01391991701151622,0.014331795284168265,0.018887837749355728,0.020398985667303242,0.02167582278975767,0.022134586347058133,0.02321972604033661,0.0241199449697785,0.025647463091883566,0.025781935112564866,0.026534861475140278,0.02745309135554942,0.029611044493271364,0.02979156854217001,0.029781503482622047,0.03012997905106582,0.030416984511171287,0.030674873639576297,0.03161164513557079,0.03178992349591158,0.0338712505783131,0.03434315251860833,0.03632956754089195,0.038175349792875506,0.04074406705116902,0.04167882038056389,0.041835757210211565,0.04316819112971058,0.043897145234913476,0.047041796712032034,0.047653428340121075,0.04882382114221308,0.05029976488498227,0.05190366400432535,0.05304912492084233,0.06096441446879116,0.06332491208730012,0.06799598448703159,0.06829086569888064,0.06945002186695957,0.07057964613380974,0.08783467057514861,0.08971895094982195,0.09129057125340868,0.09226201167295835,0.09393950700471236,0.09376049602660634,0.09710423856947464,0.10155861521777872,0.10295992366732964,0.1074829937111509,0.10787359066355307,0.12222521697007582,0.12494842618955701,0.12785743429103036,0.12862702351210253,0.12947410743087745,0.12997180125510086,0.12987506537715257,0.12978785630729306,0.12952625151194105,0.13031458397938434,0.1308994681989048,0.13511671152103522,0.13638495652581206,0.1374606401181054,0.13797735782254136,0.1439193314175497,0.1443696452505803,0.14486089860311732,0.14565144617732975,0.14832764569656445,0.1492229341093324,0.15364533580755282,0.1552985256606409,0.1555982295619932,0.15659153447010196,0.1583729656317591,0.15951999969811884,0.15988947507921616,0.16024414898824965,0.16090202404430956,0.1619556144177919,0.16455257102111326,0.16508711591979164,0.16552781073753872,0.16630525606210994,0.1665146193628759,0.16948956491220632,0.17005228198227648,0.1706400468841556,0.17076556005850207,0.17381524084328343,0.17468170735758193,0.17481483786780133,0.175495611810182,0.17663914983915494,0.17692392707807864,0.17693332747026194,0.1773222352522216,0.17791868626667923,0.17821482656697468,0.17897927825409748,0.17970254869047148,0.18198007385423437,0.18225961996834747,0.1826674786544806,0.18390137083821442,0.184364403724939,0.1846633026404388,0.1853817309495757,0.18838742711468137,0.18886424694895254,0.18995650120492497,0.19031471791726914,0.19082790801012353,0.19180820429898984,0.19318875748020078,0.19434318171394807,0.19370895270894217,0.19456401128633544,0.19738437490758734,0.19792927244558162,0.19832144792907025,0.19882866124788845,0.19937395193581559,0.19942627170350005,0.19984028086515196,0.2001667325702602,0.20068857665158638,0.2013589328599302,0.2018875693867796,0.2022059364173991,0.2042525071465487,0.20500416087857842,0.20547824270484452,0.20570369602823332,0.20752563261873616,0.20916088652187367,0.21060064845137352,0.21157844636941553,0.21176995817571373,0.2119365767635467,0.2124314596925868,0.21258668602426,0.2128081676158717,0.2138279457964374,0.21410867801387604,0.21442832261609893,0.21605528696756449,0.21617162668369302,0.21642072075139981,0.21628175359123578,0.21669502049850037,0.21704112235305903,0.2180317043110867,0.21873911745595018,0.22013289317986476,0.22094768493142514,0.22109703024112465,0.2218597632205648,0.22229904933109365,0.22269638619015178,0.22263742822222354,0.22298568859632648,0.22315200338990612,0.22343266011049043,0.22408780092154953,0.22424561548706712,0.2247111629047058,0.2250946948938348,0.22563357265287717,0.2258585583614213,0.22593677322856648,0.22694560753320614,0.2286725413859229,0.22906662316236423,0.22935728842691216,0.22951601132187327,0.2297078262095413,0.22983513395217434,0.23002020110014365,0.23008263059375703,0.2306490324481595,0.23165545878086688,0.23195213719784286,0.23207853489183644,0.2322008123232572,0.2351671056692585,0.2356558712559732,0.23579270237215094,0.23671450714355433,0.23690505357072206,0.23707111213584753,0.23722485234620266,0.23742290187893628,0.23766975116976027,0.23810265421110413,0.2384783208877297,0.23915637091152733,0.2393237307926169,0.23945997575082575,0.23943010658467115,0.23840958558297418,0.2385658424324175,0.23859783848074934,0.2387421745934443,0.2397986862571232,0.23981650895679418,0.24076211269142597,0.24083201261958964,0.24087489178284777,0.24109063254659477,0.24128607469690702,0.24138222080343563,0.24151663199478882,0.24155965232355744,0.2420660523409148,0.24227861312183624,0.24235294993080106,0.2423454536655901,0.2426453008974672,0.24265289852828548,0.24268502233636835,0.2432040095295768,0.24331143813437436,0.24347834681861408,0.24357960055895972,0.24363787540688633,0.24404492332097344,0.2442056281079788,0.24440753770292034,0.24476477905313898,0.2448104784210559,0.2448790291233268,0.244905776585443,0.24507981060759132,0.2454654679271102,0.24556161757766018,0.2455813146731055,0.24559812791646976,0.24569074635289398,0.24572803793357584,0.24598472857636033,0.24656548257834374,0.24704553037004992,0.24759741337636562,0.24782669722231337,0.24788531367363387,0.24819041886583462,0.2482192092756598,0.2486113998127016,0.24876839323696262,0.24883131346309895,0.24885068073420838,0.24905733512949838,0.24943118371337716,0.2495070784162378,0.24955661752686573,0.2498912969450441,0.24944814919234407,0.24995648352620742,0.2502677636690113,0.25030044250017475,0.2504154851806025,0.2504313207898716,0.25044787403952923,0.2505132937416573,0.2506655713364955,0.2507721165944783,0.2509981276967866,0.2509855121152918,0.2510735106862613,0.25104234943665904,0.25107311944577865,0.25133388351309915,0.2514113346108688,0.2513961690237682,0.25158643072970777,0.25190063924900147,0.2522250538941572,0.25227714223935654,0.25241623692107656,0.2524279523467887,0.2524870041523073,0.25268700607946243,0.25278042097339354,0.2528667336851126,0.2528109413421709,0.252850413754216,0.2529104035587545,0.25313729065122764,0.2532660015546442,0.25327274315165393,0.2536798440243483,0.2537018663327758,0.25376147670244686,0.2538310955587177,0.2538764900488214,0.25393236782915607,0.25400840595337243,0.2540216985724951,0.2541346827887794,0.2542720646174243,0.25432855515633473,0.25443511171710154,0.2545608444034938,0.2545780410282534,0.2545918297647161,0.25461051141114077,0.2550570978045111,0.2552050046224018,0.25520759366242945,0.25521881620017683,0.2552264284551912,0.25541842053120967,0.25543730097474626,0.25545299891300605,0.2556652768011413,0.255771975642063,0.25580808755566165,0.25584073973387816,0.25585543489103557,0.25593203689821353,0.25602618851514264,0.25603341169041216,0.25608634910618333,0.2558691631438993,0.2558811007807671,0.2559158529800879,0.2559629814937816,0.25599530009657223,0.25626130591400964,0.2563218858326372,0.2563937142040342,0.25641261219933503,0.2564447928347648,0.25650859891139005,0.2565604120545121,0.25681187857880106,0.25687024838848044,0.2570791013879289,0.25709983824245597,0.257173526831525,0.25718700329318633,0.2572045095584452,0.25741198144706123,0.2574326629669001,0.257462994095452,0.25747360968867666,0.2574854566823042,0.257488706648013,0.25757372480845,0.25762610587086554,0.25763011446934897,0.25763048805569755,0.2576007374989517,0.2576205894092928,0.2576411439627444,0.2576729735327461,0.2576929733108007,0.25769211694147487,0.2577129934887053,0.25764382453742185,0.25724134518562736,0.25726724284234376,0.2574158557611014,0.2575223110258342,0.25764780292083317,0.2576969102744941,0.25781331567354127,0.257855919865483,0.25789245626255386,0.2579392386563633,0.2578367283109849,0.2577517281530892,0.2578369450522663,0.25787443866248966,0.25796400348609344,0.25798046524007,0.258155245509717,0.2581794547774076,0.25822452541690666,0.25835652101024636,0.25868526623101185,0.25867428576901025,0.2586877669599076,0.2587060518835862,0.25872444220897434,0.25873940094503967,0.25874383879540364,0.2588146190718308,0.2588628174869242,
0.0,0.0,0.0,0.0,0.0,0.0,0.0,0.0,0.0,0.0,0.0,0.0,0.0,0.0,0.0,0.0,0.0,0.0,0.0,0.0,0.0,0.0,0.0,0.0,0.0,0.0,0.0,0.0,0.0,0.0,0.0,0.0,0.0,0.0,0.0,0.0,0.0,0.0,0.0,0.0,0.0,0.0,0.0,0.0,0.0,0.0,0.0,0.0,0.0,0.0,0.0,0.0,0.0,0.0,0.0,0.0,0.0,0.0,0.0,0.0,0.0,0.0,0.0,0.0,0.0,0.0,0.0,0.0,0.0,0.0,0.0,0.0,0.0,0.0,0.0,0.0,0.0,0.0,0.0,0.0,0.0,0.0,0.0,0.0,0.0,0.0,0.0,0.0,0.0,0.0,0.0,0.0,0.0,0.0,0.0,0.0,0.0,0.0,0.0,0.0,0.0,0.0,0.0,0.0,0.0,0.0,0.0,0.0,0.0,0.0,0.0,0.0,0.0,0.0,0.0,2.316559149227886E-6,2.755948260155533E-6,2.755948260155533E-6,6.997379006500976E-7,6.997379006500976E-7,8.611579906700672E-6,3.9968223426768597E-5,3.6616576264187535E-5,4.099670300504127E-5,8.174739348388046E-5,1.4474007345003707E-4,2.682718278689471E-4,2.5317567233166627E-4,2.519419719033163E-4,2.7339141558359396E-4,3.373795457893889E-4,4.302534196435702E-4,4.3922404519293224E-4,5.450648221833955E-4,5.517894568021132E-4,9.165170598770233E-4,0.0010115345123437843,0.0014489568741875675,0.0017199095466962741,0.0019618962688471883,0.0020411332565324607,0.002195266264810736,0.002301295207881175,0.002275230986393232,0.0025133796264923606,0.0026158395573093194,0.0027621467766535566,0.0029753060223863073,0.0031324369978461847,0.0031574347640572053,0.003364107292431047,0.003423088426031098,0.003441592350637759,0.0033123283898974227,0.0036992013658248466,0.003960167838165148,0.003939829791011087,0.003688792422747977,0.0040005859694402885,0.004377901779510194,0.004511788730053682,0.004583469502179198,0.004538685308716716,0.004716042601172811,0.0050012144885324405,0.005094112135175319,0.005487579801289815,0.005832854119694104,0.006097602871264281,0.007398748569870453,0.00894059000703936,0.009827314805347636,0.011114495289994414,0.011777759524635225,0.015935146393731184,0.016359688348269015,0.02026475195810787,0.020079345806910235,0.02047440058614478,0.02556876688751744,0.026657770533747085,0.02682770608116901,0.02700716085932079,0.026962782655587488,0.029979883217083204,0.031104603034491394,0.03262956806557265,0.03830587289102846,0.03823531180408691,0.039448071466139524,0.040464179181622956,0.04085670379409671,0.04134743588828901,0.04242844265635071,0.045800977789396166,0.07424925851816837,0.07433089931938824,0.07499223960735993,0.0759675021981971,0.07780701453350711,0.08083396217325896,0.0811776718017118,0.08111521746658507,0.0815333682547205,0.08255000234550344,0.08320532832272569,0.0839333447882307,0.08849736823857743,0.09136524076177888,0.10042443180426426,0.10066399262450426,0.11987149320760501,0.12305350804834449,0.12457783363165768,0.1269340645624584,0.12631237156145547,0.1287330561893983,0.13065882008412869,0.1340853021783703,0.13405356922810885,0.1347597419562154,0.13601670355402376,0.13796305064185493,0.13842134489634675,0.1371043412226989,0.1389499772632982,0.13916114449034944,0.14020749438563265,0.14053950132408613,0.14202572511548378,0.14169407413649027,0.14438654334636541,0.14481491034397795,0.14534292800282192,0.14612457267736922,0.14771691091869962,0.14804725765432863,0.1489759512605442,0.15078942976740117,0.15112764517748847,0.15142250882558797,0.15906393077898248,0.16034031327938306,0.1615861402810899,0.1620338875012482,0.16330548873530915,0.16449626325346975,0.16575199570570195,0.16628538474078786,0.16807475215116816,0.16923707931335918,0.17114713171612306,0.17380296910068085,0.17889323097900262,0.17785631745797686,0.17895996846787585,0.18014861425486944,0.1800382377190829,0.18013900506934225,0.179465046547236,0.17931519075730107,0.17870253280956733,0.18401508952683937,0.18499313138751192,0.1850470603450759,0.1840855784581797,0.18838703385307734,0.1892854769930503,0.19026429866102368,0.19061930353562764,0.18965359347963667,0.18984780736575707,0.1907349873686695,0.19308051511471824,0.1935647692881681,0.19459651234109887,0.19468544239090432,0.19545427754182654,0.19587912347843484,0.19638446070627671,0.19679600476368858,0.19699373940647807,0.1976145234495137,0.1976129166360102,0.19854091522138043,0.19857722590000024,0.19843555244474465,0.19862406299111018,0.19852806151669153,0.19849323199776275,0.19836837250184988,0.19882049432132531,0.19893243309723593,0.19887676853692438,0.19948941100620032,0.20007889565071924,0.1996321841201715,0.20195847730818287,0.20210052604089895,0.2018860767862012,0.20240148316762174,0.20246464041899026,0.20410087334943489,0.2046394671106984,0.2065193092396694,0.20658579373244312,0.206676168045479,0.20585415346635647,0.20680264083267727,0.20763519562576596,0.2076357779465228,0.20760418168745418,0.20798829069613808,0.20884517898674199,0.20940599691015765,0.20949875518674607,0.21029824668335156,0.21169727296281066,0.21429130287421547,0.21452554446834987,0.21481343889411922,0.21528060913784283,0.2169013426432984,0.2215031689680106,0.22183595922196656,0.2233218031004169,0.22308491634444658,0.22343063537771585,0.2238947077769938,0.22435713342161956,0.22361425020073314,0.223694131329783,0.22427715506962226,0.22547958524881964,0.23387982037657598,0.23431142178296382,0.2348530341971069,0.2348226388963912,0.2354538364028066,0.23533619475782358,0.2359816498766845,0.23662388490538336,0.23728133170054544,0.23761427645327687,0.23776126548929863,0.23779722309285847,0.23771918928499253,0.23775619429006653,0.2381809944863912,0.238307887810408,0.23936860001448165,0.23936445220999275,0.2387658266682989,0.23922830041716794,0.24196146091976387,0.24199714696826236,0.24168315919921435,0.24220693524920034,0.24422572612390803,0.24447245816435365,0.2465351997181579,0.246712310569654,0.24673356283043832,0.2472540591198026,0.24766556824064695,0.2481664152027431,0.24836507278216177,0.24858249777744526,0.24913557473512757,0.24933448718627277,0.2505513923336364,0.25106113393949264,0.25110323454040195,0.25105932154464267,0.25135224315460514,0.25135758792930374,0.25119043697223203,0.25116395329380015,0.2519383888391709,0.251448255866205,0.25145396139675125,0.2515147064937343,0.25160400142019307,0.251782012449692,0.2517895719521756,0.2514579251993945,0.25144116782836856,0.25151545350098087,0.25161998299534544,0.2517851493228933,0.2519576384179804,0.2520757258547606,0.25215926967694574,0.2521219358359496,0.2519839608746783,0.2509820020094617,0.2510872759089195,0.2516614826141062,0.2515974429170218,0.2518908893004571,0.25205803901573576,0.25211347204824863,0.2521882850351573,0.2522981757286732,0.24998075031653227,0.2501842813493905,0.24878418198793228,0.24794381969903825,0.24796956992577232,0.24812671319998153,0.248225955020242,0.24917158331809797,0.2492522856607488,0.2496902538846277,0.25051000160511305,0.25054080651853333,0.2506486761345761,0.2506378039260773,0.25006257693295925,0.250243068363314,0.25010052686268247,0.2502211970787559,0.25024332778115377,0.2501743377370558,0.25018407112884583,0.25026911696422643,0.2508065750566201,0.25090973975115555,0.2509933503021473,0.2510857231510498,0.2510796004824501,0.2511488915498671,0.2513566690849924,0.25166844242196074,0.2513902674349788,0.25142997340388173,0.25134137862550454,0.25135496498589566,0.2513231932001554,0.2515357250541814,0.25166009126753525,0.2516745434256222,0.2521019394197698,0.2519939902875433,0.2520945407594091,0.25232816168100647,0.2526631635884838,0.25319692458414406,0.25321602594457615,0.25325280323234545,0.2532923183184038,0.2533240894516362,0.2533899369203083,0.25345195550273836,0.2535501580690448,0.2536297795355558,0.25364150441436806,0.25366890990281254,0.253659783137591,0.2536570412541788,0.2538453097600836,0.25389171060331506,0.25516718034891117,0.2551788087097268,0.25648554953018804,0.2564944366634241,0.2564836559924659,0.25800940347744683,0.2581765634370562,0.25819173150071323,0.25822388526442763,0.25854102168880483,0.25862047697375884,0.2587506770387915,0.2587538261247081,0.2587974370710597,0.2586731102674346,0.25759415974200595,0.25760184740858744,0.25772506505070963,0.2578027081411452,0.257931834812189,0.25788961000611677,0.25791342566780867,0.25791126782960216,0.2590256987686261,0.25902910074083674,0.25907933269424305,0.2589956615991955,0.25893450442584853,0.25885105963198735,0.258934017431024,0.2590792491410135,0.25908752574255567,0.26053708411431054,0.26053767770233704,0.2605609052158682,0.26058609441608804,0.26184383668660666,0.26180178851663144,
0.0,0.0,0.0,0.0,0.0,0.0,0.0,0.0,0.0,0.0,0.0,0.0,0.0,0.0,0.0,0.0,0.0,0.0,0.0,0.0,0.0,0.0,0.0,0.0,0.0,0.0,0.0,0.0,0.0,0.0,0.0,0.0,0.0,0.0,0.0,0.0,0.0,0.0,0.0,0.0,0.0,0.0,0.0,0.0,0.0,0.0,0.0,0.0,0.0,0.0,0.0,0.0,0.0,0.0,0.0,0.0,0.0,0.0,0.0,0.0,0.0,0.0,0.0,0.0,0.0,0.0,0.0,0.0,0.0,0.0,0.0,0.0,0.0,0.0,0.0,0.0,0.0,0.0,0.0,0.0,0.0,0.0,0.0,0.0,0.0,0.0,0.0,0.0,0.0,0.0,0.0,0.0,0.0,0.0,0.0,0.0,0.0,0.0,0.0,0.0,0.0,0.0,0.0,0.0,0.0,0.0,0.0,0.0,0.0,0.0,0.0,5.10712708603855E-5,5.10712708603855E-5,1.0791075954939891E-4,1.0866982604076263E-4,1.0886755806754683E-4,1.7064243231604655E-4,2.1363696193027294E-4,2.374824186882688E-4,2.3499970820290458E-4,2.2906080845824567E-4,2.537750529284188E-4,4.071534040005993E-4,5.743549940512919E-4,8.828624085733488E-4,9.161791950607853E-4,0.0010455376097255685,0.0012652465309184503,0.0015777612159518482,0.0021695989861207888,0.002364078500188189,0.002579041303102949,0.003015476087728631,0.0032862740956710974,0.0033248202520754283,0.0036177663325454423,0.004025855067974528,0.003930088050296501,0.004057721074071973,0.004500257582742525,0.0046510202104049206,0.005316803398947838,0.005485376492853216,0.005752848029302533,0.0061017934822273105,0.0060807307598036205,0.006758008345667066,0.0065739375451172736,0.00664231063448773,0.0066612654972480045,0.006651940472721458,0.006732848104538395,0.006865734311540465,0.0069176457727982,0.007025844280826168,0.006935776950449769,0.006968348157402726,0.007069356888155967,0.007085513855112955,0.007104665099179516,0.0070738974820832145,0.0073569127834669555,0.007596735742205024,0.00783329711648471,0.007723376384506973,0.007837600003401782,0.008031689348200555,0.008325798331854307,0.008484923173810685,0.008861908237206909,0.008909662592245248,0.009106541113331567,0.009260456494102526,0.009511522117842454,0.009352188774441487,0.009441107194236133,0.009459068905100964,0.009938496471527917,0.010694072087866213,0.011701882675958581,0.011800114125217958,0.011956951868448046,0.0119560085261983,0.013671075181228762,0.01479022853869607,0.015553597646430117,0.016224006049275663,0.016150316119219014,0.01703895170877963,0.017079959610310617,0.017260950266342518,0.017763995607069843,0.01872603867262644,0.01913849482257782,0.019570293263950756,0.020872958328801046,0.02094233608069159,0.020802690622482623,0.021443381580862834,0.021494178268249734,0.022426099415813704,0.02286640088280835,0.023339514108700703,0.023947639269460017,0.024140886057969168,0.02811149158624552,0.03529763650663381,0.038468239279062795,0.03967390967702443,0.041441138974009556,0.04253497507524568,0.042509628517554444,0.04392197429311176,0.0450594903922573,0.047508961923434206,0.049795810852441266,0.049715700352437726,0.05141357784196139,0.05265532709924444,0.05366239345475812,0.055138069005233686,0.056647732894331886,0.05712723097716551,0.05764770178578837,0.0584458144001369,0.06348676023225007,0.06413658948414586,0.06466138357528525,0.06674477900787569,0.066776154543186,0.06792412587023425,0.06880984112544072,0.06901867509450395,0.0701917243282961,0.07111196207646037,0.07290480430023302,0.07281883062507903,0.07341154913747257,0.07384245311325979,0.0739058050531002,0.07628267332098883,0.07722488694184733,0.07897378761588966,0.08041571541143237,0.0814045387257987,0.08195281948992736,0.08266601154629258,0.08362282785533007,0.08479291688460727,0.08616081658416988,0.08615886179914459,0.08745797759904465,0.08773666346393501,0.08844588174603595,0.09167134681772743,0.09258177639369156,0.09455215112784163,0.09875836315980112,0.10195311833316953,0.10380587753130671,0.10472617823224883,0.10551082685309265,0.10842552705897911,0.10842449783045945,0.10922321353314172,0.10956226332725855,0.11047416076722151,0.11116842769145811,0.1133335285594623,0.11424932173538621,0.11492944501654344,0.11502785115063534,0.11527017491775868,0.11572252139367377,0.11560713504126899,0.11541804178480553,0.11602283886979488,0.1160703327183667,0.11568307421779654,0.11844801486879339,0.1183673719645293,0.11842862135503301,0.1185491612341493,0.11827465888807562,0.11998156793754566,0.11988920876332716,0.12085679603568386,0.1269394925804266,0.12690851094973685,0.12876583192455252,0.12961641631989806,0.12956457332429802,0.13235546126794231,0.1330580150752337,0.13394268499363882,0.13478235170368555,0.13965723327785967,0.14085059756850243,0.14166301709512952,0.14229724912096248,0.14238948246090832,0.14391017324328154,0.14403758058338884,0.14576877136178204,0.1460107213854699,0.14782513729706423,0.1474269183027263,0.14778263973591405,0.1481400563938724,0.14944905568282946,0.14998048437055506,0.14902831003951214,0.14947126970663743,0.15070242155415342,0.15125999633757964,0.1524664990294754,0.15488202524204112,0.15519080696255852,0.15519626530019676,0.15538096977306365,0.15558957827642292,0.15516322903705024,0.1566122500205571,0.15745451916669506,0.15808349343405992,0.16091045158698422,0.16593585628069946,0.16563579739947112,0.16612786060351734,0.16686113978549938,0.16700271333740316,0.16670211624685952,0.16749633133577466,0.1676196959058074,0.16771426381194485,0.16787261900068792,0.16880211189868086,0.16886798849336004,0.16894281806332181,0.16875566532481476,0.16908766619505144,0.17107861396670673,0.17103751981677412,0.1711459193992406,0.17261776548171484,0.17247155550624457,0.17378585131896074,0.1772902633605623,0.17766845104816825,0.17648339766609272,0.17553108356863661,0.17576466356941559,0.17652833382386274,0.17655630449101534,0.17654025733195886,0.17655698273595233,0.1779648567136078,0.17783665725813583,0.1787241406712043,0.1786777271876668,0.17873082628835157,0.17879496669427425,0.1790415280313797,0.17981646667131135,0.18012803756369333,0.18034388519220615,0.18047280719257594,0.1803500413680173,0.17975440439539037,0.17990896345489238,0.1801437590941318,0.18020133307899358,0.18080592279187901,0.1807147552206684,0.18085550034454215,0.18089501161612948,0.1819956384270248,0.18208484253938126,0.18377296585336067,0.18385149056878608,0.18364372953838623,0.18501240529480312,0.18579270882316204,0.18593314135221378,0.18771628970747722,0.19017301643874893,0.19058926485033312,0.19052624377023367,0.19098005407975735,0.19099946097683415,0.19333466826013404,0.1939884080190377,0.19466980904502737,0.19545887453333943,0.19567518559419156,0.19575833114945368,0.20075538305365292,0.20096873915124275,0.20343620395157228,0.2044123140965366,0.20679699621859335,0.20716925554081142,0.21008177798172248,0.210253904494362,0.20835768121839843,0.2086176869577198,0.20901361172643607,0.20961995860153168,0.21506858493225786,0.21534791610114098,0.2156038426641431,0.21619526706427714,0.21620292297829616,0.21249116199741303,0.21278216835523361,0.21291684853897583,0.21277307422844208,0.21282947874641975,0.2128509219496261,0.21289274087597213,0.21290938948364377,0.2137607948211091,0.21375790570462758,0.2159972549961237,0.21622883572882046,0.21798392546852594,0.21825282362262416,0.21915496030275392,0.21991121562260654,0.2204472896821614,0.22017901476880214,0.2210382239482838,0.22006718375325374,0.22043874172722938,0.22019311694165855,0.2197817683245558,0.2198303964417884,0.2199096326088355,0.22039392579420006,0.22042090533332606,0.2204269874529476,0.21996114519095974,0.2203201624740143,0.22037341827681797,0.22054564270312702,0.22171166980438906,0.22244813964764604,0.22266350353734762,0.22364591781314072,0.22425784431720125,0.2243899436180626,0.2246300320136008,0.2248761606038379,0.22544700525254543,0.22546950463407592,0.22753902343396393,0.2278634181963052,0.2279166004704185,0.2310776097791966,0.23151653753665194,0.23170211566779614,0.23385336987295677,0.23454862253663852,0.23568240120056705,0.23595186080229588,0.23591156546693767,0.23610350748764086,0.23626297178451086,0.23646100502041903,0.23750782288771444,0.23757592060065708,0.23759729329943508,0.2364939178530836,0.23752808167924747,0.2376549856515246,0.23765338860533353,0.23801979345045593,0.2382803259610827,0.23823901705601022,0.2372380235136885,0.2372989822680068,0.23837054121130485,0.23835697408430234,0.24040274438633089,0.24049684639407065,0.2405139762433833,0.24320320609273285,0.24345574680773396,0.24378934000279184,0.2442521737530615,0.24726793035657052,0.24754604261219473,0.24883228693129117,0.24899331515604506,0.25007798930032094,0.25010302013926694,0.2514378802115032,0.2516691565700624,0.25263565757552975,0.2527033844767516,
0.0,0.0,0.0,0.0,0.0,0.0,0.0,0.0,0.0,0.0,0.0,0.0,0.0,0.0,0.0,0.0,0.0,0.0,0.0,0.0,0.0,0.0,0.0,0.0,0.0,0.0,0.0,0.0,0.0,0.0,0.0,0.0,0.0,0.0,0.0,0.0,0.0,0.0,0.0,0.0,0.0,0.0,0.0,0.0,0.0,0.0,0.0,0.0,0.0,0.0,0.0,0.0,0.0,0.0,0.0,0.0,0.0,0.0,0.0,0.0,0.0,0.0,0.0,0.0,0.0,0.0,0.0,0.0,0.0,0.0,0.0,7.118222306228074E-4,7.118222306228074E-4,7.118222306228073E-4,0.003239215030170217,0.003924054806280596,0.003924054806280596,0.004276308218672402,0.005745942759227827,0.0060906171757213875,0.007716856406312252,0.010989430846073373,0.010986796843156807,0.01098679684315681,0.01102148091632197,0.011232237148329506,0.012300605207468675,0.012300643776238112,0.01251764237440984,0.013370835339818154,0.015243178440182659,0.01602567466064327,0.018488091272350505,0.01862009284171201,0.01916635237271284,0.01931569323020874,0.02125023903449107,0.024172457216695826,0.026367796868133078,0.026716226228513076,0.027084545953292957,0.03006901497974151,0.03140636656544855,0.0326767568646346,0.033842349268129276,0.035382759889106594,0.03788455697161331,0.03844171776337823,0.03957265892263984,0.039921823152601975,0.04055024392618226,0.04068139679275215,0.041348267372199855,0.041946520831538436,0.04332880176116327,0.043706935519136264,0.04298564589042908,0.045984013513506575,0.05872931453213067,0.0591114589772189,0.05995749286274669,0.060964281132333646,0.06545565933330436,0.06520869078188021,0.06514506310256224,0.06934721591329501,0.07108082845871518,0.08548382052017972,0.09574538243142121,0.10548899079996747,0.10793490487909292,0.11175238362807118,0.11449274750005821,0.11410128371700512,0.11512878697873138,0.11737712343552166,0.12014305871431545,0.12687616962143572,0.12760558657629792,0.12828500596956402,0.13046790877692604,0.13397848450096203,0.13478803879002302,0.1383708305662297,0.13854489554372038,0.14026030854450453,0.14333828001566756,0.14592577224748282,0.1465289094365783,0.1473371978714718,0.14903443587554166,0.14998429871614102,0.1501432883362511,0.15175726916730384,0.15317875401711367,0.15413588516093693,0.15434780395463002,0.15523816599419443,0.15689899476188213,0.15874831365605258,0.15976140125381955,0.16414853086405973,0.1640452646870836,0.1647544198252484,0.1650780083721679,0.16618321910261524,0.16665571692872638,0.16755272505209615,0.1684956540756525,0.1700844369512579,0.17114820183953525,0.17405024392161944,0.1747742703365793,0.17509515941270762,0.17536315569672742,0.17556330399015427,0.17633327657271128,0.1771452721555211,0.1774128203118272,0.17889722270256608,0.1833983514731074,0.18345291686431262,0.18380942512311738,0.18459667501794408,0.18640106502983209,0.18744702428149887,0.1889382705933034,0.18956800536790966,0.19082676243255772,0.1910785411290568,0.19164910118637107,0.19310969701575448,0.19468682379876734,0.1954399463454355,0.19638832273311158,0.19709675077143232,0.19734390431627544,0.19941354225407554,0.200389315791161,0.2021109913776307,0.2023948024925408,0.20326229635478296,0.20452065183196386,0.20491520038776084,0.20561580049250572,0.2085747506324787,0.20965970763673986,0.21030001795653258,0.21271102699218553,0.2140995199364423,0.21468558781364097,0.21480421488286364,0.2166507621408471,0.21682843670610888,0.21734224425536797,0.21780737438565886,0.21828490461585476,0.21845531882580907,0.21898520708158078,0.21980646527901207,0.2200590058740636,0.22187729016113128,0.22315071850816304,0.22361498430808624,0.22438738300317873,0.22554631175494128,0.22613121282364865,0.22676391477831756,0.22745842805322355,0.22811967230901936,0.22834954306555963,0.22872895385592393,0.22909983674009327,0.22910192116788067,0.22947878747229802,0.22900427991157912,0.22967856611068602,0.22993323396105053,0.23027786721775587,0.2304946809976336,0.23107289754551807,0.23149736506250831,0.23188857405606916,0.23246543133703684,0.23281145376365697,0.23278963949161866,0.23295303304521744,0.23308313708358522,0.23252233331555364,0.23333451086902893,0.23423854808191166,0.2352269415750649,0.23534283497960112,0.23545646075171228,0.23565332229516908,0.235785490923255,0.23608503831621366,0.23600618671981297,0.23591745443676784,0.23624987455754914,0.23681850285484324,0.23678811896808874,0.23694738468981077,0.23722645410674092,0.23733966190997985,0.2376537931956571,0.23808863717893447,0.23815616014593513,0.23864232104360672,0.23872856479751814,0.23911065843515797,0.2398356717165686,0.2402887952628123,0.2404012541346597,0.24073321584703303,0.2412260211603411,0.24131181187848752,0.24209448722725668,0.24230904511675488,0.24247810204773576,0.24356323018760553,0.2434394854122448,0.2436420464809529,0.24373235432878027,0.24398919335484448,0.24447724069080898,0.24453197100286322,0.24465169493318747,0.24463612804188498,0.2447655710003859,0.245002615641012,0.2463697457985218,0.24659748553306088,0.24662246408750282,0.2467130187380965,0.24674913906495158,0.24705821433409947,0.2473128011403585,0.24738390836090485,0.24741448200499838,0.2477099915899792,0.24808600060046573,0.2486069102605494,0.2489358865091044,0.2498492083952904,0.2500310117137846,0.25010536389452764,0.2518871867379955,0.2518247408412574,0.25241895482748483,0.2524368253470893,0.25258388756051,0.2525212037675763,0.2527218557806048,0.2533996686719356,0.2535441111774324,0.25383288504768076,0.2539944164903993,0.2540906736379642,0.25425076542781944,0.25437914376389675,0.2544865345796359,0.2544264022812434,0.25442726547638495,0.2544360809419687,0.2544575206182946,0.2544511667126803,0.2528827084514025,0.25280057162502256,0.2529786370746643,0.2526355581806824,0.25267351611949224,0.2523272999938547,0.2524527989460967,0.25263032456263457,0.25278418175304823,0.25308106485073384,0.25322467032158713,0.2532315938073959,0.2533197419488151,0.25338478590240143,0.2534659329706475,0.2535016517784032,0.2535162300984862,0.25355909073111227,0.25396415454671206,0.25381820225036855,0.2539362308281077,0.2541027663013453,0.25419957394474696,0.2542407879820583,0.25426921848368117,0.254288432497103,0.2545727566668428,0.25459194425737747,0.25463033505445104,0.254687080788057,0.25468335052733887,0.2550383669745145,0.25517985950501176,0.2552358219031635,0.2552525302408762,0.2553099828350775,0.25531439038759446,0.2556549273854902,0.2557182289539926,0.25559317986529,0.2556834530814257,0.2557472484573485,0.2556909225471572,0.2557007797223972,0.25571585310799505,0.25572419057263657,0.25572198159146353,0.255952574028694,0.2560018702961932,0.2560420548464239,0.2560823073491056,0.25606735963336796,0.25590769624326815,0.25590792879604085,0.2559940733149763,0.25606586280449956,0.2560791404243233,0.2563330883534266,0.2570520441092592,0.25706441402371816,0.25706901903491913,0.2571728105546323,0.25714536932695203,0.2571837332668617,0.25719913574432324,0.2572521140175713,0.2572880606421626,0.25747470121487226,0.25751316978458805,0.25754884479177576,0.25759050153946894,0.25763613790045387,0.2578762861820603,0.2579108026528707,0.2579246750614769,0.2579664648209121,0.25785985442301324,0.2578658790649643,0.25786943415627733,0.25789415623792816,0.2579084443005871,0.25791744093353236,0.25792719532856445,0.2579603168134534,0.25793328034418694,0.25795332272173416,0.258064672386856,0.25824225912626,0.25826060479388907,0.2582898717036753,0.2583001667995952,0.2583010061411834,0.2582521559691152,0.2582583861278366,0.2582402158877513,0.25815199859198623,0.2582033937094401,0.2582687696495001,0.25830657082408504,0.25832465782346586,0.2584082688309007,0.25845696751537034,0.25844377480749575,0.258457492776376,0.25853634966274036,0.258554570891837,0.2585384778672881,0.258541019885659,0.25855953483374294,0.25858180407607445,0.2586288813185916,0.2586667965838804,0.25868120125703303,0.2587011768079955,0.2587020587739065,0.2587129128347578,0.25870590633716894,0.2587348343113774,0.258710386896678,0.2587416469005879,0.25876693067017986,0.25883026097797524,0.25882208728845635,0.25882958729496613,0.2588071339264274,0.258800102782622,0.25899348374923603,0.2590120095754817,0.2590327930186167,0.2590261131872591,0.25903879713046246,0.25905205411058196,0.2590545060371281,0.25905213101945856,0.2590480778100011,0.2592236529171281,0.25922705382470296,0.2592271731746898,0.2592148753949486,0.25920989928554966,0.259435088874032,0.2594428637653248,0.259443179535705,0.2594543332980977,0.25952853273162907,0.25951072389822405,0.25964729797630265,0.25967425953475565,0.2597211748797426,0.25970540356537813,0.2597086495111389,0.25971981189175397,0.2597306112778905,0.2597370273659913,0.2597510495614329,0.26069613759552956,0.26069532819603247,0.2607676557137922,0.2608172591737768,0.26082470403736185,0.2608432992098669,0.26091501838410064,0.2609296633950518,0.26096024795203454,0.2609632507686397,0.26098368291850804,0.26099306428600294,0.2609952105085604,0.2609237801337901,0.26093690555748816,0.26093816647704765,0.26106978882277265,0.2610773975038899,
0.0,0.0,0.0,0.0,0.0,0.0,0.0,0.0,0.0,0.0,0.0,0.0,0.0,0.0,0.0,0.0,0.0,0.0,0.0,0.0,0.0,0.0,0.0,0.0,0.0,0.0,0.0,0.0,0.0,0.0,0.0,0.0,0.0,0.0,0.0,0.0,0.0,0.0,0.0,0.0,0.0,0.0,0.0,0.0,0.0,0.0,0.0,0.0,0.0,0.0,0.0,0.0,0.0,0.0,0.0,0.0,0.0,0.0,0.0,0.0,0.0,0.0,0.0,0.0,0.0,0.0,0.0,0.0,0.0,0.0,0.0,0.0,0.0,0.0,0.0,0.0,0.0,0.0,0.0,0.0,0.0,0.0,0.0,0.0,0.0,0.0,0.0,0.0,0.0,0.0,0.0,2.0618489631775682E-4,1.81254057161273E-4,2.1777070757315504E-4,2.1796439565734165E-4,2.494120611443632E-4,2.1088018501548334E-4,2.904216678650205E-4,3.0487713100126214E-4,3.4622146263639416E-4,3.567192883896394E-4,4.454691343862556E-4,4.662230912919056E-4,5.713058354379635E-4,7.760000871304325E-4,8.334676260319283E-4,8.530491812897522E-4,8.974905401640783E-4,9.682086524207593E-4,0.0010832262231699342,0.001144097706411504,0.0011991490337871563,0.0012033207954856315,0.0012675997790261807,0.001206902343094323,0.0012178149472870333,0.0012207278453088696,0.0012152144246620168,0.0016412641298461826,0.0015805344824996778,0.0015062647042805774,0.001482851912086723,0.0016049600866422371,0.0016305705571703327,0.0019279249764115323,0.002155537781002088,0.0019456886965283995,0.002310409531062424,0.0022830727496689416,0.002761257829682346,0.003482085830003236,0.003987259523710469,0.004002350887275091,0.00433604369852153,0.005529037848353487,0.005492345696545508,0.006171978999043376,0.006087086514618715,0.007066243941440477,0.007459796108050435,0.00840646007496458,0.010192949146395139,0.01029535545335555,0.010640505024587483,0.011790405711173124,0.012537847061539953,0.014084412764823575,0.014109409840874625,0.015069193900440366,0.015039468269705682,0.015497840439123724,0.01503655952249078,0.015647987563575556,0.015639453951472707,0.01572115642495938,0.01664364850844577,0.01684407331522351,0.01651092880358305,0.017632301452214325,0.01846351651455782,0.01846424646295796,0.01873129587625061,0.021487630904864392,0.02247044780516664,0.023497400351713986,0.02589919812291345,0.02594930426307478,0.026924286324989485,0.026855829700022,0.027411747495708193,0.027220804928321015,0.02835994910286578,0.03042255536985315,0.030238701836556674,0.030340216656818148,0.03137404733879865,0.032054922089465566,0.03247364306652828,0.03350802853941199,0.034311900897102114,0.03622768414960328,0.03770723617885548,0.03802238278402844,0.0393586174175729,0.040065672882371985,0.040181484366485075,0.042078335885294034,0.04243726829678544,0.04455911732581693,0.04603600982895234,0.047554452803500485,0.04892203681613189,0.04901712622614732,0.04953783897760687,0.04969933629213504,0.05453338644376937,0.05622787358819605,0.05691373347256492,0.05859929602216943,0.0614870897879864,0.06250036501305416,0.0649103056090957,0.06502881382750281,0.06849742171701272,0.07008117691366399,0.07052592178369614,0.07152838700644958,0.07204867589082047,0.07503325480149539,0.07585127956846349,0.07605655627942295,0.07709852640859442,0.07715395911464923,0.07712566614341625,0.07790270977209374,0.07816410022387692,0.07852433055834968,0.07747167332538717,0.07719747813269975,0.07792305756162339,0.07922974247765836,0.0801790063975054,0.08134460599834972,0.08182096870421769,0.0823854868356105,0.08303033689963518,0.0832020958154424,0.08225905850823487,0.08165722240062412,0.08138908289583047,0.08159030236508204,0.08221602937691244,0.08259700351645606,0.08300467188639911,0.08431636542400635,0.08520565484955393,0.08648870245724356,0.08649686940269118,0.08744457128041616,0.0876196240504923,0.08867213716576468,0.08914698410265288,0.08892802106095866,0.08944764440088968,0.08944806272484312,0.09003406730312477,0.0927148091685606,0.093128982843584,0.0934240227174364,0.09485408087786869,0.09543033665979606,0.09530919596491147,0.09633484117308587,0.0978624632979043,0.09937703643227606,0.09889750547583677,0.0988926921428655,0.09879839404778262,0.09899928701219364,0.09935731458073893,0.09962703341651331,0.10043350107841878,0.10102487728770193,0.10105673545527738,0.10177727042871246,0.1011835439523597,0.10349546588216704,0.10344902826224187,0.1068584948789163,0.10721058126688351,0.10750933721875686,0.10880364856849113,0.10877496979429689,0.10866019569164573,0.10965566184711864,0.11015517400750927,0.1106760874194471,0.11106224786574921,0.11137964133419195,0.11264061052066447,0.11269306636638557,0.11383993568691418,0.1150267390275998,0.11586729979434049,0.11657918078698276,0.11730956368314809,0.11742892832551449,0.11894882951235067,0.1197594550349748,0.12030393589258777,0.1206642539526273,0.12111885796232706,0.12171917811231606,0.12169537562759501,0.12297940040262748,0.12438261835573036,0.12442198570246037,0.12427778995039904,0.12559076120899898,0.12570667815430267,0.1264358568920053,0.126653570403429,0.1290556992483778,0.12971172672963646,0.1296903970532019,0.13075040024097895,0.13163826554527064,0.13487778145244372,0.13798331873093087,0.13800548116102052,0.13892267505291472,0.13990209277886312,0.141114527459352,0.1422025140754935,0.14354657010089997,0.14426576367317695,0.14480044085990093,0.14592461367791765,0.14607270069978343,0.1461369860418338,0.149411173308048,0.15332265467262915,0.15387104060335852,0.15577268995286714,0.15707483527663177,0.1575706904046533,0.15934671021832603,0.15972896802356001,0.1598178869171197,0.1645432234022732,0.1651245749348526,0.16525588004247654,0.18129505409501767,0.18152140009867304,0.1822845000204731,0.18287046678361718,0.1837458062870102,0.18472662459954423,0.1852298107611499,0.18500826086188898,0.1852884048471452,0.1875398207761357,0.1886758729313018,0.18517427308978943,0.1851398730710453,0.1859575324153954,0.18638534777406873,0.1882060508215963,0.18824017224409473,0.1903676888019585,0.19032561466358527,0.19395805892699877,0.1937202728576251,0.19607282538631465,0.19656332264917714,0.1979975942107345,0.19843763235372844,0.19832443480521486,0.19845275572268622,0.19928641113155082,0.1994594127329126,0.19959556273811477,0.19989555261395658,0.20140567194919376,0.2016482377029697,0.2016025226256694,0.20164267236223113,0.20238414260575416,0.20254724459643095,0.2028061235364019,0.20320357948421452,0.20388634847518797,0.20254667177885025,0.20427950588281413,0.20494824294376446,0.20617504792809951,0.20710962581454279,0.20765949675720924,0.20751799729106818,0.20753870244640818,0.20721638076496965,0.2079945677849647,0.2080192685387893,0.20806903313766845,0.2086937824054885,0.207825863144528,0.20785009148439126,0.20898053394499896,0.20956527823168475,0.21063464821639627,0.21060831002640132,0.2120580468134334,0.21305404889506885,0.21319240838752113,0.21369683106709808,0.21409958407606486,0.21722927190996372,0.2175362473077388,0.21741958038529277,0.2176076987013945,0.21810585692827578,0.21850305084414512,0.22004902887159303,0.22046040120645954,0.2205133284919658,0.22139555123891477,0.22177447307572246,0.2219219576081016,0.22238208548985997,0.22333541282121477,0.22432139932387843,0.22465056672603206,0.22524875902231103,0.22563681982585207,0.2259734799206552,0.226176410035236,0.22614377380149533,0.22657243024622367,0.22705055347060077,0.22727201212097678,0.22772327926592156,0.22774475349117246,0.22954540139918625,0.22954451249785324,0.23015947363588016,0.23019439359588878,0.2310397568860831,0.2313224108166397,0.2317307511137689,0.2319646774789187,0.232185175772228,0.23249398761500462,0.23257890610299709,0.23353583151968563,0.23388717482446647,0.23413600059524514,0.23434101164644347,0.23437055167316878,0.23445433395868684,0.23458556369204728,0.23477894359624832,0.23477567072992772,0.23429585186834936,0.23437228110412667,0.2344448947126823,0.2348724065130651,0.23500319073037856,0.2352123037174112,0.23525894766654815,0.2361223577868542,0.23613720197094354,0.23646869931901854,0.237831690671771,0.23813249448338572,0.23830862800800529,0.23829729942018013,0.2383536061709746,0.23756858762379535,0.23800597201639886,0.23813950860719701,0.23814216704953006,0.23834510587659752,0.23859970462489916,0.23917602928563123,0.2386997497350589,0.23973708463041654,0.23971467212495673,0.2395718385769232,0.23947078582950976,0.2393806981398303,0.23938351324137153,0.2399300188983042,0.24028448053825008,0.24028845138075303,0.2404014287764286,0.24193062083918687,0.24302444394852418,0.24318443785128305,0.24317292010056593,0.24351165551302575,0.2434883862364555,0.2433897409069563,0.24338332026371307,0.24339773078887336,0.24343072247294753,0.24405196584640107,0.2443101668597291,0.24497536829765276,0.2450002062425138,0.24502770139005048,0.24507151800423763,0.2460718460056168,0.2461014569692955,0.24612650570964476,0.24642218072213426,0.2468154564507068,0.24686878262285392,0.24716277054103394,0.24483729424249132,0.24517683907772805,
0.0,0.0,0.0,0.0,0.0,0.0,0.0,0.0,0.0,0.0,0.0,0.0,0.0,0.0,0.0,0.0,0.0,0.0,0.0,0.0,0.0,0.0,0.0,0.0,0.0,0.0,0.0,0.0,0.0,0.0,0.0,0.0,0.0,0.0,0.0,0.0,0.0,0.0,0.0,0.0,0.0,0.0,0.0,0.0,0.0,0.0,0.0,0.0,0.0,0.0,0.0,0.0,0.0,0.0,0.0,0.0,0.0,0.0,0.0,0.0,0.0,0.0,0.0,0.0,0.0,0.0,0.0,0.0,0.0,0.0,0.0,0.0,0.0,0.0,0.0,0.0,0.0,0.0,0.0,0.0,0.0,0.0,0.0,0.0,0.0,0.0,0.0,0.0,0.0,0.0,0.0,0.0,1.4406476687533643E-7,1.4406476687533643E-7,1.2764954881961923E-5,1.2764954881961921E-5,1.2764954881961923E-5,1.2089804182560246E-4,1.2446411947250317E-4,1.4018352971553733E-4,2.1159922981494513E-4,2.2908503672683145E-4,3.164904391168913E-4,3.1869738392473776E-4,3.655708441519536E-4,4.284966981495507E-4,5.760754980744322E-4,7.192102147842213E-4,9.663707643231392E-4,0.0011478333482807701,0.0014568925869878043,0.0015890130556951597,0.0016369255258532204,0.001636023041208747,0.0017481402886716563,0.0020940230365590466,0.0022534959984617828,0.0021716789984789755,0.0024276965556733056,0.0027346506009006282,0.0030712628037810625,0.0030681542747503904,0.0031925200092245303,0.004525122257042474,0.005517184073078419,0.005542543850193775,0.0058155148556057,0.0059764224077104525,0.006589747899834494,0.006640192012916312,0.00667854263753172,0.009932179166992601,0.010865004954228763,0.010961299593200332,0.011839930837957476,0.012328965004998188,0.014902160542840761,0.015631586533413497,0.016588401047850615,0.017788127142430884,0.018128777146698707,0.018551093751264288,0.01875091888126157,0.019072663386129843,0.019145804878051183,0.01973452847269398,0.020432229320104897,0.021447792991252247,0.02184906645960485,0.022002141357513626,0.022282185249393523,0.02211914668189151,0.022968249180661073,0.023321823465449865,0.0241435319789199,0.0249135768000294,0.02528840743638841,0.025385655527605588,0.026044124455504178,0.02609564901116328,0.026417850479172913,0.026449161680537285,0.027512693872409833,0.02826845284498085,0.02860299589794018,0.029790434085282883,0.030227697093920487,0.029885779257243818,0.031042202608990488,0.03321715938516952,0.034269171591804495,0.035117568788701696,0.03513057761765517,0.03512074703538617,0.03527127095088256,0.03548317514550177,0.036965185130963134,0.03756991620419814,0.03882135921639606,0.04011521875140825,0.04075494149650011,0.04114881745212372,0.04162774780038316,0.04160881924359429,0.042451450408449894,0.0425751741169339,0.042647255959740074,0.04325138941952761,0.04388150523051567,0.04475287140383386,0.0456192489236299,0.04732786699859552,0.046973107761583734,0.047891779846838956,0.048920806938511245,0.049057403750096706,0.049715110002834406,0.04860277486678396,0.05177366655319308,0.05214954263523188,0.05323327116882083,0.053621299003470346,0.0562239693160366,0.05627856780880868,0.056273526384884066,0.058412322931356335,0.06014843518923078,0.06103900465485701,0.06108812583232745,0.06109495266611787,0.0621166309397147,0.06392068611918444,0.06477744234584812,0.06565147216196689,0.06658201343991997,0.06733028619497604,0.06808542759730701,0.06851998737982111,0.06798088450434392,0.07029245852763105,0.07078108414888684,0.07116292092793557,0.07004566899378963,0.06936456676638214,0.0696124148231888,0.07312584214048509,0.0764228796230215,0.07669146253607656,0.07842787104958816,0.08298280354053324,0.0835554668698567,0.08383012335476564,0.08453778298645544,0.08452758387974683,0.08553342850657641,0.08738606294951441,0.08719087255443106,0.08726778701105871,0.08776874224468029,0.08775455696283807,0.08808873701175048,0.08808670959882292,0.08807518756925532,0.08762406232377652,0.08786813648529655,0.0886856275526528,0.09003371586474371,0.09019571803491826,0.09174697297078975,0.09262149321307743,0.09325551366356642,0.09354341305478019,0.0939593967549004,0.09495679334244685,0.09602467253922724,0.09667260134399963,0.09676252511666798,0.09818301704170333,0.09793878246874106,0.10085542919877212,0.10251238724048546,0.10357064442894644,0.10464168328246834,0.10513524247230432,0.10508650883407243,0.10463592738948353,0.10623148365918035,0.10813995689221523,0.11070814802564156,0.11088875371069348,0.1107957982494309,0.11269679818522094,0.11297130500449237,0.11478391358269521,0.11768121147798216,0.11896022163944123,0.11994116326317149,0.12046695789391186,0.12133151758731833,0.12254568856530447,0.12244401550220217,0.12530762203244206,0.13288015983972676,0.13330839419666135,0.13496381463271812,0.13646998802124585,0.13676167015684432,0.1370933550241173,0.1363824237604616,0.13830257778434976,0.14032952457155198,0.14124153071993847,0.14204058564260985,0.14285257039160268,0.1431615350182845,0.14331763967397249,0.14359897097352523,0.14380108374054443,0.14405832705922694,0.14415327250734888,0.14476442632456427,0.14496177777562166,0.14591678279352113,0.14595862500099402,0.14598076672695112,0.146710666705204,0.14664593261286696,0.14675613621223527,0.14710957458170512,0.1472760759492386,0.14739634153295594,0.147112574805878,0.14748476941508296,0.14806505866672515,0.1480685023850996,0.14919956010111182,0.15013020655647707,0.15091260142268864,0.15116211916844108,0.1515294265422092,0.1518337141136194,0.15147827440995393,0.151556586202159,0.15210891879671903,0.15234077641877,0.1537134425192562,0.15524645878105126,0.1557510451233397,0.15644249158778945,0.15757073261162002,0.1574722469829142,0.15749168160942228,0.15802232790820436,0.15807808902821013,0.158227002526679,0.1585866337835107,0.15991167758464941,0.1604445648528355,0.16049855858361645,0.1606557842850923,0.16039255949584483,0.15977600948513238,0.1610183796934809,0.1641206168898205,0.16453013249245724,0.16461408060659058,0.16487267062517624,0.17211389563003704,0.17340616091316866,0.17429477885773126,0.1740807890356657,0.17420533437923363,0.1746118891654537,0.1749010362261071,0.17527236703709517,0.175677316193771,0.17629517756634247,0.17775962854927005,0.17842380484741668,0.180329264915665,0.18004969843949012,0.18268557726986145,0.18454244447912962,0.18474300373726307,0.18615514642504763,0.1868112965666855,0.18691338383441583,0.1868550228273804,0.18724717590070789,0.18739358152700786,0.18863316901361318,0.18876187323273866,0.1898788688520986,0.18962841275374695,0.18961827134271056,0.18955447863262687,0.1937986705565848,0.19417121897837294,0.19575364109180263,0.1960130838018233,0.19642448898873704,0.19683985783819793,0.1977216190830788,0.1979608791205445,0.19852215661675077,0.199063065143447,0.19926962184699146,0.1992644639781109,0.19926234819806624,0.1993992521742163,0.19992181398789577,0.1999645310556206,0.20068991234646147,0.20083027463662162,0.20517933754033804,0.20548733881987893,0.20501795297047132,0.20634392605589927,0.20792390198947872,0.20827816165927146,0.208283008770985,0.20857524769839333,0.20927520419009654,0.20930682973759204,0.21115865540159082,0.21146891498986956,0.214486463935628,0.21630737514436843,0.21853461210794453,0.22084764775215035,0.22470179756026643,0.2245170229241619,0.22531845929133298,0.2254114807838688,0.22567279897780176,0.22597655977968203,0.2260458089677465,0.22607994850555443,0.22507026716249096,0.227642093746203,0.22759905778371098,0.22781628452952957,0.22731294341192496,0.22867819993510027,0.22889310411993272,0.22948106049910447,0.22934705348799497,0.2296178520718828,0.22980467594693577,0.23036438474386547,0.23172371478447754,0.2322768587665447,0.23261954533908144,0.23542695405346128,0.2355312095331573,0.23552903397905064,0.23641899106695055,0.23632718712935752,0.23641404552944295,0.23690557302917295,0.23661182936414366,0.23799039143256684,0.23799794960342785,0.24089290462599938,0.24107933102529622,0.24161208588906405,0.24139073143178064,0.24273164175996997,0.243004366759374,0.24298203695928824,0.2408107162382051,0.24161375560107629,0.24482873423598542,0.24492230276257715,0.24553152773020262,0.24637051616481317,0.2466858528555108,0.24693130345328976,0.24695566090766405,0.24526468867135925,0.2464697714442182,0.2465138644144422,0.24684355028942723,0.24851805018854078,0.24862067874831892,0.24864827448567486,0.24862029930917426,0.24884980377013205,0.2517022128393833,0.25171708604494636,0.2546132041600044,0.25517848531290305,0.255127153823629,0.25526178502900854,0.2552545448663534,0.25588693620171016,0.25592672300775504,0.25572319163718504,0.25585626238414555,0.25618045806401457,0.25715539105631813,0.257087835022853,0.2572519326631255,0.25787124861660576,0.2567399848683115,0.2569651065814305,0.25700508940114286,0.2567832311822972,0.2569949676349391,0.2572632135194096,0.25767243787516103,0.2572877181905048,0.2574227173084289,0.2575365707590946,0.2576468748326551,0.2576227850278562,0.257726014873218,0.2577549111359,0.2580421594278867,0.259360792101678,
0.0,0.0,0.0,0.0,0.0,0.0,0.0,0.0,0.0,0.0,0.0,0.0,0.0,0.0,0.0,0.0,0.0,0.0,0.0,0.0,0.0,0.0,0.0,0.0,0.0,0.0,0.0,0.0,0.0,0.0,0.0,0.0,0.0,0.0,0.0,0.0,0.0,0.0,0.0,0.0,0.0,0.0,0.0,0.0,0.0,0.0,0.0,0.0,0.0,0.0,0.0,0.0,0.0,0.0,0.0,0.0,0.0,0.0,0.0,0.0,0.0,0.0,0.0,0.0,0.0,0.0,0.0,0.0,0.0,0.0,0.0,0.0,0.0,0.0,0.0,0.0,0.0,0.0,0.0,0.0,0.0,0.0,0.0,0.0,0.0,0.0,0.0,0.0,0.0,0.0,0.0,0.0,0.0,0.0,0.0,0.0,0.0,0.0,0.0,0.0,0.0,0.0,0.0,0.0,0.0,2.774999488902933E-7,2.774999488902933E-7,0.0,0.0,2.4271389536181983E-6,3.7739483255586985E-6,1.704144194017943E-5,2.5620331528946862E-5,5.1310742772308E-5,2.3375322726312787E-4,2.3375322726312792E-4,2.9174081374207385E-4,5.023257011177306E-4,5.177695318432957E-4,5.295129203698669E-4,5.104566390975554E-4,6.392617215844686E-4,6.45142654045856E-4,7.411874869194961E-4,9.511079443986661E-4,0.0011478936997737015,0.0011823732793545482,0.0013299507749959436,0.0014866549012025451,0.0015766357416419,0.0015994650593525873,0.0017150862925958059,0.0016548626227607486,0.001792302256530764,0.0018008082379764403,0.0018675048096368281,0.0017296661883679035,0.0019745464142551005,0.0020685484765316942,0.0030047291546979357,0.0034263025769160965,0.0034940435730955724,0.0036656234316018734,0.0038176551545282132,0.00381063565135709,0.003937027215539395,0.0041974641455471765,0.0049117387603819064,0.004827246133123471,0.005455180650033466,0.00559448351892094,0.006322549008282338,0.00690463703146256,0.007231874870595529,0.007802255177571488,0.008541709349038962,0.008723669048252003,0.009113348680508207,0.009570553202203914,0.010186279212620853,0.010864111216239482,0.011203198151650556,0.011623951565500983,0.012573507630139712,0.013227266269392985,0.013399519652977233,0.013289091341019037,0.013168011118320277,0.01388614256527185,0.014922524813167136,0.01573744020988934,0.016042915642948078,0.016161869886265758,0.01609453942521134,0.01687475688544269,0.01736341530161314,0.017770673104826527,0.018964581082721196,0.020641007514681613,0.021930460999131,0.023094452794716832,0.02508327991501203,0.024917847027419,0.025341212279576995,0.02604440760802172,0.024785001876492345,0.024799987783366638,0.025796282292228696,0.02731587328817755,0.028895865261897472,0.031198779714123076,0.03169491845252751,0.03300566101722004,0.033297965311137746,0.0349940739046013,0.03593190463557218,0.036116502517518426,0.03626128891166719,0.03671657399694134,0.03747256180375497,0.03821700332613217,0.03836283805624669,0.039850631879122037,0.04059234141766966,0.04075083322360536,0.04171893734095727,0.041605645444459154,0.04298748038613887,0.04377816640370027,0.044308978382513346,0.04528064991025166,0.04541153086764782,0.04499203414785449,0.04598872513001017,0.047761851104769604,0.04844311489270358,0.04884972098346565,0.04948533815379788,0.050764393011159904,0.05162574142039521,0.05212563897602543,0.05285458688183243,0.053412260871699924,0.05331945256222564,0.053562718905969885,0.05519483215789899,0.05544093803392933,0.05520326420692005,0.056118144787802554,0.05765779552379949,0.05887687170696201,0.06047018820311422,0.06158910947878716,0.061488338699860076,0.06172327969722805,0.061683342304060265,0.06262946265576624,0.0634575328907291,0.06536391376619712,0.06855141762321072,0.07192223734213868,0.07146254600596491,0.07186338802233506,0.07314584870182929,0.0743976887103956,0.07438664219185352,0.07687414258005756,0.0783583305300372,0.07933516043878606,0.08106538979338869,0.08159516113980032,0.08271575387340968,0.08297300291196737,0.08395832613546475,0.08433431331601628,0.08453178716883816,0.0852827970930033,0.08752813991118623,0.08876720718006782,0.09014877113421073,0.09034336385020021,0.09048930881783715,0.0903997661836857,0.09161511122596899,0.09172047388854151,0.09233365561131117,0.09159819476945198,0.09153934346435766,0.09207868802167807,0.09300423928817608,0.09470321915079635,0.09470540059718753,0.09501494624528614,0.09562826895847877,0.09680842594643718,0.09763878095057128,0.10258296760150112,0.10304584946586855,0.10536628565653589,0.10570390500657667,0.10614248482290434,0.10784105918351887,0.10844541104817955,0.11123258728829306,0.11265652942439783,0.11584126353606586,0.11535704406992463,0.11611399557061614,0.12040799467525999,0.12180984418474908,0.12278878680335684,0.12417048454585361,0.1245507822546866,0.1240616928573082,0.12393101002279512,0.12405546829910265,0.12458937801626872,0.12589092564176235,0.12594173006583265,0.12602718011821848,0.12812606687762937,0.12823536971211866,0.12801295991478004,0.12807120343263748,0.1282492712710021,0.12992599428672952,0.1301924213847303,0.1302245906544387,0.13107817305618327,0.13117745993527108,0.13203832839849786,0.13322767191606877,0.1336749673397022,0.13413435303852358,0.13479007119558922,0.13477599910928653,0.13502445073718183,0.13553172510469538,0.13670914104322102,0.1377063849078338,0.13874782381140102,0.13844087287459134,0.1379747586352193,0.13798502938407775,0.13832180623813706,0.13860054835297966,0.14047440856203136,0.14109334865646248,0.14223801881270748,0.14236491719061847,0.1441168434097503,0.14444469947644423,0.1456365806867532,0.1461721719212853,0.14618203801354898,0.14831309779732388,0.1481141358099557,0.14804334571991146,0.14817383150728464,0.14828984455665153,0.14931084029234948,0.14950724867694756,0.14974790198725166,0.15066930663325728,0.1553950442446864,0.15542597142692938,0.15635950286570646,0.1570327837172433,0.1571197009006579,0.1583173787511958,0.15844422781129797,0.15932947354619467,0.15987199312271405,0.15984096405324283,0.16041967320581246,0.16128030002130062,0.16126559820322459,0.1614676994234413,0.16091181876318067,0.16141816770203818,0.16161480593156818,0.16550800743335223,0.16597726809957283,0.16538909095704105,0.16579179898250132,0.16596024876852447,0.16675649617445956,0.167066137090616,0.16794854429432923,0.168875038465844,0.16884581092785686,0.16854515103860435,0.1686681131759046,0.16890417233212998,0.16939356497071978,0.16963277111531674,0.17190861225101073,0.17193667771407797,0.1736466099688101,0.17391552148465295,0.17392219016028146,0.1748473310767517,0.17555348988365704,0.17545420758246422,0.17537970958022653,0.17538611795452935,0.17547209583235818,0.17558304328066263,0.17616473325879486,0.17622023717631582,0.17636488655086383,0.17710278969890939,0.17804737316981115,0.17816470809850365,0.1780266775726942,0.17801940031153057,0.17844658429255741,0.17859228071592634,0.17890287660216564,0.17943366480736805,0.1795680712680531,0.1803873964885873,0.17964361624308764,0.17995860943317638,0.17992939281282283,0.18011872469238982,0.18013195596593012,0.18138389545871494,0.18192434083061357,0.18319556472815288,0.18363183850101192,0.18390515959891365,0.1882259667143961,0.18875810588618394,0.1889901008287803,0.18935335043703735,0.1895149340017007,0.18967938903591905,0.19177119853575514,0.19299120032105702,0.19401143047154337,0.1938775543865223,0.19333295520650265,0.1934881849658958,0.19487339240039075,0.1971217819622366,0.19743208286645036,0.19780485685580548,0.19828852042603048,0.20136903051930885,0.2016803064747015,0.20212536641049558,0.20323680441635655,0.20374974476158914,0.20403272920343113,0.20417907964347717,0.20708968044785042,0.20719767226608246,0.21063482376146767,0.21162281569969835,0.21230375457018796,0.21231981899383606,0.2132559866218307,0.21475733671619143,0.2154514821911726,0.2157331915496733,0.21599309135551395,0.2164753209176602,0.2172080242376794,0.2182231598281743,0.2185023015436518,0.2187531828233333,0.21901735685137724,0.22009592843421394,0.22052406422374407,0.2203935910552222,0.2198368660584482,0.22021416601809246,0.22022853861332115,0.2203746784730844,0.22073130712410574,0.22234864071654975,0.22209543965082565,0.22406803189769112,0.22420867299967787,0.22430491445852085,0.22404009774576947,0.22438197897546752,0.2253908831145011,0.22678532033100943,0.22597081306900801,0.22610496193899352,0.22728244045784607,0.2296805464381251,0.2301162980341692,0.2321703830417291,0.232266964492795,0.23226379361005703,0.23257835224250686,0.23290921300235146,0.232937207302317,0.23332422009431703,0.23582205399460499,0.23599957612610323,0.23609337395536,0.23702620855781142,0.23717605249608245,0.23717334897674666,0.2378501501317933,0.23779819387225462,0.23790656287357526,0.23831702132187074,0.23843313153599485,0.23842925061903533,0.23648387772296178,0.23695080406201235,0.23698950807658836,0.238676120877558,0.23896543642196713,0.2390981765620735,
0.0,0.0,0.0,0.0,0.0,0.0,0.0,0.0,0.0,0.0,0.0,0.0,0.0,0.0,0.0,0.0,0.0,0.0,0.0,0.0,0.0,0.0,0.0,0.0,0.0,0.0,0.0,0.0,0.0,0.0,0.0,0.0,0.0,0.0,0.0,0.0,0.0,0.0,0.0,0.0,0.0,0.0,0.0,0.0,0.0,0.0,0.0,0.0,0.0,0.0,0.0,0.0,0.0,0.0,0.0,0.0,0.0,0.0,0.0,0.0,0.0,0.0,0.0,0.0,0.0,0.0,0.0,0.0,0.0,0.0,0.0,0.0,0.0,0.0,0.0,0.0,0.0,0.0,0.0,0.0,0.0,0.0,0.0,0.0,0.0,0.0,0.0,0.0,0.0,0.0,0.0,0.0,0.0,0.0,0.0,0.0,0.0,0.0,0.0,0.0,0.0,0.0,0.0,0.0,0.0,0.0,0.0,0.0,0.0,0.0,0.0,8.51850917451849E-5,9.784057818930424E-4,9.784057818930424E-4,0.002327668167989741,0.0025705357678431177,0.0045801557905523855,0.005027357504848713,0.0054078007566300094,0.005431637132294444,0.009515921055123184,0.010087414962810407,0.010386971692216548,0.010836400953742626,0.011001604815086047,0.011297260669260853,0.011522095631088044,0.011851182107240002,0.014965584827998112,0.017410407550305474,0.01877162584574518,0.01956059343123624,0.026999217317343387,0.027928440524911922,0.028629912843592238,0.03174665688423356,0.03183998568999644,0.03991918960183073,0.04175082388755263,0.054515170021164336,0.055565507471639075,0.05587227518408083,0.056597427396780406,0.05701797675075349,0.05761063655740337,0.05859762564025784,0.05973043413587635,0.06351146432948089,0.07139554982697485,0.07462291113827696,0.0752119787868665,0.07754986791586117,0.07929959743723786,0.0788998941199144,0.09223247059136458,0.09946807607302104,0.10380446250286178,0.10510116375147127,0.10613555947720174,0.11153455515115113,0.11229797294334408,0.11757555283869471,0.12047521037719776,0.12164538412324956,0.13044422974249212,0.13416865715419574,0.14304320005195537,0.14588062751032457,0.14642763014717972,0.1494644081206775,0.15122732283285498,0.1529562940883893,0.15363242646616296,0.15528245492643722,0.15725279874288664,0.1585522253007089,0.16064494172465466,0.1607403545632088,0.16404308163901515,0.16595680483847305,0.16661626011934952,0.16698586081974748,0.16904209802342787,0.16986310073289201,0.17055147434670345,0.17145891365886587,0.17344606207399493,0.17441511598367512,0.17528563676559913,0.17517337328685717,0.1754167760527119,0.1834361449269689,0.18421909833004707,0.1862756592083098,0.1875018216569082,0.18869809654418984,0.188959137756659,0.19024721550161802,0.19124401810426045,0.19278512508705353,0.1926501381256132,0.19315301087727588,0.1935557396023081,0.19377245733561305,0.19514293586079115,0.19608822772105713,0.19673521811399194,0.19832298143653085,0.1999933958724442,0.2006722932740523,0.20190953523205832,0.20238299885060448,0.20392498191735772,0.2065011961942386,0.20693182941226873,0.20740991773135367,0.2075697801798648,0.2093755988646908,0.20997969586306336,0.21028889016123123,0.21161725440834334,0.21248712097728867,0.21374308792005833,0.21546164354172137,0.21681769940537898,0.21843691958377912,0.2205445476338879,0.22257376696200548,0.22455778995099043,0.22453257041574035,0.22496793033971998,0.2247895769704502,0.22625162622142805,0.22698319733448236,0.2285138489847585,0.22923377179878116,0.23011634626397193,0.23044946626628734,0.23061216963979467,0.23084367354661847,0.23111142121145603,0.23169566200512692,0.23220686358151377,0.23227955320312882,0.23266948599940446,0.2329407228851088,0.2333904511718104,0.2336069043502398,0.2342875174509287,0.23468069730316127,0.23527949098941858,0.23542548452650405,0.23572506459049866,0.23604815637523044,0.23628097606414444,0.2367053530960388,0.23687121163875796,0.23740803472038965,0.237582552977847,0.23791422582264807,0.2382204898620011,0.238581419249582,0.23893455665295216,0.2391739050841124,0.23927464805955112,0.23944637093825338,0.23946674753165748,0.23929616487361766,0.2391254263703694,0.23920926789941802,0.23872752926600188,0.2390237824198735,0.239105014043331,0.23948570268208585,0.239640602991018,0.23986526540524986,0.23998007155782594,0.2400966269562021,0.24078102089232367,0.24085335658138654,0.24094700280431092,0.2412566652218097,0.2413799581222916,0.2414673465347872,0.24252738480526728,0.2432186632827916,0.2434454136283899,0.2439576997596716,0.24441213632964084,0.245130534991002,0.24538704941860473,0.2453380911481679,0.24559651282549533,0.24591124668981443,0.24618325677927663,0.24630564564173854,0.24713968155790814,0.24726836913120664,0.24755696623843013,0.24767446544655178,0.24777827292857132,0.2480589979101153,0.24798946234644467,0.2499134065637652,0.2502387184826017,0.25038665214749767,0.2505485450488545,0.25060104449406084,0.2507445864248766,0.2508520678927002,0.25095531030130225,0.251249169764812,0.25138453988258125,0.2523854624223965,0.2524808097773791,0.25258198859145514,0.2526579213749748,0.2529981624062547,0.25303150439427025,0.25307505278612796,0.2538218339735542,0.25465117266252385,0.2550670176124875,0.255185038881303,0.2552606998476358,0.25531450490238433,0.2553563486146167,0.25559666534040376,0.25575338023227,0.2560236099064275,0.25605890298327555,0.25612048766787465,0.25618460559306044,0.2562008124560956,0.2560816168311819,0.2567773846645661,0.256715839390878,0.25677111599196056,0.2567836685685344,0.25682443476214384,0.2568859634909317,0.2568488385600835,0.25679509226034464,0.2568502669829569,0.25700947282023495,0.25692684163742585,0.25698103900641794,0.2571155513323712,0.2572632153582168,0.25726664203723654,0.25735573835085646,0.25771183042297335,0.25774827416281865,0.2577859550033948,0.2578254405996152,0.25792814740164555,0.2573515842609526,0.2573075718832753,0.2573082119703655,0.2573156608913365,0.2573634858940619,0.25738623930916005,0.2574045339630238,0.2574303998825381,0.25741712458652777,0.2581908864828,0.25820376205422546,0.2582627128907142,0.25809507177762825,0.2573662287918974,0.2575345721612325,0.2575658186307381,0.25760714896456705,0.2576563473395848,0.25770094564041257,0.2577404982230692,0.2576790246890641,0.2577426812100737,0.25774489313587884,0.2578491564871686,0.2578810340453011,0.2580735107595194,0.25809020705805724,0.25799080214770637,0.2580355869648737,0.2580581914858812,0.2580996960028473,0.25815014525683677,0.25817450900634087,0.2581770895429544,0.25824559785461243,0.25838226647954965,0.25838922863403896,0.25840416288214635,0.25842048243179705,0.25845769361592913,0.25838884922425587,0.2584821318948068,0.25845206487838135,0.25846631965417804,0.258476780225828,0.258512786126337,0.25851993984290017,0.2585266204697266,0.25853210399747906,0.25865440769244546,0.25865806226655935,0.25869747497068335,0.2586995776248433,0.2588351811018687,0.2588870610662606,0.2590001454121766,0.25902947537123727,0.25906854921010386,0.25907649750884343,0.2590906944272139,0.25909652838673836,0.25910949285229345,0.2591280468187587,0.259078978612266,0.25908102837735625,0.2591247200653156,0.2591849285588731,0.2591984448834622,0.25922524536851405,0.2592249532502412,0.2592545429534725,0.2592790126969474,0.25910135045197535,0.2591151475897241,0.2591204191106568,0.2592849526968925,0.25929291588013736,0.2592866362732272,0.25927441955855557,0.25931764023769116,0.25935785599233696,0.259357681296879,0.2593946087087764,0.25940831698118505,0.25942818878633694,0.2594528833451167,0.25947279473886775,0.25941643761224703,0.2594329677056769,0.25945197165978195,0.25842018322620447,0.2584858690909883,0.25852265782553097,0.25852419710116037,0.25806853436274296,0.2580941667250821,0.2581299894501679,0.2581460274759348,0.25816237880661835,0.2581679041838668,0.2582329572470412,0.2582468104100765,0.258246217115837,0.25825456150448656,0.258267022147038,0.258276360366899,0.25832641699983355,0.2583375778185188,0.258355570489179,0.2583622833694971,0.2583670486174698,0.258379999722535,0.2584410031750479,0.2584741312912666,0.25847913762091673,0.2584909755164122,0.25880435712115457,0.2588119937090299,0.2588269923459918,0.25893827563517247,0.2589490532814497,0.2589629678758822,0.2589757131898962,0.2590036741339014,0.25901325931639285,0.2590167424206635,0.25902839354292345,0.25902977867393917,0.2590340770109153,0.25902535461421194,0.2590435622924784,0.259131961441498,0.25914245320123136,0.25918081386416103,0.25921418010444297,0.25923742377807235,0.2592455692161726,0.2592645056830326,0.2592767526644831,0.25928099888018175,0.2592894378049176,0.2593246712623144,0.2593392876243709,0.2593431211023487,
0.0,0.0,0.0,0.0,0.0,0.0,0.0,0.0,0.0,0.0,0.0,0.0,0.0,0.0,0.0,0.0,0.0,0.0,0.0,0.0,0.0,0.0,0.0,0.0,0.0,0.0,0.0,0.0,0.0,0.0,0.0,0.0,0.0,0.0,0.0,0.0,0.0,0.0,0.0,0.0,0.0,0.0,0.0,0.0,0.0,0.0,0.0,0.0,0.0,0.0,0.0,0.0,0.0,0.0,0.0,0.0,0.0,0.0,0.0,0.0,0.0,0.0,0.0,0.0,0.0,0.0,0.0,0.0,0.0,0.0,0.0,0.0,0.0,0.0,0.0,0.0,0.0,7.941011578242233E-6,7.941011578242231E-6,1.7952681801657643E-5,2.751230905846735E-5,2.7512309058467353E-5,3.8598055372698203E-4,4.153153015664178E-4,4.50204546144359E-4,7.012716790096312E-4,8.068075012979995E-4,0.0010853298215764045,0.0011416914961174852,0.001491737957876689,0.0016382349311169064,0.0020331963146131247,0.0021671680113403598,0.0023167170636393844,0.002602138203951837,0.00304117777663322,0.003312344503698037,0.0034577703077743652,0.0035264548095263865,0.003877877616298967,0.003930035218183925,0.003808748806742195,0.004052191951501619,0.005389087773403669,0.0058395768350279695,0.005962760416221136,0.006554413651109031,0.0071313015995975535,0.007524593230223219,0.008127052886312212,0.008484226095350187,0.009119037363599017,0.009197470376824791,0.009320666109984749,0.009265016051408817,0.00958350411360182,0.009585191794838738,0.009609524753125162,0.009569568881091273,0.009042778254003568,0.010099816798403926,0.010676532802192327,0.010744680152555839,0.011247382299716167,0.011506862350962056,0.011952236142525446,0.012902504323969723,0.013006662391086358,0.013256560036261668,0.012524908263488978,0.012975573306192801,0.012924553050968682,0.01294506830858348,0.013432882728205302,0.013896646069367287,0.015693664346544643,0.017503951896650202,0.018413645991049644,0.018478410576034405,0.021210218412271456,0.021662706697166096,0.021707739971899054,0.02224207690839955,0.02258652973560245,0.02284018506481245,0.022880168931512058,0.024359444696852285,0.025030253916803084,0.02595358452253757,0.026033771524128425,0.027611412798545846,0.028246451494502473,0.028747296409000367,0.029438383603410855,0.0296496323338708,0.030043264725330383,0.03032834420556604,0.03177610286957391,0.031966026173931,0.03310066347767916,0.03352603122148219,0.03469835915856989,0.034989336583620384,0.035286953343397584,0.03528555919689592,0.0353202013716025,0.03599650543005139,0.03606532844938626,0.0368689173811799,0.038356157059993595,0.04014027201692132,0.04047486299415546,0.041289582299070565,0.041843340039685664,0.04334119510751238,0.0437221199182968,0.042836775036242676,0.04374569137615892,0.046602625579222394,0.046776307664083874,0.050230847476789506,0.05137687160318584,0.05140508218876029,0.05212795846348527,0.05419666384245751,0.055537331929763345,0.05564788184146586,0.06017057446228398,0.06109682703264821,0.06303991746627294,0.06381280311273266,0.0638094713123414,0.06455492612649215,0.0657091477425727,0.0666485057760468,0.06798356104838725,0.06789314103161095,0.0712733998372878,0.0715460398591815,0.07306107520431047,0.07383390347760374,0.07414365476311406,0.07467997211102301,0.07578587572270841,0.07565307439342828,0.07950648787054787,0.08186166125787972,0.08265706405862054,0.08487995162684445,0.08578209967905256,0.08783982641650123,0.08814453400710974,0.0907995685927349,0.09092321483355532,0.09156850811393924,0.09184158489252647,0.09306307669837104,0.09527699493989938,0.09649903410520573,0.09834287121562245,0.10020769488423698,0.10079626755223937,0.10354239345074848,0.10435910259074158,0.10464839261419673,0.10693109900908356,0.10864804098495578,0.11171626970300541,0.11242999765123567,0.11366996904698118,0.1146789537252219,0.11790370706530016,0.11961921549257258,0.11979155681191478,0.12095753853876984,0.12406375522903919,0.12496682029501566,0.12499476844195759,0.125124950386551,0.12587693297670982,0.12600121542264575,0.12810002602631343,0.12675875491519453,0.1268166254948015,0.12877312785118933,0.12927241953157997,0.13156308675458728,0.13226716732459926,0.1326993586030989,0.13428321591349843,0.1360932941533976,0.14380044493880773,0.14628523336195798,0.14641703272166784,0.1469703047240386,0.1481811382109005,0.15006434721065018,0.15044180799453916,0.15230466683408073,0.15317513327703136,0.15476847210589983,0.15559392695428273,0.15974149152741587,0.16076294598054894,0.16185090399720306,0.16334456315516285,0.16420480967737242,0.16468184291289562,0.17034814511684923,0.17020690834844723,0.1777498964885355,0.18167834839647712,0.18176188862815065,0.1908493988263681,0.1914277032910563,0.1922513149623844,0.19308720260184792,0.1922087663090847,0.1923551570920682,0.20929986063154998,0.21053775452229362,0.21143770781511811,0.21158432227645604,0.21304055792158036,0.21377736102722522,0.21470210734912626,0.21719328409340363,0.21962802690075817,0.21966235553110827,0.22048988388315707,0.22103220153232803,0.2211871667500194,0.22299464123943452,0.2236817945534052,0.22573758189994755,0.22598844853532082,0.22624890144940868,0.2265975423718142,0.22678064367393388,0.2297621965241647,0.23246144032286317,0.23246183882412594,0.23276056005350126,0.23245059286097192,0.2351761448809388,0.2352829730294828,0.23555231544026528,0.23453181485321872,0.23546122390417668,0.23598985287797547,0.23630928506752857,0.23785604671388738,0.23787338735679256,0.2381817469554842,0.2377808089798377,0.23876757117297492,0.23916373894927764,0.23923166308347504,0.23964469241849973,0.23974044179034162,0.2407352963458848,0.2393668758674703,0.23843589129686898,0.23929455270347696,0.23942358573918474,0.2406108540666115,0.24084197397170842,0.24123673199212195,0.2408287145978001,0.24498345089122134,0.24602090716925068,0.2465214871761289,0.24753486200379984,0.24781542289298916,0.24815241171493874,0.24911045407862917,0.24970175924797247,0.25096466236606296,0.25155511825530824,0.2517189108682603,0.2519459542758425,0.2533253534579,0.25340204582376746,0.2538186665081841,0.2537985004414172,0.2544882686423678,0.25794377115053563,0.25620362457805607,0.25680553861616284,0.2557304280600667,0.25560267609503623,0.2564393786727183,0.256482615037472,0.2568045873823216,0.25684661757307303,0.25678197571748634,0.25684475479743774,0.2568979668091352,0.25503772663059593,0.2537460361413978,0.2539915491623804,0.25400291728014845,0.25403391015971916,0.25412474261135715,0.2541998474438636,0.2550659807125591,0.25587192468781284,0.2557173104459395,0.25562712793965514,0.2560745035974268,0.2558995865791297,0.2559408017520371,0.25576774230023286,0.25661454700109826,0.25668655119168443,0.2566556907899416,0.25666901004519066,0.2567042154096121,0.2573288998156809,0.25750835354088775,0.25793607744825925,0.2579177265450035,0.25815877204172866,0.2585104876943337,0.25853169087453315,0.25887989186581434,0.2590000682217948,0.25846535955356587,0.2582982191399866,0.2583019946060605,0.2600116290148738,0.26070357403616495,0.26100228259845437,0.26029301816908335,0.26032052134438405,0.26007285980358563,0.2600235184474155,0.26005779797807704,0.260055101248314,0.26071153138263625,0.26129772075982144,0.26136533688210706,0.26145422381046485,0.2621080999798047,0.2630404104495074,0.263225478853274,0.2633159139296144,0.2632185413129109,0.2643032426333635,0.2645713646553411,0.2645674782995717,0.264809705764359,0.26393226494304567,0.2642504703526251,0.26516211476622376,0.2651286112830557,0.26501781950066405,0.26419704255728876,0.26427228246700957,0.26442001322668274,0.2643692141104262,0.2643956215302076,0.26452866795317675,0.264588116362741,0.2660378520229228,0.26637386898612636,0.26680696772319334,0.26748975373363715,0.26758780280097316,0.2681076882787867,0.26789244534389517,0.2678950105706052,0.2682241994635513,0.26846455766416427,0.2683760493942346,0.26849571838801856,0.2680139716547708,0.26799804940356736,0.26795450854139435,0.2678877051567008,0.26806184481859496,0.2680181726411644,0.2680136359068939,0.2679729512455744,0.26798434389673603,0.2682155898147271,0.26838765140739557,0.2685190257885448,0.26855928579952576,0.2685933327758815,0.2688121330700817,0.2687951385652315,0.26887005295113603,0.26916025109323527,0.2691703109626624,0.269299845930741,0.27256207752819417,0.2728611892185788,0.27291485690415773,0.27297862056748506,0.27303157849371584,0.2730376498249953,0.2730369026920611,0.2730513135783826,0.2735627304511028,0.27350173616127915,0.27349860017259753,0.27353243507668834,0.27390823833501643,0.27390317954928567,0.27405357968259897,0.2741456939548828,0.27415224643468494,0.2742010688486245,0.2743085276776951,0.2743739769468212,0.2745006320900539,0.27456286522312495,0.27454895063361257,0.2759590882290736,0.27561673189841746,0.2757259190845882,0.27575011812383143,0.27573775463341943,0.2757402980943713,0.2756960493948463,0.27576196482511156,0.2758244441974545,0.27580858539683045,0.2757098643667191,0.27575488682016436,0.2757499614345457,0.2762511352018503,0.27631450361503834,0.2763622545726054,0.2763948293051355,0.27639554688036544,0.2764487859965551,0.2765376775737909,0.27658094244836023,
0.0,0.0,0.0,0.0,0.0,0.0,0.0,0.0,0.0,0.0,0.0,0.0,0.0,0.0,0.0,0.0,0.0,0.0,0.0,0.0,0.0,0.0,0.0,0.0,0.0,0.0,0.0,0.0,0.0,0.0,0.0,0.0,0.0,0.0,0.0,0.0,0.0,0.0,0.0,0.0,0.0,0.0,0.0,0.0,0.0,0.0,0.0,0.0,0.0,0.0,0.0,0.0,0.0,0.0,0.0,0.0,0.0,0.0,0.0,0.0,0.0,0.0,0.0,0.0,0.0,0.0,0.0,0.0,0.0,0.0,0.0,0.0,0.0,0.0,0.0,0.0,0.0,0.0,0.0,0.0,0.0,0.0,0.0,0.0,0.0,0.0,0.0,0.0,0.0,0.0,0.0,0.0,0.0,0.0,0.0,0.0,0.0,0.0,0.0,0.0,0.0,0.0,0.0,0.0,0.0,0.0,0.0,0.0,0.0,0.0,9.255183330173656E-4,9.255183330173656E-4,9.330983934947841E-4,9.330983934947841E-4,9.434010909280528E-4,0.0014693806753842576,0.0015271880049579061,0.001580212381492587,0.0028848980320817295,0.0029520951042452575,0.003795926756360155,0.004680364809701955,0.005711495657776977,0.006962128334328964,0.007285561324845928,0.006723781034545264,0.007240251682542629,0.007668851312045598,0.008210942656346913,0.008673291143019133,0.01029730562167572,0.01032705098391074,0.012271263563606727,0.012610677487045117,0.013323716152716332,0.01358676221534943,0.014268217942295902,0.014624229872265953,0.014988567946122914,0.018183203778112264,0.018144982368554004,0.01886082853495785,0.01986681895159493,0.020296591619785954,0.02076328326952157,0.021685461131668037,0.02228054933778982,0.022968276447950384,0.023752528414650784,0.025010586094828792,0.025379209647558968,0.026343479962367543,0.02644307741573102,0.027286239906951674,0.028116821948673987,0.030140603726658905,0.030464022270393482,0.030563641297063408,0.03113636920800704,0.03216368636503969,0.03258874761296884,0.03336496149298898,0.03367141572788611,0.03445956598865167,0.034211242770289994,0.03542105312130554,0.03580719399983954,0.03663896303034045,0.03702274284966723,0.03674716159384716,0.03664833625105546,0.03767270492455554,0.040934034684199816,0.04222107972371885,0.04240123147433227,0.044570915672673024,0.04624169942357652,0.04739322332148563,0.048183850036502045,0.04986086448011924,0.055756158262822236,0.05670133557643498,0.05884439157737857,0.06312528240198048,0.0670737521597773,0.07161736936776777,0.07372360957529367,0.07883587671097315,0.07939168378843449,0.08414645201231243,0.08489317020281714,0.08583248905012947,0.08668039212715364,0.08690755832110192,0.08858103514880997,0.08983009768094762,0.09046701634048002,0.09201296600699543,0.09257305044143263,0.09308538231134694,0.09424328579823028,0.10008945849395276,0.10041574077820832,0.10089874245316119,0.10160701739215168,0.10206615153738041,0.10283955073673329,0.10327427912134698,0.10365998134630612,0.1043529513565648,0.10549332436663329,0.10651045960145569,0.10707591272410358,0.11010429538770758,0.11409055113856809,0.11494780189935085,0.11565619402863775,0.11602655031727853,0.11620755742152701,0.11681410933763434,0.1185479204455134,0.1198847849942163,0.12083823245980324,0.12180428067842039,0.12234217453972451,0.12709844886347502,0.12768568837967004,0.12796687746029012,0.12860220626845734,0.1292295316039581,0.13193742967842656,0.1328539931836893,0.13314419426940252,0.13552055326497134,0.13649463052470973,0.13850167544383668,0.13893938416286175,0.13946239577318795,0.14239631715736256,0.14236176908691955,0.14335043329895833,0.14441934350500038,0.14944150654774438,0.14989036148559845,0.15004698872166441,0.1516249198394364,0.15415269605335744,0.15479615781583284,0.15701114521067455,0.15789670054620447,0.15811254438399627,0.1736614623097845,0.17415511664035335,0.17537184209996892,0.17656427081013626,0.17759656488550693,0.17783523981593186,0.17993404655053463,0.1797462034939552,0.18043777629239874,0.18116473525959717,0.18183049233679932,0.18225743790215562,0.18263123828071984,0.18278902695899663,0.18356646546575897,0.18418015815867653,0.18455034099853362,0.18448080833571637,0.18515980507977411,0.18546280933956963,0.18674480479018268,0.18760178915572792,0.18855093213514595,0.18882568322562446,0.18900849477618478,0.18907378071247055,0.18928372084083725,0.18957417685569866,0.18982032281500727,0.1915425649552743,0.1932048761234286,0.20011031962798126,0.2012669073803188,0.20181970522736248,0.2019046460686396,0.20318361548857727,0.20412110154527785,0.2045908086417359,0.2051184449816825,0.20549392768009822,0.2061258450185926,0.2070176254317365,0.20842431424929722,0.20894395156277393,0.20908845744296967,0.21041760143402666,0.2110712137458618,0.21131254195063276,0.21203929486802053,0.21355539290374462,0.21507244617423454,0.21563251557469892,0.21568489217421688,0.21625840420763262,0.21684875317222668,0.21853820930227766,0.2197240779395902,0.22052782740358373,0.22069571093717555,0.22125385437905118,0.22168986921077324,0.22190007734773157,0.2230363113897309,0.2245965778761736,0.22563935962461057,0.22574719653142192,0.22574455416371084,0.22643953042149728,0.2267807050169368,0.22695967340557016,0.23049594864208026,0.23067872357839422,0.2306972139130455,0.2306839820440581,0.23113066832723045,0.23185153329778915,0.23252278251621747,0.2328596279137938,0.23315668336111137,0.2334183643919269,0.2336756958120704,0.23392920594805516,0.23619718788951274,0.2362951562853912,0.23576718431870763,0.23583762176964984,0.23589897878305563,0.23591056481265632,0.23688525380057512,0.23701640859427053,0.23709835319561928,0.24011458782899617,0.24041684333075997,0.24062345667723228,0.24108269580804526,0.24145068118015606,0.2414453552360536,0.2419589592137083,0.24224441944177044,0.2426401630024846,0.24306067986261734,0.2432937093210267,0.24356405340275175,0.24387159055452076,0.24394200686607134,0.2452102857207934,0.24542135129992426,0.24579319835898777,0.24582529374211093,0.24612516613234112,0.24625484552027266,0.2469174476674806,0.2470394694820062,0.24728562442850568,0.24734309591125822,0.2475121414001819,0.24777468300967595,0.24807516925035836,0.24808025430182643,0.2481137568281064,0.24797258366225386,0.24801074909674908,0.24807792632088493,0.24809557597574153,0.24829112598777187,0.24802851277582677,0.24809968708089722,0.2481217082643975,0.24853631693346692,0.24910616667048335,0.2491171498806409,0.24966844079104433,0.2494485451664199,0.24958281538770022,0.24970254283564852,0.24981049900438485,0.25011824175090674,0.2501529282398068,0.25013880102560937,0.2502319874736266,0.25040191883183377,0.25048237835962767,0.24991269296819246,0.2499971613448611,0.25005216314723927,0.25007170259038075,0.2501647476095389,0.2502380138876089,0.250503998947257,0.2506623087901936,0.2511049714817119,0.2511766840073557,0.25134408081425863,0.25128784602324605,0.25135712230871143,0.25154792407085247,0.2515789465171963,0.2518793448807529,0.25254016337672935,0.2516517489375516,0.2516548805488675,0.251748447433029,0.2520823464364434,0.2522540694364917,0.25231531791139467,0.252329698244246,0.2523561454263855,0.2524025242008631,0.25250604276048866,0.2525386540009158,0.2525548888657723,0.2525804152999258,0.25258528301908817,0.25257989679499165,0.25258866691377146,0.25273528787138766,0.25276909054173285,0.25283161615318017,0.252879537830555,0.2529770409833982,0.2532666870187553,0.25340426304067576,0.25502224817076596,0.2551582220358617,0.25517932267587945,0.25527169540509875,0.2554721713706788,0.25567660034374984,0.2557198501956196,0.2556799371399664,0.25568202420633995,0.2556789296650725,0.2555478967351699,0.25554180231998347,0.2555367570452291,0.25560965068759617,0.25582825148508337,0.25589308563378094,0.2560451566021173,0.25609910817975967,0.25613358904076217,0.25615840726497874,0.2562114409059107,0.2562606094741175,0.256302011072643,0.2563645489972426,0.25658544997401067,0.25659369761696244,0.25664258729906275,0.25673258278576155,0.2567012868726067,0.2567434386202535,0.25680834075769016,0.2568283542097924,0.2568430185886111,0.2568471179154199,0.25718409934306724,0.25720144833833486,0.2572336901991134,0.25711097036179287,0.2571818992521278,0.257196751800299,0.25738889112285057,0.2574081054737688,0.25739532734220316,0.25755719967960855,0.25759944683450403,0.2576370775717651,0.2576536484633311,0.25816824297139146,0.2581742496268276,0.2581991104325427,0.2582483062962612,0.2582404423347369,0.2582332740187813,0.25823808747423294,0.2582308838246632,0.25833301062493474,0.25772215003979015,0.25773795759552715,0.25773594485987783,0.2576365002208724,0.25777120448338436,0.2578386003085573,0.2579426579725367,0.2579348517477734,0.25795763987295717,0.25798867992910807,0.2579952917748048,
0.0,0.0,0.0,0.0,0.0,0.0,0.0,0.0,0.0,0.0,0.0,0.0,0.0,0.0,0.0,0.0,0.0,0.0,0.0,0.0,0.0,0.0,0.0,0.0,0.0,0.0,0.0,0.0,0.0,0.0,0.0,0.0,0.0,0.0,0.0,0.0,0.0,0.0,0.0,0.0,0.0,0.0,0.0,0.0,0.0,0.0,0.0,0.0,0.0,0.0,0.0,0.0,0.0,0.0,0.0,0.0,0.0,0.0,0.0,0.0,0.0,0.0,0.0,0.0,0.0,0.0,0.0,0.0,0.0,0.0,0.0,0.0,0.0,0.0,0.0,0.0,0.0,0.0,0.0,0.0,0.0,0.0,0.0,0.0,0.0,0.0,0.0,0.0,2.5465291692055073E-5,2.5465291692055073E-5,8.543534781151816E-5,1.8124800872248287E-4,2.3902674090302842E-4,2.6517195697807017E-4,3.247855993287765E-4,3.307541379030976E-4,3.414121039904979E-4,3.591968153649207E-4,3.6577691538391234E-4,3.7873913788505847E-4,5.700487371701734E-4,7.595676381843843E-4,7.805988766632019E-4,7.674645082048286E-4,8.020067857715149E-4,9.605906356230494E-4,0.0010270412191419433,0.0011721306723284045,0.0011050463267921363,7.554195159656846E-4,8.335163983610086E-4,9.969239539505573E-4,0.0010495123211636376,0.002245249558250966,0.0025050179538954496,0.0025778844965687483,0.002592143367776506,0.0025508069791478237,0.002670797494461725,0.0030423752928721765,0.003181433850647174,0.003324623228611072,0.0034090475408163783,0.0035366847883050887,0.003684765516946731,0.003801957788534704,0.0037146605797583007,0.004014666049071777,0.0040483236946265684,0.00408563676537524,0.004100083003853114,0.0043829827324657735,0.005555799804343458,0.006968797060465551,0.0076624274659976436,0.008066151155882204,0.007830986813340155,0.00823392920690837,0.008493983795359032,0.00877480593369047,0.009060054858317835,0.009485854465216836,0.00956769755258596,0.00947861202926756,0.00939901583677892,0.009334733412149753,0.010018272984806472,0.010098955242473973,0.010420958745958366,0.010709978354906507,0.010802725339584908,0.011683735929555964,0.01141965331627597,0.01112776395284627,0.014715534698023159,0.016088778353034988,0.016496359700551938,0.01684881338484053,0.018996689141565267,0.019565602025538593,0.019546729085797434,0.020910577267495994,0.022149032742632274,0.024896386965282815,0.02638738326830507,0.02678416129257568,0.02710456721367275,0.02856903167715484,0.03001341298016881,0.030101420286642568,0.03211588472618818,0.033524735642815044,0.03393864633074891,0.03517960492959463,0.03557645899698138,0.036864195167518134,0.036989861559122345,0.03734828654920913,0.0385066819620365,0.03838506083494531,0.039303621449936134,0.042699839481018714,0.044517896802992646,0.04512557560332396,0.04693288490647186,0.04736348876193904,0.053045872432373894,0.05354200611737983,0.053875042980368194,0.05504413096969353,0.05693876996319641,0.059416193994973145,0.06038327178839421,0.061216030330057396,0.06494793976343857,0.07030420251609637,0.07331684111409707,0.07724578971496678,0.07904783956570237,0.08035107090390393,0.0812415551221251,0.08219112633727317,0.08301107008084409,0.08515606387699434,0.08508830770035418,0.08592508606988167,0.0861350117526795,0.08656262774364014,0.08677291443353846,0.08855785239059809,0.09088611728410885,0.0932051743565674,0.09471291745680163,0.0960404241766339,0.09937542859625406,0.09861273456081689,0.09998625841164455,0.10110805526622152,0.10942707263156765,0.10982296923029129,0.11032959221869242,0.11272907433128067,0.11332381337198212,0.11206017655624342,0.11224056859275611,0.11271152570996512,0.11210314402649177,0.11232903072847981,0.1171310992263644,0.117479645505379,0.11795767116119817,0.11990254146263733,0.12182806225999611,0.1258095459989342,0.12716177925146543,0.1270791913710168,0.12960592508658933,0.13539208101976027,0.13576381938276103,0.1360513994375862,0.1379997321706375,0.14047891215820169,0.1478971355302582,0.14803297709841876,0.14860379496089757,0.15021669823800687,0.15131574552688445,0.15262966911737064,0.15374671304817158,0.15805345449620856,0.15985987534963267,0.1610609049580348,0.16163586920540185,0.1620243919070916,0.16284600552314357,0.16436700679965677,0.16760014445874613,0.16765600105526102,0.16941928155629707,0.17282433710429373,0.174111470852875,0.17421039858934745,0.17513821636848895,0.175707716420721,0.17689400553440685,0.17853638281551198,0.18440829000196413,0.1844225100062821,0.18567344281509962,0.1960850500447526,0.19604436703374548,0.19634637319055898,0.19728032069390428,0.19980296461538766,0.20451643803134362,0.2063382293626906,0.20666837801927965,0.20921582471224287,0.20996768980917002,0.2096997547368202,0.21077701846767619,0.21114250442741064,0.21100066000267842,0.21126211597778127,0.21146620056664842,0.2123031885761211,0.21272825954636843,0.21280605865721255,0.2130318033684266,0.2132845629509577,0.21359026722108504,0.21365408081903461,0.21405414465382686,0.21407141763099352,0.21558297914193802,0.21558843704305022,0.21506056378451985,0.21315559472059067,0.2162005532322633,0.21632193037272962,0.21632184150290193,0.21823906538927848,0.21840691122803338,0.21881301178654045,0.21886398566215282,0.22007616082920797,0.22072040745518998,0.22121991272509223,0.22336899737007387,0.22409721198145915,0.22429811343992828,0.22452402255455745,0.22458550438518332,0.2247934793668118,0.225374317819845,0.22562942622127513,0.2263137420946732,0.22527436557188457,0.2252657736090969,0.2254495280439848,0.22581580089005723,0.22362431939267055,0.22362893269907516,0.22566734437498223,0.22597185291257113,0.2284434809021407,0.22949234703348317,0.22944305839849558,0.22956231118839523,0.22968207145302427,0.22970730446194035,0.22974732202945858,0.22988350105898084,0.22959725918813315,0.22960927179362203,0.22915482240199675,0.22920778459450833,0.22947469667139445,0.22991275613114118,0.23078678980229506,0.23084240002597947,0.23087144639951587,0.2309010073713835,0.23117453999533555,0.2317639641842932,0.23245828863778803,0.23274095225072777,0.23273198328043662,0.23338693579715344,0.233395091825344,0.23349585611596602,0.23345805665629615,0.23374502006219705,0.23411828753366715,0.23416351086643897,0.2345039156750715,0.23689929430825968,0.23718033648991463,0.23720832817791604,0.2372655170783366,0.23747167990584106,0.23846454986912932,0.23908178373009817,0.23907765007482862,0.23908142129198023,0.23912464660797844,0.24019909177329196,0.24028523671913712,0.24041408772528128,0.24071730188973386,0.24136761182081584,0.24224668505023772,0.24277857235561345,0.24303305778568124,0.24436490439446895,0.24399213053135682,0.24379529647836742,0.24376929005945502,0.24383989248735127,0.24391589176367093,0.2439535758515667,0.24368661200647354,0.2442420208982368,0.24478578670106982,0.24480477296031047,0.24482709594336155,0.2453318299281454,0.24590462982107203,0.2518123816910125,0.2519148218869863,0.25141409460265673,0.25336622464807906,0.25305764077762605,0.2532817554817431,0.25335648278955647,0.25353352492781533,0.25357379854946965,0.2535729769624424,0.253572168207277,0.25361120173198476,0.2537657883205661,0.2541199357544322,0.25411810711355365,0.25428796719348457,0.25657030703813266,0.25658091335738464,0.25650814854824533,0.2563798733355799,0.256379601548289,0.26371696783551185,0.26416163626804107,0.26428829488481653,0.26566449618187277,0.26585680201539097,0.26558961965444455,0.2655860371639751,0.265705605330991,0.26570057242826406,0.26570765734223006,0.2662992583603923,0.26265432093539276,0.26265552939209563,0.26263385566928277,0.2635459794736299,0.26357101270195765,0.263923784331346,0.26396753823036734,0.26399084340090595,0.2641779768616339,0.26429771887193765,0.2643941907031883,0.2643864698540574,0.2644691132869298,0.26420362429404126,0.26648311582949724,0.26360013947103367,0.2642413107019043,0.2639593991208887,0.26396780469247405,0.2641912763120644,0.2643144119047738,0.2645446628850396,0.26599287107734454,0.26607343287412116,0.2661259048736406,0.2662848574167559,0.2664021232830041,0.26649539335422584,0.26652815728531526,0.2666009132478685,0.26665351965493467,0.2664945811684041,0.2665102616119309,0.2666704550540626,0.2675936142301401,0.2673791190564562,0.2673867366430529,0.26746557329815873,0.267498006918041,0.26761812668720397,0.26762190285703935,0.267671266459322,0.2677204268569524,0.2677296199600651,0.2678752356676776,0.2678973362620836,0.26790732852433413,0.26789594819604784,0.26833533857762537,0.2683478291563318,0.2683479038507453,0.27012095762111554,0.2701020296985223,0.2700960368899162,0.2701321937884063,0.27034770162826094,0.2702737322970044,0.27027749401680107,0.27036161904048156,0.2703078501843039,0.2702995605819727,0.2711679630649367,0.2712406775488904,0.27144422841786553,0.27158102491367625,0.2716411323979371,0.27120388509244414,0.2712122503602046,0.2711918916548804,0.27116354270658877,0.2727264725528931,0.2728961682692498,0.27095252887031324,0.2709242161781577,0.27104673042721317,0.27095752135108536,0.272977256032783,0.27295427396988753,0.2731033003193282,0.2734473674420729,
0.0,0.0,0.0,0.0,0.0,0.0,0.0,0.0,0.0,0.0,0.0,0.0,0.0,0.0,0.0,0.0,0.0,0.0,0.0,0.0,0.0,0.0,0.0,0.0,0.0,0.0,0.0,0.0,0.0,0.0,0.0,0.0,0.0,0.0,0.0,0.0,0.0,0.0,0.0,0.0,0.0,0.0,0.0,0.0,0.0,0.0,0.0,0.0,0.0,0.0,0.0,0.0,0.0,0.0,0.0,0.0,0.0,0.0,0.0,0.0,0.0,0.0,0.0,0.0,0.0,0.0,0.0,0.0,0.0,0.0,0.0,0.0,0.0,0.0,0.0,0.0,0.0,0.0,0.0,0.0,0.0,0.0,0.0,0.0,0.0,0.0,0.0,0.0,0.0,0.0,0.0,5.096583392446506E-7,5.096583392446506E-7,5.096583392446507E-7,5.096583392446506E-7,5.096583392446506E-7,2.6750305274414423E-5,4.414984938147953E-5,5.6999974444416644E-5,5.699997444441665E-5,7.979033565446606E-5,8.001327854490561E-5,8.001327854490557E-5,6.96780164654393E-5,8.928391511844633E-5,8.928391511844634E-5,8.928391511844634E-5,7.399785245461433E-5,6.467879614367656E-5,1.8113671921307954E-4,1.863795036972387E-4,2.17542355572534E-4,2.270642999716336E-4,2.2843520218846292E-4,2.693249836882626E-4,2.573816931960154E-4,2.5121837932879797E-4,2.761222547810806E-4,2.9394621449084263E-4,2.9104573198328304E-4,3.4450193277975815E-4,9.365909985639484E-4,0.001011394713782827,0.0011403458695307142,0.0021717734293688206,0.0026849325247827864,0.0027087561327927426,0.0027246188781503995,0.00379011691824996,0.0050395113362640435,0.005015054875748688,0.004974509664355184,0.005095984080378115,0.005168639092594917,0.005255003564115774,0.006396603703275897,0.00658539972567333,0.006823685882059673,0.006718751601919813,0.006993675911508918,0.007400499151954834,0.007437753103241462,0.00806390674337904,0.008593460015417899,0.009370202388257835,0.009910547306883474,0.01031754985651026,0.010482996580277702,0.010739186233630802,0.010941663419759383,0.011123369231717433,0.011082077493849252,0.010923715876864908,0.010953771399604073,0.011875683818171388,0.011809494174560436,0.011884992592854188,0.013621391213132087,0.01428828468874972,0.014590096491988306,0.01579704988907928,0.015992291569002295,0.01690938472462872,0.016870475297852214,0.014902067858026427,0.0164472947096054,0.020816544357144882,0.02016753105688374,0.0227170724455093,0.023276045804997814,0.023398811010924617,0.024568299874670484,0.024982679132451616,0.026660118814304436,0.027626613568190298,0.027671358202938888,0.028864458615632634,0.03091564886492043,0.03148844298842179,0.031841058919638496,0.031016710941773478,0.03102261672926743,0.03298025607533647,0.0351732564904636,0.035161700982979036,0.03504157514305822,0.03532585662441828,0.03516237977200047,0.04259002280064224,0.04493755848705153,0.0491699548978324,0.050843393921137334,0.05011179619303563,0.051236399138851925,0.05196323425957101,0.05274216385106183,0.05275134688700528,0.05352074309133023,0.053643281436484065,0.054495845983509254,0.05574434597018061,0.057490473702212,0.05858258014428156,0.0594461963130404,0.05966641232715846,0.06160293173946218,0.062230750537165536,0.06264635951785137,0.06259391166216133,0.0641878726163353,0.0664489772988541,0.0677351798756451,0.06764669648018452,0.06746493833402276,0.06895601606513048,0.06963201056928088,0.07009502564493576,0.07047678968520148,0.07069827971718991,0.0700284596484229,0.07188499621819602,0.07171508404546055,0.07406113232792244,0.0753675520751027,0.07793486206748938,0.0810883300741609,0.0822967010910868,0.08211347003397716,0.08257485256987274,0.08431777314065196,0.08551705626386173,0.08559353537473284,0.08791780852414034,0.09138860509662912,0.09236623965594232,0.0928856159857092,0.09372767060375713,0.09508829794626347,0.09524544129658269,0.09538348591286831,0.09726799203563746,0.09748658409089404,0.09815986943837232,0.09890482288380312,0.1000692653882804,0.10028540029612014,0.10072027181729233,0.10098341203461256,0.1012593703744026,0.10150397790226488,0.10086834028200305,0.10311246115128588,0.10391822985344905,0.10488060741437726,0.1083652569706156,0.108456804254087,0.10863257810419308,0.10936637459877012,0.10985108033656084,0.1112252015002904,0.11317104101141691,0.11469821069611459,0.11533776794417851,0.11570462951016407,0.11639179887864236,0.11605314615473493,0.11594118708232161,0.11615989056972834,0.11591199521860644,0.11701904565786309,0.11747532510221421,0.1185871580461239,0.11890761784424181,0.11938922475469163,0.12017978494058283,0.12136634621262278,0.12222633558112857,0.12334319633277951,0.1235079678357905,0.12427604194002091,0.12420400537447555,0.1258036373451466,0.12697547153702943,0.12823841508922657,0.14067543832761809,0.14106691166952567,0.1410043572190841,0.14203973845134774,0.14300685683341643,0.14299598696812293,0.1435822678300261,0.14470275203651642,0.14492871550134312,0.14479827237968318,0.14499998288357477,0.14490945095296284,0.14572349858394767,0.1462148992111158,0.14752174402681964,0.14900183958575655,0.1494522223346359,0.1505229258702494,0.1516433699653875,0.1515588731803391,0.151000920604117,0.1502784251624755,0.1559560527865309,0.1562308862987261,0.1562822528976077,0.1577335842727399,0.15775830711881114,0.15774911745279635,0.15830579804711786,0.15847500069973944,0.16196934715710926,0.16304127034371388,0.16456049672222797,0.16501989496293396,0.16574679314256907,0.16596989347047666,0.16649443858910212,0.1666577197901425,0.16795463835313876,0.16733511812178523,0.16843147225230576,0.17007179471130157,0.1713924473145702,0.1725344467438374,0.1738789225440372,0.17625388738724682,0.17705520147200784,0.17707006024111752,0.17760906754695235,0.17779266099479912,0.17935271205796227,0.17949115192409246,0.18002763860598675,0.1802338660822515,0.18058597853539501,0.18126973760741102,0.18208918178793218,0.18479056634629182,0.18507868152084245,0.1877614181966665,0.18846312618548833,0.19039525326173568,0.1918186394247494,0.19167668844062438,0.19216315718570665,0.19249289637031572,0.19263688312295824,0.19786325258688528,0.1978985979092574,0.19931879533418792,0.19952779335359752,0.19975483662999785,0.19984369782990385,0.20105871879328627,0.20115015071925155,0.20161262884423758,0.20187391459284768,0.20205659628726913,0.2039198195507743,0.20382970129543207,0.20435218856447757,0.20580458484201944,0.2058766613137215,0.2060734551366789,0.20703911259276747,0.2070542444352165,0.20894873764224076,0.20991707074093066,0.21158463616027287,0.21220584908564152,0.21232101232514647,0.21362417045301357,0.21396588268063854,0.21400577572794002,0.21867548405311749,0.21971451506502818,0.21976624715144322,0.21974066378315538,0.21928734769862857,0.22047549617331152,0.22129033610112075,0.22083170850990125,0.2202231032544249,0.22058909016062025,0.22217367588631573,0.223404113429699,0.2234377501148984,0.22430195192000724,0.2247492683511953,0.22411421148322358,0.22572168994024208,0.22593845884581518,0.22621321219783683,0.2263828008792943,0.22751672718297256,0.227841920204008,0.22952394825512346,0.22938779377380702,0.2294315995013092,0.22948121974462163,0.22979734628615356,0.2299589120183996,0.2308924405310642,0.2311518843725786,0.23282882976956312,0.23287382475817017,0.23287486804395968,0.2329084162524573,0.23287754189267018,0.2331524797214308,0.23334745180772426,0.23639964536350647,0.23567599079360402,0.23514957144496204,0.2361738507267548,0.23624417598029981,0.236245994109558,0.2368355889406128,0.23705366351198348,0.23736889646788997,0.23886194262567242,0.2379892695288218,0.23840757933874424,0.2385620241293314,0.2436137172234109,0.24360642286527298,0.24416005878436625,0.24635013287090682,0.2463697655668909,0.2463167075687273,0.24639998651703174,0.24728949867482017,0.24727440922599198,0.24763031800077082,0.24920236494069753,0.24935755593243056,0.25079130707932384,0.2502967831584031,0.2507197602488903,0.2507166350894505,0.2507618551208289,0.25080985010306034,0.25100669495102673,0.2521988839650007,0.2520585965986509,0.2520679225143866,0.2525357603095259,0.253466346803042,0.25320833353174504,0.25357690534867994,0.2536837918113245,0.2536954480661793,0.2537050698320833,0.254095487515007,0.2552591818642724,0.2568714078782169,0.2581628023291484,0.2583731712559541,0.2583510773532601,0.2568746137179342,0.2566046226411606,0.2570176488307185,0.2571798839446576,0.25767230318811074,0.25552171128806855,0.25588624320950737,0.25675384525958644,0.25683590904614373,0.25732987919481964,0.2573283111953513,0.2578310263423019,0.25783358485237573,0.2578101927273186,0.2574551833602979,0.2577887118916863,0.2578990570047048,0.25797450970164554,0.25816915557760195,0.2580406547573463,0.2543699818654761,0.2544157825795817,0.254553601824964,0.25454360113616514,0.25455801128693617,0.2545629273646474,0.25504942938934616,0.25503606336160306,0.25521265654583447,0.25788605837417766,0.2578836154865568,0.2575631189127759,0.2574790219789393,0.25750297509708997,0.2576369077534566,0.25777851325940593,0.25793665413779354,
0.0,0.0,0.0,0.0,0.0,0.0,0.0,0.0,0.0,0.0,0.0,0.0,0.0,0.0,0.0,0.0,0.0,0.0,0.0,0.0,0.0,0.0,0.0,0.0,0.0,0.0,0.0,0.0,0.0,0.0,0.0,0.0,0.0,0.0,0.0,0.0,0.0,0.0,0.0,0.0,0.0,0.0,0.0,0.0,0.0,0.0,0.0,0.0,0.0,0.0,0.0,0.0,0.0,0.0,0.0,0.0,0.0,0.0,0.0,0.0,0.0,0.0,0.0,0.0,0.0,0.0,0.0,0.0,0.0,0.0,0.0,0.0,0.0,0.0,0.0,0.0,0.0,0.0,0.0,0.0,0.0,0.0,0.0,0.0,0.0,0.0,0.0,6.003954472196578E-6,3.177911950652692E-5,3.3929662314338234E-5,3.6376385446310745E-5,3.64145605989618E-5,5.398420022555752E-5,6.053027467037141E-5,6.000001798118004E-5,6.03213786424175E-5,6.419752231906084E-5,6.554331536434913E-5,6.526766987457211E-5,3.809236725201648E-5,4.5071265285651014E-5,4.6489617212517974E-5,8.15376727818824E-5,1.7781155725463962E-4,1.872042062652691E-4,2.2353342662485986E-4,2.2901216773164778E-4,2.786570500350778E-4,3.7228567178577466E-4,3.913179793494543E-4,2.676935312881523E-4,4.0595016098384775E-4,6.448028725941603E-4,7.214971805945652E-4,7.438867953696884E-4,7.506995159678352E-4,8.145075768431182E-4,8.136140686817834E-4,8.622489751147135E-4,9.757391823451244E-4,0.0010891289943945417,0.0012492305929634997,0.0013543791760808365,0.0013925453413232286,0.0014794308402154984,0.0016612563932860542,0.001736932574924928,0.0018103539106008822,0.0019019492357305343,0.00204954710145973,0.0020465741327548473,0.002003457834487769,0.002073305404224115,0.0021033921541510387,0.0021259661555581904,0.0022007387875943077,0.002480023116150104,0.0024643996856487035,0.0026261802452990806,0.002944649068100583,0.0038485829225426396,0.004277614914404083,0.004517349653988204,0.004578739985621974,0.0046922600355460585,0.00520354171006602,0.005244929391738089,0.0057657904450562495,0.006006868140815303,0.005963872930969008,0.006119142478237869,0.006341235746744348,0.006564369576448985,0.006894332982410367,0.007443813809411152,0.007813936566035662,0.008094821176976073,0.007941733489014675,0.007628532137904659,0.0076699216837521796,0.008194380871850844,0.008791367373798483,0.008469487421571787,0.009015352820426658,0.009173180991400333,0.010083117702327862,0.010235254260147746,0.010675387518144,0.011060628889639806,0.011244483882177986,0.011280691333420644,0.012576494711750607,0.014170522459975849,0.015496974013114648,0.015629803373659705,0.016636892691432984,0.017690885876681148,0.017868191311399235,0.018851539404376262,0.018829362762552048,0.020656491314386644,0.020631481041165373,0.021917336400108713,0.023685594908383723,0.024014444123419736,0.025022105823412574,0.02573179112051126,0.02582749720984444,0.02643781502177515,0.025997807808775107,0.02591503946875618,0.02662467371367841,0.027268812740815256,0.028149689289322103,0.028392177339128404,0.03205268724758295,0.032366478210690386,0.03202080805109015,0.03300770110907133,0.03433291542676821,0.034712615066194406,0.03565047822746773,0.03729991603648285,0.03745564785317183,0.039267313979620855,0.039231327486666384,0.0397412595121374,0.040141186820669174,0.04173505047714416,0.04336356067516591,0.04391395089910939,0.04454785242709806,0.04543085056283274,0.04727964267795515,0.04690904893446788,0.04632188319857241,0.045654405562226205,0.0456371520879554,0.04608853419021004,0.046945465342974314,0.04725425400712788,0.04753910284002745,0.04802170576519215,0.04854684671567013,0.0494404884436603,0.0502501188905707,0.05110450205804038,0.05204640169910768,0.05294806171906782,0.057212682694210114,0.05754725791572656,0.06178637410362615,0.05929857571132553,0.0637175862377889,0.06432101465739405,0.06815589693623257,0.06845569729803952,0.0692010376402433,0.0716953833481456,0.07227035619372803,0.07263587583808707,0.07638891649130765,0.07694761639162798,0.07822970579313498,0.07950665376205433,0.08169437222255657,0.08306852871385506,0.08392402171301938,0.08501637770837933,0.08517992090862873,0.08628039140685145,0.08992269754235341,0.09045942992626495,0.09214407804256683,0.09321939852525996,0.09325682495442142,0.09327208271143934,0.09345562705288946,0.0940432101531966,0.09547339438865157,0.0955550638623329,0.09698230830934906,0.09818902031730382,0.09799318908102919,0.098249984881748,0.09853107476711609,0.09857034909754057,0.0993641430521656,0.10189646761870365,0.10715566706072784,0.10856678470303116,0.10870449016191071,0.10815379533440213,0.10858694108544174,0.10898313537546775,0.10961164960871367,0.11001536093163694,0.11052234671804848,0.11064963778108414,0.11141166353059487,0.11391368692519503,0.11392332514099662,0.1147513098630459,0.11484158253687785,0.11709712211115003,0.11764739562680468,0.11810911958767338,0.11989835930647283,0.12149292746706368,0.12266812409654299,0.12420926891425584,0.12426667399307709,0.1253230423124381,0.12521526744468606,0.12566554790926224,0.12582530871607642,0.12592678773123986,0.1260125115217673,0.12619363803416775,0.12672320563928938,0.1270643655979059,0.12696647972571962,0.1276445899496062,0.1293853372886744,0.13018480914148814,0.13535304440126747,0.1395902164975295,0.13989013636680814,0.14291416030658577,0.144372465470781,0.1464180424565894,0.14712061648367086,0.1573116400669487,0.15801049264995903,0.15900760398353483,0.1594336967744403,0.15978683963415588,0.16187589085738485,0.16327847642314167,0.16352327470375178,0.16358291535874261,0.16358643084281374,0.1631752951594594,0.1633388845773586,0.16383219584693876,0.16466555277372777,0.17076064780474323,0.1710988822377527,0.1714230924272828,0.17296062211029853,0.17083127974925424,0.17112494864687122,0.17166052284553907,0.17249816726343106,0.1725687578701187,0.17292403385019417,0.1732088474845503,0.17397917598953203,0.17404059153781662,0.17408601380831076,0.17441433705168255,0.1747730653025539,0.17670174251776138,0.17671606675287552,0.1768869694942854,0.17717490778145203,0.17744096697818446,0.1778556507293858,0.1781993316086046,0.1784625802446503,0.17849197487102028,0.17847043887677833,0.18037968708576008,0.18151870675872153,0.181395423374474,0.18139431328690012,0.1837243576314842,0.1847148923829726,0.18669594708971418,0.18669012777087188,0.1869932407021771,0.18924302729995715,0.189987166191657,0.1903466446052322,0.19057503429462255,0.19023253439375323,0.19099741502227338,0.19128706686835067,0.19121414655325364,0.1915617539559825,0.1934121940673351,0.19379579968806,0.19420747329796587,0.19431192455985966,0.19491987352267648,0.19523834903420248,0.19610224051134076,0.19615954228151933,0.1961849322149037,0.19637101630140427,0.1965709711932995,0.19665395660503757,0.19684035264719466,0.19701691228667048,0.1970091349691791,0.19754495966473898,0.19770780348108954,0.19779913133182372,0.1988181340344261,0.19908844089827832,0.19941800045190664,0.19971768854581745,0.20276852261616707,0.20306177355834729,0.20431138959078549,0.2034581889048409,0.20394849546567603,0.2043545320150202,0.2047880804581749,0.21456536366978804,0.21606216026477199,0.21850070007744143,0.2195463741770953,0.21985874196830418,0.22051432495787127,0.22061775531630842,0.22168599655506627,0.22187404952722967,0.22207989005708734,0.22212987698745845,0.22270615789293174,0.22269938940479594,0.2226959809837677,0.22272195823067767,0.22487053303629237,0.2249314493284724,0.2282226511575507,0.22820230850037554,0.22829083169630435,0.23197194846472471,0.23414634143131688,0.2342447838220355,0.23295700907059846,0.2327890713854148,0.2327978593921221,0.23529233110008357,0.23559717401155866,0.23676420629278766,0.23684331047207693,0.23854319540555544,0.2391229948265228,0.23910519749214443,0.2397898268281989,0.2402975382711025,0.24015882161599034,0.2403117244416905,0.24054909434102825,0.24169866303783774,0.24215856043811626,0.24217312107554423,0.2412544711993013,0.24166533584852767,0.241815832094306,0.24243268936974488,0.24069991842755353,0.2406983599449802,0.24149212104233808,0.24173453071806777,0.2418018089041623,0.24182964111015337,0.24187731199729712,0.24209039097625007,0.24211244116451625,0.24210874294855375,0.24149555632308978,0.24183178276457754,0.24187271632153892,0.24261347858320562,0.24265130380507777,0.24264412892446963,0.24458214068188008,0.24524957751345033,0.2450723652421829,0.24512126799848935,0.24492254563484975,0.24469683972058107,0.24502128062738654,0.245196431079213,0.2451389617572295,0.24627901400831653,0.24734289678121243,0.24733723600972654,0.24763992993730563,0.24771571124156147,0.24796055408093975,0.24681175472314948,0.2467344744387002,0.24703405441177745,0.24680800445423415,0.24692270329497576,0.24716340675222692,0.2474185310239978,0.24727381160238443,0.2475191526418673,0.2475340655389186,0.24761992871444755,0.24859055824935447,0.2512338501441917,0.2519259355816444,0.25193687112399044,0.252070695247761,0.25230207700892265,0.25127313982543287,0.2513450015140813,0.25060787954086783,0.2507723218673301,0.25104094894599666,0.2510510894100348,0.251040489024435,0.25146661618420874,
0.0,0.0,0.0,0.0,0.0,0.0,0.0,0.0,0.0,0.0,0.0,0.0,0.0,0.0,0.0,0.0,0.0,0.0,0.0,0.0,0.0,0.0,0.0,0.0,0.0,0.0,0.0,0.0,0.0,0.0,0.0,0.0,0.0,0.0,0.0,0.0,0.0,0.0,0.0,0.0,0.0,0.0,0.0,0.0,0.0,0.0,0.0,0.0,0.0,0.0,0.0,0.0,0.0,0.0,0.0,0.0,0.0,0.0,0.0,0.0,0.0,0.0,0.0,0.0,0.0,0.0,0.0,0.0,0.0,0.0,0.0,0.0,0.0,0.0,0.0,0.0,0.0,0.0,0.0,0.0,0.0,0.0,0.0,0.0,0.0,0.0,0.0,0.0,0.0,0.0,0.0,0.0,0.0,0.0,0.0,0.0,0.0,0.0,0.0,0.0,0.0,0.0,0.0,0.0,0.0,0.0,0.0,0.0,0.0,0.0,0.0,0.0,0.0,5.436916878559722E-7,3.813541612742949E-6,3.359821442749072E-5,4.2667055910663824E-5,4.218468100690367E-5,4.218468100690367E-5,3.3297789350745544E-5,3.33262476980717E-5,8.055324814455667E-5,2.4777361172378606E-4,3.062053637964578E-4,3.1677273276872357E-4,3.4730976427741936E-4,3.837333860626257E-4,7.75790611872615E-4,7.922427601228161E-4,8.154585146936925E-4,8.811938985482787E-4,9.875411062733445E-4,0.0010394768269482045,0.0011471341150430217,0.0013168761924341108,0.0012220030076228975,0.001289992917096222,0.0013615757738492174,0.001370688076925885,0.001413731698859714,0.0015083352176005658,0.0017285731410499488,0.0018197907699837941,0.00252262562163008,0.0031850270195264907,0.0033192414504162053,0.0037217987662586426,0.0037859614741307247,0.004252903699881187,0.0046833184652792115,0.005490073125969404,0.006112892656025981,0.006316861907615713,0.006473078121393901,0.007050522322380009,0.007581317475038799,0.008825746620531216,0.00897145008584501,0.009891895253853011,0.010355944092283612,0.010438896049608602,0.010868410043918792,0.010923353246190965,0.010885330440535327,0.010496216165431504,0.010716681540598532,0.010617230089129357,0.010966869886226487,0.011776471733020972,0.013229727866687083,0.01344547616348478,0.014140878784309033,0.014105104598187748,0.014836204454673147,0.015301489639704343,0.014906871590886418,0.0149777769509628,0.015960220753500353,0.016488334317223876,0.016530439923119516,0.01713399643494539,0.01788643160471137,0.019589198819263662,0.01948312948091876,0.020908513295645866,0.022323731981578818,0.02277480690374327,0.022928476688366516,0.022966252393912364,0.030036027157247135,0.030998126587712622,0.03267432654161959,0.0376937150773025,0.04168193789343044,0.04714156991326252,0.05058417908658101,0.05059979743363791,0.050617058751395896,0.05496880423400171,0.054862695502023655,0.05489566440641375,0.0551706745292002,0.05572178634552392,0.057404464662938415,0.05767653201941403,0.05999261831937005,0.0605140773984905,0.06045058724426967,0.06369835647010454,0.0647742958799145,0.0644532072206433,0.06478928558232135,0.06699791738038394,0.06913834366459586,0.0723509953316225,0.07354268442469684,0.07503831485840931,0.07578928886474352,0.07922674210314841,0.08011805588225027,0.08235049669852186,0.08401111833847107,0.0856167107003126,0.08621840007461992,0.08773822416231761,0.08842069999501911,0.08905328451713562,0.08970516563668113,0.08893095539465366,0.08910553919016333,0.08901469847514165,0.08949632660034533,0.09033349904882561,0.09027199501988263,0.09008403514990422,0.0901947653705555,0.09063887944022146,0.09077499269808605,0.09324975178889412,0.09484692611716004,0.09531172187810892,0.0969658807734573,0.09762830878045393,0.09921767166204486,0.09980251000110525,0.1002712889426622,0.10120329598910892,0.10211675596885122,0.10255010250671981,0.10413753311473099,0.10580476497988485,0.10704037740675985,0.10806088798652379,0.10818519973811508,0.10954672955466298,0.11158262345874666,0.11359811502798046,0.11559388053834241,0.11826210362462626,0.11847241270034459,0.1187699441325962,0.11990597390296219,0.1248348533034089,0.12769141254769872,0.12784649746358906,0.128736028929678,0.1299386568283626,0.13063337285482493,0.1314834194425927,0.13408394910649735,0.13826285484973017,0.13884643858268172,0.13949850384234952,0.1395685770179099,0.1400977497458674,0.14087054438513807,0.14085513078768086,0.1420611798311966,0.14417567459190936,0.1452421922816654,0.14605971149646133,0.14703580664103152,0.14727817155214631,0.1489974370092701,0.14926073823340286,0.15450390257381225,0.15552624641648705,0.16216498258479245,0.1636140441203388,0.16363640955747788,0.16386539967670727,0.16512199709602268,0.16545170579143337,0.16651419388344682,0.1673855574715345,0.1683759765236318,0.16896639196758434,0.16963762173902713,0.17006151712019163,0.17026259670557467,0.17017257552921325,0.1736882246308457,0.17406530865135922,0.17466544408815013,0.17598748044284465,0.17508209800851848,0.17771663289608064,0.17886742449686305,0.1791999539497946,0.180553526711712,0.18061108159139652,0.1810519610695366,0.18144375907019214,0.18202243695825995,0.18308056522989127,0.18376157790527545,0.18373733595677455,0.18427992870414073,0.1843263245838642,0.18412260679422823,0.18439258645789292,0.18333439120594025,0.18358999431871384,0.1831862626465574,0.18409519833541807,0.18459341204723498,0.18439823653061274,0.18530708812394056,0.18533464782276576,0.18617206105206818,0.18635165583974214,0.18648344446405668,0.18699921541129422,0.18717074350222307,0.18746875035635785,0.1879538103126339,0.18820384308212315,0.18880295789920296,0.18904802551996908,0.19066579089708408,0.19034076055201388,0.19426379497124527,0.19471919641841712,0.1947505180967233,0.19521626043796028,0.19600136155536244,0.195670575694424,0.19581985457672466,0.19659355789822833,0.1969204893545,0.1986687270374426,0.19947236410549238,0.2001002848694745,0.20033395146343647,0.20031863486051865,0.20081952942113576,0.2019437123368597,0.20227960557886596,0.20249862037357963,0.20326220552034388,0.20346687962952942,0.20344154727716707,0.202926244591226,0.2059758022329223,0.2053831468906538,0.20440778236123924,0.20407793523866286,0.20417261479409063,0.20463154070029663,0.2048713405644388,0.20948896474234868,0.20990698061630345,0.21226945413824153,0.21253607486748144,0.21285277825298368,0.2129166806169387,0.212930818505495,0.21374214608973588,0.21478977200688779,0.2148224127758358,0.21481554121385985,0.21489677445989225,0.2175297036148579,0.2174933247250361,0.21751743978468355,0.2178362618832388,0.21786659456877192,0.217893283437559,0.2180000451629614,0.21747043749395067,0.21730703122238923,0.21840661419010554,0.2184805784228469,0.21868899499528316,0.2189368954513228,0.21933279245820161,0.21989239594027848,0.220248462662852,0.22058772217399492,0.22073152526262577,0.22081612324705033,0.22091166627282363,0.22125366315931458,0.22175436005798113,0.2217831506536009,0.2217966012959753,0.22209806829579407,0.22220964917184793,0.22232462077629664,0.2230372349688907,0.22457023949704066,0.225412142348727,0.22671570511758266,0.2283707671332826,0.22842869007104089,0.2285029815414329,0.22856640810340897,0.22875340618930626,0.22878224319764778,0.2292305901437185,0.23007440745645832,0.23010695449300755,0.23041836262906087,0.23061870165050238,0.23148418089595318,0.2318187406872308,0.23193426352170884,0.2325241497706992,0.2362196477462117,0.23686039282258872,0.2368942759762474,0.23685488537025634,0.23708230962796872,0.23758176906960343,0.23841215232809176,0.2387635246987931,0.23919600042030983,0.24044485781782698,0.24070801858666765,0.24061321357287804,0.2400759804333761,0.24084838548781792,0.24112094340955104,0.24218368494521728,0.24226783076706102,0.24231895371114082,0.24286900333840855,0.2430930417144481,0.2416954466042169,0.2418948674435339,0.2418374368404487,0.2420581292320007,0.24217657232933218,0.2426556001064596,0.24254900125927545,0.24268513971357172,0.24325948773339526,0.24333289738706904,0.2434031757523484,0.24345456202024487,0.24449304939601788,0.24480701795571203,0.24535009447276634,0.24570037190467278,0.24587839688904814,0.2480191337764301,0.24803583984737365,0.24804778583397477,0.24813322665852858,0.24734140515706202,0.24723625351919554,0.2489608572788661,0.24777397686003758,0.2479340601116202,0.24885065252968855,0.24788733477795818,0.24782248644337707,0.24801457358555587,0.24823822260984016,0.2496491119057399,0.2504905392537708,0.2506649301964161,0.2500864475702749,0.2504394913935891,0.25038995356848726,0.2506530371997334,0.2485366197463937,0.24901615707496755,0.24945647777227165,0.24950517848527917,0.2490022261836219,0.24904193062125063,0.24914268729518566,0.2500472837936362,0.24988107081571187,0.24994995839627854,0.24994274059162983,0.2499219530680985,0.2501250682827484,0.2501994876878932,
0.0,0.0,0.0,0.0,0.0,0.0,0.0,0.0,0.0,0.0,0.0,0.0,0.0,0.0,0.0,0.0,0.0,0.0,0.0,0.0,0.0,0.0,0.0,0.0,0.0,0.0,0.0,0.0,0.0,0.0,0.0,0.0,0.0,0.0,0.0,0.0,0.0,0.0,0.0,0.0,0.0,0.0,0.0,0.0,0.0,0.0,0.0,0.0,0.0,0.0,0.0,0.0,0.0,0.0,0.0,0.0,0.0,0.0,0.0,0.0,0.0,0.0,0.0,0.0,0.0,0.0,0.0,0.0,0.0,0.0,0.0,0.0,0.0,0.0,0.0,0.0,0.0,0.0,0.0,0.0,0.0,0.0,0.0,0.0,0.0,0.0,0.0,0.0,0.0,0.0,0.0,0.0,0.0,0.0,0.0,0.0,0.0,0.0,0.0,0.0,0.0,0.0,3.9547006646130457E-5,3.9547006646130457E-5,3.9547006646130457E-5,4.899833532930819E-5,5.319695973388693E-5,5.319695973388693E-5,6.797240250876833E-5,9.367419168759596E-5,1.9601343896692E-4,3.751087299178541E-4,5.634789021909707E-4,6.478928419696401E-4,6.827989746536582E-4,7.020320608027531E-4,7.419747951985873E-4,7.571916017226523E-4,8.137531829059988E-4,8.449451381833887E-4,7.423705063567001E-4,6.921230413591873E-4,7.033164728649147E-4,0.0010544665873973502,0.0012148600712282426,0.001246832897943263,0.0013568039419312814,0.0014997554469786563,0.0014838781968222825,0.0016949902268722718,0.0017661250971729187,0.0015988598712797632,0.0016979333950622056,0.001772898402754177,0.001809979367985931,0.001906454033588555,0.0020206770351157022,0.0020859775087464488,0.0019124517611711675,0.0026632846300299446,0.0027851665529554106,0.003476191248592348,0.0038754221321193774,0.0044944837996405375,0.005073129412378028,0.005168683208935512,0.005522002690753724,0.0058630246100208495,0.006281922435031838,0.006498777791875489,0.00787961457389488,0.00847441518993377,0.009600853987844177,0.010884690381175373,0.010787845796346812,0.011037947221637232,0.01150086724948028,0.011420294315155998,0.011580730578064498,0.012399540392935575,0.012471845112891927,0.011369791642604809,0.011734351330822172,0.012250258859391622,0.012896813346896107,0.013341843287251158,0.015024847265489699,0.016131711157589403,0.017129469525543325,0.017214306106566893,0.01813576987689636,0.018267645727868053,0.01835663948975888,0.019160088338473314,0.019746650471958015,0.020840058688828687,0.02213859065884962,0.023289449809385365,0.025152570505523917,0.027119520014270617,0.027128127197995167,0.027933581609367427,0.02878993560995597,0.02929341399184957,0.029422610672666133,0.03037599111915829,0.030372550321296925,0.032471811449550435,0.03277494266982745,0.03441727123823566,0.034682538896047,0.035023210351413106,0.03517977806751439,0.03648268862885358,0.03531984865691987,0.033095274569969385,0.03386390705575126,0.03449790357114808,0.03523118851399475,0.037765266989561425,0.03791944862901411,0.043553879024079874,0.04503441465587339,0.046225959728016026,0.046506625538552546,0.04997313962033647,0.05037168630309054,0.05105613344322809,0.051226550496363335,0.05122263175898234,0.05127780969271533,0.05242590313741992,0.053807864436839714,0.05454896062719467,0.05500663905914801,0.05549465720882105,0.057120491241285674,0.05871504139294662,0.05963329713111399,0.0615064933107415,0.06241037184167675,0.06419031499925851,0.06513057846678996,0.0654889914356165,0.06625686368474458,0.0677960345078213,0.06908530139455371,0.06900969679883545,0.06919053261975208,0.06980077936948724,0.07020652551358264,0.0703558141845901,0.07065454121469271,0.07068272124183964,0.07061052176587061,0.07063288072521876,0.071764831947381,0.0718976655771709,0.07211142036202495,0.07256579296201332,0.07293010626870325,0.07329896719397029,0.07341431311647295,0.07353901494242494,0.07519771482261892,0.07550943296040404,0.07886196643372793,0.07910789093502012,0.0809867803799832,0.08320135251022868,0.08325057192047508,0.0868385365694553,0.0875323135443636,0.08979988287798689,0.08967481695613831,0.09027632117150648,0.0908279995014686,0.09294863195954478,0.09369239728341627,0.09550238932808017,0.09669161430694873,0.09688700882020487,0.0973474935278495,0.09894660396838983,0.09818726045810554,0.09970976991175802,0.10143614231057602,0.10234742378069359,0.10390341065499085,0.10542002304705268,0.10565331813787572,0.1058100443588836,0.1064042059870136,0.10639340117311198,0.10768957222954517,0.10791948386524337,0.10780600080168375,0.10871477544467924,0.11013321002638377,0.11065792220098354,0.1106996136689654,0.1105783910548841,0.11161853021179696,0.11183308160753452,0.11201062445164886,0.11218999463030993,0.11360334124366865,0.11478479863522843,0.11560174931588064,0.1158775845684986,0.11649175567787208,0.11653099423548235,0.1182792402178506,0.12087623692194531,0.12138218900931146,0.12275988627540853,0.12277427832015916,0.12337793754038383,0.1262085468095154,0.13760263163622516,0.13770549596108708,0.1381104110346125,0.1395175098902238,0.1404079851307124,0.14103751977630222,0.1415150576539596,0.14265501848830547,0.1428824930344732,0.1437558130786916,0.1443862638970442,0.14432968880438132,0.14572776265726506,0.14567483040468776,0.14762996870275333,0.1477452223009491,0.14927326053485865,0.14975493322659306,0.15067544092231097,0.1522168138322063,0.15279429802151878,0.15348801147743255,0.15529739843465465,0.15551653190454484,0.15632141278553666,0.15707714815957893,0.1580206780445674,0.15881475419193672,0.15993641293728386,0.1601483228885798,0.16086576347740744,0.1626841478972956,0.1635616639033332,0.1638179386836699,0.16237599382687476,0.16296004118595386,0.16340506973980515,0.1634593365397368,0.1635104589609206,0.1637417054728725,0.1656911728012893,0.16626964531004065,0.1669747048413795,0.16778975678386507,0.16802710440328691,0.16861992522911093,0.16895137069631663,0.16879079283236684,0.1690321761541582,0.17108541697758972,0.17089768860146368,0.17037586463348503,0.17075683699240032,0.1712972485384124,0.1722431658481568,0.1741269799678227,0.17453557350113344,0.17492893581548258,0.1786154852329172,0.19503898973264583,0.19362542851892459,0.19436860713090273,0.19578734055777164,0.19691786189644553,0.19726588754968183,0.19742213530387856,0.19929700716021517,0.19972772284707346,0.20112839864578688,0.20310827137492313,0.2033931225463598,0.2038340789861351,0.20480779542747796,0.20621732532452305,0.20756688412941135,0.20697115607920183,0.20722185160645534,0.20749840354969643,0.20645109193041844,0.20739401450393255,0.20754029277449293,0.20714441084679164,0.2103025705981244,0.21051549223832164,0.2105880312022489,0.21081174381581333,0.2108875961283373,0.21112993748164968,0.2111553923362611,0.21119591122695222,0.21093790616521457,0.20969955134732893,0.21019976105108182,0.21000198875494844,0.21007053164659528,0.21074372329133018,0.21273492274196812,0.21357115987520528,0.21411969311902326,0.2140669899672014,0.21521536686724044,0.21710015770962515,0.21706895303436324,0.21708439979635005,0.21713121094433513,0.21758333827141949,0.21635434049566626,0.21692555238928682,0.21688317647501487,0.21922897822304688,0.22012357800456972,0.22017779456737643,0.22369920455134407,0.2238695600772023,0.22412784709420547,0.22429181524611996,0.22452562996215888,0.224748357412229,0.22485230010519136,0.22470040624536994,0.22483750374268768,0.22764366436374625,0.22806319523259014,0.22969487942335615,0.2301751045072112,0.23019144702115976,0.22977171687926842,0.22988825533445437,0.23021562130512493,0.2303451075345042,0.22992963525424395,0.2300588724345168,0.2303017548383126,0.2304165989459153,0.23065041533016906,0.22886707885318341,0.22946310248966745,0.23078902490957665,0.23085885103293155,0.23092800978454767,0.23153540812055162,0.2318554531749169,0.23195627909950978,0.23225014417735448,0.23233882106564627,0.23236880627945164,0.23321010407400966,0.23361679290302254,0.2340323911488189,0.23430755908181683,0.23468719664917198,0.23680584845581817,0.23698655819140546,0.23695475487046114,0.23711478449759255,0.238429867033314,0.2388647001997767,0.2389354004081296,0.23870699479663463,0.23867220978897916,0.2389736774100283,0.23923244933701643,0.2392537784504693,0.23938921392230417,0.23940948639781723,0.23943915240079255,0.2394540498666333,0.23954541917671968,0.23961677949845686,0.23994144971943007,0.2400737634462796,0.2406561393126092,0.2411659511973979,0.24134084180128096,0.24159420813128824,0.2417032945264173,0.24204255219602339,0.2426378481091694,0.24274676079400098,0.2426294428401453,0.24282496286099486,0.24286432295460375,0.24293317369216597,0.24318847698256413,0.24429657273471983,0.24360322322350653,0.24384757977116542,0.24429490375083016,0.24506963258077144,0.24637984989978176,0.24656739469007305,0.24689649397959632,0.2469905368458458,0.2491361436380226,0.24922006301984356,0.2501359798249591,0.2500481672450419,0.24923285075655877,0.2492914449776099,0.2489547379643154,0.2502191097151782,
0.0,0.0,0.0,0.0,0.0,0.0,0.0,0.0,0.0,0.0,0.0,0.0,0.0,0.0,0.0,0.0,0.0,0.0,0.0,0.0,0.0,0.0,0.0,0.0,0.0,0.0,0.0,0.0,0.0,0.0,0.0,0.0,0.0,0.0,0.0,0.0,0.0,0.0,0.0,0.0,0.0,0.0,0.0,0.0,0.0,0.0,0.0,0.0,0.0,0.0,0.0,0.0,0.0,0.0,0.0,0.0,0.0,0.0,0.0,0.0,0.0,0.0,0.0,0.0,0.0,0.0,0.0,0.0,0.0,0.0,0.0,0.0,0.0,0.0,0.0,0.0,0.0,0.0,0.0,0.0,0.0,0.0,0.0,0.0,0.0,0.0,0.0,0.0,0.0,0.0,0.0,0.0,0.0,0.0,3.775708714127005E-5,1.97449097648402E-6,4.705784373792254E-6,4.783569013178119E-6,9.552145590520565E-5,1.066157307499689E-4,1.128979525902687E-4,1.2651988816928957E-4,1.7802101340178987E-4,1.9354679617334308E-4,2.7363659129513553E-4,3.358794737582102E-4,3.6155795731663713E-4,4.1271750534560445E-4,4.7691018165346347E-4,5.147716375421058E-4,7.41797716654704E-4,0.0011389609417663045,0.0012380691300657542,0.0014305375769909686,0.0018566321788260048,0.002351928059919689,0.0026242719532650013,0.0029107257663664025,0.003112381127962827,0.002955341162917941,0.002922951026686934,0.002920020425499819,0.00329391546088635,0.0034699691895219028,0.0035362489891670647,0.003557825571637864,0.0035810766135782194,0.0037567989364504,0.0038639643953057683,0.003817604887763949,0.0036666100406633887,0.004136468753453568,0.0042159287668181574,0.004045951291509082,0.004217650695026768,0.004265946672097025,0.003965001370880843,0.004262538111234213,0.004395740226058423,0.004817971339443467,0.005231394064156913,0.005457056758371832,0.006549208456640678,0.006770340430224623,0.0074266563443432885,0.0074593967286128325,0.008228509767176078,0.008574084310511317,0.00858352728128166,0.009372129019235384,0.009715626495278016,0.010011309070393501,0.00993758913122908,0.009892418796688273,0.010386898072389779,0.010612517642752159,0.01158477988289762,0.012791707231837379,0.014164015093715036,0.01430526700537104,0.014465036102617672,0.015449396834461854,0.015700761723571276,0.015839418482064264,0.016238874118019844,0.01637929987378229,0.017070699759387575,0.017872130757600396,0.018215441817220134,0.018771701884625895,0.018576946673759392,0.018852339946900883,0.017638396876571812,0.016740231301546175,0.017246507474362252,0.01747296229831743,0.02255633034998209,0.023077709445537588,0.023228342218434422,0.02408754425852424,0.02481491331322772,0.024778224536115653,0.02485671871806661,0.02503528345302156,0.027671703135193484,0.028671503670715314,0.028830344259998683,0.029647920445961342,0.029808639909696514,0.028665197773879724,0.029517543001317537,0.03078531385488986,0.030973547413591884,0.03135820716823085,0.03155988030778906,0.03159180967887069,0.03202891850895351,0.03228554926567093,0.032473211414922834,0.033173841172425333,0.03515096172699663,0.03523097781045297,0.038225442241781475,0.03995424241821147,0.04059837913047806,0.040976270162636746,0.041541533554771255,0.04286782644528512,0.04459173196342592,0.04718528772990445,0.04796655225008747,0.0487957956929376,0.04992764009191291,0.05163575899239895,0.05276638241931592,0.053623812117000805,0.05557684258895524,0.05623934210627373,0.058082928987886875,0.05950137979244762,0.05981330652442694,0.062226441206586484,0.062220396934259695,0.06357651974143146,0.06555200664238879,0.06652927466345536,0.06853038934964666,0.06989702272810885,0.07327983324314759,0.07632663261861299,0.07862048307711976,0.08177673576541235,0.0861263536798979,0.08800480239450613,0.08880927818367679,0.0888956943271898,0.09331813962903217,0.09529163206697183,0.09821468845737782,0.10052575296624951,0.10060821713200871,0.10496364783648603,0.10527427359908409,0.10627962785228094,0.10600071854951103,0.10644735868627513,0.10812820182694012,0.10878722070091605,0.10970858798644369,0.11058595867247437,0.11147595632754861,0.11437630538844162,0.1142744178882972,0.11375625871655305,0.11645892060073182,0.11906234041563434,0.12002848843003935,0.12070206098288314,0.12208095044146469,0.12356912046401318,0.12498903290076496,0.1253647035860443,0.12610206162585386,0.12599331951087284,0.12628510091188844,0.1262227007112484,0.12697997530359084,0.12937462762790605,0.1307651587473149,0.13139122630691952,0.13196584191511004,0.1329666684425258,0.13359936246006004,0.13442997492191724,0.135352493529471,0.13556787553245517,0.13621702510562905,0.1364356137130313,0.1368632541442646,0.13810283041694382,0.13998595714876635,0.14010206709464595,0.14047031896818674,0.14075824759131642,0.14126080289085588,0.1411060479486118,0.1417955600657457,0.1425029179426301,0.1438944332864853,0.14423373330847367,0.14488454949269308,0.14572935682962718,0.14627732212632927,0.1475477082995774,0.1486001951316077,0.14841789225504462,0.14861035948590895,0.14886140062558742,0.14914518937793717,0.14977122834652817,0.14986657898667846,0.15019460911430013,0.15033188192455005,0.15058645600177253,0.15063033110076085,0.1511056364477385,0.1516223945566721,0.15186770895029206,0.1526750740562741,0.15289040868654674,0.15544366577162277,0.15561798566262916,0.15571412895282122,0.1565732611163128,0.15676799128900204,0.15716866657309148,0.157169904935593,0.15739338126719415,0.15770235020994233,0.1579346253501512,0.15805468922708535,0.16214831272667254,0.16365108467728962,0.16384574522307457,0.16385454033374552,0.16388015525762586,0.16381940221836955,0.16390772774064938,0.1658332224791899,0.16606424581408283,0.1663483381720319,0.16641931551420028,0.17000515029086022,0.17005250542183786,0.1700679515727177,0.17018916366901848,0.1703469247429182,0.17093940953987602,0.17114884022608645,0.1703459195938127,0.1727790613212283,0.17686216162537755,0.17727980657808123,0.17943873842560573,0.18019136539242703,0.18117572937179732,0.1822076726027629,0.1821212457063945,0.18201069194071037,0.18205980685203774,0.1826482245572331,0.18298886568719283,0.18160171649717902,0.18216259560316836,0.18200867353609387,0.18229598566724778,0.18277675201066415,0.1835168113016327,0.18561079975768977,0.18598094469614165,0.1859464667153227,0.1858904833060315,0.18595772049904363,0.18640448464788212,0.1854515614263474,0.1865826681796652,0.18630070533609036,0.1871587110127268,0.18723369275747173,0.18748695003701685,0.18854185453514707,0.1888544388713549,0.1889985449240563,0.18939484477121313,0.1895850253435895,0.18983602239300737,0.19105395256489338,0.19120867127253874,0.19211103488580877,0.19199593009592378,0.19165123413677804,0.19173417161195447,0.19344899098831125,0.19494856145912134,0.19494955371315476,0.19649728814058331,0.19670068430989612,0.19663841538214896,0.1971050142512768,0.19710188996715264,0.19952576740801528,0.20001277718456661,0.20240790602352038,0.203078809274848,0.20308269385605865,0.20316079566574372,0.20388127852761515,0.2046376836953581,0.20564706719285583,0.20568037947093282,0.20444670877348786,0.20562005947711284,0.2061320879233123,0.20655388934480023,0.20655569308287447,0.20684182664014303,0.20717620476386397,0.20829833403082396,0.20843292094630544,0.2095112080442901,0.20966654575911647,0.2097183395674702,0.2101346532585871,0.2110828776244285,0.2110408302413233,0.2110871430197954,0.210528603322932,0.21176524002709182,0.21224704894662963,0.21343009644114036,0.214100465916738,0.21404665174385634,0.21942968339539606,0.21931470230439698,0.22005284862598376,0.21994616491366645,0.22313970925729912,0.22315652627645685,0.22517514675435862,0.22493974990103507,0.22530376414518807,0.2247915304185613,0.2249228795461674,0.2248769845115031,0.2290629046154591,0.22916524265321483,0.2294610814005413,0.22908342555045905,0.22907918052950946,0.22947640240436815,0.2296040910169575,0.2283018424023611,0.2286138112140962,0.22897950403155493,0.22927260793736304,0.22863658615913265,0.22906988379001356,0.2292597921152847,0.23552180750860258,0.2358440449655376,0.236261285831838,0.23636184251020223,0.23800247592508614,0.23809106633416674,0.23829408634861093,0.23895643428670774,0.23915802679653003,0.23830283111637676,0.23841907564867518,0.2388867999463507,0.2387218898600103,0.24286982162237214,0.24285454354025687,0.24298624907425878,0.24314918407098718,0.24333603371125548,0.24348771805533048,0.24348724424004958,0.24310569956346392,0.24376417769085396,0.24439014392064018,0.24546200073167088,0.24551712992539032,0.245705941612965,0.24622975344143536,0.24624764749480588,0.2462659389311603,0.24678107445112454,0.24843360328950068,0.24794171830223416,0.24831232628298486,0.24775702783972803,0.24851884472641508,0.248408209105296,0.2467328143654755,0.24691926569424477,0.24796224941095527,0.24852193569948672,0.24890538641093024,0.24988149652037187,0.25000359944875145,0.2500452084339842,0.250102224330423,0.25023686623531827,0.2506257682874663,0.2505925842282262,0.2506323348346251,0.2507935217554932,0.2509080068412661,0.25092572571330524,
0.0,0.0,0.0,0.0,0.0,0.0,0.0,0.0,0.0,0.0,0.0,0.0,0.0,0.0,0.0,0.0,0.0,0.0,0.0,0.0,0.0,0.0,0.0,0.0,0.0,0.0,0.0,0.0,0.0,0.0,0.0,0.0,0.0,0.0,0.0,0.0,0.0,0.0,0.0,0.0,0.0,0.0,0.0,0.0,0.0,0.0,0.0,0.0,0.0,0.0,0.0,0.0,0.0,0.0,0.0,0.0,0.0,0.0,0.0,0.0,0.0,0.0,0.0,0.0,0.0,0.0,0.0,0.0,0.0,0.0,0.0,0.0,0.0,0.0,0.0,0.0,0.0,0.0,0.0,0.0,0.0,0.0,0.0,0.0,0.0,0.0,0.0,0.0,0.0,0.0,0.0,0.0,0.0,0.0,0.0,0.0,0.0,0.0,0.0,0.0,0.0,0.0,0.0,0.0,0.0,0.0,0.0,0.0,0.0,0.0,0.0,0.0,0.0,0.0,0.0,0.0,0.0,4.241594771972176E-5,4.241594771972176E-5,4.82474111863823E-5,4.0547044026396754E-4,7.173620290018267E-4,0.0017799917324661377,0.001957143928288826,0.00238131621437142,0.0024336014302919103,0.0025234004218436263,0.00274998628441562,0.004752982496406507,0.005042592626784866,0.005598160036264369,0.005596364768856701,0.005848572883514046,0.006075404027746226,0.008242810141347477,0.008514153912345484,0.008632138758927658,0.008848875535071686,0.01117742996853604,0.011384065162795895,0.011343221462156801,0.011457253334100964,0.011677415374160427,0.01200121367223657,0.01222568700845476,0.012889441375430775,0.013482328921137706,0.014016391323949107,0.01433508177155759,0.014674639153646132,0.016701039579669334,0.017493284756439947,0.0178729974469173,0.019664109172263616,0.021414437353639116,0.02195137937964573,0.022039325288544916,0.02211168157276325,0.022443940614826793,0.02429750699786195,0.024823662841244994,0.025231268340759033,0.026594810019446885,0.0313401262063093,0.03185014333223697,0.03286219169699491,0.03328858191080078,0.0342071519637706,0.0359298593912061,0.036393871860516305,0.03773794359183506,0.03845418124360045,0.03884688495496682,0.04073928454826661,0.041234864904503454,0.04220964240686382,0.04276081080000346,0.043414402824044906,0.04353523435513327,0.044536314767077215,0.044386896563407705,0.04536276664269153,0.04745707537472957,0.04881730746182613,0.050582912625173865,0.0524637188350437,0.05361201497663148,0.054559445706097,0.05755152610050643,0.05836347722102691,0.05877480370552135,0.059551387405827334,0.060032624530313786,0.06031147879433858,0.06111158517796183,0.06130385497220303,0.062279784592111226,0.062394850694888204,0.06362338752703019,0.06407125764166238,0.06568157500283689,0.06703377215333245,0.06832692185245813,0.06856642207105287,0.06881165279097912,0.06926939715361237,0.06924036970619005,0.0702277836956054,0.07040590026775582,0.07077033017489665,0.07109940195352386,0.07134465495996735,0.07155907657256405,0.07430590447687556,0.07583582377709185,0.08755676047197986,0.08861074249502848,0.08961657616187164,0.09013766152413485,0.09072719043930226,0.09155950726237747,0.0916582832072478,0.0925754358343959,0.09385529871938031,0.09518088304755869,0.09579538031489344,0.09645717091987001,0.10258991166451453,0.1070483275187351,0.10795120556355017,0.10929081873623682,0.10991564714183727,0.11012513066101053,0.11071421745740087,0.11329472097765819,0.11454636397918348,0.1151331391476094,0.11547784814896743,0.11623561811030549,0.11664814385759557,0.11745655228009572,0.1182453536277348,0.11885919528451594,0.1199388143935264,0.12465888513733463,0.12521022935463563,0.1286125661889618,0.1291867196351706,0.13014329956008158,0.13353349532312325,0.13520592199099826,0.13608088799659226,0.13667218952990684,0.13819461667817357,0.13871371471046526,0.13952057278987115,0.14333858521828802,0.14455584515965184,0.1449321547090305,0.14536077287522098,0.1460283288005636,0.1464426709830295,0.1483761934059987,0.1486817633521726,0.14888084837918117,0.1498305871001746,0.15061053912334077,0.1510153778619996,0.15126971746835352,0.15150102515081984,0.15415345669606517,0.15459835697214833,0.15485008987982668,0.15572899446958754,0.15589988732767845,0.1558746755333392,0.15658206434650263,0.1577122572680314,0.1588630147989499,0.15972914162954246,0.16044097510470873,0.16074596935517635,0.1606393856691851,0.16265221568065558,0.16306088880095662,0.16419094666520584,0.16746102088456782,0.16827113622584577,0.1698632907306658,0.17034732456451906,0.1712856454362976,0.17209996963309707,0.17199740928042712,0.17321985444515417,0.17303980970174798,0.17391385609605842,0.17435361743756972,0.17594612788140168,0.17632746709288782,0.17680932909035768,0.1769609050386557,0.17739283167160158,0.17756304260613498,0.17792443153991955,0.17824313150257678,0.17886485381577288,0.1797594214735282,0.18023388793724607,0.18103683749852043,0.1814590004126033,0.18242626876183968,0.18712012693109262,0.18769838062810115,0.18787069297774953,0.18816106521685724,0.18838368316604145,0.1890459793020704,0.1890912054350136,0.1895636145768399,0.18992292930737414,0.1903696178659075,0.19051618606034967,0.19083195530109529,0.1907243662047509,0.19118797218920341,0.1913557344536418,0.19202236528702527,0.1922132557047826,0.1923847270748977,0.19343042832957766,0.19316462810600565,0.19340638064072296,0.19423449845413054,0.19449391746235248,0.19540342016094078,0.19703538212614452,0.1986562543300339,0.19903163575307883,0.19922719560771765,0.1993590423005755,0.20002142163210454,0.20144833178324728,0.20158752434540508,0.201842124892573,0.20339799672943248,0.20391062848892705,0.20453447880426395,0.20492930323748185,0.20503199779260342,0.2062077198937629,0.20666286425383326,0.20682821265327517,0.20882247633015277,0.2091955362648155,0.21076655765295121,0.21110345561806906,0.21329451115620227,0.2134387046163666,0.21337433147862653,0.21428783181644445,0.2144506583161475,0.21469022039558633,0.21447204307095913,0.21487586907344483,0.2150251950169214,0.2152427670787372,0.21555346636429906,0.21639814062482746,0.21663460352276295,0.21681829550402124,0.21714418997736723,0.2172098702344979,0.2175017546434174,0.21827433412468594,0.2186503346829451,0.2187804910892737,0.21904322096628956,0.22059027440020818,0.22144250831577467,0.22184142400309545,0.22275924634215538,0.22303946517592083,0.22348650600902564,0.22366360832468715,0.22402320394775146,0.2244664510231404,0.22522031209353519,0.22527901155573468,0.2267436472863934,0.2285213995606497,0.22908464939699658,0.22928584930962376,0.22926857817158558,0.22941598977943842,0.22969189708545978,0.2303811307042048,0.23072654573485432,0.23189669499861548,0.2320304438790845,0.23226831757888064,0.23228727483907366,0.23280050401522756,0.23320186081689842,0.2347700457238657,0.23479364368013997,0.23506301469658816,0.23520837591882765,0.23524418417428872,0.23650649148761702,0.2365602416470959,0.23671834648549964,0.23734102033968815,0.23717543667521468,0.2376431295105599,0.2377465795453219,0.23860496072728682,0.23804626691867478,0.23890930149271222,0.23914401321456474,0.2394890886943401,0.24121662797495103,0.24230109739819627,0.2444121531248373,0.24447835491926542,0.24477698123862798,0.24511655359401002,0.2452488028972298,0.24543310239429994,0.2489616556273736,0.24950415604938533,0.25053843375506685,0.2509697468348448,0.2514520353515187,0.2512601404154366,0.25215692202625845,0.2527282791966736,0.25283248114056645,0.25502153677652956,0.2550824795975141,0.25536108296254356,0.2557010232433955,0.2559314071769224,0.2561177576796812,0.2562660971800287,0.25631166706655,0.2571538833000802,0.2577394766321758,0.25764914530556177,0.2580279049095056,0.25855447481784816,0.2585566500867694,0.25869664787370855,0.2590258065580706,0.25912300418517836,0.2594169613052834,0.2592717880563823,0.25932396075361314,0.2594198061407355,0.26014502692170216,0.26061612991846833,0.2607063264905189,0.25962755606017307,0.25984372757799684,0.2598509807379034,0.2598880601924318,0.2599125515519584,0.2599312233572606,0.25994731672049276,0.25997944105075416,0.26000216582543656,0.26005039017890774,0.2601563698193748,0.2601549654204945,0.2601501896189982,0.2601761877273274,0.26022894300957744,0.26026314729680267,0.26034146060672203,0.2603430229817857,0.26037384895875715,0.2603900927954134,0.26039796811450294,0.2604427151120499,0.2604644124532931,0.26045708167393306,0.2604954364526372,0.26050698446531484,0.26052365115927945,0.2605498615551172,0.2605957795489319,0.26070697346546984,0.26064803285361243,0.26066230082339575,0.2607805831467617,0.26079719630528164,0.26089769907905164,0.2610503978956499,0.26105161223756623,0.2610677048134341,0.2612069967336193,
0.0,0.0,0.0,0.0,0.0,0.0,0.0,0.0,0.0,0.0,0.0,0.0,0.0,0.0,0.0,0.0,0.0,0.0,0.0,0.0,0.0,0.0,0.0,0.0,0.0,0.0,0.0,0.0,0.0,0.0,0.0,0.0,0.0,0.0,0.0,0.0,0.0,0.0,0.0,0.0,0.0,0.0,0.0,0.0,0.0,0.0,0.0,0.0,0.0,0.0,0.0,0.0,0.0,0.0,0.0,0.0,0.0,0.0,0.0,0.0,0.0,0.0,0.0,0.0,0.0,0.0,0.0,0.0,0.0,0.0,0.0,0.0,0.0,0.0,0.0,0.0,0.0,0.0,0.0,0.0,0.0,0.0,0.0,0.0,0.0,0.0,0.0,0.0,0.0,0.0,0.0,0.0,0.0,0.0,0.0,0.0,0.0,0.0,0.0,0.0,0.0,0.0,1.1580088214986688E-5,2.3379934805966645E-5,3.9688351718816266E-5,3.9863679910455215E-5,3.9591906378104306E-5,6.81257041245322E-5,6.804102319436268E-5,6.387623809878141E-5,1.2605220383983347E-4,1.2775967863315094E-4,8.804234257657101E-5,9.28113130470713E-5,1.5969772404030488E-4,2.7188785686193173E-4,4.376648344332287E-4,4.042222133777925E-4,4.3987277952526433E-4,4.684363135651849E-4,4.1957479664327867E-4,4.4867400733095353E-4,6.979231203049527E-4,7.433764506632654E-4,0.0011045334988427718,0.0011530523797565577,0.0014474721741709658,0.001554340317101165,0.0018263081839218257,0.0017072974236485993,0.001931660429304307,0.0019638749145937076,0.002013560166944972,0.0019368596793443772,0.0020177439178426194,0.002335208124674674,0.0023936704109396023,0.002701638681033469,0.002987281745578666,0.0030215603231142666,0.003079492795636939,0.003232096780243209,0.0030973251947556723,0.0031881438129293745,0.0037307096108040966,0.004055098508482904,0.004194443168436959,0.004173256832476106,0.004406460612527975,0.004649432089473823,0.005022583188284589,0.0050587003848547515,0.005039573241255917,0.005993991703829924,0.006364402230153979,0.006653312277807905,0.00674668389111456,0.006881610224794431,0.006701934690126623,0.008149116157532804,0.008435489970317319,0.009067118449584664,0.009492349784516548,0.011256967732570228,0.012056604088930035,0.012048713839495661,0.014041052137899235,0.014156166011028086,0.01389199205430475,0.014501000528833814,0.014510188541742837,0.014525699882574794,0.014995840486548112,0.015560560956758505,0.017405345900391788,0.01800042313958316,0.018414331476801587,0.01841065307251034,0.01853590188801869,0.019125733864313783,0.019905218843294367,0.020085393635488537,0.021649037445943337,0.022318764670582223,0.023492995088846585,0.025137265909920378,0.025352848749148605,0.02547704346670952,0.025865691491972258,0.026687136567623563,0.026426399090350352,0.026460390107130798,0.027166056752356015,0.02699317876292505,0.027975720090708363,0.028521823303575382,0.02943726097559864,0.031024376855039525,0.03095351088371049,0.031244894400522333,0.03179205423202406,0.03135391981340169,0.03220017816087464,0.03216764158750816,0.03302113481345978,0.03301602729180434,0.03364987382700308,0.03488316519461355,0.03525903239381777,0.035964292028062055,0.037870146219014064,0.039157554583358116,0.03950281103728915,0.041407033165810854,0.0422045396531962,0.04519392102727,0.04559408550603678,0.04814373628417178,0.04997608575268769,0.053079081395958606,0.05553907391188237,0.05762237116361559,0.05958903053848407,0.059539726892332286,0.05938172009178062,0.061836801509315406,0.061870327857937966,0.06437865025896883,0.06472230290929576,0.06588263000101036,0.06635564589421444,0.06686389576185889,0.06759740244362322,0.06767817745881818,0.06834547381736006,0.06863865986486677,0.07187989160938148,0.07232462955000717,0.07249257482973209,0.07361729532950256,0.07415158785445386,0.07462745037540337,0.07609313040924517,0.07658517947275814,0.07760177571916385,0.07845950804750267,0.08180117329486535,0.08356743940647635,0.0828757075201638,0.08573097886812854,0.08564852030147843,0.08557657654849699,0.08559241474762276,0.08850818719169694,0.09226035542325524,0.09327478272773017,0.09400466755091966,0.09621862021454762,0.09806605436799071,0.10564009602621954,0.10598257942232849,0.10688457719008948,0.10775516364384422,0.10770905771286977,0.12296670313170686,0.12430942028025387,0.1254330876247576,0.12552344496997694,0.12786680008838994,0.12907487194274903,0.12865857206516482,0.12891526644226722,0.131602753855075,0.1321891228215137,0.1336725970690657,0.1355433237065412,0.13626009507862216,0.13878140961301552,0.1396999979076849,0.1393765656129632,0.14096856921947062,0.14269324947748502,0.14245951891857603,0.1421678280143076,0.14527759903378326,0.14640366830419918,0.14715830774376956,0.1488822160365038,0.1490307906303677,0.1493781728160115,0.1502080939360511,0.15023461727770124,0.14868473448194305,0.1497555837296726,0.15437047450479188,0.15454515630559362,0.15524321825976106,0.15463303639685735,0.15466423625968723,0.15481497886274853,0.15550181323636983,0.1580175054662008,0.15728368560832448,0.15694873391276914,0.1581157558787533,0.1605360094970695,0.16155405407396334,0.1623558332311209,0.16296429324135334,0.16331791524870692,0.16670452731416302,0.1668122926476475,0.1670070506739169,0.16710844911644446,0.16810483156497824,0.16923434050412817,0.16833622962757133,0.16873348811451874,0.1699451144886889,0.16905500117966427,0.1723491530764841,0.172407166463867,0.17259060143520685,0.17377173616239228,0.17390795707234444,0.17645244570370222,0.17656674858944466,0.1778484433080592,0.1788576194377414,0.18014741151528946,0.18201328820748505,0.18253875832029817,0.18284337305055015,0.18348706610571727,0.1842126734099345,0.18446822822648037,0.1843929212012278,0.18491895618150464,0.18503187537550336,0.1854633487937552,0.18564606905881734,0.1865887730088424,0.18723078043491204,0.18723053012385235,0.18757396076139715,0.18904292011532248,0.18911416540173345,0.1967339750744395,0.19686960395567715,0.19719588219397013,0.19786761337952843,0.1981891069225979,0.19813175821381018,0.19828523610068746,0.19831114460239213,0.19861283396275925,0.19950665872499157,0.19870894400954114,0.19895082471001488,0.1991978903599458,0.20009109665290684,0.20172333371551038,0.20286092483302343,0.20440425995830439,0.2053477311793415,0.20605673869322086,0.2060570384371606,0.20632477685469508,0.20810056069972185,0.20804001867558258,0.20841062661420015,0.20905542416797393,0.20925444377748628,0.21271261096936378,0.21262151576839375,0.21273569364829872,0.21316540969352912,0.21375149548659458,0.21383890399470676,0.2139925225929385,0.21609956305280484,0.21660972033240455,0.21754140934875393,0.21779699984097348,0.2181648145207596,0.2178245057273574,0.21759867833283775,0.21768837765733637,0.21924469572564936,0.21966880952777287,0.21997592661918414,0.21994495068262307,0.2213601321682035,0.22149625000211942,0.22219047890519858,0.2223057154858113,0.22254758982614462,0.22218302221779007,0.2208798467230631,0.22080737231572772,0.22135107943218021,0.22164940855947954,0.22170418994398783,0.22136360459231025,0.22148803471986186,0.2214422822574134,0.22120943411137942,0.22123038193086803,0.22124448684059775,0.22103536960951753,0.2217679127209365,0.22216180438662977,0.22221906357530444,0.22310544206244332,0.22054382759643046,0.22094517842106437,0.2210486689444693,0.2211653596317925,0.22197780104336112,0.22223165998125466,0.2225224597203119,0.224426304912585,0.2244275326441267,0.22509650032584397,0.2253134711319206,0.2254121795924966,0.2254758026042426,0.22569945917232412,0.22579428463899498,0.22573111060575463,0.22577265347199985,0.2261378369069458,0.22705451740409216,0.227029816930232,0.22717682104841416,0.22703717105367344,0.22685870028657584,0.22687750103163581,0.22707981548836936,0.22784767442048595,0.2280014687267964,0.22797906704684687,0.22783081239524566,0.22875250287779592,0.2293839128428519,0.22940783217517688,0.22988565703429104,0.23002557154343534,0.23021960302936628,0.23021405779256557,0.2302196348094861,0.23069959788587963,0.23092324511041712,0.231147033828082,0.23122814305957165,0.23118369381724327,0.23140316241370626,0.23158864085925496,0.23182362878590343,0.23186699404471273,0.23186880623426526,0.23186761331761022,0.23304397596682994,0.23374544497940744,0.2340361320360431,0.2339712383068479,0.23455566549789789,0.23420967224577066,0.2343310975889345,0.23436546172655243,0.23434684649305015,0.23498080516791806,0.23521393684738198,0.23526807965608332,0.2377962835823465,0.2362188493483388,0.23620839493565537,0.2362472373343044,0.2364186489404638,0.23675922259833207,0.23678347581603656,0.23696441866726775,0.2370017202000364,0.23710042285337316,0.23648496466244998,0.23600929036765708,0.2364480910787191,0.23652525243745604,0.23671366866401325,0.23684490571405786,0.2375665200306066,0.2376271664649611,0.23761914421481015,0.23763231977764931,0.23778467533869435,0.23794393391838206,0.23774342010394323,0.23782156232398646,0.23777384177048352,0.23939268566578947,
0.0,0.0,0.0,0.0,0.0,0.0,0.0,0.0,0.0,0.0,0.0,0.0,0.0,0.0,0.0,0.0,0.0,0.0,0.0,0.0,0.0,0.0,0.0,0.0,0.0,0.0,0.0,0.0,0.0,0.0,0.0,0.0,0.0,0.0,0.0,0.0,0.0,0.0,0.0,0.0,0.0,0.0,0.0,0.0,0.0,0.0,0.0,0.0,0.0,0.0,3.759256707431336E-5,2.5521189822950996E-4,4.6380061875946033E-4,4.6720118786058043E-4,5.43102492018092E-4,6.184408769249049E-4,6.971878240495989E-4,6.749793748843533E-4,7.250663385115943E-4,8.028085477977243E-4,7.296259355537443E-4,8.039000597866846E-4,8.114250699530778E-4,9.14998960685508E-4,9.810373768334476E-4,8.44818030359952E-4,0.001058601281287386,0.0014096635956919062,0.0018787736260320726,0.0034470509998906205,0.004070285310252252,0.004349675514505924,0.0044141086585065565,0.0041333579225751975,0.004253370754636586,0.004444708222831651,0.005108801895276786,0.005302646770084507,0.006244517075042392,0.006556127948723832,0.006559636129694239,0.007843770678312007,0.011011795111866965,0.012541055208139945,0.012288282733037422,0.02014173667722101,0.020200667447844576,0.020590823944614048,0.024890724155671055,0.02709712542455656,0.029812443346064615,0.03403915024403205,0.03598529129093964,0.04139735897182374,0.04145380462233571,0.044520243754187665,0.0471829544595523,0.04741944720929876,0.0484631298248504,0.04846483334872966,0.0541923286241521,0.05929283062119387,0.05974904183235174,0.06120181304539157,0.06332349793003043,0.07073420947548201,0.07588524294125866,0.08214113568026539,0.08410578079396484,0.08898677945247287,0.09235001173850711,0.09443564734836882,0.09378226982736325,0.0939469094647093,0.09750456109399377,0.10204326705037849,0.1045427466199926,0.10558846375600044,0.10983679808700746,0.11265897130907977,0.11876561140258374,0.12188010905597903,0.12352117132659624,0.12464614622510838,0.1274029259176146,0.1285132760231044,0.1312558033179725,0.13117953139706853,0.1450608983733973,0.1471397123363664,0.1474129598687457,0.15078064377208644,0.15255575953201408,0.1534706925575641,0.15682979542113762,0.15745837390958534,0.15933138565773833,0.15866202200034052,0.15829528544523974,0.15595720311942243,0.16051079239245597,0.1616401219033587,0.16289518397353012,0.16311708664852673,0.16387241721649937,0.1654565507681038,0.16622059833057115,0.16663030837972956,0.16646348305626119,0.16897856981125506,0.16993863308102045,0.17360913677909648,0.17384011818407877,0.17480457150893258,0.17947581940206003,0.18207252263853435,0.18215000352939695,0.20202087755957923,0.2036978937711913,0.20415848830247435,0.20459273036870088,0.20824952596676138,0.21004277622753403,0.20848699971857454,0.20835099133794102,0.20956484525860378,0.21192368498180125,0.21351186386207435,0.2159926984550504,0.21587784359392825,0.21769485140966852,0.21793071565445568,0.21891651409803878,0.22247235275275803,0.22519423995722662,0.2263642434750226,0.22834844042986763,0.22943757310719023,0.23019808085730936,0.23060130217602526,0.23139009920696102,0.23127566457310858,0.23393406286366236,0.23532360083838966,0.23549041034394574,0.23572135015810886,0.2379752880920995,0.23826842412697022,0.23900249658789857,0.24052042034108229,0.2411030479043186,0.2407786723422321,0.23935922446152305,0.2397573029865116,0.24012594471317247,0.24136648793314824,0.24134988729914075,0.2414896451884758,0.24167255367034754,0.24354952542108152,0.24451054604155775,0.24650205461538915,0.2451505794216778,0.2458505502571036,0.2441986789201975,0.24519404805642633,0.24484185827724414,0.24523697015141468,0.24479563554347925,0.24472717466103971,0.24489663386627242,0.24696485409585942,0.24546687482050597,0.24618129401025368,0.24646994990378993,0.24637862239983435,0.24660385957352274,0.24659850152389418,0.24601142259139672,0.24641602841957808,0.24678068272057238,0.24702814406842316,0.2477220161353038,0.24782532197069435,0.24775343249734083,0.24790822582284755,0.24813349796930487,0.2482301026090888,0.2486210618246552,0.24853804281419467,0.24869596227608748,0.24889902242886075,0.24891142208432718,0.2494805659985667,0.24924636044218443,0.2508426932497303,0.251051813837071,0.2512328138056115,0.2516261950238867,0.2516520633440451,0.2521609574217251,0.2520845151065097,0.25236701435674563,0.2515859195848023,0.25040384606954835,0.2506256208658097,0.2507679507798931,0.250748750829935,0.25082833774188895,0.2512398610925133,0.25129886724283984,0.25152569106418404,0.2515721325321941,0.25147164016721146,0.2515990635875364,0.2516426498443414,0.2513643260536531,0.2513008293839854,0.25098016840979476,0.25114231458313774,0.251248327418534,0.251410356258442,0.25163761221502634,0.2519018216746882,0.2520890236731473,0.2519866184860218,0.2521990809421263,0.2512034315495769,0.25143139225941796,0.25173629399209574,0.2517695785018852,0.2561625739939066,0.25619077288594794,0.2563407187426544,0.2564034903346998,0.25637636269077746,0.2565374992636464,0.25673492676699655,0.25697607598895145,0.25718677679101415,0.2568113375688843,0.2570604858396955,0.25746683871428305,0.2576003905173223,0.2575071141610648,0.25760355211771624,0.2602131603478676,0.25984708965246384,0.2597325165493043,0.2598086167181983,0.2597735720573613,0.2599152624730972,0.26025166734302513,0.2565445110137963,0.2565394077517688,0.25652110100431347,0.2565237104364251,0.2565267647834265,0.25654298568366174,0.25717566142410236,0.2571640826746256,0.25720112021126107,0.2575847425106744,0.25869914142135575,0.2587413000860683,0.25890187169729545,0.25920940742754534,0.25920447334622576,0.25920487168201745,0.25972863858370193,0.2597676678550271,0.26017200916813377,0.260274186154016,0.26028222210432195,0.2603017355624336,0.2603434404122107,0.26040693432869605,0.2608104553045941,0.26076846655988684,0.26333184022635997,0.26351748917413614,0.26354185525799867,0.2635313904251056,0.2632362095679121,0.26323792121254086,0.2632438962182822,0.26367641964289285,0.26374611620178606,0.2637212074920447,0.2636829387983466,0.2637571798617949,0.26474143052705024,0.2649212055682714,0.26503877791173,0.2651104034358091,0.2655393843082457,0.2656512920897862,0.26563078681084135,0.265677132199404,0.2635965647554294,0.2636046399764465,0.26371665747579065,0.2637846080185,0.2633466654294412,0.2633579235935019,0.2634400488304094,0.26477185994879116,0.2647639261380267,0.2654062870528011,0.26530705037339875,0.26535783729585694,0.26527599099076815,0.2653996141323262,0.2654833776925969,0.2654672947829604,0.2654504979688166,0.26559575538778324,0.2655884196360602,0.26558228853196936,0.26555699742014527,0.2655645846589785,0.26555372282146106,0.2655501653674288,0.2656281617250394,0.26586757615076934,0.26585552307369575,0.26617226758560336,0.2662033285366455,0.2663448973705404,0.26651924958326023,0.26653049438130993,0.2663633742649189,0.26644386577292545,0.26647584196540064,0.2664840909359516,0.2665031466490209,0.26652576498696817,0.2665428177827998,0.266616916326995,0.2666303989614106,0.26663603977244255,0.26663445768441363,0.2666053990426714,0.2662216190300502,0.2664632738669646,0.26652224497724647,0.26653480520945705,0.2666127542244957,0.2666574733742863,0.2667747101078829,0.26678261510224643,0.2668439789708329,0.2670253265651432,0.26741955747234414,0.26737969959379004,0.26738978825485327,0.2675042810937538,0.26758826657487933,0.26760011050019455,0.2676391716529561,0.26773435687598396,0.2677576620401949,0.2678223352919939,0.2678398990893523,0.2681467518461176,0.2680984247374618,0.26808677218029253,0.2680880388266021,0.2681030155340292,0.2681123951020837,0.2680873172504084,0.26812367280051275,0.2681628309071851,0.2681709444561463,0.26824849849206595,0.26857487695041476,0.2685231979622133,0.26876249793482077,0.2692337181334983,0.2692414894094541,0.26924826833501503,0.2693825316146803,0.26963934705313597,0.26965301709443795,0.2698991921103567,0.2699192877836762,0.26996329292588134,0.2698579144326184,0.2697218836942112,0.269621756373011,0.2701908518450382,0.2703635956520682,0.2703752979265588,0.270387625393033,0.2703331225272139,0.27038107037874437,0.2703802806354889,0.27080523718195876,0.27082697361655866,0.2708437880711555,0.2708339727371186,0.27083933103144814,0.2708276936340808,0.2708575547422568,0.27086399743861006,0.2709665578390712,0.27098959795204614,0.2710337352510154,0.27109718112912157,0.2711137197548625,0.27115422329807165,0.2715689017945279,0.2715611060165895,0.2716301026253564,0.27175596339258434,0.2717694049515083,0.27177346308912675,0.2717733256219693,0.27164864451763987,0.2716394221775071,0.2716560332834449,0.27164119841328926,0.27163921729337825,0.2716650011286926,0.2719272140179188,0.27192777808183377,0.2726450017165918,0.2725930648064122,0.272590508354018,0.2731947140116613,0.27323188647638996,0.27322901700397967,0.2732321340005958,0.27322598047826335,0.2732197525690879,0.2732315635328931,0.2732799437545304,0.2732795245278897,0.2732134596043873,0.2764566756432835,0.27648869504995915,0.2763281905935207,0.27630110898170923,0.2763041282229594,0.27809167390228096,0.2783524559385778,0.2783513886136309,0.2786264027383094,0.2786894298629984,0.2786835395795337,0.27868217462081535,0.2787559682892392,0.2788076811927241,0.2788217690823559,0.27893240225089366,0.27907206340206087,0.2790997518313638,0.27907125932787874,0.2791193340601332,0.27917447507494003,
0.0,0.0,0.0,0.0,0.0,0.0,0.0,0.0,0.0,0.0,0.0,0.0,0.0,0.0,0.0,0.0,0.0,0.0,0.0,0.0,0.0,0.0,0.0,0.0,0.0,0.0,0.0,0.0,0.0,0.0,0.0,0.0,0.0,0.0,0.0,0.0,0.0,0.0,0.0,0.0,0.0,0.0,0.0,0.0,0.0,0.0,0.0,0.0,0.0,0.0,0.0,0.0,0.0,0.0,0.0,0.0,0.0,0.0,0.0,0.0,0.0,0.0,0.0,0.0,0.0,0.0,0.0,0.0,0.0,0.0,0.0,0.0,0.0,0.0,0.0,0.0,0.0,0.0,0.0,0.0,0.0,0.0,0.0,0.0,0.0,0.0,0.0,0.0,0.0,0.0,0.0,0.0,0.0,0.0,0.0,0.0,0.0,0.0,0.0,0.0,0.0,0.0,0.0,0.0,0.0,0.0,0.0,0.0,0.0,0.0,0.0,0.0,0.0,0.0,0.0,0.0,0.0,0.0,0.0,0.0,0.0,0.0,0.0,0.0,0.0,0.0,0.0,0.0,2.9999162129845836E-5,7.950636909324264E-5,9.177437058536844E-4,0.0015311132853664438,0.002137157557143933,0.0040105160310247474,0.00454310250772201,0.005157260311953896,0.007039086988435276,0.0072286413560319574,0.008374712523882366,0.008342416158376971,0.008995276804194118,0.00918100991582247,0.009813536187228756,0.010089728075177124,0.010287344792571167,0.01070795061081297,0.010679831228996016,0.012390914774624891,0.012463794507068417,0.01285432860602282,0.011378523584156046,0.012140880608002103,0.012316176529183797,0.01288396955733769,0.012747337034122123,0.013482459664133934,0.013602170364069388,0.013698302517493141,0.01474259963252398,0.014529057596248517,0.015197102061421308,0.015379092560430033,0.01730554417623219,0.017353405498507782,0.017640180904941738,0.019672011449237775,0.01971365907795217,0.021187708310688683,0.022631463294397434,0.02319572506602454,0.02365352943053084,0.023993791204758287,0.024567208827417683,0.02494119140255618,0.026513035425602013,0.02707330732898167,0.02736497859464956,0.028737077532535845,0.031842338739952826,0.03493434066140533,0.03947645059645718,0.04026932954124321,0.03962935209690474,0.0410756565717001,0.041937560523684206,0.04206398103529696,0.04345808694019169,0.04427222342820776,0.0442678024439772,0.04361931698888316,0.04251738832313837,0.04446003002117371,0.04636870884037462,0.05072760814444532,0.05075348764303713,0.05240940361398461,0.052553791687518586,0.05347338332142934,0.05425825506703137,0.06052623941404861,0.06211908791813511,0.06311622193208329,0.0642640949857453,0.06731948565669836,0.06795065975694262,0.06908885811554884,0.07013880258892109,0.07064965873789696,0.07229781349486887,0.07290473170472055,0.07638310067772136,0.0793229735196517,0.08012401000214896,0.0804727389052941,0.0818441872166088,0.08211228792346725,0.08167619508536368,0.08187821369839902,0.08080081146287085,0.08374975946987781,0.08481456000425792,0.08457524416771316,0.0843853014953519,0.08524451287065513,0.0865271621698431,0.08745222011934486,0.0880293780968631,0.089251409942603,0.08840547059065076,0.0912780174410007,0.09325618813685302,0.09644488705976277,0.09785046215135441,0.0987625762910565,0.09937816351654714,0.10047765692673995,0.10433687594241048,0.1060291520112018,0.10849312314117711,0.11197589555558339,0.11192214088521261,0.11452669293281374,0.12316333998324192,0.12485516728108738,0.12572795270203152,0.1266609787414695,0.1256419988882092,0.12712373385152143,0.1277385694416019,0.1280366131417837,0.12954498148497778,0.13092791456822567,0.1306744583181677,0.13136620101621774,0.13176143714618488,0.13254355355991074,0.133413993840479,0.13428032009199417,0.13486673486703965,0.13780094637275184,0.14189995010445108,0.14607839885897403,0.14847245942437115,0.14957898313744222,0.14984576798599297,0.15209649532854003,0.15253982550468034,0.15376887929442903,0.15585693273694437,0.1602871379103581,0.1608523733945949,0.16129460866281767,0.16131621316625347,0.16186251460968282,0.16324981840668149,0.1633898806865349,0.1665502405173636,0.16753492565062256,0.168061039784886,0.1694076831737155,0.16968814212431108,0.17166135239877883,0.17555846629930674,0.17620883257309344,0.17688715319948883,0.17695505045820115,0.17794650344130483,0.17877476226522568,0.17887761019516235,0.18097105717042905,0.1812543895696515,0.18153220013954763,0.18204338866214653,0.1820104502809306,0.18235840350451032,0.18278588441343122,0.18387779937091053,0.18566181305748067,0.1863506754875952,0.1864972986809157,0.18546922399253474,0.18583437543618317,0.1863113835791846,0.18715072621659437,0.18912533276223542,0.18964399170247784,0.19358413962624776,0.19372613777766556,0.19413838828952495,0.19442229336918446,0.19510652354878413,0.19811422221022332,0.19824231814020385,0.19791453261048783,0.19844978544895656,0.19888786504263095,0.2015325969212234,0.20190125240615678,0.20387834558244192,0.20462360666693058,0.20624732121244954,0.20709225382124596,0.20788258765213466,0.20918645088030724,0.20914130365889436,0.2094401400191791,0.21021180246824117,0.21328816352043584,0.21363390988795697,0.21381009065588377,0.21756241926072073,0.2183502958209898,0.23113699674155258,0.23167941327037034,0.23149370384289225,0.231895700259327,0.23326745024637519,0.2358102773414336,0.23707940966059177,0.237557992677629,0.23937886184406262,0.24142228980843589,0.24415019961200113,0.24486186145942318,0.24499005164707002,0.24657478309338401,0.24573473696363704,0.2482372803287244,0.2483149060940303,0.24848228437300585,0.24900686504611036,0.24854098007513473,0.24993425476062228,0.24961438687826762,0.24999636823667584,0.25038766712326876,0.25083130277370963,0.2524253763411415,0.25278322741516995,0.2533723816883059,0.25152174670491817,0.2528129877717263,0.25382884023565255,0.2545762744368601,0.25483735259435436,0.2551877703894699,0.2551607301556264,0.25636649687275515,0.25600127579790816,0.2570140021690886,0.2571768338669055,0.25698227522536676,0.255857434698117,0.2561227516225652,0.2566520921951016,0.25673979606568675,0.25711562153813894,0.25745905313866646,0.2574986741849435,0.2573424494442552,0.25734077768109703,0.25735074983832784,0.25726602897377066,0.257289424779695,0.257215525905271,0.25761148690826946,0.2579731879428372,0.2581312765686491,0.2582223724628221,0.2584797502223215,0.25886283988753284,0.25896498422960257,0.2592800421308763,0.2592694029861331,0.25935379132272746,0.2592376737833215,0.25838792442402664,0.257928812856083,0.25798496847400854,0.25747101740866063,0.25742993574651896,0.2572710806749414,0.25696924611064303,0.2571632149965809,0.2572147379524468,0.257218549746295,0.257282696242555,0.2575659635498149,0.2580821000872626,0.2582322405106877,0.2583077746580666,0.258476496561437,0.2584892415623824,0.25845022890996816,0.2585925157771887,0.25898661054443967,0.25904023197709214,0.25914718271953374,0.25913885606317344,0.2591603600935622,0.26147466183844087,0.26164976567420417,0.26195224795917654,0.26415503043720706,0.2642358892174388,0.2643313565536195,0.2643257467784672,0.2647632455449928,0.26413846870274893,0.26396566393876614,0.262145850454125,0.2621300183347648,0.26227385507769574,0.26232736820054553,0.26402553487887864,0.26412690985285625,0.26404207248519473,0.2641639735238543,0.26478828303780594,0.2646751924271758,0.2621804685836467,0.26313752082189157,0.26064381971545375,0.2599693075069258,0.26006805930570226,0.26210979441937815,0.26215737090521357,0.2621596167177546,0.2644218618412614,0.26488420137215346,0.2648251984351054,0.2651301008016006,0.2652864795998463,0.26540940836832094,0.26512267479701307,0.2652290646797135,0.26541301347223545,0.2654351612786731,0.26556944683737066,0.2656830584851932,0.2676469144700673,0.26679800963244577,0.26689210609149283,0.26737031565965297,0.2677506939651464,0.26784128121964595,0.26793448060190844,0.2685392136592121,0.2685416028904534,0.26848555061094803,0.2686691000688252,0.27089948053380253,0.27102761713676227,0.2714729544991073,0.271503141255748,0.2715297102610697,0.27148390947413503,0.27145124026629003,0.27134950644459105,0.27142319932169673,0.27164281794513334,0.2716677202677502,0.271971591358529,0.2719751847370983,0.27197569173235897,0.27202254522555086,0.2719169825411507,0.2719133937330984,0.27183591422212555,0.2718338970486026,0.27175301116216133,0.27188544877938414,0.27198364284599724,0.2721179522842077,0.2721278603284294,0.2721908945721433,0.27222866797568396,0.2723816130417471,0.2723904296462061,0.27265345501849764,
0.0,0.0,0.0,0.0,0.0,0.0,0.0,0.0,0.0,0.0,0.0,0.0,0.0,0.0,0.0,0.0,0.0,0.0,0.0,0.0,0.0,0.0,0.0,0.0,0.0,0.0,0.0,0.0,0.0,0.0,0.0,0.0,0.0,0.0,0.0,0.0,0.0,0.0,0.0,0.0,0.0,0.0,0.0,0.0,0.0,0.0,0.0,0.0,0.0,0.0,0.0,0.0,0.0,0.0,0.0,0.0,0.0,0.0,0.0,0.0,0.0,0.0,0.0,0.0,0.0,0.0,0.0,0.0,0.0,0.0,0.0,0.0,0.0,0.0,0.0,0.0,0.0,0.0,0.0,0.0,0.0,0.0,0.0,0.0,0.0,0.0,0.0,0.0,0.0,0.0,0.0,0.0,0.0,0.0,0.0,0.0,0.0,0.0,0.0,0.0,0.0,0.0,5.332930393714693E-5,1.0087752195758715E-4,1.7723892785913807E-4,1.7723892785913807E-4,3.2094076886054004E-4,0.001020776799557396,0.0010000756468522853,0.0010753240780144407,6.794781176511234E-4,7.872856432974015E-4,8.090238880805272E-4,0.0013241652374270233,0.0013941454278165808,0.0014450070192548322,0.0015411909927046403,0.0017102889555128124,0.001947845327572223,0.0020033978601800787,0.002065012891809212,0.002089586342270175,0.0021872988277251786,0.0023184889330737078,0.0024044246020184204,0.002335590645786749,0.0022552594436843158,0.002114020309493633,0.0022784698167417775,0.0024063787007944995,0.0024625626204274683,0.0027779121948918,0.003104190353724863,0.00334257179495693,0.0033263098958338367,0.0032618315170833832,0.003410212617171363,0.0038752893566932106,0.004529365038394311,0.004831691045559199,0.004942844077551382,0.004919354722140154,0.0051294033214045725,0.005495966623449818,0.005512732625006078,0.0056716959187530225,0.0061331980195944765,0.006491221641350362,0.0065721490848159765,0.007223322216497381,0.007403967526818228,0.007940552118164048,0.009967440610589351,0.010675097219151601,0.011075044566354305,0.011102399336197047,0.01132965929423508,0.011324277697711724,0.012087286792937637,0.012534074545952258,0.012673191192805572,0.012530521079821487,0.01290725640101969,0.013462415842801945,0.014208769826879748,0.014972347260678878,0.015026887404143641,0.01602440868793223,0.016185513935783446,0.017324728343030244,0.01767426963076545,0.019570986394417657,0.02025873041406687,0.020740822971012422,0.021025427566759992,0.02103025607424718,0.02105539486787542,0.021642460039191753,0.022531168245393234,0.022327429222656348,0.022954847175475607,0.0233218025455041,0.023546094208080563,0.02434537405819531,0.024711941978423056,0.024774157416595673,0.02519648266707185,0.025382393224386228,0.025406775640649748,0.0262272209048061,0.027737527212099104,0.02844152303427045,0.02896928058414535,0.030026546234115645,0.029781237072533273,0.0306148740173546,0.03293096338515999,0.03314835006518019,0.03344217331768888,0.034973553151005164,0.0354783920249241,0.03592276149820785,0.03619873011759407,0.03727324876425425,0.03755275933407777,0.038315696827680816,0.03868217253399686,0.03884532432035871,0.03953881800716873,0.03927553651587697,0.03977623553907851,0.041065799565337895,0.04156214459408835,0.04130631157183584,0.04453334377974265,0.044982066642632955,0.0448695703864366,0.044616637581894276,0.04483862314384703,0.044874759321396424,0.045685705315017824,0.04580240178451503,0.045691035013414455,0.048020787813442635,0.04806053307768251,0.04848408098901588,0.04858327086216518,0.05005139871632005,0.0536037256267407,0.054032345573827356,0.05403486606682626,0.055425061853781404,0.056564529761738425,0.058402970820354734,0.05919037759789152,0.0602784769022902,0.06475452977524737,0.06601867786796149,0.0668242839950528,0.07035362407045728,0.07236547496762352,0.07236419649909484,0.07377013744584504,0.0757549982758438,0.07593681619158078,0.0807182834510993,0.08311832350993369,0.08552234988930332,0.08902336407543326,0.09110384760613716,0.09278861039704416,0.09858388972280831,0.1035018036871758,0.1077693752669092,0.11776734791260718,0.11897826141046686,0.12083093164097612,0.12938140150046962,0.1299717586546008,0.13142866476027643,0.13148420563306248,0.14636405568509608,0.1476569926922271,0.1478489264756687,0.15279377040255077,0.153643654219588,0.15621734452698707,0.16204895211671297,0.16514120915151784,0.16869853011528063,0.17046832229092337,0.17162060924968872,0.17353460460790504,0.17413596161437422,0.17637803810128,0.1780431395786214,0.17788195314079794,0.17990656908652827,0.18066887402953663,0.1823376609107748,0.18294225457588148,0.18321191433131243,0.182681891652321,0.18285442568582402,0.18363226568951493,0.1837696262826334,0.1860972713623812,0.18469154153469203,0.18476927961568623,0.18401118356984045,0.18442140198143192,0.18446010338065932,0.1849892295842988,0.18472598367987475,0.1865049232269238,0.18677057886026824,0.18704302107998594,0.18717716622858077,0.18692085035087794,0.18737627890541442,0.1877600115694243,0.18780290553905038,0.1887731537672714,0.18887605063909002,0.18922722906111317,0.18960453954798556,0.19605726882535088,0.19695841796383473,0.19743962785569683,0.19765919613789215,0.19923084107996208,0.20118328967331517,0.20104244054541562,0.201870845651738,0.20191216278885796,0.20202325712957367,0.203135422145675,0.20319326220541956,0.2029783985865339,0.20332820691982886,0.2035281558112498,0.20424332973132964,0.20396433712122317,0.20500436683143342,0.2049315271124337,0.2052862493749704,0.2054471374776324,0.20566809241491962,0.20513637296655582,0.20535789542190708,0.2059180503681688,0.20623770335043276,0.206794640966499,0.20736135801091912,0.20766951648141926,0.20793242825888408,0.20823161842827898,0.20828734709399524,0.20907380967667663,0.20892689721932403,0.20897167329973138,0.20857076905911423,0.20848493958115205,0.2087231269195001,0.20871828316261798,0.21025523714518765,0.2103303181254191,0.21086873090446367,0.2107740914668779,0.2109153080400224,0.21089782279660454,0.21141249290813446,0.21450288160812117,0.21514626056649985,0.21514452324947778,0.21502683312031767,0.2152251731108114,0.21524362896120725,0.2154197724963711,0.2154031314209041,0.2160492696712636,0.21676068954963823,0.21674854059456758,0.21858940213376862,0.2190506032269935,0.22019130903962578,0.2215130530758871,0.22175664745577026,0.2221793654275448,0.22581206209003232,0.22569593668267723,0.22649256519759806,0.22689892074945134,0.22692762898324745,0.2273464346596027,0.22624478943779486,0.22563800368435447,0.225739160989671,0.2263711449823409,0.22638396485655457,0.22678627437946886,0.22772899111009426,0.2283404669441956,0.23043484350795543,0.23043811716401374,0.23073214433193887,0.23147163809913865,0.23201139452210545,0.2325915057435876,0.23258722831553705,0.23299377345856095,0.23283489661635876,0.2330454267919519,0.2354238712388271,0.23598594536723988,0.23691002031536693,0.23692922812019807,0.23704545025829984,0.23582150973510957,0.23653198949730594,0.23663551074624162,0.23763508047321832,0.2380667615137842,0.23769542850019754,0.2377486740637874,0.23832038536373604,0.2387907835179333,0.23883325279633125,0.2420473981211322,0.24235026053510017,0.24247290825481896,0.2427239413525375,0.24340963913438135,0.24368578530546703,0.243825215269724,0.2438183807270934,0.24668416899481668,0.2505946619595484,0.2510693480686479,0.2510782841988399,0.2512136640539619,0.25128209021787645,0.25167949848874566,0.2518769619603132,0.25190715535485503,0.25039661597429586,0.253798358340632,0.2537245860419123,0.25375881026333846,0.25378175355897825,0.25387353415689734,0.2539194523155993,0.25408538000523495,0.2550984654166156,0.25516129869674875,0.2551490244602765,0.2530380165925431,0.2532017014390036,0.2531905775519719,0.25320774266912843,0.2531784291855247,0.25458745939155947,0.25461259607419306,0.2546840589157878,0.2547055961694193,0.2598568725829103,0.2599487302983239,0.25891008563280943,0.2589876354628425,0.2590106669958185,0.2590253913113369,0.2594091366875712,0.25942647015618603,0.25944785274524046,0.2593775183573624,0.2594037037473711,0.25980700850142285,0.26037488572142065,0.260388279525353,0.2605390919228392,0.2605104057820437,0.2607595545436245,0.2608158148263002,0.26091421831747225,0.2609808195795105,0.2610521750478985,0.26400701195861365,0.2641538828054971,0.2645005793157387,0.2654134784921768,0.26592802047438396,0.26610183332448556,0.2627729651841733,0.263007364113812,0.26327659305996826,0.2688565102319722,0.2692580873528004,0.2693113318811859,0.26971255524628646,0.2697234186629343,0.2675530156611613,0.26748683350088376,0.2674047988340161,0.26858125544425526,0.2728807188808578,0.2728585619982673,0.27283617163836515,0.27529972780399115,0.2755624466469757,0.2755836203191153,0.2756673395275513,0.27581474339912043,0.27596041351796585,0.27610975245955227,0.27623241194374487,0.2774123077531524,0.2791211994286812,0.279304677786557,0.2788490201247112,0.2776925665449596,
0.0,0.0,0.0,0.0,0.0,0.0,0.0,0.0,0.0,0.0,0.0,0.0,0.0,0.0,0.0,0.0,0.0,0.0,0.0,0.0,0.0,0.0,0.0,0.0,0.0,0.0,0.0,0.0,0.0,0.0,0.0,0.0,0.0,0.0,0.0,0.0,0.0,0.0,0.0,0.0,0.0,0.0,0.0,0.0,0.0,0.0,0.0,0.0,0.0,0.0,0.0,0.0,0.0,0.0,0.0,0.0,0.0,0.0,0.0,0.0,0.0,0.0,0.0,0.0,0.0,0.0,0.0,0.0,0.0,0.0,0.0,0.0,0.0,0.0,0.0,0.0,0.0,0.0,0.0,0.0,0.0,0.0,0.0,0.0,0.0,0.0,0.0,0.0,0.0,0.0,0.0,0.0,0.0,0.0,0.0,0.0,0.0,0.0,0.0,0.0,0.0,0.0,2.612151971223886E-4,2.612151971223886E-4,2.612151971223886E-4,2.612151971223886E-4,2.612151971223886E-4,5.419827835808415E-4,5.419827835808415E-4,8.592676756062402E-4,8.696174590611542E-4,0.0012294222810745384,0.00204141360263273,0.0020965548240891147,0.007460402496090875,0.01080196712626469,0.02215222915519796,0.02573715960408446,0.026446358901812923,0.027144292372683156,0.030835581702212636,0.03608132597009512,0.037275981666169335,0.03754117224962857,0.03942030271804211,0.042171975228032926,0.04375327727553096,0.04463014708292854,0.04634284717859337,0.04723168238078036,0.047012345980786595,0.04862831773346545,0.04858789023244975,0.05288463343012058,0.05365846736137995,0.054473588201905954,0.05566248811938956,0.056783804372890816,0.05777439546696359,0.05809517012404403,0.06058568732512466,0.06196243921992973,0.06109024038208911,0.06102946897473182,0.05862981550080285,0.06203678209262203,0.06232348994754191,0.06400655208398054,0.066084393279296,0.06543951532166656,0.06690862811968563,0.06747677896380234,0.06923084187721046,0.07104523426620304,0.07474097623350465,0.0769996716628043,0.07825768996213275,0.07863847959364882,0.07984016086300251,0.0818822835087408,0.08241499047946417,0.08256855307839188,0.0846725301068889,0.08822214406881507,0.08884677200157223,0.08953696442006788,0.08998505650899677,0.09162549881167455,0.09339440492673834,0.09387449570806783,0.09466303191115186,0.09498012586426897,0.09423373112617292,0.0965678505829743,0.09904513313772495,0.09812641239231144,0.09927162790268279,0.10105034933577019,0.10118376826838837,0.10188800093830151,0.10233584665689419,0.1042663398951123,0.10432019288222447,0.10596678421675812,0.10776777864165535,0.10819233315670067,0.10867589042814496,0.10905063228463435,0.11203862816394976,0.11205492007372016,0.11245987738291906,0.11269369383875243,0.11315172008416148,0.11326278779942779,0.11415803296915196,0.11697052474709727,0.1183741466824932,0.11910233081081421,0.11888272403535662,0.12122850813254694,0.12150942194672332,0.12141848400015001,0.12306492892823218,0.1241026105308021,0.12563999170091264,0.12559906998613282,0.12607743716913974,0.12690399181133039,0.12543232395938408,0.12663926003502995,0.12749130682058646,0.12820309670837926,0.1292390139664865,0.12963642635704323,0.1316256331716935,0.13508800671833446,0.1354920706528364,0.13744991830574457,0.13892047249170225,0.13847129225600768,0.13912712580358086,0.13896727694128516,0.14067744123827075,0.14138255899689803,0.14194431336199054,0.14246339048602288,0.14218603205736624,0.14214439812975344,0.14274195038171783,0.1443409675726626,0.14430360124534505,0.14483780229036616,0.14649494560463416,0.1463140566730401,0.14728606842680544,0.14782416387100453,0.1485652529062099,0.15011839437103272,0.15036504114615423,0.15473057973490068,0.1557457761666537,0.15697309769576978,0.15654923752590258,0.15682883393635355,0.15776449197966946,0.15959023720180476,0.15974229046498964,0.15964002794789772,0.1596930098981555,0.16188900488673108,0.16321211161111113,0.16280932756051825,0.16363127846604794,0.16756582479649532,0.16746430231692455,0.16756714532897535,0.1681826256098908,0.1697845530311324,0.17143106935126187,0.17196442888467,0.1721353806976413,0.172456118603099,0.17377002011986248,0.17499418092577948,0.17571934291956237,0.17669949624464348,0.17622732999760465,0.17785273320474415,0.1785316619262392,0.1800718326354877,0.18063772906614356,0.18273101884450255,0.18270039360284143,0.18707586503111834,0.18830912092599608,0.18853543870760217,0.1892717488778942,0.1898813154758257,0.189937256665218,0.1912570972182557,0.19134714332504746,0.19162096293894867,0.19262378001070363,0.19304098562898397,0.1919818330215613,0.19248520308808656,0.1931736965844822,0.19421198616795848,0.19615012787620179,0.19804562368434958,0.1997881480438209,0.20351553071851333,0.20382405557702343,0.20527327928335276,0.20408571469371678,0.20306657852458396,0.2034438486804771,0.20590371786391642,0.20596819976212866,0.2069342732379901,0.2081180868973758,0.20987568850291544,0.20990989780010777,0.21346036082637873,0.2136689350362475,0.21420157416472646,0.21385770518340594,0.2149288093896184,0.21779781479609633,0.2194794486172009,0.22077494181054919,0.22070208795567517,0.22080072441343498,0.2212809889529621,0.22142911579355704,0.22161411078678428,0.22243674219425066,0.2230774888432171,0.22308898918804057,0.22322436451519856,0.22329060508743048,0.22342264347242421,0.22345790727006237,0.22407128032594004,0.22438935663111692,0.22491282153521994,0.22567095811519275,0.2253882248727436,0.22536267016652864,0.22538143390398693,0.22572183648093894,0.2284922504298421,0.22852934383172777,0.22846157914150256,0.229055314160784,0.22901340388671163,0.22917480641333132,0.22738349306167943,0.22730587565680158,0.2286363006303632,0.22981817223132273,0.23009873302291925,0.2299195297039699,0.23083146307601451,0.2311854095839874,0.2317197589895741,0.23138929419746157,0.23140821728396535,0.23307743346232934,0.2340412223463365,0.23413480311925902,0.23454861139409874,0.23476308260842008,0.23475094101551286,0.2347275434163258,0.23715570760696852,0.23728902516122105,0.23748155387747874,0.24251673366656126,0.24370490364646552,0.24795072836895338,0.2440249602426659,0.24407959107929805,0.24320121417099272,0.242861764005502,0.24287051473626314,0.2424727262156894,0.2421244433465392,0.2418183745311338,0.24135455972899303,0.24206744432107655,0.24208852377494267,0.24245524417166486,0.24239574674417613,0.24202653030698568,0.24199213674984732,0.24261942087167224,0.242876752226728,0.24448491215291818,0.24493589790983272,0.2453398400187142,0.24572774464347863,0.2481377933564759,0.24989982937483882,0.24985819714226876,0.2499805553245487,0.24998534364079195,0.2500438135842519,0.2502061683405299,0.25034256339838634,0.25033626121009517,0.2503186036094147,0.2503437308095311,0.25020048956389745,0.2511761382430675,0.25207806427715446,0.2520647342846715,0.2521841835360959,0.2546954451608418,0.25666216503498124,0.25680338593496604,0.25650173659558706,0.2566281280480016,0.2566685094852943,0.25705859920866564,0.2571307956889008,0.25717625468922667,0.2572148196110006,0.2574141832478979,0.25752515536555487,0.257693568465789,0.2577961289481994,0.25850435409528266,0.25851571038632404,0.2589059530607308,0.25905879747508653,0.25902905379069774,0.25845714103608697,0.2574124339412455,0.25743418205662716,0.2531851695910029,0.2542702146465253,0.25480692952486883,0.25455288080448446,0.25466157777928544,0.2553929113963275,0.2555181424839509,0.2564803161239591,0.2564786969583754,0.25652824470070434,0.2565570978700972,0.256633473666598,0.25738567128262646,0.25755238751391374,0.2576278413534089,0.25764221817387123,0.25777149524863,0.25778894943460373,0.2581120328415742,0.2590261966041049,0.2590183001987233,0.2605986700758549,0.2606110127615447,0.26110945763896276,0.2611339177442268,0.26118684718195867,0.2611756606347422,0.2612389541075931,0.26133788681564263,0.26131031929129994,0.26149092635133087,0.26150483444448147,0.2657735540345489,0.26605346698260773,0.26619566159727026,0.26620697941452287,0.266228555132633,0.26666954693292855,0.26739468390585536,0.26739633898124904,0.26540755076285755,0.26566690075813953,0.265647350672528,0.26576082683529323,0.26573802305679123,0.2656861723944716,0.26573151398806016,0.26575276173263684,0.26546382330298623,0.26516100427943284,0.2654894581948343,0.26549212152547275,0.2659051466047672,0.26592242277606754,0.2655624261751455,0.2655783398033852,0.2656095350984231,0.2655892813255235,0.2660156900825171,0.266031023268269,0.2660217323926474,0.2663960313181268,0.26654696627666763,0.26666319336772604,0.26671340387897774,0.26703123739598017,0.2678194708134762,0.26798703568097554,0.2681867854237991,0.2682111725327633,0.26835609191447146,0.2693978646550262,0.2694727837761694,0.26954379075082147,0.26959116633934704,0.2695932879506204,0.2697540560302599,0.2699106936381059,0.26996476655790547,0.27025023290934597,
0.0,0.0,0.0,0.0,0.0,0.0,0.0,0.0,0.0,0.0,0.0,0.0,0.0,0.0,0.0,0.0,0.0,0.0,0.0,0.0,0.0,0.0,0.0,0.0,0.0,0.0,0.0,0.0,0.0,0.0,0.0,0.0,0.0,0.0,0.0,0.0,0.0,0.0,0.0,0.0,0.0,0.0,0.0,0.0,0.0,0.0,0.0,0.0,0.0,0.0,0.0,0.0,0.0,0.0,0.0,0.0,0.0,0.0,0.0,0.0,0.0,0.0,0.0,0.0,0.0,0.0,0.0,0.0,0.0,0.0,0.0,0.0,0.0,0.0,0.0,0.0,0.0,0.0,0.0,0.0,0.0,0.0,0.0,0.0,0.0,0.0,0.0,0.0,0.0,0.0,0.0,0.0,0.0,0.0,6.524895777046365E-6,4.837956400547129E-5,4.893176639985365E-5,5.435149879459686E-5,5.437552446197577E-5,2.950459576755266E-5,2.884058831839497E-5,3.6147451869056134E-5,3.613168827225192E-5,4.401685974174931E-5,3.4361866886215025E-5,1.24354179503814E-4,1.1383245746172627E-4,1.690757767913309E-4,2.317252401675507E-4,7.97513815132777E-4,9.220722932211842E-4,0.001255586209149944,0.0012389660888008655,0.0014234871716612464,0.0015252737659980252,0.001662565215280827,0.001639541567357794,0.001671414734600971,0.0018619665131741016,0.001917871295993282,0.00200231552081499,0.0020621368320368,0.002183970575963437,0.0021560065705463374,0.0021640831299733704,0.0022703289242194365,0.002029221015225458,0.002062010671661678,0.0022283755852696165,0.002259722843935785,0.002340556125266871,0.0022467357761070156,0.002503550381356578,0.0026572343582308704,0.002581694977634713,0.0034433483801973573,0.003740083058775805,0.003985916256558775,0.004911554555633715,0.005305520024255341,0.005063792197701735,0.005164886786719727,0.005157015524021095,0.0052849153690805424,0.005296688542621615,0.005399089640592342,0.005667213592321312,0.007490958179263035,0.0078051424121181505,0.00810728267562844,0.008209841822628336,0.008757539876070287,0.00971564943507019,0.008721089888060574,0.009574991358632226,0.010606263310399702,0.01057032088509805,0.010823507486088804,0.011712152025553738,0.012786721590967269,0.013416431406852839,0.014448569726921903,0.015269251406638205,0.015409831091831548,0.015706138170187303,0.016222962832264036,0.016513139931073575,0.0162718188937912,0.016413197201823847,0.018084937329572035,0.018499615432536764,0.019106938649781278,0.018860668330425948,0.019622640730839195,0.019760617473812504,0.020458706449525313,0.02158668547034227,0.021522656545568404,0.021684840357819087,0.0225761747151299,0.02316529395898288,0.023381001800129822,0.02428530499115242,0.02447238850752753,0.024592415338079165,0.027463908779184046,0.027464710545985187,0.028809848245992007,0.02884434814658809,0.029002753892354828,0.030327597263198225,0.031124804784609605,0.031117956080184753,0.031026447713273574,0.031881008247981776,0.03564520164583252,0.03764812306379443,0.03958070455186707,0.040964666618527906,0.042767177330832795,0.045173925412272144,0.04688531416234368,0.04662050699680544,0.04846626194526249,0.048578291083849416,0.04940167378685335,0.04958925741269565,0.05028724672839319,0.05370679918016619,0.05520324383079299,0.056266882569506606,0.06115182297239152,0.06255701525361292,0.06468905151307754,0.06556229473900566,0.06674754722363005,0.06685819786409151,0.06709817065321172,0.06854211588711347,0.06974564362044298,0.07017586638066528,0.07138236258710573,0.07333376222117512,0.0759067448909416,0.07804457062069522,0.07894138906075003,0.08248909310096608,0.08375087533060904,0.08692628409015926,0.08798521629426127,0.08825501102418927,0.08822551916188562,0.09034594457698625,0.08975283004829548,0.0896116020569525,0.08967329007271256,0.09117686336984832,0.09184505584059306,0.09337371722953816,0.09337908592102838,0.09371117764570666,0.09834705464406854,0.09870111467848897,0.09861181838319048,0.09948832442910094,0.10003609897309608,0.09884591213775726,0.09987820425592822,0.10074810628874963,0.10378339509862235,0.10441137504909391,0.1039505528653671,0.10506901941133892,0.10495366958838373,0.10747065131227296,0.10789437667831225,0.10842080435054632,0.10966556430837204,0.1095445020026574,0.11051455031283089,0.11088882197871829,0.11124834570063881,0.11185318435168475,0.11220254891311447,0.11541029462958825,0.11669299062138597,0.12398005126226634,0.1246656459214242,0.13370836695567498,0.1343512707720314,0.1350770316725543,0.13504670496949306,0.135377795633962,0.13844240433667934,0.14011524542552206,0.1416805397397692,0.14196747636215634,0.14310205076075147,0.14504665878795034,0.14571861493444474,0.14876163322071026,0.14882642750587277,0.14895471025929882,0.14905696915281746,0.14926305804184933,0.14918887007765377,0.15023002109201092,0.15090696395790987,0.150148987610374,0.15219690554225201,0.1524966850591705,0.15255354789117995,0.15462238757783428,0.15717571583885168,0.15692906021058944,0.15730585586204915,0.15755194670117303,0.15776508007000892,0.15871275106539273,0.16166209811089785,0.16166132727458818,0.16249144141857577,0.16271423347987723,0.1627695748483783,0.1627235274674299,0.16594935562847074,0.1676687663628344,0.16776693400293852,0.16867748419060655,0.17041469083709257,0.17064351054508914,0.17088664094117675,0.17187904714478192,0.17193337619042828,0.17176618389613235,0.17199824326906407,0.17230313966689284,0.1716576578272103,0.17161125254212253,0.1741348530589985,0.17512964050716787,0.1754796448896576,0.17809564397108596,0.1779658598411916,0.17841323360751993,0.17790515441372887,0.17793017611231257,0.17901383963605735,0.18271121425968676,0.18314561905444282,0.18696336854967632,0.18705837758978208,0.18823865144198357,0.18802386515917946,0.1879997597336956,0.191005051313326,0.191121123180923,0.19440653980587175,0.19459835375121404,0.19464180273550394,0.19487321326207543,0.19501225621010856,0.19506687419335822,0.19774597517707718,0.19801986109979858,0.1983225887153322,0.19831495192601126,0.20073779375584008,0.20254672513002175,0.20411209574273834,0.20472959568874854,0.20544631146267273,0.20550270657043798,0.205907067846858,0.2063614281369348,0.20725321148759568,0.20775767302881465,0.20827239330731642,0.20906345339556265,0.20934213443535668,0.20938084802899878,0.20937221969436837,0.20970168290303798,0.2126261498111855,0.21285171975224787,0.21272391205404512,0.2128200839586772,0.21236524766811574,0.21295307591965004,0.21318491451861787,0.21418838712506927,0.21393100680319005,0.21450679505627093,0.21444470322625295,0.21515958280458336,0.21538413954143065,0.2156439737672708,0.21569691434107324,0.21631526314536448,0.21718996562924678,0.21766095825314083,0.21765253137824075,0.21728741037013577,0.21749207706258986,0.2174077898269315,0.2178288662590847,0.21767738891703642,0.219421931754651,0.2196426934995163,0.22005775204211395,0.22022547627251807,0.22096907683360048,0.22102940169015697,0.22095176862068477,0.22108457263405668,0.22222207694519294,0.22223724414980847,0.2224578154348021,0.22276831479702136,0.22303960985657031,0.22304008603441988,0.22305124883820326,0.22336255076940664,0.22514061154559492,0.22522967263468438,0.22740576455690434,0.22739708279689283,0.227484142502252,0.22956351074475043,0.22920161103859898,0.22925886635138723,0.22931867957255794,0.228375606195703,0.22864364327512826,0.22910633449767842,0.22919346263934387,0.22906792472667953,0.22913154866954794,0.23046793128746676,0.23177052610955626,0.23241232235126005,0.23365719155312645,0.23398687121997408,0.23416426737574425,0.23434830925178476,0.23467580550636163,0.23644649321800035,0.23598888839747048,0.23615296514122902,0.2375708150668579,0.23755911968920757,0.23756703734521578,0.23799156366958538,0.2382877038614454,0.2384866934111148,0.2387496214643241,0.23880994392662605,0.24028876115731687,0.24096789857040754,0.24126930202971894,0.241501594793882,0.24150919822119957,0.24155709375767323,0.24066805579723438,0.2406715038412903,0.24087145887028905,0.24246018362982985,0.2435763596002583,0.24369184137818348,0.2438456938485669,0.24344210510358294,0.24357834304303147,0.24357676623776142,0.24357835385140575,0.24456034422045367,0.24465562302456487,0.24471372657373025,0.24546940524331642,0.24471764110782404,0.2448662005095101,0.24487360684384274,0.24508496644417638,0.24520011528602922,0.2471216433496322,0.24721796835867524,0.2475837588453806,0.24774469004186897,0.24866912381618497,0.24867223503824026,0.2486732974402468,0.24924827130279642,0.2493043629249556,0.24959709096616176,0.2495971692519961,0.25036231067950243,0.25022057623089833,0.25005354655932654,0.2501449831060049,0.24992191537234323,0.2501074986583521,0.25232611568170543,0.25258741754752406,0.2537981965090932,0.2541026559596323,0.2532731189875588,0.25329472123819174,0.25393463417949824,0.25395294949081976,0.2539106254098407,0.2559209888624418,0.25532720536705444,0.25550053213773005,0.2556883815947385,0.2558807235999221,0.2558865500884217,0.25660314872546847,0.25671400556355384,0.2568385478294912,0.2566948290077358,0.25703270922863275,
0.0,0.0,0.0,0.0,0.0,0.0,0.0,0.0,0.0,0.0,0.0,0.0,0.0,0.0,0.0,0.0,0.0,0.0,0.0,0.0,0.0,0.0,0.0,0.0,0.0,0.0,0.0,0.0,0.0,0.0,0.0,0.0,0.0,0.0,0.0,0.0,0.0,0.0,0.0,0.0,0.0,0.0,0.0,0.0,0.0,0.0,0.0,0.0,0.0,0.0,0.0,0.0,0.0,0.0,0.0,0.0,0.0,0.0,0.0,0.0,0.0,0.0,0.0,0.0,0.0,0.0,0.0,0.0,0.0,0.0,0.0,0.0,0.0,0.0,0.0,0.0,0.0,0.0,0.0,0.0,0.0,0.0,0.0,0.0,0.0,0.0,0.0,0.0,0.0,0.0,0.0,0.0,0.0,0.0,0.0,0.0,0.0,0.0,0.0,0.0,0.0,0.0,0.0,0.0,0.0,0.0,0.0,0.0,0.0,0.0,0.0,0.0,0.0,0.0,0.0,0.0,0.0,0.0,0.0,0.0,0.0,0.0,0.0,1.6623284082008748E-5,1.6640123953139318E-5,1.6640123953139318E-5,2.89242517862885E-5,7.950659263415062E-5,8.900857975785887E-5,2.1071573829054425E-4,2.5716751374098865E-4,2.8924428715676654E-4,3.806592862829985E-4,4.691250064996339E-4,5.244356465368189E-4,5.680879918583363E-4,5.70055183463573E-4,6.025807715137515E-4,6.437073543820447E-4,0.0012267226701080935,0.0014301905889434962,0.0015497888138593639,0.002036881217115298,0.0019363085715764056,0.002616116601207503,0.003302564682819413,0.003395095608043462,0.003628016265961726,0.003632520267080808,0.003744543598538768,0.003847551437241538,0.003842371157722663,0.0046043789435237705,0.00547515356191694,0.007800504996663833,0.009721678965252617,0.010658667893568613,0.010703902576636231,0.012054521070368614,0.012285320075081051,0.013089124561768199,0.012875495161485798,0.01426761954148048,0.014915819479193133,0.014723037717750933,0.014706819676759695,0.01570063566632002,0.015944687817244195,0.0182896178115616,0.01880963522993149,0.02060640474801649,0.0207398324450635,0.022103389176851614,0.022381203476777817,0.022311290695961866,0.02225129853303523,0.023071499367848355,0.023665824420177697,0.023728362096169596,0.02395817175467981,0.022659216026490167,0.023777595266365328,0.024605009088268674,0.026061963906073224,0.027791157778511853,0.02917389444532091,0.02917626710972326,0.031254827822503634,0.032509110591566415,0.03299599185315616,0.0327614423492518,0.03355405911218483,0.03436634231791954,0.03456187343132633,0.03487613144356547,0.035933444979277425,0.03657887660260136,0.037528793710606814,0.03899603108219452,0.03997374951747648,0.04075400874499144,0.041337548732937095,0.0435780904059105,0.04407364917021517,0.04512765502464611,0.04555968672031605,0.04609443991377066,0.047167402225067726,0.04764420981542694,0.04843736333834616,0.049185691156067274,0.04948949253959513,0.05129245649864585,0.05120294131088812,0.052307190297061164,0.05350787191878844,0.0537399389242464,0.05444047734859919,0.05550848816228076,0.05507973661495157,0.05769141389271159,0.058069156068936686,0.058016980613056914,0.05865267484011099,0.05888849118479545,0.06051759919725276,0.06084412317062875,0.06293169428198367,0.06317186560400886,0.06429891303381213,0.06648926425838658,0.06734111307555503,0.06788797371249189,0.06844376983708873,0.06921506613478212,0.06904906194524826,0.06908540786871906,0.07024546268386565,0.07095908094779113,0.07153001819855535,0.0758731096624521,0.0760940851860706,0.07598836111493351,0.07617207298061314,0.07659657162243791,0.07671138615355044,0.07944519342498638,0.08136919198343119,0.08203623545108944,0.08296058883589603,0.08432041685041468,0.08510395084705781,0.08648960109177717,0.08690899608225665,0.08762659906603658,0.09007893674722074,0.09065021165170611,0.09128973692439665,0.09300234828947718,0.09506628599410559,0.09422238631373596,0.0946984213119337,0.09528501139998213,0.09674200134475733,0.09864412010347377,0.09797611244204439,0.09839094134538542,0.09922642033113302,0.1003235541276506,0.10071076393503443,0.1018130562165113,0.10176019323048537,0.10445830734257404,0.10550448264974668,0.10552215760827,0.10602843461953676,0.10830781710942927,0.1092591761049484,0.10950040999110613,0.11105639542949729,0.11106146817668705,0.11262985889117481,0.11277017351085405,0.11336466793326053,0.11379442892761998,0.11482808812368929,0.11597277237561819,0.1159115045665501,0.11563707455044211,0.11738845155678998,0.11751342393813369,0.11786939108306554,0.12134891044254577,0.12441591952937016,0.12491246673560323,0.12869624161152174,0.13127649885133508,0.13192747468829635,0.13230289632524594,0.1328597668968457,0.13349577767810672,0.13402576234584335,0.13417603324232857,0.13467197003250098,0.13514245251541682,0.13695713529144093,0.13718800998433991,0.13662585994684975,0.1368359332832363,0.13742286821775535,0.13862844897107113,0.13891061918665903,0.13957997775487746,0.14024504872387314,0.14003212728124698,0.14187801380909124,0.14167453200997301,0.14378079074946085,0.1440265760914812,0.1443020970893674,0.14435306386240587,0.1446345240530964,0.1454853883701036,0.14553886097429436,0.1452032347482686,0.14546056154404285,0.14613791685023605,0.1486559442597064,0.14867237578572043,0.14822088749974816,0.14746049704382572,0.1478462605874494,0.149205735394847,0.14900419549391303,0.14956208824830444,0.15020413854014358,0.1512798655835492,0.15220548882393392,0.1526990845700893,0.1529950363441389,0.15439749180932996,0.1549089396190961,0.15571354267564722,0.15819119733096362,0.1585171921235993,0.16031491686164934,0.16130994630612777,0.16645887524296318,0.16668038887821554,0.1684523054212438,0.16916532428050762,0.16950400148118305,0.16972009713278652,0.17120439202781645,0.17120974210986728,0.17035065129354346,0.17195393670580172,0.1729020247641908,0.17370512199580732,0.17367977990532496,0.17420196713250574,0.1753933570817937,0.17683461516383947,0.1778264682361496,0.17870456568315424,0.17777669270165938,0.1780071274650931,0.18009194522156688,0.18124665886407162,0.18126983690476844,0.1806176635071783,0.18067962457160147,0.18196715859082194,0.18376372803136895,0.18482903182831067,0.18520789341933647,0.1856483729293908,0.18578598267609614,0.18660448088951237,0.18763184352270548,0.1875802276482052,0.18722038322179585,0.18694547717130763,0.18763845183772926,0.1882125051510525,0.1891883056269191,0.19089860266067488,0.19297529235058322,0.19339737428564893,0.19351073102933536,0.19707946894071887,0.20024344706887912,0.19986452415839306,0.2020293956794555,0.20622380002212912,0.20692180745763775,0.2080628119075316,0.20963722216132874,0.20986257819902893,0.2099248844430024,0.21018203242882935,0.21034610590221142,0.21056195898022215,0.21072308689785077,0.21071533201870338,0.21117820904233672,0.2112207493717348,0.2131568338623359,0.21349807166772422,0.21409746796482707,0.21448002540560032,0.21590130705511965,0.21613663728376228,0.2170890122587292,0.21716521778454195,0.21812294574906727,0.2164212457814553,0.2177052789674598,0.21844264589766665,0.21872800130140094,0.21910218315529184,0.21936834297486285,0.22125289893337224,0.22164412224701086,0.2218084128202166,0.22236761322264076,0.22256249346325052,0.2219703231781498,0.22234445466392994,0.2261180398090258,0.22609162853921186,0.22682078636082628,0.22677267433859316,0.22723322438935653,0.22820046463147775,0.22826022048941072,0.22855329891063572,0.23098606497373445,0.23148877021597575,0.23053102716828586,0.23080054313101842,0.23131484626303345,0.2315824511166592,0.2315436418429427,0.23182019870537154,0.23241253240172055,0.2330849692645037,0.23324494223009173,0.2334114421408393,0.233386986288323,0.23336633458066253,0.2336510091122013,0.23358475181586327,0.2337678535166401,0.23417379288633203,0.2340479843086788,0.23452932466089058,0.23443787532664903,0.23433709885649925,0.23431120471521286,0.2344979090386904,0.2345218377468339,0.23445505952990514,0.23440955176278339,0.2344446953271618,0.23579948882399943,0.23507848670247405,0.23507644812870346,0.2352401337936783,0.23458240565957258,0.23460943270720697,0.23796777305896835,0.23839196938372814,0.2384750133877446,0.2384382383089742,0.2386090396892889,0.238677614364184,0.2389612557477627,0.23919017406147877,0.23910861639444134,0.2390927320990071,0.23925132644397504,0.23918151362215578,0.23915012835670124,0.23915397748498693,0.24068911517952388,0.24063205446824462,0.24076008499350038,0.24088473950008568,0.24092526862558844,0.24097065662126654,0.24084675720356682,0.24105729152058633,0.2411318352390355,0.2411607367749139,0.24122457362145783,0.24110871501585715,0.24084962586875164,0.24076420656386743,0.24112714765290275,
0.0,0.0,0.0,0.0,0.0,0.0,0.0,0.0,0.0,0.0,0.0,0.0,0.0,0.0,0.0,0.0,0.0,0.0,0.0,0.0,0.0,0.0,0.0,0.0,0.0,0.0,0.0,0.0,0.0,0.0,0.0,0.0,0.0,0.0,0.0,0.0,0.0,0.0,0.0,0.0,0.0,0.0,0.0,0.0,0.0,0.0,0.0,0.0,0.0,0.0,0.0,0.0,0.0,0.0,0.0,0.0,0.0,0.0,0.0,0.0,0.0,0.0,0.0,0.0,0.0,0.0,0.0,0.0,0.0,0.0,0.0,0.0,0.0,0.0,0.0,0.0,0.0,0.0,0.0,0.0,0.0,0.0,0.0,0.0,0.0,0.0,0.0,0.0,0.0,0.0,0.0,0.0,0.0,0.0,0.0,0.0,0.0,0.0,0.0,0.0,0.0,0.0,0.0,0.0,0.0,0.0,0.0,0.0,0.0,0.0,0.0,0.0,0.0,0.0,0.0,0.0,0.0,0.0,0.0,0.0,0.0,0.0,0.0,0.0,0.0,2.24446449119945E-5,6.112065383497487E-5,6.112065383497489E-5,7.872275985356137E-5,1.1637335927172087E-4,1.4661392837413145E-4,3.369216602086141E-4,3.369216602086141E-4,4.6270975808841686E-4,6.758515568662873E-4,7.974171321061031E-4,8.517303272572418E-4,8.712755132731215E-4,0.001010013682626409,9.92830027375804E-4,0.001222993379780375,0.0013540267335973876,0.0015951319342177278,0.0015773755747217047,0.0016706536521020677,0.0018634411346170876,0.0020430331745460773,0.0023280743769130926,0.0021987674334625193,0.0026157429989101745,0.0030015009732931525,0.0031013300469537185,0.0031600779204724416,0.0032524788926455734,0.003076802341632291,0.0027865259921422466,0.0027690959796235,0.0037221728590431965,0.004798768661331859,0.00504389456420868,0.006221217349387986,0.006197854003158338,0.006292839021143353,0.006374061248361147,0.006248193952843331,0.006256626921701299,0.0064688065369333855,0.006655524876155263,0.0066747785228949315,0.006991217390333762,0.007190042456683454,0.007067392195168467,0.007275447613354016,0.007371339837000836,0.007578317168292178,0.007621789165562254,0.00792915996768116,0.008066752340872898,0.008498630729274833,0.008716418120714213,0.008467861672322443,0.00866153720557814,0.00887544875568494,0.009005096739598494,0.009330994813793552,0.009701770367307577,0.009726886398782752,0.009890771574104248,0.010552335650221735,0.010808493964804416,0.011627190769328685,0.011888124375104612,0.011909089428609902,0.013161909865927652,0.01310751940530546,0.013858772922518229,0.013795364925979846,0.015822124397109404,0.016140122956638324,0.016870280791562796,0.017791065208548694,0.019421509545481348,0.02012843141064788,0.02112209803476826,0.022778627692900337,0.023169446122752416,0.02374494971329983,0.023922018473251386,0.023955238237059872,0.024808836734509655,0.025454231925701752,0.025806764419264116,0.02620528388812547,0.02625920645063403,0.027493249682294156,0.028251234566573472,0.028892860795184057,0.0291257427864355,0.02889873815932433,0.029179719398709673,0.028471066091645784,0.0284753108561254,0.029234039305377633,0.028587529943768987,0.029096790184291045,0.02914571509621297,0.029942855157938743,0.031003997929710415,0.033424897254033414,0.03479251643845243,0.034919231636532794,0.03589600956474759,0.03616056024750738,0.03659939843961248,0.03817858632234316,0.03881190324829113,0.039825429962822435,0.04090366007054875,0.040950049004388374,0.04132782426992096,0.04305427415778648,0.043183668797576215,0.04543972376985688,0.04709356972207506,0.04846038125122505,0.04900253033129429,0.049343654154952,0.04945307062696898,0.05032729586871279,0.050353135743279785,0.051053842530211724,0.05119519678681312,0.05317328742758074,0.05410041467211159,0.055219793582816534,0.05726604214880963,0.057801823025985126,0.06090541015040608,0.06211171073119381,0.06252564882737763,0.06325276134651321,0.06461976889562242,0.06932102648759307,0.07030952411383508,0.07119774587204843,0.07191473886687925,0.0720323697017733,0.07369692324323442,0.07438567561411026,0.07614268002404599,0.07774064073375546,0.07897108492572279,0.0794183389689545,0.08080110172211262,0.08279037314030582,0.08302720500226565,0.08507764000906017,0.0851826843043951,0.0853434845433092,0.08566766375051289,0.08525745517335494,0.08555056057719075,0.08568950496643853,0.08718725315066425,0.08781524284979046,0.08762443576350379,0.08790068072156544,0.0885077424679294,0.08922807281230258,0.09056708217437558,0.0919062034098916,0.09307120784088198,0.09429521037548688,0.09436730857863505,0.0952239658217428,0.09612219352508729,0.09706957421717952,0.09691222206969022,0.09725958303765204,0.0973951949653177,0.0975977086192059,0.09785257640811368,0.09949209720525426,0.09997634926598095,0.09993856531072381,0.1004679849195811,0.10105831756004423,0.10086865248432121,0.10039280964714647,0.10038507188598514,0.10099355427361473,0.10177881578248145,0.10172805571914799,0.10552014396981456,0.10592352592763872,0.10663517702448741,0.10668570971917421,0.10697191926953896,0.10686843315999477,0.10840270807101525,0.10860811789833398,0.10813760909714625,0.10889177427596942,0.1098827264945618,0.11093579385040159,0.1115952227804535,0.1121981432563028,0.11266703980525064,0.11310354034191664,0.11372909351642714,0.11437127575768707,0.11522208248240391,0.11713499573607863,0.1171699839755775,0.11829018317766292,0.11892967132716349,0.12176640957491236,0.12212919920122964,0.12305131374890825,0.12347564534806325,0.12347545855466233,0.12377144223298345,0.1241534301284483,0.12472200940963883,0.12534355498226757,0.12574837919262558,0.12885999085667638,0.13059288750807643,0.13106778030306337,0.1320902300333637,0.13295134222559818,0.1346610525411709,0.13575872421459168,0.13531379738182303,0.13551093156404115,0.1353835518473457,0.13597372765199722,0.13819456372067157,0.1384138292120372,0.13878570393385123,0.1387780222780422,0.13880433269759612,0.13960109973215573,0.13967840608245363,0.14087102709573643,0.14141318568815126,0.14189615059205665,0.1421450066098783,0.1422441315540372,0.14227146699017712,0.14376976424438087,0.14346171226003307,0.14436316101320149,0.14502799259165147,0.1454893665805332,0.1457002426341043,0.14695239575766325,0.14696567532470414,0.1479542004520867,0.14840090763012642,0.14904729275362213,0.14916917096445756,0.1498464592216453,0.16023768826942814,0.16052666824841091,0.16118929057653378,0.17091613944187597,0.17337696151109463,0.17363629445386322,0.17480235968412133,0.17482860397487576,0.17466536251440917,0.17646467050642803,0.1858609554419552,0.19138114009095775,0.19193592063836398,0.2069127325409183,0.2070714224622641,0.20751928417278967,0.209822302588667,0.20993177037461463,0.20965575271682826,0.2099418111832733,0.21020117397102808,0.2100236044267802,0.2109766002285433,0.2136865910674604,0.21777091171296897,0.21784188676358382,0.21808296451434814,0.21813026670344576,0.23065723605872415,0.23173749096893034,0.23183851889192342,0.2328839417205575,0.2346522688668763,0.23545306169287003,0.2369218797818388,0.23757025686163524,0.23758548617439346,0.23708728870287069,0.23666996490657238,0.23732650139630881,0.237801014848455,0.23930058679284744,0.23951023537240515,0.23967136861781282,0.24111553189428261,0.24151073883714017,0.24155797015861513,0.2425914860648651,0.2458149409497628,0.24617177137713153,0.247207950176045,0.24945517529216188,0.24989070953871428,0.25090763414815875,0.2509870459984572,0.2514120376605552,0.25139637467011383,0.25251995545816674,0.2517660347234657,0.2499100402039161,0.2486329022348789,0.2507925690161571,0.25091216391664123,0.25143372198344954,0.25252293021650823,0.2529943678130811,0.2530719292325571,0.2530530734398923,0.253218888201632,0.2533309305005746,0.2535478803031778,0.25264415147077807,0.252654914750898,0.252254489746389,0.2522871210805006,0.25395447832142437,0.2539930100000473,0.2540515685505894,0.25437461049727494,0.25463812626597276,0.25466440169735355,0.25518190044339667,0.2559774566979272,0.2564236763646904,0.2564075534458993,0.2557222892374796,0.2557586355484761,0.25602442704601963,0.2560643087342548,0.2561125773445465,0.2561038463278258,0.25615336965081154,0.2562189649911283,0.2566725829838722,0.25676738691408907,0.25514440431678864,0.2537856738461281,0.2539569068400542,0.25400435714961045,0.2542510158424614,0.2542360721692855,0.2544968778606448,0.2544914509742359,0.2546993664486671,0.25471167936995814,0.25482866229263074,0.25517603427803803,0.25515636487470705,0.25526524529109645,0.2558104753823266,0.25603210566427786,0.2562284082501333,0.25627196727016904,0.256390399893135,0.256649888390798,0.2566577409126226,0.25685883505061624,
0.0,0.0,0.0,0.0,0.0,0.0,0.0,0.0,0.0,0.0,0.0,0.0,0.0,0.0,0.0,0.0,0.0,0.0,0.0,0.0,0.0,0.0,0.0,0.0,0.0,0.0,0.0,0.0,0.0,0.0,0.0,0.0,0.0,0.0,0.0,0.0,0.0,0.0,0.0,0.0,0.0,0.0,0.0,0.0,0.0,0.0,0.0,0.0,0.0,0.0,0.0,0.0,0.0,0.0,0.0,0.0,0.0,0.0,0.0,0.0,0.0,0.0,0.0,0.0,0.0,0.0,0.0,0.0,0.0,0.0,0.0,0.0,0.0,0.0,0.0,0.0,0.0,0.0,0.0,0.0,2.3388171369342406E-5,2.3388171369342396E-5,9.98446767462278E-5,9.98446767462278E-5,1.259433372820395E-4,1.2800394646957328E-4,1.295362918245102E-4,1.295362918245102E-4,1.3654808748401377E-4,1.9048920773960515E-4,1.8176509091402662E-4,1.773770313265837E-4,1.7205306493919248E-4,3.1092199835980073E-4,4.2503428614548385E-4,4.290062655775135E-4,5.497334120476963E-4,4.945267110112041E-4,5.238439779532403E-4,8.247061319564045E-4,0.0010061026263638664,0.0013074646159468362,0.0012763604835405807,0.0014059648280403685,0.0014952119356179908,0.0012768527816315134,0.001938120187569483,0.002220761330195281,0.0025695154087636866,0.002804837338355604,0.0029769720752126816,0.003049643242826014,0.0031534249725320884,0.00306214765976813,0.0030842103514780927,0.0032012564931494405,0.003015274201927293,0.00338702370887342,0.0035262778319786045,0.0043854051695482645,0.0060936264886558315,0.006613198361542431,0.006984995037350313,0.007249412200640398,0.007497948906512934,0.007442092372496861,0.008648342357241936,0.009091762274229429,0.01053365515454616,0.01209383741770649,0.012398363418744453,0.012025382591660418,0.014785812780946017,0.01509691849949264,0.01734208217428509,0.017912702583178924,0.018127231230616832,0.018789720258264215,0.020932865860426395,0.02171543200253142,0.022755356566114503,0.022843367349746523,0.02291915513300683,0.02293620276462345,0.02361814815361735,0.02347498370837569,0.024521482013804424,0.02632038019777394,0.027055751404486877,0.027387677113968893,0.027503214743239943,0.02894521400728187,0.028940121733268022,0.03000508055454935,0.030642238147702235,0.03107461351628925,0.031185033879312384,0.03195689345744601,0.03259356597839516,0.0322409282035216,0.03228942930863945,0.03219200557595731,0.032357043419455056,0.032316940622595255,0.033467536858469524,0.0339103169263467,0.035018265027523726,0.03685956594448891,0.03913765372017445,0.039186497554675986,0.03949262339057441,0.04273035574403734,0.04294143669721799,0.0432728419934772,0.04320107021145983,0.04320380242122949,0.04343457656774356,0.0441658003708568,0.045061818913441874,0.04543102167464563,0.045836341851279924,0.046560219236961777,0.04765241084461505,0.04855777689518861,0.05007473149164803,0.050538100194362265,0.052598556449065775,0.053307949811089494,0.056345659444576555,0.057089787696624913,0.05730758018498477,0.060398624764222586,0.060712025477325855,0.06231738340131185,0.06261469446618328,0.0643532777545889,0.06482179577833053,0.06522196885466651,0.06531860248596037,0.06615830700192632,0.06616062502069614,0.06664737287915666,0.06783026860387295,0.07196265748646236,0.0720745448139687,0.0727428316972231,0.07491455590206321,0.07561253761600512,0.07616782832685942,0.07705022110450573,0.07943526987666386,0.0802734278168626,0.08026658788524785,0.08044509628887658,0.08066812974885719,0.08064652632214304,0.0809760748283502,0.08103803691462864,0.08340680224469821,0.0854320537799915,0.08725517254313,0.08896926127509862,0.08993875926331109,0.09001318389606469,0.09046577149777503,0.09108768778573458,0.09235244957654594,0.09300468718168248,0.09399958426506236,0.09520706916915363,0.09594739110286662,0.09614310561466363,0.09723755206071977,0.09921140088504574,0.10127739357916868,0.10312184179539649,0.10765428024591084,0.10829736356634108,0.11178540328939265,0.11291875731175104,0.1132473936157288,0.1140181463907464,0.11751021259056384,0.11971934251570794,0.12099484464059722,0.12243196688526557,0.1296739478391696,0.13072971390490126,0.13242921349609119,0.13313926221997086,0.13480693407452338,0.13539437002700172,0.13575537440597457,0.13618526836901182,0.13666065319510196,0.13742522265378687,0.13813858505292564,0.13969979447552658,0.14131814301335213,0.14071414725913897,0.14110354978829975,0.1451303972394764,0.1481586196562794,0.14953823497437746,0.1534960580874936,0.1554447319570793,0.15583122718558437,0.15624214590365845,0.1571250157454565,0.15754219392589605,0.1588916693982612,0.1592481972593441,0.15962690423941575,0.16094281541476635,0.1615432503958331,0.16252697576146174,0.16407710046859647,0.16436907027347492,0.1658179024728326,0.16559659080370356,0.16829060144666078,0.16766127634381794,0.16742493509974166,0.16852088912135013,0.16822856906096773,0.16822595440861526,0.17031233325011697,0.1710630501970675,0.171093962237255,0.17204870675489978,0.1732900513153587,0.17282144459718277,0.17296969149871189,0.17475000582395556,0.17537443194359295,0.1767076123159933,0.1771756758679327,0.17788723637137094,0.17835371444593592,0.17775035604085002,0.17805349379599214,0.17810685167978885,0.17851419311903882,0.17981638622511636,0.17912920364742368,0.180120138700328,0.18028394077016416,0.18075944750100478,0.1829776287350507,0.18336219628466152,0.18344867840267493,0.18346900353619575,0.18329764816041802,0.18320547025602893,0.18431144513087383,0.18534058866703224,0.18600838624209917,0.1874888402890554,0.18827585935087485,0.18851016850757757,0.18905936011937272,0.189675388081759,0.19036124305393023,0.18975614360166643,0.19219736310892985,0.19212564296402374,0.19230966222428056,0.1924657354017606,0.19264165276952755,0.19268636344676143,0.19253170802235486,0.1945236098799322,0.19529236514962006,0.1959690438534539,0.1965024916520874,0.19725465311752569,0.1981816145975725,0.19698710918171677,0.19688796437579842,0.19927257153034963,0.20052895790261474,0.20051496896450186,0.20109545585541375,0.20331836016406665,0.20319673500516405,0.20374970798763775,0.20669390330750786,0.2072940326607244,0.207778953358333,0.20769295707508953,0.2076154900857721,0.21142127297602653,0.2114965095546751,0.21194383941248332,0.2120321672033204,0.21238679647456826,0.21194974967211552,0.21436884799564557,0.21469091235444265,0.21472549638817964,0.21491508918017235,0.21521853611172367,0.21774750027006773,0.2178233156697636,0.21800897086909518,0.2198820755659207,0.2223420617137244,0.22285403833599804,0.2227983871444863,0.22286719138264732,0.22275948983453264,0.2238623091471583,0.2243767319877086,0.2246691128985044,0.22517763205271346,0.22516713154305665,0.22527196534102706,0.2252626009227951,0.22491980893099206,0.22498800597172788,0.22526649277053928,0.22557782577132143,0.22550265939409397,0.22558382693119766,0.2256714188545874,0.225831219605298,0.22563166361635936,0.22614282468401117,0.226758672209643,0.22683800520202138,0.22767427270241353,0.22800799894762716,0.22810134169847987,0.22843278972137065,0.22829236044303328,0.23109642711754388,0.2310416761125801,0.23116615287655054,0.2318500622721939,0.232514408225272,0.23224374414285018,0.23222236752431,0.23507662626897968,0.2353170806175171,0.23932754374097173,0.23936225700348734,0.23906161538188467,0.23960391097623518,0.23963144578882972,0.23964591166564592,0.2374136391200432,0.23758168121291395,0.2373309315745365,0.23741737183508352,0.23784728118905524,0.23798989286894393,0.23814261273273624,0.23826022339210923,0.23821445983912745,0.2353429834098879,0.23617618891197953,0.2363734742027369,0.23647638252522232,0.23961265869872758,0.24049039749227924,0.24042786301901645,0.24037115470000658,0.240377862739228,0.2402558860347116,0.24078393998930375,0.24079931793901316,0.24085852603177277,0.24058256620633722,0.2407397516757439,0.24083795950693726,0.24105974444384667,0.24132993477202208,0.24158663990351867,0.24144887874513193,0.24172300850020081,0.241795769114289,0.24200944499807883,0.24216854211077998,0.24221794273585137,0.24188053333986465,0.2428509703267152,0.24259594134967927,0.2419246787398504,0.24229403038860334,0.24245664001602468,0.24261284917605547,0.24206982110722275,0.2425522074286253,0.24256634191475485,0.24314024437025128,0.24321340950307663,0.2432567502249026,0.24328237513577863,0.2432395938618194,0.24331315939139425,0.24341057329185123,0.2436039848887498,0.24383968869913475,0.2438792266529736,0.24394870884870593,0.24406218532408325,0.24402488960813182,0.2440922800886896,0.24453947399334033,0.2451405735859679,0.24516088473989314,0.24523545036726432,0.24532325727339313,0.24538423071413273,0.24568943804931614,0.24584989963803044,0.2468270442906934,0.24708661559683595,0.24563310221298867,0.24564913714969866,0.24567873580605903,0.24585206587265204,0.2470118510128235,0.2470086181575599,0.247003819664493,0.2470616088565101,0.2470775141443499,0.24708590957267568,0.2469698772090352,0.24702915967765907,0.2469867154006691,0.24720455765516006,0.24728529826482037,0.2472272736598145,0.24732991867139711,0.24733277906024123,0.24738623593918974,0.2476234635523482,0.24800194770795148,0.24792278330202516,
0.0,0.0,0.0,0.0,0.0,0.0,0.0,0.0,0.0,0.0,0.0,0.0,0.0,0.0,0.0,0.0,0.0,0.0,0.0,0.0,0.0,0.0,0.0,0.0,0.0,0.0,0.0,0.0,0.0,0.0,0.0,0.0,0.0,0.0,0.0,0.0,0.0,0.0,0.0,0.0,0.0,0.0,0.0,0.0,0.0,0.0,0.0,0.0,0.0,0.0,0.0,0.0,0.0,0.0,0.0,0.0,0.0,0.0,0.0,0.0,0.0,0.0,0.0,0.0,0.0,0.0,0.0,0.0,0.0,0.0,0.0,0.0,0.0,0.0,0.0,0.0,0.0,0.0,0.0,0.0,0.0,0.0,0.0,0.0,0.0,0.0,0.0,0.0,0.0,4.408501548960846E-4,4.4331806796309636E-4,4.433180679630964E-4,0.0013642917211888063,0.0013642917211888063,0.0013642917211888063,0.0018857359671838785,0.0020162991971793276,0.0020162991971793276,0.002791530265825287,0.0035102932165988108,0.0037648097890724853,0.005098753445062674,0.00672004878984192,0.007361077104284808,0.007522723456832564,0.00841823019537814,0.008472989768698211,0.007806106394358794,0.008014242952877627,0.008412203375722585,0.008050141214303193,0.00907308034088441,0.012493594528487832,0.013230055925500993,0.01440511521449636,0.01470902394943662,0.014880946567941311,0.01633203392566309,0.01710814652872057,0.017447891808675637,0.01746844869577133,0.017480216537476487,0.017906845354934836,0.01878378401316265,0.018700317318314976,0.01850204798955888,0.019527372885884835,0.020307228683362,0.019479427746109286,0.020337480088550165,0.020710578676353016,0.02089815271990943,0.02225685612804581,0.02247645090832529,0.024246152103486022,0.024669108436601042,0.025298333247091707,0.026754315790984376,0.026564064550255787,0.025817147793621244,0.025841134228845798,0.026510340156748465,0.03149167422952417,0.033036047045943866,0.03436814019596607,0.03461311845703331,0.03542514174310744,0.03595125612742281,0.03791990173414727,0.038154606475522,0.04073269870245257,0.040749060931254924,0.04211718355203833,0.04233292567417166,0.043021418067600924,0.044474666097919446,0.04495096617257219,0.04552251400589487,0.04653554312999197,0.047542510994059636,0.04767378719748154,0.04982109041039604,0.050891722615958285,0.05150795672620308,0.05236826576039652,0.05237159759265509,0.052618439983238195,0.053180649952886266,0.05308985576019488,0.054822384782300816,0.055883032798788417,0.05641983878383442,0.05720267181445834,0.060485307557311616,0.062436830994963194,0.06340911071406087,0.06378116373295149,0.06447990755749697,0.0645138421240841,0.06584229438127488,0.06831381010901884,0.06983166695237072,0.07143273503525095,0.07203910523649489,0.0726431941117424,0.07419694117225425,0.07446079632268762,0.07479731206055003,0.0758757394080751,0.07870599285339458,0.08167621628714021,0.08580567103515713,0.08644677534958503,0.08669661559702492,0.08683226948802641,0.08977531726151194,0.08998671884913402,0.09072616424538116,0.09300523420990756,0.09358591650006017,0.09978615330628215,0.10006200095968772,0.10403148446025075,0.10391841177818482,0.10630821596467324,0.10796171085047465,0.10885316408152108,0.10917677757906996,0.11025412227491052,0.11093604270900607,0.11303765148137344,0.11361008818495501,0.11388472979931016,0.1144340241679281,0.11983965553922878,0.12326426734787865,0.1422510147556597,0.1467794983919573,0.14751557219700392,0.14967671482154887,0.15540188466284816,0.15594103265654782,0.15684194117681186,0.15691923023607737,0.15922578126188774,0.16030146421685618,0.161406173502847,0.16193870843847832,0.1637129921581591,0.16193006019195355,0.16690244604595783,0.17039956129121675,0.17382882077093814,0.17525717366637988,0.1852950188596,0.18584077596329762,0.19101464960523026,0.19414448747160876,0.1952975191681744,0.19586219773097324,0.19807632852093615,0.19847856652644302,0.19804015762891888,0.19925161014602658,0.1997595816803211,0.2007252675555529,0.2009151986167789,0.20116280739737608,0.20183308556581736,0.20297600571065305,0.2023097928615107,0.20239145641888207,0.20283126430018364,0.2044193904067702,0.20462289027289876,0.20677537057156742,0.2107559668317201,0.21411536633795705,0.21315959559638872,0.2139320269633899,0.214929195352175,0.21488752404549302,0.214960223165498,0.2156517220459335,0.21564725143132427,0.21578868326838374,0.21580524122925213,0.21553242704853537,0.2165573219466901,0.21947903220521833,0.21991985092443486,0.21876226077177907,0.21853300272737655,0.2195385970408647,0.21983696511686052,0.22012529505075307,0.224417993344277,0.22450683313935502,0.2263674844685006,0.22718420758818486,0.22742871814461946,0.22752165065262625,0.2297707075920556,0.23138836202543622,0.23148139418637992,0.23258047537116805,0.23552547387802095,0.23700893169245052,0.23740760708331407,0.23967738958221463,0.23927806526685585,0.239800306582165,0.24523136132494083,0.24628559314520668,0.2453964912392516,0.24450844409740613,0.24729909604950645,0.24658447696958127,0.24786255042924027,0.24786326020296248,0.2484965636504322,0.2489047524472787,0.24897586448686085,0.24931287415786565,0.2495682090995171,0.25031349652942514,0.2527813699766148,0.2523062592654639,0.255112465549944,0.25522317286790436,0.2552957041653585,0.25546901524133725,0.2558909498197004,0.25679801128492297,0.2569002506935216,0.2559938801047606,0.2560813785553777,0.2559139270916683,0.2558711309835727,0.2562784940543507,0.25695456072171946,0.25724957930147946,0.25725203937323815,0.25844484756489616,0.26019740987442036,0.2600209754980631,0.25999648058001334,0.26057369652898194,0.2600054416214343,0.2598992758942461,0.2607258706290621,0.2609026399709873,0.261332547898181,0.2622371068399633,0.2623078647473276,0.26293194820072924,0.26328621064019475,0.2637935264899387,0.26401432640686795,0.2640026586062389,0.26410940652425374,0.2639793690331288,0.26402880145071284,0.26400948052934226,0.2640519017029911,0.26408920660623963,0.2645309972438673,0.2646614475789192,0.26393254287547285,0.26509539335532206,0.2646930926723173,0.2655081466587911,0.26284986579000647,0.26391650444215664,0.2631914321575117,0.2634841920710306,0.2636440488422037,0.26380744707025683,0.2648892142041451,0.26502782856511015,0.2651038519334215,0.265321816930423,0.26535732569586656,0.2652220217396965,0.26539962703421727,0.26596849499783104,0.26588711132834897,0.26606373648983817,0.26690792811822467,0.2675645456892918,0.2680685406303546,0.2702239919517158,0.27014824308514146,0.27015222417403933,0.27018724488558415,0.27015910160245926,0.27020372344309584,0.2706173702121181,0.2707781309697117,0.27149470204234827,0.27150531597941047,0.2713963601247263,0.2715845159283209,0.2717440516695984,0.27147641692469854,0.27148541241719687,0.2713654841536572,0.27134760717316786,0.2714750316339006,0.27156282318473207,0.27164471897228704,0.2714132463761171,0.2717359216756132,0.27173954997448924,0.2696258687824811,0.26963373569704924,0.2697159354528745,0.26981891408534553,0.2698912755370703,0.26942263863919436,0.26885681055254507,0.26896936537711724,0.26891970002926074,0.27008637465740976,0.2700406550167724,0.26787092810700674,0.26846162967465176,0.26879451523595943,0.26867970983380673,0.26866992788317096,0.2686611186754911,0.2687719281348241,0.26880726323469367,0.26890020168417433,0.2690606012066764,0.2691279661628881,0.2692699506891006,0.2693360425487673,0.2693689546035863,0.2694055217362923,0.2694677644472933,0.2696961705090239,0.26988200106661586,0.2714342113753761,0.27170327699746855,0.27168018924113596,0.2718685658772005,0.2718754404000007,0.27187486381321224,0.27188361137504813,0.2719289608665127,0.2720971824066876,0.2723991962977624,0.27243010955995023,0.27247577588247585,0.2724571302542374,0.2725237894991265,0.27248102940357255,0.27248427217197696,0.2724894848195846,0.27202435184742857,0.27135939744852783,0.27161670191819914,0.27176849347063825,0.271762958729735,0.2718582047147167,0.2719282097403791,0.27193857714507147,0.2718991938149178,0.27193542796447717,0.27195119901346715,0.2732963957184694,0.2732951296017407,0.2734991900102797,0.2733918496439418,0.2733702287535193,0.273087163549723,0.27299256002148575,0.27297527130036964,0.2730452925487731,0.2730819557404969,0.27306415867395895,0.2732641143088899,0.27332546717333467,0.2733287837303514,0.2715679112002848,0.27174350862109964,0.27173466878306707,0.27180597462790546,0.271788889916006,0.2717764023324204,0.27184555458671006,0.2718786430603527,0.27166169429739623,0.27110344262916214,0.2713012590453714,0.2712903856061075,0.2713844112753988,0.27137600080136953,0.2713897822026731,0.27154196636045613,0.27152416569908683,0.27151982263442326,0.2716707526370307,0.2717059108434654,0.2717128790221246,0.27177754098626844,0.2720384643288417,0.27202637835213217,0.2720280992595455,0.2721722425644295,0.27216866653589716,0.2709412453621788,0.27092511259806595,0.27093061121827083,0.27094052394162393,0.2709477384196445,0.27096275384085716,0.2711833190471377,0.2711739705622899,
0.0,0.0,0.0,0.0,0.0,0.0,0.0,0.0,0.0,0.0,0.0,0.0,0.0,0.0,0.0,0.0,0.0,0.0,0.0,0.0,0.0,0.0,0.0,0.0,0.0,0.0,0.0,0.0,0.0,0.0,0.0,0.0,0.0,0.0,0.0,0.0,0.0,0.0,0.0,0.0,0.0,0.0,0.0,0.0,0.0,0.0,0.0,0.0,0.0,0.0,0.0,0.0,0.0,0.0,0.0,0.0,0.0,0.0,0.0,0.0,0.0,0.0,0.0,0.0,0.0,0.0,0.0,0.0,0.0,0.0,0.0,0.0,0.0,0.0,0.0,0.0,0.0,0.0,0.0,0.0,0.0,0.0,0.0,0.0,0.0,0.0,0.0,0.0,0.0,0.0,0.0,0.0,0.0,0.0,0.0,1.1488688033358322E-6,1.2688505713538579E-5,1.4093709026356072E-5,3.042687979933061E-5,3.17162692064903E-5,7.441650619173043E-5,1.0259986666064097E-4,1.906279008123515E-4,2.1380542007197264E-4,2.1409723844908722E-4,2.29422208325747E-4,2.3568401437254816E-4,2.5785189358403383E-4,3.4400865323335145E-4,4.165854285211045E-4,7.174600371161215E-4,7.752867523484275E-4,0.0011465428308884407,0.0011871872837351252,0.0013464476264733747,0.0014158678621271142,0.0023996831574458564,0.002425793771437174,0.0020290051264147476,0.0019582244850495523,0.0020478813593331666,0.0024565235439027917,0.0024184441430068443,0.0022667893084617483,0.0023834764534297987,0.002485331794555549,0.002484934608426675,0.002564971951688557,0.0026940505282087458,0.0029827811602753476,0.0031169382096664657,0.003327185644119594,0.0034079240188610894,0.0031728065324552086,0.003323202733731659,0.0033376343313519636,0.0034872389890736283,0.003530185255538107,0.0037486102004607984,0.0038273459103080054,0.004003629976192529,0.00404314330472288,0.004043889672053856,0.0041388998097911835,0.004332902015314669,0.0042575845559937,0.00437207242737569,0.0044402878012560695,0.0044529445557667455,0.004490142475090446,0.004751936809408877,0.004948982407220918,0.004922150208734705,0.005092042442995798,0.005068054007121988,0.0053106652115733465,0.005423365388539542,0.005606540198164954,0.0056562870432135684,0.006152269872805387,0.007244011154315364,0.007325273699179663,0.007573859746587399,0.007778979539834896,0.007999330899255159,0.008268270828176877,0.008546132881719496,0.009727475920685931,0.010031487007394814,0.01004078068773658,0.010005011214776371,0.011050304014316349,0.01222017687077671,0.012784687634055865,0.01332127775132882,0.013790829483964435,0.013653190848980923,0.014490710309419882,0.014764167028845773,0.015342773381951565,0.01581800828642632,0.017864393947094263,0.01916778230146876,0.019272450921370247,0.02011661490410378,0.02118586180706321,0.02205952414730769,0.022242537609168996,0.022703353833535868,0.02532038209620549,0.02647737799268978,0.03159314427474989,0.03371152180550088,0.03551705813933649,0.036263381734520046,0.036422980191474115,0.03723746362221872,0.03815546872694597,0.03951183302779478,0.040625168789967116,0.042842754705949414,0.043051613732904385,0.043621610946716856,0.04381249151829306,0.04413249544473186,0.044354874008819704,0.045103516028170094,0.046362107887660306,0.04815064281002979,0.05008895682108842,0.05005857697581167,0.05058444532960048,0.05258889159525686,0.05569213837812629,0.05727328253357223,0.05743509849240011,0.05809301602945321,0.06037813973048316,0.05915269203139177,0.060850033874059385,0.06205788218530957,0.06313474915793318,0.06470090074102776,0.06720051369984242,0.06862652306162563,0.06928240503613527,0.06971716266741529,0.0718915793682186,0.07245881809437947,0.07642649567101718,0.07734780024218062,0.0831273746207105,0.08418548076245518,0.08619399809746951,0.08866545600293041,0.08963642365854287,0.09222062179673032,0.09372921197632705,0.09409949072969222,0.0945387932307082,0.09514555578216123,0.09740788123929305,0.10091277595612841,0.10106895835931291,0.1040283733688955,0.10559022083949386,0.10959580149795105,0.10978652767250315,0.11147559649353839,0.11243628790730392,0.11436392751393283,0.12207944040249583,0.12728636204840096,0.12806715020951911,0.1306609359601009,0.1305782271593587,0.1318699031052456,0.13176435767685588,0.13223733523668937,0.1360659060310445,0.14009083512548823,0.14487834145451256,0.1501135499694457,0.1511359844835088,0.15074649746515542,0.15123731587086772,0.15909611364265813,0.16669043544614637,0.16811846663639662,0.16826529088900266,0.1702245309516036,0.17101584355048283,0.1707942830297367,0.17131676572439683,0.17290347777609194,0.17374886532493422,0.1743509488954756,0.17524997070803802,0.17568565214333584,0.17757860266146405,0.179950197731421,0.18103927379316578,0.1812329241293215,0.1837631560235436,0.18400788608762805,0.18434778613547398,0.1849290389898508,0.1859911995979379,0.18749351298509587,0.1881299225169078,0.18884358496656078,0.1900367381387138,0.19075302135708344,0.19030694413215124,0.1902041146622347,0.19044664498823527,0.1930100605526747,0.1957231779972304,0.19854391123144208,0.19897840699335112,0.20043445801600454,0.2003594092990552,0.1998746172643829,0.20202464947235038,0.20237885003478662,0.20252478438156912,0.2028847006959111,0.2028588662853809,0.2036607518501679,0.20771502220801635,0.20771697329308367,0.20792712058506374,0.2080628672276751,0.20895452820487054,0.2092122129828656,0.20939433577265812,0.21013150354455193,0.21049800970120924,0.21061081390382036,0.21306598680774302,0.21453082910429347,0.21512059303490086,0.21534024610946534,0.2145221035377136,0.214592133410328,0.21457714620893206,0.21524172711588208,0.21570354598588368,0.21622427516036416,0.2164725358296723,0.21561889119831976,0.21583597067923635,0.21659469910195606,0.21647924680024458,0.21673851074531267,0.21743727817058472,0.21788435593960273,0.21726135643596325,0.21784384998150153,0.21864112712013956,0.21886970183553084,0.21922363975630704,0.2192023527962744,0.21877643198823185,0.21869329268785506,0.21902334992598968,0.21905839769865024,0.21952391066479093,0.22086365108577236,0.22088454262048043,0.2200138164591134,0.22012953530717952,0.22042058484260904,0.22051102070211165,0.2223388626829509,0.2223966547714817,0.22265864620583806,0.22284570766201264,0.22569564665032188,0.22550212401622308,0.2258728465892161,0.22581772856331497,0.22594820788565648,0.22663701515224036,0.2266610294473812,0.22701271424984754,0.22713794573454393,0.22708880335600612,0.22682953634624178,0.22694157155101397,0.2267815434872499,0.2278625182015284,0.226957354417276,0.2269886158561898,0.22705086701100685,0.22909872375708654,0.22915860399164595,0.22915789564956845,0.2305354946509086,0.23058523411700704,0.22956095772661908,0.22989175562972475,0.22989198119719895,0.23064923530764794,0.23087583250925284,0.232278968259658,0.2324756524130454,0.23278234769374034,0.2331718280857027,0.23324519229685062,0.23359214018210184,0.2341854642552862,0.23560995360066525,0.23523616326293503,0.23449359533507774,0.23477970212890692,0.23554363985569948,0.23569880094903856,0.23559046258899674,0.2356902177511062,0.23567057113462883,0.23597512519612418,0.2364385612375413,0.23472922664138865,0.23759360578246802,0.23787146789895863,0.23784931288837557,0.23961618979941243,0.24001298314701172,0.2395011408674167,0.23961442892778734,0.24127667728751034,0.24188841129304417,0.2423882522749499,0.24251512386341098,0.2426082319814236,0.24254185341420276,0.24247856981126406,0.24335090210479038,0.24434995848702512,0.24398413107979247,0.24371072482540962,0.24385045812622314,0.24384916889404332,0.24415720749246392,0.24423639543072292,0.24431931108935875,0.24476896061595124,0.24870211356754568,0.24940894760884436,0.2495173272266524,0.2500882631722875,0.2516840386396957,0.252224384501704,0.2530944232403525,0.2534310984411184,0.2537421336362774,0.2538449276283831,0.2538223285022996,0.2538858952844526,0.25394124455265593,0.2541457627434217,0.25403869419925196,0.2541238676560973,0.25436480351104945,0.2546398619389992,0.25473938356698944,0.25475364615470725,0.25489538779783055,0.25533777081446646,0.25738030954114066,0.25771090221558574,0.25777396375824824,0.2577345705013006,0.25784285556115416,0.25801695853236645,0.25798474651446407,0.25812874642024325,0.2582117111220857,0.2576932033678357,0.2580046802253648,0.2580843496856276,0.25806041023781223,0.2580884878281752,0.2582333172511413,0.25835525604989196,0.25835316302706224,0.25834210950572983,0.2583970440123055,0.2588426617102069,0.2588309384876696,0.25894253435720205,0.2585174806877373,0.25854999050164795,0.2582786331633762,0.25840039605626197,0.25976796109709827,0.2596794615067611,0.2598065371538626,0.2600048576809424,0.2601295419992377,0.26012849610989686,0.26007818955083906,0.2603006318560394,0.2603219736577241,0.2632800131679189,0.2634100203490362,0.26201144353675326,0.26202974593166883,0.2621319417012876,0.26221466452038955,0.2622607769906717,0.2608934713939113,0.2609233258653258,0.26093349159582063,0.261547882839726,0.2619164362658955,0.26189129459351324,0.2618987077538934,0.2619958186883048,
0.0,0.0,0.0,0.0,0.0,0.0,0.0,0.0,0.0,0.0,0.0,0.0,0.0,0.0,0.0,0.0,0.0,0.0,0.0,0.0,0.0,0.0,0.0,0.0,0.0,0.0,0.0,0.0,0.0,0.0,0.0,0.0,0.0,0.0,0.0,0.0,0.0,0.0,0.0,0.0,0.0,0.0,0.0,0.0,0.0,0.0,0.0,0.0,0.0,0.0,0.0,0.0,0.0,0.0,0.0,0.0,0.0,0.0,0.0,0.0,0.0,0.0,0.0,0.0,0.0,0.0,0.0,0.0,0.0,0.0,0.0,0.0,0.0,0.0,0.0,0.0,0.0,0.0,0.0,0.0,0.0,0.0,0.0,0.0,0.0,0.0,0.0,0.0,0.0,0.0,0.0,0.0,0.0,0.0,0.0,0.0,0.0,0.0,0.0,0.0,5.5215343613518905E-6,5.5215343613518905E-6,7.647092252939933E-5,1.7350481488997586E-4,2.0313539776234873E-4,3.0340929978479365E-4,5.827744790588435E-4,7.301553379974306E-4,8.036370535643108E-4,8.254030664004097E-4,8.370040188699103E-4,0.0014179002361055378,0.0015190772841063985,0.0014653948784155914,0.0017207625263100548,0.0018708188050234888,0.0018649550707878983,0.001978160064479671,0.0019576278984098634,0.0018729338446532874,0.002097149979484616,0.002168441428851634,0.0022475126536942967,0.0024321232513522147,0.0025589576092135396,0.0028446328056311986,0.002961065971166981,0.0031657284734983243,0.0034242601563783544,0.003444226405895288,0.0037937527124506745,0.004625226976328252,0.004834651881590207,0.004965543689614113,0.005278190487876922,0.005315803493183602,0.005654694956349225,0.005870054277134625,0.006119519545353943,0.006314514020361225,0.006693603118020417,0.006727922174953161,0.0073060800808799845,0.007902499664843568,0.008015556960363034,0.008346704926074358,0.008278222435487986,0.008325068825072727,0.00838618165489785,0.008351238644134616,0.008019665657721813,0.008148228732195579,0.00954652623040714,0.010711328341158748,0.011313931287772541,0.012237800222136256,0.012966198527438695,0.013707530856029817,0.014245426300985483,0.013822562973650412,0.014062387856903688,0.015089291348403654,0.015432342687838921,0.01521690007371564,0.015273305925724548,0.01544533681625108,0.015505416556392563,0.016017347844626027,0.016313859759362916,0.017150074764114405,0.01723035189543261,0.017573774697200957,0.018045601110748575,0.018666391509721866,0.019547843426418264,0.019742620483771647,0.020656808603783418,0.021107217066450558,0.021256460330366822,0.021369991177209745,0.023289101853199705,0.023152044133313898,0.023500482081395258,0.023755185715349875,0.02345223563392102,0.023831007252614656,0.0237360694678528,0.026033497564138634,0.02567592390550315,0.02521445262914387,0.025792820808980692,0.02670734890847027,0.030253845174863018,0.031885486819005285,0.03371032703183737,0.03394190100582391,0.03654021555219322,0.038267033393062144,0.03909408511165774,0.03999236159222745,0.04041370045317311,0.04049761813416276,0.04271015962038083,0.04360011755281554,0.04392159228588322,0.044712650795389046,0.04551588059511053,0.045459495519119174,0.047582685516657786,0.048013364939808734,0.048797654785284826,0.04926286560866012,0.05022910519739873,0.05032037024911764,0.05031807027850991,0.05069333005421569,0.05143646860691669,0.05259729646730458,0.05268839406573087,0.05327732654014975,0.05394608115936054,0.05489942847010602,0.056585420911573536,0.05657243201583298,0.059209170197447335,0.06007723273007567,0.06172056263246439,0.06323585823078802,0.06362985383078015,0.06359234334070273,0.06416090948584431,0.06669771109053725,0.06834496264816904,0.0701692232676797,0.07236065269600704,0.07938658215447177,0.0809221403212617,0.08247435753776444,0.08441806432101384,0.08464064142050882,0.08642465540175594,0.08637876402022457,0.08860335930551744,0.08781121336851859,0.09154954625884174,0.09397917119478287,0.09400813775400645,0.0947815538528785,0.09666831221197204,0.09680237879109903,0.09720854323051543,0.09991026292633658,0.10068097586762881,0.10351272375209365,0.10431967705787674,0.10608039678356888,0.10603128090617811,0.10716778110490376,0.10827180407696324,0.11157177060986556,0.1134473971634316,0.11517759170067338,0.11420107428627888,0.11478325764061575,0.11534665715626899,0.11529975855362197,0.11524895423938421,0.11657276592190198,0.1170124149051833,0.12031632310395633,0.12061875929715629,0.12076184950390427,0.12253778147326834,0.12503882451536408,0.12791616487279833,0.12795989944090755,0.1370860131853034,0.13942843430055052,0.14556063744303419,0.151607181620732,0.15264409253960695,0.1528107568044839,0.15416834974786883,0.15595282161912172,0.15855185923688556,0.16118023281961658,0.16920280409632757,0.1726515028316851,0.18566642998468066,0.1864258135238026,0.18633041182074503,0.18737864863671852,0.1882915795966798,0.18935041921993298,0.18951378068551344,0.18965932564200733,0.19082072003755737,0.19123146178439931,0.19155536098403017,0.1931788070906983,0.19585221739345254,0.1959817181857418,0.1973898214444749,0.1986532801866473,0.19978254612026958,0.20172917180879285,0.20152178010983599,0.2020171351142754,0.20267901420992734,0.2039754744061039,0.2041041010027749,0.20423219350752964,0.20488256703184946,0.20655923341582763,0.20591373581281763,0.20568519838167837,0.20571504044427036,0.20603624431723438,0.20551050337015825,0.20705600496713894,0.20711051688869903,0.20750204913960812,0.2071683369339485,0.20725475604592575,0.20834877542267502,0.2091610266083784,0.2092730009616732,0.20992069478471112,0.21052256803279545,0.21034179797347657,0.2119369914725621,0.21236171687055572,0.21193819431662395,0.2143772810210393,0.21310044062796543,0.21353813705936925,0.21328006008085798,0.2132376928794426,0.2130795397105622,0.21306834964380797,0.21344823540234914,0.21320680525044608,0.213514436969846,0.213783102463828,0.21415145562181043,0.21441948329849744,0.21459686747340237,0.21509269348175572,0.21511425637015333,0.21514887449692338,0.21601367880518468,0.2189197149796833,0.21887050833641913,0.21945810660511486,0.21942927814285826,0.21950034187479214,0.21958435776001012,0.21753435825789819,0.21773240634617308,0.21788191949514546,0.21880895900618183,0.21887582985651555,0.21922844871832378,0.21898271303877012,0.21909908679447465,0.21919029734435796,0.21921765732119947,0.21966067887802765,0.21972198115687597,0.21982720152221316,0.2201035903191604,0.2202776224123187,0.22033827942684128,0.22035374789983778,0.2204476301726623,0.2230112879871902,0.2230599263583452,0.223679306807532,0.22432248832069046,0.22438916283087307,0.2244254382188308,0.2243028655542524,0.22377602720662557,0.2240404724222095,0.22400807969729875,0.22414088844129365,0.22423115455190382,0.2218876757854612,0.22177784699597614,0.2217705026358232,0.22163306258274434,0.22184284198504484,0.2219718666061845,0.2221552565103993,0.22095758975566523,0.22087117007396578,0.2214017194845511,0.22195281399712283,0.22232499296736294,0.22297417125049926,0.22303470684272278,0.2230698993299907,0.2233332066051529,0.22380078108969195,0.2239069526990935,0.22390866244879784,0.22380656277105873,0.22413214442119464,0.2240854406817009,0.22418185872711924,0.2242554101460616,0.22446547137862513,0.2246645790435569,0.22520305528667872,0.22532640230800646,0.2259214326582016,0.22598688657839286,0.22601177534658934,0.22620879914565956,0.22642769233753038,0.22611517697006472,0.22632728251545325,0.22637054176742746,0.22633634811067482,0.226332376489963,0.22641804125124904,0.22648816665849575,0.22656638865154333,0.22726224269751355,0.22708348728331845,0.22761806994479114,0.22780468568606815,0.22780728917591975,0.22791753763022857,0.22751551623480365,0.22787214542056133,0.22783646955848771,0.2279396886173915,0.2279817100725801,0.2284231014834845,0.2284543148341857,0.22852042778956966,0.22852236638807158,0.22853729045920504,0.22874506905076467,0.22863990768739603,0.2288773051043351,0.22884653150335074,0.2290000109487653,0.2290896437454099,0.22913913142273362,0.22931705558504026,0.22969628633675254,0.22992779140868205,0.23019263570122922,0.23030360514050466,0.23095341251211635,0.23108721505925084,0.23236305486719772,0.2323847486552301,0.23686576557798306,0.2369173809127497,0.2404845993954434,0.2411534019746253,0.24110097286663298,0.2397331159640072,0.23974190285871533,0.2397904862210955,0.23978621136205594,0.24037887985659348,0.24044436066908195,0.241182866500965,0.24147657168690134,0.24475207033403446,0.24133891827799162,0.241000196979138,0.24100661876332707,0.24151146408039945,0.2426998226090655,0.24377277703602776,0.24570671479055137,0.2461356559358996,0.24628691383195372,0.24634359911550122,0.24636873451306457,0.2481004027475177,0.24820313631913676,0.24841006555626544,0.24933000551400317,0.2494196140064854,0.2506572634569204,0.2514108144299069,0.25123177864851265,0.2522196776462467,0.25228975775414947,0.2523773707878287,0.2522994390780958,0.2523703892771431,0.2522240391012789,0.2532849634219867,
0.0,0.0,0.0,0.0,0.0,0.0,0.0,0.0,0.0,0.0,0.0,0.0,0.0,0.0,0.0,0.0,0.0,0.0,0.0,0.0,0.0,0.0,0.0,0.0,0.0,0.0,0.0,0.0,0.0,0.0,0.0,0.0,0.0,0.0,0.0,0.0,0.0,0.0,0.0,0.0,0.0,0.0,0.0,0.0,0.0,0.0,0.0,0.0,0.0,0.0,0.0,0.0,0.0,0.0,0.0,0.0,0.0,0.0,0.0,0.0,0.0,0.0,0.0,0.0,0.0,0.0,0.0,0.0,0.0,0.0,0.0,0.0,0.0,0.0,0.0,0.0,0.0,0.0,0.0,0.0,0.0,0.0,0.0,0.0,0.0,0.0,0.0,0.0,0.0,0.0,0.0,0.0,0.0,0.0,0.0,0.0,0.0,0.0,0.0,0.0,0.0,0.0,0.0,0.0,0.0,0.0,0.0,5.232710814400976E-5,6.162267588867432E-5,6.788722103416858E-5,6.88290000580656E-5,1.3637527581122162E-4,1.568762335369846E-4,1.6726248981735624E-4,3.0878513897555237E-4,3.398363782810637E-4,3.563763036607698E-4,4.712381477440453E-4,5.579797963647992E-4,5.650980349904687E-4,6.600838627489294E-4,7.884657929689978E-4,9.394796599670666E-4,0.0010803636392345572,0.0011484931922675708,0.001333365260569945,0.0013847712657725187,0.0016156342153500025,0.0018150262457660073,0.0020319598448346235,0.0021393935027243798,0.0021483562897099172,0.0022634655693494015,0.0022829615573122007,0.002650498697880938,0.0026817908575707703,0.0030070659791926867,0.0032778280912674844,0.003444830376348034,0.003727303318953488,0.0034476519181997367,0.0034554167797026217,0.0034615271803213644,0.0034699366359331844,0.004413976798149357,0.0043751815705652545,0.00466187440336762,0.00516748369727783,0.005459127900754965,0.005410782569519741,0.0064470418318467925,0.009940168630481989,0.010759363213560195,0.010532849914992154,0.010558581970105717,0.010698196236195367,0.011353501353959858,0.011747170593753327,0.012546649822356232,0.013363211786593993,0.014145597843040654,0.014825898924121214,0.014987296841864343,0.015256893669097138,0.015541997891211556,0.016412245839436214,0.017119039541056657,0.018736383427231985,0.020520368021237564,0.024003581930623064,0.026621390291567026,0.02752534685836752,0.02888567044782588,0.029550335726569937,0.029118710878857833,0.029829336951245684,0.03112537376180005,0.03128807326949524,0.036471958382702514,0.03679310507879919,0.03751250371082397,0.04242241678105756,0.049359171065288775,0.0547647671073916,0.05523133172156873,0.05764791528832987,0.05698576071541155,0.05875934862460991,0.061400895520107954,0.06316505340584805,0.06686425654797498,0.07322456128061149,0.07455688842735508,0.07569467681294151,0.07657550518683237,0.07627098833589228,0.0780685754618101,0.07758524911191185,0.07870711885244056,0.0783867768857256,0.07902953642763885,0.07917451252710371,0.07983879892887495,0.08029679152710929,0.08143687646180633,0.08154082956459106,0.08269793754383678,0.08323652277857868,0.08398619449436222,0.08743188347320813,0.0884289751996885,0.0892334532550248,0.08946245988460538,0.09038794288497956,0.09032486935436045,0.09075556938853516,0.09106018390752334,0.09162657362362225,0.09180386369068676,0.09254587388800335,0.09371311402614947,0.09388424029483036,0.09405691609954268,0.09376463779946888,0.09472852395423781,0.09506378897736471,0.09571748953899882,0.09575591701973751,0.0995964598297724,0.1009414937541201,0.10168892199890743,0.10281999919644566,0.10682221492477098,0.1092488803600824,0.11130172391210051,0.11085144796672257,0.11236871499540123,0.11197320996126886,0.11335982852507322,0.11379164953139066,0.11511128599593742,0.11923425758612057,0.11937692635675085,0.11980547430325073,0.12007157568242063,0.1212061786371707,0.12256451662974249,0.12195334856935662,0.12170891997519406,0.12230123221115889,0.12240653785023936,0.12253737977090624,0.12222177573899458,0.12328560572110699,0.1229495655246634,0.12404186650876317,0.12486561011746015,0.12536903037143682,0.12811425699354068,0.12840487826706856,0.1298935484190525,0.13178889813917166,0.13292614373334546,0.1343388001732006,0.13552237112158455,0.13699874660023242,0.13743900965051156,0.14021301630912616,0.14135802229137767,0.14235922680934643,0.14360776363243816,0.1439777461701569,0.14483205083944337,0.1469143052841773,0.1503939878435813,0.15074716402048974,0.15188713485902136,0.1524295895707747,0.15252953292599702,0.15387406824939656,0.1548642381049739,0.1547859961463206,0.15631725382981437,0.17010678915543337,0.1719855760728573,0.17357056905285956,0.17356358222689677,0.17398426870109682,0.17390994600710113,0.17389131906676072,0.17464278212503107,0.1759253327690385,0.17648972956539205,0.17779818920939697,0.17811676319596045,0.18047641387057417,0.18102415557284854,0.18599977077345844,0.185588982862372,0.1861855754229427,0.18616362947510492,0.186276515440148,0.1848160937364725,0.18497687590311637,0.18533129406197668,0.18547562102982007,0.18972341098684894,0.19015834231859197,0.19052656476467436,0.18916718224923057,0.18961277094086812,0.1900415383297325,0.19029420600920152,0.1942993007871504,0.19479055450526447,0.19483352093592193,0.19526729513859847,0.19540727099041347,0.1955549625077359,0.19553267361473403,0.19555302910165884,0.1957054626961997,0.19586790173899163,0.1958772211412127,0.19921445501525367,0.19980897871629744,0.19982600131889847,0.20007486261782095,0.20055733839355344,0.20061611498386764,0.20041342860457537,0.200676150420888,0.20024472062952556,0.20022731653867593,0.1983762029842693,0.19847588504312216,0.19857948896267397,0.19999721250968233,0.20168811240998935,0.2016447910949232,0.20199384925758326,0.20224077573635235,0.20223626914583304,0.20225424160353106,0.2023037889193061,0.20272718414413826,0.20288853314260494,0.2033068409200432,0.20353933803878427,0.20371524487990317,0.20366220762997053,0.2037954727464412,0.2045745258888374,0.20503944595613394,0.20553760906726312,0.20656846136594037,0.20677846437540956,0.20763852265239227,0.2077907464179738,0.20781020700807426,0.2079616236186588,0.20813349753535176,0.2080289346457847,0.20825291987281846,0.20828443574435462,0.208496225874326,0.2091164108008966,0.20915900042754768,0.21019091132712764,0.2111906666926218,0.21136293680008947,0.21144967244319235,0.2114175233913647,0.21160746789945362,0.21198427806260325,0.21145626957598027,0.21209576166439195,0.2107944785262119,0.21129772082351356,0.21131072313436153,0.2116580152624685,0.21150329997378464,0.21161244707695426,0.21480118436246604,0.21489563668855088,0.21496622076525954,0.215005671208115,0.21553075035611577,0.21554194848068817,0.2166869303441404,0.21672799621559102,0.21643181770710943,0.21674970904820634,0.21655844918373165,0.21719002562002937,0.2180627117652648,0.21807132630644116,0.2190966161884196,0.21941592413349362,0.22074821263819897,0.22093101444435484,0.22173526979397884,0.22302467049671373,0.22322307971824185,0.22331388820627973,0.22299491362464283,0.22302507273530336,0.2231652230062131,0.22340573437194186,0.22434075269259743,0.22438235017478914,0.2250153885317946,0.22561807637606038,0.2254595853796748,0.2242789290862087,0.22453085545241008,0.2235117395422503,0.22344866359819335,0.22345108261951763,0.22357422542275576,0.2236533346086017,0.22578964190679998,0.22658644670473296,0.2268880839329205,0.22724375603176225,0.22749425551212235,0.22831455657658875,0.22837133879351398,0.22750658631923268,0.22809785252344447,0.22714106731297143,0.22781655176846918,0.2277494404471989,0.22818725353579922,0.22892255787502516,0.22886832043913705,0.2288741014046444,0.22915524844332955,0.22951470898120566,0.22992874597305682,0.23045944421432835,0.23059893329951417,0.23064986968098042,0.23071610656895827,0.2307136152106899,0.23151532536052358,0.2314878364707692,0.2316809208341679,0.23179574131217434,0.23268611569988185,0.2328641715305994,0.2320991653091875,0.2321892776410565,0.2323893176684963,0.2324858840615038,0.23271799120003558,0.2327336459991267,0.23288105311256527,0.23347400905053514,0.2339318230888044,0.23360312144729573,0.2348878192971927,0.23541857710205435,0.23570962860322375,0.23597878105852355,0.23608229362949248,0.23672318404240103,0.2368132631689958,0.2368541274910633,0.2412688249900961,0.2414801144797283,0.24041090956620495,0.24041677566203185,0.24058132223283618,0.24066190626651204,0.24155497184307384,0.24196071593293939,0.2420665704107358,0.24218227470410855,0.2422521805433249,0.24247931774682782,0.24256170620307516,0.2446160626471165,0.24458823363896973,0.24467719597307844,0.2448924207637303,0.2470761652400968,0.247145109605503,0.2476854514060654,0.24780554498382668,0.24815538647419652,0.2487812136712648,0.24896866416034533,0.2493252542785723,0.2493256361900659,0.2490956410390406,0.24909306293363723,0.24933348493764015,0.24939598349813455,0.2524701042152227,
0.0,0.0,0.0,0.0,0.0,0.0,0.0,0.0,0.0,0.0,0.0,0.0,0.0,0.0,0.0,0.0,0.0,0.0,0.0,0.0,0.0,0.0,0.0,0.0,0.0,0.0,0.0,0.0,0.0,0.0,0.0,0.0,0.0,0.0,0.0,0.0,0.0,0.0,0.0,0.0,0.0,0.0,0.0,0.0,0.0,0.0,0.0,0.0,0.0,0.0,0.0,0.0,0.0,0.0,0.0,0.0,0.0,0.0,0.0,0.0,0.0,0.0,0.0,0.0,0.0,0.0,0.0,0.0,0.0,0.0,0.0,0.0,0.0,0.0,0.0,0.0,0.0,0.0,0.0,0.0,0.0,0.0,0.0,0.0,0.0,0.0,0.0,0.0,0.0,0.0,0.0,0.0,0.0,0.0,0.0,0.0,0.0,0.0,0.0,0.0,0.0,0.0,0.0,0.0,0.0,0.0,0.0,0.0,0.0,0.0,0.0,0.0,0.0,0.0,0.0,0.0,0.0,0.0,0.0,0.0,0.0,0.0,0.0,0.0,0.0,0.0,0.0,0.0,0.0,0.0,0.0,1.1301405726756471E-4,1.3611171747251763E-4,3.500400620894143E-4,9.403849453739274E-4,9.404014690841178E-4,0.0011984958468562452,0.0011215168631750281,0.0011563282766520425,0.0015642523650871284,0.0019008099231851458,0.0020578711617747214,0.0025780408829129157,0.002789324055485926,0.002865705177724456,0.002609857928360376,0.0028307365861609465,0.002714274439429883,0.0031935290842379656,0.0032816783180062903,0.0034676749548533314,0.003787641040460619,0.00400778204132463,0.004209252147427257,0.004329569147725429,0.004346527449112657,0.00476126114450954,0.004758042305386028,0.004840662835271138,0.004932175182491269,0.005095902439378548,0.0049562321211616385,0.004935248405422172,0.004984070276298416,0.004996788710297122,0.0049178043437407715,0.005189344460638138,0.004768626462140707,0.005344025575476267,0.0054387739683187455,0.006062832787842461,0.008811554574086174,0.010095208698357427,0.010498226844497947,0.010793851277553427,0.010795199502145175,0.010914021797371765,0.010924601712399158,0.010845008564298958,0.010988294278290988,0.010997722208639827,0.010869779005060748,0.011667979365030473,0.012400743767837048,0.012171013447709952,0.012256472456957025,0.01215773534860694,0.011824598792162019,0.012648037371669788,0.014124283841984577,0.014429768976274794,0.015683422843329894,0.016403857064940294,0.017357704902802272,0.01809976439125609,0.01872392454055799,0.018420273115014166,0.018712173235043206,0.019164573560264762,0.01942855838536517,0.020282898362310318,0.020352319345980002,0.020565171519379432,0.02057897558071819,0.020721241713324713,0.022054100868537155,0.021835183600985304,0.021118100049258855,0.021745649811628857,0.02195666971514402,0.02239019898137146,0.022634105264045076,0.023256240498578728,0.02356646720139331,0.023811859635128243,0.024284070484809246,0.024593179452220757,0.02492602646333735,0.025274678951687883,0.025475804767491863,0.024112953435362124,0.025373096477227918,0.02579420221678948,0.025957602974832683,0.027652046899428153,0.031055140793713104,0.031096239281589135,0.03142929575028361,0.032387592467409555,0.03260911766458131,0.033321811673250136,0.03359984777684786,0.03410996240077367,0.03568091808291169,0.03604254658456861,0.0364022978410157,0.03669661778452041,0.03706118260039767,0.03727598501347393,0.03816515618018835,0.038627801836270126,0.03844479584623658,0.03805476380198826,0.038402535970026346,0.04020429552223982,0.04059578169505756,0.042407492244228046,0.04327626150214505,0.04581604455974264,0.049465713363271574,0.051571673142086445,0.05152413515713753,0.05208273572314013,0.05350578656414023,0.05363082748788032,0.054362058535144475,0.05424201772557857,0.05447582207750995,0.05536997335083088,0.056654363265439656,0.05611939430742159,0.0572575190582033,0.058512293436901765,0.059262033192608796,0.060651094500625065,0.06326030970732995,0.06457519451793464,0.06734849572126388,0.06874514967655007,0.0700795825491988,0.07021608724920439,0.07015498211360408,0.07079300488357708,0.0708134563951837,0.07112181867602664,0.07314779957799808,0.07869621263162471,0.08140668811610408,0.08331965281039475,0.08408165906218616,0.08408893580419045,0.08503146501971913,0.08834251319453273,0.08937217133314562,0.09015168544464022,0.09005265339819726,0.09110483501980665,0.09305551785920975,0.09409670004217809,0.09483266123752526,0.09543104344694557,0.09935748611277406,0.10166910654083414,0.1016108454792076,0.10221713578846206,0.10229560956317452,0.102931632963432,0.10452026590934789,0.10537688515434801,0.10642743303522217,0.10739726030345004,0.1082025284533737,0.10909107674481144,0.11010100132583527,0.11040529251981308,0.11072895770221652,0.1117842482559518,0.11238374478098895,0.11232356338869535,0.11314849619237001,0.11375211461915284,0.11605226197818377,0.1195746442527113,0.12052008693958771,0.12253173834547809,0.1226588578407255,0.12455233370421749,0.12515521221873308,0.12627515291950908,0.12722488753759012,0.12786015142174295,0.12918708667567402,0.13026773668550165,0.13145511878155627,0.13236828350136903,0.13269406878348608,0.1330644197829245,0.13401635363776135,0.13399790042412374,0.13417936962165108,0.13408937001762328,0.1349415696254799,0.13532923445270598,0.13543045598895037,0.13801799240792081,0.13949526180330715,0.14166678405350264,0.14423407169178365,0.1436170376749123,0.14366352709497582,0.14398192593785875,0.14407969338161367,0.14455766661616265,0.14455039124642333,0.14601797308316458,0.14629525048436223,0.14684995488397046,0.14829166888655163,0.1486553505017569,0.1486327336475977,0.1487762468442636,0.1491226326192683,0.14940990843017501,0.15017439522747286,0.15057807399688516,0.15190162937947393,0.15195963665438064,0.15207405257580614,0.15261163824255405,0.15322860118762097,0.15387217078836002,0.1545071429918061,0.1552071630046794,0.15621476255308478,0.16113485838455827,0.16107722963253635,0.1611835266619852,0.16167031368072,0.1619846848245134,0.1619286466049732,0.1621832730461236,0.16213190546850395,0.16271232939925195,0.16695468115683929,0.16658331428269524,0.16716540738918875,0.16716052921220872,0.16583029792371312,0.1662711196673786,0.16709303405642079,0.16683898716241172,0.1699864213158709,0.17126658617607066,0.17334184558086832,0.17380910680597655,0.17403936092320313,0.1754148392878037,0.17658542082696668,0.17712507324506932,0.17757634412885645,0.17779387764658797,0.17859583721406888,0.17978864436441047,0.1807998999015364,0.18428827603344158,0.18467071570700064,0.18580454893920761,0.18747917781028006,0.1879826720409741,0.18561411070597122,0.18663896407399286,0.18756060351640885,0.18912640730136324,0.1893858561404723,0.19093773742159828,0.1915189768034978,0.1915947581656784,0.19253948086322326,0.19254128995099098,0.19269359714186687,0.19234016942554555,0.1931826034377743,0.19330458012186613,0.19395840378582438,0.19443129657452698,0.19459022043335214,0.19715321709059214,0.19790819350533398,0.19880704041758987,0.1986779794784878,0.19897135060082063,0.19846286686269882,0.19858324107621014,0.19883100740553314,0.1986421172669119,0.20037899950409332,0.20201594150084695,0.20198594094107897,0.20220865808372376,0.20360431439775475,0.20281942243651815,0.2029017314535515,0.2029511394911369,0.20388604932903434,0.20466343638376036,0.20485840561527313,0.20494417535885934,0.2057714000091062,0.20751462398740111,0.20816936790219073,0.21014594711943932,0.21081277164823686,0.2115643508767465,0.21231438766898464,0.21273017975203298,0.2123928248748602,0.21586812590985047,0.21599183028577562,0.21608804489490427,0.21589270604278618,0.21637311424037972,0.21642041865723471,0.2164259413626458,0.21717611290681754,0.21754181530807043,0.21765437572669577,0.21801843991041972,0.21795577964829643,0.21887277479966774,0.22024817671469019,0.22012923890222022,0.2206105170724339,0.22114436598120119,0.22125377012558592,0.22151060086781804,0.2221905195163402,0.22225620405171762,0.22258287555693992,0.22300300907528414,0.22318318956914313,0.22330220459780253,0.22347650018412055,0.2241744166695991,0.2252094830637019,0.22532720293975786,0.2253501852402753,0.22553355161914362,0.2255404981863032,0.22607111576497113,0.22615180474427185,0.22644307036633718,0.22690351408375117,0.22694887026173952,0.22682976890205564,0.22708292854491172,0.22678623469528544,0.22675488864094134,0.22724397997555748,0.22727882799131038,0.22786140998584356,0.2278068648996308,0.22786035251866701,0.2279728089480752,0.22854506585723483,0.22853887573606219,0.22914080097204592,0.2295361917979376,0.2296999100608369,0.23013761850830675,0.2302454115618136,
0.0,0.0,0.0,0.0,0.0,0.0,0.0,0.0,0.0,0.0,0.0,0.0,0.0,0.0,0.0,0.0,0.0,0.0,0.0,0.0,0.0,0.0,0.0,0.0,0.0,0.0,0.0,0.0,0.0,0.0,0.0,0.0,0.0,0.0,0.0,0.0,0.0,0.0,0.0,0.0,0.0,0.0,0.0,0.0,0.0,0.0,0.0,0.0,0.0,0.0,0.0,0.0,0.0,0.0,0.0,0.0,0.0,0.0,0.0,0.0,0.0,0.0,0.0,0.0,0.0,0.0,0.0,0.0,0.0,0.0,0.0,0.0,0.0,0.0,0.0,0.0,0.0,0.0,0.0,0.0,0.0,0.0,0.0,0.0,0.0,0.0,0.0,0.0,0.0,0.0,0.0,0.0,0.0,0.0,0.0,0.0,0.0,0.0,0.0,0.0,0.0,0.0,0.0,0.0,0.0,0.0,0.0,0.0,0.0,0.0,0.0,0.0,0.0,0.0,0.0,0.0,0.0,0.0,0.0,0.0,0.0,0.0,0.0,0.0,0.0,0.0,1.7605332287937527E-4,1.7605332287937527E-4,5.00554353321723E-4,5.15050003176424E-4,6.849926465306913E-4,8.973118831295343E-4,0.0012422061774281256,0.001270590185501972,0.0013286300883632587,0.001517045105831205,0.002081815132772345,0.0020872999089516947,0.002612364830963748,0.0029561462126996597,0.0034676378266134183,0.0036986804975559177,0.0037000036239130825,0.003749178224092429,0.004360834670997216,0.005660527294639818,0.005928926469050919,0.006734306040505729,0.007106076639404187,0.00736194018577134,0.007854031342359999,0.009273015717721485,0.010007560494703529,0.011282646768361656,0.012344988623591858,0.013624489527306802,0.013730229450680358,0.014265393856538678,0.01634957177808013,0.016887368024651257,0.01700810393954117,0.017967443455395717,0.019275853218406948,0.02040871950520041,0.02043553600809323,0.020409521879217896,0.02112978604511967,0.0212728247393042,0.023136801767105728,0.02357189825801149,0.024692246579841575,0.02611885411761432,0.026630294603377958,0.027431743832901517,0.02800761568191094,0.02920683575317407,0.03501005743829208,0.03662516350021362,0.03777383266255063,0.03867642275262262,0.038804320290583845,0.0446006153112878,0.045519274393635026,0.049526055186063456,0.051291648059417806,0.052610008033069776,0.05340301509508537,0.05526406713395983,0.05667405107071268,0.05803092636534469,0.059797280018120354,0.061515341693440334,0.06302253692555022,0.06377408840660345,0.06264940820009046,0.06391451851327105,0.06493795735042297,0.0659213139537626,0.06663297003025181,0.06755189651809924,0.0674223289100687,0.0694252658074909,0.07075934193762672,0.07135049087079003,0.0718167273042781,0.07353759883921902,0.07704129819763292,0.07874816575587588,0.08663509653640047,0.0866732212584532,0.0872853151713243,0.08909419544230276,0.08886742528175501,0.08884254891951462,0.08866759000086485,0.08629656352278747,0.08531242287965918,0.08299513267174756,0.08004243954158322,0.07947946225889431,0.0808624764529276,0.08054236368575876,0.08051437441896538,0.0893650111999885,0.08942560099666688,0.09339825961559933,0.09397431829903533,0.09637762816573225,0.0964892434645798,0.09658506991278801,0.09716141451115207,0.09611248683988916,0.09643480863348142,0.10383236035814515,0.1050065649118244,0.10432685160820973,0.1050353492316397,0.1072206230026423,0.1078990192062406,0.11167299371410898,0.111848572629428,0.11239640595858125,0.11302327510657355,0.11438172925553784,0.11848069720280349,0.12100477324697546,0.12907347883534415,0.12887201203209867,0.12954922640590777,0.130655633064706,0.1309491847956934,0.13120949664684683,0.13158028601178667,0.13194797285158374,0.13236681707520398,0.13373515977915296,0.13559650930962036,0.13679208532708942,0.13857527320124863,0.13974590930975153,0.14181955927284082,0.14202499754937253,0.14349533420596547,0.1436055168148811,0.14336755946341553,0.1429363150009333,0.14365017823926365,0.14679518545652642,0.14775397697108988,0.14869157371380923,0.14953734401989702,0.14996267984466571,0.15187676031571284,0.15363397694504324,0.15246966627727815,0.15256368278520985,0.15280878439057366,0.1537638982022267,0.1545087297266207,0.15455640107684682,0.15518181329545627,0.15535237550097003,0.15659748221883085,0.1563496428645546,0.15587347998443005,0.15604876999076187,0.1586052569982896,0.15932727627493137,0.1599279597739623,0.16079283146445497,0.16183406353935395,0.16327617577999307,0.16456427424954606,0.16489342599686702,0.16507277459814032,0.16846823386209117,0.17007534152367698,0.1703912323245685,0.17655748816250028,0.17669077875422054,0.17887508270976735,0.17897663448347023,0.179438888344093,0.17990121696025232,0.17923822115604,0.18033857206069756,0.18197110591703328,0.18274638802631565,0.18776715759536117,0.18833822265809663,0.19092907531922856,0.19268970095954419,0.19346254100824525,0.1939429195411907,0.19483210345797203,0.19506477101897754,0.19482192171851603,0.19757295390772653,0.19909785828459553,0.19922556372725386,0.20011318209557843,0.2004032917531292,0.2008972775718811,0.2021403811874759,0.20463628587569302,0.20526519537651647,0.20565458376343823,0.20624795976312893,0.2074618814913627,0.20766532647227912,0.20789481027797538,0.20938470106028456,0.21227617795665163,0.2124957718764558,0.2132915039311807,0.21353754174375603,0.2127974316387945,0.21337120334332982,0.2135452229148365,0.2162181529167338,0.21616497826993597,0.21649229343649656,0.21630554101623595,0.21685254358446981,0.21717453276837662,0.21785015715306216,0.21797259078858466,0.21822839779436656,0.2180317234997545,0.21845958009271574,0.2186447934808235,0.2187789551147463,0.21904333048718377,0.21974226170613892,0.2201402304717782,0.22121808061370496,0.22165603035818923,0.2236047610790744,0.22363156624604585,0.2252444790488785,0.22538505628987865,0.22627039474296654,0.2269720788788545,0.22716946897245416,0.22799592881975028,0.22818663016604565,0.22799120279512877,0.22821240828081762,0.22828865375933569,0.22878349581530255,0.22922258202807666,0.22950555414116036,0.23005144394146823,0.2337241492207745,0.23180542493436282,0.2317443968779686,0.23171758016412367,0.23210239350039838,0.23222763832166063,0.23225059957234925,0.23255660749231727,0.2311378480059524,0.23112822972379166,0.2320376289259016,0.23236421889193704,0.23264839846250038,0.2352060687004419,0.23477652270145272,0.23474135328845924,0.2352830071389554,0.23589939791667044,0.23588726996211787,0.23825394527230193,0.23945591722583176,0.23975075272742713,0.23977083768192242,0.239893987354036,0.23925080906511245,0.23937639281117107,0.23948141831010022,0.2393069430469969,0.23937456440476532,0.23965645010237513,0.23991531038473227,0.23988959510768162,0.24031283308086102,0.24030248046834324,0.24038362422718898,0.24032705012889344,0.24043916469231905,0.2404905241237135,0.24097924966259363,0.2409677076229495,0.24111060106366566,0.24113033327535327,0.24198899871532278,0.24242214336171017,0.2423533506443732,0.2423359207064072,0.2423109255372018,0.2426954219217371,0.24267728801042673,0.2422994177014845,0.2423128877054833,0.2426248231212287,0.24242526164928996,0.24242999629962245,0.24658730061996764,0.2465558802940367,0.24684004243878663,0.246632808634364,0.24669157510993828,0.24611773539760426,0.24661669512031,0.24679483861633356,0.24688136188672627,0.24770517197262965,0.24776433999898825,0.24800101638557315,0.24784370124093308,0.24802295170416888,0.25046745558904654,0.2505040306895536,0.2506354086873602,0.2506492706622913,0.2525585856469148,0.25267435589504017,0.25271236033565997,0.25341995324771727,0.25416315593299466,0.25755768092337333,0.2576781012130358,0.2563307505655311,0.25640171380136634,0.25644207642426164,0.25605206396939995,0.25612014493975654,0.2561625966045059,0.2562432539905913,0.2561917184069976,0.25543675569794067,0.25588074789865795,0.25613529801955276,0.25612460066439025,0.2573182236982765,0.25684206990233316,0.25661371010227185,0.25734384213502226,0.2586911468044929,0.25902576089320073,0.2592365399630437,0.2594427333410844,0.2605378881287589,0.26268727956626947,0.2627157152097976,0.26276106966553897,0.2628380344084643,0.2630159275199326,0.26315090126450114,0.26348855203310445,0.2641582033893706,0.2640363122758312,0.26403889036485606,0.2640152424442617,0.26406898930042144,0.2641490572382164,0.2642432245776248,0.26465857506507834,0.26533075305372333,0.26544886168688175,0.26559999707936,0.2657626474800037,0.26580527640018853,0.26584788522884917,0.26399109520427044,0.26406399986131984,0.2640731208333553,0.26358390434347556,0.2636463106769576,0.26372305900775606,
0.0,0.0,0.0,0.0,0.0,0.0,0.0,0.0,0.0,0.0,0.0,0.0,0.0,0.0,0.0,0.0,0.0,0.0,0.0,0.0,0.0,0.0,0.0,0.0,0.0,0.0,0.0,0.0,0.0,0.0,0.0,0.0,0.0,0.0,0.0,0.0,0.0,0.0,0.0,0.0,0.0,0.0,0.0,0.0,0.0,0.0,0.0,0.0,0.0,0.0,0.0,0.0,0.0,0.0,0.0,0.0,0.0,0.0,0.0,0.0,0.0,0.0,0.0,0.0,0.0,0.0,0.0,0.0,0.0,0.0,0.0,0.0,0.0,0.0,0.0,0.0,0.0,0.0,0.0,0.0,0.0,0.0,0.0,0.0,0.0,0.0,0.0,0.0,0.0,0.0,0.0,0.0,0.0,0.0,0.0,0.0,0.0,0.0,1.2945559353993315E-5,4.5802305315701174E-5,6.818454200195526E-5,7.27843903546729E-5,1.1280575317170528E-4,1.2829661819028606E-4,1.334862312634868E-4,1.5898869468384798E-4,2.2392321422015686E-4,2.6053137612398926E-4,3.370433009506699E-4,3.2790450383741575E-4,3.757973987824582E-4,4.369194110629396E-4,4.640779630953915E-4,4.986438401837963E-4,5.227621099991831E-4,6.71208900914475E-4,7.521663850361691E-4,8.714040787590727E-4,0.001182641289727184,0.0015822908227481646,0.0016672264107324365,0.0016137749807521556,0.0016202397702768147,0.0019049778535377222,0.0019532548542677735,0.0019769631516786015,0.0020857438012605403,0.002115545395160133,0.0025925463780489028,0.002953061297963492,0.003136120854054396,0.003233638438201047,0.003441593432959315,0.00353820803935284,0.0035600732660061546,0.0037558791759961727,0.003828299252133095,0.003993320765713404,0.0044007148945197794,0.004472490949471314,0.0048721094787322105,0.004958210960732618,0.005471322381640553,0.005524359179221492,0.005962102696075127,0.006023373144795824,0.005539299815376393,0.005248391121490625,0.005290810555286375,0.00541532221106139,0.005446485638735276,0.005832135706399737,0.006091406575078101,0.006476724192068205,0.006773061816388699,0.006891051848730102,0.007063221943033222,0.006986471736271679,0.007251245083546617,0.007349506389402999,0.007355643657125838,0.0074813394022895776,0.008234370286734708,0.008575584143676448,0.008858619601670845,0.009485603136547152,0.010214702178193024,0.010929837653399825,0.011142373641943603,0.011229066782450614,0.011498945499618062,0.011761294718423397,0.011949520805122831,0.012120306238728904,0.01216588978345915,0.012349085224700128,0.012961733405101587,0.013171632501716468,0.014045799333203454,0.013979376206607056,0.01413514715073743,0.015080943583372725,0.015219323726060467,0.01525656709208349,0.015560882189924886,0.016222736731348858,0.01610772615607916,0.016438263123518156,0.01700499808251049,0.01708570392284823,0.01784280520472595,0.019945375891883887,0.0203073155095759,0.020567985859951794,0.02077534106945368,0.022317872221692306,0.022874079975268646,0.02339389129427678,0.023922652802135232,0.024030395545989458,0.024246574505368358,0.02392173850003618,0.025334879981214475,0.026508147992344373,0.027242545700661723,0.02798604581178926,0.028255588889305606,0.028610972768700862,0.03023704118535143,0.031278278290966,0.0322263794202844,0.03279164525852605,0.033608108065875636,0.034111643031860796,0.03509904479647733,0.037595386535636495,0.03880072663394154,0.03941875014876119,0.03985581221923648,0.040057909828047064,0.0395073412340684,0.039028237994130445,0.03960909640867338,0.039263554090530485,0.04031876861605724,0.04280632155912284,0.04295711229517505,0.0439176340819215,0.045030292184761005,0.04624472557262035,0.048431340068007075,0.0488129784594851,0.049812463643582425,0.04954536044594302,0.049875462514465264,0.05123765497717156,0.05199495573149384,0.05277813939657579,0.05313885623988469,0.05646698886952915,0.05638082959904955,0.056861119663338996,0.05786157252393125,0.05812416904539138,0.058560677396177006,0.05901938197832397,0.058563842558565754,0.05895184019127678,0.06056425696113737,0.06140369122058965,0.06160231513543415,0.06235257834608063,0.06264177739244983,0.0628083436070939,0.06240848985992104,0.06140709756965238,0.06437730077057804,0.06463941184052809,0.06515729712814002,0.06506254495250856,0.06610380032294143,0.06620193295984683,0.0665181346662633,0.06674606673797029,0.06752129116049631,0.06773382216093934,0.06814999161157231,0.06779921028894714,0.06926286620255317,0.07036667859573605,0.07107478268449406,0.0726728281783103,0.07390232975791285,0.07459223395232788,0.07547531085888647,0.07615189941238998,0.07677375074367544,0.07616633286535117,0.07642789962792824,0.0788628544155296,0.07906631722551304,0.08048769743873199,0.08158604335703146,0.0817769317186681,0.08193910872481718,0.08237707531806929,0.0834831855740964,0.08415427566488086,0.08469394592016918,0.08659611020492897,0.08739810974089048,0.0880534066539247,0.08898689749121079,0.08977334223500893,0.08958689245429907,0.08960175958019093,0.08914752293541306,0.0899053563564284,0.09047528720801867,0.09036165537604932,0.09140789982331837,0.09264249299859453,0.09365236095834503,0.0941880080603989,0.09461657375749773,0.09458177807126125,0.09670750522106064,0.09671308632987163,0.09779898296928535,0.09809714375965521,0.09823214013895232,0.0990236086292291,0.09958404805925185,0.10005207389666204,0.1003449847524348,0.10155918654356952,0.10263229595678562,0.10311445532169881,0.10333397907670742,0.10340453757449905,0.10411723765202353,0.10538124422117817,0.10651018909455079,0.10697811456109768,0.10852576775165938,0.10871422814328995,0.10920918632719816,0.10985591896521314,0.10996274753554919,0.1109059052819172,0.11126807784963642,0.11181179270324672,0.11336726500714847,0.11396431012252514,0.114630285464376,0.11547544809548259,0.1170637284939186,0.11707631537317084,0.11657802997767683,0.11701727351646242,0.11792816247232125,0.11823464609837794,0.1198524228699285,0.12057314327937381,0.12229267814128163,0.1229475629173547,0.1232197873260928,0.12318308673022665,0.12409020075548044,0.12432360701212479,0.1247958186947924,0.12480110333492586,0.12746024400751324,0.12801994943683864,0.1296523762469681,0.1301336862948464,0.1322174883151837,0.1323776608310788,0.13258341445113808,0.13415134255390027,0.1345581732396937,0.134310797877747,0.13448750244738406,0.13466854682303606,0.1371503107524124,0.14297257490977894,0.1458125228993508,0.14604578018867137,0.14691200100415736,0.1472426238486736,0.14793863846663208,0.15025454696228668,0.15044065920897318,0.15051374123495317,0.15098528222485916,0.15175875053453694,0.1593003105631808,0.1599274745329419,0.15975498134886,0.16076274910749885,0.1603948085999666,0.162003321173755,0.16302582232517998,0.16390028493572142,0.1643602564460912,0.1647570964609063,0.16487942958273372,0.16581586434175097,0.16597950506921863,0.16757183560185215,0.16805296830144628,0.16854847470822376,0.1687810073922544,0.16911687727997624,0.16819864800966816,0.1687908949536608,0.16941491757911173,0.16974326337269818,0.17025179645754462,0.16997415472564475,0.17480311472768842,0.1754743942008948,0.176207725771679,0.1764110971435951,0.17806647468866296,0.17884384271873788,0.17968847037057298,0.17982068312768865,0.18041958768904826,0.1803896026811253,0.18089499667495076,0.17928747192038128,0.17962338561060248,0.1844735042941682,0.18457192239453182,0.18457195563063164,0.1860177781733963,0.18646883262796976,0.19137730068980485,0.19231749776461152,0.192636447112825,0.19253838503884443,0.1929003608974065,0.19287290890571226,0.19288575125193996,0.19286610794375714,0.19300333819106472,0.19302568952809093,0.19721544491086837,0.19864688076826031,0.19971233969368685,0.19990738306328618,0.2003242518129269,0.20075372182059442,0.20233189693397388,0.20320959381871334,0.20337479013947407,0.20390171102596144,0.20424920291983195,0.20451985940549108,0.20595698369085602,0.20747492956711044,0.20780644999887882,0.20918805609999008,0.20956128024521706,0.2096481715880853,0.20973009080994198,0.20974626975462626,0.21014098082346996,0.21042674784343146,0.21239537778935283,0.21239902080372675,0.21301753557181488,0.21202989733478014,0.21213872661393574,0.2137149558610411,0.21398414536494628,0.21431042253472032,0.2155398969718054,0.21576571866430785,0.21701474728863482,0.2192819515949031,0.2193288377372178,0.21957591535495727,0.22040302331757222,0.2214718666875191,0.22220000977605917,0.2225992598627213,0.22380546294206052,0.22297877673407465,0.22340104281345274,0.22347621759092953,0.22360445130132747,0.22422722932134398,0.224424159307046,0.22410191805645044,0.2240048415329019,0.22412214974230796,0.22427193611453575,0.22437775400528787,0.22478781501487746,0.22503685831654974,0.22509184697837692,0.2250376276465709,0.22536732950688737,0.22546727798528227,0.22720959201376772,0.22725911965853776,0.2278957675660567,0.22790630751193935,0.22786966182493507,0.22786843322125852,0.22855150582448314,0.22896031080985188,0.22930799905598784,0.22819233477109763,0.22855318405283184,0.23061379744617802,0.2306553892336883,0.23079197619661118,
0.0,0.0,0.0,0.0,0.0,0.0,0.0,0.0,0.0,0.0,0.0,0.0,0.0,0.0,0.0,0.0,0.0,0.0,0.0,0.0,0.0,0.0,0.0,0.0,0.0,0.0,0.0,0.0,0.0,0.0,0.0,0.0,0.0,0.0,0.0,0.0,0.0,0.0,0.0,0.0,0.0,0.0,0.0,0.0,0.0,0.0,0.0,0.0,0.0,0.0,0.0,0.0,0.0,0.0,0.0,0.0,0.0,0.0,0.0,0.0,0.0,0.0,0.0,0.0,0.0,0.0,0.0,0.0,0.0,0.0,0.0,0.0,0.0,0.0,0.0,0.0,0.0,0.0,0.0,0.0,0.0,0.0,0.0,0.0,0.0,0.0,0.0,0.0,0.0,0.0,0.0,0.0,0.0,0.0,0.0,0.0,0.0,1.3777984405568255E-6,1.498555022044923E-6,9.152369576784237E-6,7.974562082954157E-6,2.995447812584834E-5,3.790609683038968E-5,3.937126173149584E-5,2.8064063604877646E-5,1.4083887469755836E-5,4.248906745008452E-5,1.16277204950349E-4,2.5722649262645205E-4,4.948746593047906E-4,7.979685388602381E-4,9.127319954616479E-4,8.1926769615888E-4,9.571375111945109E-4,9.663562312703236E-4,0.0010921852069793797,0.0010688354300586302,9.986920218174617E-4,0.0012264370681135737,0.0013863910394794935,0.001590511115929724,0.001794469987224896,0.0017901184272888552,0.0018668246183197543,0.0020798790151131345,0.002099655826142061,0.0023189797591224052,0.002349616678269263,0.0023876203965620267,0.002424246428708466,0.0025475602186799703,0.0028721801922388093,0.0028581479801762233,0.0029110526378990976,0.0033060023460261064,0.003880316700198201,0.00538032132676631,0.005382519887537538,0.006047129670084221,0.006011561133652416,0.006863610688841341,0.007047618737248049,0.0074821421320080145,0.008146736404662555,0.008054570719746142,0.008942281122636233,0.009319535105000174,0.009539814462336893,0.01016516259356018,0.010096180595194166,0.010543948506997372,0.01090045576151129,0.011085265679909338,0.011286494269360776,0.01332026135463356,0.015384481346282602,0.015659640597955618,0.01584174741597846,0.016203573852428786,0.01660585682868767,0.016865808340401425,0.0166082808255712,0.016617512722431758,0.016775106401178477,0.017489581290711882,0.017901201818032748,0.018513622099178548,0.018869976372677948,0.019137755227204793,0.01927899309094101,0.01990432186370667,0.020217344523886474,0.02045282955628776,0.02188116306515795,0.021965168377448028,0.02200813106542793,0.02187774158557413,0.021934220388843396,0.022543361905155122,0.023390470490211673,0.024290972391428522,0.02465248542004961,0.02483936867486209,0.024941531789434986,0.02551173569505394,0.026474556274559354,0.026941707971845148,0.027742234671682294,0.02831789551236921,0.03134685003128257,0.031273597653961885,0.033044458478004836,0.03442822186391211,0.03523119873410242,0.035600512587885144,0.03866575543421768,0.039614813220993424,0.040638307807770044,0.04460295781042252,0.04490240213223024,0.04482539471777495,0.045719873341531644,0.047870368822774775,0.04948802417427896,0.05021618636445466,0.053110910579875964,0.054290686154816976,0.05505470768183388,0.05735776133142741,0.0575050738661002,0.05780520994528361,0.058650708669765794,0.05888535496307032,0.05898902026380253,0.05913398130674592,0.06117756134356534,0.06117763540305797,0.062487135533604715,0.06484661773179001,0.06625376685552316,0.06867350390165515,0.07006675364782589,0.07105857963835992,0.07144485928647389,0.07117008815770007,0.07290332944836461,0.07394998107849678,0.07618961667620827,0.07642048034154246,0.07671677725532383,0.07743011160102552,0.07766661402438949,0.07928558711595664,0.0799939349548024,0.08055810071176084,0.08193644394311245,0.08306511744197143,0.08372535174353156,0.08444073511899462,0.08616867622632693,0.08744444552443299,0.08740473536864261,0.08748934256539194,0.08829957825675505,0.08920475898744638,0.08936366176965156,0.09015670212397577,0.09084369904007737,0.09140223255070133,0.09161841991069743,0.09258233216857051,0.09343763819357657,0.09481967576481934,0.09534157953108088,0.0955000843420844,0.09586385809628638,0.09633436111480184,0.09597101549193703,0.09791372608236185,0.09924483570429252,0.10067876120075671,0.10327906004349,0.10610013158217342,0.11527822024519743,0.11670361922776318,0.11833913701022632,0.11809701984264644,0.11824598838239707,0.11817706801404575,0.12001386504989384,0.12028872407409479,0.12124886493302511,0.12177094378652902,0.12163807350773993,0.12577043483663095,0.1262471721728687,0.12693903362723657,0.12799567791379668,0.12858082370932436,0.12906734936943634,0.12973539350027702,0.13487230760969046,0.13819546995023269,0.1389872995091977,0.1426804078424071,0.1516924601769066,0.15790968321919213,0.16145099851224592,0.1624131581775709,0.16356216461095122,0.16463529391076426,0.16481243493506936,0.16542325623383164,0.16575297557410124,0.16717651251365806,0.16718571951696234,0.16586478245029349,0.16669591334882927,0.1676907582090372,0.1709130422824377,0.17152688963331508,0.17163711796214234,0.17252341377311664,0.17352243328097483,0.1739042138086304,0.17574846099178848,0.17608716966228505,0.1788424879541808,0.17923335032645385,0.18041644501348145,0.18179240309839448,0.18139283606126458,0.18222871647404468,0.18267669038743553,0.1831071631364514,0.18354927097712612,0.18398039759160065,0.18407683025508204,0.18467291131098362,0.1844669510239943,0.18430769648527384,0.18462984377057212,0.18719777408146152,0.18735300936152297,0.18853513723436305,0.18865225264277413,0.1889290289453371,0.189390043407015,0.18937647321340115,0.1888049980148315,0.1891949629659572,0.1892458440705585,0.18960650212040267,0.18978307252879206,0.1900658155830022,0.19105267150559602,0.19132308939660395,0.19246841622492716,0.1930572540956632,0.19292272696312332,0.19330071572179217,0.1935389688952829,0.19382169319940526,0.19974358720589513,0.20007041331388997,0.20015690829693675,0.20018660975105826,0.2008967184554336,0.20103938522082151,0.20122178311130615,0.2012551089198721,0.20101972379858427,0.20129398357932196,0.20432529522556,0.20424558403900478,0.20499956429359484,0.20662680514147413,0.2068499892935639,0.20703437617119136,0.20770680118988344,0.2078347811302179,0.20838485743658952,0.20873245099869178,0.20873463293181338,0.20917724208673097,0.20934986071759057,0.21036743610859238,0.2109383397813707,0.21115616792701217,0.2115325093443477,0.21166000049081446,0.21261906205763137,0.2125948560007099,0.21271524929692673,0.21335481187568653,0.2134682359019525,0.2136501207855519,0.21433617562005722,0.21598383744451566,0.21623729654361712,0.2166993252114038,0.21796577168850045,0.21853871686287835,0.21891487604440266,0.22043797038218374,0.22069874871180853,0.22320549998331943,0.22479994360381378,0.22613252725098124,0.2263884302049544,0.22669026408045612,0.22767582780728887,0.2287052491671827,0.22885330626659117,0.22974621661988157,0.2300463829886779,0.23035763571471196,0.23094939331475392,0.2309391128441258,0.23091635579795153,0.23088235066867108,0.2293873835887505,0.23027971089117527,0.2304197532434479,0.23046091536296964,0.23051547624758306,0.2308997395818194,0.2309720122709219,0.23303547490790918,0.2331465203880343,0.2330686665841185,0.23312966717505407,0.23356686193814932,0.23296189374153825,0.23358366260268448,0.23359718670327725,0.2340310087501486,0.23417695139423517,0.23441830753983836,0.23438448659513128,0.23495592227088716,0.2351759434489563,0.2354881953515168,0.23643394468991466,0.2379865233794801,0.2384544496864707,0.23889539696215378,0.23890389532764114,0.2395468502263999,0.2403432610019984,0.2407004148047138,0.240932711199747,0.24117531073966214,0.24144703151987706,0.24219494853414697,0.24254443421125466,0.24276243036270947,0.24297307785930763,0.24297136415491724,0.24339902731008042,0.243341472902949,0.24406686722365847,0.24403439029668553,0.24403025866006847,0.2446307641804926,0.24473992736233613,0.24442192967004614,0.24445160400121704,0.2445877998746638,0.24543878949919595,0.24501653614511065,0.2447664127187713,0.24505461702959927,0.2451104053942484,0.24517374677106,0.2453909345392616,0.24540192418220788,0.24670871871588784,0.24698590803973725,0.24694324077458737,0.24689253453551405,0.24699112998971154,0.24732045416675702,0.24766426473296355,0.24925426064106077,0.24921839837602341,0.24994020990366334,0.24951708560492067,0.24959169837168274,0.24961930911542987,0.24975683999107567,0.24979400140767807,0.2498049804368208,0.24953056654764616,0.24990444422114147,0.24984911592813844,0.24984306020260288,0.25044833637092634,0.250645635922977,0.2505834499513042,0.2507544394805644,0.25078303013638753,0.2507328965403279,0.25033541151352273,0.25039055636878016,0.2503751628128034,0.2503929307406337,0.25045666646647813,0.2504887672261703,0.2504804994976136,0.2503979330858443,0.2507701983726036,0.2510164575350582,0.2511165063281472,0.25229704444735573,0.25241836164085013,0.2523823752937817,0.25364024652984957,0.253814574491018,0.2541579358799772,
0.0,0.0,0.0,0.0,0.0,0.0,0.0,0.0,0.0,0.0,0.0,0.0,0.0,0.0,0.0,0.0,0.0,0.0,0.0,0.0,0.0,0.0,0.0,0.0,0.0,0.0,0.0,0.0,0.0,0.0,0.0,0.0,0.0,0.0,0.0,0.0,0.0,0.0,0.0,0.0,0.0,0.0,0.0,0.0,0.0,0.0,0.0,0.0,0.0,0.0,0.0,0.0,0.0,0.0,0.0,0.0,0.0,0.0,0.0,0.0,0.0,0.0,0.0,0.0,0.0,0.0,0.0,0.0,0.0,0.0,1.4150851746069606E-5,1.4385173596902854E-5,1.4385173596902854E-5,2.497077725566554E-5,6.071825521403079E-5,3.2144833023739695E-4,3.700844849424003E-4,3.343830244904069E-4,3.8279326918396606E-4,3.895817882102134E-4,4.421931908744279E-4,4.4327348533295747E-4,4.581641592711371E-4,5.002011285689935E-4,5.426665083841791E-4,5.424855956094789E-4,6.686420097812823E-4,7.030113178634753E-4,7.104185561897313E-4,8.416862745830676E-4,8.388380056887553E-4,8.528416667202444E-4,0.0010972639773674656,0.0011457617750877224,0.0014825431976689407,0.0016274565107755098,0.0016994838733151022,0.0044302515097394204,0.004456185570983529,0.004812830273865516,0.004796822487885208,0.0059608009840116105,0.006076071210493131,0.006203220467524735,0.006277696383040084,0.006380964246536359,0.008677285320520152,0.009173391287447489,0.010300358015942765,0.015126779850469453,0.015895477681314933,0.019203914316536796,0.02028356338840646,0.022899977059418417,0.02292897684978391,0.023566454006639766,0.024809210909385475,0.025246308368912264,0.027136943214343873,0.026480431695323856,0.02703509980954085,0.027037461965864797,0.028724696189242175,0.02888857249357132,0.030216124120001797,0.030900773605728037,0.030929923303493343,0.031000889735553087,0.03125123088156018,0.03127708214283676,0.031197043744012012,0.030688751835211626,0.0307911752691547,0.03103257589979814,0.031218200241187037,0.03158607839912711,0.032364223220451675,0.03289683535837895,0.033647525335981275,0.03311626697215332,0.03164035522212625,0.03294780461560023,0.03335583259303701,0.033957894614386225,0.03688714229080739,0.03848941837493678,0.04050277784006108,0.04186127447622926,0.044895522794567586,0.04510684159892105,0.046188871641691796,0.046567466616569596,0.049662421804070704,0.051645926380087796,0.0591966939460048,0.06013388887917518,0.06009147973314537,0.060074319595675225,0.06093435062291911,0.06366505266650135,0.06375843670769914,0.06523051196477127,0.06654611285163055,0.06685219581286082,0.06740882312619272,0.06727831156386382,0.0674764486499088,0.06806548807879063,0.06654564943122493,0.06433459604719988,0.06501482243733982,0.06666391031513769,0.06988874469644288,0.07139717813080439,0.07408657870257516,0.07678413776183426,0.07689453782553192,0.07704803508756036,0.07866642080721982,0.08133424677492139,0.08361485048021994,0.08528190400911291,0.08633599965629796,0.08710719223236578,0.08851866025605983,0.09009637121844183,0.09243714955200333,0.09387410786870687,0.0943105541304087,0.09494665424701533,0.09493459621472336,0.09582951893581983,0.09597889343755055,0.09634368385803406,0.09763159379618458,0.10013202703296227,0.10217620842080727,0.10847153191464391,0.10956148874336283,0.11733679173219783,0.12242751087523637,0.12124183437959316,0.12409313987210308,0.12511434667353624,0.125607971524046,0.12874467616487945,0.1309295495425109,0.13151806956059914,0.13508674063578005,0.1356682130696069,0.1376127166233399,0.13978085762410053,0.14157218819398246,0.142490814795489,0.14332814545878464,0.14379573014807714,0.14568325085979492,0.14637700819232774,0.14955301462207657,0.15096400931571144,0.15469251250553495,0.1549182616469342,0.15514834397198515,0.15548818115646723,0.15661827333221945,0.15673871613608772,0.157002755880296,0.15817560616596293,0.159555666669492,0.15973237839831003,0.15883156214280186,0.1591885821848856,0.15909750138524206,0.159707192370771,0.16090097021069444,0.16297172783480152,0.1643424798380442,0.16407886233376057,0.16497508268360192,0.16792365938720907,0.16839935558778982,0.16965677700782156,0.1710817611938635,0.17305398223584498,0.17056917860791146,0.17141866760691415,0.17152185961699107,0.1753453752737912,0.1755739322737249,0.17602991664659404,0.17636037336877386,0.17750649066213106,0.18565826503007396,0.1900624985789072,0.190266392766457,0.1901450576910914,0.19132602964459436,0.19499105578760634,0.19544173365409262,0.1971361633498425,0.19741749115580096,0.19756241822088264,0.19779034567039977,0.19937320323022747,0.19998917359343335,0.20173835926764383,0.20177017295795852,0.20244706910034627,0.20532345782961556,0.20542162170416253,0.2066761711043286,0.20981420458090488,0.21122945844506352,0.21201171080860445,0.2130146807681749,0.21921558051690174,0.22013995232754652,0.22043637611743538,0.22129571273025275,0.22183119832347079,0.22571176493937095,0.2268811465546308,0.22576945279490082,0.2263310511602146,0.22657666209570693,0.22640325286783383,0.22772394258906084,0.22763167980358423,0.2282516184236942,0.22840051366865968,0.22889779860162815,0.22889018124392288,0.23101167585275928,0.2313415072326419,0.23144437083558508,0.23430120347535124,0.23440173597833713,0.23765133513345899,0.2378226805314461,0.2387293305717018,0.239825668097683,0.2399945527740994,0.24070860113486586,0.24245324790225006,0.24277920386154864,0.24594174289288584,0.24643950493315409,0.24862398133576788,0.2490135198272159,0.25056287731808696,0.25150929461963833,0.25186465576538947,0.24939453118334542,0.2495262502087119,0.253352029540769,0.2535513128421959,0.25412985697838636,0.2547300337004276,0.2544267309162272,0.25470860646783117,0.2566946371135591,0.2570622642310487,0.25631138916402724,0.256779168409595,0.2568746538729125,0.25528420234675486,0.25525346658257164,0.255475017869041,0.25556310920434383,0.25579999441329,0.2556742831380042,0.2518959839392176,0.254073083815437,0.2548385164312455,0.25494428552507065,0.25514241962328177,0.25619071975738783,0.25650466074109324,0.25641019186912645,0.25580615132381995,0.25569597394529425,0.2555492986541008,0.2553988436580145,0.25578161828617757,0.25669107760479404,0.2567293994885008,0.25666777239956456,0.25725056847780325,0.25644184245712554,0.25659800579845027,0.2566648119762127,0.2565466185426399,0.2566315219283233,0.2567186693702777,0.25693654274731337,0.25681436616244757,0.2574490719902278,0.257591614838837,0.2578434564252184,0.2578131593961857,0.2582970940891527,0.25822531139662974,0.2582471102868021,0.2582828472575205,0.2590201743174702,0.2590390829581488,0.259085294875279,0.2589065718134886,0.2588116028309545,0.2588301280064068,0.2587422190808299,0.2588747409901859,0.25913578147941485,0.25914507999662195,0.2592436873815953,0.25946568542807774,0.25948246521329776,0.2597252895797008,0.25967878651481524,0.25957782720583394,0.25959676612443894,0.2596501890812496,0.25910684532232026,0.25928752037388053,0.2592315137763765,0.2593537479016847,0.2594610459604934,0.25985182263759093,0.2600357641356508,0.2600529567097717,0.26006923448777175,0.2601569343223657,0.26017739522394034,0.25979965035013997,0.2597144250512367,0.25968661708952084,0.2597106286962976,0.2596537230191854,0.259734200918851,0.25967283499657506,0.26042504128715743,0.26092135967080493,0.26104276801749604,0.26113905832666706,0.2616451318326665,0.2638389567485208,0.26405675754516605,0.2640276111058436,0.2639067955340059,0.26379285302296884,0.263796057845024,0.2638622685507651,0.26379606048836873,0.26549441208931723,0.26562546836765105,0.2657437956675094,0.2657098969151224,0.2657106393773925,0.2658048928389927,0.2658547195375849,0.2659250970088792,0.2659893440510454,0.26611934098133194,0.26618430946924143,0.26648233013506867,0.26626515567613673,0.26636713883391144,0.26639965379671887,0.2665355386549924,0.266553945966263,0.2665605085321556,0.2667438124787269,0.26684897635193794,0.2674918953836042,0.2675574567225544,0.2675812166666652,0.2676874026664104,0.26772895829408966,0.2677389429845178,0.26746844022173094,0.26748370726534765,0.2674979995455761,0.26755496418985353,0.2677010346838778,0.2676957473886728,0.26760317986259113,0.2654474923129809,0.26340357250287716,0.26344835853087767,0.2638397516821511,0.26391621969928114,0.264602023791768,0.2647944871815009,0.26488877145092166,0.2649766640072579,0.2650583257827099,0.2651373206075007,0.26512149944754265,0.2651230103724667,0.2652524425889104,0.26537010416293394,0.2654701649362459,0.2654701102456253,0.2654653518840524,0.26547264379530056,0.2655247280606633,0.265524184128298,0.26558134439275854,0.2656066693179612,0.2656359808569737,0.2661550431310135,0.26534846429502207,0.2653567358846962,0.26536847454010337,0.2654066116567892,0.2654459172817525,0.2654374421410995,0.2654322151587388,0.2654555555961492,0.2654646623761234,0.2654783136143975,0.2679099750961546,0.26794281214301013,0.26794219283390547,0.26798484592620253,0.26806779864585395,0.26820013579457647,0.2684973966563981,0.2685134538193035,0.2684588606306658,0.26903226327526514,0.268700670511586,0.2687449954198549,0.2689543473878938,0.26877771800001965,0.26897963515048495,0.2696074740468796,0.26962963999147327,0.2695866119579774,0.26945398019444644,
0.0,0.0,0.0,0.0,0.0,0.0,0.0,0.0,0.0,0.0,0.0,0.0,0.0,0.0,0.0,0.0,0.0,0.0,0.0,0.0,0.0,0.0,0.0,0.0,0.0,0.0,0.0,0.0,0.0,0.0,0.0,0.0,0.0,0.0,0.0,0.0,0.0,0.0,0.0,0.0,0.0,0.0,0.0,0.0,0.0,0.0,0.0,0.0,0.0,0.0,0.0,0.0,0.0,0.0,0.0,0.0,0.0,0.0,0.0,0.0,0.0,0.0,0.0,0.0,0.0,0.0,0.0,0.0,0.0,0.0,0.0,0.0,0.0,0.0,0.0,0.0,0.0,0.0,0.0,0.0,0.0,0.0,0.0,0.0,0.0,0.0,0.0,0.0,0.0,0.0,0.0,0.0,0.0,0.0,0.0,0.0,0.0,0.0,0.0,0.0,0.0,0.0,0.0,0.0,0.0,0.0,0.0,0.0,0.0,0.0,0.0,0.0,0.0,0.0,0.0,0.0,4.1680055395281574E-4,4.5558737052264265E-4,0.002309044461604623,0.0037851611212590874,0.004265205778600324,0.00429692912701716,0.004865366800467894,0.004892806474437264,0.004844234412883269,0.005070104816909207,0.005679642775507212,0.006196055670339941,0.006173551348389685,0.007316462986820658,0.007680317417866036,0.0075345824171239705,0.007650607982047611,0.007938670849181107,0.008803778190397477,0.009311113842096656,0.009633247423720362,0.010584070659095866,0.010603660763833123,0.01151547981804713,0.011883872973259149,0.012167569334286827,0.012391511294554448,0.012709785809937132,0.01340223000415119,0.01432907618056609,0.014726076370598048,0.01661273207916049,0.017197998943649605,0.017418585139430145,0.018300207796758162,0.01842253026059321,0.018926947962103743,0.01957101670090538,0.01994814443108072,0.021537434386990933,0.022575274835902315,0.023296382615625014,0.023957350049863435,0.02409377564680292,0.025072487696983472,0.028079235655577087,0.028865323643246486,0.029287954876732438,0.03026937124662938,0.030003675826827173,0.030818612258810225,0.031127552575892278,0.03201542822765039,0.03301328245683346,0.04325208105626453,0.05480508897407906,0.07557950802370188,0.0820711677864009,0.08266664911212515,0.0798777005284363,0.07979869183119231,0.07913059488336756,0.07461086640395069,0.06400324321619712,0.06684023699133104,0.06757371377717207,0.0680564603835298,0.06987829721016829,0.07067166353604502,0.07144373490058403,0.07244723699277615,0.07702540044951565,0.08003256790420404,0.0823541266260717,0.09052717323264776,0.09178199463840996,0.09229979740239182,0.09261244321585206,0.09214306061881326,0.09257726361780505,0.09300090601491168,0.09317219999230035,0.09396887064329318,0.0961142183601618,0.09775112930196092,0.09994121238713224,0.10027789234292991,0.10085831794854393,0.1027366126922674,0.10333519096882694,0.1042583225289088,0.1047117748399247,0.10489745148305499,0.10603230841524303,0.10706076910315358,0.10694627349723661,0.1070957798106807,0.10782939918612554,0.11050164864770232,0.11201772204109084,0.11308326582350497,0.11349061464139687,0.11377539624090979,0.11426788380059022,0.11466620418481961,0.11541656417352962,0.11526816730036356,0.1152248703116698,0.11587130337574138,0.11955865149519075,0.12019206164485133,0.1202962186443047,0.12080444667832375,0.12107417410128893,0.12122335215015113,0.12069315676478576,0.1209525073383373,0.12144761584465946,0.12220569227473665,0.1232912642456786,0.1239200923647945,0.124538503681763,0.12424766610526258,0.12624800093617383,0.13180853688954072,0.13323533353545503,0.13411490907026213,0.1352686228091319,0.13564134977748293,0.13573163752628065,0.13618549313886658,0.13786572876304193,0.13898003744174725,0.13916120344499072,0.1393792486776216,0.13942038215863164,0.14130098031071733,0.1415122098002456,0.14140502912696098,0.1425881088604956,0.14272752172285771,0.14333875983320837,0.1428971749392371,0.1431124931778377,0.1445875031077541,0.14515372369578797,0.145312908227994,0.1463041904899013,0.1470089845109592,0.14739299997432367,0.14754015581382524,0.14806136238790957,0.14886702238734117,0.14947162461491165,0.1508973301537371,0.15202753559821822,0.1523304491079122,0.15291653271694985,0.15329005688613354,0.1531729184088508,0.1533409826077246,0.1534072115857512,0.15219853687362375,0.15195951497587964,0.15312953583177466,0.15386275434456922,0.15455933037693223,0.15467421647597424,0.15496537667945906,0.15512005022752293,0.15516573127892402,0.1557268657368197,0.15622190907050618,0.15765486196211634,0.1598698800162317,0.15997517124941615,0.16057973116663782,0.16199554008602318,0.16199178026015848,0.16214730497162896,0.16259625250546278,0.16267905488869847,0.16296483356663827,0.16296544619288367,0.1628978511533644,0.16324776631713406,0.1638721653074129,0.16632770465237753,0.16584320851847278,0.16581643035149551,0.16590329618913993,0.166233554112367,0.16821732428739364,0.1690300244732381,0.16906397184625893,0.1695132601798256,0.17039943848592903,0.17033050473674363,0.17094237001115473,0.1706514236577573,0.1720637235545507,0.17282008702450188,0.1728259406195769,0.17468552890746156,0.17529352283022762,0.17571049103884348,0.17573021511591905,0.17602581043227641,0.17682118055906934,0.1772274691835672,0.17741098671890274,0.1774680084777921,0.1774605933680542,0.17748607004723047,0.17812694734932688,0.17817782349593395,0.17829943432742443,0.17848153638675088,0.17852077771696095,0.1779171764088402,0.1780457472209605,0.1783494631280866,0.17920145060166284,0.17927037315415292,0.17963000801667822,0.17970047398287373,0.18014470137373417,0.18019191333019138,0.18278502129032706,0.1835134264631222,0.18387861598542213,0.18419906331174749,0.18474559000404367,0.18497923699455168,0.18475861662583887,0.18488310856470905,0.1842998580992674,0.1846199796464743,0.1849837371624626,0.18576222530940573,0.18594796346510487,0.18628901304571546,0.18681866692111615,0.18768261772865583,0.18786542435061557,0.1879057356216011,0.18817664107106424,0.1892160161103619,0.1892131421115917,0.18916638020502438,0.18949633131153537,0.18984827718803943,0.1905628900570954,0.1908818642888798,0.1908432685304939,0.19235230246306204,0.19274529473827762,0.19474037786120396,0.19512788097270833,0.19512520918979387,0.19586144370495148,0.19790347583776885,0.20264849429354387,0.20256816217803017,0.20263421407359516,0.20347715287054952,0.2035478071293397,0.20810088384140663,0.20831727496213362,0.20842318130172877,0.20869561820484672,0.20877458129697113,0.2087415317922143,0.20905401394971704,0.21133539050796732,0.21140536994475273,0.2117914250656656,0.21221378674307945,0.21287988302264746,0.21341712466908902,0.2152055876996644,0.21571735384515986,0.21627536461206498,0.2148386070354652,0.21636982040860123,0.21903204089276612,0.21886517535111968,0.2213912950623491,0.22156736006245997,0.2217083918978849,0.22181839987751434,0.2218239193744597,0.22172152940771678,0.2222262298454543,0.2223218102473807,0.2247490411825401,0.22664429813859335,0.22698616102639907,0.23077985832954118,0.23089758279249037,0.2320622505244786,0.2324670142125498,0.2324693216919125,0.2363025820184392,0.23649856804649416,0.23724061848538205,0.2378593596094538,0.23804151219186007,0.23847272857386562,0.2420167556719051,0.24237662628995021,0.24379482422042473,0.24389376148070352,0.24402303399726705,0.24566256884023027,0.2458371073230688,0.24619777986262015,0.24614917724826973,0.2462257225886066,0.24702002906973877,0.24760889053880802,0.24765559479680632,0.24781333467025615,0.24300496526047968,0.24328006707488894,0.2439081670137398,0.24640998647874227,0.2464206491796452,0.24676789483223366,0.24714342570623962,0.24715212091811734,0.2480235310394395,0.24837167873661609,0.24905510288004526,0.24836388211501367,0.24851494433163068,0.24850697302255725,0.25014544076935147,0.2502006784583308,0.25008287546543717,0.2502430823715418,0.2502877927470419,0.25053645408869013,0.25055816616360843,0.2508427052022733,0.2508384573886652,0.25104600193345733,0.253062237300878,0.25211798703415145,0.25246176148613614,0.25258246072746315,0.252583181184275,0.2528127208285324,0.25191171842634,0.2515682826857399,0.25181611672961773,0.25140549523638545,0.2516420116445714,0.25169084315654267,0.2519003680290038,0.25250233908594455,0.25220605722709916,0.25241394776641923,0.25245670057906455,0.2525168612764289,0.2526411735062087,0.25269736522229536,0.2527302773185647,0.2529180311791982,0.25300579807465057,0.2530092562484527,0.25319618981961073,0.25323900664102583,0.25387029468523764,0.25396465621726116,0.2556582778824324,0.2556797859340666,0.25706443751815383,0.25705798345440706,0.2570572134545664,0.25511442065034257,0.2550247587280262,0.25517359937267814,0.25843851383083144,
0.0,0.0,0.0,0.0,0.0,0.0,0.0,0.0,0.0,0.0,0.0,0.0,0.0,0.0,0.0,0.0,0.0,0.0,0.0,0.0,0.0,0.0,0.0,0.0,0.0,0.0,0.0,0.0,0.0,0.0,0.0,0.0,0.0,0.0,0.0,0.0,0.0,0.0,0.0,0.0,0.0,0.0,0.0,0.0,0.0,0.0,0.0,0.0,0.0,0.0,0.0,0.0,0.0,0.0,0.0,0.0,0.0,0.0,0.0,0.0,0.0,0.0,0.0,0.0,0.0,0.0,0.0,0.0,0.0,0.0,0.0,0.0,0.0,0.0,0.0,0.0,0.0,0.0,7.793179810711122E-6,7.793179810711122E-6,5.67310989938373E-5,1.60100208512223E-4,0.00106802337140149,0.001258872882503612,0.0012666250690164095,0.001810424424333585,0.002450408641194,0.0027645376170512903,0.0027753811746072405,0.0028619136319659863,0.002838003395072175,0.0029046303837341404,0.0029069725027889705,0.003106037695065448,0.0033674671075398844,0.003469566522540734,0.0040214648468330245,0.0041562715598623765,0.004198411580581293,0.004250292507929988,0.004630993918125937,0.004587966186536065,0.004561936961053743,0.004614463085458875,0.004768277036201685,0.005376073670169354,0.006290300738125569,0.007208316661953141,0.008938726364339584,0.009422039899219045,0.010552320492828452,0.011560112542946888,0.01209505808784924,0.012069821316046178,0.013030373041827978,0.014615840560666853,0.016338036295853047,0.016967526215230237,0.01764985611100208,0.01785501949083531,0.017708263266401132,0.01819625341912889,0.018700535338726256,0.019080268895591525,0.02154534068714108,0.02149737690700264,0.021807933945621024,0.022147366353655024,0.02244953426930396,0.022553781680496997,0.023293511774748654,0.023696500692321324,0.024999155227554266,0.025224694579534985,0.0257814242353447,0.027199992439467517,0.02865481425174021,0.029900953202717528,0.03109047803207695,0.03195670664180587,0.03206954248543782,0.03212310650688452,0.032992556044498494,0.0336840740512344,0.03476589172483987,0.03585405966881217,0.03552756758407169,0.036211781299214776,0.03749377274806566,0.0383273374572444,0.041347057765946736,0.04281996579949214,0.04316537030598266,0.04331252926190133,0.043536317485392606,0.04473499472364279,0.04459234939009878,0.04719809786511702,0.04745706614093615,0.05046127483978983,0.05116016905933958,0.05178011032487393,0.051588863868905724,0.05249680775290351,0.05232216888499552,0.05368075285928288,0.05495774012295531,0.05687753586108315,0.058958621351589115,0.0612931197652478,0.0655110168675429,0.06888774870125985,0.06901773909507214,0.06945430234874696,0.07207187696997105,0.07088395022888141,0.07159588869867912,0.07258221657164353,0.07564609990095707,0.07725501601648502,0.07736692740328335,0.07942668536654635,0.08098404795671883,0.08340179384599981,0.08421604414894387,0.08500077670616614,0.08446119400724061,0.08468508197313672,0.08734132440673036,0.0878107504795577,0.08854971629553017,0.08926900327379317,0.08989454398771315,0.09029488392571393,0.09041372294958329,0.0908082629636019,0.09148205638159494,0.09176880463884247,0.09238059952581136,0.09843550203333681,0.09949484885147333,0.1003929199465128,0.10535411324793222,0.10530830830043993,0.10610670065559127,0.10825418550203941,0.10914080405842622,0.11082325889023933,0.11170901518455097,0.11375399932987271,0.11440591290308429,0.11390286875972577,0.11280013895100731,0.1131243558964128,0.11504781805035418,0.11594474136097586,0.11825678534780956,0.11824615811452012,0.11998097588690672,0.12259993139979417,0.12229140693905209,0.12455268052555134,0.12556007722300144,0.12564597667747515,0.1266175407174429,0.12646394958460302,0.12694833334348665,0.12942431602755344,0.12954870131224913,0.130692572121974,0.13208746410663572,0.13160555918819872,0.13463000691646698,0.1345661268512018,0.13486564202570875,0.13523537875554123,0.13599482038503116,0.13638729230760033,0.137342051662964,0.13826393198752035,0.14133207529624,0.1421768734370745,0.1426852560172178,0.1429539418426617,0.14593123366747549,0.14717052613395548,0.1474789280512143,0.1516242028761031,0.1542461546635048,0.1556240976064476,0.15812955535423365,0.1586470857592749,0.15986889927525472,0.15914338130272063,0.16378499800205867,0.16493414658182404,0.16714064765029155,0.1689659713586693,0.17146378524624667,0.17129634802060403,0.16893915582577726,0.1703843077811984,0.1701394321824916,0.17024453402091635,0.17347922403629715,0.17328809151908658,0.17388570131630735,0.17430569592348252,0.17475935063099454,0.17599782917611603,0.1792026309655283,0.17930280642783106,0.18056951216881317,0.18186620689982988,0.18492010399279515,0.18775608905597252,0.18982326722018075,0.1894776199156962,0.18916596713171976,0.190491746865042,0.19076823320200875,0.19183719966359844,0.19345365478938473,0.19350582161469962,0.19394132556386723,0.19729548139927794,0.198692334930938,0.19890433836681332,0.20069266141930722,0.20098806685184853,0.2009974865557772,0.20106799230182174,0.20276961518524753,0.20392063389681056,0.20459889877355783,0.205326729378441,0.2055232844778066,0.20573895963042035,0.20640683427361747,0.206927592217941,0.20832754771049394,0.20853691658849233,0.20858484298472416,0.20894553767887636,0.20905710335163155,0.20952201845774598,0.210480317980179,0.2104944051842574,0.212043323535546,0.22165172783805948,0.2210371981719882,0.22092615351069758,0.22112486223226144,0.22306966308488552,0.2233650557967717,0.22361705813822255,0.22379465856064945,0.22401435039403644,0.22402362989959076,0.2243259635726148,0.2250590972120818,0.2250907545356575,0.2235931239362981,0.22457438936278387,0.22495070256322158,0.2250220823929891,0.22560029963089295,0.22656026812569363,0.22903954043793584,0.229783376070344,0.22841170559566096,0.22848713851094649,0.22956541627356322,0.2295712439752301,0.2300645281111111,0.22998850068154122,0.23002073521914923,0.2300770445191278,0.22664320425380205,0.22698891393325732,0.22743547236680192,0.2280917933109675,0.22798562636473563,0.22870267552548643,0.2288082456357539,0.22879440886028077,0.22857688414862568,0.22870301156180173,0.22910675741186354,0.23125402511204318,0.2313434699631665,0.2314956478133544,0.23111583491741677,0.23254717501301006,0.23246389103879844,0.23273486719381903,0.23272773370341127,0.23275036096872456,0.23274242525752217,0.2334873319745215,0.2335688536758298,0.23427800350308686,0.23425533959095818,0.23470016664056315,0.23481236052246118,0.23487777761048836,0.23535355400709648,0.23548556818994779,0.23642626619931348,0.23706030312083654,0.23729084238286566,0.23741727573061805,0.23761757034799105,0.23738495385685543,0.23761805889144894,0.23837627211897844,0.23842074667958976,0.23884383661389702,0.23883666690431848,0.23897617011232244,0.2390315400113898,0.23904304620544206,0.23908911867147334,0.23898193159669687,0.2392303274432313,0.2420018840336104,0.24232674866149911,0.24271203074022335,0.24276946494970275,0.24318268560074202,0.2433924934827156,0.243887572540368,0.24412565917606044,0.24408462344784645,0.24427430087292468,0.24454144100547182,0.24471547255683862,0.24719983589094532,0.2471403126610971,0.24575706754503857,0.24584255827296173,0.24658008438926504,0.24650617337654782,0.2465653660081279,0.24704083334791124,0.24732700387391293,0.24767921166449233,0.24765156302266036,0.24883615532555148,0.24876870339311324,0.24894684875874432,0.24945686348556648,0.24951563962443513,0.24802085694364961,0.2484750588568749,0.24855315802014605,0.24857706693424542,0.2485648068014174,0.24856046870691112,0.24856518874290054,0.24858721030615058,0.2485874268368093,0.24860245098795733,0.24851176942735057,0.24847434810827262,0.24879600917757277,0.2488422933449003,0.24881477025406196,0.2489835835438103,0.24918203878691272,0.2491304426619075,0.24925794949084187,0.24955169540804628,0.24959120307975466,0.24955301051712825,0.249492578576548,0.24941806899216443,0.24943570432293136,0.25319202574884325,0.25303107216948767,0.2530464397091943,0.2531784310839503,0.2532394861047444,0.2533685238926027,0.2533728737110288,0.2538166986364181,0.25395426754966544,0.2541078643485859,0.2540085599641003,0.2543970584411351,0.2538868928137205,0.25400250356265663,0.25402346109281043,0.25430027601807015,0.25438139537747234,0.254327324893144,0.2543501552691936,0.2546298389222723,0.25463571294691856,0.25476215172360217,0.25674015577575326,0.25679442116329126,0.25678692840481665,0.2554975776845114,0.2557235665366865,0.2557295794934875,0.2557271857335258,0.2557910960168103,0.255825420795206,0.25590881176541297,0.25605166299086857,0.2565138541001051,0.25666990463531303,0.2566398901818855,0.2575299136339777,0.257645164475286,0.25765752233527456,0.25768837842724535,0.2577064724268116,0.2576104849548802,0.25765831228724506,0.2576713009310332,0.2576249151198439,0.25769225912561716,0.25806393178546794,0.2580647462140009,0.25804837953596677,0.2580196226931631,0.25844201060175825,0.25852972106004596,0.25866240865786466,0.2586949268385478,0.25874000357782595,0.2587314587796132,0.25873299476183825,0.25937044406463927,0.25931985380509104,0.2594117730832773,0.25948961059024983,0.25953050140877976,
0.0,0.0,0.0,0.0,0.0,0.0,0.0,0.0,0.0,0.0,0.0,0.0,0.0,0.0,0.0,0.0,0.0,0.0,0.0,0.0,0.0,0.0,0.0,0.0,0.0,0.0,0.0,0.0,0.0,0.0,0.0,0.0,0.0,0.0,0.0,0.0,0.0,0.0,0.0,0.0,0.0,0.0,0.0,0.0,0.0,0.0,0.0,0.0,0.0,0.0,0.0,0.0,0.0,0.0,0.0,0.0,0.0,0.0,0.0,0.0,0.0,0.0,0.0,0.0,0.0,0.0,0.0,0.0,0.0,0.0,0.0,0.0,0.0,0.0,0.0,0.0,0.0,0.0,0.0,0.0,0.0,0.0,0.0,0.0,0.0,0.0,0.0,0.0,0.0,0.0,0.0,0.0,0.0,0.0,0.0,0.0,0.0,0.0,0.0,0.0,0.0,0.0,0.0,0.0,0.0,0.0,0.0,0.0,0.0,0.0,0.0,0.0,0.0,0.0,0.0,0.0,0.0,0.0,0.0,3.229737862897179E-5,3.229737862897179E-5,9.218396267350159E-5,2.2447299809536596E-4,2.97595695891986E-4,3.2627977346812306E-4,3.454827794064929E-4,3.636780011138938E-4,4.2443794841974075E-4,4.4276842129213823E-4,4.872254440319649E-4,5.113139387952216E-4,5.683302951522247E-4,7.624174880425914E-4,7.888951464855763E-4,8.044542047361937E-4,0.0010401260953246368,0.001199458452334425,0.0013038109136595867,0.0013644991514238823,0.0015094827224042245,0.0015092008230542752,0.0015722352505243525,0.001611000127171091,0.0016111858324678746,0.0015811842016477586,0.0015070254125929966,0.00145858260725356,0.0015227455154523289,0.001512221850180778,0.0016274842636970403,0.0016300140365476713,0.001905437366439734,0.001995124229962658,0.0019960849134341473,0.0020635958550866227,0.0018780093038229364,0.0022935472245768527,0.002389957348665886,0.0024757420262205864,0.002566805510015376,0.0027923162775718557,0.002889730312354155,0.0029839846728168967,0.003040086637879744,0.003200892330886367,0.0033098356319229963,0.0033504532644525174,0.0032820199495235884,0.0033826976725707704,0.0036964241125042054,0.0038063576271586672,0.004149436651919275,0.004683790452047969,0.005015806752179431,0.005118800110469602,0.00534652738860805,0.005729033994215176,0.006706180828095444,0.00667049955495383,0.006783882529729537,0.008552714969533793,0.00824527862509816,0.008937484198044987,0.008837784745183748,0.008578938306651365,0.010789195049869712,0.011388844532653425,0.012767517766973659,0.0136526406151037,0.014383703407008687,0.014586896684192411,0.014791482387638643,0.015227208247054962,0.014718338491148404,0.015969525898123626,0.016030306651500455,0.01671184463997701,0.017712546210129458,0.019605026165145326,0.020827459324585473,0.021236802741583877,0.020970465635919065,0.021907021777778573,0.02346777220156807,0.02463147355147998,0.025708757324714365,0.026547049258251586,0.02729260466470289,0.02893582013882508,0.029417524903571742,0.0295372683258655,0.03044202272680523,0.031249770460344915,0.03174042033363742,0.03082710399629813,0.03306501811380024,0.03333625463864786,0.03479795675447728,0.036539143114618304,0.03716741548589765,0.03604848695671263,0.043788947811159336,0.0412839686250283,0.0476289832744583,0.05061837561375541,0.05376451715635798,0.05442910048012371,0.060218404672803094,0.06404740839830178,0.0662451020100131,0.07319559793833484,0.07758670691120176,0.07930473944727559,0.08463552624530327,0.09115106580004977,0.091554127541811,0.09188146014424353,0.09199598152333992,0.09335460447268176,0.09321721535530227,0.09380376742609794,0.09464195838241621,0.09541977329589936,0.09538623820980313,0.09885488428279303,0.09997191816691829,0.10073929859328422,0.10173166951169695,0.1032049693649772,0.10420856219313768,0.10477097201313006,0.1049259068823523,0.10766742186112734,0.11125088766416366,0.11205689716154264,0.11382232759023361,0.11544284089878341,0.11787843639175415,0.11913495148460176,0.12029878358237023,0.12096843422197787,0.12458677120626666,0.12782925520207086,0.1284435712282704,0.12955371284217895,0.13328898904356612,0.13412796973861604,0.1366650434146608,0.13808828921126612,0.13880021193416034,0.14025098901665634,0.1411376546266913,0.14829193191576004,0.14789207990326236,0.14925751346326913,0.14994053263835105,0.15062668459116976,0.15365942487168477,0.1537068521891093,0.1552400992869789,0.16121339302899979,0.15998709819870904,0.1615913574215313,0.1675797646159121,0.16763548810661927,0.167879520436317,0.17166226103789214,0.1742626408896831,0.1752880300246527,0.17590260116904705,0.17900989135418044,0.18037241129696985,0.18412468685972253,0.18460059241393365,0.18522606510594908,0.18581614393257215,0.18590529760037733,0.18627976049741723,0.18590502014026297,0.1862325719220771,0.18614041023631275,0.18665310385090397,0.18654717271484603,0.1887944098011206,0.18919163618402787,0.1902771298109184,0.1923935110909895,0.19355081962627094,0.19419911095713013,0.19350425649918548,0.19346551702293072,0.1933149751319903,0.19365452236459324,0.1945560780517314,0.1958780272539776,0.19680129407770255,0.19802593894601234,0.19800764965272366,0.1996293610811443,0.20036697808152368,0.2014441116762272,0.2017050278943149,0.2025136331173852,0.2033121989312233,0.20407920975115532,0.2047459666666953,0.20549502093748612,0.20568748113050303,0.20617960180672357,0.20769277228384792,0.2095392390607411,0.20964125554210306,0.20999875748396807,0.2101282429422243,0.2104573841114437,0.21108404823981128,0.21174425753381587,0.21186606292226262,0.21200813115567035,0.2124813733352839,0.2126405221428769,0.21273220019746,0.21315434588690052,0.21323069457282703,0.2132941793663112,0.21352968377501017,0.2136485032204749,0.2137670896882905,0.2140108854506322,0.21504035400568447,0.22242921647136674,0.2212875755733139,0.22126886627976936,0.2225242142438985,0.22261366558475473,0.2229038102072087,0.22301712591362158,0.22377319892509448,0.22413187206390836,0.22952757227647927,0.22978271310914639,0.22926625740983325,0.22985091086213136,0.23010996475229903,0.2304816594941923,0.22944452237737745,0.22960526208933985,0.22959305315384465,0.23541505886216374,0.24035693053943424,0.24044200735238414,0.24036537092257332,0.24114106607734517,0.24242966326774967,0.24260498875753922,0.24280026584970707,0.24335408221220317,0.24285375849054694,0.24246797905360604,0.24257546951845294,0.24299484682432973,0.2433234370540432,0.24357279771088372,0.24365786780973078,0.24341470497975717,0.24253916390600117,0.24238854536942608,0.24265772879873718,0.24463738393103565,0.24260406035579668,0.2433258371749214,0.24269631182898746,0.25262806114127123,0.25471476875927584,0.2557588187283793,0.2568519648010062,0.2567606306616692,0.2562530777219029,0.2562395235456275,0.2566502851599883,0.2539902646456513,0.257424736469576,0.25764042340512505,0.2571347526799998,0.2571749359422735,0.2586779567564926,0.25989859938958887,0.2601457680584416,0.26119003375448285,0.2612139257379768,0.2615733130341552,0.26166624822761425,0.26202618288325197,0.2625604017910492,0.262769652337361,0.2650643252009171,0.26571582048232323,0.26680224887649945,0.2680600801737087,0.26860231675790724,0.2691919634121405,0.2693015086726897,0.26962539579348854,0.26963493623328744,0.2696915649787515,0.2697367389545415,0.26890835669877056,0.2692083187128544,0.2713635244867995,0.27140303558004586,0.2716166542792863,0.2715594361465489,0.2718650183951845,0.2718197675579511,0.27200867623806396,0.27220839641578914,0.27230740757599337,0.2724151941083566,0.2727091224440184,0.27497089034753297,0.27496828485200664,0.2750525136761568,0.27499694008865017,0.27497007245917754,0.27505788345531196,0.2754242874830856,0.2753740017366377,0.2754055249000852,0.2754337282422507,0.275940713393261,0.27596550469411557,0.2730908947953618,0.2732968864750609,0.2733098187766953,0.2680164395898046,0.26810949331143924,0.26846554159044994,0.26917882005399285,0.26923635677642355,0.2692367074320642,0.2695038540610526,0.26976359196776406,0.2697507738856836,0.26970773133763154,0.26966598175930506,0.26983697734727224,0.2700044202016113,0.2701796240842333,0.27080600433258933,0.27084596236390457,0.27080708195570796,0.2710074950894761,0.27079167482925753,0.2764726633814037,0.2765004115694785,0.2764138492286412,0.27644352234290004,0.27701174732617867,0.2770890605636279,0.2772563051457717,0.277329251898191,0.2774112909295583,0.2774449100279266,0.27725594135254816,0.27744396820801237,0.27436903906839233,0.2745714930764715,0.2745928078652734,0.27449314086887827,0.27456708387309064,0.2744376932886822,0.27442090536342334,0.27521339457257177,0.27510162814527017,0.2754531439900741,0.27586495026267566,0.27638455335684753,0.2767836222181505,0.27695039002936167,0.27756174872874523,
0.0,0.0,0.0,0.0,0.0,0.0,0.0,0.0,0.0,0.0,0.0,0.0,0.0,0.0,0.0,0.0,0.0,0.0,0.0,0.0,0.0,0.0,0.0,0.0,0.0,0.0,0.0,0.0,0.0,0.0,0.0,0.0,0.0,0.0,0.0,0.0,0.0,0.0,0.0,0.0,0.0,0.0,0.0,0.0,0.0,0.0,0.0,0.0,0.0,0.0,0.0,0.0,0.0,0.0,0.0,0.0,0.0,0.0,0.0,0.0,0.0,0.0,0.0,0.0,0.0,0.0,0.0,0.0,0.0,0.0,0.0,0.0,0.0,0.0,0.0,0.0,0.0,0.0,0.0,0.0,0.0,0.0,0.0,0.0,0.0,0.0,0.0,0.0,0.0,0.0,0.0,0.0,0.0,0.0,0.0,0.0,0.0,0.0,0.0,0.0,0.0,0.0,0.0,0.0,0.0,7.89541164692987E-7,3.173576747411991E-4,5.705552581965477E-4,0.0010134551637809108,0.0011263548659456825,0.001343716381726749,0.0016335462424659493,0.0017091401041430642,0.001754341518688729,0.00180453079031941,0.0018782149763759987,0.0018863245474528094,0.001989516011674399,0.002044043094459875,0.0021159745187981777,0.0019086592805524346,0.0019313851502623352,0.0019491684823346302,0.00195797880375259,0.0018296362548914638,0.0019452313551236067,0.0020529183426194054,0.0020351789396012296,0.0019411969681851237,0.002045215557922982,0.0021113829678954346,0.0020913629516930185,0.0024137676598875394,0.0026194006323851963,0.0027305576409443824,0.0026935321848903294,0.0029813312228991603,0.0031838121545799242,0.0033821596637438702,0.0032931040694231827,0.004062259642901935,0.0040587280137291135,0.004058433596310287,0.004285705222085232,0.004674838351331325,0.0050331091702799854,0.006662327474444224,0.0067622131799668795,0.007180546412030699,0.007289944523667124,0.007382635692074988,0.007719261102799694,0.008339879734583772,0.008823419983739802,0.009162457833615651,0.009253958622745181,0.00989485017104966,0.010732208269145232,0.010873998743320202,0.011398879037014833,0.012182130452782337,0.012445553399188135,0.012581076609485056,0.013328486116985606,0.013897736028975819,0.014367099272171889,0.014748623265646263,0.016308491001635003,0.01641928225411961,0.01693127510867661,0.017107597514848322,0.01844287909485011,0.01896791664405767,0.019231558294457274,0.01959709729637785,0.019938792901711546,0.02142890925717847,0.022140736262616763,0.023219000586502347,0.025101287045421184,0.02594704065052052,0.026848015832788424,0.027231290963577508,0.027623806740684462,0.0286363943146706,0.028740638454502254,0.03047214365133897,0.03128053558124799,0.032137355492944567,0.03283127205037676,0.03384580608789284,0.03470770864184628,0.03536364037595478,0.03663987169664399,0.03706438743220042,0.037257446550394535,0.0369037076752287,0.0358753877682607,0.03734486972178157,0.03695323308937574,0.03796993872241249,0.03916692709371477,0.03982035279808201,0.040418334904533865,0.04363389290358609,0.04433852256976566,0.04535980445462519,0.04510493079331004,0.048334205161320275,0.05343583000487937,0.054940899307068386,0.053805777167952665,0.05728006011267664,0.057242807726457096,0.058554573527443025,0.05929327876018498,0.05957990765457017,0.06280758392259714,0.0659795812559541,0.06766093389457695,0.0721412218216547,0.07299980956154566,0.07528781722220626,0.07662740881451995,0.0779550484119024,0.08151965001484776,0.08510528455709251,0.08576984689047895,0.08610958539014288,0.0885900702749186,0.08923640829376862,0.0906611155036565,0.09176156383799272,0.09610485614826904,0.09653342507133661,0.09608076926706428,0.09760160272132684,0.09952129200435446,0.09930174780683174,0.09998499117992503,0.10012966917929074,0.10224881583536062,0.10252744813579288,0.1035726035917499,0.10442515387072088,0.1051197140951526,0.10597608052395964,0.10562896015497687,0.10741722108686041,0.10892381894711695,0.10935089249866824,0.10996791382851562,0.11091094951370352,0.1110523298574833,0.11111348357496063,0.11180898242028979,0.1117768769484948,0.1135424213840615,0.11584221975684234,0.12593583326316302,0.1262101839184988,0.12648355807325462,0.12692168828486966,0.1280264521878751,0.12854853202117658,0.1295620434726047,0.12977527551369264,0.13041853702920994,0.12922210942305629,0.1299962910079673,0.1317885140024051,0.1321013269269837,0.13244719571846078,0.13320431624350415,0.13350044883135992,0.13502770643382733,0.1360564915589412,0.13752832654427236,0.13794999510387104,0.13827704773444063,0.13862105482615628,0.13868526687854738,0.13976522182286139,0.1401048440279818,0.14090560069051414,0.14071376715595993,0.1407642812286706,0.14072526571601082,0.1409800511708768,0.14083816392038218,0.1410804785777552,0.14125021587399378,0.1413954115067597,0.1473739794929399,0.14768006312382498,0.14808542472115063,0.14823919872185226,0.14931525488645914,0.14990161065704208,0.15001264581364784,0.15021595246291003,0.15025335981645402,0.1504801959650231,0.14987552284013514,0.15042028691541726,0.15176343399597034,0.1535958687219853,0.15400048813398745,0.1542603510217007,0.1567566729504434,0.15697214480618146,0.15753524748160347,0.15746830988287383,0.15852912463641264,0.16699475646909956,0.16697306308118648,0.1670497343293426,0.16888984694755405,0.16937075353841377,0.1718140389723483,0.17300045185691706,0.17460972595904528,0.17484806119558183,0.17534675606933864,0.1757725203673677,0.17572339478073656,0.17622128683372282,0.17609025184849392,0.17643989783781577,0.1762769756211493,0.1771345765830354,0.1794418903847757,0.17951903645324896,0.17949706738263824,0.18207151887166007,0.1827632633026283,0.1829931298893998,0.18309338036759415,0.18398870957407762,0.18556758855626046,0.18563546234621503,0.18778891331820236,0.1879352740658791,0.1880232529920595,0.1885720016183303,0.18905534482500766,0.1892951544289349,0.19021967245648794,0.19234844169041343,0.19458489863004944,0.194962527411203,0.1954000085118078,0.19585496113579,0.19693294303634626,0.19746774632112693,0.1965060583030727,0.19994035718177428,0.20026570890181206,0.1994696394156894,0.19953012876496132,0.20008453131834997,0.20044712852678434,0.20233728855279334,0.2027514014958109,0.20328692518187697,0.20335238365838232,0.20813261204824243,0.20855441717460327,0.2087776317923272,0.2100809123218261,0.2102849241184562,0.21136412744296218,0.21200459045330378,0.21473071373965838,0.22119076650018502,0.22119680996984778,0.22329054346997695,0.22334455483564739,0.22612079180479253,0.22697245034870392,0.22776941016867336,0.2296269792199951,0.22941712923369298,0.22757274239768827,0.2291556328124413,0.2294616582113802,0.229462636435686,0.22960886360743518,0.2305724250154599,0.23084280378258434,0.23152277097758156,0.23179531033376793,0.23174245260796197,0.2321320623789979,0.23250160789184196,0.2334821100423514,0.2338504994456932,0.23386272866278923,0.23471277867082022,0.23481554548523761,0.23497060577332152,0.2373460158406203,0.2372939332210976,0.2375201012850445,0.23763371955411594,0.23780020574891575,0.23833189531553436,0.23834733240891914,0.23843485860660177,0.23859846508726695,0.2388806823368809,0.23931904460341746,0.23915702789468996,0.23873148764651847,0.23913829280764104,0.2391328213437565,0.23981171741271198,0.23977521122591366,0.2397254196957107,0.23977007955101506,0.23868521892788214,0.23871248337595713,0.2390116240586366,0.24194188029681474,0.24170955384149026,0.24208418162432196,0.24326938100969536,0.24334872365447197,0.2434763432096393,0.24469715823558968,0.24530944083851186,0.2454914323406217,0.24555356322844715,0.24555924507318014,0.24550751716304026,0.2454580147579378,0.24648930012898757,0.24703361327550394,0.24702205357539564,0.24695304061523193,0.24708420116173188,0.24885162241420442,0.24886021197066374,0.24895345107361408,0.24708602959727344,0.24710256754749757,0.24700662933207326,0.24704418737842074,0.2470449746992272,0.2473138669163694,0.2477205251339396,0.2476486976314654,0.24779781598884565,0.24798647632991286,0.24840158086324737,0.24913390887391032,0.2503045631513508,0.2503580452329791,0.25136971704417127,0.2531469761087278,0.2517070600856237,0.2516787626533502,0.25176300918410066,0.251819118904246,0.2525558362247887,0.2526582834102424,0.25244900231843814,0.2527281329371997,0.2529392777902429,0.25326899141262693,0.25324853776765843,0.25325459179415066,0.25331284568618256,0.2529156239025765,0.2542331832160573,0.25466421317811133,0.2549553143949268,0.25503838420841685,0.2550919813009575,0.25539874981120386,0.25543184439512157,0.2554416911933348,0.2556347060334771,0.2560472470428022,0.25550633666285083,0.25551836769076264,0.25561081283224796,0.2560920026844114,0.25628660555520427,0.256307918154325,0.25651725676225534,0.2563097282398625,0.25631577195523064,0.256731013122797,0.25693129431426703,0.25565021458103665,0.2559247191036286,0.2559058718865664,0.25594897749508927,0.25599140426884887,
0.0,0.0,0.0,0.0,0.0,0.0,0.0,0.0,0.0,0.0,0.0,0.0,0.0,0.0,0.0,0.0,0.0,0.0,0.0,0.0,0.0,0.0,0.0,0.0,0.0,0.0,0.0,0.0,0.0,0.0,0.0,0.0,0.0,0.0,0.0,0.0,0.0,0.0,0.0,0.0,0.0,0.0,0.0,0.0,0.0,0.0,0.0,0.0,0.0,0.0,0.0,0.0,0.0,0.0,0.0,0.0,0.0,0.0,0.0,0.0,0.0,0.0,0.0,0.0,0.0,0.0,0.0,0.0,0.0,0.0,0.0,0.0,0.0,0.0,0.0,0.0,0.0,0.0,0.0,0.0,0.0,0.0,0.0,0.0,0.0,0.0,0.0,0.0,0.0,0.0,0.0,0.0,0.0,0.0,0.0,0.0,0.0,0.0,0.0,0.0,0.0,0.0,0.0,0.0,0.0,0.0,0.0,0.0,0.0,0.0,0.0,0.0,0.0,0.0,0.0,0.0,0.0,0.0,0.0,0.0,0.0,0.0,0.0,2.2306472162798446E-5,0.0,8.738255850002451E-4,0.0010250632197152314,0.0014800328631022976,0.0021926234718592182,0.0026707911221601544,0.003751718745392909,0.004206656097019817,0.004266423643187385,0.004349865615778047,0.004202001555120116,0.0047030416084923215,0.004769389255909117,0.004971143936796824,0.0053373919490413,0.005671344045494467,0.005867415333741157,0.0061003482521017555,0.00620721077618771,0.0064915384563555,0.006321932543152912,0.006698372960105262,0.007203826243980168,0.00744628229292257,0.007596088213173357,0.007777832601758397,0.007989121810150423,0.00908229265468535,0.009599771462588608,0.009906096925329755,0.010136193299545864,0.010619105040217255,0.010971067893851875,0.011100620499330593,0.011122366428737566,0.011150403035785588,0.011328811725432453,0.011718943881252665,0.012431036077372264,0.01247000526392595,0.012524578824944585,0.012868341124681099,0.013190123539279666,0.013505478637092736,0.01383942118417766,0.014945323161044374,0.01495033104749716,0.015184246581715348,0.01565997777166545,0.015650953962714906,0.016088303594613412,0.017575011673607758,0.018181133927659864,0.018722277247422564,0.01998024787410953,0.020173811895875363,0.019899354930375257,0.0201532371548837,0.020806397103704504,0.021155815956461217,0.021520144873208313,0.022527182596490364,0.023038648507354462,0.023555245185933896,0.02400581435253772,0.02443061996969575,0.02605600115088958,0.029108460175646087,0.029202944420805503,0.03007709938329554,0.030379456418504872,0.03362995124693749,0.0339504642561865,0.03558797626283578,0.036613745379457094,0.03678094514749236,0.03956672871756242,0.03993419280439699,0.04046155809775687,0.04111793929801102,0.04129215943217805,0.041587358092539016,0.042931262960858745,0.043588655816886625,0.044816297070101735,0.044794291414875835,0.045034976919911845,0.0458671872371751,0.04674329375166935,0.04681383079991083,0.04636446948891625,0.04630371685750585,0.046751358429172225,0.04719996677825657,0.04748175717039533,0.0473666896561383,0.04835210077154483,0.04840290774130425,0.0497199569532346,0.050880841528439434,0.05104353085468652,0.051063813213546645,0.05257304129203231,0.05207607711127293,0.05279313358865434,0.05361560853520008,0.05478998511271861,0.054893858293836244,0.05616727793818801,0.05805580633606055,0.05878437494439711,0.061900830573530914,0.0626966635912556,0.06502403808899819,0.06541456028390485,0.06594960094665984,0.06944155002842464,0.06945227045150111,0.07169545721199294,0.07204995223963394,0.07253836491444142,0.07363177979219043,0.07505906130962804,0.07828330513491273,0.07923499827565458,0.07943415818839544,0.0808244079779229,0.08417656019003981,0.08530878640881881,0.08579260434653328,0.08629805817597996,0.08644067257040144,0.08801235583539842,0.09053700465919409,0.0914639015442725,0.09184721098186584,0.09254746746733969,0.09261624721195681,0.09314996813514873,0.09302197855022319,0.09327147826533815,0.09430846673624765,0.09452958076709214,0.09494464832006667,0.09609141963045947,0.09627331479037765,0.09695154387490416,0.09730612644208109,0.09767369563106912,0.09875215510873656,0.09905344835802948,0.09978711502681502,0.10145024982552182,0.10154803723488302,0.10199546412825108,0.1020713937920719,0.10329336425348681,0.10374857931659003,0.10579855577151835,0.10595645249917397,0.10698141253888384,0.10717004474933861,0.10740860293044209,0.10764575173925077,0.10800812019256324,0.10784612829296299,0.1090271110999933,0.11172377450794983,0.11176933235482672,0.11202752265717657,0.11224748962554061,0.11460039328732534,0.11459124493413668,0.11649115719094721,0.11641455508081064,0.11781678638498201,0.11843599891014041,0.11881629093147862,0.12009256692401833,0.12078657380752439,0.12142506962541243,0.12178614053410461,0.12261180617082816,0.12258532555182128,0.12292400831335668,0.12383776095364125,0.12530761273529636,0.1260400051272874,0.12813899817196484,0.1266911209011405,0.12677033910999289,0.12696491894884565,0.1269730280715522,0.1271182492045101,0.12741664470085518,0.1276116711212042,0.13083025334828963,0.13085339555221617,0.131030613208296,0.1309375630117706,0.1327392078224217,0.13248408286382335,0.13311710550916622,0.13360355148689415,0.13493968090181574,0.13635370225653357,0.1376160268639584,0.1384896990972737,0.13816485821272606,0.13896712858209725,0.13969136835053103,0.13924696297324776,0.139148862715839,0.13889877180746657,0.1392391195954637,0.13940525234690224,0.14082014621825775,0.14092404601262806,0.14165281493850962,0.1441293447402229,0.14419178463049204,0.1439506151593441,0.14463239284215804,0.1446676642334317,0.14467893515991245,0.14526361345541705,0.1462023021498123,0.14698697268753472,0.14777643958605216,0.1545314119632343,0.1561664999428006,0.15610090028972756,0.1561376364808137,0.15639097536721633,0.15645466506992042,0.1586145117286272,0.1596659111370827,0.16307480537778762,0.16415282848718168,0.16492585639112306,0.16659402380797744,0.17057362006658355,0.17300080798031126,0.17512148992167853,0.18020885394903707,0.18042511165544278,0.18050709065995604,0.18072775122173665,0.1809802064726773,0.1820090468523384,0.18218494842137867,0.18279187776607,0.18245375220692253,0.18587862410466133,0.18688504898148975,0.18717094355115452,0.18799711437398914,0.1880888226498114,0.18811382902708745,0.18974802085209483,0.19018248984972452,0.1902695442539546,0.19002864392614477,0.19031288793794127,0.19029864709493582,0.19067604319986733,0.19101300029732032,0.1916676276480045,0.19145922079007036,0.1953369676431271,0.19388582038924462,0.19601763330862615,0.1961580198877707,0.19656756112508725,0.19723961027113793,0.19754987110961506,0.19828861753145927,0.19832754019145396,0.1986353438882312,0.19866299673940013,0.19877075028204064,0.19850057536094573,0.19887521765977526,0.19893058333025043,0.19862786802701238,0.20028862342047182,0.2006309174640617,0.20174866921998896,0.20333384167405819,0.20424627409582294,0.2043196795469938,0.2043215278820866,0.20478763758868665,0.20539828150389308,0.2072154103975048,0.20613181966145339,0.2068706555558575,0.20670738657833443,0.2067026842606618,0.20692264328415116,0.20888296015814226,0.20912354669805452,0.20914487019969386,0.21096878891706555,0.21174366438091471,0.2142667800763731,0.21430388120854477,0.21405184841208627,0.21467366320471745,0.21665003247938572,0.21741490755871962,0.21851754465151102,0.21852486009554206,0.21875745125058813,0.2195039189156826,0.21988930822404476,0.22012732748716848,0.22028903829398783,0.22108067238121307,0.22103119076954603,0.2219742129899828,0.22200986802937311,0.2220527154195796,0.22245472044125256,0.22284895845670882,0.22289646676686412,0.223339724401058,0.22364103861061646,0.22387956621604263,0.22388431587732333,0.22396627450165738,0.2269447859120362,0.22697765476380113,0.22702453568166975,0.22738008388479822,0.22776507660205697,0.2279817234702088,0.22807049579124325,0.2281855059180332,0.22767219832201177,0.22821913994504317,0.22838869517692315,0.22843981737697713,0.2290552651799519,0.2311424028076785,0.23121366115831213,0.23131225689770918,0.23080236833110074,0.23436074452928574,0.23444262630857413,0.23455683555997367,0.23559241064310396,0.2342881583135886,0.23426489247866594,0.23563501593243477,0.23668769284430063,0.23665080668095465,0.2366815537953131,0.2375299287261895,0.23760814369335195,0.2394610648113486,0.23962184633401987,0.2397820712598847,0.24010494107979943,0.24010541311352956,0.240196993683248,0.24024067153533718,0.24167376318573422,0.24177593051361815,0.24188502350114865,0.24184225770282314,0.24233690495713647,0.2421814437151094,0.24204404617623765,0.24134941296742754,0.241410909444951,
0.0,0.0,0.0,0.0,0.0,0.0,0.0,0.0,0.0,0.0,0.0,0.0,0.0,0.0,0.0,0.0,0.0,0.0,0.0,0.0,0.0,0.0,0.0,0.0,0.0,0.0,0.0,0.0,0.0,0.0,0.0,0.0,0.0,0.0,0.0,0.0,0.0,0.0,0.0,0.0,0.0,0.0,0.0,0.0,0.0,0.0,0.0,0.0,0.0,0.0,0.0,0.0,0.0,0.0,0.0,0.0,0.0,0.0,0.0,0.0,0.0,0.0,0.0,0.0,0.0,0.0,0.0,0.0,0.0,0.0,0.0,0.0,0.0,0.0,0.0,0.0,0.0,0.0,0.0,0.0,0.0,0.0,0.0,0.0,0.0,0.0,0.0,0.0,0.0,0.0,0.0,0.0,0.0,0.0,0.0,0.0,0.0,0.0,0.0,0.0,0.0,0.0,0.0,0.0,0.0,0.0,0.0,0.0,0.0,0.0,0.0,0.0,0.0,0.0,0.0,0.0,0.0,0.0,0.0,7.350385614829643E-6,7.350385614829643E-6,7.350385614829643E-6,9.361750958013046E-5,1.5037909646684663E-4,1.503903875422848E-4,2.093516617791125E-4,7.827947078273563E-4,0.0019042070538927678,0.0019074276970821862,0.0023062473483630302,0.004002955431081504,0.004173343976546024,0.004596777306861025,0.005323956464184935,0.005500914874924291,0.00550607478503738,0.005675493233489969,0.0060263719311327195,0.006647079954142916,0.006672874935725207,0.006766001223161177,0.007043261816729102,0.007104452089607603,0.007807902271910706,0.008275341585672615,0.008589421536625915,0.009143598289098618,0.011099405564668194,0.012807039488255388,0.012963941657235549,0.014311661511045548,0.014568991495191079,0.01531087092263306,0.01553505668051482,0.017783555324385296,0.019152054158323426,0.020007259584670825,0.020911107757322158,0.021338577943058653,0.022175469012928453,0.022669127438145326,0.023346056098238505,0.024279864969223956,0.024784469036642595,0.024924305481447542,0.024992756995683308,0.026066548261136524,0.026336506303725273,0.026954466387995885,0.02829222859525725,0.030936584837080332,0.031314869483448665,0.0320382294053582,0.033228375236083935,0.035392290472571815,0.036463281437754944,0.03693272773078507,0.037364756086003134,0.03876841508006877,0.039427176569960955,0.040201164118835314,0.04144642751431114,0.043304668788072175,0.04507607645148755,0.047016726134952606,0.0499293902083573,0.057967925185575336,0.05811238802677065,0.059144260679215084,0.05984007882971644,0.0618992565264652,0.06979632101336385,0.07114164845668201,0.07648792677311528,0.07803971961697717,0.08002682175456756,0.08381091720245328,0.09135541240613983,0.09185722397631749,0.09258170950874363,0.0966579267944584,0.10671514449213078,0.1071975719218483,0.10886005696338945,0.11121304195232967,0.11138634120548697,0.1126474489336027,0.115216006617649,0.11512348230933706,0.11627200830906244,0.11733316161041164,0.11842170984974844,0.1190625128461426,0.12351775542652896,0.12512918917264323,0.1261233238968982,0.12805035473298415,0.13008850893626694,0.1307947121496099,0.1369872697637833,0.13896222975159722,0.1389830939356214,0.1500873774427985,0.15277915084934496,0.15403413298733368,0.15545532309278412,0.15663946538730247,0.15728615428705087,0.15848966809044168,0.15885109876442433,0.16801011051791565,0.16935882691484058,0.17084887656769515,0.17172709764155583,0.17271013240443103,0.1733056827883062,0.17772642786880744,0.17840563296320167,0.18121219355000656,0.18293155791367813,0.18437493317930256,0.18540792617836727,0.1865997351504949,0.18942176455821294,0.2013991357219569,0.20052715565837706,0.20146762317620193,0.20133264095529926,0.20209667626863573,0.20397717412161026,0.2040751324452091,0.20457256750632413,0.20497175238848211,0.20551139048515882,0.20626378606073473,0.2065839305244075,0.2067388579275272,0.20728735280295746,0.2077013501437126,0.20854931559168272,0.20945855461116225,0.20998394824702185,0.21054120960549355,0.21070212543381459,0.2111096678879826,0.2113416523282153,0.2116818542279476,0.21201449796729357,0.21217936150587074,0.21223699479990984,0.21299044825699978,0.2138865461570706,0.214679025156427,0.21518609929036467,0.21601864726300185,0.21632048286312536,0.2165243680997472,0.21661139801852666,0.21761033731995255,0.21838205783678594,0.2187214490689827,0.21884981356404262,0.22021332388848616,0.2205189841261331,0.2207266404331172,0.22100997307070053,0.22123177090782606,0.22162349543507084,0.22294440310905364,0.22353495495170733,0.2235655916424594,0.22436298097958407,0.22472940564459076,0.22480945893498244,0.2253318297230833,0.22547631674161556,0.22560038037359922,0.2266687184838275,0.2283554575483473,0.2287000038914607,0.22881398566873964,0.22895598891773855,0.22895356689418248,0.2294088739327623,0.2294693540807564,0.2301881039839453,0.23024507443885717,0.2305887466239671,0.23089258531858414,0.2308970179992456,0.2313275199457953,0.23165160815582359,0.23191659711862178,0.23207773238440052,0.23238994539256244,0.23307796608066098,0.2331787633905961,0.2336277735222368,0.2339848803353047,0.23431144776894608,0.23468953310791724,0.23503246622779483,0.23472958182773332,0.23493899227810316,0.23603592729598413,0.23607454427651892,0.23626070307915878,0.23665705324252972,0.23671517033546707,0.23686527694986798,0.2372172832398993,0.23737029871331666,0.23782125173866497,0.2378339397868367,0.23791639421218033,0.23944393699900268,0.23956960579910674,0.23998505441141513,0.2401337688067911,0.24045355317753692,0.24119426882732986,0.24135526719956052,0.24153279281673762,0.2416212174436597,0.24193030360523324,0.24285611639352306,0.24291639610921845,0.24297618696512122,0.2431505163690875,0.24338826931971466,0.2434647569277316,0.24383643734862495,0.2442097697700039,0.24438140960179822,0.24449161640764794,0.24465836241030084,0.24527050881891416,0.24526857538543212,0.24535323130862627,0.24545296295851504,0.24563221130363358,0.24588400068092048,0.24621449599428094,0.24715961697329702,0.24757492654973567,0.2476811844875191,0.247953387091904,0.24806085175325152,0.24808640450898348,0.24846501902201218,0.24857874839104901,0.2485596173363355,0.24852981825465634,0.24868627621366135,0.24939195514166573,0.2495173755725511,0.249616160250274,0.24970421518344207,0.24979575348882097,0.24981840582649803,0.2501821613833279,0.251289819719144,0.25132407586771677,0.25164759528079356,0.25206934088291955,0.2521820305878862,0.2522825763397289,0.25228870320497315,0.25250655488892043,0.25256246132478677,0.2525642803648927,0.25268259239662144,0.2530752503714159,0.2531301079332381,0.25333842160978015,0.2532898547574495,0.25340902081535477,0.2534618391760363,0.25364672058441007,0.25379200552788,0.2536787070881974,0.2537185654982913,0.253817570729072,0.25390475129039586,0.25396120464130123,0.25401383105411857,0.25405783241965746,0.2541454262878274,0.2539700602529417,0.25387500828826587,0.2540883413995091,0.2538980519332691,0.25399285593505155,0.2541091067521637,0.25423656087675356,0.25430436747950647,0.2543784892667401,0.2544218086286315,0.2544404169634756,0.2544614813992277,0.25472131298310247,0.25465975537261726,0.25300784130756016,0.2530743254836985,0.25314916017303424,0.2532644195313601,0.25326219696575725,0.25340368302959737,0.25341855046807066,0.25342703783415266,0.25343071743153217,0.25354180312488805,0.2536954922845844,0.2537739318104975,0.25380200862805835,0.25392502452841176,0.2560621122468135,0.25609760447459956,0.25613942684386265,0.2560817885432299,0.2561693311402656,0.2561936882353143,0.2563226838625771,0.2564202130568736,0.2564143428541204,0.25644500630222733,0.2564562676706644,0.25650700216189143,0.25686806188708217,0.256927436604092,0.25696384720015225,0.25700209491024906,0.25701511231531293,0.25702429928190157,0.25704808713246335,0.2570718796419041,0.2570546810546978,0.2570819442267929,0.2570781428090783,0.257078628879228,0.2570971295940579,0.257137089845677,0.25714565556950986,0.25719379917553653,0.25730052086995686,0.25732540790243935,0.25735943103286424,0.2573621716278555,0.2573732948233997,0.2574204244951875,0.25745717323719186,0.2574568158158808,0.2575257306837377,0.2575416499463887,0.25814995418408127,0.258164071930352,0.2582497838630688,0.25827477018104206,0.25827002529207294,0.2582898332593948,0.25828553164059637,0.2583041644839117,0.2584673922098954,0.2584822316993166,0.258516953698272,0.2585532423210871,0.2585680948443561,0.2585651934716887,0.2585724352533858,0.25865598771889003,0.2586638399501584,0.2587076530254853,0.25871969799214045,0.2587313407876,0.2587603253081854,0.25854142834609467,0.2585934139861226,0.2585461057899798,0.258610830433175,0.25875489366190035,
0.0,0.0,0.0,0.0,0.0,0.0,0.0,0.0,0.0,0.0,0.0,0.0,0.0,0.0,0.0,0.0,0.0,0.0,0.0,0.0,0.0,0.0,0.0,0.0,0.0,0.0,0.0,0.0,0.0,0.0,0.0,0.0,0.0,0.0,0.0,0.0,0.0,0.0,0.0,0.0,0.0,0.0,0.0,0.0,0.0,0.0,0.0,0.0,0.0,0.0,0.0,0.0,0.0,0.0,0.0,0.0,0.0,0.0,0.0,0.0,0.0,0.0,0.0,0.0,0.0,0.0,0.0,0.0,0.0,0.0,0.0,0.0,0.0,0.0,0.0,0.0,0.0,0.0,0.0,0.0,0.0,0.0,0.0,0.0,0.0,8.548663158238618E-5,8.548663158238618E-5,8.548663158238618E-5,1.1826202481482442E-4,1.5113896655181476E-4,1.5353449718020451E-4,2.105245072507333E-4,2.5646569171550626E-4,3.197253211730941E-4,3.72999876739224E-4,4.078164799771584E-4,4.689068976722238E-4,5.294566534014453E-4,5.408679810000274E-4,5.834564061164535E-4,7.39525730203397E-4,8.107712029860682E-4,8.422278250863127E-4,0.0010327420046561376,0.0011405925852194165,0.0012633696531489042,0.0013061329780221015,0.0013570055758320597,0.0013804929089555518,0.0013718566305663312,0.0013762719644206775,0.001457376088085929,0.0015001710022619862,0.001537976910144073,0.0015049858078257157,0.0016310716628636565,0.0021279532359078914,0.002394467714961348,0.002611828644770316,0.00282863552130558,0.0032201684306261687,0.0032465364968042813,0.0033612234615925662,0.003943763170321865,0.004377116720173878,0.005343718166046428,0.005477309421981562,0.005735853171268385,0.006011804459989563,0.006790722043106174,0.009262579999746532,0.009494729355684076,0.010259157659922857,0.010955663487456697,0.012014376158216895,0.011888787007832916,0.012325999189573868,0.013319608791946448,0.01354670444862555,0.0139219170923235,0.015221440039421457,0.015314934370671166,0.01904319643227098,0.019360692046044337,0.020214861020982192,0.0209554705784297,0.022487050413148243,0.024305638400766705,0.025378107827026392,0.027513719036435017,0.03291833626220531,0.034373636404047475,0.03444798633169632,0.03402885924454092,0.029706593537766612,0.03205564948578232,0.033490381991073105,0.03422878108825417,0.036637591847350846,0.03822673311348509,0.04119928142868762,0.04308367055081842,0.0436863478480248,0.046271145045880584,0.0476787248383115,0.04861032215715865,0.052297182419943085,0.05327549119705099,0.053799308944687076,0.056129045614160857,0.05937506696502515,0.06011212593233415,0.061188192470659125,0.06345431919846821,0.06531683795919502,0.06673020238877325,0.06980711345279116,0.07177840281863694,0.0716007258048545,0.07345420227802905,0.07383190601134612,0.07543337735414324,0.07681097550548704,0.07757008337897801,0.07752391684600693,0.07732060248723796,0.07816310935241286,0.07846466273511711,0.07840823289696476,0.07938964104879263,0.07963036901127325,0.08008227341087835,0.08056710287694925,0.08067784603799746,0.08172060725523411,0.08096210655382172,0.0812515723000502,0.08263465251629591,0.08456742547347817,0.08466282190018644,0.08519361397793769,0.08504571739543679,0.08586592902433152,0.08696041556253442,0.08685243358424086,0.08702151430631165,0.08840503368550953,0.08832521990765205,0.08875952260675274,0.0904108421429303,0.09131170888184809,0.09292011505966596,0.09310150622217378,0.094340043692688,0.09512614451088063,0.09725445068811603,0.09883261335947759,0.0995713911195566,0.10010335286579047,0.10176412825166807,0.10309350192446984,0.10317251588948154,0.10385411782041207,0.105084369925378,0.10575776675979053,0.10582981192426355,0.10478210849174625,0.10560063315939089,0.10605471380175654,0.10642303207203871,0.10738102900389514,0.1084908186925995,0.10860068395794496,0.10867493572338038,0.10930218928360488,0.10946525903511047,0.10957691033199064,0.10958643314424277,0.1098355237717667,0.11051732012127098,0.11170407579455219,0.11263253111256431,0.11306280109337766,0.11300382611483964,0.11386967141605198,0.11345067601621439,0.11522399796052749,0.11561820716492902,0.11486021379303278,0.11482254887122974,0.11633186597916387,0.11779977602079944,0.11887191849957678,0.11978857864724791,0.12068669502963565,0.12163016732849531,0.12152199375861007,0.12174924569358617,0.12319599202320293,0.12303492238986408,0.1231784753356864,0.12316499833158749,0.12292755109623636,0.12302353794880996,0.12329575904393839,0.12335702816429357,0.12342597296954128,0.12419821349257192,0.12430167052142725,0.12438036186562632,0.12491926656422113,0.12529362377676473,0.12567059404477965,0.12583626652566127,0.12619168393743457,0.12737911773912375,0.12872864567671594,0.12884308881561393,0.12979662707573528,0.1313522830052604,0.13368938902908303,0.13445902276230667,0.13491435232683158,0.13459922875623503,0.13581945798595327,0.1359975510138328,0.14321628185776838,0.14370278997285132,0.14398395677926018,0.14439480760962478,0.1451555462308842,0.14560291298481592,0.14594146571629252,0.14766459005513796,0.1513093874889806,0.15142100082755156,0.15048270345618756,0.151124846398758,0.1524067545624356,0.15286898538577984,0.15323368226194212,0.1538851062890665,0.15424701329574628,0.1552794374081495,0.15641072617719176,0.15653950486506676,0.15753562728952564,0.1580336743587461,0.16401576841570562,0.16417113234119868,0.16724584361127412,0.1700692357992734,0.17184643350317655,0.17085244863434385,0.17077452403439955,0.1700492180273289,0.17065685728623006,0.1722423363132535,0.17241554081702587,0.17270716101564698,0.17394295450604708,0.17670694092168687,0.1808035727918685,0.18080878277216605,0.18289453016062324,0.1830774503438293,0.1831333080429987,0.1846317757097452,0.18838278492368585,0.18920970570453158,0.18947726796723316,0.19118589911760356,0.1910346959424813,0.19103239003001482,0.19152030375179976,0.1921156733250328,0.19259362982790162,0.19210352827097363,0.19263540923111727,0.19289660625817096,0.19663743151839638,0.19807842177032325,0.19972528124015032,0.1991642315993,0.19972129394875798,0.199941706072104,0.20012681847241598,0.2003832992053496,0.20043336199738462,0.20082547706475037,0.20079987161111124,0.20184685018770335,0.20216628205975837,0.20332112227742288,0.20386665941764184,0.20409011843835168,0.20421103314928318,0.20434113750105934,0.20527333949449333,0.20572590526210094,0.2060989713765278,0.20648788667037263,0.2066946494367545,0.20742714796560027,0.2080719658499177,0.20870540027974407,0.20943660818530077,0.20973103698596035,0.21125063652933368,0.21140235166084287,0.2118551668419531,0.21191043999376036,0.2139023422421203,0.21463456406905929,0.21545095887197485,0.21575194378359053,0.216978138998952,0.21761539381465916,0.21864533340599282,0.2186916322490111,0.21930875318326645,0.22083442508657689,0.2212903194009799,0.2214975068644661,0.22162305669496524,0.22283705096023904,0.22328838818275845,0.22323380893385386,0.22344143460155486,0.22340388502940273,0.22351802151420935,0.22362295316475186,0.22352843895270125,0.22367081210123432,0.2239015497377223,0.22455117273647446,0.22465802739821675,0.22472526927793693,0.22488920928759185,0.22489149907354986,0.22496532563321298,0.23031943945604808,0.22945542862702606,0.22984652050216348,0.2298411088805622,0.2300073727933519,0.23006630220568391,0.23083736361773957,0.23131373617432488,0.23142670423046016,0.23097250817445494,0.2312630086856538,0.23120696366529242,0.23153438899998552,0.23105977875980757,0.22943995398719014,0.22986797582111995,0.2311469433889217,0.23141009001223176,0.23143620930539746,0.23144354739554804,0.2314978213608418,0.23138587695642823,0.23212982591767006,0.23213989400324675,0.23201464076403197,0.2320798484655282,0.23229332423857194,0.23237477578232565,0.2317287515938655,0.23183855775275083,0.23439869858388676,0.23438936655954273,0.23490309810996465,0.23495777346369856,0.23498020274749154,0.23453789091633864,0.2349653386225579,0.2351506647621855,0.23547050147687879,0.23672934905152768,0.23641665138882878,0.23654277846448366,0.23774979591552836,0.23774958983593966,0.2384603936315407,0.238558618954143,0.24275617501287605,0.24285311811722501,0.24288717766897097,0.2427827933222495,0.24319355103023818,0.2434176422506471,0.24350211091167495,0.24353325476174317,0.24353502487608414,0.2440472716042191,0.24658878930095707,0.24768733927716105,0.24880365474047733,0.2487970846371122,0.24861199854936597,0.24876320085888218,0.24934874606811902,0.24977232559013227,0.25109092414781536,0.2514022286724759,0.25154938496846946,0.252470101802976,0.2519983608776185,0.25262960004535245,0.2523275964560144,0.2523626102288352,0.25241570054029644,0.251945148161363,0.2525298429003298,0.2529215771243027,0.2531468834995594,0.25363690269518285,0.2540123366320949,0.2539729400194709,0.25397119546346986,0.2557390950500875,0.2560192244019459,0.25689504109559136,0.256885008772078,0.2574734375894037,0.25765005975570177,0.25794986491156235,0.25813551637948706,0.25913430396571047,0.25913936462419784,0.2589323681881979,0.25929335669614983,0.25986589593503207,0.25833475502531933,0.258481406608052,0.25783819108681544,0.25782810697129627,0.25789381938979394,
0.0,0.0,0.0,0.0,0.0,0.0,0.0,0.0,0.0,0.0,0.0,0.0,0.0,0.0,0.0,0.0,0.0,0.0,0.0,0.0,0.0,0.0,0.0,0.0,0.0,0.0,0.0,0.0,0.0,0.0,0.0,0.0,0.0,0.0,0.0,0.0,0.0,0.0,0.0,0.0,0.0,0.0,0.0,0.0,0.0,0.0,0.0,0.0,0.0,0.0,0.0,0.0,0.0,0.0,0.0,0.0,0.0,0.0,0.0,0.0,0.0,0.0,0.0,0.0,0.0,0.0,0.0,0.0,0.0,0.0,0.0,0.0,0.0,0.0,0.0,0.0,0.0,0.0,0.0,0.0,0.0,0.0,0.0,0.0,0.0,0.0,0.0,0.0,0.0,0.0,0.0,0.0,0.0,0.0,0.0,0.0,0.0,0.0,0.0,0.0,0.0,0.0,0.0,0.0,0.0,0.0,0.0,0.0,0.0,0.0,0.0,0.0,1.9860064824641713E-4,4.3200835169731526E-4,0.00380804121179688,0.005085389331085511,0.0037037852642668686,0.004641468656469751,0.005084476048362327,0.005368118289500112,0.00492555977337077,0.005416052713471961,0.005600260452077323,0.006007746817660752,0.006025284243776513,0.006085308744180659,0.006623492191338565,0.006986019947034794,0.008515958209972262,0.008636075600051455,0.009622154745696585,0.010388999099006873,0.011972643922297377,0.012255248550359487,0.012361503471102066,0.012766540838400007,0.012933471959541577,0.014544031228076675,0.014526085034993174,0.014907860823049224,0.014595828254375911,0.01456178925797334,0.01694518348112831,0.017267768250116756,0.01875046164856261,0.020161907270960743,0.02044046924616322,0.02256830908933074,0.02461842526489678,0.025650562144014167,0.02746517172094471,0.030529794381310198,0.03334098064251153,0.034345461860162685,0.04079880492355002,0.04107776157996317,0.04205632314702389,0.04494689197048345,0.045331530947293724,0.04584061984302823,0.046150715967777194,0.04703765816190001,0.056603816793282954,0.05690986705536875,0.05800563769562559,0.0637726157172469,0.06429765173894714,0.06728775270259167,0.06823329756242182,0.08098863629828089,0.08145175352729216,0.08436577184183396,0.0870764718355467,0.08896025573725044,0.08987492779539762,0.09538255970503386,0.09644122626729233,0.09742524144896592,0.11401883728349121,0.11961529907138428,0.11979400948253617,0.12114758565636358,0.12160956866369822,0.13635161350323038,0.15032719702067227,0.15304084470462762,0.1537270935865045,0.16050449082919613,0.16208623183729542,0.16197744861503988,0.1626453370591894,0.16430075942542338,0.16549126977145878,0.16639362093521626,0.16910267591049719,0.17314268576149472,0.17473137491698587,0.17870105291044355,0.180475969667551,0.1821457804441678,0.18544307844868063,0.18605344343923913,0.18773147861013978,0.18826786977503873,0.18969864615471488,0.18976788273199954,0.19114859821816652,0.19228085986969257,0.19260458839591782,0.19403294029364182,0.19461063377087265,0.1955135461913599,0.1987405343722726,0.1992067970382857,0.19976112713331207,0.20022812742844803,0.20192644601178306,0.20259468048678775,0.20322610402067945,0.2050574313271502,0.20539629942937246,0.20832983324861615,0.20861113367010473,0.2090258784657222,0.20910960846610518,0.20918986733344427,0.21081883902583393,0.21164425227512942,0.21184152542761028,0.21283237270554722,0.2130360962857516,0.21304827655201558,0.2134053254646928,0.2146927590689112,0.2148969411982259,0.2167617601542462,0.2169180264542993,0.2177912301188021,0.2184860588787214,0.22036284151376873,0.22069229539982796,0.22136136895636854,0.2214684202902336,0.22231775613089239,0.22362306931349765,0.22421246139614734,0.22587029927343572,0.2259943999345463,0.22622498725808798,0.22630540883416644,0.22657282533556267,0.226843878780022,0.22705512428892288,0.22714474551778432,0.2287318518845756,0.2292467888334896,0.22986914611090636,0.23055325878503732,0.23089276612177426,0.23388640385180084,0.23426056027882314,0.23280323552375018,0.23305748788276923,0.2333593915155776,0.23358981633113912,0.23400995583247367,0.2345422978022892,0.23506356944394755,0.23518689213313315,0.2358773671191282,0.23614308037023918,0.23676063550655643,0.2368534185985168,0.23724837939777615,0.23719846043239357,0.23731580491753804,0.23735932983895164,0.23751765703081434,0.2376534541356936,0.23791694493949178,0.23899759222714892,0.23918824999595803,0.2398091023560139,0.2399363379891897,0.2400412255390513,0.23990950101767258,0.23992540607004578,0.2400179664375269,0.24018994022058507,0.24075360522689454,0.24147554290876452,0.24168659080949756,0.24174061067624136,0.24179232686812055,0.2419344760147402,0.24217817638280348,0.24225530129423145,0.24234895696508227,0.24241978200228287,0.24265811392685124,0.24297732096853863,0.243549191232041,0.24369390061447074,0.24378212733967525,0.2440931113568584,0.24411182890130154,0.24430261083352614,0.24441535782668775,0.24452480470682336,0.24456133229640784,0.24457128930633087,0.24464610175989257,0.24498947492544038,0.24530351056291305,0.2453202832645259,0.24662495288074365,0.24673003581423286,0.2464407912691205,0.2465597624688281,0.24664513915488584,0.24694222096800525,0.24714810173239307,0.2472108050625578,0.24719714125438666,0.24752945586792569,0.2476696217879709,0.24770460322565654,0.24777888566452322,0.24780300414636094,0.24984521062244677,0.24982165542933538,0.2498586331818315,0.24993810305993217,0.2499992291495244,0.2506527250740177,0.24902496235950575,0.24895406354584187,0.24918295037205657,0.249224556188558,0.2492627528614658,0.2492070120028297,0.2492721451140788,0.249384422626232,0.24992353487564897,0.24991414342511234,0.25001386842380746,0.2500285519685137,0.2500614402385066,0.2502603218857397,0.2503166048310582,0.2504765149961145,0.2525296781579086,0.2525784496456356,0.2528536703996702,0.25327480096049687,0.2533175735041758,0.25305730831989776,0.253069370665371,0.253200331356943,0.2534844147232187,0.2535172909656111,0.253461843595653,0.2501718366844278,0.25013673180666507,0.2502158658553535,0.2502960125753012,0.25037836152130016,0.25041683636216316,0.2504579913214631,0.2505104643445668,0.2505353474434894,0.2506617768943302,0.2507153385677965,0.25078472850129396,0.2508295615230132,0.2510038240109437,0.25119998319437,0.25123968960496196,0.2514401951511137,0.251438029987201,0.2514064801798299,0.25155119840505313,0.25162549174631993,0.25196062378587186,0.25200899232152707,0.25209776264659567,0.2521807226838962,0.25221196076206315,0.25223553989178193,0.25239483339530006,0.25248584784526634,0.25260856455859854,0.25264979410024135,0.25277210288799457,0.25282276594511854,0.25285959201434477,0.2528653674790053,0.25293598763744113,0.252983792874897,0.25276133872081014,0.25261046957378963,0.25317580739140255,0.253288253958261,0.2533862050323816,0.2534626799945694,0.2534260859585817,0.2536767386915869,0.2537214844084365,0.25383930379169717,0.2539434035839018,0.25398258741322943,0.25409211708402873,0.2541626996915033,0.2541946134891501,0.2542166988675266,0.25414259018424823,0.2541440743362525,0.25436176046829995,0.25452501378774767,0.2545050365610828,0.2546346396724821,0.25466218131979534,0.2547446800954002,0.25514627740099566,0.25520298082786796,0.25522924757103477,0.255286202276892,0.255427994349362,0.25550869556102174,0.25554439435909965,0.25557105097891053,0.2555973175142382,0.25558153519882126,0.2556282411824755,0.25569060208263444,0.25571518395124265,0.25571983886187954,0.25578214425640955,0.2558104613674458,0.25592134979058573,0.25593764258691504,0.2559471635373889,0.25604422005437194,0.2560507327048518,0.25607021331951374,0.25623933903275947,0.2562459784607287,0.2561877491812188,0.2562364927340596,0.25627278946468385,0.25629427567310814,0.25731734876356877,0.25735566037407315,0.257374265769022,0.2574173624692423,0.2574828469865437,0.25748643652684683,0.2575222455387206,0.2575222418058183,0.2575365133415857,0.2575831881553117,0.25761800318776656,0.2576342815871453,0.2576331555594524,0.25759818364865317,0.25762638621435785,0.2576301384377374,0.257640690223882,0.25779832769652633,0.25771155714929805,0.2576893006159423,0.25771173696134314,0.2577485933040342,0.25774306222781057,0.25776232574395247,0.2577658513368872,0.2578094939016809,0.2579488889968017,0.2579383935080717,0.25794214351278544,0.25793537883655515,0.25807752311901444,0.25809302026394515,0.2581680678241807,0.25819409506696767,0.25820323189436456,0.2582112489098862,0.2582027335587323,0.25828703240432527,0.25831648823273184,0.2583266067214838,0.25834365121970904,0.2583386163173992,0.25834923514290986,0.25853982854673696,0.25856475411045504,0.25881581648305374,0.25884208587883734,0.2588427941238979,0.25886695874825427,
0.0,0.0,0.0,0.0,0.0,0.0,0.0,0.0,0.0,0.0,0.0,0.0,0.0,0.0,0.0,0.0,0.0,0.0,0.0,0.0,0.0,0.0,0.0,0.0,0.0,0.0,0.0,0.0,0.0,0.0,0.0,0.0,0.0,0.0,0.0,0.0,0.0,0.0,0.0,0.0,0.0,0.0,0.0,0.0,0.0,0.0,0.0,0.0,0.0,0.0,0.0,0.0,0.0,0.0,0.0,0.0,0.0,0.0,0.0,0.0,0.0,0.0,0.0,0.0,0.0,0.0,0.0,0.0,0.0,0.0,0.0,0.0,0.0,0.0,0.0,0.0,0.0,0.0,0.0,0.0,0.0,0.0,0.0,0.0,0.0,0.0,0.0,0.0,0.0,0.0,5.627442370669215E-6,2.1116638384755647E-5,3.383851268179003E-5,1.1413487803860484E-4,1.7804674839437786E-4,1.9337754309031846E-4,4.0773512801666335E-4,5.990985593602832E-4,8.549876917394472E-4,0.0013231421379693714,0.0013231916730319588,0.0021298891253680205,0.002544704616455828,0.0034065622577817583,0.003928715615660533,0.0037103483746599463,0.0035224127005446105,0.0036049295925022562,0.003494229905321991,0.003600156563319698,0.003565234043509355,0.0037574191533199888,0.0034733223730393377,0.0037495879616223386,0.003755135882020292,0.0030788562049176376,0.0031457973342742585,0.0032470885323507906,0.0040480566383692155,0.004257479408998198,0.004377632594791755,0.004565600705210729,0.005036226411723934,0.005864643258414989,0.0071626000298554504,0.008708573127790107,0.009950148445057375,0.010123173350835454,0.010638243121188754,0.011243029922667886,0.01137165642634483,0.010944372299638497,0.010603653741088546,0.010566955447251523,0.010721751048863885,0.010739933580785305,0.0109682805749329,0.011169071681647899,0.011073256103802597,0.0115865122557379,0.01302753659478611,0.013541470418725712,0.013752688160536312,0.014364042900714958,0.015274083362408864,0.015768514376335314,0.016162751628392605,0.0161609793224358,0.016494152269295244,0.0170534176003311,0.016950999136752656,0.017026914604380362,0.017014647525264413,0.01758800704127302,0.018008798893443544,0.017894925206982364,0.01860344544516001,0.01888992863529651,0.018962098668707166,0.019542310279189713,0.02072726700929355,0.020766136566803917,0.024750020179661002,0.025402388240671217,0.02656016160098066,0.027192500715051415,0.028283938077963873,0.02843361470818486,0.028490130561076486,0.029943435284835215,0.03078604394482512,0.031460839691376925,0.032874994552708335,0.03326130038027436,0.033876665149303535,0.034972768607018534,0.03570375898043633,0.03622985422420477,0.03684433597345332,0.03683779243767143,0.037359336536956854,0.037714874734428125,0.039262145445989986,0.039572397253405604,0.03982815371828125,0.04026490242013777,0.0416510437354207,0.04226870485707327,0.042937326134956245,0.04411314602206764,0.0445582395889455,0.04631894952468503,0.04709741356344721,0.04972986654845192,0.051652542296494394,0.05263901116244749,0.053119664055048574,0.05412200002600945,0.055059156386504125,0.055361248601113064,0.056040112207915535,0.06374280969687803,0.06800595439310558,0.08006594258198083,0.0813357517617283,0.08204534832451972,0.08469386470435437,0.08845457876903275,0.09397201171439722,0.0948312206164403,0.09497537042339828,0.09809462295150659,0.09847586177166565,0.09804107899287337,0.10274519651739356,0.1042269546446103,0.10601956383618587,0.10871414286785114,0.10853828160890279,0.10981169717382702,0.10983216067268782,0.11120578474894388,0.11191851929328119,0.11568288098469982,0.12197873388084135,0.12221752600575614,0.12646273319518567,0.12775709005420713,0.12948196948951338,0.12978515287052014,0.13278937564417168,0.13440515372119408,0.13470434930697567,0.13693966175849662,0.1399942605248007,0.1405967000419,0.14152268303911214,0.14316906526056558,0.14368718842072672,0.14668832530621986,0.14854664961518432,0.14887337828830205,0.1488288607624146,0.15017859428692237,0.14994503856822577,0.1508570311978659,0.15168598657562996,0.15308607010430506,0.15571735265521708,0.15586753682584584,0.15580014155585184,0.1553315485553195,0.15551143106857016,0.15780813945445746,0.15839848646709917,0.1622711258065635,0.1652113655438577,0.1679038638735031,0.16990232447568163,0.17103338546967492,0.17150119732291041,0.17305441660151688,0.17403382175727103,0.17509517770444916,0.17800103513195822,0.18051316947638396,0.18293312884440552,0.18458329112812807,0.18479715666661395,0.18507547875480912,0.1858534330197482,0.18688402699915477,0.18818444475190324,0.18954513118736654,0.19028121469631873,0.19382248822169262,0.1943212992090205,0.19515417969392826,0.19739197359506394,0.19776646896554712,0.19798588624993343,0.20144820414802475,0.20450427121471268,0.2081137407664284,0.2092749384675491,0.20950242089073845,0.2136942604961742,0.21615375285775917,0.21669474177398873,0.21644899784490657,0.21607185869897125,0.21909723249992646,0.2191061372423265,0.21991671027019355,0.22175117030177952,0.22293927292594173,0.22265228240818913,0.22359629229877098,0.2237697662923534,0.2236254919793955,0.22457315044655274,0.2246618651820241,0.22788087180376526,0.229201997560267,0.2292597548393368,0.22930408305423172,0.22730083189160155,0.22752931702533913,0.2281058192191584,0.22762350884928334,0.23499884975321073,0.23512186374026456,0.23901502847372927,0.2392913618715529,0.24190629372526018,0.24194586717986755,0.24257489001933905,0.24713453074577757,0.24547789230302033,0.2480902593932133,0.2483515397091328,0.24572744009656602,0.2452483331318323,0.24543980937237028,0.24619453934021768,0.24563918368487578,0.2463837687925818,0.2460811964959009,0.24631307089686102,0.24636435431839482,0.24646490363478496,0.24686558697143818,0.2485840827903221,0.24858667958844222,0.2483486954371242,0.24832149952282334,0.2507770719843503,0.25081007447578213,0.25110865363213175,0.2511082424140732,0.2511491066860551,0.2515466683307347,0.25258082850420294,0.25263636375889953,0.25308543177626475,0.2518969033889124,0.2519022199279431,0.2519372735299895,0.2507243640254282,0.25100911584236757,0.2510713269231729,0.25124632882938663,0.25124735188619074,0.25178142386150704,0.25177468899039634,0.2549068284848464,0.25337730425067667,0.2544132893076348,0.25488054616651246,0.2550845470237511,0.2551627776451793,0.2554251520051891,0.2555788761555983,0.25718692754687555,0.25774181552434217,0.25836625668539076,0.2588123984571315,0.25903184727938927,0.2590349006155854,0.25896338440287736,0.2590447829584738,0.25908006909137793,0.2599761132156005,0.25985127645195405,0.26014252550780886,0.26006143157176764,0.2604297298329429,0.26040106094724375,0.26020452719881826,0.2603906996411592,0.2604973896283719,0.2605768797991642,0.26143967124909256,0.26137504904292735,0.2615903683850805,0.26248812814460387,0.262577082588071,0.2627007190212623,0.26304111075706327,0.2637170373546879,0.26372455217136737,0.2639162627461341,0.26504576634304833,0.2651632875016956,0.26516729431277564,0.2652992917751225,0.2655708795969773,0.2659181549810873,0.26654796869819125,0.26658401612730603,0.2674882326975645,0.2672539323828229,0.2688881415866427,0.2693906666530973,0.2696066191159524,0.26964298904994327,0.2699003545285695,0.27022277180890664,0.2704432172688907,0.27049878571446956,0.2705672056901265,0.27069407995428396,0.27092451636671633,0.2710491651502937,0.27105683554126075,0.27106137709770034,0.27125057835798283,0.2710637905290307,0.27122806688809015,0.2714901980122295,0.2716340843136513,0.27142565280989606,0.27158180482137884,0.27163311211764085,0.27169418250388483,0.27175933409666503,0.27139301060696797,0.27111683987019974,0.2711522839140779,0.27251077004890595,0.2725925083290152,0.2727017569576045,0.273103987966099,0.2730795282253325,0.2732585070683698,0.2732604111582679,0.27326375402932473,0.27326910880016503,0.27333623067245916,0.2733271463349714,0.27345409925546926,0.27345903049333886,0.2738218684908258,0.2738222944554453,0.27390708581489004,0.27391270680061597,0.27391168694092666,0.27390041296953416,0.273897241520568,0.2739247348187031,0.2739040236657719,0.27416603360869995,0.2741485346509258,0.2741464456052309,0.27433509663624267,0.2743455656213536,0.27434910102824045,0.2745906081507851,0.2745867832576242,0.274737544380606,0.2752674587185266,0.2752293314211488,0.2752926388182015,0.2753494088927366,0.2752721146166232,0.2753113134001808,0.27533057754781615,0.2766257543169916,0.27638716626412685,0.2767197377013345,0.27687446018350687,0.2773180362292766,0.2773164213716409,0.2774021763647596,0.27769190229147,0.2776850708434027,0.277671989519748,0.27761779728831704,0.27757496124728753,0.27760032515979466,0.27788146261943164,0.27782635234002256,0.27792128615204703,0.27798112342302295,0.2779571879835532,0.27814120504931733,0.27812451152672946,0.27795486482248094,0.27796432521429293,0.27799666653877725,0.27839861195163984,0.2783694600647197,0.27694131257357724,0.27695520320622774,0.2769142326010348,0.27712056310557515,0.27713236669535374,0.2768108602486951,0.27679377156980983,0.27669445307435897,
0.0,0.0,0.0,0.0,0.0,0.0,0.0,0.0,0.0,0.0,0.0,0.0,0.0,0.0,0.0,0.0,0.0,0.0,0.0,0.0,0.0,0.0,0.0,0.0,0.0,0.0,0.0,0.0,0.0,0.0,0.0,0.0,0.0,0.0,0.0,0.0,0.0,0.0,0.0,0.0,0.0,0.0,0.0,0.0,0.0,0.0,0.0,0.0,0.0,0.0,0.0,0.0,0.0,0.0,0.0,0.0,0.0,0.0,0.0,0.0,0.0,0.0,0.0,0.0,0.0,0.0,0.0,0.0,0.0,0.0,0.0,0.0,0.0,0.0,0.0,0.0,0.0,0.0,0.0,0.0,0.0,0.0,0.0,0.0,0.0,0.0,0.0,0.0,0.0,0.0,0.0,0.0,0.0,0.0,0.0,0.0,0.0,0.0,0.0,0.0,0.0,0.0,0.0,0.0,0.0,0.0,0.0,0.0,0.0,0.0,0.0,0.0,0.0,0.0,0.0,0.0,0.0,0.008669060114370622,0.008669060114370622,0.008669060114370622,0.00877167496452963,0.008989183926880907,0.017576513605327224,0.02044541817982094,0.02076411128583499,0.020848446856826484,0.021393035296132245,0.02139551605369307,0.028172215549825255,0.028714986593350783,0.029115765569092955,0.036982441885928564,0.037189235653279265,0.04647823331167245,0.04709512937361421,0.047546889489987226,0.04785927769435449,0.048293138485967925,0.04858873142199052,0.04908523466242897,0.05169585356753796,0.05214685771945859,0.05537679450127014,0.05599287962049648,0.0565273976015898,0.0574831240183188,0.05824397110136066,0.058875120477924245,0.06385196215207906,0.06443812158795348,0.06876034643185693,0.06893006281626934,0.06906221872112878,0.0696226065773111,0.07015721182415617,0.07013968653344695,0.07342095762870753,0.07506395951889602,0.0757324442133294,0.08281059339680705,0.08381782990871273,0.08566486555751933,0.08885555485771067,0.09731637541243739,0.0971301902266578,0.10213735204678497,0.10284650763766247,0.10275214142649546,0.10404197832343758,0.1082051299633337,0.11061414185398757,0.12160105847242267,0.12255624758493841,0.12379099672281303,0.12587737377194538,0.12701799736954797,0.13136114540427896,0.13831405124559243,0.14222175671965984,0.14321723935549632,0.14425419631783945,0.14879554939058612,0.15048486161502653,0.15117728514143322,0.1514957713457845,0.1541219082480867,0.15579382094239685,0.1561284074130253,0.15779838987325448,0.1587520738159176,0.15941334236553706,0.16203965838997864,0.16372434801608604,0.16474321028813824,0.16543047381984763,0.1662797340133821,0.16721347177483242,0.1673162217311279,0.16781523588296812,0.16835773497186549,0.16909918010800998,0.17000684782475023,0.17041654546899457,0.17075949110736338,0.17372173386497194,0.17398966197368432,0.17520394113227936,0.17577705786332584,0.17614523998713466,0.18237970048141183,0.18250574938130046,0.18313509232613698,0.18326393074498537,0.1835867412330892,0.18448133035598638,0.18345907470680267,0.18371789930859617,0.18426832626500433,0.18433682299116794,0.18398586795074004,0.1848298513017147,0.18562469176565793,0.18609920008167358,0.18670905201301363,0.18868739268048013,0.18894919661076884,0.189306931502256,0.19047717484124202,0.1930914020683433,0.1933343658636078,0.19355044225140505,0.19389632536542944,0.1940908588495098,0.1942566263702748,0.1946770858503259,0.19476730441563372,0.1952228623235787,0.19554978806250659,0.19577075925770673,0.19598676784745586,0.19671760747482148,0.19699361049065464,0.19720211583241867,0.19705785478464988,0.19725334195364522,0.1973701199444054,0.19794507812519466,0.19810426595161254,0.19847798322204654,0.19867296135267082,0.19876025675935638,0.19899301597491797,0.19931778651019139,0.19947117829187544,0.1997079875984184,0.19999014194345832,0.2002350743902526,0.2007026965624163,0.2009768648504369,0.20113025933548834,0.20138393441160005,0.20302270788700152,0.20320388203311768,0.20389228079076402,0.20408983425042915,0.20427627540498308,0.2046246350300009,0.20470673511402612,0.20499991928993494,0.20539203715566678,0.20564872962752084,0.2059347314688463,0.20634538884550768,0.2066977731189353,0.20681092400372234,0.20707815505051005,0.20718727879203,0.20740541941504556,0.20749251661857937,0.20760858843956068,0.20774532967382187,0.20811031238350225,0.208662933100195,0.20888181358736438,0.2089985340790036,0.20917142770076788,0.2092964248946714,0.20945432582154333,0.20961898755062555,0.20969475225220313,0.2097494055059585,0.20981435939326837,0.20990854912048731,0.20999512404226706,0.21034506015924134,0.21039621165004319,0.21045095711666906,0.21051944937387299,0.2106109882815863,0.21070615906169401,0.21078551820983155,0.21084626331260836,0.21090197188429366,0.210929894069356,0.21097144702668352,0.2109908308567116,0.21103348348967021,0.2111150813144271,0.21114561201827708,0.2111889623725577,0.21119158019669684,0.21123550303265776,0.21122842943356002,0.21121912789948574,0.21121759063870485,0.2112805272302647,0.21130080653691938,0.21133740083493505,0.21135123511039336,0.21137377780106842,0.21145917397704564,0.2114832105580321,0.21150450392168355,0.21152250841566608,0.2115162967437749,0.2116818339435481,0.2116562581263216,0.21167989524047745,0.21178956594754275,0.2118060375430421,0.21184893768744995,0.2118859044458279,0.2119008703654635,0.2119250754180913,0.2118941307298121,0.21189046452040777,0.2119201601380267,0.21197713715797512,0.2119895399824969,0.21199731655856793,0.2120140892314229,0.2120494710451604,0.21209339931266924,0.21209996762503486,0.21212218633951715,0.21213766206466406,0.21217486347831163,0.2121884533145601,0.2122136149038552,0.2122343824034409,0.21224468745075017,0.212265250157798,0.21228930903429394,0.21237304668887422,0.21238405285886985,0.2124032740309347,0.2124131213135706,0.21243296283888588,0.21245548437832218,0.2125077493430734,0.2124897594671403,0.21248610190182668,0.2125006907362692,0.21302174810835858,0.21307071528198637,0.2130645462341917,0.21307846481808582,0.2131122765963158,0.21330702120753828,0.21329669926168432,0.21332349220960914,0.21336154051107772,0.2133860932165534,0.213404966364355,0.21344716713165612,0.2134547496930989,0.21347141096207126,0.2134861775506146,0.21351084346891822,0.21353402753037742,0.2135522072754789,0.21357839738395965,0.21358296914621078,0.21360551132034244,0.21361100132123095,0.21363143197971146,0.2136441267052557,0.2136469497215476,0.21365486716495247,0.2136940576462692,0.21370006331511404,0.21371404689412338,0.2137152714468545,0.21371885414040176,0.2137347595451861,0.21372855550465414,0.21373395472193116,0.21374474164456783,0.2137798255801635,0.2137833991527359,0.21379298812649972,0.21379972990719331,0.21381385365607075,0.2138213188896949,0.21382902648597613,0.21388906936714724,0.2139029095620031,0.21420740905605562,0.21423933031566478,0.2142554395447928,0.2142827206664816,0.21429329017982437,0.21429839628909605,0.21430702946484823,0.2143519761835035,0.2143329154256089,0.21434308861207874,0.21434911912676022,0.21438356726765442,0.21439042500414604,0.21442659093493016,0.21430358172254454,0.21430420109476173,0.2143072614490365,0.21431545860536108,0.21431883209320654,0.21433480418597065,0.21434156075512428,0.21435174435552695,0.21439493920904523,0.21441155900466125,0.21441723532322315,0.21442612255924812,0.21443521266894322,0.21444028217281136,0.21449669846666508,0.21450552703120318,0.21453174939871558,0.2145345942243129,0.21455011421215167,0.21455403637059417,0.21457710934285032,0.2145851178312963,0.21460583415965528,0.2146161951983844,0.21462257552580066,0.21462945419611593,0.21463975605733737,0.21462418430169677,0.21464778109497415,0.2146529615295662,0.21465687261603672,0.2146619688264482,0.21466473042678388,0.21466878184339716,0.21468181807022052,0.2147192886589117,0.21472499698018224,0.21473043322152088,0.2147338055417029,0.2147410398813118,0.21474778763937505,0.21514311601508132,0.21519069211753808,0.21518003086942203,0.21532832062281654,0.21533090867103635,0.2153516647045842,0.21534840584211237,0.21539853382691534,0.21541714896674521,0.21544433788271575,0.21545530941651583,0.2154696486100409,0.2154880040839797,0.2155063737700447,0.21550963561856132,0.2155151104532965,0.21549680520854622,0.21550028297700413,0.21570581396310862,0.21570110963558065,0.21571199542459094,0.21573265125961594,0.21573057066999698,0.21573372280657013,0.21573662775996058,0.2157399587329128,0.21574397135585655,0.21576110587679928,0.21576484955974376,0.21591636422394567,0.2159227846313419,0.2159266850000512,0.2159586619197367,0.21598289276379778,0.2159827597261445,0.21598538397939052,0.2159877869724316,0.21598936434242344,
0.0,0.0,0.0,0.0,0.0,0.0,0.0,0.0,0.0,0.0,0.0,0.0,0.0,0.0,0.0,0.0,0.0,0.0,0.0,0.0,0.0,0.0,0.0,0.0,0.0,0.0,0.0,0.0,0.0,0.0,0.0,0.0,0.0,0.0,0.0,0.0,0.0,0.0,0.0,0.0,0.0,0.0,0.0,0.0,0.0,0.0,0.0,0.0,0.0,0.0,0.0,0.0,0.0,0.0,0.0,0.0,0.0,0.0,0.0,0.0,0.0,0.0,0.0,0.0,0.0,0.0,0.0,0.0,0.0,0.0,0.0,0.0,0.0,0.0,0.0,0.0,0.0,0.0,0.0,0.0,0.0,0.0,0.0,0.0,0.0,0.0,0.0,0.0,0.0,0.0,0.0,0.0,0.0,0.0,0.0,0.0,0.0,0.0,0.0,0.0,0.0,0.0,0.0,0.0,0.0,0.0,0.0,0.0,1.1606100867100066E-5,1.1412013599244877E-5,4.166086208376011E-5,1.3808025723362045E-4,1.3948422868489312E-4,1.3507746732121297E-4,1.351823858246411E-4,1.3219645625989196E-4,3.6743874251574777E-4,4.02109791448368E-4,5.032614311373247E-4,5.457293775612174E-4,5.879319544731502E-4,5.965596522095291E-4,4.959171088440902E-4,5.656071193574321E-4,5.393907756025999E-4,5.257011994430189E-4,5.327439299542636E-4,0.001843978935109392,0.0018397601801178097,0.0020514141061707602,0.0028571897763729486,0.0033794855378131675,0.003266655915709012,0.0035973137470874123,0.003646954113854503,0.003575704998061319,0.00394243469629836,0.0041023590270939485,0.004199507528606096,0.005300011511987245,0.005564536841434672,0.005722022218484714,0.00725441098604032,0.007476072684190529,0.007686421611848205,0.007825851920843532,0.008232208131893128,0.008313933910885118,0.008651724082385404,0.008844709159435358,0.009014553397787844,0.010890760332487445,0.01144088299958934,0.011797334433810945,0.011920312915188793,0.012096695815160971,0.01195380384997233,0.012577686072889,0.012781364222618068,0.01341202919786099,0.013671213623413773,0.015611997194088205,0.015927438679430653,0.016196534685821665,0.016857783447014604,0.01789698776486519,0.019777476192561226,0.019665519351165076,0.020651714365607268,0.02095946571498093,0.021107531293847705,0.021933005795368013,0.022566999627202003,0.02271613631759162,0.023257859517820088,0.02569622600068538,0.02681878017702288,0.027769814679830973,0.02815361851817884,0.028449032129559598,0.028671504475441003,0.029042646212795026,0.030114447542396127,0.03133941212552092,0.03131552129810074,0.031843083153011195,0.03241867835871728,0.03372358351731566,0.033938209795624,0.0356415012116427,0.036503891536453024,0.040551448683962384,0.040860863547058375,0.04250038419456737,0.04440112313278008,0.04526992903441196,0.046069652635134545,0.046740262543981,0.04688018809163014,0.047802468604757765,0.04808369014966823,0.04825996998810981,0.049020014161149345,0.049323499168109894,0.049836543141667244,0.050502960409230684,0.05044108849707587,0.05063141670056113,0.052476771100821926,0.05263487916747191,0.05368276878210289,0.05378269656304433,0.05476900734173102,0.05501004231765363,0.05545761438256497,0.05601899520766427,0.056991500569773305,0.057355296824472754,0.058987566494589236,0.05943218809783393,0.060631694773122406,0.06133752983526247,0.06151283675966218,0.062447647119212454,0.06282678050983324,0.0663685386031932,0.06710435982815062,0.06727230696017585,0.06769957363699648,0.06755500605156776,0.06780304864178759,0.06808173753222715,0.07014333885768582,0.07087006321924609,0.07119863689657809,0.07138253525658939,0.07441623869645778,0.07452173417955593,0.07573299679929768,0.08073263579423978,0.0811568432119817,0.0812595211725983,0.08197667408060519,0.0829541465071675,0.08329358371688063,0.08423667025453835,0.08692252752449058,0.09000351485849026,0.09049288536520007,0.09282067417110658,0.09485844991359607,0.09753501843240489,0.09975956876959158,0.10146055255903125,0.1039562700581173,0.10423604684056834,0.10642924934667387,0.10778461122182367,0.11120958430391611,0.11271711695351802,0.11732998036192682,0.1210402045162331,0.1218050976045496,0.12961173264071282,0.13487563416772405,0.1355626206409943,0.1434802660418557,0.14756848880871037,0.14809792741962563,0.1498777638851583,0.15314674409601509,0.15507945940962709,0.15549479134070396,0.15748704509267558,0.1634382694187483,0.16153877159422295,0.16615003032807796,0.17383456787171916,0.17563329177298123,0.1763642386945878,0.17662587464315255,0.17703117976191626,0.17783593494053593,0.17942970378797893,0.17923924190166673,0.1843337105964404,0.184135262387724,0.18464436099885226,0.18485016847651325,0.18384416856090535,0.1845728655339505,0.1848840437454781,0.1848239888370111,0.1870994633759847,0.19087792138220347,0.19378333335671666,0.19389604881910855,0.19471846946291704,0.1949040989905164,0.19509785802899382,0.19532793729124287,0.19605037341825465,0.19767608181610066,0.19712810493110736,0.1962518938249467,0.19664881899394837,0.19692310884183686,0.19695635017129112,0.197129819797439,0.19728590297243023,0.19782229660535755,0.19790120835709882,0.19810629042228486,0.19910635555784367,0.20138394859948852,0.20161390741464894,0.2017099947930608,0.20194715399445365,0.20209288665615824,0.20226908875329455,0.20337095555898327,0.20338602719500953,0.20403103987536425,0.20407531042072774,0.20451064808328756,0.20570067578896012,0.2056848460539485,0.20851133489087792,0.20876458635421996,0.209169047057822,0.20910213948857342,0.20909510822780636,0.20945485739455647,0.2094444436234488,0.2101631182531046,0.21049094622602735,0.21050728016652656,0.21045241421536617,0.2130185252258545,0.21332459913187934,0.2134929886849954,0.21324000039821986,0.21357182155496648,0.21358458549035564,0.21529492938068764,0.2159018132485858,0.21592988628652857,0.21616598181049831,0.21555997671903063,0.2181416720095305,0.2189959460124886,0.21888442330067318,0.2216323775645796,0.2217816958714401,0.22456539864655312,0.22382933260665028,0.22365561594511044,0.22528324054395646,0.22531853195840496,0.22659283161913496,0.22682073716097584,0.22744650545242637,0.2281535337229639,0.22863478656471767,0.22788950897406363,0.22803553185716513,0.22841975834499112,0.22882854086941323,0.2303995944651989,0.23097457569239976,0.23097017653856647,0.23206872961665137,0.22988715246407473,0.23022198198879124,0.23294972074758383,0.23526826427580794,0.23522436136054525,0.23680074580652333,0.23970993583786404,0.24027967380096535,0.24045844292732885,0.2405541414950106,0.2414567928269142,0.2422488635434098,0.2422693377582685,0.24197615566459604,0.24220625556910128,0.24413958355758458,0.24475387929604875,0.24495419361689275,0.24504653558557993,0.24447107300598678,0.24395723535122607,0.24405093005717568,0.24330069803057056,0.24345400832784594,0.24361303853896804,0.2436186306020103,0.24420901079064317,0.24427955256633535,0.2443869981023667,0.24359518205125788,0.24445137101590786,0.24638568971008434,0.24554951328372776,0.2458466074567952,0.24597798029683354,0.24604721895959966,0.2461896169660916,0.2462473232129385,0.2465329450305994,0.24590748462711787,0.2459054765190805,0.24612772865616034,0.2483504854053573,0.24953247196375525,0.24968930919072096,0.2494509062360241,0.2496194446394631,0.24981969425936104,0.25037726228390045,0.2503063461982643,0.2503662164813014,0.25057075267902784,0.25080857716175453,0.2508938997906701,0.25277508408106186,0.2532129344177275,0.2532605858570697,0.25367424128478444,0.25378891952276555,0.2538774032293513,0.2538693325108038,0.2538363421438905,0.2538952183564379,0.25400195097512007,0.2539781212522383,0.25420736586691145,0.2546691900539018,0.2549972655685309,0.255013202148922,0.255066347055759,0.2551841069634851,0.25532889845613893,0.2556975743642744,0.2557034757074967,0.2562345434617031,0.2562889154113798,0.2562749075990852,0.25980776103350317,0.2603515133692333,0.259813970036256,0.26041721296171,0.2605689807689213,0.26056866176678156,0.2608587472036379,0.2609273343220852,0.2600674457084122,0.2601080241877961,0.26026366477951307,0.2602343612150918,0.2605435783861816,0.26081068889323417,0.26093655664700816,0.26135356657653347,0.2614398445835542,0.2614442519690014,0.2614976570856054,0.25974859108967085,0.25983528459439686,0.259863739445691,0.2602933312564497,0.2603065051631872,0.26029142065638544,0.260307534740527,0.2604887260806493,0.2607079737785646,0.2607208576566954,0.2580320259172857,0.2580985666939631,0.25844118793325344,0.25848321705454175,0.25872806972438406,0.2587751790323214,0.2593200326343468,0.2594275524383343,0.2597736640845151,0.25977485587498933,0.2597788284517687,0.25979995071761497,0.2598296947581859,0.2598300813999466,0.25997243986899093,0.26008574810754803,0.2586935705133274,0.2587093713409419,0.2588110496776726,0.25889592731896227,0.25876972961601086,0.2592315489860243,
0.0,0.0,0.0,0.0,0.0,0.0,0.0,0.0,0.0,0.0,0.0,0.0,0.0,0.0,0.0,0.0,0.0,0.0,0.0,0.0,0.0,0.0,0.0,0.0,0.0,0.0,0.0,0.0,0.0,0.0,0.0,0.0,0.0,0.0,0.0,0.0,0.0,0.0,0.0,0.0,0.0,0.0,0.0,0.0,0.0,0.0,0.0,0.0,0.0,0.0,0.0,0.0,0.0,0.0,0.0,0.0,0.0,0.0,0.0,0.0,0.0,0.0,0.0,0.0,0.0,0.0,0.0,0.0,0.0,0.0,0.0,0.0,0.0,0.0,0.0,0.0,0.0,0.0,0.0,0.0,0.0,0.0,0.0,0.0,0.0,1.9765875069469846E-6,0.0,0.0,0.0,2.9997581365836466E-6,3.4215477036740476E-5,1.251704006213055E-4,1.8051061426800014E-4,9.055473498723295E-4,0.0013286666483161055,0.0015223982131653175,0.001774790864347105,0.0024003777068120056,0.002722109004853145,0.002722280306911702,0.0027826459584706386,0.002850649950294486,0.002942744430755727,0.0035529128261840943,0.0035919789531367206,0.0036096991269589382,0.0035340544182826854,0.00365333185369177,0.004418195922286429,0.004995675452493133,0.005096611758092543,0.005419372824171127,0.005459830797080371,0.00540243911871472,0.0054668946395830115,0.005959242538313356,0.005857992662371967,0.007692547979457295,0.007641944633968197,0.007961994160303973,0.008083865036900966,0.00957838973880954,0.0104062873305583,0.010673022244686092,0.012374279022860937,0.01220910235441739,0.01269801786411794,0.012610416741852587,0.012714478507398215,0.013718890580096826,0.01209729996245659,0.012233532486097761,0.01218776017399869,0.012278138000672992,0.012659867613612768,0.013918095626030517,0.014384918931740265,0.015947421116077047,0.015736663823316743,0.015749840575132935,0.015464623903881859,0.015788070671579175,0.016266579355330133,0.016611903556136207,0.016930386162405817,0.01767454055868324,0.021643367738274816,0.021128196732476585,0.02454643825024571,0.027119152270744223,0.028831757343389094,0.028569168946953664,0.028806824358498514,0.029018801825655,0.029916569351888887,0.030799687990957555,0.03172549594027608,0.032991370261614326,0.03486123719709749,0.03519388514233746,0.036355063226557266,0.037639086784368836,0.037826441794260535,0.03870464075257222,0.0395921645095882,0.03884634943309067,0.039844472329598375,0.046864136789420176,0.04748554912224721,0.04796658774914796,0.048818941103931424,0.04997583510898605,0.05070382970854507,0.05119068338676387,0.0517922666351155,0.05332026087708803,0.05031337848758994,0.0524078295154102,0.0524052179432239,0.05505420097252491,0.05641150986837665,0.05791326248315751,0.05838257582896216,0.05976784085911904,0.06107300029750527,0.061667054662163136,0.06377058264751764,0.06430133397157842,0.06457546223205517,0.06608064438438097,0.06704405581603815,0.06728298319220832,0.06930097020982559,0.07027432705380927,0.06971113538119783,0.07084334752182264,0.07114216713427234,0.07160870338259606,0.07200895550537784,0.07354958882075445,0.07449095137124061,0.07427119985095883,0.07821920999916526,0.0784845083398295,0.0786275611464375,0.07999789104798465,0.0826255176778523,0.08337613337902068,0.0843554957231281,0.08446966660221328,0.08507709157723724,0.08538728885111506,0.08548649986678188,0.08600791251860207,0.08706548156805022,0.08715698217969078,0.08746844407024659,0.08716931128346025,0.08758012658740504,0.08951629701723467,0.09136924326753602,0.09105415598119518,0.09112158148256774,0.09278732382170025,0.0940321689846528,0.09465983519450047,0.09513302692386039,0.09606794033472915,0.09619484450843203,0.09621167822354224,0.09734966871302386,0.09771716638379788,0.0974835607772732,0.09859808002077244,0.09942695657533346,0.10061771963148013,0.10093152167371669,0.10229057867970219,0.10284626685317283,0.10355610297592663,0.10403482036745532,0.1045002119371284,0.10495125410268707,0.10521721657136453,0.10561429527206274,0.10568574326129272,0.10587021386791402,0.10653677014621508,0.10734317311492061,0.10924052169987687,0.10950801048784066,0.10938862248175123,0.10954149164397964,0.1109486561083298,0.11109032020410245,0.11174188262517701,0.11195380148125963,0.11191284987537806,0.11215940522789179,0.1121825962865571,0.11236474256957395,0.11226201006955841,0.11240464137992029,0.11467039854945434,0.11483960704050375,0.11569212435343539,0.11584725210282641,0.11616851282232636,0.11520006374049811,0.11534400499893853,0.11706633139327055,0.11723892008307184,0.11852014509469919,0.11940546867786722,0.11944995639694245,0.1203195412782591,0.12135593432093096,0.12174931174637241,0.1226983431404776,0.12324197880703529,0.12394696005236018,0.12512358949208643,0.1256297992086612,0.12529261608728529,0.12506815680090588,0.1261186764352479,0.12641752492058256,0.1268976175435066,0.1270620709954963,0.12762458764727924,0.12784873857271117,0.1280173403264824,0.12838576571304747,0.12836133027590857,0.12914052790888422,0.1293819754619321,0.13027774548434298,0.13108238512087678,0.13293706323134535,0.1329835366529844,0.13396771091130072,0.13449971612897998,0.1353219736754592,0.13626921363565117,0.13666366475899697,0.13739109776465527,0.1389515372791525,0.13855636363921423,0.13900802689091282,0.1391086936491263,0.13898574419164403,0.1400497278181284,0.14084285853716919,0.158196995640071,0.1586172445101277,0.16018183923183202,0.16017696290094266,0.16456954176216926,0.16543729214627664,0.16596510958077215,0.16751738928548998,0.16909477557956598,0.16940251117813013,0.1699590100231673,0.17020819228706197,0.17101342224706687,0.17281931516195043,0.17315054280133335,0.17578945989264858,0.17643924155289645,0.17708368677260172,0.17631065354141034,0.17746109224556073,0.17748713464915522,0.1815257981852431,0.1851835089834901,0.18683475390364576,0.18618794029714972,0.18743640102497133,0.18950388689866196,0.18952991599791585,0.18987211493671508,0.19082682554091907,0.19196814128620743,0.19256597999992295,0.19266875348211002,0.19712612048736355,0.19723448249947195,0.19774676036190303,0.19843643940149341,0.19939435967409305,0.19959371767813497,0.19978501852204913,0.20117658936733293,0.20151385772893285,0.2018112932861849,0.20217752337197684,0.20217798219151698,0.20335926997521372,0.20422819963473982,0.20471785365914905,0.20466202933545147,0.2050598783340357,0.20539867392574074,0.20547835605296777,0.20481640184006442,0.20478908030092768,0.20591588876263847,0.20592009118957474,0.20656550945117733,0.20651434303670607,0.20647467392107424,0.20641946517749754,0.2064908947624738,0.2070394413072248,0.20782430156964848,0.20781534115927194,0.2076666362298639,0.20847299448736137,0.2084905534569682,0.20919078815308428,0.2108943403546429,0.21259117086730828,0.21263412684803967,0.2127990605950433,0.21298796043069282,0.21300912256665938,0.21324536100131594,0.2133233971947352,0.21331724621699116,0.2133107888157109,0.21394055387873245,0.2134402073878412,0.2134485732315491,0.21416904433576,0.21425369906778421,0.21457124064581803,0.21448700351368338,0.21504632553298272,0.21681957619438846,0.2168556926352812,0.2182032733526725,0.2184960173581337,0.2193230425553952,0.21974551099379175,0.22113301843713937,0.22129504729429597,0.22131753222954845,0.22161459500104486,0.22157310996772647,0.22155639812191277,0.22186369485036808,0.2218539521572984,0.22173698744705925,0.2226385135778032,0.2252820656878514,0.22522396966407068,0.2258475555634414,0.22909916043502382,0.22923225952319026,0.22950274718586852,0.22937043001048635,0.22938103612357832,0.22943527685298606,0.22962948357997945,0.23018775317798665,0.23019617432996103,0.2333576844482378,0.23331451198826725,0.23454933309230355,0.23462616042846873,0.23478313434679096,0.23577453629246192,0.23670527155379337,0.23688771319456692,0.23925931356929034,0.2393484448005321,0.23994234367126568,0.24018314676656344,0.24059402374599695,0.23959895516469804,0.23985890704739893,0.24020246087909425,0.24041775480829133,0.24034748042039572,0.24123781520928736,0.2415131061193323,0.24113325791171342,0.24140493157493154,0.24183888052284055,0.2418404020683223,0.24183930999736372,0.24217148848835263,0.2427408593089687,0.24303161859102526,0.2421578147291038,0.24248973913595223,0.24260646217520299,0.242822204865026,0.2430888399113232,0.24363238937048431,0.24376774894289432,0.2438417126061786,0.24383271670043163,0.24403796298808894,0.24404284971847073,0.24413244854995483,0.2442576148378208,0.24444888339233856,0.24446021391894943,0.24450128658923095,0.24477345776875947,0.2469106563292093,0.24794889989465282,0.24792039740629174,0.24798517084660343,0.248102817346806,0.24919933527632712,0.24954602471604653,0.24954545326209843,0.24974445928722486,0.24969077614869312,0.24992208190704548,0.25101689942351024,0.2511655228342625,0.2512590748552765,0.2517394266868699,0.2517519942923291,0.2533647184208532,0.25352953839260123,0.2536395930590743,0.25361345635118615,0.2538492958940879,0.2538635949963769,0.2539124162072572,0.2543238883465073,0.25433226402335796,0.25675613278829595,0.2567631504814516,0.25796776523771026,
0.0,0.0,0.0,0.0,0.0,0.0,0.0,0.0,0.0,0.0,0.0,0.0,0.0,0.0,0.0,0.0,0.0,0.0,0.0,0.0,0.0,0.0,0.0,0.0,0.0,0.0,0.0,0.0,0.0,0.0,0.0,0.0,0.0,0.0,0.0,0.0,0.0,0.0,0.0,0.0,0.0,0.0,0.0,0.0,0.0,0.0,0.0,0.0,0.0,0.0,0.0,0.0,0.0,0.0,0.0,0.0,0.0,0.0,0.0,0.0,0.0,0.0,0.0,0.0,0.0,0.0,0.0,0.0,0.0,0.0,0.0,0.0,0.0,0.0,0.0,0.0,0.0,0.0,0.0,0.0,0.0,0.0,0.0,0.0,0.0,0.0,0.0,0.0,0.0,0.0,0.0,0.0,5.1028461781475925E-5,5.1028461781475925E-5,1.6717412086554307E-4,1.7032750256899584E-4,1.4239927598275228E-4,2.774942628728872E-4,4.2593934317685105E-4,0.0012146342577240403,0.001218360748609768,0.0012202641676889781,0.0012199865584002535,0.0013926214494852252,0.0013547346308922788,0.0014579079754973513,0.0014738100132592668,0.0017157967537106138,0.0018733410028366857,0.001984046442376455,0.002072864215389604,0.002280789302543324,0.0024259073752441723,0.0025298109045047883,0.0025380987957239025,0.0025497716660915926,0.002346207453237368,0.0024168562774652944,0.0024916111316947115,0.002781284928160082,0.002819874501103969,0.0029550398980224607,0.003088692665904891,0.003190390735297977,0.0033546885429285417,0.00348517871054646,0.004215535694983186,0.004251286854970312,0.004871768374261183,0.005033562848883278,0.004844390135896382,0.0049831127126678,0.005200336052611762,0.005400447390501224,0.006060760814959079,0.006093577908311669,0.006155108055265995,0.006259946233554528,0.006181736697549635,0.006103876114739174,0.0069505151999437985,0.007141557236044734,0.007216735360643922,0.008344350778260639,0.008444655787050026,0.007985277337870118,0.008665360213188308,0.00887021016253274,0.008632085231375264,0.008483262429213097,0.009612704505238627,0.009556263548874464,0.009606667901996406,0.009934561254194047,0.012531586966671877,0.013166640918154669,0.013907090092320709,0.01614738926815836,0.016016501497913067,0.015620347564013691,0.015823978354177513,0.019852247013332453,0.02132966125528304,0.023692877924059705,0.02499729287895214,0.025101599411443454,0.025989406576902407,0.02787048883700677,0.029457554267051506,0.03061595369540326,0.03038290417532012,0.030429867607734654,0.03272879725228854,0.03349817429225156,0.03529189012980607,0.03658131099941824,0.03705745315996014,0.037184073299720254,0.03840422095365167,0.0404716855349573,0.040560968856680896,0.041366945626288745,0.04189077517511941,0.041895437662243386,0.04286698320567301,0.04297111553727779,0.0432305864364909,0.04285782364892742,0.0435836108182513,0.043919193016593215,0.04403984834860073,0.044178209415120795,0.045836555818147134,0.04663049504075334,0.046091397957746756,0.04712187535426163,0.04708470978135483,0.05040427186616444,0.0521591735607784,0.05395061436974218,0.05483416156885504,0.05481660298280842,0.05498422901745053,0.05674987161631725,0.058024359223753395,0.058510179110010364,0.06000475300158922,0.06008762355563805,0.0613130919014424,0.062393102732159235,0.06622646652011473,0.06596780078364307,0.06709708823881987,0.06676193435249995,0.06879165403679562,0.0712862946597802,0.07163138884112315,0.07458873634529029,0.07577499825797077,0.07668921933109084,0.07816937734132448,0.07906924399312913,0.0794110937821388,0.08254094308025862,0.08309152586062875,0.0845268067240207,0.08490476514891229,0.08557252239135191,0.08576790903855674,0.08626299605420473,0.08786391321407702,0.08818414913567175,0.08826655940010918,0.08908999076115841,0.08966041059994373,0.08951305423793428,0.09163500691587506,0.0914572018671471,0.09179845489439786,0.09441345478168374,0.09749108465604103,0.09801756523399535,0.09883528356010861,0.10158160447431654,0.10428719931892527,0.10692549907180003,0.10756943546607946,0.11232976859964702,0.112666588567306,0.11936344535412555,0.1228273972318391,0.1231825690974366,0.1270174055949481,0.13290879511729717,0.13466154996877622,0.15617656360058127,0.15737137556892833,0.159815453384714,0.16332526660030847,0.1682919507854854,0.18631132123484312,0.195070848175754,0.1991109905606388,0.2010929117188897,0.20053158040006838,0.20166621753411818,0.20469956749626564,0.2089820880721022,0.2095233306214028,0.20765228732091257,0.20946164788405894,0.2112792123670203,0.2119393467005206,0.21251606277629176,0.21293606398578152,0.21381585548090287,0.21421247520276382,0.2141424978887943,0.2168348886304074,0.21694069894249784,0.2178500098565515,0.21840573179741424,0.21743703679527662,0.21755568751908708,0.21879041727968362,0.22282565730867013,0.22284008402844893,0.22401879933190302,0.22502212378655465,0.22504890516419968,0.22435482872522175,0.22460990526238236,0.2253855986748167,0.22562004850768996,0.2259742892280839,0.22591779778155657,0.22593640512764196,0.22743992259646992,0.228347244184605,0.2317726242103896,0.23218094921237953,0.23244828520006094,0.23305326292891212,0.2334057149998966,0.2334299160806936,0.23368140805695983,0.2341864272766003,0.23446417843213618,0.2344889403930965,0.23456562446907403,0.23469269061558945,0.23474210568486492,0.2348129434390427,0.23503388721803375,0.23576997160098312,0.23555906506912566,0.2366101738077333,0.23679182492296058,0.23656478100255915,0.23540830513185973,0.23628892643463356,0.2364190407620809,0.23708861956559213,0.23729135732154877,0.23740746703399124,0.23825461410405407,0.23855479731836277,0.23881183224472194,0.23898913434648172,0.2396471430543295,0.23993162630313924,0.24081942328217204,0.2409301958820631,0.24072927180741605,0.2406958075881184,0.2414130772166346,0.241358232833761,0.2415715441061137,0.24415844681747842,0.244383169884333,0.24449682915510104,0.24552098869558237,0.24573183173640478,0.24569596953942693,0.2456077757899057,0.24589030123039726,0.24580447002734254,0.24582809940635067,0.2455999798727345,0.24696893770279968,0.24697316336833725,0.24712700081277397,0.2461880293567527,0.24667401878181225,0.2467884931624112,0.24684376100949343,0.2468626761882576,0.24708038536099233,0.24712887585100907,0.24674739982659843,0.24665722342101776,0.24663238133970916,0.24593988357995009,0.24775644194306853,0.24788274337193378,0.2479742653216701,0.2480951210390025,0.24841271228089445,0.24871715600392133,0.24991644711195132,0.24986702964221041,0.2505509675879695,0.2505603483501094,0.2506033977820317,0.2508442127331853,0.2511831760564954,0.2505530420030469,0.25071102655551797,0.25090265965973635,0.251140452337344,0.25114653840120477,0.25000517014960916,0.2500305977546996,0.25011491122827517,0.25078438665333236,0.25088500566314575,0.25120239786137866,0.2512699451077103,0.25151888622696555,0.25155264753181933,0.25158979505570955,0.2513767027385518,0.2515083457668672,0.2515141483687709,0.25150682192985474,0.2516863402100987,0.25174377231037454,0.25198110526199297,0.25198322771552956,0.2519685522415579,0.25229232926856393,0.2523362924311908,0.25238299044169515,0.25249369477298056,0.25247442985642415,0.25248190619677485,0.2523199288457655,0.2522308126383945,0.2522545305396823,0.2523625965968492,0.25242568809631954,0.25243358862131937,0.2526751227828779,0.25282160698958345,0.25295960463683437,0.25308260405989313,0.2532832531040257,0.25333393823160394,0.25336666536367447,0.25363964975868186,0.25372758467573714,0.2539108398211738,0.2539110955635358,0.25398930186417895,0.2540832941757234,0.2541300432293308,0.25684335424130383,0.25696464499508387,0.2570716923020194,0.25709082322716054,0.2570773531720085,0.2572320953671618,0.2572278037783014,0.25725130512175554,0.25777967908563937,0.2578503615537239,0.2578394404208579,0.25874454691661436,0.2587515575899013,0.25879615004101236,0.25902463367519324,0.25901939185853545,0.2590754382446421,0.2590579156481931,0.25909208647608106,0.2590763216914304,0.25937027227697423,0.2593551580397371,0.25942096125298814,0.2593648540124422,0.259370191067799,0.259063329150801,0.2594742053559847,0.25945786249140784,0.2597468544906492,0.2597691494094326,0.2597989957551103,0.25989289076330024,0.25956145516118767,0.259981261198337,0.2599344757236967,0.2599595283055307,0.25997830144718675,0.25996893998267206,0.26000604299581126,0.26003014861300466,0.26014373364751425,0.25941774253997985,0.25954734614314373,0.2595525735138338,0.25946023678335756,0.2594703166874736,0.2597284503660923,0.25972908799393646,0.2597175884143563,0.2597581624293944,0.26029169551089854,0.26043026844103573,0.26055529201988303,0.2607354161285625,0.26080723859043353,0.2609370532947069,0.2609039340916359,0.2610839566366372,0.2610250175614114,0.26107683433772816,0.2611069501435783,0.2612969246173969,0.26299852817062336,0.2630851783732194,0.2630705656843236,0.26310899796350173,0.26319438768757575,0.2633214104919228,0.2634014736557958,0.2634787038464345,0.26352670082724694,0.263570419464219,0.2636209287587695,0.2636017514648753,
0.0,0.0,0.0,0.0,0.0,0.0,0.0,0.0,0.0,0.0,0.0,0.0,0.0,0.0,0.0,0.0,0.0,0.0,0.0,0.0,0.0,0.0,0.0,0.0,0.0,0.0,0.0,0.0,0.0,0.0,0.0,0.0,0.0,0.0,0.0,0.0,0.0,0.0,0.0,0.0,0.0,0.0,0.0,0.0,0.0,0.0,0.0,0.0,0.0,0.0,0.0,0.0,0.0,0.0,0.0,0.0,0.0,0.0,0.0,0.0,0.0,0.0,0.0,0.0,0.0,0.0,0.0,0.0,0.0,0.0,0.0,0.0,0.0,0.0,0.0,0.0,0.0,0.0,0.0,0.0,0.0,0.0,0.0,0.0,0.0,0.0,0.0,0.0,0.0,0.0,0.0,0.0,0.0,0.0,0.0,0.0,0.0,0.0,0.0,0.0,0.0,0.0,0.0,0.0,0.0,0.0,0.0,1.4087137571943396E-4,1.4087137571943396E-4,1.4087137571943396E-4,1.4087137571943396E-4,2.037113609550196E-4,1.5803926702643738E-4,1.5925393417394278E-4,1.5925393417394278E-4,2.297558315661528E-4,2.4520472499449126E-4,3.8841040838377043E-4,3.9568459398855207E-4,4.791927565002722E-4,4.25631482473149E-4,5.909801514260868E-4,7.146869552081997E-4,7.426831955619757E-4,9.08784572273448E-4,0.002887466364246261,0.0028860261640275553,0.0033434863992797773,0.003343566589254304,0.00340007947600529,0.003377680261524384,0.003621595525711482,0.00380040146518725,0.003938514687404751,0.004153538901223669,0.0038703331434555024,0.004062989626353978,0.0043874581566449135,0.004494837986254627,0.004610892347666052,0.004742275908906227,0.0060342893011336085,0.006328571108115661,0.006808505966754426,0.007704449871537836,0.007815043958228848,0.00851502292638264,0.010995420641134193,0.012193611715214934,0.01248867484578131,0.013730368949121413,0.014999096487717689,0.016743979932364626,0.01719401869616776,0.01853944727891248,0.018498861285898408,0.01785697777703733,0.01964511719624329,0.023038874866586057,0.024073327145303903,0.02555752840748823,0.028596911601554257,0.029987549621268095,0.03100360858065343,0.032634211746270236,0.03408859369081604,0.0347443297404245,0.03566436162865731,0.03901703112868515,0.03925580091220498,0.04372127767832376,0.04811205265586307,0.054968590704602416,0.054979353497543314,0.05628933329070089,0.055675301919407956,0.0578821496631971,0.06141912082176265,0.06311500010389111,0.0645245515953622,0.06580809432955613,0.07045842612450381,0.07191686629687659,0.07276972603034075,0.07559457484722314,0.07554107334561477,0.07628046708370328,0.07645580624294357,0.07716897338325804,0.07831857661027801,0.08011084773334233,0.08050201295608735,0.08101602381710497,0.08225786248386145,0.0826444240946504,0.08591203792983913,0.08612946705083137,0.08712210921898465,0.08722040892555528,0.08730079734631384,0.08894774603574386,0.08938225748203263,0.08921262410454879,0.08994539589388557,0.09023719457747957,0.09046454713636233,0.09071345582279683,0.0917409621638085,0.09024024910797748,0.08988635143176005,0.08761082601174934,0.08851526838506438,0.08902522544525168,0.09068619724860033,0.09128806246590462,0.09120066568946326,0.09192922270010291,0.09224753878390501,0.09262065859424631,0.09327796538754089,0.09331097842540408,0.09409742723798237,0.09356964549528868,0.09425144304666867,0.09433599645292043,0.09433507605768726,0.09598817594374023,0.09710855250076397,0.09795609690253997,0.09846235996995986,0.09793754498001025,0.09929192917343149,0.09978308133064916,0.10182005683228773,0.10288687124871927,0.10282969967474946,0.10382815028575776,0.1068385266891397,0.11194308803954861,0.11270954649553663,0.11325485914343394,0.1155710942594673,0.1165034686682235,0.11709279337304335,0.11819895888414199,0.11893468941054185,0.11964749762588685,0.12061062209484813,0.12264581937237574,0.12338373532610801,0.12361164014032575,0.12368909296102112,0.12433305238538925,0.125138412769981,0.1252411303529173,0.12554409620145218,0.12539575562820968,0.12605792573812097,0.12789655752516824,0.12993193120338983,0.1307797180150574,0.13224880001282172,0.13245239538441558,0.13292825590858645,0.13358205246234237,0.1336911989198505,0.13431744567230147,0.13462537258635912,0.13527504688859673,0.13554581161276874,0.1356445613427538,0.13809245464552075,0.13946837447786348,0.14029905103063461,0.14093174797326055,0.14201860871698518,0.143275078805277,0.1433858782467946,0.1440527249527759,0.14448915377409804,0.1462861642217796,0.14675508800086,0.14682776800953087,0.14752172344970557,0.14751892279448453,0.14824831125714655,0.1559480085678445,0.15776617692489364,0.15788167370953565,0.15880700222891897,0.16045204366895535,0.16195879355366377,0.16222443049141647,0.1628000340665438,0.16375259073199566,0.16400269262151662,0.1652946344705127,0.16776232442905148,0.1676724421729967,0.16810153758429752,0.1690397824005634,0.17022467500151156,0.17155132146151036,0.17167965779827402,0.1715321253558697,0.1704960297527163,0.17089492984643392,0.1737872877049259,0.17422144292005148,0.17464184746553565,0.1747345110973045,0.17453986850966416,0.17600131607679942,0.17623912198955172,0.17689666576755922,0.17711033454674804,0.17734820465162968,0.1780313965543891,0.17827433631296402,0.17830673697720922,0.1784039485756284,0.17855633509141403,0.17807492461706745,0.18025315279984572,0.17942105874016348,0.18031117658395562,0.18356997324900035,0.18438022500661574,0.18703595408828197,0.1871764527258803,0.18775312449618867,0.18827905443752013,0.18813162326799898,0.18899041839396363,0.18931296214069007,0.18979737227674032,0.19010983118460295,0.1901933388603953,0.19001632555082842,0.18999958586447305,0.1937034920132593,0.19404265718209676,0.19248023340374848,0.19444014057637324,0.19482412450467157,0.1948317351347507,0.19487155505911774,0.19487479186969686,0.19500592095929214,0.19632665085858217,0.19639778336315936,0.19682470479702535,0.19689038819507,0.19775363064221455,0.20362852964928865,0.20767257167433223,0.20736157383821852,0.20727844966200137,0.20729623617160436,0.20723335323069342,0.20845200654178034,0.20940706265953127,0.20944128349907182,0.2102058143106324,0.21088977944853646,0.21101711160900496,0.2112485718435067,0.2184196531411992,0.21891836224578579,0.21977933883517708,0.2202841718506777,0.22105577404340437,0.22162393439323902,0.22731442098740767,0.22805248799908667,0.22844634598090519,0.23102630176135217,0.23156712006594,0.2325887582667722,0.23272448066975757,0.23357560176716627,0.23348181586335798,0.23424790237262758,0.23516652025275434,0.23387233234422827,0.23411423883148663,0.2342475531854424,0.2348871118531019,0.235536101483958,0.23575842222044063,0.2359177229400293,0.23601389775982923,0.23635183880330224,0.2363154671820647,0.23642911202878392,0.23657949719355403,0.23748445260967824,0.23858811499150684,0.23944635072685166,0.24021571042159817,0.2402286418173673,0.2405900269404746,0.24125188266409514,0.24127324820471543,0.24138659009431507,0.2416142974275378,0.24170063109069845,0.24173652813341606,0.24213012215026966,0.24369309557046004,0.24455783751139862,0.24314210734705938,0.24302054008387536,0.24342534966948567,0.24384723278680323,0.24396257640870495,0.24734157932412956,0.2474339857986944,0.24800186147909506,0.24798918087671684,0.24838227894563594,0.24859555789093532,0.24856126499464673,0.24956408000104935,0.2492404171693954,0.249174261992974,0.24920911189406766,0.249224564297569,0.2495027875938029,0.2514975573290687,0.25142063504990675,0.25139046265914766,0.25177679934779695,0.2519285014592861,0.2542592467986759,0.25443689917346646,0.2549001526970346,0.2551460801326028,0.2553896298085704,0.2554677665465726,0.2556303856324676,0.25555591291659374,0.2561858685520655,0.26006308041893605,0.2603889810755492,0.2604207246584529,0.25962897773094085,0.259891815739259,0.2599970895739169,0.2606378621607745,0.26065239803695883,0.26119971156148997,0.2613435690023885,0.26137605090484417,0.26136619153454255,0.2597159194677404,0.25983376371965533,0.2599558045650076,0.26004006053846945,0.2600236994972404,0.2600429524791683,0.2601219668209863,0.2602391056327874,0.26021325375739784,0.26034786502040486,0.26044195643170504,0.2605167474642721,0.2610102428139285,0.26008685404795334,0.26017135776893646,0.26020653771160795,0.2602065697940272,0.2602584491367765,0.2606973399624091,0.26051130776389675,0.26045702664351583,0.25942140720328044,0.25957178144586013,0.25960940261661297,0.2598150828816513,0.25993100811138753,0.2619480285561731,0.2620175198741671,0.26224060322034903,0.2624803230273308,0.26248377575094833,0.2627174356350025,0.2627778744609143,0.26284407402532783,0.2628741244927213,0.2628484311783675,0.2628718547020023,0.26339626013265943,0.26338595280232685,0.26339186477307125,0.2633455333622101,0.26319096252600044,0.26312289199524624,0.263303748571886,0.2631712569947725,
