0.488231785362586 0.364036727463827
0.397254708921537 0.543996758759022
0.879631130490452 0.22338938806206
0.256357855163515 0.810615281807259
0.607174244476482 0.299810023745522
0.931960557820275 0.164969169301912
0.961614471161738 0.0381162406411022
0.655121497111395 0.269200385082513
0.143222455168143 0.900612770346925
0.595959817524999 0.307133732363582
0.287061868683456 0.796842468431887
0.285810239397666 0.797403922338372
0.305143981318755 0.788724376522971
0.391703335161355 0.749806103831251
0.378368183291163 0.755811541244678
0.388914407869585 0.751062075748094
0.390346732589754 0.75041752111289
0.381920067066089 0.754212880537003
0.300573912009016 0.790779337744855
0.27884451999612 0.800530443807274
0.323369474274888 0.780540547538062
0.325721110270291 0.779486112665875
0.356851645904553 0.765490830670365
0.289328848697613 0.795822794189859
0.322226291801122 0.781056400360977
0.281622158060957 0.799281641209448
0.290346121704698 0.795366032518479
0.281896946716449 0.79915780929095
0.28922444121505 0.795869532217619
0.283945617176708 0.798241123760245
0.322697185582225 0.780844637741549
0.321626605500595 0.781322079172644
0.28595010038198 0.797341273605747
0.281830445848649 0.799187659936079
0.279334238900677 0.80030947601798
0.271919601498898 0.803635667725572
0.279014374907238 0.800452880582327
0.32388107468027 0.780310487497407
0.301038782787305 0.790566614660715
0.273008369600222 0.803147073301031
0.271178744847838 0.8039676896659
0.322697185582225 0.780844637741549
0.272210849694159 0.803504670931921
0.274130610716881 0.802644107203988
0.278660999053561 0.800611311058055
0.274130610716881 0.802644107203988
0.273008369600222 0.803147073301031
0.273518847412835 0.802918168218146
0.309927433995817 0.786579271339919
0.324058845281357 0.780230881001507
0.307336449742265 0.787739204825173
0.395421123297577 0.748130424809641
0.271178744847838 0.8039676896659
0.273027539724061 0.803138473401959
0.333169002328133 0.77614111859237
0.271777571924628 0.803699075565156
0.289283117765965 0.795844500949171
0.324058845281357 0.780230881001507
0.274171428338437 0.802625439993052
0.296433339011569 0.792635217763669
0.324058845281357 0.780230881001507
0.274171428338437 0.802625439993052
0.271777571924628 0.803699075565156
0.287167035079933 0.796793137964038
0.278784968759538 0.800555692586502
0.289626415905543 0.795690364093133
0.272235878638655 0.803493536867775
0.35097990223644 0.768136018822943
0.328205258543298 0.778367929410117
0.274114685797721 0.802650889283139
0.271517091238269 0.803815861543246
0.296044413763583 0.792810804101554
0.278784968759538 0.800555692586502
0.274114685797721 0.802650889283139
0.352661207666394 0.767380512998385
0.290103330132198 0.795477006111565
0.272265563339577 0.803480347714521
0.272235878638655 0.803493536867775
0.35097990223644 0.768136018822943
0.349594506891853 0.768756255562094
0.266806858390857 0.805928827074783
0.397171676918077 0.747344518452734
0.277025798300262 0.801344412176545
0.266931062542425 0.805873107035158
0.271559355908935 0.803796906507306
0.305889245274434 0.788390813609972
0.344583551559904 0.771009961345998
0.271517091238269 0.803815861543246
0.286062838830041 0.797288802298423
0.325072794072002 0.779776439954307
0.273946270536307 0.802726436947756
0.269637237059674 0.80465912232561
0.300724223410759 0.790710208294596
0.35097990223644 0.768136018822943
0.270901179080707 0.804092202421361
0.274942298758486 0.802278653680554
0.264084548056306 0.807149744435875
0.283977391615293 0.798225232973685
0.308317969103606 0.787298407795334
0.273927713109809 0.80273378690741
0.268726215836457 0.805067761578016
0.300724223410759 0.790710208294596
0.269284424836552 0.804817411862674
0.285640704688372 0.797479375242826
0.335423687124764 0.775125186987418
0.291543389976389 0.794829330627016
0.287062096138503 0.796841078793012
0.287482215826325 0.796652684861641
0.291543389976389 0.794829330627016
0.396737490685564 0.747540080227884
0.268726215836457 0.805067761578016
0.269291299269773 0.804814249503735
0.277025798300262 0.801344412176545
0.273091211744828 0.80310914604046
0.28265822246321 0.798817950375991
0.274205925355244 0.802609026607495
0.296078148139659 0.792793405906468
0.319946273771801 0.78207715845178
0.273091211744828 0.80310914604046
0.309934493812047 0.786573156556726
0.33044144549873 0.777365208310898
0.264649598472134 0.806896326169202
0.283032692878929 0.798648994896279
0.266899057028828 0.805887525453674
0.297240742456677 0.792272718078306
0.277025798300262 0.801344412176545
0.266676844394092 0.805987141763973
0.28219127974337 0.799025778694303
0.264084548056306 0.807149744435875
0.269160407567156 0.804873080944428
0.267520661880291 0.8056086303824
0.282977405761282 0.798673659875871
0.331493537830239 0.77689223929559
0.279416341603472 0.800271544338876
0.303760552894946 0.78934572870564
0.270932277979289 0.804077801100061
0.270639821656145 0.8042094938921
0.296074985922616 0.792794825248985
0.27512857815319 0.802195079943671
0.268325432763669 0.80524718964937
0.285417956964069 0.797577817867782
0.296396022483508 0.792651140558508
0.26963760788406 0.804658996781111
0.282939835080685 0.798692461494287
0.295640253596007 0.792989982811398
0.330633029283161 0.777279538926004
0.267364799238393 0.805678567638698
0.353200040919449 0.767133781672699
0.264075350801562 0.807153856793226
0.271685760260729 0.803740417453605
0.269660768590332 0.804648614933835
0.278162479142801 0.800833498640166
0.279416341603472 0.800271544338876
0.268303537438224 0.805257039392471
0.324670837526636 0.779957320892999
0.27942188142954 0.800269059540171
0.324472552497965 0.780046072532118
0.285417956964069 0.797577817867782
0.311892305856018 0.785698751399137
0.270639821656145 0.8042094938921
0.336790014389528 0.774511651178028
0.331029045183622 0.777101201652838
0.286204359342428 0.79722534405977
0.295640253596007 0.792989982811398
0.262625740464219 0.807804043323652
0.338784028427045 0.773615441359821
0.282741269173707 0.798780178118513
0.269620915513963 0.804666478182512
0.273430598401496 0.802956863702768
0.337644251620353 0.774127730047548
0.267785306285506 0.805489971793433
0.343987142953964 0.771278710981798
0.31386994252662 0.78480710257813
0.296210977220393 0.79273426288352
0.264030222599382 0.807174097255445
0.272768082751412 0.803254719521124
0.276329288508048 0.801656484148817
0.286204359342428 0.79722534405977
0.286439692350455 0.797119739628832
0.282417600839802 0.79892537940343
0.303760552894946 0.78934572870564
0.339557020299007 0.773268011503975
0.271483695773675 0.803830910631802
0.276360952067357 0.801642193206355
0.284113395667799 0.798163738767108
0.304746674696332 0.788902935858737
0.337644251620353 0.774127730047548
0.269160385341903 0.804873140828564
0.263253677255777 0.807522410965175
0.272237382828784 0.803493078974194
0.274510137857968 0.802473165900547
0.326969281326089 0.778925452535845
0.280058380522009 0.79998338143525
0.299190370481157 0.791397135882246
0.264649598472134 0.806896326169202
0.301804313569978 0.790223500369936
0.336205539691367 0.774775644122593
0.272113517403296 0.803547842221787
0.27199526041203 0.803600862296435
0.275505188925402 0.802025986965395
0.304104299215578 0.789192287788852
0.274238701558385 0.802594208032294
0.278511164139011 0.800677739291914
0.331029045183622 0.777101201652838
0.267785306285506 0.805489971793433
0.266398438067415 0.806111959880559
0.264451145165578 0.806985350410485
0.276986368478103 0.801361855454895
0.264649598472134 0.806896326169202
0.275505188925402 0.802025986965395
0.26963760788406 0.804658996781111
0.279587930178966 0.800194749837042
0.277979647706131 0.800916732509564
0.283429182705272 0.798470968335509
0.285925282481661 0.797352207922021
0.281535657932166 0.799320831278943
0.356779229105418 0.765528258896618
0.262625740464219 0.807804043323652
0.272318492612799 0.803456571175904
0.262044957330984 0.808064504315684
0.288414870737892 0.796233522500271
0.276995314683245 0.801358145182833
0.292435792932302 0.794428602742191
0.266398438067415 0.806111959880559
0.288196853333933 0.796331094268646
0.271822982521121 0.803678552957319
0.333265409827518 0.776097967094874
0.292435792932302 0.794428602742191
0.267736402757426 0.805511460935195
0.295033942777062 0.793262619219463
0.284219123436437 0.798116060204303
0.276656564033627 0.801510259176788
0.263423886510016 0.807446061524246
0.276223225629506 0.801704565838454
0.331265806037436 0.776994760682867
0.296210977220393 0.79273426288352
0.285817726362672 0.797399933707884
0.282731208868543 0.798784309352824
0.266207963365611 0.806197434099799
0.274959760866383 0.802271164280705
0.29298839825033 0.79418165496275
0.284219123436437 0.798116060204303
0.267480415653984 0.805626221459025
0.308457277809311 0.787238103434649
0.272768082751412 0.803254719521124
0.267542181256673 0.805598833682117
0.268009290333387 0.805389046065973
0.293145447450396 0.794110172617815
0.295480093557364 0.79306283187501
0.356779229105418 0.765528258896618
0.272730797314972 0.803271438559474
0.265235058025409 0.806633690799543
0.300456025865522 0.790829717606036
0.361747728454061 0.763291500022689
0.356061329373588 0.765850953260611
0.269582627096791 0.804683660938463
0.267585287934729 0.805579443920945
0.295480093557364 0.79306283187501
0.291806430285963 0.794711196156778
0.280058380522009 0.79998338143525
0.27482606394454 0.802331170006374
0.285817726362672 0.797399933707884
0.284900597135888 0.797810587498328
0.284219123436437 0.798116060204303
0.264602473903825 0.806917452775214
0.307248054213306 0.787781038733184
0.281462074250692 0.799353776098907
0.26963760788406 0.804658996781111
0.277377151883452 0.801186971670633
0.277892944346653 0.800954835920808
0.266207963365611 0.806197434099799
0.272376560181505 0.80342980089607
0.26963760788406 0.804658996781111
0.279441011045141 0.800260869910464
0.268657883350115 0.80509881897888
0.278350312798601 0.800749666922004
0.273533890978335 0.802910781753241
0.262279373407391 0.807959356776722
0.280094190952737 0.799967231353042
0.274505037037543 0.802475272689993
0.271324273155429 0.803901880975568
0.279441662382775 0.80026057805752
0.336028543070256 0.774852733937013
0.289637240385451 0.79568505402312
0.2710161362393 0.804040458586447
0.265410461061278 0.806554852841227
0.310023132734762 0.786534098637602
0.268984342879843 0.804952080679302
0.287774941712825 0.796522378784217
0.275289018892493 0.802123448040209
0.27143257187459 0.803853669151985
0.281369265688967 0.799395155757171
0.28208800141253 0.799073612383214
0.356061329373588 0.765850953260611
0.359664322020421 0.764229633770686
0.26681152152016 0.805926498505629
0.263907978077983 0.807228772978562
0.278126627206896 0.800850349573383
0.277979647706131 0.800916732509564
0.274644084344324 0.802413234360566
0.264368318384471 0.807022535108333
0.304164349499311 0.789164603753274
0.272837855893663 0.803222854151486
0.291181960083984 0.794993542958592
0.263150640158193 0.807568618605181
0.268657883350115 0.80509881897888
0.290107948957375 0.795473932334481
0.274644084344324 0.802413234360566
0.271208609759102 0.803953999477798
0.267194083754733 0.805754947589742
0.278234371754273 0.800802016090703
0.273198871697011 0.803061988075477
0.28569663792274 0.797453641959839
0.267588186329581 0.805577875019185
0.288429124847164 0.796227839330496
0.262044957330984 0.808064504315684
0.283429182705272 0.798470968335509
0.261441762312768 0.808335004810266
0.276057016528454 0.80177870277447
0.266346028284635 0.806135254519189
0.27615203247745 0.801736338659961
0.278233295715404 0.800803064049557
0.262044957330984 0.808064504315684
0.356061329373588 0.765850953260611
0.277218828262316 0.801258661309664
0.282230190422047 0.799009981883497
0.263253447590523 0.807522513820917
0.351101497678202 0.768078265480413
0.266400137445241 0.80611076285824
0.278934239114774 0.800487925810137
0.260562050079074 0.808729580520326
0.267588186329581 0.805577875019185
0.261439870720458 0.808335853186048
0.285407638725334 0.797583373485795
0.299741925128182 0.791152212180793
0.294253888879366 0.79361263184423
0.278237296227285 0.800800473156415
0.268050334168694 0.805370617267854
0.272411530936242 0.80341393741735
0.277378692665385 0.801185537630272
0.38419772377323 0.753185523415917
0.299741925128182 0.791152212180793
0.260998848232378 0.808533703869497
0.300970948789833 0.790597746875157
0.260562050079074 0.808729580520326
0.346928521247581 0.769954016033077
0.271195933020451 0.803959799557996
0.277764710912948 0.801012388537174
0.379519271929678 0.755295062700299
0.270746338553348 0.804161440644769
0.347026228004436 0.769910046068377
0.260743094263427 0.808648364821992
0.294243493730889 0.79361794080096
0.261441762312768 0.808335004810266
0.283788463975475 0.798309661318963
0.265514117118637 0.806508337710346
0.264891697250637 0.806787638225781
0.272453648413422 0.803395042426613
0.37579891239644 0.756969207069255
0.283821947650242 0.798294588660112
0.260857003740417 0.80859729265061
0.31376115564845 0.784857699710525
0.285896557363772 0.797364373439673
0.278924736822636 0.800492240261746
0.290212916099968 0.795427088922632
0.265527295596503 0.806502467100196
0.265410461061278 0.806554852841227
0.27022001412581 0.80439773925641
0.355013612326384 0.766315805488753
0.317008123516835 0.783399056971573
0.284610034852226 0.797943190752244
0.278300539676575 0.800772295918181
0.278223031130318 0.800807818850985
0.283547171740146 0.798418303395339
0.325553672711318 0.779558772145576
0.268050334168694 0.805370617267854
0.273042035193353 0.803131977166872
0.260502042447869 0.80875649582664
0.269218911985169 0.804846971802654
0.285896557363772 0.797364373439673
0.34131794840768 0.772477200976143
0.284610034852226 0.797943190752244
0.344774001594648 0.770923969016125
0.310917978127734 0.786131600769716
0.293118999000744 0.794122795603192
0.260502042447869 0.80875649582664
0.272851053693926 0.803217314023748
0.260529222022737 0.808744305477528
0.266702422328758 0.805975658145154
0.275826746872784 0.801881942178714
0.303078718552403 0.789651786443072
0.278515553094714 0.800675794446031
0.34524759267604 0.770711107864172
0.280487227349054 0.799791079638496
0.260526024449157 0.80874573949239
0.26307454323845 0.807602762146175
0.260527912055257 0.808744892867345
0.281645193368302 0.799271686382025
0.26701848399186 0.805833878822823
0.265523984979039 0.806503987606658
0.282208624441397 0.799019066294222
0.275618452580509 0.801976282459057
0.295512403757806 0.793050184872483
0.282125353005141 0.799056313130653
0.306416795040852 0.788153385125635
0.266056888434028 0.806265140660381
0.356061329373588 0.765850953260611
0.260889551058697 0.808582677956882
0.263322063539266 0.807491741291138
0.261441762312768 0.808335004810266
0.28007548215633 0.799975657959991
0.308300244171362 0.787309171333298
0.284610034852226 0.797943190752244
0.310120458511103 0.786490555568806
0.269218911985169 0.804846971802654
0.261847156692092 0.808153253934259
0.341063254504684 0.772594197567857
0.273407368942966 0.802967068246764
0.325553672711318 0.779558772145576
0.317215270013405 0.783305878390304
0.260055178250954 0.808956906297162
0.302728715652226 0.789810964763449
0.263096849459609 0.807592704326123
0.301801076948797 0.790225167184366
0.31155921560048 0.785845495091344
0.306846006758302 0.787961508764078
0.300804069456596 0.790673382648314
0.339626077289781 0.773238473996106
0.269864803769894 0.804556599629136
0.260063756778288 0.808953058355084
0.270839294269033 0.804120126942824
0.26985648455565 0.804561126388275
0.300324441455318 0.790887920535139
0.268309947681668 0.805254655268939
0.341063254504684 0.772594197567857
0.260055178250954 0.808956906297162
0.27228971736744 0.803468586692326
0.260891527691347 0.808581850259347
0.28007548215633 0.799975657959991
0.266702716860418 0.805975050335202
0.263556721035882 0.807386290768632
0.278312572584917 0.800766606579131
0.266521220741209 0.806056817270573
0.260055178250954 0.808956906297162
0.269553050598114 0.804697101097849
0.265912601521936 0.806329815940753
0.310488496794702 0.786324799970586
0.271934287603058 0.803628043272247
0.260055178250954 0.808956906297162
0.260055178250954 0.808956906297162
0.272937393244565 0.803178360233353
0.353874826709601 0.766830189499643
0.264226441956354 0.807085876013202
0.27849186322329 0.800686419975641
0.267643361408522 0.805553383501939
0.261847156692092 0.808153253934259
0.278444807993796 0.800707809375675
0.310633246252798 0.786260427805639
0.267438660702986 0.805645267075198
0.306901745692324 0.787936601366717
0.31393306459023 0.784778922880915
0.260257251731552 0.808866268861364
0.265834361693949 0.806364920109529
0.266959173268659 0.805860459056365
0.263069326658493 0.807605050715466
0.269733643872509 0.804616061639431
0.258888022159195 0.809480439182338
0.260891527691347 0.808581850259347
0.270435021722133 0.80430144109796
0.356190641546089 0.765788812301308
0.270980844374954 0.80405669999028
0.303871284615415 0.789296844866874
0.32056122053267 0.781800594812161
0.267676490362757 0.805538638799574
0.301186044186153 0.790500913845742
0.268309947681668 0.805254655268939
0.325670937248492 0.779510919141073
0.271947938194555 0.80362190891997
0.297954966702305 0.791952844174027
0.340490354073031 0.772849724645631
0.297954966702305 0.791952844174027
0.344606263047159 0.771005152349899
0.297956191750539 0.7919521265288
0.297824975163173 0.79201114614168
0.340141606213925 0.773006382951049
0.297824975163173 0.79201114614168
0.301083004681955 0.790548618935463
0.299084045570238 0.791445895446032
0.299821135300551 0.791114485946405
0.301083004681955 0.790548618935463
0.329041589263304 0.777990661160504
0.299821135300551 0.791114485946405
0.299821135300551 0.791114485946405
0.329748192171285 0.777678342943447
0.362570821558106 0.762925195519536
0.287188131628928 0.796784126368562
0.274261720094216 0.802585443093873
0.274261720094216 0.802585443093873
0.301903013946505 0.790180605005312
0.216772716914597 0.862833174500647
0.284392118618887 0.79803889228062
0.285490516039788 0.797546012836952
0.302406743058116 0.78995410375881
0.256291921459006 0.842513722433099
0.285607143798133 0.797493009853645
0.283720822426387 0.798339818652187
0.299739093127316 0.791152910654508
0.283678830856613 0.79835866027058
0.2292915724217 0.856395981345507
0.279849501928196 0.800077790253141
0.281009917280458 0.799556396065183
0.279870963335971 0.800067953213723
0.303207512130447 0.789595008287851
0.274261720094216 0.802585443093873
0.279849501928196 0.800077790253141
0.288863844374993 0.796032819064644
0.216088615209019 0.86318243376458
0.288863844374993 0.796032819064644
0.300166909344636 0.790959419337834
0.281982465415017 0.799121437045024
0.283678830856613 0.79835866027058
0.27803158989967 0.800892882355808
0.282436956059853 0.798916582090126
0.274261720094216 0.802585443093873
0.235879398757084 0.853006316293328
0.274261720094216 0.802585443093873
0.281787402454766 0.799207810561645
0.340133729178754 0.773009696652435
0.235879398757084 0.853006316293328
0.302406743058116 0.78995410375881
0.287270830495707 0.796747004181578
0.280892078914429 0.799609361228198
0.287270830495707 0.796747004181578
0.343650807484365 0.771423692478006
0.222602805740455 0.859833106198125
0.227526036828855 0.85730674624692
0.29400236937409 0.793727759836766
0.288106077141539 0.796373706890695
0.340534186818434 0.77282559037191
0.299739093127316 0.791152910654508
0.302406743058116 0.78995410375881
0.292151188987054 0.794556672382918
0.225500870871094 0.858342889621048
0.302406743058116 0.78995410375881
0.216772716914597 0.862833174500647
0.302406743058116 0.78995410375881
0.214838940283089 0.863820986547431
0.292170057409424 0.794548184900773
0.230525673293586 0.855762340482798
0.304775376463887 0.788890415897809
0.302803660501547 0.789775760495921
0.296324543949089 0.792685234077737
0.21614697800837 0.863154650491418
0.278738850421851 0.800576589455794
0.286702996131244 0.797001582917037
0.215970723475099 0.863239793451149
0.285607143798133 0.797493009853645
0.307341569882744 0.787738433284773
0.230213668987603 0.855922156685494
0.227526036828855 0.85730674624692
0.228074778427549 0.8570153614982
0.1909027620522 0.876129247458204
0.282878326187243 0.798718150711981
0.227526036828855 0.85730674624692
0.283509621774204 0.798434573524987
0.290556532672902 0.795273562076829
0.243031704187454 0.849334112423168
0.299038503442625 0.791465886141821
0.292783637019764 0.794274422443642
0.303739254268184 0.789355205319185
0.184633399430708 0.879352087742871
0.21614697800837 0.863154650491418
0.314869877686276 0.784360888932812
0.304775376463887 0.788890415897809
0.312205370627005 0.785555565117777
0.326969220111815 0.778925629769207
0.265902223940237 0.806334486906256
0.296987131149774 0.792388165686222
0.291411732574052 0.79488975511215
0.200328412100489 0.871282287517933
0.292783637019764 0.794274422443642
0.214640830211263 0.863925140785835
0.227526036828855 0.85730674624692
0.278533632926843 0.800667766385271
0.28778812940409 0.796515345988754
0.314869877686276 0.784360888932812
0.268197696126357 0.805304788791938
0.311552078091594 0.785850501604508
0.215333102272598 0.86356974517318
0.281793677588675 0.799205999905066
0.28379225853433 0.798307962942755
0.240527422323371 0.850624590033199
0.212148789405033 0.86520431716318
0.311552078091594 0.785850501604508
0.291164492098052 0.795000406864494
0.227526036828855 0.85730674624692
0.230213668987603 0.855922156685494
0.192029944170797 0.875552155962336
0.265902223940237 0.806334486906256
0.22801154699727 0.857056062628038
0.300497475468871 0.79081075699644
0.268431555491533 0.805200153419498
0.21614697800837 0.863154650491418
0.217578155375723 0.862416934600079
0.362186085594764 0.763094511224421
0.265986178603798 0.806296836498494
0.299365987102379 0.791319894085895
0.304851213383036 0.788855938207386
0.266119974161361 0.806236822601635
0.299670673391156 0.79118172670602
0.274555260815088 0.802452513994398
0.28379225853433 0.798307962942755
0.271836753462492 0.803672485959778
0.235879398757084 0.853006316293328
0.283800963872873 0.798304732928949
0.23456994303982 0.85368976205085
0.272525402275617 0.803364000450685
0.241667961785472 0.850028716536785
0.322638942543292 0.780869352238024
0.282730855527188 0.798784847143342
0.268197696126357 0.805304788791938
0.184633399430708 0.879352087742871
0.321315979102234 0.781462427001722
0.306740540606742 0.788009870156189
0.266478542254446 0.806076028158169
0.266277563318893 0.806166167942223
0.267663603452603 0.805544514476069
0.306740540606742 0.788009870156189
0.287751772428099 0.796531525118968
0.291877862153084 0.794680546653001
0.265865909131198 0.806350772398074
0.332999906593698 0.776215185344541
0.203212878105196 0.869796882965569
0.265865909131198 0.806350772398074
0.2733206157168 0.803007173183856
0.273629219004311 0.802868143402487
0.204529657525083 0.869122757923885
0.266601352779092 0.80602089035061
0.334860878043017 0.775381252132447
0.214454905071336 0.864026383943545
0.290602958579013 0.795252002194748
0.267723494404699 0.805517646732969
0.266045699116701 0.806270146260797
0.294892435471081 0.793326720412135
0.226839029768673 0.857660623566647
0.265865909131198 0.806350772398074
0.290708330825402 0.795204041434746
0.289333251740122 0.795821587633258
0.184633399430708 0.879352087742871
0.275381860611118 0.802082717583909
0.210761904055386 0.865924972079869
0.294611389605321 0.793454697509901
0.214454905071336 0.864026383943545
0.287156051476518 0.796798889722537
0.250018279001554 0.845739887436729
0.229341343829323 0.856377322310289
0.265865909131198 0.806350772398074
0.185458951106237 0.878928449664816
0.286076284848025 0.797283072712076
0.308408851153776 0.787258585141029
0.294271780695066 0.793606158221688
0.220410852804368 0.860962194380751
0.207141795164253 0.867779890581973
0.226839029768673 0.857660623566647
0.374282068854312 0.757652142973033
0.294057059564877 0.793703021008075
0.369405237898736 0.759847501367633
0.327335076698271 0.778761263635087
0.245268837230292 0.848176234576563
0.184633399430708 0.879352087742871
0.318183081251655 0.782869070129112
0.29847519372856 0.791720021549882
0.282158929516873 0.799040869288782
0.305989542141131 0.788344942990242
0.182667540772428 0.880360853553822
0.305898319879734 0.78838756633038
0.27415376153716 0.802632773105337
0.245320653794361 0.848149571749498
0.297909744093065 0.791972310402725
0.226839029768673 0.857660623566647
0.275805858866946 0.801892274403376
0.266333942888513 0.806140809349706
0.296543239455515 0.792585713406192
0.245268837230292 0.848176234576563
0.370911359890723 0.759171229841331
0.296543239455515 0.792585713406192
0.283633239995373 0.798379365398013
0.284752500931284 0.797877075890255
0.203177676612637 0.869817440549709
0.226337358842065 0.857912352819025
0.182667540772428 0.880360853553822
0.2873853989776 0.796698450736791
0.325532683317327 0.779569439865374
0.291830963623705 0.794702756821652
0.268163859186945 0.805319974706512
0.204529657525083 0.869122757923885
0.179632662827604 0.881915017363818
0.330723686074464 0.777239603343856
0.336933799290463 0.774446014879929
0.286076284848025 0.797283072712076
0.204529657525083 0.869122757923885
0.268026678789914 0.805381491612906
0.204467853525439 0.869154497981604
0.305260860397231 0.78867156582864
0.269582489905329 0.804684164490935
0.281759619258742 0.799220224480168
0.337595567051472 0.774149860657409
0.182328620701558 0.880534307159278
0.184547162492757 0.879390508621366
0.319269241565806 0.782382704945936
0.20186365241392 0.870499826864664
0.2873853989776 0.796698450736791
0.263765103071526 0.807293090934238
0.307163506368841 0.787817818877828
0.185934538014421 0.87867944064315
0.268119578972028 0.805339835971356
0.263504761998271 0.807409852803852
0.262878568330826 0.807690592215338
0.266626928372842 0.806009381985694
0.267167128888476 0.805767082492584
0.226337358842065 0.857912352819025
0.211203715516568 0.86568885927651
0.330723686074464 0.777239603343856
0.282665317395045 0.798813618226758
0.182883247836529 0.88024805918187
0.20186365241392 0.870499826864664
0.282687902748694 0.798804851605343
0.266386010925113 0.806117387150739
0.226337358842065 0.857912352819025
0.232956589739486 0.854522235425613
0.261596022245937 0.808265827991994
0.2873853989776 0.796698450736791
0.320348662533104 0.781896995286701
0.268569829862346 0.805138001169277
0.320289822931506 0.781923470331883
0.291361416358666 0.794912260776812
0.181129803312385 0.88114885011629
0.181129803312385 0.88114885011629
0.182883247836529 0.88024805918187
0.267238733536466 0.805735051604541
0.280404862199648 0.799829029690063
0.267804887987751 0.805480974916383
0.176547465480138 0.8835001775195
0.186541425635701 0.878370102068563
0.278877043601096 0.80051353038098
0.2873853989776 0.796698450736791
0.270846707835204 0.804116573506025
0.320289822931506 0.781923470331883
0.268569829862346 0.805138001169277
0.18279226277423 0.880295133181277
0.244695295457101 0.84847703127876
0.31573548125681 0.783969717483963
0.268569829862346 0.805138001169277
0.320289822931506 0.781923470331883
0.261596022245937 0.808265827991994
0.175565368519998 0.884006254223987
0.18975035332816 0.876719188370849
0.211203715516568 0.86568885927651
0.327604808201229 0.77863994388113
0.270846707835204 0.804116573506025
0.325664788631794 0.77951234183175
0.182755448689861 0.880315174913933
0.277043556300239 0.801336407877187
0.204675697869187 0.869053401847043
0.262903054628644 0.807679609903025
0.294729182095111 0.793400678853583
0.208944107778769 0.866850838745704
0.276695901172984 0.80149241558542
0.198694854484147 0.87211860586453
0.253074588582745 0.844163330688081
0.240344307326657 0.850712023409645
0.237318739785213 0.852262357167188
0.209144475610839 0.866750519706773
0.198886598663669 0.872020182708909
0.209144475610839 0.866750519706773
0.21315539720936 0.864699151781512
0.249074737042946 0.846224405346833
0.209144475610839 0.866750519706773
0.195631917290894 0.873692835252942
0.198346381409352 0.872297761553259
0.244728580966086 0.848459040955712
0.209144475610839 0.866750519706773
0.21315539720936 0.864699151781512
0.208994422029737 0.866827678731446
0.217441267917777 0.862488282648394
0.198886598663669 0.872020182708909
0.195560678328805 0.873729425452323
0.203116266625155 0.869848309689396
0.209155161072674 0.866745108970174
0.212504319954414 0.865024302169726
0.211832809190827 0.865368673026189
0.215815841067681 0.863325054011886
0.203164354061202 0.869823529087391
0.223602198092203 0.859321282587787
0.195560678328805 0.873729425452323
0.228320850801297 0.856895120576229
0.21390879478097 0.864312174060643
0.195968979884711 0.873519711003016
0.210840220317453 0.865876329814004
0.212896412837242 0.864820787023103
0.223602198092203 0.859321282587787
0.223656446643789 0.859290273375444
0.206501451629846 0.868108477176284
0.222539781503903 0.859863547937505
0.195560678328805 0.873729425452323
0.206432994495934 0.868143571184218
0.223957077214355 0.859135487902446
0.198896851724878 0.87201491474439
0.198361098706676 0.872290197113383
0.195560678328805 0.873729425452323
0.23033148308888 0.855863562667415
0.220047158545875 0.861145931354887
0.227745121436897 0.857191155832743
0.19929842203355 0.871808653689674
0.195205225106846 0.873912224869149
0.196686124908728 0.873151139262519
0.205860902741775 0.868437685384641
0.228218055761841 0.856947767642886
0.249085225207364 0.846219034890224
0.223957077214355 0.859135487902446
0.202137953701108 0.870350454381584
0.195968979884711 0.873519711003016
0.210061692479185 0.866279057695977
0.207136412586057 0.867782334791216
0.221360318527738 0.860472945674058
0.202957987349553 0.869929711971544
0.223957077214355 0.859135487902446
0.198346381409352 0.872297761553259
0.24899560563269 0.84626519026676
0.208794964116919 0.866933899386206
0.190806309166476 0.87617243971211
0.211160642042145 0.865710642768459
0.195205714786941 0.873911981081254
0.235251411032403 0.853334664287794
0.217441267917777 0.862488282648394
0.210823807504961 0.865883726014848
0.20580651338546 0.868466261319371
0.221360318527738 0.860472945674058
0.199437585946013 0.871737178876486
0.190806309166476 0.87617243971211
0.234144420321565 0.853904080459912
0.202054050155736 0.870393550272007
0.197254265273312 0.87285913422111
0.228974925399703 0.856552344358928
0.225506754860064 0.85833818142198
0.220325975283896 0.861002506753021
0.190806309166476 0.87617243971211
0.207136412586057 0.867782334791216
0.233250757327675 0.85436317120404
0.202492657877941 0.870168458653564
0.197161534470764 0.872906796469804
0.249056620333896 0.846233873545834
0.199435312659472 0.871738345756731
0.217007771527828 0.862710900996324
0.19080746577272 0.8761718459012
0.210823807504961 0.865883726014848
0.195185906898865 0.873922147568531
0.218211925743077 0.862092019610861
0.21607602404319 0.863186082506267
0.195070427846634 0.873981504884994
0.217442608650997 0.862487592734581
0.225779274260518 0.858214315795668
0.212592481342659 0.864978242744605
0.203931964598138 0.869428102728481
0.192806702816047 0.875145118259899
0.21774944354408 0.862326095225689
0.203031370160871 0.869892043605957
0.205599682808726 0.868572356002555
0.197254265273312 0.87285913422111
0.195070427846634 0.873981504884994
0.205802318297728 0.868468413883189
0.195971769348655 0.87351922656807
0.243413868956648 0.849134810564191
0.202054050155736 0.870393550272007
0.230742522076727 0.855646936544418
0.229501428842123 0.856285190709914
0.190806309166476 0.87617243971211
0.194811430325914 0.874113376969087
0.190569730109434 0.876293949591327
0.191400412414496 0.875867301450793
0.206920094486295 0.867890812048783
0.199891243888231 0.871504354928707
0.194958744422025 0.874037751599967
0.210823807504961 0.865883726014848
0.199561111119335 0.871672372871537
0.190354631030114 0.876404326261695
0.197026340067434 0.872976950588408
0.21607602404319 0.863186082506267
0.191611019453242 0.875759082804103
0.206357679318593 0.868180294939888
0.192672644699973 0.87521229677832
0.253856955978001 0.84376353446177
0.203931964598138 0.869428102728481
0.197254265273312 0.87285913422111
0.226519253477192 0.857819258926114
0.227587977067642 0.857271506786105
0.209401233481718 0.866618735821993
0.227484953871728 0.857323303505834
0.205429972801452 0.868656649980728
0.223797709279658 0.859229986316071
0.225691385850859 0.858246331405145
0.190354631030114 0.876404326261695
0.223614870178271 0.859314156473999
0.224804536544577 0.858698506386007
0.212105378369245 0.865226872196105
0.208794964116919 0.866933899386206
0.230298049326393 0.855876947345808
0.190335046312796 0.876414391567781
0.204501852228247 0.869135835447731
0.210430804659485 0.866085657657641
0.217289497434851 0.86256809445303
0.197845048185665 0.872555612786252
0.233524940626085 0.854217231703525
0.215561792664631 0.863451213644587
0.192786699525963 0.875154115464541
0.243413868956648 0.849134810564191
0.235353146639024 0.85328178910445
0.209013059992042 0.866814929440325
0.18813139797136 0.877546682946516
0.199898264542104 0.871500743567408
0.204209116604566 0.869287130621122
0.209245591882182 0.866695824952001
0.216975141494925 0.862727119322284
0.252729958694082 0.844342733590047
0.202582562068767 0.870121278249874
0.194205642463777 0.874425504626738
0.225315268558631 0.858439816311548
0.237647294357987 0.852099402522234
0.212592481342659 0.864978242744605
0.192311449376266 0.87539844485701
0.192786699525963 0.875154115464541
0.225315268558631 0.858439816311548
0.208079931401425 0.867298307078297
0.192786699525963 0.875154115464541
0.197254265273312 0.87285913422111
0.2057822589303 0.868476725072674
0.205299869281286 0.868722833463027
0.19012042588907 0.87652478011041
0.194264707864172 0.874395499386146
0.199809744878067 0.871545682984241
0.255047391040552 0.843158594387552
0.227456952072347 0.857336122568096
0.223947503572412 0.859148320534748
0.221103782579244 0.860610004355743
0.221818651865199 0.860241920542705
0.188236175415365 0.877492839814248
0.211111158314139 0.865734782254674
0.213186831024238 0.864669742841346
0.199099293893823 0.871910270033197
0.237293860947507 0.852285165809224
0.194182680329767 0.874437307778557
0.221645234344569 0.860322147178252
0.176648465346595 0.883448483928535
0.227576428975365 0.857276936055811
0.250749370024603 0.845356476442089
0.194920130127511 0.874057477789592
0.217907384163509 0.862249187907052
0.240781435075124 0.850489251994339
0.18813139797136 0.877546682946516
0.229109553105021 0.856488575300154
0.205990723445593 0.868367768028183
0.18813139797136 0.877546682946516
0.198281023244809 0.872330453552828
0.210385199320425 0.866111978251241
0.205664378993293 0.868535536343762
0.189788735070095 0.876694770338441
0.190803028235273 0.876173925983804
0.194182680329767 0.874437307778557
0.224977992828084 0.85861150444944
0.197823986194027 0.872566378031986
0.192075140590211 0.87551988429392
0.240216087277244 0.850780589189691
0.246415307529185 0.847584714136315
0.245506315221992 0.848057718638209
0.255506312266391 0.842907113104633
0.199750535366502 0.871576621971613
0.210627038869082 0.865985670089999
0.18813139797136 0.877546682946516
0.182990918933267 0.880186793517106
0.200867939729084 0.871004369209331
0.204807635375212 0.868979542619552
0.209260663347473 0.866689517155229
0.189788735070095 0.876694770338441
0.187072568162648 0.878091835140661
0.214897651127153 0.863797777081473
0.244357663206364 0.848642677694502
0.206952540840133 0.867874670707718
0.208639395526156 0.867010126250803
0.205538542971676 0.868600518183425
0.230558035411667 0.855752172884224
0.183022200902954 0.880170721849244
0.246339026372044 0.847624614670041
0.2375993170409 0.852126150555417
0.191494796740086 0.875817812792043
0.183208290847549 0.880075105744119
0.183540603788702 0.879904540686177
0.218865511225576 0.861751611591673
0.194823908443041 0.874107738666784
0.229109553105021 0.856488575300154
0.241887740136289 0.849917744107026
0.226519250838425 0.857820110654761
0.254412164816386 0.843466616015973
0.188102725932237 0.877560417386237
0.218421063032884 0.861987066171668
0.223314740088818 0.859471806460673
0.251102254596675 0.845183039100159
0.218166205355236 0.862116642458921
0.190630960301305 0.876264586396108
0.21363001742737 0.864442771363179
0.189788735070095 0.876694770338441
0.217495457979935 0.862461093964535
0.188102725932237 0.877560417386237
0.216483878876513 0.862978205335906
0.204397908366751 0.869187837750635
0.208737023539926 0.866958610424162
0.198281023244809 0.872330453552828
0.226138288392072 0.858014664887498
0.192838887055865 0.87512945360193
0.183345298379209 0.880004711935273
0.229311347585003 0.856385305620139
0.176648465346595 0.883448483928535
0.211022119722736 0.865782655658102
0.251985560567209 0.844727737194444
0.213639869684029 0.864437714887849
0.254281695637949 0.843534524936761
0.182990508667045 0.880187004326278
0.192311449376266 0.87539844485701
0.182990812643117 0.880186848253303
0.202416034620555 0.870209370879292
0.212767372675744 0.864885144221285
0.229971975713663 0.856041558451348
0.251102254596675 0.845183039100159
0.17794229465647 0.882783992227597
0.186499653507571 0.878384082981209
0.201557326884814 0.870646474762453
0.180930914652497 0.88124617949663
0.254885395416814 0.84322308345966
0.188809461770418 0.877197250956166
0.192993164726743 0.875048538243335
0.186813494173371 0.878223943759448
0.192381108614493 0.875363125567471
0.186715867485334 0.878273237681643
0.189631015287723 0.876775687761431
0.202762769866847 0.870029631456658
0.222867612689087 0.859697165274379
0.183868096732652 0.879736370089906
0.177197336672868 0.883166549965744
0.173422255075622 0.885102671307225
0.241475241275223 0.850130596677788
0.239588520347289 0.851100390006189
0.16735028799865 0.888221748144589
0.208543493807238 0.867058168071805
0.203363063506223 0.869717738200018
0.199669956664378 0.871624144320458
0.195857658334118 0.873577887423383
0.216483878876513 0.862978205335906
0.212777814484363 0.864879772101852
0.204521876105144 0.869124765778672
0.173350316712624 0.885139610462493
0.239439485013702 0.851176986845639
0.188643865917762 0.877283607922797
0.201148446232696 0.870856821091837
0.195272867966348 0.873876026771177
0.188643865917762 0.877283607922797
0.188847225157526 0.87717777189895
0.222140490731796 0.860067491714407
0.180930914652497 0.88124617949663
0.172856823764749 0.885392753264666
0.200632227885194 0.871129352971178
0.208466833915796 0.867095898127015
0.172080223661677 0.885794072708535
0.192311449376266 0.87539844485701
0.253542510814587 0.843935176378506
0.194182680329767 0.874437307778557
0.212829941037099 0.864853501039195
0.193167704427695 0.874961449543619
0.205206059706249 0.868778454228933
0.191630841947681 0.875750157118335
0.16926627911213 0.88723806965994
0.190159284258136 0.876503467340836
0.173259347345188 0.885186348129683
0.202546205478189 0.870141252540519
0.181921623290117 0.880736677904049
0.188399395445449 0.87741128351459
0.254023068967895 0.843671524244364
0.22373241780785 0.859250183138737
0.172068816516667 0.885797894116192
0.182990508667045 0.880187004326278
0.167788372458411 0.887996724275364
0.182682842577177 0.880345096794966
0.221950958375918 0.860165036014788
0.199030452534449 0.871948545014174
0.186499653507571 0.878384082981209
0.169753939557627 0.886987800663565
0.22373241780785 0.859250183138737
0.191077590594488 0.876038075327794
0.211703040341508 0.865437399220486
0.252733201253059 0.844333490185994
0.208466833915796 0.867095898127015
0.236284519032496 0.852797534136468
0.219567615868399 0.861391688176939
0.169854176798226 0.886936332205851
0.200482262587559 0.871198917466093
0.182247453089918 0.880569289218715
0.243792058012444 0.848939789521095
0.25414814462022 0.843607114127649
0.182765703657925 0.880302735267726
0.183334020196917 0.880010542273475
0.183055616908105 0.880154056602891
0.212198411536922 0.865178127984131
0.207685702384794 0.867497346150075
0.196865485104947 0.873060208134191
0.186642879069073 0.878310479789879
0.172068816516667 0.885797894116192
0.23474745265052 0.853584984112418
0.188095418734455 0.877567383691968
0.183868096732652 0.879736370089906
0.212829941037099 0.864853501039195
0.217310795137257 0.862550906654533
0.216711599008519 0.862860855932031
0.205639425237027 0.868555710228394
0.189263676077904 0.876966964713666
0.168083707367566 0.887844946725566
0.214674077192405 0.863920981956822
0.25414814462022 0.843607114127649
0.171428802031667 0.886129056113706
0.179307692557917 0.88207998378794
0.20808442273269 0.86729233724133
0.255815104278067 0.842761683961162
0.248865527606751 0.8463321642989
0.169766212771237 0.886981505747098
0.205206059706249 0.868778454228933
0.222036310357142 0.860121217520023
0.188861251392244 0.877171461299885
0.185176219107372 0.879064615018716
0.173428696603774 0.885099363682445
0.170566292789933 0.886569666140197
0.17784453906618 0.882832498554653
0.177928205668405 0.882791601129986
0.173674664765865 0.884973144811927
0.200094458022476 0.871400085358197
0.205206059706249 0.868778454228933
0.191621918295308 0.875755724265343
0.185942914457364 0.878671472301549
0.252380683033997 0.844517593972181
0.190789631496088 0.876179843016586
0.173677166596089 0.884971859671383
0.202546205478189 0.870141252540519
0.221424481333382 0.860435797035014
0.207991552725531 0.867345754152087
0.20196275939292 0.870445790841479
0.2031528101124 0.869827130764232
0.188399395445449 0.87741128351459
0.206648727256105 0.868036900503731
0.181808613506445 0.880794746589012
0.221500521365872 0.86039661879577
0.188714738559821 0.877249857437568
0.16735028799865 0.888221748144589
0.172130079458455 0.88576642515926
0.169246127540192 0.887247829481265
0.221589346372116 0.860350867943918
0.245293876472849 0.848166367220086
0.179198694164645 0.88213594816756
0.202170203304635 0.870332043264852
0.196893730207301 0.873048931167151
0.224274759477867 0.858969735656383
0.251974736382976 0.844732496504572
0.174557683552727 0.884519591273078
0.21160095649261 0.865492149414943
0.231724722815544 0.855151258989842
0.199966806788133 0.871468014321188
0.199919039591885 0.871489340142959
0.181727740323858 0.88083584743757
0.243428660494892 0.849129632724104
0.184026260020688 0.879655736744668
0.188535120235089 0.877338493931602
0.178020167624746 0.882744125284887
0.179869087603836 0.881791700132601
0.16735028799865 0.888221748144589
0.195370068080342 0.873829172224125
0.182397493010843 0.880493890854387
0.170566292789933 0.886569666140197
0.2031528101124 0.869827130764232
0.184941357995349 0.879186105532615
0.221268198473236 0.860518300770743
0.167385241794369 0.888203796502603
0.176501190855792 0.883523709699343
0.201757851888499 0.870545795309357
0.179869087603836 0.881791700132601
0.182228053547104 0.880578680595309
0.175136798463911 0.884222286675425
0.201309548828052 0.870778684322251
0.231639734235349 0.855190807460999
0.2213637568986 0.860466822389847
0.170626952697731 0.886540588992369
0.183151618851688 0.880104050244913
0.192417550283275 0.875342994771843
0.199664069340082 0.871624170935972
0.212274155699771 0.865140940428264
0.195828859929445 0.873590837971304
0.24050836104461 0.85063647852053
0.201199342191926 0.870829792522972
0.186543380353689 0.878363443185157
0.190159284258136 0.876503467340836
0.173623508514864 0.884999557978621
0.181271501506749 0.881070073527341
0.175332881394476 0.884123668146311
0.251488270310329 0.844976398803769
0.220125605390636 0.861109658229054
0.242293238957335 0.849708733428783
0.182185571556224 0.880601298656472
0.201740915625459 0.870555481229915
0.173575202013513 0.885024365672683
0.19378235590113 0.874642475819135
0.170626952697731 0.886540588992369
0.173602040849681 0.885010305747866
0.212228332686624 0.865170027546385
0.192246360655506 0.875436314329521
0.196995564794105 0.872995430303541
0.176697381764039 0.883422126099516
0.223206844136767 0.859520283058051
0.205468410336421 0.868636421231196
0.232814016118084 0.854591620512155
0.231724722815544 0.855151258989842
0.184224742782592 0.879553676906382
0.167492304506401 0.888148347643707
0.186543380353689 0.878363443185157
0.205013266769361 0.868871155890247
0.241366583787697 0.850185380476488
0.16734314524746 0.88822541653696
0.20040445423142 0.871238341473196
0.181076938729484 0.881171140708507
0.178379776245974 0.882558190049765
0.17374306294546 0.884938108737417
0.220597087735311 0.860862201796035
0.211315078715649 0.865632139224567
0.225466933112858 0.858357845231663
0.184635885819173 0.879344978405998
0.201428194880678 0.870716561397812
0.188399395445449 0.87741128351459
0.16734314524746 0.88822541653696
0.179279332722958 0.882094039011192
0.182199690765432 0.880593800250992
0.188561263404092 0.87732557841894
0.22121062839549 0.860546436028789
0.205013266769361 0.868871155890247
0.25467267148596 0.843338497251577
0.196995766326401 0.872995326697809
0.17375138616142 0.884933783455795
0.201685159090779 0.870587117957178
0.232814016118084 0.854591620512155
0.220718302149342 0.860807096237235
0.185992863062794 0.878645794252588
0.180021462965254 0.881714899497393
0.249463125364006 0.846016281485519
0.20589195006552 0.868420937047178
0.240427729073233 0.850669991364478
0.17375138616142 0.884933783455795
0.185992863062794 0.878645794252588
0.250302467493511 0.845585060071575
0.209778273460731 0.866425866516033
0.182484193675587 0.880447587619462
0.177910504147275 0.882800497369401
0.178836725826359 0.882322028780728
0.182267109019544 0.880558900617303
0.18680116843396 0.87822878143978
0.23709797516667 0.852380043299191
0.250751012540374 0.845353844548398
0.169246127540192 0.887247829481265
0.191078218055859 0.876034027322147
0.225440028219036 0.858374645211477
0.21168099326317 0.865446619247291
0.169246127540192 0.887247829481265
0.178836725826359 0.882322028780728
0.21168099326317 0.865446619247291
0.16730243350772 0.88824712507506
0.201692828053861 0.870577859878178
0.203987551019714 0.869399047083278
0.20722869712915 0.867738970261827
0.249224212172689 0.846140975441491
0.196995564794105 0.872995430303541
0.181899355961302 0.88074834704636
0.185153098845475 0.879079717990231
0.194432028550453 0.874315072229779
0.165730271210149 0.889054236249704
0.192292247572929 0.875409325470052
0.216790881930377 0.862819872127813
0.194664166676606 0.874190250976293
0.166412825848794 0.888704788148515
0.182534350966228 0.880421177587321
0.173575202013513 0.885024365672683
0.179368503623296 0.882048552782849
0.194233602552045 0.874412490245356
0.169575051041959 0.887079046301967
0.181271501506749 0.881070073527341
0.209778273460731 0.866425866516033
0.190656972899425 0.876249438117508
0.202335891732722 0.870249283711829
0.170917610778809 0.88639142417257
0.225847729405988 0.858164591029325
0.181271501506749 0.881070073527341
0.200682268653359 0.871101563833619
0.251104361617053 0.845172479654908
0.177137852496166 0.883195231279366
0.24874835812254 0.846382661014484
0.237648560523865 0.852098167616247
0.179368503623296 0.882048552782849
0.165938329194865 0.888947387943493
0.198420686952144 0.872265676250498
0.211504044779387 0.86554966747667
0.253620741017084 0.843884574660888
0.188766217097944 0.877219136572762
0.176255039614337 0.883650107740125
0.183151749119857 0.880103983285252
0.168050983572045 0.887862963072457
0.23709797516667 0.852380043299191
0.253529976368011 0.843936905223452
0.224684428575141 0.858761977137978
0.194734774993838 0.874153974318948
0.190989020964432 0.876078909370296
0.165982079055154 0.888924903898064
0.217134709792825 0.862641697916757
0.253529976368011 0.843936905223452
0.183151618851688 0.880104050244913
0.197750727291694 0.872609892261881
0.241197058425671 0.850270351211881
0.173667298434836 0.884978928541968
0.16127513557624 0.891342736595821
0.200183710391009 0.871353929749293
0.165244622390239 0.889304831990487
0.19775789049432 0.872606223202739
0.18568549337078 0.878802175199289
0.217177410919518 0.86261980002743
0.232330791243877 0.854841838852845
0.188561263404092 0.87732557841894
0.20223104212904 0.870306792491092
0.17743407857733 0.883043054984898
0.226699477428868 0.857727774732444
0.188210811987838 0.877506426157662
0.179595722840634 0.881931170836672
0.203925765955182 0.869433412433878
0.200804343286808 0.871039480734393
0.192362495105927 0.875373233466663
0.226065759504743 0.858052619508033
0.200277658020556 0.871304178423854
0.188472687738648 0.87737208968775
0.177085112732762 0.883221902527026
0.22373241780785 0.859250183138737
0.165244622390239 0.889304831990487
0.165244622390239 0.889304831990487
0.165181342184649 0.889337328730113
0.17750371828032 0.883005790987147
0.177593963660627 0.882959643657343
0.158551827643091 0.892740792861197
0.184992585729474 0.879159658928457
0.16127513557624 0.891342736595821
0.192628514607784 0.875234365547084
0.24248158766785 0.849613210552788
0.171732753769814 0.885973026133745
0.205966472403032 0.868391845416704
0.183276904935746 0.880039659668974
0.201533657717789 0.8706644737325
0.226699477428868 0.857727774732444
0.168501099372057 0.887633042781595
0.178126271430363 0.882690078259682
0.216171053681402 0.863144541984132
0.206173733695683 0.868277638389335
0.242998172794763 0.849349907942815
0.180263278784097 0.881588199806692
0.172472332228093 0.885591698827572
0.187510644365055 0.877866479317265
0.214773727873396 0.863857888944567
0.203925765955182 0.869433412433878
0.173358677090273 0.885137060343838
0.255145216300151 0.843096887882194
0.17322387820409 0.885206623470095
0.176492646052584 0.883526136016604
0.195092828719112 0.873969912392954
0.180189006975957 0.881627012606051
0.230720597422536 0.855658458289849
0.249073637241704 0.846224777594073
0.242192263842139 0.849757477116803
0.194329804244651 0.874366662647469
0.213904047208425 0.864314300427943
0.191961600628331 0.875578913583799
0.20284265103216 0.869985846844554
0.188531338672573 0.87734195257081
0.191430810023438 0.875855945874304
0.183151618851688 0.880104050244913
0.178344124527369 0.882574779841242
0.174523963669878 0.884538578817364
0.170917610778809 0.88639142417257
0.165094613599856 0.88938185252061
0.181939449329905 0.88072671217548
0.232240943447151 0.854885105273752
0.163996389064079 0.889945550861965
0.248940406373713 0.846289266032573
0.199276996149518 0.871818440839002
0.167217429689284 0.888290565684614
0.1696086796011 0.887062007861233
0.160436486957109 0.891772968523613
0.197597887852212 0.872681156376063
0.22220604190619 0.860035289225444
0.166920795268135 0.888442776136644
0.160702088142077 0.891637113430115
0.182679897162042 0.880346374908124
0.202065666196602 0.870385165034884
0.170917610778809 0.88639142417257
0.181881005576229 0.88075674846161
0.21905591105992 0.861654737012801
0.174748333598929 0.884423382521989
0.214056970405332 0.864225879552894
0.188531338672573 0.87734195257081
0.204554353760441 0.869107679966143
0.193439822565938 0.874818176901434
0.214582597437817 0.863954398545093
0.200083959406937 0.871407625641895
0.17322387820409 0.885206623470095
0.232240943447151 0.854885105273752
0.241915779147948 0.849904109537083
0.208349922798196 0.867156596511687
0.184041171523916 0.879647084749755
0.192942362311187 0.875073380342548
0.183036646122753 0.880163906740432
0.217930396154096 0.862231583758873
0.160605568611925 0.891686715523225
0.229977281363341 0.85603866836892
0.179163410941985 0.882155584065687
0.20284265103216 0.869985846844554
0.165907908079304 0.888962705229207
0.242258188605518 0.849728138389545
0.216925953380826 0.862748558972815
0.199094094625986 0.871914295736939
0.180677176141031 0.881377827153005
0.243408718478786 0.849136214025959
0.186061047256702 0.878610213450469
0.242975813875684 0.849359270886488
0.198941667663099 0.871990589409175
0.164071499400167 0.889906787250891
0.16127513557624 0.891342736595821
0.156410044500819 0.89384057742752
0.167261613995247 0.888268078460222
0.18793557732446 0.877646225209177
0.221548839290407 0.86037960224744
0.232240943447151 0.854885105273752
0.210821425470172 0.865887452118749
0.186923611315072 0.878165869272609
0.208380441469727 0.867144586461913
0.169575051041959 0.887079046301967
0.190250328463336 0.876459707283801
0.164074572240222 0.889905399738906
0.189835939641314 0.876671420481268
0.172250191745863 0.885704807315842
0.223218415080045 0.85951800744821
0.167009307790914 0.888398452595605
0.172785850192374 0.885430275226816
0.160608745511827 0.891685208360348
0.221867351834424 0.860208109714948
0.152214723756151 0.895995224569721
0.179163410941985 0.882155584065687
0.19805682002023 0.872452406244741
0.192149071471931 0.875482741384413
0.186459084922022 0.878408232602596
0.251197807266108 0.845123308634422
0.218221068133889 0.862083242444658
0.200083959406937 0.871407625641895
0.203012047696455 0.869900047666817
0.194224884734735 0.874415388145816
0.177317011322717 0.883102370919893
0.190250328463336 0.876459707283801
0.184577255521932 0.879375358266866
0.220105815990425 0.861114052175017
0.188656149043702 0.877277912387657
0.16730243350772 0.88824712507506
0.22780032140683 0.857157144564336
0.174024287262551 0.884793311087893
0.203890051582372 0.869449090078883
0.252932082060758 0.844232211572849
0.193211061239169 0.874939866969184
0.21905591105992 0.861654737012801
0.21543383652119 0.863516548457551
0.242112848186341 0.849797941557795
0.198076964532787 0.872438595426718
0.163996389064079 0.889945550861965
0.177365385368048 0.883077853487754
0.156229402314889 0.893933997143725
0.15859600927712 0.892718090475342
0.202679799895489 0.87007145719886
0.242112848186341 0.849797941557795
0.254198786649141 0.843583643684774
0.200636187070954 0.871121097877993
0.165907908079304 0.888962705229207
0.241542065886496 0.850090918229708
0.217177410919518 0.86261980002743
0.228142572230601 0.856988472957254
0.22118729552291 0.860562662594276
0.198915658161913 0.872008518807631
0.208237812418446 0.867214183246231
0.229350471109252 0.856365920301343
0.184536373616748 0.879393080643182
0.215110586274634 0.863682602688618
0.185275576786513 0.879014680376302
0.158447739275075 0.892794618729037
0.16920422928304 0.887269458479992
0.16959144061909 0.887070630963416
0.164038933757329 0.889923703192016
0.184877316362647 0.879217376105568
0.245935099196419 0.847833171856008
0.16730243350772 0.88824712507506
0.176946243741358 0.883293610193339
0.181710777823885 0.880846877231936
0.178291788576837 0.882602135638162
0.161337675893063 0.891310627804443
0.170665493603519 0.886520974870528
0.222944319497098 0.859654396987446
0.21565233413843 0.863408592791445
0.155492932823712 0.89431180726893
0.22868178061053 0.856704609024409
0.160436486957109 0.891772968523613
0.164038933757329 0.889923703192016
0.191961600628331 0.875578913583799
0.201728646547499 0.870559229843136
0.1930291400225 0.87502970351653
0.208500539682957 0.867080436976013
0.163927885829544 0.889980493856023
0.217790587807052 0.862304614709546
0.164038933757329 0.889923703192016
0.168359230446963 0.887705511232498
0.173403452822412 0.885115163595989
0.207881704220838 0.867395812993124
0.255111183740648 0.843108565086555
0.242276413628055 0.849712268641004
0.164648750108405 0.889610191916416
0.18157292842109 0.880916247749417
0.186187657195076 0.878544023241958
0.190731421881722 0.876214697221786
0.170917610778809 0.88639142417257
0.218068268739236 0.862166359677606
0.18588547441795 0.878700249819691
0.20104919709587 0.870908921781484
0.193109455905506 0.874990330168528
0.152341649949156 0.895930046982183
0.181961327253237 0.880716236345469
0.180677176141031 0.881377827153005
0.163274683198077 0.890315972204274
0.176024602879608 0.883768360481503
0.171219942869662 0.886234527373921
0.181450902817131 0.880977864719971
0.231014102074138 0.855506495046732
0.190608325227046 0.876277921557654
0.152474087408327 0.895862039348361
0.198799504666232 0.872067037430017
0.188531338672573 0.87734195257081
0.199181878342398 0.871869759758429
0.212932765517142 0.864801286993868
0.164648750108405 0.889610191916416
0.25459110781368 0.843382587920875
0.188220310126058 0.877504806026319
0.198083284966981 0.872435348708733
0.178290107107776 0.882603069595865
0.25234827399537 0.844538910169852
0.175116275987328 0.884232608277849
0.254177750488216 0.843588445722846
0.164648750108405 0.889610191916416
0.254131050104805 0.84361249234732
0.161337675893063 0.891310627804443
0.16920422928304 0.887269458479992
0.17322387820409 0.885206623470095
0.155356566128528 0.894381933464666
0.193090078756594 0.875002077300844
0.24704909366134 0.847261004869866
0.167909657954321 0.887935086949296
0.156410044500819 0.89384057742752
0.227488722739823 0.8573168008475
0.189161929153135 0.877019743059862
0.156454590320066 0.89381784371386
0.181302585125783 0.88105457707896
0.201949403733655 0.870451011892236
0.177769499541722 0.882869847254235
0.171219942869662 0.886234527373921
0.206904402222216 0.867905286339414
0.190476083972242 0.876342602726433
0.235551962418755 0.853172272167881
0.253060583278608 0.844166596449939
0.194464525486618 0.87429606803029
0.219840109130494 0.861251023781813
0.162168966663246 0.890883830612477
0.187917655258412 0.877660204956061
0.175437346410843 0.884069514353459
0.193090078756594 0.875002077300844
0.227459835617505 0.857331391711093
0.218613562574546 0.861880665107439
0.18108855609473 0.881165974649126
0.173792482632153 0.884914501231911
0.16418968124916 0.8898459560289
0.167103340231481 0.888350000908444
0.197180036440759 0.872899327288398
0.155813151773575 0.894147239246119
0.254803644790562 0.843266868974666
0.242146840644534 0.849779964521806
0.217177410919518 0.86261980002743
0.179088710201566 0.882193697828664
0.174729169092447 0.884432352952105
0.18674826924608 0.878259433440102
0.156896560653929 0.893590917797446
0.182289561177409 0.880548958569681
0.169924236521819 0.886901552630896
0.219269430912267 0.861543152595784
0.164648750108405 0.889610191916416
0.165349198514679 0.889249832420121
0.148769962209733 0.897764135549032
0.151415265548213 0.896405776210251
0.242146840644534 0.849779964521806
0.187074806522668 0.878089536608627
0.237985073939995 0.851929869106928
0.206738982833404 0.867989856497107
0.188344915914104 0.877440545682289
0.241031270474264 0.85035599638031
0.243763875136987 0.848949247016017
0.187274478447589 0.877988642763327
0.242191519847598 0.849760554500207
0.219249677234464 0.861562444734537
0.173319369920439 0.885157910055754
0.244630604231847 0.848505117207941
0.164753349067303 0.889556717976521
0.156383675096941 0.893854628841827
0.241031270474264 0.85035599638031
0.185302378509586 0.87900178264282
0.189801548629332 0.876692545623528
0.163225584765214 0.890341873869574
0.178360240010594 0.882566993527598
0.148769962209733 0.897764135549032
0.213168454796358 0.864686393171317
0.25373828832993 0.84381882315411
0.165763625853025 0.889036548764367
0.203411456023718 0.869696853689345
0.205064858047219 0.868843749297486
0.233873558965772 0.854044501728165
0.163046159468679 0.890433502854151
0.165539967432433 0.889152606469658
0.181204011695582 0.881105748899337
0.25268702704324 0.84435693588084
0.184041171523916 0.879647084749755
0.189161929153135 0.877019743059862
0.208441115618881 0.86710868053565
0.159523047513705 0.892242484325517
0.249488276718336 0.846003493790978
0.176755763497298 0.883394180507016
0.25287077474866 0.844266246723818
0.189093011751544 0.877051174741134
0.18588547441795 0.878700249819691
0.181551960801486 0.880927516011751
0.202863692019398 0.869975033221228
0.241031270474264 0.85035599638031
0.192063998806822 0.875528144182356
0.156210460001836 0.893943569937533
0.200322223046379 0.871285415694016
0.168700471583113 0.887529340991369
0.148769962209733 0.897764135549032
0.181415235256645 0.880997733807255
0.176868705803199 0.88333297792744
0.173601736122471 0.885012495612492
0.187152217747564 0.878051528930526
0.242659531243715 0.849514195589012
0.170475648391369 0.88661619656422
0.170249134518966 0.886735355466183
0.16261258187103 0.890656099616016
0.20474506945141 0.869014800561829
0.222523705048446 0.859869584014278
0.174078311287399 0.884766675244086
0.192804338768982 0.875146034486923
0.213168454796358 0.864686393171317
0.242059376282756 0.849822690164776
0.237985073939995 0.851929869106928
0.186173505977703 0.878555223672411
0.156367813944524 0.893862775330775
0.248996990134226 0.84625832243538
0.152429634434003 0.895884863997568
0.183329031565562 0.880015102329626
0.194463423515672 0.874296634485391
0.192818176478483 0.875139621792039
0.170025977441295 0.886849750891581
0.242959920760611 0.849360231012149
0.197025001572807 0.872978715253225
0.1648035123831 0.889530375216483
0.151563851946359 0.896329459458161
0.186416233983664 0.878432652300628
0.181921190525929 0.880738020581916
0.199461067845016 0.87172771836707
0.189239774198076 0.87698271477714
0.24704909366134 0.847261004869866
0.169214718583918 0.887264932482872
0.169017355946407 0.887365968206827
0.240685380873031 0.85053080808051
0.223865664188623 0.859179402785558
0.215348704673064 0.863561817944917
0.17749789746234 0.883009614235857
0.186344361479938 0.878467344836476
0.213927158752391 0.864290133266167
0.170368283995701 0.886672474363063
0.245577579654725 0.848017514441747
0.226633726777854 0.857763269123004
0.19592126955316 0.873545685888743
0.222523705048446 0.859869584014278
0.17909102513226 0.882192513828621
0.173319369920439 0.885157910055754
0.202522410130968 0.870150384554659
0.183329031565562 0.880015102329626
0.238217869919525 0.851806858476503
0.248996990134226 0.84625832243538
0.158551827643091 0.892740792861197
0.150187993975642 0.897035972276892
0.191579063474949 0.875781220441228
0.213927158752391 0.864290133266167
0.226558271889219 0.857801953163233
0.244414870534578 0.848612882392887
0.227270177547897 0.857429967590976
0.241523639593922 0.850098654628629
0.202498265301824 0.870162776233749
0.245004048719646 0.848311449076518
0.190592668129095 0.876285231434232
0.202949842052108 0.869930748731478
0.193250087651876 0.874921188254171
0.198525404700502 0.872207616352734
0.164049828736128 0.889916794396594
0.184076385270988 0.879630441995544
0.156383675096941 0.893854628841827
0.148781152230637 0.897758388736698
0.164721329455221 0.889572574514302
0.155383785975111 0.894367958184184
0.193680694920138 0.874698886374587
0.171377476457479 0.886152891467069
0.187540034850881 0.877850981970058
0.148769962209733 0.897764135549032
0.148769962209733 0.897764135549032
0.186048251743874 0.878617554200389
0.170311788039807 0.886701476227759
0.247294159447522 0.847132145217612
0.168226065729385 0.887772380503324
0.223022208832661 0.859614546217351
0.201827654019255 0.870507649434307
0.15968152850966 0.892161558470598
0.189239774198076 0.87698271477714
0.170940887548026 0.886378517635683
0.184593224408063 0.879364577892811
0.159515578282578 0.892246320019143
0.162612586613412 0.890656097181795
0.181606116695045 0.880899797244467
0.169733077160664 0.88699785765112
0.163663732435263 0.890116101358039
0.165840634429112 0.888999072168459
0.148769962209733 0.897764135549032
0.170311788039807 0.886701476227759
0.165480034298128 0.889182974005731
0.170447223609028 0.886631899530309
0.179850474758019 0.881801093792408
0.207736333404397 0.867474511024731
0.205971576804608 0.868387471009081
0.170672888893382 0.886516475132896
0.218745315496135 0.861820785732258
0.159224064385788 0.892395558019904
0.151410923618344 0.896408004035547
0.176139462611966 0.883708000135066
0.156262867516122 0.893916597620022
0.253808814772647 0.843782322535233
0.148769962209733 0.897764135549032
0.197032050061417 0.872974502722034
0.192800526887112 0.875148280672745
0.177869438494501 0.882818915657646
0.148769962209733 0.897764135549032
0.191227121408849 0.875962034303566
0.192656968520901 0.875225816152044
0.150600260831664 0.896824207333297
0.150187993975642 0.897035972276892
0.218973372179902 0.861703068241273
0.177491283305989 0.883012455700994
0.190342978911741 0.876410623961305
0.161337675893063 0.891310627804443
0.178821966668967 0.882328680681403
0.152646173414223 0.895773718714745
0.185665430031227 0.878813884228222
0.179845179588345 0.881806102760449
0.166889292788978 0.888459882391255
0.207088942445572 0.867813314997566
0.164052895038854 0.889916237427588
0.15319543052734 0.8954915212207
0.246247411509742 0.847671071323844
0.198215859712325 0.872366153226334
0.236003265970152 0.852943363351718
0.162761713519275 0.890578767810658
0.159116010152798 0.892451494743585
0.187498818847757 0.877872806748877
0.196893908566562 0.873042722153269
0.253803164255175 0.843785230768626
0.164052895038854 0.889916237427588
0.19954282114153 0.871686306016502
0.206013144758149 0.868365303005412
0.150938980871056 0.89665027830624
0.206522925918991 0.868097213684546
0.179009571181002 0.882232570924211
0.178826773188359 0.882328669561302
0.169356931072067 0.887191237692063
0.170762325945979 0.886470421981611
0.164856875036966 0.88950381759927
0.198650200057254 0.872142306136082
0.182878976037254 0.880251931795442
0.179992752625175 0.881728563932722
0.198853965265219 0.872038339931273
0.177491283305989 0.883012455700994
0.181819212682454 0.880790176782758
0.18094655427661 0.881239374774872
0.228680444812847 0.856710093761006
0.157697003671714 0.893180231573289
0.198445950028115 0.872248072552783
0.158945608988462 0.892538967820426
0.18877455905978 0.877215989408064
0.197159274726156 0.872910891352204
0.193900384754103 0.874584805497479
0.172176764174272 0.885744454340434
0.209176523440738 0.866741485970292
0.214330185470687 0.864081949332546
0.148769962209733 0.897764135549032
0.209647356036616 0.866496231422687
0.18116437322253 0.88112746528687
0.213484214733379 0.864515819126561
0.197790572283139 0.872591658610585
0.221926895293149 0.860191749291101
0.215785402640862 0.86334609014682
0.204349890377448 0.869218318668989
0.182416721045848 0.880487548581332
0.161037954218038 0.891463894774036
0.174369226554956 0.884618000467398
0.233874384559589 0.854044079023105
0.243694720856059 0.848984855867685
0.171377476457479 0.886152891467069
0.182897003434209 0.880237998784637
0.149670312356025 0.897301854312931
0.172229809698116 0.885715095360709
0.227928699973109 0.857094877325579
0.151503012203713 0.896360634293394
0.148982563579931 0.897654973048693
0.160026100147169 0.891983675218496
0.211652036524946 0.865458310456019
0.187498818847757 0.877872806748877
0.182166091864342 0.880611628944313
0.232778635354949 0.854599339624409
0.176760510014767 0.883387888295101
0.169725578168005 0.887001927967157
0.169768093561621 0.886979699222397
0.251462675696824 0.844987663665267
0.173816065201977 0.884900504384222
0.230345223241059 0.855857537461476
0.223284113359496 0.859494571067834
0.171286813591941 0.886200552195013
0.168029765293542 0.887874170750417
0.168481267850216 0.887640751348275
0.151845076295297 0.896185093140984
0.209287766241726 0.866678679288308
0.148769962209733 0.897764135549032
0.239060456422442 0.851382660602766
0.244466243985987 0.848588804559959
0.221926895293149 0.860191749291101
0.164663757929247 0.889601994472419
0.160054010176944 0.891969808525331
0.18094655427661 0.881239374774872
0.186123968490053 0.878581042654894
0.148430207741172 0.897938649117479
0.195024947003538 0.874007003269724
0.175051972719676 0.884266479887226
0.240669848417309 0.850542029780817
0.244695381816956 0.848470434561625
0.162769665085039 0.890574685726734
0.153719044120209 0.895222767798946
0.179179340319921 0.8821453312007
0.239443793841214 0.851171229219028
0.199001245407434 0.871964317982336
0.239430844238707 0.851179525569526
0.171377476457479 0.886152891467069
0.18125305064615 0.881080828637273
0.155970309963133 0.894066868465389
0.171320045512085 0.886182397174625
0.177128306457862 0.883198907542396
0.192511386805004 0.875299107689565
0.175871375375547 0.883845741670931
0.17762451767057 0.882943984378302
0.215990243852482 0.863227227616565
0.202103355537309 0.870372219101404
0.192472945626768 0.875320219839459
0.181205001430973 0.881104730235255
0.224227137872142 0.8589941599869
0.206538314787929 0.868096335224891
0.216019217958696 0.86321232676507
0.160176400068215 0.891906946763305
0.201596873158591 0.870630257154003
0.161857508257757 0.891044543103737
0.220510924973685 0.860914056719821
0.227204931639239 0.857470168179836
0.162575756214867 0.890674525183863
0.203678172951606 0.869563330433628
0.211882138349587 0.865340071583791
0.175874480443795 0.883842820447291
0.195024947003538 0.874007003269724
0.240852517557014 0.85044785786316
0.172334976146422 0.885662172418745
0.147273835188367 0.898532434645115
0.246789921525227 0.847391933393214
0.232179664097897 0.854907094484562
0.157697003671714 0.893180231573289
0.179260543555654 0.882103616331371
0.213659760588779 0.864426978504341
0.201804158240597 0.870528519470133
0.206540922724084 0.868092692542113
0.156507295493269 0.893791195903162
0.164571801466916 0.889649116908551
0.199683271311357 0.871612429637534
0.196542254934096 0.873226245163521
0.24764152222793 0.846957924004047
0.16682996811874 0.888490344517348
0.240790158556384 0.850479912887132
0.242089784096306 0.849811325159985
0.165326419728744 0.889261561202709
0.174890149389511 0.884349351724343
0.151966483513551 0.896122751973266
0.25392043543795 0.843734953225385
0.149002268264081 0.897644855032943
0.20883815915652 0.866906827920988
0.248816564327617 0.846351720859073
0.155356566128528 0.894381933464666
0.154241063579158 0.894954828348862
0.226952625368167 0.85759227403477
0.186759595228759 0.87825459911832
0.255354448319358 0.842989766842895
0.213659760588779 0.864426978504341
0.231818448878896 0.855096963153358
0.231686865422737 0.855165616302536
0.220483845951632 0.86092786617628
0.177273413149301 0.883124856149957
0.236003265970152 0.852943363351718
0.179804776201427 0.881826126757286
0.175875374497112 0.883842364002035
0.25392043543795 0.843734953225385
0.159515578282578 0.892246320019143
0.248816564327617 0.846351720859073
0.208116437870578 0.867283267712891
0.17659364402231 0.88347405604985
0.195335706120348 0.873852515489465
0.211429702308593 0.865574123344958
0.164571801466916 0.889649116908551
0.203669008139979 0.869568245710035
0.23841595948828 0.851718200225831
0.199159087453212 0.871880552701866
0.168891003549166 0.887432249829338
0.182166091864342 0.880611628944313
0.189995570234995 0.876590406527563
0.156888618803435 0.893594960033859
0.163694678459214 0.890100731071115
0.223479402103362 0.859382184427654
0.155270309660153 0.894426242067798
0.153038971647912 0.895572080491628
0.191998081148837 0.875563487377947
0.153719044120209 0.895222767798946
0.200854820775429 0.871011314318735
0.161857508257757 0.891044543103737
0.165291786590753 0.889279343030636
0.165917205333198 0.88895917434864
0.153343771459901 0.895415407661004
0.184054972775018 0.879640808989721
0.205211752113788 0.868775954016689
0.211652036524946 0.865458310456019
0.216904272090815 0.862760984086441
0.212407623255191 0.865073323450023
0.228494127050691 0.856810667083838
0.15748525648685 0.893288768900574
0.1713130612268 0.886185982898376
0.163694678459214 0.890100731071115
0.159515578282578 0.892246320019143
0.148917498144974 0.897688384778785
0.179143993550708 0.882163484548506
0.165828398225678 0.889003678999955
0.174678750195451 0.884461336514006
0.171621808023915 0.886029296349348
0.24208435497798 0.849814117052154
0.177087812225743 0.883220857751527
0.237644676065737 0.852107041112906
0.215542596471966 0.863461162657552
0.179412820673001 0.88203006466159
0.211009578904522 0.865789586469241
0.22047339432694 0.860933430251406
0.160938446947886 0.891516332400613
0.161382288805727 0.89128694262305
0.164466212484931 0.889704282888161
0.24173698218766 0.849996578817154
0.15186097443644 0.896176929608105
0.147255948217212 0.898541619350644
0.154201496180747 0.894975247687539
0.174216722982424 0.884694738130184
0.219289869161305 0.861532947376319
0.171071038209305 0.886310433578486
0.191998081148837 0.875563487377947
0.209210524691435 0.866715677179135
0.19346039100071 0.874807636364773
0.159303555788155 0.892355299145938
0.226952625368167 0.85759227403477
0.205748723765773 0.86850130108163
0.215542596471966 0.863461162657552
0.206538314787929 0.868096335224891
0.209421943229425 0.866606500853625
0.198891814475714 0.872019047474911
0.197790572283139 0.872591658610585
0.158154599458218 0.892945205139613
0.171068536914821 0.88631230926614
0.164466212484931 0.889704282888161
0.205730731715137 0.868506473228158
0.157825083921139 0.893114727409607
0.179348321045033 0.882062937135323
0.171071038209305 0.886310433578486
0.236435138042258 0.852721399172241
0.19592126955316 0.873545685888743
0.189450331486984 0.876875064747271
0.215032480766292 0.863723564037371
0.172208425109384 0.885727479551982
0.212580798233229 0.864985844181082
0.209611233881321 0.866509513923239
0.208184525655254 0.867245509006407
0.155217602864892 0.894453302961713
0.176689859515788 0.883424556184185
0.147134467818933 0.89860399470273
0.168056060764946 0.887858829811066
0.205337668393632 0.868714002475226
0.171463493395031 0.886109517770108
0.197372576247316 0.872800157769445
0.164509253983734 0.889682177447272
0.239852414624074 0.850965930178367
0.153503359913277 0.895333480116501
0.175064442552316 0.884262176841611
0.237814448248789 0.85201995547512
0.191892539526866 0.875616408351366
0.254272920827998 0.843542577558991
0.150025364719289 0.897119523792587
0.200627707395062 0.871130616319723
0.166413103601981 0.888702928627205
0.24173698218766 0.849996578817154
0.179348321045033 0.882062937135323
0.167860477874735 0.887960920631086
0.182490830176338 0.88044597138432
0.175848564469246 0.883856928149448
0.18429805417313 0.87951918552344
0.172017428127732 0.885827018105178
0.17073270579791 0.886484521402548
0.175097174811767 0.884245376548955
0.245779377291175 0.847914653892801
0.149917712350509 0.8971747726283
0.19725099509039 0.872862617686785
0.20936178437748 0.86663765923224
0.149703972524299 0.897284511556421
0.159828754151074 0.892086345650644
0.216614049826983 0.862910132010862
0.217518154349612 0.862445615763791
0.175052621879847 0.884265832891107
0.192507524587723 0.875300421612391
0.205774901752531 0.868483674625036
0.191822356959184 0.875653816721904
0.155883254080633 0.894111706526389
0.161505748387624 0.89122353990599
0.179348321045033 0.882062937135323
0.151848990134546 0.896183083887886
0.230634183984055 0.85570957053336
0.163105566984553 0.890401954855871
0.166436198719524 0.888692056374286
0.159869181196053 0.892065186332814
0.19605524019948 0.873481866398089
0.172760839944718 0.885443520450412
0.185628181218886 0.878836070629689
0.236014914110568 0.852937369674651
0.194830117563835 0.874105890653282
0.164629606778137 0.889619053980672
0.219718090317285 0.861320533191887
0.198234965175938 0.872359414902953
0.187723175819006 0.877761073059016
0.169541868297412 0.887099978062768
0.181019702758176 0.881202321650983
0.177273413149301 0.883124856149957
0.226545922568317 0.85780352182357
0.16917957389743 0.887284917798115
0.18464696091261 0.879339255467167
0.19519597601055 0.873919406451059
0.228264293592666 0.856919283776831
0.25378735939684 0.843794458137116
0.208597637004171 0.867041060356262
0.165293832525348 0.889279198719577
0.172970552957288 0.885335546608247
0.186123968490053 0.878581042654894
0.169343067715395 0.887199045584044
0.226545922568317 0.85780352182357
0.167182431391616 0.888309437169441
0.161215002818855 0.891373470528285
0.153599328726553 0.895284198981663
0.161215002818855 0.891373470528285
0.166796638608418 0.888505902147226
0.191902383370764 0.875613107062139
0.178662771623001 0.882410527523833
0.234596276434201 0.853664093278373
0.198687761741681 0.872123798565813
0.199025577658531 0.871951835028057
0.161936345741381 0.891002289463603
0.164780947169204 0.889542877130095
0.216272155602364 0.863085823294396
0.16165354746362 0.891148335996596
0.206274488805972 0.868230104541346
0.236954777349466 0.852453834817781
0.150232088205736 0.897013442527411
0.149002268264081 0.897644855032943
0.1461889808903 0.899089469818203
0.207386979527644 0.867658491965907
0.207386979527644 0.867658491965907
0.207386979527644 0.867658491965907
0.202116523102221 0.870364387906542
0.210493441292536 0.866061825279568
0.207386979527644 0.867658491965907
0.202116523102221 0.870364387906542
0.207386979527644 0.867658491965907
0.215659790839167 0.863405497258661
0.255053981939401 0.8431445482031
0.209936845485428 0.866340423960354
0.204867664006117 0.868951568073617
0.205781596846709 0.868481517540721
0.209721177409622 0.866451438750571
0.220493681810003 0.860924781883513
0.232531906706037 0.854737669699451
0.201810328841545 0.870521180981761
0.201810328841545 0.870521180981761
0.209721177409622 0.866451438750571
0.235991532879975 0.852958816797444
0.868815096510508 0.266588365732123
0.203790185433461 0.869504593203255
0.21225691244265 0.865153340123037
0.253862325630798 0.843761583900759
0.220351442444117 0.860994232761046
0.201505162094627 0.870678973325996
0.221190987332269 0.860562532264322
0.2410034273606 0.850372337380477
0.201505162094627 0.870678973325996
0.221190987332269 0.860562532264322
0.220814351357306 0.860756220592744
0.20431859546614 0.869232911582783
0.192967261338347 0.875072782840294
0.203221324388599 0.869795604870601
0.297112884073952 0.792330691158375
0.252993139499218 0.844206400894671
0.220814351357306 0.860756220592744
0.369368278193869 0.759861273672199
0.202247947219097 0.870292656294405
0.301391243383214 0.790410913665332
0.20193262001944 0.870458108725756
0.369368278193869 0.759861273672199
0.297112884073952 0.792330691158375
0.308394272889112 0.787267008081973
0.291882096255007 0.794679764861776
0.296519153104902 0.792597397377721
0.301391243383214 0.790410913665332
0.297160403195297 0.792309450696752
0.219739231985298 0.861312944507446
0.201256952324965 0.870811607313145
0.308394272889112 0.787267008081973
0.322280987119614 0.781031248070974
0.218604926845145 0.861895672955129
0.201651228928278 0.870603794737656
0.322275132981421 0.781033184279645
0.219453834142949 0.861454360449189
0.233533475348295 0.854213021684842
0.297160403195297 0.792309450696752
0.208795495571982 0.866927387860263
0.908684201655322 0.202449727208485
0.204920105841189 0.868919616040969
0.216113099506059 0.863165426180902
0.322643527466565 0.780868416770126
0.202255372134684 0.870289603083645
0.210223959051923 0.866193639987757
0.203781697031742 0.869504965840029
0.232177581303305 0.854909536474343
0.284278740385584 0.798089236244211
0.295630599782756 0.792996138455234
0.328423923399122 0.77827245373444
0.238823126188313 0.851495432399541
0.204635264239529 0.869069152954873
0.203781697031742 0.869504965840029
0.232218579323919 0.854888231228697
0.208755773423669 0.866947789890701
0.283696758843034 0.798350538966189
0.208710886798349 0.866970700561395
0.202255372134684 0.870289603083645
0.191670379979727 0.875730741318652
0.241290833820015 0.850231973831971
0.210223959051923 0.866193639987757
0.284278740385584 0.798089236244211
0.202255372134684 0.870289603083645
0.187246017525687 0.878007692802643
0.288996763138592 0.795971673197994
0.232177581303305 0.854909536474343
0.282926424382229 0.798696065327663
0.204746088906041 0.869009745873904
0.23523242838638 0.853341463605299
0.307548540056018 0.787646087323856
0.285390002514535 0.797590421668025
0.279759672707189 0.800117123562419
0.307548540056018 0.787646087323856
0.282108786255438 0.799062932508502
0.204761113245999 0.869004417236489
0.296994156693923 0.792383274617666
0.232177581303305 0.854909536474343
0.21314237914095 0.864700945913115
0.238660798190527 0.851571172563202
0.187246017525687 0.878007692802643
0.289016792843418 0.795962683807427
0.282108786255438 0.799062932508502
0.191057207954418 0.876045559357798
0.187246017525687 0.878007692802643
0.291241229809387 0.794964255773724
0.296994156693923 0.792383274617666
0.187246017525687 0.878007692802643
0.285483251286151 0.797548585806897
0.279986275999723 0.800015203468942
0.291385470414614 0.794899723357633
0.308581030052437 0.787182295967057
0.281149759496794 0.799493416126207
0.242226596913388 0.849738731578824
0.195580960730917 0.873718773257825
0.326193275674614 0.77927512187611
0.215650009436358 0.863417573730978
0.289944527616435 0.795546290662645
0.282418588728721 0.798924113664555
0.285483251286151 0.797548585806897
0.291241229809387 0.794964255773724
0.28904417563243 0.795950394329916
0.279623140860304 0.800178407764
0.911572580331068 0.197801994547749
0.307603149853405 0.787622468693817
0.279623140860304 0.800178407764
0.279623140860304 0.800178407764
0.285483251286151 0.797548585806897
0.279620904956235 0.80017941102055
0.289018274744042 0.795962018632322
0.233486320875419 0.854233431691597
0.187007699605272 0.878128402511927
0.194716889911742 0.874163538508075
0.289016792843418 0.795962683807427
0.285483251286151 0.797548585806897
0.233373926280175 0.854293709240701
0.288825435912136 0.796048665517686
0.187007699605272 0.878128402511927
0.220722846010998 0.860798241113417
0.279620904956235 0.80017941102055
0.217344749547848 0.862535705959362
0.911520280742387 0.197886066331016
0.286147946853294 0.797250295492466
0.18617751422764 0.878553465640009
0.220670968783955 0.860824955882434
0.215353096619454 0.863559281242488
0.279620904956235 0.80017941102055
0.195580960730917 0.873718773257825
0.214346309685036 0.864077051829238
0.285654272403281 0.797471814295247
0.28351357478312 0.7984328926264
0.201999350233566 0.870428219471829
0.288016250239014 0.796411715330038
0.240882663940828 0.850434063012795
0.293935826238756 0.793755420025764
0.913906972862438 0.194045237004551
0.870249727494094 0.264268133868001
0.870249727494094 0.264268133868001
0.876690942235749 0.253912699475265
0.876690942235749 0.253912699475265
0.371461806439333 0.758921356614482
0.332696560560328 0.776353276038675
0.390204936569075 0.750484203724616
0.281077935956185 0.799526177077599
0.388172026996055 0.751399518919591
0.277473614940999 0.801143863377009
0.38818410862417 0.751394080536257
0.38818410862417 0.751394080536257
0.388174411926517 0.751399281616344
0.38818410862417 0.751394080536257
0.277222857162061 0.801256362472257
0.271739113177337 0.803715895100186
0.325098572820972 0.779763547171412
0.271739113177337 0.803715895100186
0.271739113177337 0.803715895100186
0.277473614940999 0.801143863377009
0.307132250809984 0.787834785440701
0.87216504957281 0.261190498518706
0.276273480093235 0.80168163607566
0.330475274795897 0.777345682238099
0.27644842723991 0.801603810966453
0.274548672827711 0.802455714687168
0.271739113177337 0.803715895100186
0.283839033476757 0.798287216070821
0.275907219261682 0.801847266818184
0.271739113177337 0.803715895100186
0.271739113177337 0.803715895100186
0.265846813986871 0.806359134285386
0.325840073409936 0.779429735495339
0.277558371852167 0.801105490123186
0.265846813986871 0.806359134285386
0.28671534486664 0.796996920829948
0.274548672827711 0.802455714687168
0.315825410326541 0.783931126012301
0.274843315093061 0.802323396544296
0.333579794626145 0.775953353822342
0.330475274795897 0.777345682238099
0.899022630700841 0.217999993616627
0.274898487896623 0.802298615721557
0.87359769903117 0.258885951575016
0.896524309257972 0.222025926450479
0.265836823892694 0.806363667846408
0.330888615941571 0.777160577869705
0.273633183251347 0.802866843672566
0.265853109259044 0.806356365326618
0.896524309257972 0.222025926450479
0.266444500983629 0.806091093017471
0.271739113177337 0.803715895100186
0.274853210200631 0.80231895815365
0.335738825568886 0.774983446379707
0.262828207365145 0.807713193332164
0.321762420679906 0.781262329411521
0.87068200663511 0.263581268004525
0.273633183251347 0.802866843672566
0.262918776609527 0.807672567476292
0.262757660228223 0.807744838369973
0.277927262429003 0.80094028850231
0.330475274795897 0.777345682238099
0.271426995312959 0.803856675489465
0.899855995100598 0.216667501447026
0.879462427881782 0.249462484599795
0.274846029047116 0.80232299279189
0.335775454446338 0.774966991243478
0.266444500983629 0.806091093017471
0.868500743588387 0.267078656431332
0.271426995312959 0.803856675489465
0.321762420679906 0.781262329411521
0.321762420679906 0.781262329411521
0.26683193724653 0.805917246199243
0.270552172979056 0.804248338602214
0.897565534999646 0.220350533528311
0.269444974008673 0.804745215355175
0.261925901598878 0.808117900545598
0.274846029047116 0.80232299279189
0.868500743588387 0.267078656431332
0.261925901598878 0.808117900545598
0.269334891562686 0.804794582920854
0.268891134859029 0.804993794511042
0.278975210977193 0.800470296201438
0.263694065056763 0.807324827705463
0.899855995100598 0.216667501447026
0.263694065056763 0.807324827705463
0.270394868122146 0.804319767432262
0.27264815451782 0.80330858377984
0.869434213932998 0.265575632338971
0.267622694705209 0.805562816620645
0.87869186250015 0.250709668226303
0.265151400305114 0.806671039772833
0.897736172096864 0.220074438282179
0.261925901598878 0.808117900545598
0.265151400305114 0.806671039772833
0.262474952826031 0.807871647428527
0.897757965294725 0.220039249134919
0.261793014495603 0.80817750160372
0.268891134859029 0.804993794511042
0.271720889044357 0.803724764895962
0.897757965294725 0.220039249134919
0.86786152475475 0.268108706255279
0.262831270186304 0.80771189021968
0.264172691734254 0.807110155371609
0.875857871603825 0.255257453590106
0.270394868122146 0.804319767432262
0.278033051182838 0.800892765776508
0.264172691734254 0.807110155371609
0.295754830349957 0.792939915596799
0.869640977820695 0.265245587012229
0.264583907133298 0.806925864406316
0.308821954762658 0.78707351375766
0.271587921773242 0.803784068430821
0.289765844238038 0.795628574295789
0.273955890897513 0.802721576392211
0.274357209314226 0.802542144219683
0.310335131444303 0.786393046165504
0.271505630560667 0.803821034619068
0.875857871603825 0.255257453590106
0.897757965294725 0.220039249134919
0.281019089933665 0.799553142591005
0.265836823892694 0.806363667846408
0.274608716037076 0.802429299149707
0.875923584831076 0.25515208345448
0.261793014495603 0.80817750160372
0.273132732613155 0.803091118774875
0.265836823892694 0.806363667846408
0.291630686269771 0.794790967525027
0.874786855549721 0.256975552951092
0.265717641606837 0.806417120208594
0.261793014495603 0.80817750160372
0.265584210554969 0.806476989000259
0.874100133694821 0.258075644697664
0.301634632606379 0.790299589842398
0.268066580478162 0.805363625041344
0.356405020775004 0.765691773065735
0.268397008360707 0.805215644606313
0.276757851469598 0.801464345096123
0.299932042212295 0.791063937463369
0.26885711741493 0.805008727155181
0.877204069665448 0.25309706377783
0.896537641035189 0.222004456694074
0.276757851469598 0.801464345096123
0.869221408446076 0.265921531825568
0.869221408446076 0.265921531825568
0.291838251881811 0.794698121849743
0.302200496612434 0.790045582443513
0.272735116075146 0.803269085109073
0.261793014495603 0.80817750160372
0.356405020775004 0.765691773065735
0.261715969649694 0.808212055251986
0.265929107105837 0.806322292264087
0.281269232751496 0.799441091118756
0.267982017443764 0.805401512792421
0.273117526388301 0.803097544508319
0.302200496612434 0.790045582443513
0.290862471861262 0.795136879362108
0.265135840937758 0.806678103102294
0.263693147561882 0.807325185538191
0.261715969649694 0.808212055251986
0.267982017443764 0.805401512792421
0.261715969649694 0.808212055251986
0.291051529647449 0.795050148989301
0.281376874560606 0.799392317519978
0.261954922578986 0.808104886366268
0.896225997681203 0.222507950244301
0.899740992114896 0.216847919061735
0.270382398028254 0.804324407044909
0.316003146979427 0.783849646871447
0.878551187293645 0.250939240637657
0.269232038801258 0.804840689302358
0.287858267381663 0.796484770082341
0.26885711741493 0.805008727155181
0.895809884345137 0.223171596559129
0.896225997681203 0.222507950244301
0.266388739419477 0.806116097025954
0.27560154698629 0.801983322810874
0.296677561386821 0.792527315085732
0.261715969649694 0.808212055251986
0.261121609511282 0.808478611572097
0.290862471861262 0.795136879362108
0.261567757318259 0.808278507377893
0.26383392664205 0.807262101803123
0.266380287636152 0.806119807689289
0.330284332507945 0.777434103787504
0.277234756793733 0.801250704294081
0.898697843117713 0.218523473778683
0.372995007261068 0.758236450995755
0.369254869918574 0.759911081772614
0.361595116310264 0.763359802503783
0.395580230448523 0.748061051651228
0.373423171550625 0.758037302371267
0.361622061887298 0.763347676252001
0.375416638347498 0.757140364431164
0.313817946699709 0.784829478431809
0.333257778672093 0.776098923499513
0.335722676736239 0.774995273323793
0.387277761056309 0.751798299593903
0.334721304802195 0.775440341347327
0.366631374402069 0.761095951430717
0.318520163798662 0.782721249547651
0.343240804500123 0.771614987351844
0.367959919617954 0.760495023390114
0.386949561942279 0.751947756685338
0.372108777290607 0.758628528576372
0.313852897215195 0.784813793600544
0.388780545283722 0.751121301235087
0.327230925321795 0.778807425914989
0.335697496592264 0.775003739109165
0.313817946699709 0.784829478431809
0.33472489533749 0.775438712113936
0.309485276458564 0.78677776674924
0.310751594894534 0.786206827204828
0.309053561485308 0.786969902674598
0.336726913327449 0.77454035330054
0.333312784959715 0.776074215541914
0.338127559863006 0.773915233907764
0.366308546432094 0.761239906702971
0.314610447649608 0.784475673754155
0.316882125227855 0.783456141793942
0.349755183825259 0.768685850755605
0.328337990977506 0.77830928014946
0.336467195411508 0.774653702039332
0.307047674223323 0.787872422679949
0.376316774612798 0.756734840509323
0.364205320592365 0.762184684003664
0.325886230237476 0.779410222180925
0.349547549539846 0.768779228841231
0.303651167387685 0.789397331558948
0.351327799423878 0.767979916150983
0.317273481229638 0.783279441002987
0.36712209937519 0.760874939119705
0.296530360595172 0.792593906628999
0.329371836496964 0.777844568214525
0.289678841710441 0.795666485294287
0.316882125227855 0.783456141793942
0.33453803854459 0.775526210781515
0.308443025772831 0.787244020806218
0.319958725412488 0.782072970233008
0.316011805061299 0.783846232359543
0.333986466626012 0.775772731048501
0.322438023846554 0.780960530266085
0.323156670501738 0.780637883422846
0.324952551601008 0.779830969996403
0.308741697684258 0.787110279372325
0.339573174626966 0.773263534059177
0.323156670501738 0.780637883422846
0.388637278307924 0.751190055096039
0.327650046025457 0.7786179902554
0.295054796529578 0.793254690315707
0.297496026695594 0.79216005526493
0.301529540226365 0.790348947348638
0.320384181441084 0.781882787918859
0.32981950702595 0.777642581878313
0.295054796529578 0.793254690315707
0.30458031949845 0.78897918402222
0.30458031949845 0.78897918402222
0.321378799134036 0.781434069578499
0.301787818294776 0.790232606401823
0.277815841258903 0.800990202155306
0.3486287103788 0.769190611706424
0.295054796529578 0.793254690315707
0.327650046025457 0.7786179902554
0.298519038405115 0.791699657138715
0.29849601297254 0.791709099199454
0.327650046025457 0.7786179902554
0.303593985590577 0.789422788723774
0.301787818294776 0.790232606401823
0.334399260135685 0.775585624312254
0.312587940633579 0.785383300144157
0.308253654125553 0.787329468130544
0.32946681578871 0.777800978703719
0.307457232452794 0.787686044602145
0.338110948132573 0.773919078314493
0.329107327179587 0.77796363232448
0.289515458254554 0.795740917958032
0.320384181441084 0.781882787918859
0.289275685525638 0.795849060525144
0.296502278056483 0.792603972224853
0.277815841258903 0.800990202155306
0.309676240456161 0.786691700439291
0.337635530911617 0.774132746022422
0.322395014460928 0.780978589104369
0.287001599689221 0.796868411243728
0.277815841258903 0.800990202155306
0.277815841258903 0.800990202155306
0.314070998815777 0.784717540327296
0.357145181278433 0.76536182977263
0.303593985590577 0.789422788723774
0.281176989673084 0.799482980240435
0.303544021152703 0.789443239048102
0.372515439710416 0.758443252468147
0.327603094702231 0.778640691897452
0.319307301510895 0.782364646038691
0.336828512034599 0.77449582628675
0.31136508746624 0.785930587826498
0.323411772996169 0.780523408729413
0.390114586870726 0.750519213995489
0.294612093821587 0.793453710625638
0.287001599689221 0.796868411243728
0.331947709604574 0.776687937107161
0.308768475059801 0.787098591240726
0.306573886126737 0.788082608914803
0.277037688585847 0.801339873231604
0.31136508746624 0.785930587826498
0.331947709604574 0.776687937107161
0.319179263012625 0.782422157078139
0.294612093821587 0.793453710625638
0.348282564800556 0.769344671315526
0.325631735562355 0.779524691913787
0.328685361503317 0.778151780370151
0.295252462670272 0.793166206315941
0.371806752404604 0.758762048911653
0.298334956080318 0.791782079072401
0.324505019539331 0.780029644544198
0.277037688585847 0.801339873231604
0.301426225835284 0.790395412757037
0.291201646754597 0.794983993028468
0.300051062601806 0.79101162825902
0.324686506850004 0.779948113718909
0.300560793948671 0.7907817096983
0.320464602146628 0.781846680111344
0.327513828935495 0.778680729134128
0.309705648057377 0.786674875077804
0.331836252602087 0.776736867288034
0.335806688898125 0.774954480013489
0.317833045598036 0.783029499766463
0.371402116084838 0.758944209381993
0.299464817527278 0.79127548357144
0.29266891205122 0.794326122938176
0.360258843747589 0.763960250129807
0.347471167629094 0.76970983850444
0.364181715238222 0.762196765569238
0.306772106451336 0.787993683231886
0.326381347795773 0.779186668884326
0.290775134216899 0.795175411784293
0.320366578616609 0.781889297667077
0.310926799492456 0.786127412193021
0.285600475360649 0.797495888636515
0.311524440327046 0.785859444921278
0.315351696705017 0.784144866445145
0.366582909347087 0.761114833250365
0.324753081170014 0.779919260372781
0.316245691289142 0.783738350770188
0.337081414785791 0.774381520547696
0.361084780109312 0.763589806131705
0.305562471572648 0.788536995661096
0.351476807952778 0.767906297755138
0.309705648057377 0.786674875077804
0.313282794071212 0.78506939735341
0.289275685525638 0.795849060525144
0.277037688585847 0.801339873231604
0.328974065570986 0.778022392402304
0.362760081613963 0.762837509479521
0.338404094656705 0.773786356667009
0.361084780109312 0.763589806131705
0.316389142272077 0.783675872896766
0.293453689481478 0.793972484783722
0.331546910542023 0.776868330242297
0.282890307858742 0.798713181704756
0.329150242882701 0.777943216517731
0.331084490278166 0.777073708871644
0.319625779141721 0.782222305199179
0.304361632814429 0.789076591560709
0.311503615040418 0.785868807184382
0.326672166138427 0.779057795478653
0.348282564800556 0.769344671315526
0.375929435291471 0.75691054384594
0.324570582925022 0.780001234372177
0.277037688585847 0.801339873231604
0.274968007326793 0.802267551999556
0.35708678981489 0.765389012892723
0.319562763913778 0.782251014858744
0.326014708554011 0.779352058907309
0.322395014460928 0.780978589104369
0.311503615040418 0.785868807184382
0.286845398048702 0.796939281729294
0.274946725259219 0.802277068145082
0.287339452988603 0.796717568224344
0.31872256807726 0.782629945360896
0.27492789943965 0.802285512629165
0.380935746320418 0.754657300093926
0.32036217431607 0.781892545426723
0.267991866146214 0.80539690689984
0.313282794071212 0.78506939735341
0.321343911406174 0.781454599362262
0.346200633288194 0.770279338880983
0.346211051896009 0.770274654391867
0.308053578954525 0.787419595503005
0.28755395747647 0.796621229955294
0.322395014460928 0.780978589104369
0.328580729129996 0.778199083356342
0.267891283217379 0.805442126983025
0.320206085128361 0.781961224040506
0.308121621310971 0.787388865074428
0.301689221668722 0.790276013230013
0.318901521576919 0.782550389110063
0.327603094702231 0.778640691897452
0.348740313380412 0.76913742709988
0.271816343943377 0.803681140559749
0.322733342487388 0.780827598279808
0.332878913888157 0.776268313044418
0.303528370732363 0.789450348810923
0.275272415811008 0.802131824858668
0.323215231731203 0.780609044751015
0.280733712074195 0.799682153577387
0.275442683361211 0.802054522023285
0.308121621310971 0.787388865074428
0.321572383227836 0.781347633470818
0.313282794071212 0.78506939735341
0.33458018712974 0.775503791540528
0.278920487161102 0.800494134008042
0.302240935952029 0.790029519657743
0.292746876316495 0.794290200104345
0.322747330562977 0.780821316399564
0.307224379215512 0.787790167194586
0.30028868561129 0.790904302435952
0.313886689997157 0.784799052258506
0.267991854806816 0.805396912106609
0.343525303789748 0.771483540088612
0.328141563300524 0.778395424450068
0.293059570840927 0.794149171585229
0.321051411299733 0.781581597158322
0.27290737736884 0.803191782076721
0.331768805902203 0.776767473495524
0.313839509724529 0.784820246939192
0.317480476200029 0.783187426261774
0.330972092350949 0.777125011195795
0.291700351139879 0.794759835732526
0.270666333555966 0.804197015976248
0.272692032542488 0.803288630032488
0.269675025628293 0.804641930714538
0.302483325166998 0.789919067304421
0.302281613796808 0.79001083113616
0.289252056640271 0.795858371621256
0.270666333555966 0.804197015976248
0.267644686165483 0.805552758335036
0.275794647436715 0.801896683656502
0.33335119666737 0.776056331114052
0.268715304456903 0.805072451998086
0.368334948564044 0.760327597732738
0.333582223504539 0.775950865670093
0.293332793959474 0.794028060075066
0.304273669127463 0.789115226089169
0.271993660451771 0.803601479083718
0.329457575967651 0.777806117439041
0.271816343943377 0.803681140559749
0.282410682778834 0.798928188076591
0.351166631841563 0.768050418121884
0.270666333555966 0.804197015976248
0.374305858106549 0.75763900105777
0.380348459887815 0.75492030669231
0.326672166138427 0.779057795478653
0.35360089412328 0.766951540792307
0.292542191820082 0.79438269692194
0.285729006111471 0.797439512676809
0.365117293358287 0.761776840229728
0.268715304456903 0.805072451998086
0.31002804760097 0.786532457587051
0.292584634480651 0.79436299579462
0.332224974132248 0.776563805631474
0.31872256807726 0.782629945360896
0.302694997079916 0.789824222657964
0.32387368518796 0.780314975311011
0.271993660451771 0.803601479083718
0.293922841435967 0.79376142639676
0.29814118070746 0.791867033629766
0.264648709940458 0.806896698338419
0.313059657713114 0.78516976124325
0.267478143857822 0.805627433963842
0.326509722723883 0.779128016077749
0.269730599813595 0.804616995578013
0.27232664275795 0.803452145352008
0.278920487161102 0.800494134008042
0.272909211734783 0.803191057009884
0.313284596694161 0.785068591403125
0.32945882589227 0.777805552540594
0.267644686165483 0.805552758335036
0.288990301063773 0.79597575874555
0.265006762967261 0.80673612577406
0.319061110818672 0.782476022498704
0.267478143857822 0.805627433963842
0.27492789943965 0.802285512629165
0.267644686165483 0.805552758335036
0.261871212721675 0.808142436999244
0.35360089412328 0.766951540792307
0.314500098877828 0.784522739524164
0.356089369797178 0.76583228734597
0.264797463828765 0.80682999847816
0.272931130605548 0.803180821668097
0.298375292630129 0.791762963457983
0.30237388797202 0.789968578305365
0.2940883160151 0.793687176506941
0.352174256722846 0.767594777323276
0.288032151473692 0.796405699302627
0.269637162116988 0.804659178367439
0.347312911975761 0.769782431124146
0.268222994866414 0.805293355138478
0.274899624663458 0.802298215103512
0.328496885235106 0.778239677572579
0.294058365410634 0.793700665597797
0.313315497384854 0.785055226041267
0.356089369797178 0.76583228734597
0.285729006111471 0.797439512676809
0.350555036463467 0.768328170132783
0.288034599394676 0.796404600879109
0.294420611540604 0.793538112817737
0.27200614608247 0.80359587942192
0.308658144044239 0.787147456769109
0.336515862913047 0.77463200101488
0.320206085128361 0.781961224040506
0.269637162116988 0.804659178367439
0.341769621670242 0.772271580227938
0.274899624663458 0.802298215103512
0.351576702468514 0.76786331974702
0.274683461325624 0.802394682191591
0.264648709940458 0.806896698338419
0.267496348545665 0.805619230557608
0.292736938053672 0.79429418162035
0.273979125579758 0.802710577720711
0.292581229178881 0.794365279223089
0.274296760129947 0.802568367729673
0.273932290885465 0.802731671301022
0.324377209543206 0.780088040112857
0.287817422144892 0.796503619744237
0.325927769887064 0.77939251183387
0.271834409641123 0.803672949285295
0.294407512046358 0.793543823900042
0.280521458382192 0.79977536800006
0.27307232053132 0.803117902185836
0.293632888645896 0.793891995540502
0.26171829574096 0.808210996423112
0.336515862913047 0.77463200101488
0.271531142244815 0.803809040814289
0.271489184802454 0.803827930093503
0.267496193708042 0.805619350614399
0.317211259576826 0.783307915279317
0.342079435011999 0.772132340756313
0.282341504328792 0.798958419348505
0.275766269143962 0.801909626846945
0.368260208093268 0.760366215681394
0.377466857873781 0.756219561437019
0.28042723534171 0.799817650254764
0.30515418221755 0.788719785872177
0.26462621707 0.80690678385079
0.297974572716213 0.791942876022442
0.269340849195268 0.804791661519825
0.273870290334028 0.802760779896317
0.321051411299733 0.781581597158322
0.268129569268672 0.80533527411229
0.321051411299733 0.781581597158322
0.354953791912095 0.766343498591028
0.310861696516952 0.7861580836042
0.325708955179801 0.779489769395301
0.306628080277364 0.788057922343659
0.261680907196688 0.80822776866935
0.267989111819238 0.805398047689766
0.294369083752714 0.793561079686981
0.263498362858752 0.807412663259942
0.355276104797278 0.766201361664744
0.270093084273969 0.804454504335636
0.273176505808283 0.803071218692958
0.268315003024382 0.80525183434032
0.270666333555966 0.804197015976248
0.358022089337293 0.764962152344528
0.261446660845437 0.808332840448695
0.330604100657836 0.777290869204639
0.266918934086441 0.805878142322728
0.289651921340779 0.795679364143975
0.283544798044616 0.798418732454373
0.265560054855579 0.806488010736999
0.267913403638837 0.805432074593172
0.272527896998662 0.803362324675371
0.327504355241857 0.778682449262893
0.326980094643046 0.778919695269359
0.280811867694476 0.799645035294356
0.288543154737535 0.796176416094813
0.317419023443927 0.783213619553292
0.300765674523935 0.790690645307516
0.274694413273848 0.802389767994044
0.292671006396153 0.794324903211532
0.273435485213984 0.802954781873172
0.275095564095079 0.802209812162382
0.265560054855579 0.806488010736999
0.369071060019868 0.75999563961112
0.33070007677894 0.777247524243372
0.308372977520722 0.787275616809631
0.334225050758753 0.775662947483153
0.336394005451026 0.77469259922838
0.261446660845437 0.808332840448695
0.301862740377329 0.790199115824646
0.265501873889413 0.806513836475333
0.300621982708048 0.790753928224243
0.276255992071505 0.801689391838766
0.266759523391952 0.805949710479379
0.290498336482298 0.795299432041796
0.351184159517572 0.768042259041262
0.261446660845437 0.808332840448695
0.300120481702006 0.790979709377777
0.267913403638837 0.805432074593172
0.293583285392969 0.793914470862381
0.38365200730524 0.753438859555143
0.26462621707 0.80690678385079
0.282341504328792 0.798958419348505
0.261446660845437 0.808332840448695
0.288150541023105 0.79635208666602
0.32517984533682 0.779731213978679
0.276781538633772 0.80145428691196
0.363937605846204 0.762305875948007
0.274533027919219 0.802462170192097
0.339845585863479 0.773137170003877
0.291792183275615 0.794718015252904
0.378321481168817 0.755829954392252
0.267691713004281 0.80553206615182
0.266795272576301 0.805933683196149
0.266918934086441 0.805878142322728
0.272785205982539 0.803246546466384
0.275275973653709 0.80212961825913
0.27963542662351 0.800173227463701
0.300765674523935 0.790690645307516
0.265408710325409 0.806555656054366
0.27242609700969 0.803408667166691
0.350018350388935 0.768570715138983
0.275447984406287 0.802052190324959
0.285184842275789 0.797683191748337
0.269172797454806 0.804867377158914
0.270666333555966 0.804197015976248
0.269758353307376 0.804604531972455
0.329576815292513 0.777751119752895
0.268402756387899 0.80521302271833
0.27963542662351 0.800173227463701
0.351190285379052 0.768039504533415
0.292510753200719 0.794396203973224
0.330700638291496 0.777247278502817
0.279434754468754 0.800263284018321
0.265469765488891 0.80652850651471
0.305011978792411 0.788784933726303
0.262764820450239 0.807741659111168
0.347447476965654 0.769723379632049
0.274533027919219 0.802462170192097
0.290006126672475 0.795519233750621
0.264965998648919 0.806754177754112
0.313059657713114 0.78516976124325
0.264575490821039 0.806929587610514
0.266228340706933 0.806188306159359
0.287785023126588 0.796516626511693
0.269822837788455 0.804575611952498
0.329576815292513 0.777751119752895
0.270699587640931 0.804182041015071
0.266257572623645 0.806175196434735
0.26915582880638 0.804875073363354
0.330700638291496 0.777247278502817
0.271864492691906 0.803659761824557
0.262764820450239 0.807741659111168
0.261451668195569 0.808330594405827
0.325777316116384 0.779460386607583
0.263722854915282 0.807311991029477
0.275447984406287 0.802052190324959
0.344449915190875 0.771071354585314
0.298600627738149 0.791662501365226
0.348797619522126 0.769113082941981
0.270699587640931 0.804182041015071
0.275553254923895 0.80200483208733
0.261712476027634 0.808213618810687
0.27473675746973 0.802370772170778
0.259055579303713 0.809405281737214
0.278595525214873 0.800639457156988
0.263488444474626 0.80741707278742
0.265408710325409 0.806555656054366
0.259055579303713 0.809405281737214
0.293117027526423 0.794124329184877
0.300765674523935 0.790690645307516
0.277758378108734 0.801015841147028
0.293025535254206 0.794166673138184
0.326980094643046 0.778919695269359
0.289597261720883 0.795702631753713
0.270775925379882 0.804148461812858
0.364123741940982 0.762221715071283
0.295753171376541 0.792941146364089
0.284731385242436 0.797886582507479
0.277224365597749 0.801255870723195
0.262073764516562 0.808051585706941
0.347946709377923 0.769495451918029
0.266423951839064 0.806100332561053
0.340866444272332 0.772678003871331
0.25909228708455 0.809388817082625
0.330101833259395 0.777514701677327
0.296452978190118 0.79262662815553
0.280298731311176 0.799875938923932
0.274026869925113 0.802690074888937
0.276021467629484 0.801794271425147
0.289597261720883 0.795702631753713
0.268335373714838 0.80524321508336
0.29211073197219 0.794575784749419
0.262013374301629 0.808078645646887
0.33672980997851 0.774535752532948
0.269224290586676 0.804844023600385
0.336775709574318 0.774520435404905
0.25909228708455 0.809388817082625
0.312253351262126 0.785533888084254
0.263851445061885 0.807254307227373
0.336775709574318 0.774520435404905
0.290386937008782 0.7953493097103
0.265436534902227 0.806543175022188
0.300765674523935 0.790690645307516
0.259062321052291 0.809402258072225
0.344179400653948 0.771188202955755
0.265808385831337 0.806376404630217
0.348454840414168 0.769267467879977
0.262073764516562 0.808051585706941
0.290372999392113 0.795355506991453
0.340866444272332 0.772678003871331
0.270014369592815 0.804489602338646
0.326910881363245 0.778950214597385
0.261033351006796 0.808518237919575
0.288721394860971 0.796097651710062
0.262832026428364 0.807711554080549
0.331402640545439 0.776934849969642
0.340909255033973 0.772658679727067
0.331496180078294 0.776889478920621
0.357626906356777 0.765145885617764
0.335142435548495 0.775251010215479
0.27242609700969 0.803408667166691
0.357626906356777 0.765145885617764
0.300150354328074 0.790966781206244
0.296761511053603 0.792488353481516
0.272667849726188 0.80329948232028
0.31883752093952 0.78257643614744
0.26839786315671 0.805215217216946
0.264575490821039 0.806929587610514
0.343448116046487 0.771520093660561
0.308828522758197 0.787070076585751
0.269216058611509 0.804847493355784
0.319484256994051 0.782286862296498
0.313344035478979 0.785044987539074
0.290236195004609 0.795416945756759
0.264575490821039 0.806929587610514
0.262832026428364 0.807711554080549
0.320848685361351 0.781673430168737
0.276041604120156 0.80178576801383
0.341889401383458 0.772221586043051
0.298600627738149 0.791662501365226
0.267220179252818 0.805743189907925
0.29501355190133 0.793273246313175
0.28409829382204 0.798170018551795
0.274361562035835 0.802539556375175
0.330352947352732 0.777406782307116
0.266437936407026 0.806094059692911
0.263835300349099 0.80726155293234
0.2625886449343 0.807820695813321
0.280521458382192 0.79977536800006
0.274450684387858 0.802500361508555
0.298600627738149 0.791662501365226
0.302559502964773 0.789885604422245
0.354869287430206 0.766383680269464
0.340208353861015 0.772977853546716
0.27242609700969 0.803408667166691
0.327396243897936 0.77873405896679
0.271352624385219 0.803889069103506
0.262970139093342 0.807649407661308
0.268367757402542 0.805228179532908
0.263835300349099 0.80726155293234
0.300637087413483 0.790748411048039
0.266423951839064 0.806100332561053
0.331411584535161 0.776928041851238
0.25908709983746 0.809391143734864
0.290779184865054 0.795172914664376
0.262200861801024 0.807994477743086
0.29845875926674 0.791726933740296
0.26921976811807 0.804846196942869
0.269372077042268 0.804777764485922
0.325997567354456 0.779360613944894
0.29742305519665 0.792192722249428
0.269733773180864 0.804615281115783
0.272808518396327 0.803235913000768
0.294819493002497 0.793359208159867
0.26234985412473 0.807927676223943
0.327396243897936 0.77873405896679
0.25909228708455 0.809388817082625
0.267323453439219 0.805696562268132
0.270209204119906 0.804402386513072
0.259977870479009 0.808991594248971
0.276506079067139 0.801577514271459
0.359832763914901 0.764148716637917
0.308813647416976 0.787076697454848
0.342443285213384 0.771971429962238
0.279861865555962 0.800071923795738
0.259467258169305 0.809220630210725
0.259055579303713 0.809405281737214
0.286930060811367 0.796900150774382
0.262151885180867 0.80801644587105
0.26304785880316 0.80761476152045
0.300574177971773 0.790778077092852
0.296960885559977 0.792399246970113
0.261113191253711 0.8084823354926
0.273104235221558 0.803103291959299
0.291801170073167 0.79471498049966
0.302931497952206 0.789718868945432
0.261524664026917 0.808297855822573
0.294839717743258 0.793350022912198
0.33459337398628 0.775498199548883
0.300637087413483 0.790748411048039
0.259977870479009 0.808991594248971
0.271714573367049 0.803726701385228
0.274087704523524 0.802663077074878
0.333238861326212 0.776108073212364
0.370150491584073 0.759512295481816
0.284318764409278 0.798071507770644
0.274324212445812 0.802556718406129
0.278835836307626 0.800532117320997
0.304580029779374 0.788979206911023
0.310713126792924 0.786223395066372
0.266041326040664 0.806272018426266
0.330352947352732 0.777406782307116
0.291801170073167 0.79471498049966
0.318587987789796 0.782689379575141
0.270014369592815 0.804489602338646
0.270147503369026 0.804430059504162
0.273596669259622 0.802882412770636
0.301023004572372 0.790575175151274
0.267036402530747 0.805825404178121
0.259173924096461 0.809352199169477
0.296709468397962 0.79251143510508
0.271347024401225 0.803892229141075
0.263781363782246 0.807285623286128
0.263262573898911 0.807518465703062
0.271352624385219 0.803889069103506
0.276606406380493 0.801532753368163
0.270078397132026 0.804461036271121
0.304663596477219 0.788940784707647
0.313542982319298 0.784954622993463
0.274582529705985 0.802441040207315
0.290375809899978 0.795354602218019
0.269509030742865 0.80471629009684
0.266941795018765 0.805868096154111
0.261033351006796 0.808518237919575
0.294152101082958 0.79366001756268
0.332491161177896 0.776445430234523
0.275053521805241 0.802229798607873
0.298126213138223 0.791874712134022
0.277354821309993 0.801196662206731
0.280891581088131 0.799609453082568
0.302511039523631 0.789907751822229
0.260005274878988 0.808979352402091
0.270391681063737 0.804320741420984
0.291877381112905 0.79468152751063
0.270346609047029 0.80434075426194
0.373082223648347 0.758193192413619
0.26764170734612 0.805554139523441
0.285271779297101 0.797644971883478
0.283077652951065 0.798628797051709
0.278893381790075 0.800506404778366
0.320900574699875 0.781649341782793
0.264037306578359 0.807170757821082
0.294327972955369 0.793581012938561
0.283055495307005 0.798639395667483
0.280236304144756 0.799903886172864
0.280582149576503 0.799748601765707
0.270830667096647 0.804124046606727
0.267184896434262 0.805759211940626
0.263185954347099 0.807552819049919
0.276506079067139 0.801577514271459
0.29880705859695 0.791570708966093
0.264436497276941 0.806991924186086
0.284259777976129 0.798098530309699
0.302511039523631 0.789907751822229
0.263768631375824 0.807291281991427
0.28103671517676 0.79954430625566
0.37118420891727 0.759045901709122
0.3169410864882 0.78342880400527
0.285270380397836 0.797645883538491
0.261509698592839 0.808304559461034
0.282305713681983 0.798976353783145
0.267109645572735 0.805792639491171
0.269456955888803 0.804739580617881
0.259055579303713 0.809405281737214
0.266183057385101 0.80620846193233
0.305671671259637 0.788490109249021
0.298006361522756 0.791929373390127
0.268847219266626 0.805013005896309
0.29340812387358 0.79399402324517
0.28047174050353 0.799797903465978
0.309380651310973 0.78682312110563
0.259482260846488 0.809213909119683
0.259055579303713 0.809405281737214
0.321292515327783 0.781473263349274
0.259055579303713 0.809405281737214
0.278893381790075 0.800506404778366
0.261141019741762 0.808469943962421
0.295723858106575 0.792954055204786
0.320900574699875 0.781649341782793
0.289280349492534 0.795845345994734
0.263950148172576 0.807209969377843
0.262852943047168 0.807702035254225
0.261111518148266 0.808483194773379
0.284259777976129 0.798098530309699
0.266814600153748 0.805925141746648
0.368265410030871 0.760362403154969
0.269067039885701 0.804914488087649
0.264857478981508 0.806803056358999
0.279861865555962 0.800071923795738
0.263371776359439 0.807469373912425
0.263334006858053 0.807486226154295
0.269067039885701 0.804914488087649
0.26499264831586 0.80674242567188
0.269618469449273 0.804667000783571
0.259586656010499 0.80916710586431
0.270089195393817 0.804455926286893
0.29086826046745 0.795133398645173
0.3098391496694 0.78661790290245
0.271677194017093 0.803743827661928
0.272855304941123 0.803216289513129
0.263470741547273 0.807424986777398
0.34402848311441 0.77125826117664
0.310965574067745 0.786110055949296
0.317991555881794 0.782957175258151
0.25944449524179 0.809230826412022
0.275374952460009 0.802085218121961
0.298554988681915 0.791683064595588
0.261111518148266 0.808483194773379
0.263425009402777 0.807445402778044
0.317991555881794 0.782957175258151
0.258552622111323 0.809630877979408
0.296014388214054 0.792823586420611
0.276793201473514 0.801448717922917
0.262073764516562 0.808051585706941
0.277494542260899 0.80113404515806
0.313542982319298 0.784954622993463
0.274582529705985 0.802441040207315
0.261111742421047 0.80848309416689
0.290696606828035 0.795209824882527
0.306137932009719 0.788277538968593
0.278561580861221 0.800654875815275
0.290852705343069 0.795140226123249
0.319926505107395 0.782087994302568
0.29497502639838 0.793289826148967
0.262353055363858 0.80792636412502
0.289374924570164 0.795802909426778
0.285662083599181 0.79746897741395
0.336948393597052 0.774439157314077
0.309850491760057 0.786612098618561
0.264398965087326 0.807008605919188
0.352574664368953 0.767420515414679
0.268188199537979 0.80530877844027
0.259998378872028 0.808982445309639
0.269780520719029 0.804594916027824
0.262353055363858 0.80792636412502
0.334799043745553 0.775405259527261
0.267967889105389 0.805407947389261
0.320454384732663 0.781849695875003
0.267289249960372 0.805712530980089
0.320485703611174 0.781835615751769
0.28389811504022 0.798260731432174
0.328674102357817 0.778160111184464
0.29020311430902 0.795431994142474
0.262634102643928 0.807800169469837
0.313542982319298 0.784954622993463
0.258552622111323 0.809630877979408
0.284149423797287 0.798148071387426
0.279238557800995 0.800351968051419
0.297853071059903 0.791997869079841
0.268225804201635 0.805292099697724
0.262947068247579 0.807659773186093
0.277119782947101 0.801302872338085
0.25854913172526 0.809632445954456
0.3098391496694 0.78661790290245
0.318587987789796 0.782689379575141
0.266814600153748 0.805925141746648
0.276607283267204 0.801532663480209
0.307721656803772 0.787567157181634
0.283055495307005 0.798639395667483
0.281028605034639 0.799547780932848
0.260778913671391 0.808632345432639
0.268332624412596 0.805244195538674
0.298006546458785 0.791929289838558
0.268225804201635 0.805292099697724
0.270830667096647 0.804124046606727
0.327211424451273 0.778819080008656
0.316101174474181 0.783805172671271
0.287696647638711 0.796556704665372
0.334799043745553 0.775405259527261
0.26648406841203 0.806073120368678
0.279500487738447 0.800234420764031
0.275374952460009 0.802085218121961
0.270021167815495 0.804487189414538
0.271693117967032 0.80373665958211
0.281028605034639 0.799547780932848
0.27256787641972 0.803344321063424
0.292774407826725 0.794277828835876
0.266441137822217 0.806092440226567
0.265026094690902 0.806727310114428
0.297557030967045 0.792130297522616
0.277119782947101 0.801302872338085
0.262073764516562 0.808051585706941
0.309945557258127 0.786568964709425
0.266443371978098 0.806091622677857
0.284158981470033 0.798143791580278
0.290028220189587 0.795510409440667
0.295263828854732 0.793159100190839
0.335118693607772 0.775262078741204
0.264669898700074 0.806887251376291
0.289369484651726 0.79580571665842
0.258972668225924 0.80944247220895
0.266613918991219 0.806014879871197
0.259998378872028 0.808982445309639
0.323942248817179 0.780285367499997
0.269784821045754 0.804592684164542
0.258969873090575 0.809443732845915
0.298885800201302 0.791534981673119
0.268447431962952 0.805192610799009
0.318648744524075 0.782661643963383
0.266441137822217 0.806092440226567
0.263950148172576 0.807209969377843
0.317855296984555 0.78301739273066
0.271677194017093 0.803743827661928
0.294082267057107 0.793689914175871
0.340771236080045 0.772722403623905
0.261165376132602 0.808459024738354
0.274461613262469 0.802495283259116
0.260797252598 0.808624121339027
0.261588098310214 0.808269446215006
0.283053707688498 0.798640174565412
0.334634603632835 0.775479656521195
0.270912149632717 0.804087271625398
0.261475237514358 0.808319947328451
0.292891960800413 0.794224678275138
0.309941586306806 0.786570749574326
0.26077457917917 0.808634289291522
0.287294988056527 0.796736557616588
0.265026094690902 0.806727310114428
0.268219966607046 0.805294717178203
0.274604521015083 0.802430427578213
0.259152761294747 0.809361690919362
0.30995492966814 0.786564918336208
0.329400327582827 0.77783300113268
0.318827612305996 0.782578952330392
0.363142329125023 0.762661003750976
0.334087775599641 0.775725786956509
0.283673025380132 0.7983617839286
0.283673025380132 0.7983617839286
0.396946075495261 0.747445849621677
0.281070040266318 0.799530594427821
0.396946075495261 0.747445849621677
0.27789943863017 0.800952320981644
0.284826070761277 0.797844652101816
0.281070040266318 0.799530594427821
0.27789943863017 0.800952320981644
0.374337286584706 0.757624037334262
0.272816619579395 0.803232502104092
0.373786275272215 0.757871895094841
0.372886198572476 0.758277033647913
0.361053810402031 0.763606508241449
0.27789943863017 0.800952320981644
0.267145099597816 0.805776493206886
0.271011232827909 0.804042811764373
0.274116082870118 0.802649604581941
0.278415758648224 0.800720394656553
0.271428562720057 0.803855253957548
0.274386781727619 0.80252836840582
0.276832202280724 0.801431204225126
0.267145099597816 0.805776493206886
0.283646917206378 0.798373495551184
0.276832202280724 0.801431204225126
0.276233392807091 0.801700203506814
0.274045939496756 0.80268103518781
0.266960875951452 0.805859137494519
0.267145099597816 0.805776493206886
0.272804911195542 0.803237770484778
0.27512412760458 0.8021980997596
0.272135914169021 0.803538264757435
0.283646917206378 0.798373495551184
0.266960875951452 0.805859137494519
0.27512412760458 0.8021980997596
0.276923799608478 0.801390767476565
0.289847499932579 0.79559173572113
0.277812865127049 0.800991872341943
0.360745312398615 0.763745572654199
0.291107569190293 0.795024763599182
0.275093865830197 0.802211060772823
0.268592214062768 0.80512786354746
0.276158822561144 0.801733644203683
0.28689208222185 0.796916593533745
0.267069011894181 0.805810674981895
0.276233392807091 0.801700203506814
0.289736550749968 0.795640589351312
0.289950808882749 0.795545378727176
0.275005774165382 0.802250533542477
0.291107569190293 0.795024763599182
0.272184422774728 0.803515712259189
0.273086294196087 0.803111881990404
0.283002750700454 0.79866278772135
0.266815385166297 0.805924392637683
0.276233392807091 0.801700203506814
0.290773419103846 0.795175479283357
0.283898237682565 0.798260361590948
0.267145099597816 0.805776493206886
0.282885684912912 0.798714899567087
0.267507464261979 0.805614312808216
0.277558780570705 0.801104657630291
0.290773419103846 0.795175479283357
0.277525709830429 0.801119539207118
0.309064450904847 0.786965864683857
0.282573304050506 0.79885513018916
0.288079065274696 0.796385125520632
0.278098537505192 0.800862743925761
0.275241954800807 0.802144954249626
0.395180881510292 0.748234119277596
0.28203551144905 0.799096059486218
0.266425597902553 0.806099404600515
0.286658294838535 0.797021812928203
0.278098537505192 0.800862743925761
0.306448940321474 0.788139605795212
0.266424002909986 0.806100119232466
0.270614640663129 0.804220578345064
0.289325889604376 0.795824590185261
0.27497370206481 0.802264743479728
0.33372262439765 0.77589315822196
0.264617881476106 0.806910380998655
0.294414761641518 0.793540378179019
0.266424002909986 0.806100119232466
0.316482707953776 0.783633115439677
0.284559671370748 0.797963361398451
0.267498059856901 0.805618455984498
0.27111976063379 0.803994108425772
0.268915097369372 0.804982860192388
0.31647407438306 0.783637020311483
0.287076152506023 0.796834503725518
0.284939470131304 0.797793060265764
0.282935907875992 0.798692898564953
0.309252771302965 0.786881596981023
0.264617881476106 0.806910380998655
0.275395549311309 0.80207575792022
0.271119362442986 0.803994286996302
0.28203551144905 0.799096059486218
0.264617881476106 0.806910380998655
0.282257894642946 0.798997478700602
0.283651962283772 0.79837158134406
0.271119362442986 0.803994286996302
0.264632206732685 0.806903956232374
0.294414761641518 0.793540378179019
0.309317389258538 0.78685210689451
0.268915097369372 0.804982860192388
0.277342254758699 0.801201899370009
0.269247978983331 0.804833761858947
0.29398761764124 0.793732081407633
0.266262626988546 0.806172509284141
0.264617881476106 0.806910380998655
0.29398761764124 0.793732081407633
0.338886042616591 0.773572749967226
0.272345403995146 0.803444124934371
0.278572292043371 0.800650744856745
0.274847162918817 0.802322107509963
0.289702626818384 0.795655409317747
0.290391027048398 0.795346020246314
0.283651962283772 0.79837158134406
0.311626873673941 0.785816594811915
0.282257894642946 0.798997478700602
0.345265993861361 0.770705227690799
0.285317324706875 0.797624109594768
0.270587829982226 0.804232750113177
0.264617881476106 0.806910380998655
0.266322606768726 0.806145611662558
0.272345403995146 0.803444124934371
0.275136808218239 0.802192232332282
0.265349115361786 0.806582549269845
0.29687419484566 0.7924364020193
0.269247978983331 0.804833761858947
0.265404857614461 0.806557568293443
0.265394201546828 0.806562079553911
0.270540227983017 0.804254098047021
0.282217385010539 0.799014474591236
0.27064373385952 0.804207334835058
0.300698775005839 0.790722756371008
0.305961217445437 0.788357020011649
0.270186557604569 0.804412841471713
0.285890801829803 0.797366261067109
0.266424002909986 0.806100119232466
0.350616593751139 0.768301071237735
0.273736484484146 0.802820259857176
0.274181409218715 0.802620184973125
0.294174431248448 0.793648791251262
0.268348034269933 0.805237121228993
0.267760494947675 0.805500713871044
0.287611883215057 0.796593856621628
0.2754698760757 0.802042895700212
0.285890801829803 0.797366261067109
0.275136808218239 0.802192232332282
0.281993838139469 0.799115097604428
0.30481157772149 0.788875847521219
0.27596736953819 0.801819807539086
0.270098841446165 0.80445208795003
0.276989314493527 0.801361125445706
0.275136808094592 0.802192232387732
0.289247666102153 0.795860007662946
0.285041341218539 0.797747899111776
0.264598575624266 0.806919040978197
0.356736326974236 0.765545250397735
0.270492408691021 0.804275090344669
0.284972626139213 0.797778734082633
0.273036000001679 0.803134437173556
0.266609818911943 0.806017039110209
0.280504389441095 0.79978473004016
0.269135406939331 0.804884177476493
0.282306120604356 0.798975226592069
0.280160263649501 0.79993885659666
0.267448622089455 0.805640765107399
0.312779132864147 0.785299131100145
0.273062617981942 0.803122740616084
0.281108477531261 0.799513307145828
0.274776337767019 0.802353355678596
0.287634181530519 0.796584142019449
0.282394008781774 0.798935781339254
0.283438021659276 0.798468352463109
0.266579341670217 0.806030706796958
0.282362385099982 0.798950066809835
0.276909380050469 0.801396977536662
0.26859632674425 0.805126018745035
0.334437926909895 0.775571896246994
0.270198816445568 0.80440725042557
0.281662500370323 0.799264078519515
0.268592214062768 0.80512786354746
0.297825367714133 0.792009586381687
0.266096821638687 0.806246999677198
0.264601177516867 0.806917873847526
0.287738581273551 0.796538130919127
0.275527306839349 0.802016541064354
0.273199940095315 0.80306090524235
0.270630204396494 0.804213557951156
0.266622388789047 0.806011400134004
0.273276416486161 0.803026305789268
0.26679842169495 0.805932543141867
0.276908600233565 0.801397327467881
0.275949097325893 0.801827486381539
0.30481157772149 0.788875847521219
0.270630204396494 0.804213557951156
0.269589053622129 0.804680605193807
0.26800794616086 0.805389891114019
0.319401367435006 0.782324499318074
0.281386304434391 0.799387541657299
0.288936576977752 0.796001033761173
0.271247446230651 0.803936819813183
0.266649665886009 0.805999258027066
0.294663708389478 0.79342862491629
0.317401355112118 0.783222841653414
0.319401367435006 0.782324499318074
0.29398751781509 0.7937342874224
0.276806758889756 0.801442316832543
0.276908600233565 0.801397327467881
0.266708161389213 0.805972970206254
0.279980872640269 0.800018751935464
0.268279706305796 0.805267996089151
0.275672916521188 0.801950826889474
0.329363419908755 0.77784726762484
0.271255725964696 0.803933106660898
0.294357079453855 0.793567338210085
0.273276416486161 0.803026305789268
0.266649665886009 0.805999258027066
0.264598575624266 0.806919040978197
0.273700802294404 0.802835922476784
0.280432138881107 0.799815833029463
0.285065111951914 0.797737228733163
0.276904131047446 0.801399332949664
0.275059401953756 0.802226508518827
0.272979949002422 0.803159509019553
0.277467231857252 0.801146363541621
0.295902796614836 0.792873647032301
0.277300039270793 0.801220999357428
0.280432440686021 0.799815697989116
0.264598575624266 0.806919040978197
0.378669792585713 0.755677484749003
0.2958589290495 0.79289451181232
0.264598575624266 0.806919040978197
0.279980872640269 0.800018751935464
0.276755468884385 0.801465401553572
0.278442216319766 0.800708766632911
0.261289570744197 0.808403297747733
0.276415167083181 0.801618155382992
0.265522674489855 0.806504585712433
0.269589053622129 0.804680605193807
0.264598575624266 0.806919040978197
0.293725791327487 0.79385061342636
0.275059401953756 0.802226508518827
0.324881974575603 0.779864075461571
0.272980669297205 0.803159185857007
0.277185276094753 0.801272286116958
0.272356491097963 0.803438913204209
0.275059401953756 0.802226508518827
0.270687782800841 0.80418766365197
0.279387938505637 0.800283812638937
0.272291329977135 0.803468055976055
0.265893981384212 0.806337986217154
0.279921620078657 0.800044167581866
0.260625132316119 0.808701276753864
0.280432440686021 0.799815697989116
0.276130793802986 0.801746769636822
0.282067022264576 0.799081858217646
0.277887905259454 0.800957139497536
0.380226208533247 0.754973349976084
0.27159148144297 0.803782153368006
0.285317608005592 0.797623355901119
0.273571016499258 0.802894125716067
0.318130626416689 0.782893301329391
0.274659864096391 0.802405746569156
0.270788826815723 0.804142345147809
0.309272041695842 0.786870669131951
0.275357599422015 0.802092567654983
0.274020420848201 0.802692542096509
0.276130793802986 0.801746769636822
0.280432440686021 0.799815697989116
0.272051527931743 0.80357563192141
0.377392095676121 0.756253116025305
0.318071712482786 0.782919763050937
0.26304012944312 0.80761816675569
0.280971922067718 0.799573586653585
0.274196711578956 0.802613386779175
0.264930182425414 0.80677049499178
0.264128847171018 0.807129742688969
0.267579263961823 0.805582311326102
0.292463270669229 0.794416403887403
0.261289570744197 0.808403297747733
0.271056622385277 0.804022012493351
0.26608355672461 0.806253115851838
0.285233282710971 0.797661221490057
0.26304012944312 0.80761816675569
0.319288759192014 0.782372815834455
0.259894086103341 0.809029186753725
0.268648957231476 0.805102418283583
0.292172316190947 0.794547934641073
0.277391999146512 0.80117952560374
0.264380520691054 0.807016999721647
0.280290520455839 0.799878625502129
0.279657376618156 0.800162957288641
0.269629673879253 0.804662218493117
0.279063899339328 0.80042944197229
0.289189997331893 0.795885618415682
0.266649665886009 0.805999258027066
0.277194972564954 0.801269171722316
0.274519631437575 0.802469210248909
0.280704299225715 0.799694828423454
0.267315994787096 0.805700297590429
0.270788826815723 0.804142345147809
0.259972223490471 0.808994139014105
0.268535310051883 0.805153350831416
0.273610920368865 0.80287621793788
0.265061870936294 0.806711421551075
0.290322986320145 0.79537811370149
0.282067022264576 0.799081858217646
0.274551959247355 0.802454185422852
0.341484582938937 0.772403286642315
0.269589053622129 0.804680605193807
0.266838129383421 0.805914368945104
0.265895888598391 0.806337283064543
0.265246119002868 0.806628720472436
0.377650774413566 0.756138423704088
0.274856527604525 0.802317433487042
0.286459522530485 0.797111624766623
0.284423822820907 0.798024875185041
0.265772847681503 0.806392314534061
0.268078488260187 0.805358186296578
0.329195986483616 0.777927076770774
0.322023339089308 0.78114767843333
0.29009888230031 0.7954782324843
0.280911479194717 0.799600404000907
0.266117729130498 0.806237725046422
0.279190362007697 0.80037305048313
0.267344966727836 0.805687529446133
0.273571016499258 0.802894125716067
0.281284375287757 0.799433139681168
0.296248086333625 0.792719287550829
0.274494789620696 0.802479855583005
0.268503845555004 0.805167580015468
0.349442950740303 0.768822857458003
0.282775436494194 0.798764757294506
0.260625132316119 0.808701276753864
0.278569148024703 0.80065149842857
0.267946365442168 0.805417611109814
0.290551838000067 0.795274773959962
0.287253501800315 0.796754927902215
0.296994460547217 0.792381966652701
0.28416709834752 0.798139445853442
0.261231144179727 0.808429502856122
0.282779975505269 0.798762690317906
0.280589058121871 0.799745435357631
0.268069443920587 0.805362325999739
0.28985679701842 0.795586868667613
0.281681215068775 0.799255528401257
0.270895760842289 0.804094378152051
0.306462799384421 0.788133333645096
0.263350491443292 0.807478972204651
0.259894086103341 0.809029186753725
0.276753300709833 0.801466716931376
0.266923242384509 0.805876514432465
0.26376412391492 0.80729334476091
0.281186383313333 0.799477664049163
0.261079058083583 0.808497719271119
0.313239121196432 0.785090253986463
0.389789189900235 0.750668108199763
0.266923242384509 0.805876514432465
0.259965001081267 0.80899737864308
0.287253501800315 0.796754927902215
0.274623622759556 0.802421663440424
0.260647041008308 0.808691448345583
0.287160463580134 0.796796533018284
0.286057697357699 0.797291344187202
0.293709509127866 0.793856742531669
0.273493488483622 0.80292926987032
0.268370823224771 0.805226724272498
0.270535483656569 0.804255957198841
0.27949358715715 0.800237195420732
0.267909160854611 0.805434048230045
0.287966644088314 0.796435523616852
0.287124199191513 0.796812804600057
0.274884322746979 0.802305452078111
0.261539588192417 0.80829116620534
0.287836770011645 0.796494808372341
0.287102069052437 0.796822837694257
0.259894086103341 0.809029186753725
0.276762045036487 0.801462792912066
0.275950854202603 0.801826280066582
0.284423822820907 0.798024875185041
0.281186383313333 0.799477664049163
0.259800913045734 0.809070974750931
0.271337952830756 0.803896028745288
0.269397810398307 0.804766372864518
0.27093879651817 0.804075076543136
0.29788079377738 0.79198413481309
0.287124199191513 0.796812804600057
0.274317392790481 0.80255901307538
0.274211979149381 0.802606885759946
0.267908366099502 0.805434404009659
0.261499562613068 0.808309132978508
0.283390721639007 0.798488556601323
0.286519355534954 0.797084727272188
0.274884322746979 0.802305452078111
0.263531131056798 0.80739780864013
0.276762045036487 0.801462792912066
0.270535483656569 0.804255957198841
0.279457917209258 0.800253306792693
0.265780788005178 0.806388844198163
0.270157945503281 0.804425487839533
0.26384882835798 0.807255461830222
0.269254773387813 0.80483035285688
0.266117729130498 0.806237725046422
0.283390721639007 0.798488556601323
0.261949732070209 0.808107214872039
0.287124199191513 0.796812804600057
0.260314590358592 0.808840569348591
0.264770359103626 0.80684220396388
0.273131291132289 0.80309116129984
0.26304012944312 0.80761816675569
0.286853082226603 0.796935105517665
0.281162230028715 0.799488499255712
0.265579872513564 0.806479196709566
0.260452712455494 0.808778640932067
0.264852796067256 0.806805002651104
0.259800913045734 0.809070974750931
0.269254773387813 0.80483035285688
0.272291329977135 0.803468055976055
0.260473854944256 0.808769147613265
0.269500624708699 0.804720177511015
0.264770359103626 0.80684220396388
0.276756577841857 0.801465244591604
0.269267278691462 0.804824901910878
0.337263481531613 0.774299842447997
0.261961594297776 0.808101883883708
0.274154081218124 0.802632444609747
0.282775436494194 0.798764757294506
0.261494585351551 0.808311308805551
0.307189945062614 0.787806777469362
0.260482192357599 0.808765408393648
0.266117729130498 0.806237725046422
0.309243032244885 0.786885325281978
0.280343112087419 0.799855949662647
0.282775436494194 0.798764757294506
0.283001993616847 0.798662933381626
0.281986592092168 0.799118796000154
0.273192249950446 0.803064190837173
0.269500624708699 0.804720177511015
0.264208310307971 0.807094251561023
0.294719045723877 0.793405328878454
0.288995409761351 0.795974402390322
0.272724090795645 0.803274181681612
0.33515153134223 0.775249686155324
0.261494585351551 0.808311308805551
0.32762668837313 0.778631619492045
0.286596232738776 0.797049890918018
0.259800913045734 0.809070974750931
0.269500624708699 0.804720177511015
0.268146066330001 0.805328358020427
0.263007895206169 0.807632623034095
0.264059083277829 0.80716098283034
0.259800913045734 0.809070974750931
0.316647687068685 0.783562750457239
0.27160428128656 0.803776655144048
0.275221580786018 0.802153221065537
0.281159868905011 0.799489824528106
0.285955766436563 0.797337310586104
0.264208310307971 0.807094251561023
0.275617341252435 0.801976308403074
0.272925913367431 0.803183642733288
0.269500624708699 0.804720177511015
0.26824327696606 0.805284660730124
0.272681664705808 0.803293214421347
0.259842363268891 0.809052384733646
0.273443203078254 0.802951493151569
0.324216280902647 0.780161871984626
0.259792071877094 0.809074940188685
0.274154081218124 0.802632444609747
0.278455710333424 0.800702767886351
0.270405586514306 0.804314156323871
0.261494585351551 0.808311308805551
0.271471795943459 0.803835986713735
0.27505380432338 0.802229234209413
0.285385494748169 0.797593740085204
0.269277483844285 0.804820910889621
0.259044467349723 0.809410289615959
0.278849523436789 0.800526427570428
0.316631757148643 0.783568768480801
0.288054876037545 0.79639598161131
0.274746645782251 0.802366959463106
0.310270230265801 0.786425087969243
0.375718922338235 0.757004219849673
0.267900708451485 0.805437839787986
0.297850723522103 0.791998980474029
0.310095572809868 0.786503370829791
0.270677198948091 0.804192313854018
0.278869404203214 0.800517513683736
0.26574050954164 0.806406886635029
0.290215230000582 0.795426182044905
0.28799981561492 0.796420557769129
0.308431072612148 0.787250218429847
0.271614450912165 0.803772461895963
0.278849523436789 0.800526427570428
0.270405586514306 0.804314156323871
0.271865498001337 0.803659087202605
0.259842363268891 0.809052384733646
0.274154081218124 0.802632444609747
0.284952107308751 0.797788608802683
0.287944342298394 0.796445064595909
0.277251365019227 0.8012434199451
0.260941425005403 0.808559457269419
0.267605551679519 0.805570181239334
0.32492673499124 0.779841915345399
0.271434261130577 0.803853187598018
0.317836377663405 0.783028178637087
0.272683377366171 0.803292446100285
0.26574050954164 0.806406886635029
0.266045244179341 0.806270428080771
0.277251365019227 0.8012434199451
0.37530759389787 0.757188853251219
0.360499275252862 0.763851932406892
0.294786837131212 0.793374401822492
0.288303829338314 0.7962839087354
0.279928755531719 0.80004152263198
0.271694918780458 0.803736246283167
0.307542706857478 0.787649837932274
0.288897983881908 0.796018153677022
0.290375954781548 0.795354086553489
0.267930194230009 0.805424603819125
0.27369295317468 0.802839992703399
0.269277483844285 0.804820910889621
0.309810512713913 0.786631229984256
0.294641166441081 0.793438820979182
0.327881974652004 0.778516072687843
0.271485713118069 0.803829403143865
0.275891743294527 0.801853253344077
0.321266865513782 0.781486434686447
0.266618992576746 0.806013092026057
0.274126957223084 0.802644905075298
0.316187917493744 0.783767192995422
0.258685509509265 0.809571285199716
0.287425329319498 0.796678812506318
0.277251365019227 0.8012434199451
0.276815419857557 0.801438851794289
0.282796106478958 0.798755858475612
0.272607107832145 0.80332659904249
0.271597439407695 0.803779493229913
0.297432962762244 0.792187235594924
0.266399044269492 0.806111369315112
0.393010382546648 0.749219358989875
0.28680768968828 0.796954184135404
0.285336168831504 0.797615122845642
0.394636665100435 0.748487717539056
0.28680768968828 0.796954184135404
0.303920308583806 0.789272704865572
0.28680768968828 0.796954184135404
0.287829973222604 0.796495739491187
0.28779074639709 0.796513135894786
0.296661369530832 0.792532319113955
0.288412686693391 0.796234164194086
0.28680768968828 0.796954184135404
0.289210131020149 0.795876207134395
0.289747003168582 0.795635560756574
0.286067326042063 0.797287233254092
0.299576569363816 0.791223494348013
0.29712227916809 0.792325131322765
0.286295972574786 0.797184438029314
0.37716001893398 0.756360350785628
0.302821003994606 0.789767409844894
0.295521815603425 0.793043739289653
0.285237352312541 0.797659266703918
0.286773274195992 0.796969963300917
0.285237352312541 0.797659266703918
0.293328080671487 0.794029378141108
0.284186792250353 0.798130828106069
0.293459987904662 0.79396945585512
0.298654753415464 0.791637564338527
0.284026650361834 0.798202684159493
0.287641012598959 0.796580412772131
0.290886985781882 0.795124266322821
0.303698420390711 0.789374148048418
0.280787595120032 0.799655563706668
0.298765574247407 0.79158778723216
0.296243171150773 0.792720028109555
0.284186792250353 0.798130828106069
0.294122526694441 0.793671373524069
0.287756135792439 0.79652835026664
0.281612003067283 0.799285635933981
0.282330154639637 0.798963899250586
0.280022462794227 0.799998886317783
0.279153207376343 0.800389626572744
0.291062185262604 0.79504564541518
0.282117959114361 0.799059106763379
0.277467691117038 0.801145464749882
0.280642761407206 0.799721013180924
0.28647013819834 0.79710701165123
0.298654753415464 0.791637564338527
0.289083314033102 0.795935353233037
0.283272144127682 0.798541228958091
0.277576458214282 0.801096700721215
0.286267976278892 0.797196934191521
0.297841780970239 0.792002220567548
0.301215962550227 0.790488092962388
0.297498621574901 0.792156494151568
0.284443860119575 0.798015500063017
0.273080724005489 0.803114768345891
0.296243171150773 0.792720028109555
0.307580052372949 0.78763364106117
0.283642926281628 0.798374760037171
0.27575694602992 0.801913006413449
0.285866610929783 0.797377343971196
0.292061811773187 0.794597618322996
0.283077441394148 0.798629123330506
0.284443270054408 0.798015764908404
0.271416223368824 0.803861227015308
0.347574275190396 0.76966568430504
0.291801700230491 0.794714706768398
0.298654753415464 0.791637564338527
0.272282716856059 0.803472655487031
0.28585217382896 0.797383824156995
0.283077441394148 0.798629123330506
0.276077883757227 0.801769013359339
0.282444353093873 0.798913335812953
0.311446325744672 0.785896003658141
0.277549561791022 0.801108663915941
0.284408282057491 0.798031129950407
0.269311858255179 0.804804537897514
0.298785375770055 0.791578946308524
0.28322590923251 0.798562711772965
0.297461835501767 0.792173396551298
0.287401590260826 0.796687840970426
0.291963185208899 0.794641148550167
0.283713709283493 0.798342926523926
0.289210131020149 0.795876207134395
0.282601574366344 0.798842471419406
0.299821792709288 0.791113372513212
0.28573439263455 0.797436657241601
0.270938653525112 0.804075328563027
0.297461835501767 0.792173396551298
0.283713602605864 0.798342974394472
0.311446325744672 0.785896003658141
0.282356221876927 0.798952031645519
0.292203047393753 0.794533232432197
0.290886985781882 0.795124266322821
0.282209753009958 0.799018102810028
0.284957977686564 0.797784707192153
0.283975783047715 0.798225544559898
0.282601574366344 0.798842471419406
0.289210131020149 0.795876207134395
0.280642761407206 0.799721013180924
0.270938653525112 0.804075328563027
0.323038556622963 0.780690032214082
0.269603786685073 0.804673579823847
0.290024492391457 0.795511247118301
0.287080253882706 0.796832261697965
0.270764832189565 0.804152716436103
0.278699527362922 0.800593518469137
0.283975783047715 0.798225544559898
0.275858875700149 0.801867236380376
0.278179826603924 0.800827483817409
0.269369590186858 0.804778587532894
0.297461835501767 0.792173396551298
0.352067008904455 0.767646607373593
0.269311858255179 0.804804537897514
0.280642761407206 0.799721013180924
0.270764832189565 0.804152716436103
0.270764832189565 0.804152716436103
0.394484659671911 0.748554031517822
0.281500388420325 0.799336727244166
0.297414191510449 0.792194778774579
0.269311858255179 0.804804537897514
0.285209905775199 0.797671775116143
0.269890418488952 0.804545300022337
0.286693525799138 0.797006242150149
0.394484472756071 0.748554125549961
0.283934210530497 0.798244412455296
0.314276402318021 0.784626025687216
0.28827580437178 0.79629621775752
0.27614002494237 0.801741828634851
0.300019099017333 0.791025153345088
0.290024492391457 0.795511247118301
0.390850700480109 0.750193123859976
0.283934210530497 0.798244412455296
0.297414191510449 0.792194778774579
0.318098815882312 0.782909366186781
0.283934210530497 0.798244412455296
0.288238513174983 0.796312993858011
0.276503633673844 0.801579107657427
0.282234736338702 0.799006986925694
0.300654563351262 0.79074116844277
0.275904512026551 0.801847266873168
0.270764832189565 0.804152716436103
0.289375936001437 0.795801857718491
0.269003904676576 0.804942682709812
0.277389669374195 0.801180445032683
0.317228486275515 0.783299522146025
0.269003904676576 0.804942682709812
0.282930477623272 0.798694194944653
0.324926685677783 0.779842722384625
0.269003904676576 0.804942682709812
0.289375936001437 0.795801857718491
0.280416301345619 0.799822891764523
0.297917711325732 0.791968813355849
0.271086371541697 0.804008516808786
0.296846252921639 0.792449702178182
0.287515776219854 0.796637366427735
0.284976331017081 0.79777655433083
0.284946041165074 0.797790584322482
0.276538656909785 0.801563316698514
0.278818080956586 0.8005396925261
0.282930477623272 0.798694194944653
0.272016832404789 0.803591993784139
0.268292566029365 0.805262340962009
0.26852501475893 0.805157794977233
0.323767123870429 0.780362066653672
0.294003624081702 0.793725669890454
0.331520609810117 0.776879069639742
0.281963540806669 0.799128677324614
0.285209905775199 0.797671775116143
0.274378067645762 0.802533249546962
0.300367775109627 0.79086755811689
0.268855225628561 0.805009406933891
0.279740290654428 0.800125548997749
0.312341620216906 0.785491975614752
0.285291827872302 0.797635011551413
0.279256902947358 0.800343332925693
0.282264001192474 0.798993891399843
0.281963540806669 0.799128677324614
0.28818337867318 0.796336510294603
0.274744669100366 0.802368010418529
0.26847703250959 0.805179617059396
0.28964372242072 0.795681485585462
0.273524838978725 0.802915261413848
0.276503633673844 0.801579107657427
0.270659568825065 0.804200442911017
0.279378456004543 0.800287978294606
0.285284502121963 0.797638299064051
0.285447233004776 0.797565232189325
0.296830667298808 0.792456784166991
0.282871544760646 0.7987212503292
0.272270832415092 0.803477972385088
0.279903246666411 0.800052718445923
0.299349581831642 0.79132467507491
0.273601633205145 0.802880418235869
0.283278443505711 0.798538517761014
0.291839774581691 0.794696015847363
0.26985691162417 0.804560671194387
0.284135873605565 0.798153944561396
0.285447233004776 0.797565232189325
0.283730734027698 0.798335757015588
0.289375936001437 0.795801857718491
0.272627538406443 0.803317681516044
0.29384065940546 0.793799518296121
0.281928411375342 0.799144427223106
0.268517763349008 0.805161348072411
0.282452868383377 0.79890872549279
0.274027819166362 0.802689801939579
0.284701664525779 0.797900022144713
0.280133836955654 0.799949257200379
0.300840766876053 0.7906558043259
0.271128435507651 0.80398964086745
0.272682829235081 0.803292877794508
0.27117982611336 0.803966595849179
0.268855365936432 0.805009344188066
0.300367775109627 0.79086755811689
0.286421778982522 0.79712809162203
0.312063486795105 0.785618351652191
0.299078240927601 0.791447181071301
0.27117982611336 0.803966595849179
0.289520120566344 0.79573719115274
0.282493816643933 0.79889037266696
0.272627538406443 0.803317681516044
0.268321116599756 0.805249245765333
0.278436300761467 0.800711326884316
0.28391820389473 0.798251577643245
0.272362046241455 0.803436178274803
0.31663899623937 0.783564874914179
0.284428721164814 0.798024339786523
0.288273520575836 0.796297264269216
0.273524838978725 0.802915261413848
0.27093546239044 0.804077113972296
0.300840758433398 0.790655808251947
0.282353458111738 0.798954075333586
0.288454871330611 0.796216043881164
0.276859998198847 0.801418529216281
0.278436300761467 0.800711326884316
0.274744669100366 0.802368010418529
0.289520120566344 0.79573719115274
0.291973478906898 0.794637260467371
0.271086371541697 0.804008516808786
0.295334458082488 0.793130419454018
0.279903246666411 0.800052718445923
0.300843961908557 0.790654368032175
0.275469887169497 0.802042607129367
0.293389255378967 0.794002065027435
0.268855365936432 0.805009344188066
0.271756950331991 0.803708762178844
0.317638504585004 0.78311852718825
0.377212766699983 0.756331618188359
0.27499303850351 0.802255737347951
0.272896991252645 0.803196715750379
0.268892040999277 0.804992890373137
0.282210674838925 0.799017521554261
0.2745408125208 0.802459692372809
0.272686267015238 0.803291928429408
0.288768879940266 0.796074115084223
0.268213391311678 0.805297847866958
0.285349650809707 0.797609109589081
0.281367687231029 0.799395760428767
0.27093546239044 0.804077113972296
0.282210674838925 0.799017521554261
0.26898042927173 0.804953236153695
0.284240092605055 0.798107208835654
0.373898710193932 0.757821547505558
0.275282193175009 0.802126249800757
0.300806530300032 0.790671165191331
0.287198038392587 0.796779867715775
0.272686319354074 0.803291904952952
0.285349650809707 0.797609109589081
0.28453554120126 0.797973635198322
0.278949623252563 0.800482042577418
0.304727073271658 0.78891096558236
0.272686267015238 0.803291928429408
0.276550261472307 0.801557138242252
0.27895952804455 0.80047616037521
0.268890793955211 0.804993974183826
0.268950963912859 0.804966451968448
0.279863739770298 0.800070445478582
0.281683716983523 0.79925339351645
0.271731734140716 0.80371973644081
0.275888481364248 0.80185402697044
0.267545553073867 0.805597244950722
0.301206175565828 0.790492665898918
0.276323816808899 0.801658733245483
0.279306185251859 0.800320680706043
0.274659192283962 0.802405917726484
0.274763737522351 0.80236030245966
0.286709199174643 0.797000141566581
0.271785184143824 0.803696013608319
0.280221456808662 0.799910571986406
0.279506230210413 0.800230944270189
0.283078524542174 0.798628527317037
0.271420400188689 0.803859730612527
0.296664024960656 0.79253228743908
0.276581159109252 0.801543275363967
0.294021030586208 0.793719346058923
0.286709199174643 0.797000141566581
0.288062748733308 0.796390998261529
0.27337534441176 0.80298158094714
0.286368593485885 0.79715223503669
0.272772357226493 0.803252914524801
0.26883645461861 0.805018055049763
0.267568670631837 0.805586869938852
0.271046715227431 0.804027277511926
0.269897191449239 0.804542769206656
0.277501644369838 0.801130976574749
0.283450409391782 0.798461426936052
0.309212736546401 0.786898187363964
0.281086649903808 0.799521705338509
0.286292159984136 0.797186296869659
0.296664024960656 0.79253228743908
0.267545553073867 0.805597244950722
0.276891963676326 0.801403712312972
0.270743016702805 0.804163055144576
0.267545553073867 0.805597244950722
0.275282193175009 0.802126249800757
0.281958548128321 0.799131555381709
0.277716831987515 0.801034065379311
0.279884457197511 0.800061030966279
0.289143453974446 0.795906861977758
0.271208417639087 0.803954236469119
0.316721754393456 0.783525028659348
0.276516265177508 0.801572411739605
0.283131490599627 0.798603916495496
0.278878794264548 0.800512070860285
0.274182780442605 0.802619183806569
0.288202807301234 0.796328902391767
0.30317840087687 0.789607450755737
0.272237946153041 0.803492385089022
0.268447065768735 0.80519287317636
0.270558255976982 0.804245964034004
0.269985366466609 0.804502667370947
0.306829375993381 0.787968886913097
0.271155528277277 0.803977535445499
0.270806210386455 0.804134932822261
0.270682240869315 0.804190026778303
0.278408035338116 0.800723692427072
0.29233277761167 0.794475113658807
0.269985366466609 0.804502667370947
0.283131490599627 0.798603916495496
0.267545553073867 0.805597244950722
0.267540420988241 0.805599549808518
0.275946853101906 0.801827660679852
0.29969881849429 0.791170832465262
0.280799208927474 0.799651083306507
0.274564455119898 0.802447939086284
0.271960334571701 0.803616475900878
0.30317840087687 0.789607450755737
0.273732651278645 0.802821293831632
0.273513253584764 0.802920164860296
0.283652219167691 0.798371022206752
0.2769334591288 0.801385774630603
0.276647044801979 0.801513555585329
0.294696233599063 0.793414784733364
0.279896249190708 0.80005630792462
0.33700911375295 0.774415464584287
0.281330314594669 0.799412152114173
0.279201670130771 0.800367904627348
0.275981693898465 0.801811961188663
0.278467272934253 0.800697567330251
0.360046564524077 0.764055921496297
0.306169380382981 0.788264543212237
0.279551008757818 0.800211102194268
0.301864135127159 0.790197537160373
0.271871435361234 0.803656694135124
0.290916695291347 0.795110962603111
0.307293934410603 0.787760116045767
0.294011239283496 0.793721736089375
0.30317840087687 0.789607450755737
0.291069092335961 0.795042661015984
0.276413902925068 0.80161957826381
0.26977254574309 0.804598174105922
0.304106977830642 0.789190397139676
0.279896249190708 0.80005630792462
0.272696961599389 0.803286532721693
0.305943204144253 0.788366567750579
0.273056985892162 0.803124534869907
0.270692073535095 0.804185449857367
0.268338653821739 0.805241519712591
0.283131490599627 0.798603916495496
0.275946853101906 0.801827660679852
0.289987368738539 0.795529507095835
0.306499495334191 0.788116228723112
0.27094046669282 0.80407420622487
0.266904788526683 0.805884733530496
0.266062936420379 0.806262017834826
0.26986296286935 0.804557371052255
0.269886890043575 0.804546901342435
0.317690791610677 0.783092646768237
0.270247723294609 0.804385575598936
0.28304511412296 0.798642733722105
0.289493523013909 0.79575155412568
0.331450011211971 0.776912579379094
0.276271620549165 0.801681902414147
0.31191948983878 0.785683861117857
0.306439508060573 0.788142021462153
0.318590541738159 0.782688076655333
0.274564455119898 0.802447939086284
0.270059519987922 0.804469078897486
0.292818530588404 0.794257507241024
0.304532622977704 0.789000008489497
0.268777621418827 0.805044449551076
0.27970445698004 0.800143204887126
0.287859686592183 0.796483678831558
0.272208503951982 0.803505802506514
0.31191948983878 0.785683861117857
0.292818530588404 0.794257507241024
0.301088845791575 0.790545899348877
0.33290426617044 0.776254306338625
0.292818530588404 0.794257507241024
0.270017080260922 0.804488090330144
0.279201670130771 0.800367904627348
0.281837305164839 0.799185177123
0.277698402175626 0.801042882827197
0.299876495547594 0.791089945305431
0.286300497902895 0.79718183559505
0.300126180310332 0.790977878114596
0.33028496563386 0.777433876489687
0.274465157079351 0.802493215865178
0.299876495547594 0.791089945305431
0.272411520661444 0.803414479746903
0.302698677392482 0.789822593791051
0.28040991112907 0.799825418731018
0.266642946955955 0.806001870020469
0.282173196190704 0.799034171752909
0.304348517723513 0.789080930407099
0.28029013228043 0.799880123781497
0.273139210789111 0.803087288422511
0.27132546473096 0.803901801534998
0.316969614032594 0.783416238186628
0.292507800507458 0.794397020678718
0.301308954792794 0.790447133598377
0.33028496563386 0.777433876489687
0.275946853101906 0.801827660679852
0.304348517723513 0.789080930407099
0.266262233791469 0.806172951070173
0.284960669046407 0.797784452947543
0.308495619873504 0.787220302381395
0.293721037017092 0.793851804529951
0.268172344919816 0.805315811407015
0.272543672824285 0.803354485354056
0.299806729154617 0.791120238788504
0.276681982625826 0.801497849527732
0.275199421933944 0.802163003179736
0.293721037017092 0.793851804529951
0.268182286026874 0.805311299446143
0.269929811064252 0.804527247114524
0.271450919718876 0.803844967364224
0.280563387413722 0.799757069481119
0.279076207093647 0.800424247899483
0.306439508060573 0.788142021462153
0.2796270747715 0.800176407288809
0.272674432127574 0.803296105458939
0.292393599303461 0.794448179600191
0.295319020872158 0.793134255491984
0.29307594078964 0.794142415240937
0.2713443163284 0.803893345746247
0.292507800507458 0.794397020678718
0.307105214011667 0.787842710392879
0.279175325836695 0.800379891330687
0.309071562947795 0.786960939603689
0.27705513083452 0.801331429899295
0.267150921121763 0.805774285930505
0.279925854877531 0.800042362995104
0.269790658776911 0.804589674618237
0.300843190956301 0.790654492268494
0.272722360776051 0.803274964278532
0.269988254084056 0.804501025430413
0.298609704703267 0.79165759984796
0.292406721853262 0.794442283963652
0.276188271172427 0.801720302543211
0.29646167611502 0.792621274860278
0.283361434484232 0.798501843865536
0.266063931238164 0.80626170983991
0.278822982869596 0.800537261881574
0.273962984209874 0.802717857779839
0.268861968157457 0.80500662068936
0.267914849615775 0.805431701587395
0.30408504589165 0.789198600840869
0.298800883451269 0.791572626523772
0.276188271172427 0.801720302543211
0.308722554292307 0.787118055802146
0.276523663950573 0.801569863181434
0.279078891739456 0.800423043885665
0.278822982869596 0.800537261881574
0.266357270900273 0.806129963955822
0.266986245841879 0.80584819469576
0.294107312025532 0.793678541133954
0.28021019986151 0.799915321150447
0.301009685803629 0.790581044804552
0.270787292511147 0.804142559517917
0.323348014446074 0.780551887625553
0.30646289334732 0.788132121709918
0.278821025649416 0.80053813922697
0.270013464781226 0.804489712558827
0.273880687610158 0.802754905804526
0.299860821491283 0.79109592870878
0.267603227588107 0.805571463983969
0.29307594078964 0.794142415240937
0.2922966859086 0.794491657576055
0.272328402472651 0.803451095780085
0.303752188771137 0.789351224195613
0.287345987117452 0.796713248244041
0.296794753168312 0.792473260987022
0.269166034902043 0.804869859255331
0.350453733476142 0.768374198149921
0.282056109214892 0.799086713035359
0.288314617890099 0.7962798248546
0.280476322709011 0.799796727808282
0.300906376239667 0.790627402803227
0.296789842156092 0.79247546338227
0.293803960987376 0.793814598545472
0.271255977085845 0.803932938334311
0.283175645783344 0.798584074920829
0.283509320683789 0.798435135966588
0.308707041106837 0.787125021379859
0.297938107239921 0.791960980511739
0.276554245604761 0.801555978375698
0.28100151450615 0.799559407449591
0.294089802160749 0.793687032246887
0.301687921933635 0.7902760388273
0.294822188482266 0.793358784838612
0.283367719041695 0.79849810898293
0.293495666981462 0.793954169866236
0.270274973254805 0.80437237644214
0.26768571527395 0.80553445277071
0.265660669826659 0.806442787797434
0.271320374425932 0.803904087296391
0.273139210789111 0.803087288422511
0.271134952319096 0.803986993183798
0.339432765971786 0.773327124974578
0.298685616414277 0.791623511831121
0.288232589241214 0.796314556374047
0.274205238704097 0.802609743614028
0.284690917435204 0.79790509242792
0.270274973254805 0.80437237644214
0.292328076765634 0.794477564523619
0.303852986931199 0.789304820614208
0.300906376239667 0.790627402803227
0.294089802160749 0.793687032246887
0.266652537071475 0.805997908893269
0.3067227920726 0.788015065888132
0.284960669046407 0.797784452947543
0.297393105754786 0.792203617352924
0.271487992966666 0.803828420396565
0.282056109214892 0.799086713035359
0.312833903327093 0.785272544737441
0.265938782044025 0.806318148197054
0.300516985934297 0.790801426686674
0.277427578005993 0.801163690732564
0.302147546927908 0.790070601302881
0.279089184797426 0.800417677713342
0.27934022867947 0.800305700457725
0.266174130032155 0.806212412603013
0.279071682436644 0.800425549452948
0.290608278740221 0.795250534150058
0.292328076765634 0.794477564523619
0.302473366386666 0.789924351556657
0.288164364413409 0.796345386219136
0.283367719041695 0.79849810898293
0.269501039961839 0.804720139130179
0.280665363081528 0.799711253658796
0.281686672755835 0.799252567477455
0.265660669826659 0.806442787797434
0.284632322711502 0.797930445905975
0.317190054173955 0.783316130589662
0.282438115586899 0.798915953254698
0.266430423097907 0.806097570414446
0.295036276208683 0.793260962408528
0.266295682947318 0.80615776162316
0.27132546473096 0.803901801534998
0.277875468737637 0.80096300126813
0.317948981188829 0.782975432071511
0.279471778920588 0.80024742523773
0.299007401685748 0.791479041572248
0.299008107804443 0.791478761218887
0.291422215788237 0.794884183187045
0.265703272196348 0.806423678430421
0.297827081144223 0.792008993543376
0.315300063910962 0.784165673288846
0.294320680913634 0.79358254440479
0.274254033550339 0.802587914442379
0.271450318079878 0.803845524904542
0.266652537071475 0.805997908893269
0.322454217645545 0.780952984454246
0.286691939139827 0.797006339668783
0.29632464169365 0.792682908705874
0.292328076765634 0.794477564523619
0.273139210789111 0.803087288422511
0.265157031686521 0.806668484282881
0.287407548612452 0.796685121383682
0.276554245604761 0.801555978375698
0.292111514225896 0.794574780213587
0.292219359484891 0.794526073923277
0.288160636621416 0.796347814652196
0.294575701602378 0.793467654007986
0.292515980434623 0.794393259766872
0.284632322711502 0.797930445905975
0.292374084934296 0.794456814757029
0.273182599512253 0.80306838806361
0.278398341561235 0.800728444079157
0.314961545664447 0.784317725916891
0.267119235561444 0.805788320997377
0.269501037882289 0.804720140063202
0.297381943696453 0.792208750047973
0.277496452069985 0.801132393135352
0.294167788113443 0.793653857135915
0.293295177073178 0.794043310057508
0.267936249678038 0.805422078585304
0.287703110903891 0.796552023002904
0.269069721368105 0.804913621973261
0.324634798053384 0.779971938404541
0.26784981916162 0.805460369217673
0.294089802160749 0.793687032246887
0.284324182238893 0.798070077370243
0.26861018615791 0.805119588877577
0.281201212628237 0.799470805522147
0.269105713988664 0.804897530871394
0.276452641321493 0.801600882703451
0.270846217447072 0.804116771892389
0.293772926865957 0.79382890054919
0.266488921608518 0.806071091065349
0.273139210789111 0.803087288422511
0.298140549806487 0.791868585814054
0.264788796651377 0.806833755906558
0.312746670056127 0.785311285415337
0.301199963153685 0.790493807351509
0.278740738610582 0.800575432029916
0.299008107804443 0.791478761218887
0.29048656312314 0.795305254520201
0.276056264300007 0.801778784905711
0.271487992966666 0.803828420396565
0.270298115679698 0.804361938114774
0.337340356841421 0.774264620228906
0.284324182238893 0.798070077370243
0.268034977677014 0.805377515500527
0.315975105040415 0.783862382672492
0.337340356841421 0.774264620228906
0.265854195405747 0.806355963473467
0.277164692168485 0.80128146435765
0.287311435440197 0.796728315675451
0.283834277886841 0.798289678823729
0.278393357282475 0.800730680241355
0.262974558195471 0.80764756407042
0.286701967452019 0.79700177535574
0.270175730557147 0.804417490825466
0.272874142509182 0.803206244612977
0.31037679856438 0.786373450221595
0.322454217645545 0.780952984454246
0.312746670056127 0.785311285415337
0.275910890339672 0.801843974309721
0.302473366386666 0.789924351556657
0.271487992966666 0.803828420396565
0.288200829140007 0.79633024997639
0.284632322711502 0.797930445905975
0.267441704255084 0.805643599952003
0.274811196300399 0.802337429335205
0.268670880636209 0.805092354391983
0.298098802656515 0.791886630503643
0.268350882892687 0.805235546527681
0.286079705918577 0.797281141615593
0.28750319600117 0.796643132856978
0.266515960666892 0.806058753242247
0.270941307555826 0.804073399396919
0.290167214323274 0.795447237161861
0.285315521141873 0.7976254334192
0.272041604588338 0.803580701519554
0.268368871702064 0.80522773345689
0.270298115679698 0.804361938114774
0.276746837663955 0.801469055668586
0.298389213191604 0.791755931368764
0.268437597569231 0.805196734207408
0.262883725007716 0.80768830074925
0.284993947253537 0.797768362809559
0.289818422744741 0.795603892274001
0.295461549805515 0.793070728864259
0.264671999210521 0.806886270865893
0.319623578977565 0.782222618365009
0.284227208924497 0.798112347893524
0.27302563105616 0.803138766780137
0.263406001979533 0.807453968387464
0.298231807501526 0.791828072411374
0.297381943696453 0.792208750047973
0.303680087645898 0.789381503884615
0.2708992747891 0.804092859522336
0.302642793262659 0.789846150091317
0.286043295111 0.797298728643483
0.265724199776905 0.806414104698943
0.287784690331088 0.796517308918245
0.281270785688972 0.799439771045027
0.271178823803957 0.803967445351683
0.28819960026624 0.796330799063554
0.264627799606626 0.806905945622816
0.264888011879542 0.80678928997785
0.305524002574619 0.788555360846205
0.293977873670083 0.793736624819786
0.27280822622303 0.803236679801707
0.319623578977565 0.782222618365009
0.278009974606133 0.800902446810105
0.285718522695668 0.797443796058492
0.271029981590899 0.804034632680489
0.295444451670743 0.793078406177089
0.264888011879542 0.80678928997785
0.274772859427018 0.802355087994804
0.262692561542904 0.80777403237405
0.285570894181101 0.797510445635865
0.274254033550339 0.802587914442379
0.282549499019842 0.798865867653364
0.277874764842074 0.800964705743103
0.262884736348077 0.807687847186607
0.288705001158852 0.796103510302676
0.279597532906668 0.800190932656052
0.262168141170525 0.808009225232087
0.267570462124329 0.805585709785474
0.266489757686342 0.806070508590342
0.268128273201813 0.805335916533119
0.276452641321493 0.801600882703451
0.274622956344236 0.802422557863406
0.302170844023184 0.790059404070809
0.322465776736726 0.78094823741849
0.299008107804443 0.791478761218887
0.2708992747891 0.804092859522336
0.291785754415651 0.794721887172254
0.294486427721114 0.7935090369376
0.269270016678012 0.804823691351363
0.299329178146386 0.791334598414979
0.873862442070625 0.258461547999308
0.873862442070625 0.258461547999308
0.873862442070625 0.258461547999308
0.87425957005601 0.257821856071917
0.873461238594832 0.25910654489934
0.875541308552138 0.25576102882182
0.875112282669788 0.25646273282339
0.869190946849235 0.265977066610832
0.877416433167195 0.252758107927746
0.874431084023056 0.257549621945886
0.875089983456164 0.256489037674956
0.873461238594832 0.25910654489934
0.870046291346376 0.264605374365915
0.870046291346376 0.264605374365915
0.872876597103464 0.260046844166817
0.875112282669788 0.25646273282339
0.901909520248131 0.213358281453885
0.901107002668604 0.214650723343896
0.897998634675447 0.219655293669775
0.901107002668604 0.214650723343896
0.898153327910778 0.219401975137892
0.901107002668604 0.214650723343896
0.90225394171964 0.212804582293854
0.899087952127776 0.217898850926807
0.901953052958366 0.213288123171652
0.89823642393676 0.219264624814397
0.898153327910778 0.219401975137892
0.901107002668604 0.214650723343896
0.9024447659208 0.21249533676261
0.901258278896641 0.214407072147841
0.896808970180415 0.221565977420761
0.900478329393095 0.215660517677536
0.877508234250989 0.252605601678842
0.899963832261311 0.216484366414024
0.867339790649127 0.268958130377483
0.901258278896641 0.214407072147841
0.872945713775775 0.259937961245386
0.900334782211362 0.215887268989277
0.901105485085585 0.21465201819036
0.875527101448697 0.255803984060009
0.895888086673428 0.223047114355997
0.901105485085585 0.21465201819036
0.896539012447353 0.222000124237508
0.900063183237702 0.216328478882453
0.871542138727348 0.262193609121054
0.873252363890367 0.259443495878797
0.9024437401158 0.212496987673632
0.87890363312708 0.25036599515824
0.899137594539034 0.217821127976576
0.899994723062212 0.216437372789816
0.899549639846217 0.21715589275046
0.869190946849235 0.265977066610832
0.896808970180415 0.221565977420761
0.900728057140848 0.21525658243821
0.90151482694604 0.213992678731104
0.87140990450777 0.262404135757831
0.897046610755146 0.221178838666839
0.867738467159607 0.268311448772446
0.898613937752908 0.218660560622847
0.902028916745064 0.213167429313762
0.879095293255863 0.250055888870588
0.898613937752908 0.218660560622847
0.895888086673428 0.223047114355997
0.896054851949502 0.222778652420518
0.896701459245034 0.221739595044248
0.873578858998334 0.258915675418424
0.906704777075741 0.205637187750804
0.898377050287789 0.219039072372953
0.876811718387796 0.253725384488826
0.877371466546825 0.252830666757186
0.89755214207388 0.220369817776356
0.879438789840857 0.249509021187207
0.899137594539034 0.217821127976576
0.903614870159565 0.210609478568709
0.878799425567601 0.250529763536129
0.875539008974554 0.255783070165963
0.900659576298468 0.215366913540138
0.89798536750106 0.219673174778092
0.867467333572517 0.26874574038347
0.879387050714259 0.249580206681266
0.869901668824117 0.264834750484739
0.902633532531168 0.212191532406347
0.89834947180844 0.219087097069801
0.897046610755146 0.221178838666839
0.867468769837835 0.268743421780885
0.904641811863014 0.208956381362061
0.905016934608659 0.208354337856396
0.906708877830613 0.205630586717825
0.900246491938746 0.216029964778018
0.867744588817084 0.268300816131015
0.902832528447843 0.211872538761797
0.899038381898275 0.217978054901852
0.902482897893762 0.212432977334789
0.90242622589824 0.212522435258728
0.900246491938746 0.216029964778018
0.871340907618343 0.262524755950829
0.902018398711294 0.213175648956636
0.899316873389865 0.217529886111459
0.871340907618343 0.262524755950829
0.896382774344209 0.222255902007914
0.875539008974554 0.255783070165963
0.90242622589824 0.212522435258728
0.895971484782061 0.2229129101554
0.87551996001811 0.255806276546606
0.871423503723848 0.262388891339772
0.902964584792712 0.211656114929435
0.89584213182408 0.223121004082327
0.90242622589824 0.212522435258728
0.900405950042831 0.215774682746789
0.871423711335431 0.26238855547136
0.898368801508748 0.219052882372048
0.897099760962754 0.221097930577574
0.90502841256049 0.208337128465484
0.89813467384126 0.219432417340956
0.899241954182973 0.217652023759388
0.8959544657333 0.222940266469978
0.920598403396325 0.183270406565277
0.907041675454685 0.205097052772485
0.901263427771911 0.214396068541827
0.878911280131761 0.250353124581714
0.90067937858929 0.215337174116855
0.904986742450745 0.208405150103758
0.920801576143267 0.182943080085891
0.916612857737365 0.189690010540955
0.920805923401392 0.182936049063026
0.903992523040953 0.210005616591167
0.900068682750285 0.216318241404429
0.917845426100212 0.187704591328696
0.921666637824916 0.18154943229376
0.903004242284053 0.211595264000202
0.921333453570624 0.182086029945968
0.896043074713042 0.222798084828712
0.920983112251506 0.182650675863126
0.901545061274357 0.213941955843199
0.896134799542159 0.222646728138735
0.922023177540615 0.180974991870331
0.909977715469456 0.200369427068535
0.895834473717075 0.223134106478061
0.918325949790451 0.186930496608803
0.916321937725245 0.19015824486384
0.901737928976418 0.213631125048469
0.901520897185312 0.213979062797455
0.903790922829526 0.210328149863047
0.909102546175832 0.201777160501583
0.904635434371851 0.20897176930444
0.921977902581285 0.18104797058819
0.896824840775685 0.221539286772951
0.922479040200481 0.180241489288801
0.896039506988967 0.22280350094178
0.901737928976418 0.213631125048469
0.90897594512089 0.201981205389115
0.907645785645902 0.204123439420335
0.902494190840233 0.212415159017858
0.922479040200481 0.180241489288801
0.896422985376643 0.222187228774759
0.905648813660521 0.207337416055956
0.896820726210676 0.221543992463913
0.91825700892541 0.187041488315389
0.898107322823796 0.219475556886004
0.902376375005646 0.212603095359891
0.900942816498213 0.214915164602536
0.89696287915795 0.22131873007883
0.908184338388275 0.203256573695748
0.920596468495125 0.183274289086398
0.922479040200481 0.180241489288801
0.912851712861717 0.19574364944599
0.906419298448274 0.206098031871769
0.904732622525333 0.208815054566992
0.906419298448274 0.206098031871769
0.906934130740783 0.205268036079455
0.896040769539326 0.22280147366679
0.896974292936663 0.221299363380583
0.896820726210676 0.221543992463913
0.907515732471724 0.204333218896004
0.897411609880342 0.220593616469395
0.900751720916389 0.215223118961421
0.906917275182957 0.205295253589467
0.92237272650251 0.180412756690569
0.89731243797076 0.22075400596271
0.904616530015876 0.209003088179296
0.91825700892541 0.187041488315389
0.919436508246202 0.185141446972469
0.897228270912659 0.220891579725949
0.907708819046557 0.204022371641337
0.91426599651655 0.193470099288769
0.907645785645902 0.204123439420335
0.907708819046557 0.204022371641337
0.895821644386362 0.223151383281856
0.895894024190437 0.223034884710666
0.92157511575045 0.181696712409683
0.87743664843355 0.252721198849357
0.921610653666984 0.181639614750771
0.903304370616049 0.211111507840522
0.898093936628052 0.219497911727474
0.899238070231896 0.217655296517918
0.908957618793891 0.202011025008113
0.92229136709232 0.180543858937351
0.923921112748373 0.177917984369796
0.920958236369349 0.182690185190233
0.920443588575058 0.183518933386139
0.898567849156003 0.218733674779252
0.898152424532837 0.219405948716622
0.895835254757109 0.223130875696704
0.91825700892541 0.187041488315389
0.921797102482587 0.181339789577644
0.903304370616049 0.211111507840522
0.897708102117843 0.220114009744272
0.899808065811523 0.21673614277222
0.89685834090972 0.221483794498976
0.923381437944401 0.178787239867601
0.903636982510869 0.210582639919604
0.908618628019741 0.202557530607726
0.926076205503849 0.17444732969567
0.923511030031007 0.17857872155278
0.899303964316799 0.217548150283666
0.898791302302376 0.218374496238697
0.923346889810733 0.178842887148959
0.897704601551267 0.220120976828375
0.923520558349257 0.178564226154237
0.922104022679089 0.180845574831686
0.924053749731928 0.177704204287031
0.90159484833608 0.213861007329211
0.909099179544373 0.20178309962202
0.920973330015883 0.182666887141252
0.920336161841397 0.183692468797751
0.895756228744764 0.223256089631571
0.907877096813093 0.203751457748424
0.924321699330534 0.177272720792759
0.923152603773094 0.17915690379615
0.917174733379623 0.188783084946653
0.905643798942658 0.207350509783288
0.926076205503849 0.17444732969567
0.916824768838775 0.189345141818556
0.926988489775842 0.17297781583298
0.923520558349257 0.178564226154237
0.923268477019201 0.178969801775473
0.924944795727617 0.176269821547245
0.897151632873054 0.221011746960315
0.91825700892541 0.187041488315389
0.927094997409512 0.172806259867724
0.900808667421839 0.215128445821541
0.903081479324352 0.211469498171418
0.899397721074165 0.217397301221581
0.913865349637525 0.194112731627164
0.921697901964322 0.181498067207508
0.907937983774451 0.203651855885739
0.924660139481509 0.176727274000029
0.91012811266356 0.200129087779166
0.899935889825179 0.216531051688241
0.92202153631126 0.180978551127546
0.908355279731978 0.202980992450946
0.91156112527078 0.197819403065821
0.896766810484767 0.221634670490501
0.920386979507165 0.183610501824404
0.921976033589624 0.181051427993537
0.92407265223831 0.177673936602999
0.919416315629819 0.185174376452838
0.923152603773094 0.17915690379615
0.905408021364175 0.207724694004645
0.922328564900821 0.180482673537533
0.926818375240572 0.17325181167116
0.912971305984007 0.195550981022293
0.919646519962004 0.184803154966818
0.899943211152859 0.21651931460531
0.918872574038664 0.186049779906677
0.924852353891813 0.176418719910702
0.906041715480421 0.206703354710987
0.908110592573642 0.203378091703064
0.922965619000664 0.179457854053158
0.92470433885568 0.17665714501991
0.907133899509854 0.204944817438585
0.898440501852333 0.218937621392518
0.923921112748373 0.177917984369796
0.910260173011604 0.199915537062758
0.916963574673357 0.189123724813995
0.92046586117867 0.18348287287504
0.927226225236344 0.172594911932008
0.908117711693171 0.203366637882624
0.920571110770444 0.183313311576056
0.91012811266356 0.200129087779166
0.907351913823447 0.204593934691024
0.926076205503849 0.17444732969567
0.920630096903333 0.183219836139098
0.914602288740721 0.192923866980244
0.916238736734998 0.190290798882451
0.92773032458238 0.17178285962165
0.918872574038664 0.186049779906677
0.907070815442005 0.205050974572752
0.910477156191096 0.199565565691427
0.906106551873365 0.206598950632519
0.926567462898045 0.173655971402237
0.912253289099351 0.196710203758987
0.896754950005644 0.221653765036074
0.92656716492047 0.173656451172741
0.925694263100021 0.175062921491375
0.899004040229821 0.218028727376232
0.896283051236842 0.222411387759965
0.897951097210734 0.219721883579118
0.910884073615135 0.198910523427474
0.875647712736884 0.255598733323348
0.912253289099351 0.196710203758987
0.920845850216957 0.182871849174176
0.925127641810135 0.175974603331603
0.908100539002597 0.203392513151558
0.919416315629819 0.185174376452838
0.925694263100021 0.175062921491375
0.912295034467544 0.196643767084369
0.896283051236842 0.222411387759965
0.896766810484767 0.221634670490501
0.898008699837796 0.219630735674061
0.909058263937686 0.201848160975796
0.924801977324976 0.176499833396291
0.925167703768171 0.175910063931063
0.91880844141418 0.186152743840899
0.899715210910459 0.216887589028479
0.923660553476477 0.178337395625335
0.868446334059755 0.267177055712798
0.927226225236344 0.172594911932008
0.878217175441431 0.251466712666328
0.903810443249871 0.210298359330651
0.90200346015988 0.213203478773046
0.925165203180514 0.175914091286387
0.918636789790692 0.186429224479893
0.925175731825089 0.175897703456909
0.922815092912625 0.179700825477408
0.913355175838753 0.194933454086751
0.921655398229412 0.181567271151965
0.879222258854947 0.249859328261715
0.923010756741283 0.17938398648987
0.901301333988245 0.21433403767816
0.919238772117428 0.185459628904961
0.916963574673357 0.189123724813995
0.92773032458238 0.17178285962165
0.923660553476477 0.178337395625335
0.924973648124288 0.176223178425126
0.924750307794557 0.176582260402566
0.898119432864752 0.219452441099928
0.897986538770468 0.219666502330316
0.90200346015988 0.213203478773046
0.92773032458238 0.17178285962165
0.895875886770742 0.223066102735028
0.923331263183889 0.178868596902094
0.898385898479881 0.219028711860904
0.901983411829332 0.213235862914976
0.92606127760748 0.17447137349705
0.920845850216957 0.182871849174176
0.925502026387159 0.175372074679874
0.915581622876152 0.191347501051319
0.927729190068641 0.171784686557094
0.908820405798842 0.202228937893474
0.927701863346539 0.171828704039388
0.896724106680109 0.221698444046286
0.927883728609695 0.171535768984237
0.923377809049321 0.178792892421305
0.920611373737989 0.183248662539325
0.90200346015988 0.213203478773046
0.898119432864752 0.219452441099928
0.904679250141672 0.208902928475456
0.923206574660952 0.179069456360906
0.927107740619186 0.172785706592735
0.895875886770742 0.223066102735028
0.927171704380535 0.172682687975967
0.908820405798842 0.202228937893474
0.927883728609695 0.171535768984237
0.87937709942262 0.249602851715808
0.919066275866671 0.185736660786194
0.922097250340411 0.180855370329212
0.927171704380535 0.172682687975967
0.922097250340411 0.180855370329212
0.879379116143844 0.249599593275905
0.921379884840381 0.182011001781256
0.922097250340411 0.180855370329212
0.927171704380535 0.172682687975967
0.920014434938791 0.184211307319631
0.919337186714434 0.18530036621756
0.901278593062194 0.21437066574931
0.898983374384742 0.218067650409917
0.909524118401079 0.201098801418013
0.923460334063623 0.178659851816894
0.901453234218227 0.214088759448065
0.912120475129474 0.196918289325045
0.92657093882764 0.173650372804508
0.919081212669193 0.18571250522756
0.896724106680109 0.221698444046286
0.911363479521449 0.198136803409796
0.918636789790692 0.186429224479893
0.879147608239722 0.249972629050773
0.896724106680109 0.221698444046286
0.924058499683428 0.177697212053388
0.92521532973176 0.175833856217851
0.916785265709056 0.189409017735561
0.928631032222264 0.170332063294555
0.918061241059668 0.187356377381093
0.923460334063623 0.178659851816894
0.924245935736137 0.17739485200993
0.904440441336235 0.209282301524334
0.903825899897472 0.21027045072559
0.928634188394005 0.170326979498102
0.919416315629819 0.185174376452838
0.900149940219059 0.216187651371041
0.89777699720167 0.220003770606822
0.926553850931399 0.173677892836662
0.902768394322382 0.211976273514941
0.912170245247654 0.196840693588347
0.92124349591044 0.182231187157578
0.924936774909092 0.176282971980634
0.925845624032514 0.174818713073731
0.925671686682806 0.175098831026097
0.901001317721078 0.214816770026312
0.902387534105065 0.212584498573577
0.923751753264887 0.178191597442112
0.928672270041963 0.170265629157382
0.902056383414305 0.213117069207667
0.908092046756822 0.203402966391159
0.926137293628312 0.174348818388213
0.923891623225972 0.17796587653052
0.926532781180686 0.173711832347016
0.900672026400782 0.215346457284422
0.90197855726527 0.213241832898957
0.920730178870015 0.183058180368979
0.910437885487505 0.199625373716821
0.924649007087449 0.176746858852904
0.921646021429814 0.181583329248362
0.898255546516277 0.219237853079942
0.899982022477766 0.21645551770496
0.926529574338063 0.173716871613835
0.909252939369456 0.201533288084762
0.918061241059668 0.187356377381093
0.928672270041963 0.170265629157382
0.903503663404276 0.210788913456688
0.925094063670334 0.176029799842811
0.899463361690788 0.217287436634298
0.925895590747978 0.174738235968112
0.926517779804009 0.173736180175026
0.925671686682806 0.175098831026097
0.902818833620632 0.211893156901892
0.897234098346737 0.220878077653866
0.907133165269722 0.204947735977771
0.927027451064915 0.172914976069354
0.92558015719794 0.175246492713108
0.915221189362388 0.191929389701745
0.919525594813549 0.184998038222634
0.922346729000571 0.180453788194589
0.902908358061888 0.211747161878186
0.901431823161924 0.214122371878814
0.898472829144714 0.218885777221353
0.918005804125276 0.187444183089645
0.916707497345014 0.189534392724104
0.899991198367914 0.216440769975391
0.923966080746382 0.177846246670948
0.928388652717201 0.170722471475904
0.910437885487505 0.199625373716821
0.925862142468106 0.174792126581903
0.90303788095049 0.211535838968977
0.916311183299038 0.190172288309945
0.912111371677644 0.196933432782392
0.869301571384344 0.26578938925162
0.927027451064915 0.172914976069354
0.910061710587184 0.200230813807443
0.908878965677787 0.202136323589926
0.898744636173807 0.218447424064713
0.897548712582612 0.22037721431665
0.896227112713554 0.22249996272087
0.928663080435606 0.17028043130483
0.899463361690788 0.217287436634298
0.925481827587956 0.175404733492897
0.907585125792532 0.204223881799266
0.927544099078101 0.172082838704956
0.9075299883666 0.204312583991647
0.924491561762686 0.177000036061921
0.917992732683472 0.187465215862393
0.921476653293982 0.181854035414975
0.916490940456235 0.189883107898439
0.905044079780381 0.208310205225621
0.915099800725614 0.192124870107229
0.921111587099952 0.182444252850063
0.901208746533144 0.214482699590631
0.921777024599623 0.181372212466294
0.928177706210559 0.171062248041215
0.900971012374706 0.214865505292685
0.902544020983295 0.212333003596528
0.928679065459162 0.170254683436616
0.898422175589286 0.218969711654857
0.926160893455321 0.174310919075908
0.910061710587184 0.200230813807443
0.896980416204006 0.221285103450371
0.869301571384344 0.26578938925162
0.898422175589286 0.218969711654857
0.899487541327333 0.21724855089336
0.897851603321887 0.21988077671285
0.925785427711679 0.17491540078162
0.902908358061888 0.211747161878186
0.917352474338328 0.188495853430986
0.923711088481763 0.17825583899596
0.921240073785558 0.182236354170582
0.926673409019838 0.173485322291928
0.910104369852378 0.200162154161345
0.92416293487186 0.177530002439866
0.901431823161924 0.214122371878814
0.906014052555911 0.206746270139124
0.925172705914307 0.175902574281672
0.911819347345356 0.197403572153958
0.896219545038721 0.222512623337521
0.901641226509951 0.213785749523761
0.917726817032142 0.187892960946012
0.896314739250047 0.222358853796911
0.909353365047337 0.201371134854889
0.90205571234291 0.213120225677041
0.922217406519176 0.180661939712895
0.921673913974448 0.181538247586218
0.899408031177046 0.217376424017395
0.896191001297489 0.222562460359354
0.909353365047337 0.201371134854889
0.901277600189849 0.214371041054199
0.902343528627371 0.212652932411282
0.923394827671843 0.178766542503105
0.900490459948858 0.215634702649129
0.921721117586671 0.181459906089491
0.927271464871251 0.172522020862138
0.899038545878065 0.21797344987323
0.919157629452403 0.1855898781653
0.908076543605367 0.20342793751837
0.900482049479124 0.215654477745894
0.917144681997258 0.188830212614105
0.923711088481763 0.17825583899596
0.927239920312592 0.172572814337047
0.927026659289415 0.172916326238367
0.897947945894857 0.219725845068
0.922056074925596 0.180921722711192
0.927109812380291 0.172782385266221
0.899487440566973 0.217248712822301
0.926229414842917 0.174200572751571
0.901697172362748 0.213699315500513
0.900847324148516 0.215060789586536
0.92355484291393 0.178509131388169
0.923219420446847 0.179048719571472
0.924111035757293 0.177612562692541
0.897644311803803 0.220217398891158
0.918416563476073 0.186786043260121
0.924251558289667 0.177385602449081
0.92532348975052 0.17565975346063
0.919169030331685 0.185571526190709
0.903544289838721 0.2107255092654
0.900338183138679 0.215886154401713
0.917710453779964 0.187919705948982
0.917930012524957 0.187566448145664
0.925042491462264 0.176112384276831
0.899038545878065 0.21797344987323
0.927958012780917 0.171416147389644
0.923711088481763 0.17825583899596
0.905339559947864 0.207841269949236
0.896144844892254 0.222631201165636
0.903169011282924 0.211328145472774
0.908330795824032 0.203018685000499
0.899769669672337 0.216800963093015
0.90208219084003 0.213081486018165
0.897112439325616 0.221072982882865
0.897008646986549 0.221239140019706
0.920359537797322 0.183655230598766
0.923043620626406 0.179330781168593
0.922733753659849 0.179831245678118
0.897704058458179 0.220123051965933
0.925516034960944 0.175349284731987
0.922677417776452 0.179921894419676
0.926729075080219 0.173395639983428
0.910063301415286 0.200228249549234
0.922707564896871 0.179872010174046
0.901095581685727 0.214666620559803
0.917270535282504 0.188627334443473
0.928679065459162 0.170254683436616
0.897234098346737 0.220878077653866
0.897582746015932 0.220318238156001
0.907194086975854 0.204849180270653
0.923470706309579 0.178644553793327
0.899837559897036 0.216690058767596
0.904857311065802 0.20860721627523
0.910275172513477 0.199890025851215
0.927035914950114 0.172901417840074
0.920409320831129 0.183574539054508
0.905330020239466 0.207846925704691
0.877538708734921 0.252564060085693
0.907716050771143 0.204011051236347
0.911984665506443 0.197137086486915
0.905603197328836 0.207409782003809
0.911862670086402 0.197333917005053
0.917492375322737 0.188270582609992
0.901372566755414 0.214215666590877
0.925322547058769 0.175661271812914
0.922969603398949 0.179449953293232
0.918287577137482 0.186992003241504
0.924813100827683 0.176481428737213
0.926074539362604 0.174449999696332
0.906130664756913 0.206559740999853
0.903993771532311 0.210004651351818
0.901277600189849 0.214371041054199
0.913204346260292 0.195175969214537
0.92657093882764 0.173650372804508
0.899778697010222 0.216786407800666
0.925322547058769 0.175661271812914
0.901466126191812 0.214064902861346
0.92203361837247 0.180957918437995
0.899143640195689 0.217809186296971
0.914639575131619 0.192865575501953
0.922359549539449 0.180432780488213
0.928679065459162 0.170254683436616
0.912049209650746 0.197033121543083
0.903209075767163 0.211265215451102
0.917492375322737 0.188270582609992
0.901716873653683 0.213661434252945
0.92475609061168 0.176573249700905
0.924229943812782 0.177420376027398
0.900883406623345 0.215005269820804
0.918225963133892 0.187090993851837
0.923747502209118 0.17819719063747
0.906797800576266 0.20548769357177
0.917492375322737 0.188270582609992
0.925516034960944 0.175349284731987
0.903209075767163 0.211265215451102
0.925962612082707 0.174629689170455
0.922969603398949 0.179449953293232
0.902491593213985 0.212417421947504
0.900202344701271 0.216105559994712
0.92650594847237 0.173755055281831
0.917144681997258 0.188830212614105
0.921415635215052 0.181953675637634
0.900900439379493 0.214977857512868
0.900017685781187 0.216401864761497
0.921673913974448 0.181538247586218
0.905242154915017 0.2079880308396
0.902105594099259 0.213039588859812
0.925265385873653 0.175752947752383
0.924780932246443 0.176533808515636
0.926022472707348 0.174533875251366
0.901897119873305 0.213373902540651
0.920767710934558 0.18299714207197
0.922583566361422 0.180073285790639
0.922232415315831 0.180638256079695
0.922422051160377 0.180332827293065
0.918225963133892 0.187090993851837
0.919366990257491 0.185252840946414
0.92676315887723 0.173340716916098
0.921165983207441 0.18235694269664
0.926007924674351 0.174557270847201
0.899769669672337 0.216800963093015
0.902477701154265 0.212442535497154
0.923284558377745 0.17894334202987
0.901711160162222 0.213670635423681
0.902781350711953 0.2119515451683
0.928966626272278 0.169791481616632
0.901782180663953 0.213556232363739
0.903772637114324 0.210354226572915
0.918640965972854 0.186422617362617
0.919422935335324 0.185163575542684
0.925068157446558 0.176070690971739
0.919470801372073 0.185087000129545
0.927494916510234 0.172162037420473
0.92120300944995 0.182295180766611
0.910154269377908 0.200085213639168
0.907994667245293 0.203559958400937
0.925265385873653 0.175752947752383
0.871578687280287 0.262139736775523
0.927526556162037 0.172111132849993
0.92271703983468 0.179858297816817
0.897032999422492 0.221201833882466
0.928966626272278 0.169791481616632
0.92650594847237 0.173755055281831
0.924993587438852 0.176190808472263
0.925953452236002 0.174644445973811
0.878174867658489 0.25154387216658
0.928963060088304 0.169797225669205
0.917821330857287 0.187742597211682
0.92377884756068 0.178147344633576
0.928694948765542 0.170229100351363
0.9206093068401 0.183251936541391
0.919744423013071 0.184644724253106
0.899974370547178 0.216467568287995
0.923043620626406 0.179330781168593
0.897065091308177 0.221150212816765
0.90954265471753 0.201070246560672
0.927967805037257 0.171400433463027
0.928679065459162 0.170254683436616
0.897535666300483 0.220392842474646
0.898310809833988 0.219148968685964
0.923265249771092 0.178973841260712
0.928054861698663 0.171260110154994
0.919932039998364 0.184341528668069
0.924777399045258 0.176539429617084
0.917527709550414 0.188215185067869
0.923747146347243 0.178198818100147
0.905043847568227 0.208310568860011
0.897032999422492 0.221201833882466
0.927731099126555 0.171781648691032
0.928966534445166 0.169791629520875
0.925953452236002 0.174644445973811
0.925448028049398 0.175459041250789
0.926880468714412 0.173151587640018
0.921673913974448 0.181538247586218
0.928966626272278 0.169791481616632
0.901290611280317 0.214350962618724
0.902995674953796 0.211603517455773
0.925548561690052 0.175297223179392
0.92300973904031 0.179386542821815
0.920509426639127 0.183412735812745
0.920719049254795 0.183075297845166
0.921165983207441 0.18235694269664
0.896237618134265 0.222485167818159
0.925923722649292 0.174692938820417
0.927073551493858 0.172840665848328
0.903148506830819 0.211358434472786
0.928990958501054 0.169752290857078
0.926880468714412 0.173151587640018
0.905131482942201 0.208169532776667
0.925830318480635 0.174843335936838
0.869269896502098 0.265847726082664
0.877705953732809 0.252286545083698
0.901911636214817 0.213353559726153
0.920081434258489 0.184102484279714
0.899523871220259 0.217192238754827
0.921673913974448 0.181538247586218
0.924889078434644 0.176359802325823
0.918758091611472 0.186233948549197
0.925520491855471 0.175342330924948
0.923635730315623 0.178378346116646
0.928937255314282 0.169838780228741
0.920081434258489 0.184102484279714
0.913641896808641 0.194469138088062
0.928937255314282 0.169838780228741
0.92377884756068 0.178147344633576
0.928990958501054 0.169752290857078
0.921841155051257 0.181267382422626
0.924026466199582 0.177748459812919
0.926009600678908 0.174554571413663
0.90144199780219 0.214105552926914
0.922949604577736 0.179482376292372
0.918209734685559 0.187117576271757
0.918288017267162 0.18698997623354
0.926008358107799 0.174556573024621
0.902781350711953 0.2119515451683
0.895863111670003 0.223085198712038
0.927977351567969 0.171384968553247
0.920792350949941 0.182956618154677
0.901901809508461 0.21336959276809
0.910459073445481 0.199593010744804
0.92781367997152 0.171648635743724
0.928319178287229 0.170834435920527
0.928988388103456 0.16975643061585
0.902393340332141 0.212578297089135
0.923262301021391 0.178978590316214
0.904178784331106 0.209699981904761
0.917241290254301 0.188677250415393
0.896260432903435 0.222445906495759
0.922430622432915 0.18031801039061
0.904541045813984 0.20911990494183
0.928886697092142 0.16992022475992
0.921804453769452 0.181327294754518
0.928317353079377 0.170837375785695
0.924994358037194 0.176189567363227
0.87742343759892 0.252743335973775
0.899523687804135 0.217192532721082
0.923864150066917 0.178009140094722
0.896406833394087 0.22221381689611
0.897637643330582 0.220226815485053
0.928978692431761 0.169772047818483
0.91720732389771 0.188729525568099
0.928317353079377 0.170837375785695
0.920742480651191 0.183037884649277
0.923864150066917 0.178009140094722
0.919772112518985 0.18459919013102
0.924302032205328 0.177304552839026
0.929037559825047 0.169677282234558
0.91440002131256 0.193248597630103
0.921673913974448 0.181538247586218
0.928098484680965 0.171189772288303
0.901140793507919 0.214591016357265
0.928738417042172 0.170159140510113
0.897465461752057 0.220505055018663
0.929415488843795 0.169068484518646
0.927364222543777 0.172372422627654
0.916319089527187 0.190161473955413
0.928936878155823 0.169839452003798
0.903288422373402 0.211135348478308
0.925520491855471 0.175342330924948
0.918325330410418 0.186931349830037
0.928855290538024 0.169970903760265
0.911597759213469 0.197763051105719
0.916384689309037 0.190053717920006
0.912523533378081 0.196272196964778
0.927526556162037 0.172111132849993
0.926880468714412 0.173151587640018
0.900508161260842 0.215608382335702
0.896881905279242 0.221445694359976
0.895912841262333 0.223005096202126
0.899213756036447 0.217691036353999
0.925207166308512 0.175846800319715
0.901440189328722 0.214108463228312
0.903309769152495 0.211102916492308
0.90189839636457 0.213372589212084
0.924302032205328 0.177304552839026
0.914728700278563 0.19271916586877
0.924095000734247 0.177637783109602
0.92624130494575 0.17418104562043
0.90144199780219 0.214105552926914
0.895752949569413 0.223264843297352
0.911262759938882 0.198302040586209
0.913234128469032 0.1951258004934
0.920132928961344 0.184021131367134
0.916384689309037 0.190053717920006
0.921841155051257 0.181267382422626
0.910380004174612 0.199721586525374
0.874309102793268 0.257740288376408
0.89749030862387 0.220471045540303
0.925033439467475 0.176126615070067
0.898816471745166 0.218330462896613
0.914204968569431 0.19356261032039
0.914728700278563 0.19271916586877
0.915565088814239 0.191377145507666
0.899213756036447 0.217691036353999
0.913178559625843 0.195215443865145
0.92771397269973 0.171809355891392
0.901044063671559 0.214744938149565
0.92600966933823 0.174554459613308
0.920738435417341 0.183044829650753
0.928060788374126 0.171250491378715
0.896472542345537 0.222107996923081
0.874309102793268 0.257740288376408
0.898089311656296 0.219506557191082
0.911822026967293 0.197400001874593
0.89797963645704 0.219676602287241
0.92599386763956 0.174579913293265
0.924323238081135 0.177271346901328
0.929415488843795 0.169068484518646
0.920491785186678 0.183441670841691
0.914187160766184 0.193591264836303
0.900610628601863 0.215443447529165
0.916915947226075 0.189198868298045
0.913830664483649 0.194165858086948
0.918704687181944 0.18631875551648
0.923835535880159 0.178056275012203
0.925607961775989 0.175201916389576
0.897516791151201 0.220432184030944
0.914548280908262 0.193009092542949
0.896163070643336 0.222599875657122
0.926035056200293 0.174513620018448
0.926346125903621 0.174012378905481
0.924728340181719 0.17661784880522
0.928309262772881 0.170850406896832
0.920964670530531 0.182682472863977
0.902393340332141 0.212578297089135
0.868192897731228 0.267570986844488
0.923643542101312 0.178364609959717
0.879496056712308 0.249411672664871
0.897516791151201 0.220432184030944
0.914158741427558 0.19363701776825
0.902393340332141 0.212578297089135
0.916384679120681 0.190053734321583
0.896163074434316 0.222599869569009
0.919835041267936 0.184498431324969
0.911954486023116 0.197186711759418
0.899283641659409 0.217578709252961
0.876577728511074 0.254098950460288
0.923312551822703 0.178897709527798
0.916384689309037 0.190053717920006
0.929415488843795 0.169068484518646
0.90046693027529 0.215674814802387
0.897516791151201 0.220432184030944
0.92551587971849 0.175349570152325
0.916110644978007 0.190498895547611
0.924005774147604 0.177781499310656
0.927498908813898 0.172155648662697
0.904358218094563 0.209414347099424
0.905847366948912 0.207021527072497
0.909035542579408 0.201885714892503
0.921334416519077 0.182084559648838
0.922589925161412 0.180061135548564
0.904531027164111 0.209138730000403
0.904531027164111 0.209138730000403
0.906683162781378 0.205675046162368
0.90664794003548 0.205731918633145
0.907430297704325 0.204472759479302
0.899913676895391 0.216573231828672
0.90664794003548 0.205731918633145
0.897598504479374 0.220291314710737
0.903703575585342 0.210472539873073
0.897520593018527 0.220426050406951
0.357371671820792 0.765257954728248
0.90255124590896 0.212329721031366
0.906838471913902 0.205423993258598
0.897520308093888 0.22042650868117
0.906838471913902 0.205423993258598
0.8679235380003 0.268009346978256
0.871225554309257 0.262707089818234
0.910632232045582 0.199316344243695
0.901779062271259 0.213571810023693
0.906838471913902 0.205423993258598
0.910632232045582 0.199316344243695
0.910632232045582 0.199316344243695
0.896867388104651 0.221467642230102
0.910510023851697 0.199515279373216
0.913544861188765 0.194627441745086
0.906838471913902 0.205423993258598
0.906948267765483 0.205247182456295
0.913544861188765 0.194627441745086
0.913544861188765 0.194627441745086
0.872506008766748 0.260647465562382
0.908749574552656 0.202347780517186
0.912454084218617 0.196383134684792
0.913544861188765 0.194627441745086
0.906948267765483 0.205247182456295
0.872506008766748 0.260647465562382
0.912915568618674 0.195639522859537
0.912454084218617 0.196383134684792
0.904589860591296 0.209045723743647
0.904960687043121 0.208447320763732
0.868496640932527 0.26709480326233
0.90824860397065 0.203154239848908
0.898069434455691 0.219543568342333
0.906501072953504 0.205967125615936
0.913407383313304 0.194847756774729
0.91385689897806 0.194124937686624
0.906948267765483 0.205247182456295
0.907891340651832 0.203728272155364
0.328196262164944 0.77837305277689
0.905886503853247 0.206957387402125
0.912915568618674 0.195639522859537
0.917383640250546 0.188445539068677
0.328196262164944 0.77837305277689
0.917419799620479 0.188387283516851
0.917383640250546 0.188445539068677
0.905886503853247 0.206957387402125
0.906124687961816 0.206573917774165
0.387985994120026 0.7514827847383
0.90932609591976 0.201419752426259
0.910607101026972 0.199357028259935
0.911573836499999 0.197799398419564
0.906124687961816 0.206573917774165
0.903083888864914 0.211464439770607
0.919910562464621 0.184376833020246
0.906124687961816 0.206573917774165
0.911746802071144 0.197521787362681
0.911552258017597 0.197837980144852
0.910957124881817 0.198793882037332
0.899430034466947 0.217344567097843
0.899430034466947 0.217344567097843
0.902074971300449 0.213094279529079
0.908248132332988 0.203154281286141
0.920313103957724 0.183729873044718
0.896984714410334 0.221282259566266
0.918777566388437 0.186203380340346
0.905120789666386 0.20818973447804
0.910957124881817 0.198793882037332
0.900018882517147 0.216398902854502
0.87067197868759 0.263591781751753
0.914116737677737 0.193706464642128
0.922650065285373 0.179964963309779
0.87067197868759 0.263591781751753
0.902074971300449 0.213094279529079
0.868020575329594 0.267853559057309
0.905964651331776 0.20682658586263
0.922650065285373 0.179964963309779
0.910957124881817 0.198793882037332
0.868569117608886 0.266970492995682
0.910789733565518 0.199063514619765
0.87067197868759 0.263591781751753
0.918777566388437 0.186203380340346
0.911563040760111 0.197817994815335
0.922650065285373 0.179964963309779
0.870607455364225 0.263695482914424
0.909198352847183 0.201626691690188
0.912143699483683 0.196883419909182
0.911112296632225 0.198542942119886
0.910781850460614 0.199079546944465
0.908070138354403 0.203441059182057
0.922777813143548 0.179759210146444
0.322424356620964 0.780966213223178
0.898037068066755 0.219586955713824
0.922748368778288 0.179806510521886
0.896446843951955 0.222149351610159
0.915859063261675 0.19089993802489
0.922777813143548 0.179759210146444
0.914720371080022 0.192732978514414
0.905635310205009 0.207362888058096
0.922804933798806 0.179715529911777
0.919374271900048 0.185240490134768
0.902074971300449 0.213094279529079
0.90166964299004 0.21374018352208
0.899027307807544 0.217994876707657
0.911880433334761 0.19730642656109
0.908347543308128 0.202994373772523
0.922804933798806 0.179715529911777
0.90166964299004 0.21374018352208
0.89759306852598 0.2202993082034
0.923150666483025 0.179158699124575
0.922650065285373 0.179964963309779
0.919910562464621 0.184376833020246
0.367289099588783 0.760797006470684
0.909342253534228 0.201391618892514
0.92312591665909 0.179198327140162
0.913503696321309 0.194692311182925
0.901732584484068 0.213639444654932
0.90271902856181 0.212051454290597
0.921482844139239 0.181844864969683
0.908070138354403 0.203441059182057
0.923150666483025 0.179158699124575
0.307588968504948 0.787628561040415
0.914345938018741 0.193335244681747
0.91456270747822 0.192986265212093
0.896446843951955 0.222149351610159
0.923150666483025 0.179158699124575
0.307597526299311 0.787624720004008
0.918770787018575 0.18621428512123
0.923976226567323 0.177828921612147
0.924907440548136 0.176329201572077
0.322675114308509 0.780854313578443
0.918106420421992 0.18728185694398
0.896605154488094 0.221888094171462
0.901732584484068 0.213639444654932
0.917609269260615 0.188083372907241
0.918106420421992 0.18728185694398
0.903776175647295 0.210349279725204
0.307597526299311 0.787624720004008
0.923808873006503 0.17809837203744
0.902854009991788 0.211833333876531
0.920291567788628 0.183764357229061
0.924282179848066 0.177335922397149
0.901010465893326 0.21480151437354
0.89921194567535 0.217696546915093
0.89654386232745 0.22198684703194
0.899605544368669 0.217060397828658
0.900741476534161 0.215232939630182
0.902910683884827 0.211742142177651
0.924037562501465 0.177729890952004
0.905911612370689 0.206919801720643
0.913404902483645 0.194850287065921
0.914988442063949 0.192305411862531
0.899430034466947 0.217344567097843
0.900412925596326 0.215761621993834
0.921487146918161 0.181837932517356
0.922650065285373 0.179964963309779
0.903728173411392 0.210428396085817
0.924588069660831 0.17684351929252
0.902910683884827 0.211742142177651
0.921414348496164 0.181955187145827
0.923296141004179 0.178924432165804
0.89654386232745 0.22198684703194
0.903070459334962 0.211486407060385
0.384864461737817 0.752883737952294
0.920675748636942 0.183146447147945
0.897481936534304 0.220477221719604
0.867673257352163 0.268403954085358
0.923269269243307 0.178967173479825
0.275874363793636 0.80186094930441
0.897192222822584 0.220943250370052
0.923364355831012 0.178814032452143
0.91038002800878 0.199721558852761
0.900741476534161 0.215232939630182
0.923269269243307 0.178967173479825
0.914988442063949 0.192305411862531
0.283002900816717 0.798661990280691
0.92410918786 0.177614965324296
0.312866928524723 0.785258122540726
0.912493062697425 0.19632040806149
0.916195587249006 0.190361090968147
0.907486249035167 0.204382069152469
0.923269269243307 0.178967173479825
0.919754523738652 0.184628666599899
0.911133168948386 0.198508236886889
0.350723656815554 0.768249410490082
0.917096988226406 0.188906340522838
0.902608407517833 0.212229166251196
0.896268682985766 0.222433215732679
0.268430527226668 0.805200723808949
0.350723656815554 0.768249410490082
0.919754523738652 0.184628666599899
0.903596360037023 0.210646461595266
0.922866726076323 0.179615499552057
0.924105168628281 0.177621284604168
0.268430527226668 0.805200723808949
0.901932276710658 0.213317273507514
0.269897622822274 0.804542677772822
0.268430527226668 0.805200723808949
0.91196038210889 0.197176650789908
0.925735264769134 0.174995848153744
0.268430527226668 0.805200723808949
0.269897622822274 0.804542677772822
0.924149956728984 0.177549596428486
0.924442129229618 0.177078735699321
0.901932276710658 0.213317273507514
0.37662457652133 0.756596415055112
0.334577233404114 0.775505240585335
0.332723776537314 0.776337763164129
0.321864302094084 0.781217527948602
0.388081934509801 0.751436501580354
0.321878065016725 0.781211346721455
0.332723776537314 0.776337763164129
0.321878065016725 0.781211346721455
0.321904957862204 0.781199268302899
0.393961686175001 0.748789305718236
0.304557376324244 0.788989561775268
0.332723374617623 0.77633794377752
0.3268089758806 0.77899331502937
0.321977727577338 0.78116652808284
0.376145179917538 0.756818919560089
0.332539343274127 0.776423390171283
0.355250346899863 0.766212246274716
0.320783321456587 0.78169988501603
0.358751526234718 0.764636184591984
0.292414517005146 0.794439467577357
0.292414517005146 0.794439467577357
0.3268089758806 0.77899331502937
0.292023657113272 0.794614886343925
0.376145179917538 0.756818919560089
0.320783321456587 0.78169988501603
0.355730299044581 0.765994991242278
0.305377216816444 0.788618913945703
0.305516092037564 0.78855655296963
0.310256891160624 0.786429008216935
0.304245305705487 0.789129686331003
0.292023657113272 0.794614886343925
0.376145179917538 0.756818919560089
0.292023657113272 0.794614886343925
0.384551476170872 0.753027695124803
0.310102167014098 0.786498267355955
0.315468136044369 0.784091255357175
0.30577399230667 0.788440733671825
0.304318725362204 0.789094340703873
0.370146446929932 0.759513929785304
0.305502558173243 0.788562630930345
0.336697240835869 0.774552031895789
0.33000568357024 0.777559221868982
0.297698065053266 0.792067630694294
0.360559533167126 0.763825513909145
0.306346875882764 0.788184664949198
0.331119714528224 0.777061012714069
0.371074381794992 0.759094419206286
0.30421202485845 0.789142186522814
0.298000484252151 0.791931864400362
0.313313204118507 0.785055742139873
0.29847882093451 0.791716989256624
0.30577399230667 0.788440733671825
0.329672080197191 0.777709852871387
0.304097450176354 0.789193349878504
0.300696112054738 0.790723260516241
0.331405775549734 0.776931199651981
0.331105646889446 0.777067336892343
0.370762499949403 0.759239213388928
0.324828999858881 0.779886403634317
0.29847882093451 0.791716989256624
0.388102547968501 0.751427371964839
0.385778852327138 0.752474538667865
0.29847882093451 0.791716989256624
0.306584599806215 0.788076735371977
0.353849458432293 0.766844857898822
0.371074222085067 0.759094491110732
0.308268305473764 0.787321180388725
0.304213866855867 0.789141359460859
0.32716698462927 0.778833255432463
0.316692173559118 0.783540252571929
0.33388184089532 0.775820131714926
0.32825442097466 0.778344740599996
0.303456725874422 0.789481530953222
0.375840418980601 0.7569500468194
0.304151603309837 0.789169327487598
0.307667369520953 0.787590148395872
0.29731536578162 0.792239886947575
0.316692173559118 0.783540252571929
0.351600357426279 0.767856711477874
0.305559429473131 0.788537077791305
0.375645595657308 0.757037763591223
0.318520827090183 0.782719084842919
0.292414517005146 0.794439467577357
0.296948016119019 0.792404540288921
0.350852990543247 0.768191971907372
0.32825442097466 0.778344740599996
0.293162512479378 0.794102226856431
0.320891525338583 0.781653115911246
0.345281259338751 0.770694614871353
0.353871907280723 0.766835191382456
0.378641663420259 0.755688807363691
0.293162512479378 0.794102226856431
0.372193911079776 0.758591018544594
0.307331482542483 0.787742931906245
0.306358728656482 0.788182231196612
0.388680773865542 0.751171191564322
0.296948016119019 0.792404540288921
0.307331482542483 0.787742931906245
0.323396938787787 0.780527212095504
0.318136157433887 0.782890306011938
0.384572575351728 0.75301876057138
0.306652238350991 0.788049915302257
0.371231487641861 0.759025787509714
0.341502307769924 0.772392203645275
0.289868841988566 0.795581012569123
0.395015780657076 0.748310705026189
0.290103007736985 0.795477286033364
0.332255260802114 0.776551346950053
0.353740624821115 0.766893464631394
0.332293727499528 0.77653131640979
0.309915335563386 0.786582562284914
0.343286262315532 0.771591711232055
0.319527551072742 0.782266541118475
0.309576470352975 0.786735454741234
0.353740624821115 0.766893464631394
0.374997995157859 0.757329043232009
0.38606422221903 0.752347435498382
0.289592661334554 0.795704950879492
0.304678751047548 0.788932720681634
0.296482480650867 0.792611758945284
0.375126248109022 0.757267021888251
0.33841756423995 0.773778204444884
0.307859137330566 0.787506080086116
0.32716698462927 0.778833255432463
0.29312447960287 0.794119617692722
0.385501098816794 0.752601147409429
0.289128819987482 0.795913113134214
0.300726328674095 0.790710065378924
0.340926435156017 0.772651069251088
0.32626260220006 0.779239551083077
0.300197800957387 0.790946358473988
0.323489357378328 0.780487334752192
0.305607917758637 0.788517913748965
0.330312291877404 0.777420468161513
0.32716698462927 0.778833255432463
0.308528271838413 0.787203533748554
0.305629830857003 0.78850581046271
0.369918141253121 0.759615319944411
0.295929802350793 0.792860027316381
0.305306823497661 0.788650558425508
0.320891525338583 0.781653115911246
0.377532065330751 0.756183359832412
0.371347420916511 0.758972354080182
0.320891525338583 0.781653115911246
0.3053079287158 0.78865006197709
0.341502376510101 0.772392172920501
0.308554137349884 0.787191915245666
0.343286262315532 0.771591711232055
0.306652238350991 0.788049915302257
0.371727914967698 0.758797009695089
0.372354604373685 0.758518147368863
0.341492418896513 0.77239662215236
0.312137854733393 0.785583588764797
0.339081961503604 0.773480186496426
0.289843146062663 0.79559254187826
0.294656455322334 0.79343114014281
0.37964692568403 0.755233753982988
0.338520004062642 0.773733729248619
0.312824302319329 0.785275036762629
0.358783931735017 0.764619824580386
0.359766157812035 0.764178283859177
0.296482480650867 0.792611758945284
0.302130993010897 0.790078488515207
0.290883771457516 0.795126600016836
0.318296766365668 0.782818458416921
0.333442896709379 0.776014207716371
0.340585658728493 0.772807572429461
0.290555118180871 0.795274406689451
0.290363866973195 0.795360204888053
0.287032795870707 0.796854942313871
0.313939138068652 0.784774645510954
0.30376207648611 0.789344809485098
0.298847848877947 0.791551859479879
0.3053079287158 0.78865006197709
0.320327381468299 0.781905523686188
0.289669012336438 0.795670650837763
0.342286476880334 0.772039535723102
0.30353525604821 0.789448345447872
0.313594996636013 0.78492869523321
0.352493342961517 0.767456722875179
0.347030680781498 0.769905624913968
0.30353525604821 0.789448345447872
0.340585658728493 0.772807572429461
0.297478706093358 0.792168037260665
0.326111989023777 0.779308686398034
0.324482214189458 0.780043039771469
0.320503274151605 0.781827336807054
0.290006496603799 0.795519172018035
0.337764756842948 0.774074056304591
0.290997462361521 0.795074033420535
0.298944557654477 0.79150614979008
0.321585817688915 0.781341033692218
0.31043005342574 0.786350007482637
0.357816922588134 0.76505399453376
0.326085268253178 0.779320682369531
0.35530767769064 0.766184057234447
0.298918221514987 0.791518556120213
0.374578995657276 0.757511989912758
0.313990344193294 0.784751681014537
0.290030217493079 0.795508591442943
0.295073481321498 0.793245779056492
0.359596213521053 0.764254688256903
0.312948805960108 0.785220013685906
0.284886077393736 0.797817209648052
0.301144933145981 0.790521201446594
0.314801663802942 0.784387481406582
0.375126248109022 0.757267021888251
0.331190193271008 0.777028081231926
0.295151764477295 0.793209461285536
0.340095446892233 0.773023968661209
0.322538256061596 0.780912831922963
0.29621972037365 0.792730065105094
0.353644359106354 0.766934740971649
0.28140015951947 0.799381810385437
0.313939138068652 0.784774645510954
0.335764138888712 0.774973361581922
0.292926285431926 0.794209754796457
0.325974327528287 0.779370532359415
0.287137792010609 0.796807942956886
0.295338067163165 0.79312625656857
0.346651121216623 0.770078083855931
0.395430513724615 0.748128324444416
0.282437173996545 0.798916235267782
0.380952293216295 0.754648284100367
0.290997462361521 0.795074033420535
0.357849842488869 0.765039185250647
0.302259051298997 0.79001921092682
0.320609767095915 0.781779845291883
0.282005968903291 0.799109665761472
0.31311385921841 0.785145846235721
0.28140015951947 0.799381810385437
0.357849842488869 0.765039185250647
0.296090050861436 0.792787481939918
0.28140015951947 0.799381810385437
0.331190193271008 0.777028081231926
0.321585817688915 0.781341033692218
0.366672842086218 0.761075616556107
0.36598228172869 0.761386850910951
0.290949119044027 0.795095726527945
0.281225658025447 0.799460146265477
0.321771143494248 0.781257973809778
0.341561952816667 0.772365534975511
0.313939138068652 0.784774645510954
0.29094246507139 0.795098905634005
0.326085268253178 0.779320682369531
0.296448221813106 0.792630199821849
0.360233877269297 0.763974872753622
0.364704296670386 0.761961687222029
0.321334255133834 0.781455685385904
0.283584233276708 0.798401339431689
0.288143353527757 0.796356638164988
0.281225658025447 0.799460146265477
0.357024456295623 0.76541042166433
0.295974440784008 0.792840039496565
0.357236310112276 0.765321936988667
0.388205102120906 0.751383673595597
0.281225658025447 0.799460146265477
0.355320446583613 0.766177231908997
0.300444092641022 0.790834033987363
0.2761205061689 0.801749944055132
0.311818344835013 0.785729947950264
0.333536419328881 0.775972819735314
0.355320446583613 0.766177231908997
0.281295735969138 0.799428725532011
0.303528238800245 0.789452063876757
0.367624473004539 0.760647441779874
0.346611951802554 0.770096292441398
0.289339381276628 0.795818522806191
0.286717889375824 0.796996372348337
0.346371670977898 0.770204926087019
0.294595007054375 0.793459232822373
0.327034018605945 0.778895769036419
0.290130474096324 0.795463395909374
0.333630845168096 0.775930376677718
0.276894622401339 0.801402859284652
0.324929253661498 0.779841508938583
0.372999403512623 0.758235469530517
0.315724848065059 0.783972398326593
0.295073481321498 0.793245779056492
0.300444092641022 0.790834033987363
0.286285118467682 0.797189549578988
0.317283853013772 0.783273643827827
0.282319980424303 0.798968794547637
0.294618420096903 0.793451254690679
0.319436850356656 0.782306392940678
0.350461273552309 0.768363735872523
0.276722626464891 0.801480017457104
0.281195850654021 0.799473762045068
0.290188052917827 0.795437524064934
0.301227067177896 0.790485108054732
0.360232642166563 0.763975435475249
0.2761205061689 0.801749944055132
0.314722768158563 0.784424581254497
0.295885881506264 0.792879593359497
0.311229760352663 0.785991069260968
0.320579969874518 0.781792906831451
0.282319980424303 0.798968794547637
0.288037253249047 0.796403056953285
0.294396376372461 0.793548381598516
0.295409521274213 0.793093471658675
0.329351427398758 0.777853582733347
0.334538101225426 0.775526013674639
0.276894622401339 0.801402859284652
0.379576915653749 0.755267266316264
0.337133386676055 0.774356596052397
0.296951082003519 0.792401438957864
0.292363890128377 0.794460755939043
0.324929253661498 0.779841508938583
0.2761205061689 0.801749944055132
0.295885881506264 0.792879593359497
0.362749364433376 0.762844522047999
0.354800416981869 0.766415891404416
0.299762590101744 0.791140218379138
0.390210221198439 0.750479747551499
0.331190193271008 0.777028081231926
0.335586299982198 0.775053760653679
0.289339381276628 0.795818522806191
0.28292613330725 0.798697272007062
0.278004414128086 0.800904720044619
0.290306632068462 0.795385377725574
0.330120246417735 0.777508299441572
0.33118487576479 0.777028910527493
0.318230332424255 0.78284775079574
0.28292613330725 0.798697272007062
0.281239187152149 0.799453139303362
0.308882688937636 0.78704571836237
0.352821356516386 0.767301056297001
0.288128954776116 0.796362169041728
0.313867576814664 0.78480935510572
0.396704964627247 0.747553995134666
0.29760774216864 0.79210626320643
0.2761205061689 0.801749944055132
0.280545856783237 0.799765551486795
0.361375667796526 0.763458652486568
0.320554669776238 0.781805001386623
0.291333027641474 0.794923177821002
0.330990233651353 0.777116703879439
0.334538101225426 0.775526013674639
0.299072027194012 0.791449030393894
0.295885881506264 0.792879593359497
0.334180702416599 0.775683010310364
0.271365366522664 0.803883431487384
0.293463813647796 0.793966983373009
0.318451596460171 0.782748891016089
0.272086880603208 0.803559853770459
0.269992120936812 0.80449936654531
0.315355642487101 0.784140953886476
0.354791840253003 0.76641963286989
0.299132619353143 0.791424142548068
0.302365274194695 0.789971243081421
0.329437270085154 0.777815050716215
0.301538946304288 0.790342249107796
0.363293197262295 0.76259813365992
0.390715184035953 0.750250516337965
0.29275691769194 0.79428479378891
0.2789772375319 0.800468253226306
0.281440553964178 0.799362672037509
0.288128954776116 0.796362169041728
0.361375667796526 0.763458652486568
0.29728679457343 0.792250340555443
0.278302988897434 0.800770871299609
0.330800048072174 0.777203218462501
0.304206305706802 0.789146551176035
0.275633803114686 0.80196841705408
0.388900130407061 0.751067084991467
0.301949422002611 0.790160228473098
0.279513062775469 0.800228849722988
0.276173536025868 0.801726547339776
0.28570295522819 0.797450308318997
0.289339381276628 0.795818522806191
0.380686946497104 0.754771475993991
0.366287071000858 0.761248834844433
0.292272912678625 0.794501428847145
0.287931734621001 0.796450404775527
0.282311996518243 0.798972678158198
0.278991009522181 0.800462172675429
0.302365274194695 0.789971243081421
0.280604267427934 0.799739369642616
0.300186386540158 0.790949557589242
0.370720794616667 0.759253882056344
0.309734698602841 0.786664254789774
0.287125077846848 0.79681181935459
0.278337589015641 0.800755178187328
0.318420221347509 0.782762847332089
0.333779512166607 0.775864287996729
0.283639780154432 0.798376443209923
0.347971992800626 0.769489154433526
0.288347407899837 0.796263892500548
0.290662648211875 0.795225698033625
0.292813145597054 0.794259529366686
0.331404354209518 0.77693329613833
0.276173536025868 0.801726547339776
0.300389272408945 0.790858680923551
0.290662648211875 0.795225698033625
0.306714896066644 0.788019652907339
0.271365366522664 0.803883431487384
0.300084934694576 0.790995089930702
0.325960133748285 0.779376526566267
0.280180365998124 0.79992849260845
0.281131813522824 0.799501493759775
0.299162644250088 0.791409081884724
0.299145512940825 0.791416655088515
0.31481455464481 0.784381614420615
0.325037477145029 0.77979012151743
0.286231417219124 0.79721285140864
0.302287315877975 0.790008708912378
0.27605917440061 0.801777418691233
0.296143693221779 0.792763611328301
0.291315235893191 0.794931310559825
0.297602300906892 0.792108705661667
0.269923487713292 0.8045301620794
0.287543013260814 0.796624268650672
0.291790419337218 0.794718788302348
0.283584233276708 0.798401339431689
0.301227067177896 0.790485108054732
0.313791378899592 0.784841194838324
0.286121945552735 0.797262063677004
0.293417710705204 0.79398768548354
0.309452070260313 0.786789188464314
0.284948051110508 0.797790091334129
0.306714896066644 0.788019652907339
0.296114041190527 0.792776917380836
0.272042035118865 0.803579969180055
0.288927063148177 0.796003441909368
0.314832675901802 0.784373490388651
0.394564922096905 0.74852170690138
0.296318925764336 0.792686822057846
0.27694644154963 0.801379527993401
0.355623372320454 0.766047409946041
0.285386422820389 0.797593295428626
0.338348997668917 0.773811796107935
0.286094025819298 0.797275780329178
0.299780939344462 0.791134147181095
0.330880798244547 0.777166945320297
0.276466697510502 0.801595048174922
0.276004930984903 0.801802019342458
0.318362219668061 0.782788903034203
0.273727409436954 0.802823978292379
0.27349173345985 0.802930182083484
0.277947152837544 0.800930537053075
0.282493214195394 0.798890772022061
0.275021844580485 0.802242970705393
0.30353621599822 0.78944687105879
0.308845700804822 0.787061706234577
0.279798050863393 0.800100015502371
0.273451376488609 0.802947753171131
0.389513875839783 0.75079749592027
0.308056141487968 0.787416205395193
0.298771812817473 0.791584778498956
0.317289157276629 0.783269696935266
0.293463813647796 0.793966983373009
0.275119401818253 0.802199135542377
0.29760774216864 0.79210626320643
0.275644180906124 0.801963720477737
0.281772592228148 0.799214015061817
0.320553593636684 0.781805485120571
0.284731759165777 0.797886526644519
0.35039691733658 0.768392662290275
0.288395006288767 0.796242220382899
0.379576915653749 0.755267266316264
0.324407229963163 0.780074491753457
0.305566698420447 0.788535674467327
0.270417479476233 0.804308579488201
0.314126306402729 0.784691281760084
0.383702541964989 0.753411121047155
0.277890372329471 0.80095596456809
0.282412962521941 0.798926723048454
0.313415005535212 0.78501005370946
0.283659651828067 0.798367692498374
0.380118854794945 0.755027475500318
0.31901943820125 0.782492715985821
0.37958051077959 0.755265648654449
0.304920056783128 0.788825946251557
0.268469914050822 0.805182328045408
0.275644180906124 0.801963720477737
0.338348997668917 0.773811796107935
0.312465322226265 0.785436780237083
0.285301044445246 0.797631236069575
0.28003546034552 0.799993507423859
0.281817648236998 0.799194023150599
0.306497240056686 0.788117346678558
0.298771812817473 0.791584778498956
0.320676368918066 0.781750297424484
0.288395006288767 0.796242220382899
0.322062511786726 0.781126960084376
0.294366125544577 0.793563886916591
0.389470538427305 0.750815543474178
0.275015948758491 0.802245590832778
0.268556217228507 0.805143615136879
0.292899566000884 0.79422340643147
0.391348968013648 0.749972252750849
0.297696685366908 0.792068181117157
0.276990762861866 0.801359408047426
0.27521810719127 0.802154880114737
0.313415005535212 0.78501005370946
0.279062567059501 0.800430064348588
0.301900914119639 0.790182278058812
0.315122796079058 0.784243224145083
0.30054205556932 0.790790753979901
0.272171476017401 0.803522159587226
0.313884517328042 0.784799823369942
0.286000234463513 0.797316590104283
0.289674855083339 0.795669983296998
0.283731746372703 0.798334562626356
0.279324832087252 0.800312435806307
0.317837212735933 0.783023640635822
0.269944373333232 0.804520792593191
0.280167505123879 0.799934237653887
0.312200522565523 0.785557440107079
0.310788052951293 0.786190798430575
0.268469914050822 0.805182328045408
0.280123131997286 0.799954171799253
0.283790418901592 0.798308233104267
0.271349032116451 0.803890759158284
0.269127784268469 0.804887798032557
0.317238251351451 0.783292535436817
0.276967133035044 0.801370175852442
0.27398997565347 0.80270588468692
0.29950431567109 0.7912558402235
0.326522197792683 0.779126831624856
0.276990762861866 0.801359408047426
0.28484783503749 0.797833600007321
0.31674698978083 0.783513493058794
0.298085696642604 0.791893348851267
0.332720232449074 0.776339005883659
0.285301044445246 0.797631236069575
0.294487741833767 0.7935081663341
0.279058341875822 0.80043163516705
0.315122796079058 0.784243224145083
0.270417479476233 0.804308579488201
0.272401053683395 0.803418774825523
0.272256477702777 0.803483624423863
0.2889807660882 0.795980326165106
0.319580050375099 0.782242178233095
0.267964412451487 0.80540909742331
0.292975324247498 0.794188967340207
0.273357258755681 0.802989894322958
0.28259293274359 0.798847692392256
0.29950431567109 0.7912558402235
0.291705394032996 0.794758583851239
0.309844976512553 0.786615124284124
0.28211537662132 0.799060318119122
0.288918123515606 0.796007541210156
0.273591560658377 0.802884717431882
0.281323670873603 0.799415794490275
0.285080905754631 0.797729005668801
0.36322246004983 0.762626229355926
0.282131952200244 0.799053079309471
0.270449980565276 0.80429400656684
0.277838256868026 0.800979363059694
0.288949754846453 0.795994180890993
0.272590904204039 0.803333493811123
0.313885105459401 0.784799565026412
0.305228736304943 0.788685351148595
0.32006206707585 0.782025948150218
0.305566698420447 0.788535674467327
0.267964412451487 0.80540909742331
0.268608194376951 0.805120282549937
0.312775433289365 0.7852995420114
0.279370583725568 0.800291827108832
0.284018731519062 0.798205778933345
0.303789736900149 0.789333294608097
0.303163309128008 0.789612786637636
0.27452249449069 0.802466985733085
0.279643164837962 0.800169775349859
0.267964412451487 0.80540909742331
0.267964412451487 0.80540909742331
0.267634985643831 0.805556954017836
0.277787749764937 0.801001786312642
0.266584388780587 0.806028162517911
0.271453340181975 0.803843860840627
0.389550353750762 0.750778549126233
0.301712496118735 0.790264195354539
0.283141741841797 0.798600585498259
0.328097302805915 0.778415911989585
0.309178105757338 0.786913861800304
0.389550353750762 0.750778549126233
0.298085696642604 0.791893348851267
0.302287315877975 0.790008708912378
0.274290215627207 0.802571162400426
0.310501189994906 0.786320469816103
0.314954856362855 0.784319983727622
0.301227067177896 0.790485108054732
0.2889807660882 0.795980326165106
0.278505692167121 0.800679921668269
0.279643164837962 0.800169775349859
0.273591560658377 0.802884717431882
0.307401971158905 0.78771194754855
0.285319803677712 0.797622863505581
0.289338577971011 0.79581897259988
0.30203781566845 0.790119851135654
0.294871295282587 0.793336715808466
0.389505053841649 0.750798890446941
0.291705394032996 0.794758583851239
0.299374883008042 0.791314824709399
0.266584388780587 0.806028162517911
0.276649148352624 0.801512849523001
0.279114067281908 0.800406665807529
0.264879473246044 0.80679296379186
0.271435733301842 0.803851675365206
0.277210998653655 0.801260881099034
0.368844808061843 0.760098034662709
0.274290215627207 0.802571162400426
0.27247474549645 0.803385995994702
0.321748579663727 0.781268358758237
0.278015689385387 0.800899738008885
0.279114067281908 0.800406665807529
0.267634985643831 0.805556954017836
0.388341234418491 0.751322010575096
0.275487585590752 0.802033973742888
0.313452765210121 0.784995060976235
0.266849843814816 0.805909275049944
0.264879473246044 0.80679296379186
0.277892273429384 0.800955168810373
0.389505053841649 0.750798890446941
0.279643164837962 0.800169775349859
0.288175180280656 0.796340597417634
0.301227067177896 0.790485108054732
0.300770824732781 0.790690077442421
0.302969231851532 0.789700143863186
0.269123090636035 0.804889889890143
0.316966224913045 0.783416585999791
0.282205981374464 0.799019889583606
0.388341234418491 0.751322010575096
0.27247474549645 0.803385995994702
0.301003276156561 0.790583049881473
0.30453949721545 0.788997405382165
0.279647677820234 0.800168668854269
0.273898805282765 0.8027467860799
0.302891904829272 0.789734611799079
0.317575230996036 0.783142946556511
0.279475694739937 0.800244716288163
0.266584388780587 0.806028162517911
0.267603291116377 0.805571091067964
0.280954883060458 0.799581241649035
0.265728797241434 0.806411962327269
0.278648870796991 0.800615622547589
0.32087396809851 0.781662930684955
0.308226264684671 0.787340495332332
0.290354160619167 0.795362534935349
0.298085776470823 0.791893313310816
0.275154995772378 0.802183173778018
0.297396790454297 0.792200957569688
0.309661718519965 0.786695558589449
0.295234540687208 0.793174913120252
0.296061670567695 0.792802844533339
0.295561489340809 0.793026335739731
0.286197708478836 0.797227791186623
0.26980020059029 0.80458559727617
0.26501988842582 0.806729999181536
0.317352866576301 0.783242927891396
0.389505053841649 0.750798890446941
0.344372497557879 0.771105459095952
0.276873162560527 0.801412772076228
0.302947072505468 0.789710119121237
0.270939886745953 0.804074223681376
0.269845295167605 0.804565396739965
0.304577930737216 0.788979581124468
0.285166291663663 0.797691182118425
0.306770590155463 0.787996680158629
0.295894556284 0.79287645856876
0.295337933702058 0.793126725271219
0.315903193526355 0.783894964581087
0.297956660238731 0.79195072210297
0.288137143788512 0.796357667030447
0.267871708642997 0.805450715738496
0.310996554474753 0.786097857099634
0.298537192672356 0.791690193559857
0.28680645008786 0.796955436060306
0.265424875038992 0.806548350679187
0.273995859838933 0.802703385449431
0.291705068021397 0.794758730125736
0.273582251342929 0.802888888333621
0.28139831041242 0.799382479055992
0.286795021550542 0.796960362978915
0.29625055161709 0.792716596041746
0.312055567047826 0.785622471013907
0.277547834257834 0.801109692702652
0.295721720206623 0.792954566236719
0.344372497557879 0.771105459095952
0.280761485611723 0.79966806095977
0.281148976023323 0.799493937201254
0.264915954727784 0.806776604247439
0.306588790722525 0.788076406776183
0.290334179828971 0.795371505973844
0.314571879085445 0.784492505581012
0.282185842310404 0.799028870879309
0.285587498373104 0.797502907646501
0.306420866755916 0.788151771136232
0.266440188229337 0.806092984763795
0.265751347265983 0.806401846350502
0.264861302845395 0.806801115099702
0.270205809892023 0.804403714556427
0.29366237187302 0.793879150561238
0.377653878880069 0.756135892460687
0.288662239036344 0.796122800825103
0.317057538565728 0.783376885475691
0.303735222325758 0.789356785878364
0.274503937313446 0.802475619139627
0.290590328073154 0.795257837666053
0.335256256655113 0.775200441820751
0.279647677820234 0.800168668854269
0.334541690978932 0.775522871369788
0.321226875229597 0.781502597113008
0.268904794726412 0.804987179684164
0.264910040601728 0.806779253811669
0.288175180280656 0.796340597417634
0.289338577971011 0.79581897259988
0.28760286098408 0.796597531341867
0.305722088667293 0.788463821126728
0.280227751519606 0.799907035086846
0.285159928125096 0.797694021755646
0.289435309926032 0.795775651116035
0.291251727528716 0.794961175706018
0.306588790722525 0.788076406776183
0.274344457806566 0.802546814095089
0.284976540573733 0.797775848179724
0.272214438055286 0.803502854201287
0.286983319237203 0.796876488027093
0.286557105410314 0.797067266904606
0.264861302845395 0.806801115099702
0.293874647397501 0.793782506364495
0.317885591624454 0.783003365868785
0.266440188229337 0.806092984763795
0.286113273862292 0.797266790386788
0.262533016645128 0.807845466288159
0.317229000204168 0.783297681555818
0.270048121409913 0.804474856061349
0.275836037662976 0.801877567371239
0.264663920191114 0.806889646399278
0.264748700227403 0.806851627930274
0.276941283759722 0.80138190292988
0.291104292656764 0.795025805385795
0.279051714226747 0.800436253276118
0.293444132546498 0.793976268303652
0.28438037078664 0.798044653409075
0.289435309926032 0.795775651116035
0.296106174826583 0.792781815335101
0.306588790722525 0.788076406776183
0.280233462187305 0.799905621523238
0.294934061671173 0.793307810821154
0.29850277148663 0.791705462837856
0.280040786376447 0.79999116453323
0.308397952087657 0.787263649942953
0.285925646538596 0.797350416052845
0.321966251926068 0.781170638199192
0.275125911559249 0.802196220282729
0.300692576634618 0.790724637916002
0.320442601912441 0.781855167396593
0.287019244775846 0.796861179822866
0.317885591624454 0.783003365868785
0.314970016085522 0.78431366732902
0.28760286098408 0.796597531341867
0.290317326814651 0.795379145226622
0.281148976023323 0.799493937201254
0.284976540573733 0.797775848179724
0.284759457177786 0.797874478365889
0.296646489552708 0.792539296730125
0.277643577463638 0.801066834776124
0.320774008061689 0.78170582234455
0.299563591034001 0.791229206610662
0.321778707718607 0.781255978346119
0.374277185913718 0.75765702581416
0.271821390429973 0.803679157014979
0.264501363148417 0.80696256658435
0.295299019844464 0.793146442674245
0.35090416002058 0.768165792225905
0.276873162560527 0.801412772076228
0.306639393428452 0.788053318272736
0.265676271759 0.806435606850484
0.296554955110185 0.792582345409188
0.286524040493639 0.797082317883057
0.262534704930891 0.807844707082509
0.280773570464545 0.799662016181588
0.287019244775846 0.796861179822866
0.32397270923848 0.780272703498065
0.292068642320995 0.794594037189998
0.30726299182674 0.787771457678692
0.3034563438232 0.789481558831064
0.269006326665601 0.804941725211434
0.273582251342929 0.802888888333621
0.285989625177858 0.797321696033322
0.287268009284323 0.796747846821201
0.279051714226747 0.800436253276118
0.285753107189967 0.797427858924232
0.278182323833599 0.800825016465622
0.312060161697415 0.785621330673317
0.298481519856973 0.791714709807429
0.293461784315274 0.793967811088748
0.296599325680059 0.792562476659859
0.273272965551089 0.803027629420646
0.265970392702291 0.806303680046622
0.275838563142924 0.801876434257596
0.273130541082058 0.803091570496901
0.289065316310935 0.795941212896885
0.266284831094569 0.806162565083653
0.287583988035552 0.796606103376223
0.281146161243774 0.799495200140264
0.283209522811226 0.798568969057204
0.277890372329471 0.80095596456809
0.285222176920385 0.79766615471839
0.300139016011731 0.79097252457567
0.292428079843593 0.794432066756444
0.297359931697087 0.792219695006439
0.277943042318915 0.800932332410379
0.281092033628468 0.79951948718755
0.310056459872096 0.786518285399298
0.326871105113833 0.778967882545711
0.268571392383148 0.805136791074164
0.277890372329471 0.80095596456809
0.283842256307784 0.798285285247329
0.289699699102787 0.795656556762393
0.275400997291008 0.802072937185632
0.27937322668403 0.800290464420287
0.287019244775846 0.796861179822866
0.267778313964033 0.80549257368537
0.270932573681782 0.804077470971458
0.265018949455097 0.806730367821161
0.270615675003259 0.804219816295948
0.266284831094569 0.806162565083653
0.322202017346149 0.781064985881545
0.273596191802531 0.802882772462237
0.301349903028105 0.790428738441514
0.285222176920385 0.79766615471839
0.275489660318684 0.802033742339399
0.304161444725585 0.789166243622095
0.366045455043535 0.761362283758217
0.327116531179515 0.778857269793662
0.300139016011731 0.79097252457567
0.262461825035236 0.807877384323109
0.287813949385628 0.796505364683346
0.314822989394483 0.784377547654285
0.298416889293161 0.791744143492418
0.269997012519904 0.804497372112047
0.27471223292529 0.802381581943938
0.290317326814651 0.795379145226622
0.299285153559878 0.791354888297623
0.309692349933293 0.786681766431764
0.265131916279148 0.806679695929922
0.281148976023323 0.799493937201254
0.280558748394056 0.799758259490763
0.29924597121652 0.791372178820325
0.277627437670906 0.801073876673018
0.326410270303062 0.779175350212616
0.319944042416363 0.782080788251227
0.297713173018052 0.792060256155351
0.366045455043535 0.761362283758217
0.279999467392818 0.800009721808035
0.269607756823539 0.804671815313919
0.298971975808861 0.791494958599811
0.294175279721533 0.793647304785949
0.294072330671582 0.793695056693291
0.284789111281449 0.797860767483459
0.27907031175628 0.800426567718998
0.347151880379996 0.769854573943247
0.283388849768823 0.798490480220114
0.366045455043535 0.761362283758217
0.310056459872096 0.786518285399298
0.300107673880111 0.790986600257197
0.26633927384209 0.80613813284685
0.302342485976928 0.78998191924643
0.283365059478473 0.798499687162705
0.273153602710701 0.803081601203137
0.324995357974512 0.779810519749528
0.264054579752384 0.807162955166614
0.314051271437315 0.784723618819086
0.292767460296257 0.794281655086299
0.274709337673273 0.802382893542763
0.289312638385408 0.795830072898589
0.265131916279148 0.806679695929922
0.287021226472014 0.796860374314171
0.270939886745953 0.804074223681376
0.285896046387364 0.797365144820502
0.283842256307784 0.798285285247329
0.266625589915739 0.806009745549683
0.295292797761577 0.793147007044112
0.270765678760173 0.80415237102808
0.262609878447455 0.807810974622872
0.272140250217013 0.803535863528379
0.362422642354134 0.762986653263579
0.328566019970966 0.778205746531124
0.307800501724601 0.787531531161095
0.264819793787431 0.806819677451235
0.275625046497502 0.801972338257536
0.275947997779347 0.801827526839579
0.28710624818541 0.796821038979403
0.27967803026137 0.800154393333525
0.262381602494046 0.807913368696192
0.289692156026687 0.795660893163517
0.298971975808861 0.791494958599811
0.276435630548754 0.801608840734282
0.280287948536125 0.799880301077132
0.304272326240082 0.789116475227669
0.262611217092856 0.807810374145615
0.270765678760173 0.80415237102808
0.273278702516571 0.803024922446798
0.264271814696928 0.807065548946102
0.269819735901667 0.804576781988688
0.264872049519789 0.806796263809526
0.298209053519514 0.791836389954439
0.307283581025555 0.787764570476407
0.272541832383076 0.80335567732661
0.274709337673273 0.802382893542763
0.265347884925585 0.806582807916101
0.273886121962032 0.80275293564236
0.263175694186392 0.807557215680583
0.273913631171207 0.802740226073516
0.307283581025555 0.787764570476407
0.268424046392657 0.805203023398514
0.266602067032916 0.806020138855279
0.285896046387364 0.797365144820502
0.280580712758648 0.799749431458985
0.268608194376951 0.805120282549937
0.288577333872451 0.7961602731973
0.296215575609458 0.792733343876845
0.285896046387364 0.797365144820502
0.265347884925585 0.806582807916101
0.278931271178814 0.800489078447301
0.271801874224539 0.803687609858405
0.28294410422699 0.798688592131443
0.263598217517854 0.807367654443639
0.277434700783154 0.801160332283801
0.282392874884886 0.798936172517433
0.281148976023323 0.799493937201254
0.298282135214188 0.791803981489206
0.287019244775846 0.796861179822866
0.314905706507665 0.784342120437813
0.302260220573057 0.790018846025191
0.292163983960515 0.794552482105226
0.324084734122857 0.780218424539066
0.295328238947599 0.793131096787835
0.281456065233465 0.799356016962933
0.279434765436245 0.800262649312203
0.264587237128252 0.806924223158665
0.286514880882889 0.797086498903573
0.322683297839589 0.780849881687897
0.326662659720123 0.779060939619412
0.26633927384209 0.80613813284685
0.302243752217519 0.790026645293798
0.262342303933589 0.807930996102928
0.276213924848221 0.801708137432943
0.313370785091218 0.785029620677305
0.307599034352246 0.787622927980591
0.316639803437202 0.783564012512496
0.270809166191031 0.804133069581182
0.27040609176081 0.804313983028766
0.292511949439378 0.79439417962142
0.289640746862434 0.795683960610269
0.279532358251558 0.800219170472948
0.296695200272063 0.792516490749543
0.26633927384209 0.80613813284685
0.288602468605875 0.796148968868947
0.320994327964192 0.781607085983271
0.289351986391446 0.795813885568931
0.305190844818383 0.788704179047736
0.317076390971648 0.783367708279234
0.282357587598175 0.798951637322714
0.262342303933589 0.807930996102928
0.271801715689063 0.803687680921729
0.318952824612428 0.782524160986591
0.291072705665161 0.795040939666007
0.271999719780553 0.803598933149794
0.280436860284908 0.799814411980383
0.276435630548754 0.801608840734282
0.27027330412855 0.804373357455723
0.287683775215573 0.796561445266638
0.267603291116377 0.805571091067964
0.272444886415533 0.803399269449862
0.269607756823539 0.804671815313919
0.29664218386464 0.792540464384969
0.293596602857306 0.793907095101239
0.262342303933589 0.807930996102928
0.277218026140788 0.80125914348626
0.288099271688306 0.796376352611441
0.318687081157362 0.782643060978006
0.381942251233989 0.754201299170739
0.271225813430143 0.803946005693782
0.27394225515637 0.802727442968818
0.379004965801012 0.755524095442398
0.267370685382228 0.80567544210175
0.275625046497502 0.801972338257536
0.26421269821 0.807092027324966
0.271141576865371 0.803983902303304
0.271225795202884 0.803946013915209
0.262342612917265 0.807930857492081
0.290256259040467 0.795407798252033
0.312661073452677 0.785350507196265
0.350986198571681 0.768135323970369
0.292175256827522 0.794545425171835
0.304029455559732 0.789225861928135
0.275578902249402 0.801993045520642
0.263635185156411 0.80735113661011
0.276275234992471 0.801681013442525
0.318055541479575 0.782927751414451
0.276755287717563 0.801465455012672
0.262342303933589 0.807930996102928
0.310039683850213 0.786525822419739
0.326886186343646 0.778959025827446
0.279762357406004 0.800116387407308
0.286330780298567 0.797168828129085
0.27225550615833 0.803483975820045
0.271779908673279 0.803697374940947
0.275152492757273 0.802185656680767
0.264294825292558 0.807055187061271
0.284033504527676 0.79819910646043
0.262342303933589 0.807930996102928
0.378517280397575 0.755744773223855
0.348088647111981 0.769432533643071
0.28434248427317 0.79806067101921
0.319595285157596 0.782233816279464
0.301783946190201 0.790234522897398
0.288953029710517 0.795991847047037
0.279762357406004 0.800116387407308
0.267603291116377 0.805571091067964
0.285148762346013 0.797699028100598
0.2845006858139 0.797990069207331
0.266534525414989 0.806050573843541
0.274659563654355 0.802405874846566
0.290466059062546 0.795312263269161
0.324378081955828 0.780086709748287
0.278938290217121 0.800486250172474
0.284206281496393 0.798121796759028
0.276326259122792 0.801658109537931
0.262333854679971 0.807934786109273
0.280042452365845 0.799990959784847
0.297306159611816 0.792243172153442
0.305540328552445 0.788549129501272
0.296972119128118 0.792392375342302
0.288268054589471 0.796299109477616
0.264225468042804 0.807086289516487
0.285593501313199 0.797499736695209
0.317041828412442 0.783381608205153
0.284529472985011 0.797977060548076
0.320918417145225 0.781641722225808
0.277453998428599 0.801151666403771
0.269607756823539 0.804671815313919
0.358555899019042 0.764728068639075
0.3260957695681 0.779314012404455
0.2717672604618 0.803703048170585
0.27027330412855 0.804373357455723
0.270398868592583 0.804317122888652
0.295316343953899 0.793136909048143
0.266534525414989 0.806050573843541
0.304272326240082 0.789116475227669
0.274072811910691 0.802668780287683
0.272398261884932 0.803420113315913
0.303869683894795 0.789297262069823
0.303394044922714 0.789510245007179
0.279904520484986 0.800052129744085
0.303236787044966 0.789580250054044
0.264225103461438 0.807086453062356
0.372429806915412 0.758485133456677
0.275685218137998 0.801945236736073
0.28388754044692 0.798265253734038
0.263316829746694 0.807493856303284
0.313715989272247 0.784877062733079
0.328875050694689 0.77806874977326
0.281456065233465 0.799356016962933
0.360044792981584 0.764057585312172
0.279543307015643 0.800214038293795
0.277353133861358 0.80119717101659
0.321188691993047 0.781519766563361
0.286444734560447 0.79711696723663
0.282392874884886 0.798936172517433
0.29027901143764 0.795396496822096
0.285181989178836 0.79768421508459
0.314700861380388 0.784435458436697
0.292175256827522 0.794545425171835
0.270424308309817 0.804305710323861
0.296124298576425 0.792773121542936
0.351629970635128 0.767842003557043
0.316622025752873 0.783570836932234
0.325840489660754 0.779428823279492
0.2717672604618 0.803703048170585
0.296337667823793 0.792678755097457
0.322202017346149 0.781064985881545
0.299456747702926 0.791279685648537
0.281648644580514 0.799269306249671
0.29295227839847 0.794198048401646
0.302243752217519 0.790026645293798
0.326506768789698 0.779129371866868
0.322268252175877 0.781035188396919
0.281139170045804 0.79949838103498
0.273936119494995 0.802730195923222
0.267603291116377 0.805571091067964
0.269709283463573 0.804626281490169
0.281233861724785 0.799455896047427
0.269469333033892 0.804733921473808
0.267767404831214 0.805497549407505
0.280973420495756 0.799572354814375
0.264872049519789 0.806796263809526
0.320452964547759 0.781852045520273
0.268029503581952 0.805379908284118
0.269469333033892 0.804733921473808
0.277093150356078 0.801313805946707
0.275031878098969 0.802238642518188
0.361025796522754 0.763616426112828
0.280600498672523 0.799739975030259
0.269117882446479 0.804891610488338
0.289680331687414 0.795666198295712
0.279578749296822 0.800198300433879
0.285155003628503 0.797696138915237
0.285548479847435 0.797519635635256
0.282606473873508 0.798840655553179
0.27080730474793 0.80413388079291
0.359490734271038 0.764306619624686
0.287316733087271 0.796726184718546
0.279543307015643 0.800214038293795
0.32036245967901 0.78189085203717
0.32228182891763 0.781029098465881
0.26633927384209 0.80613813284685
0.269117882446479 0.804891610488338
0.322202017346149 0.781064985881545
0.303685517453374 0.789380148742728
0.28995164613041 0.795543304900467
0.28771984645243 0.79654583054261
0.276180518928823 0.801723092313441
0.315412614732781 0.784113321163955
0.269117882446479 0.804891610488338
0.314875065208836 0.784355291801643
0.322565327881693 0.780901562128862
0.316428059671845 0.783659293209245
0.306704897414207 0.788023981455282
0.282377729787731 0.798944074519183
0.319843405969035 0.782124981230583
0.262333854679971 0.807934786109273
0.267971185552024 0.805406048733412
0.320530149953334 0.781815462978103
0.268029503581952 0.805379908284118
0.314604911463915 0.784478263433397
0.302666316221309 0.789837310624648
0.285992523736398 0.797320206284091
0.262334058404301 0.807934694728525
0.271857109751589 0.803662772718938
0.297290303176643 0.792249292104112
0.32006649282841 0.782023842920744
0.264872049519789 0.806796263809526
0.306166079463293 0.788265849759674
0.286011025179388 0.797312354013821
0.274051628317052 0.802678384948945
0.297202999937275 0.792288473966991
0.282606473873508 0.798840655553179
0.262338955507956 0.807932494407939
0.288257992579639 0.796303053163416
0.262269038428865 0.807963866734458
0.26233040437158 0.807936333748517
0.278907983282689 0.800499391046188
0.262334058404301 0.807934694728525
0.312902757717153 0.785240991736779
0.291533364851713 0.794835896763146
0.273931069698789 0.802732291695123
0.281621146601603 0.799281890131572
0.309551142257446 0.786745431024999
0.289360755456934 0.795809728654282
0.277011861935864 0.801350100684501
0.283751991320937 0.798326556916894
0.268785277703156 0.805041075919848
0.362536909490123 0.76294293468014
0.290771557592381 0.795176475969273
0.265681837298988 0.806433013285896
0.289841865939146 0.795593152881314
0.262338955507956 0.807932494407939
0.329713593079209 0.777692783541524
0.263099469324474 0.807591364887335
0.282887978161175 0.798713933189644
0.271847547631418 0.803667062533136
0.262338955507956 0.807932494407939
0.292479878671942 0.7944096444311
0.287694391419686 0.796557973449247
0.263741868243202 0.807303294932626
0.284770920925023 0.797868829061271
0.264835174566154 0.806812805589643
0.280523318407603 0.799775304761637
0.274700696466509 0.802387173205279
0.268901627048294 0.804988638770119
0.299084540140451 0.791445106884887
0.269522824774338 0.804710142129542
0.319328394210768 0.782355792541693
0.320431852675573 0.781859664074176
0.289359843421868 0.795810149603022
0.280650880850804 0.799717245496249
0.264418766374564 0.806999568833794
0.302572066725012 0.789880638487056
0.331047985593149 0.777093721128528
0.288257992579639 0.796303053163416
0.265659768285375 0.806442913229071
0.300019365673316 0.791025070892975
0.304485084783441 0.789020446903202
0.303976020556146 0.78924873069505
0.327398685181718 0.778733751209053
0.280650880850804 0.799717245496249
0.274915563418683 0.802290808963194
0.326788490447507 0.779006620977037
0.280583040626406 0.799747661490307
0.275974347829944 0.801815611649464
0.297012630474065 0.792374295350106
0.299120316316039 0.791427948184593
0.262269038428865 0.807963866734458
0.302572066725012 0.789880638487056
0.311992566185615 0.785651656797113
0.311209672450491 0.786002530489099
0.305613860226179 0.788515634339443
0.270786714343445 0.804143116563746
0.305613860226179 0.788515634339443
0.305400672003881 0.788610069226476
0.322709423901721 0.780837106906143
0.273748110311368 0.80281453315534
0.279503328673572 0.800232133074068
0.296127293431957 0.792771027443326
0.308911654869479 0.787034682350205
0.27458931983786 0.802437297639039
0.284064685554234 0.798185218676345
0.304736764515941 0.788910853765861
0.347279940050651 0.769795201993882
0.30564874286507 0.788498400967747
0.265127404178774 0.806681748821704
0.29358174194556 0.793916185498038
0.309861468787534 0.786606431192828
0.265659768285375 0.806442913229071
0.266847787077575 0.805910060248318
0.329630618412178 0.777727312088114
0.264418766374564 0.806999568833794
0.26292079965248 0.807671497122811
0.30564874286507 0.788498400967747
0.265485991380944 0.806520872338931
0.315984260603964 0.783858791264407
0.275974347829944 0.801815611649464
0.29487017023491 0.793337401080987
0.280650880850804 0.799717245496249
0.278774219637397 0.800559396501603
0.287695489987307 0.796557480018565
0.262269038428865 0.807963866734458
0.267363107545803 0.805678878341274
0.297329730724758 0.792233738648758
0.296127293431957 0.792771027443326
0.27744577996515 0.80115501942977
0.360099814530115 0.764036621488297
0.265127404178774 0.806681748821704
0.282486922225689 0.798893656812092
0.270320384608768 0.804352162057604
0.268723260154957 0.805068828404422
0.292417198254002 0.794436966426225
0.268071799018602 0.80536090409132
0.282153108931069 0.799043285122764
0.28184492988432 0.799181471811491
0.280856368276486 0.799624900240061
0.263510820972424 0.807406952826585
0.270074343995407 0.804462461750002
0.278882900033319 0.800510638411086
0.262846935681142 0.807704645126617
0.304736764515941 0.788910853765861
0.277237433240948 0.801248582470394
0.286936518572587 0.796896111470187
0.268017610528786 0.805385285014353
0.267967377656126 0.805408056597376
0.280817033739518 0.799642396474682
0.280827348070216 0.799638226277526
0.280856368276486 0.799624900240061
0.290404547433509 0.795339845608735
0.291570648032007 0.794816274337135
0.271184260767941 0.803964760446535
0.288873727527611 0.796027583040859
0.29358174194556 0.793916185498038
0.276424871216489 0.801614524886593
0.262635431325023 0.807799515397523
0.284683550616692 0.797907957242167
0.277567841615573 0.801100673528972
0.270074343995407 0.804462461750002
0.271360305601252 0.803885945642538
0.278445077351825 0.800707627072469
0.273541269563783 0.802907083691696
0.288668523629625 0.796119743397844
0.268744085165702 0.805059670415558
0.281852928598191 0.799178213852774
0.279635688223976 0.800172719302311
0.281680199726159 0.799256600921439
0.276764336939745 0.801461016059234
0.281890070499336 0.799160858669017
0.347353113845421 0.769764263501377
0.262269038428865 0.807963866734458
0.266275829725068 0.806166593794565
0.321781488585317 0.781254453769014
0.29161776740193 0.794795127814667
0.276180518928823 0.801723092313441
0.276390742350885 0.801628697507473
0.297283502228658 0.792254953409404
0.278577916363641 0.800648045927226
0.275719821892997 0.801929822040275
0.292062439493093 0.794595574121726
0.275719821892997 0.801929822040275
0.312671577602099 0.785347489499947
0.296037493358614 0.792813710316305
0.26320843393061 0.807542533425208
0.347357017119514 0.769762506209192
0.281533133739536 0.799321109834797
0.269926588174281 0.804529071320726
0.286972227475901 0.796880657998001
0.267420583425864 0.805653124431352
0.272636018369878 0.803313407719922
0.290404547433509 0.795339845608735
0.29566541924642 0.792978814429074
0.261699761607708 0.808219223367175
0.280055618957541 0.799984807339913
0.261003978979521 0.808531317997933
0.271231808404217 0.803943540190878
0.261003978979521 0.808531317997933
0.271458462567763 0.803842668342002
0.275542062733189 0.802009387386295
0.268803009497332 0.805033121108354
0.29444387863923 0.793527367968671
0.297008285670565 0.792376998012814
0.31024766873869 0.78643473861354
0.297012993179885 0.792374211911003
0.263741868243202 0.807303294932626
0.264383294335392 0.807015528530965
0.267420321258712 0.805653242050649
0.270990144939552 0.804051860939114
0.281306222043062 0.799423712039256
0.275256806280908 0.802137388630079
0.262139639126797 0.808021923020707
0.292020565898809 0.794615847425428
0.284709902722183 0.797895480424214
0.280817033739518 0.799642396474682
0.288810156974318 0.796056071137678
0.273985467759808 0.802708255363311
0.376084299767382 0.75683801428348
0.396223018503522 0.747764855261677
0.392664780210712 0.749377933772388
0.370396250203049 0.7594020129474
0.36957022259182 0.759772782267447
0.392131383926519 0.749611250561596
0.375930765793625 0.756907089591341
0.395018682913981 0.74830915991166
0.391975699323474 0.749678144009112
0.370093886100279 0.759534728683549
0.370093886100279 0.759534728683549
0.332987693410698 0.776222448355471
0.362919795237975 0.762761056361068
0.362919795237975 0.762761056361068
0.366555886544969 0.761123269445772
0.365826750174221 0.761453121364459
0.396077865663381 0.747829879442673
0.39436634274631 0.748603132891588
0.362992908343831 0.762730484067148
0.366555886544969 0.761123269445772
0.396077865663381 0.747829879442673
0.395441708833126 0.748119047625553
0.275004967046197 0.802251655846751
0.271309716205477 0.803908829850637
0.271807676878235 0.803685378641226
0.372370921676674 0.758516630672525
0.270284065715411 0.804368830340078
0.271807676878235 0.803685378641226
0.271230148548595 0.803944607973573
0.271273497604803 0.803924772020739
0.271807798974244 0.803685323867432
0.372370921676674 0.758516630672525
0.354165903835958 0.76670398162709
0.272183545971368 0.803516988658704
0.278663995604614 0.800610590670699
0.279710891436643 0.800140223675372
0.352993542142063 0.767230105731973
0.289914044581611 0.795561870874345
0.346382372731237 0.770201221533212
0.380018292413827 0.755065913347767
0.271534491020449 0.803807697853593
0.272183545971368 0.803516988658704
0.277139225340087 0.801293725595732
0.275265206663154 0.802134541523978
0.279017233472176 0.800451297051507
0.385075426640962 0.752797931929898
0.364478875069915 0.76206352377382
0.386238614152831 0.752263194551499
0.391297621657276 0.749991791225916
0.273225492659064 0.803049594144256
0.278041008271762 0.800888851130677
0.27178900300954 0.803693691133952
0.27216910650054 0.803523464406075
0.389462812142848 0.75081667884127
0.277671695742293 0.801055900735816
0.27178900300954 0.803693691133952
0.272232993354983 0.803494561162662
0.269249682195631 0.804832794533812
0.269249682195631 0.804832794533812
0.271786958230691 0.80369460848839
0.269249682195631 0.804832794533812
0.278898923036908 0.800504116089619
0.277671695742293 0.801055900735816
0.269249682195631 0.804832794533812
0.269249682195631 0.804832794533812
0.279197241391982 0.800369402502048
0.269249682195631 0.804832794533812
0.295987090735025 0.79283642353889
0.269249682195631 0.804832794533812
0.295987090735025 0.79283642353889
0.360827801346912 0.76370764852896
0.2724481443617 0.803398106078481
0.269358699173072 0.804783958646711
0.273074570931223 0.803117358161851
0.270234732375759 0.804391091534457
0.271347413622253 0.803891854173402
0.352317554436958 0.767536498376611
0.272328200201038 0.803451992344168
0.269249682195631 0.804832794533812
0.268498574811168 0.805169794853638
0.271657000510741 0.803752426757889
0.328719376215575 0.778142156869102
0.2756849947224 0.801946079688347
0.279678939002733 0.800153594145146
0.27616916441377 0.801728720775566
0.382491766659966 0.753959224431565
0.288288335782982 0.796290082451055
0.270250312666519 0.804383820396345
0.269643027313524 0.804656480515461
0.376773648907649 0.756530545552796
0.300625492244919 0.790752972676538
0.276561049242016 0.801553209873461
0.274864602424528 0.802315015165441
0.304184757334378 0.789155957575855
0.291448567768139 0.79487183687784
0.268498574811168 0.805169794853638
0.277461737312227 0.801149795456639
0.270234732375759 0.804391091534457
0.268501683752165 0.805168400427365
0.300936364781442 0.790613412031539
0.268498574811168 0.805169794853638
0.275177223065766 0.802175028813577
0.382491766659966 0.753959224431565
0.281822315935641 0.799192212158895
0.271657000510741 0.803752426757889
0.273397955813962 0.802971749505217
0.281769473362281 0.79921560251781
0.377561108253287 0.756178917425182
0.268498574811168 0.805169794853638
0.271265465158642 0.803928136327219
0.294221479662628 0.793627972906504
0.277608869967106 0.801083542387293
0.330588266293727 0.777298685559806
0.289823695975016 0.795603133023689
0.305116850704525 0.788737448021072
0.272651305555903 0.803306376021978
0.294241926764467 0.79361880651288
0.26945332910207 0.804741567521449
0.271279056458564 0.803922026572482
0.268869396619604 0.805003449812141
0.381725648706482 0.754301595882469
0.269284849786342 0.804816677959224
0.270001928376177 0.804495367032277
0.268498574811168 0.805169794853638
0.267638284900476 0.805555888632716
0.271265429313087 0.803928152416013
0.273074570931223 0.803117358161851
0.264151020750202 0.807119704560503
0.293781924698864 0.79382520372044
0.268150113145846 0.80532611190005
0.262904951026865 0.807678655517611
0.271876363347448 0.80365402376989
0.303404434209057 0.789506235617593
0.34383575388333 0.771345270960776
0.264354472997274 0.807028443913895
0.264353671996638 0.807028803303141
0.382491766659966 0.753959224431565
0.267038265588162 0.805825003841253
0.279710996031779 0.800139936036416
0.267040073588586 0.805824192948685
0.267636348734835 0.805556757007943
0.271736929458939 0.803716586054047
0.267556850128528 0.805592401354534
0.276340062946232 0.801651440275076
0.274293365822572 0.802570242576531
0.262904951026865 0.807678655517611
0.267038265588162 0.805825003841253
0.2773297076487 0.801208613637923
0.295149470182263 0.793212764738842
0.271593616056602 0.803781315899906
0.266647723772561 0.806000164627423
0.264354472997274 0.807028443913895
0.284931786493079 0.79779685233769
0.271138909090687 0.803984977639987
0.266647723772561 0.806000164627423
0.267279221370899 0.805716827609771
0.309119109768813 0.786940438375898
0.336816655240865 0.774502060840884
0.261826112998737 0.808162574509328
0.264354472997274 0.807028443913895
0.266689135585648 0.805981270698531
0.271335403349456 0.803896812402371
0.330588266293727 0.777298685559806
0.262881403009273 0.807689234725342
0.266694329684194 0.805979262068009
0.272431577312001 0.803404915192312
0.374485838300064 0.757560787920863
0.274039282674246 0.80268420030909
0.264354472997274 0.807028443913895
0.324914681056447 0.779848581827315
0.270001928376177 0.804495367032277
0.277460301323075 0.80115024491473
0.267442880961092 0.805643472330403
0.335695791245566 0.77500554871592
0.291536370920459 0.794833554036507
0.272431577312001 0.803404915192312
0.331033628169531 0.777098516494406
0.336816655240865 0.774502060840884
0.261826112998737 0.808162574509328
0.261826112998737 0.808162574509328
0.265200663054002 0.806648831659246
0.263906295215818 0.807229569594297
0.299461127943388 0.7912780520404
0.269873620274997 0.804553044288626
0.261826112998737 0.808162574509328
0.26193684430888 0.808112913592009
0.330677521591911 0.777258414578009
0.286276124373857 0.797194491569811
0.335315164554986 0.775175957788126
0.266406937741271 0.806107852571788
0.277472009468847 0.801144990787882
0.26578918402589 0.806385018532904
0.327743834908533 0.778578682376074
0.290996526272053 0.79507578789679
0.267082713455808 0.805805038375076
0.366241561986484 0.761273247122608
0.269737636658881 0.804614038199228
0.274738173543037 0.802370562434391
0.279122498717361 0.800403463047684
0.366545561484589 0.761133514657023
0.262942323331012 0.807661910853823
0.26280465802591 0.807723666919986
0.271334362137193 0.803897617509686
0.274008904141472 0.80269741743761
0.290589908443898 0.795258230290467
0.274791588339466 0.802347456869999
0.335315164554986 0.775175957788126
0.273324668203639 0.803004675480028
0.367930155570191 0.760510787620055
0.270857277753951 0.804111377099198
0.270773647189467 0.804149333565811
0.267681897675128 0.805536332111168
0.264200312486659 0.807097801545175
0.265034873485327 0.806723217691008
0.263775094628051 0.807288517916678
0.272336689606512 0.803447509389467
0.30858699004183 0.787179280573735
0.281950540760211 0.799135797264881
0.274008904141472 0.80269741743761
0.279116437991036 0.800406179276329
0.270857277753951 0.804111377099198
0.271674752362506 0.803744801968289
0.265200663054002 0.806648831659246
0.278096604138687 0.800864394659734
0.271108964709061 0.803998501760732
0.269643027313524 0.804656480515461
0.271425537917652 0.80385712664583
0.261826112998737 0.808162574509328
0.266270267544792 0.806169212074239
0.265055185696348 0.806714051891286
0.274043999431202 0.802682397610136
0.271944075810307 0.803623661129244
0.268860747311666 0.805007466063339
0.261826112998737 0.808162574509328
0.266793561923398 0.805934570083107
0.267240935382923 0.805733671039836
0.280239505691922 0.799901915248734
0.268860650295401 0.805007507103675
0.265394044564143 0.806562144820589
0.265059637272825 0.806712055180822
0.274723853762233 0.802377455507656
0.271005044551845 0.804045314921068
0.261467827836056 0.808323247110638
0.267501993956053 0.805616824311436
0.292784764547591 0.794273022193463
0.273120350624252 0.80309665114603
0.269816213576959 0.804579306690121
0.262934244149098 0.807665461645604
0.270997055482303 0.804048898282275
0.26547302589712 0.80652660404648
0.267681897675128 0.805536332111168
0.271601359106 0.803777673560592
0.272801624281997 0.803239456726603
0.287976925340168 0.796430893385347
0.265055185696348 0.806714051891286
0.332153150295638 0.776594328789952
0.293015537351478 0.794168076466708
0.265307956153561 0.806600740899586
0.266456938648226 0.806085717188865
0.262935731915009 0.807664866950879
0.291657513945042 0.794778835352281
0.271932540303842 0.803629032969992
0.285144964901163 0.797700705526976
0.274043999431202 0.802682397610136
0.260884491706785 0.808584941822575
0.292021306684553 0.794615706080463
0.261667301371759 0.808233829129835
0.268053256479863 0.805369385578814
0.265055185696348 0.806714051891286
0.284803983017269 0.797853831938321
0.274979886536716 0.802261920445428
0.260764661160461 0.808638652319798
0.269947962057907 0.804519795926697
0.265055185696348 0.806714051891286
0.265937710597538 0.806318604755821
0.260825704905835 0.80861127909971
0.262922125433828 0.807670972191693
0.278096604138687 0.800864394659734
0.289774966685688 0.795623313845241
0.303827443897737 0.78931503477442
0.27792402244673 0.80094101895037
0.283914176480522 0.798253248201786
0.266456938648226 0.806085717188865
0.28253407871829 0.798873625808421
0.293468716748643 0.793964672018752
0.272089995057493 0.803558428232691
0.271814145782313 0.803682211882452
0.264899974498618 0.806783680549763
0.27792402244673 0.80094101895037
0.277924591219787 0.800940763757231
0.267670277195095 0.805541758583785
0.283744225919003 0.798329284975592
0.265176540289575 0.80665961372782
0.261003026703071 0.80853172926652
0.264706548320568 0.806870630509506
0.274084711641608 0.802664153574795
0.273206003077114 0.803057557744468
0.27152977484063 0.803809790773759
0.266395571933209 0.80611269840554
0.269066522552914 0.804915615670072
0.269643027313524 0.804656480515461
0.279217842931007 0.800361060766899
0.285965139155121 0.797332472927032
0.284803983017269 0.797853831938321
0.289615991660103 0.795693880551136
0.268560593896433 0.80514188285432
0.309923867069333 0.786581255098208
0.261666227069079 0.808234310947861
0.282896147979155 0.798709797755213
0.275373939225632 0.80208527912683
0.280620737658608 0.799731615685151
0.296860086273022 0.792444066173385
0.273236772576597 0.803043916544894
0.284383764526408 0.798042848376824
0.276960590323581 0.801373357810721
0.284164809435395 0.798140786557704
0.278295222700044 0.800774909572376
0.291606648866864 0.794800497689999
0.260599589496378 0.80871269563338
0.271209186549688 0.803953950867872
0.27286669261352 0.803209634831325
0.272310948407108 0.803459034038182
0.262762305136471 0.807742660723943
0.273483991748511 0.802933007623623
0.260599589496378 0.80871269563338
0.263719938307687 0.807313176094774
0.284284037683285 0.798086941410352
0.269003625191369 0.804943626786961
0.273235415958886 0.803044172571442
0.266573563648645 0.806033251908691
0.269617401975433 0.804667957380634
0.286457072710989 0.79711213989592
0.263096656349595 0.807592914214205
0.289554752009455 0.795721362609696
0.271960136929916 0.803616733755844
0.259396026445748 0.809252553920371
0.271561346997461 0.803796320150293
0.261576352250001 0.808274638478253
0.267272877940793 0.805719355590597
0.275373939225632 0.80208527912683
0.286457072710989 0.79711213989592
0.283036152376791 0.79864696315798
0.277432724294189 0.80116104828252
0.267669064396884 0.805542299985759
0.266565044969789 0.806037025886879
0.288900350098381 0.796016327836835
0.289177837563662 0.795890657490421
0.274130925382089 0.802643355523808
0.261576352250001 0.808274638478253
0.283142113311852 0.798599406740294
0.263719938307687 0.807313176094774
0.268790017403922 0.805038649642399
0.274302588423344 0.802565761007362
0.277519596894268 0.801122251336961
0.28934023762081 0.795817681266821
0.283093750826197 0.79862110469163
0.261160904589058 0.80846096233451
0.275615424208933 0.801976342757367
0.274302588423344 0.802565761007362
0.259092938222915 0.809388509260434
0.272888923526678 0.803199630763
0.291721730404715 0.794748805712271
0.275273725352756 0.802131303684831
0.271972440203206 0.803611217419078
0.271493549292335 0.803826487149681
0.261157969269688 0.808462278432319
0.271952491173566 0.803619786602361
0.271495382629738 0.803825337180496
0.267324689654743 0.805695884271585
0.274425755412542 0.802510520402707
0.263347690805411 0.807480137489645
0.271495382629738 0.803825337180496
0.273235415958886 0.803044172571442
0.287783852523549 0.79651740689945
0.28934023762081 0.795817681266821
0.271109142471175 0.803998426674954
0.276925329591469 0.801389460731301
0.264591201228027 0.806922266606697
0.272466828552061 0.803389025884144
0.28579024589696 0.797412962979905
0.273540727252689 0.802908845509952
0.289633691061744 0.795685962732688
0.274777423913654 0.802353091075835
0.262351093336381 0.807927109814257
0.271907674508196 0.80364076860442
0.276161222077065 0.801731659369865
0.281611259866522 0.799286684472589
0.26282334941114 0.807715236906912
0.263335111283339 0.807485780099614
0.262280539853131 0.807958748776619
0.273916273496538 0.802738900182082
0.26466177052335 0.806890877740813
0.271135302976704 0.803986657272341
0.273882454562405 0.802754484613828
0.2605857050152 0.808718933146936
0.270772091887387 0.804149681276607
0.260366662965899 0.808817171870969
0.26463739583463 0.806901451340544
0.295999694287391 0.792829985211021
0.264586196051696 0.806924518773116
0.272466828552061 0.803389025884144
0.262280539853131 0.807958748776619
0.25825979904623 0.809762205741276
0.277131176625141 0.801297092436771
0.261789130432861 0.808179185350935
0.268607068482585 0.805120773758371
0.296718366694651 0.792507473324491
0.278306260541631 0.800769022976058
0.262280539853131 0.807958748776619
0.275831122485762 0.801880483907414
0.25825979904623 0.809762205741276
0.258919383519032 0.809466348592079
0.879446089863837 0.249492369387154
0.874624747795575 0.257233472267209
0.896770105664599 0.221632570044924
0.90769060852779 0.204053318088264
0.875196812830561 0.256312874127696
0.876241994438037 0.254632916002107
0.874764424424121 0.2570085286565
0.875039038199004 0.256566544570228
0.876030525258697 0.254979759699957
0.871692669390704 0.26195458796247
0.914878857009312 0.192479724529612
0.914878857009312 0.192479724529612
0.914878857009312 0.192479724529612
0.914836094036949 0.192550766355901
0.89762691575144 0.220246502846189
0.914836094036949 0.192550766355901
0.914902679503918 0.192442057042824
0.920154216938699 0.183986098437139
0.917343048979689 0.188511196499063
0.879045304300551 0.250142947246915
0.905866856346388 0.206985050369355
0.897724052046338 0.220090190605139
0.917568357813151 0.188148483414651
0.923541526674136 0.178530568413232
0.922135844639741 0.18079427459782
0.918855143951009 0.186075534473972
0.917343048979689 0.188511196499063
0.91670162924769 0.189543696569455
0.923541526674136 0.178530568413232
0.911994760314833 0.197125733718405
0.923542398743829 0.178529163646732
0.917538247173028 0.188197197193456
0.868243726709892 0.267501432562296
0.9235996791515 0.178436885603015
0.91411907771918 0.193704558310143
0.915436810476535 0.191581545817116
0.918351855465806 0.186885920848455
0.916148226281749 0.190434908262915
0.92357277349473 0.178480222862206
0.927630268190688 0.171944200294699
0.873097199294267 0.259697353844781
0.920160235430023 0.183977167948481
0.871408052154529 0.262407438329449
0.927562377549905 0.172053559443612
0.917032957676742 0.189012526233865
0.919905642982667 0.184386679533803
0.920993245336276 0.182634570190846
0.919150351246907 0.185600146516163
0.921526912752808 0.18177547543716
0.927562377549905 0.172053559443612
0.921254494248773 0.182212505043206
0.916891580982012 0.189241187914605
0.915090286110994 0.192139041883732
0.927613143420786 0.171971785099975
0.918855143951009 0.186075534473972
0.915375694274356 0.191679419947183
0.923455576105827 0.178668989747702
0.924461424764373 0.177048658812721
0.870442719400265 0.263961093318765
0.870669161723836 0.263604536362766
0.927630268190688 0.171944200294699
0.879298463834093 0.249721996808739
0.904216481564057 0.209641259526391
0.925956077341132 0.174640930072045
0.928708982692655 0.170206632141879
0.923331660907526 0.178867436057187
0.920686203229264 0.183129140792165
0.924461435818356 0.177048641017447
0.879284906268749 0.249743823873097
0.92609522033739 0.174416792783032
0.906498879019111 0.205974672010659
0.920792039166258 0.182959138916901
0.923963894298705 0.177850229025416
0.927148011259117 0.172721010593469
0.925707423260217 0.175041503840477
0.925793822798659 0.174902171162597
0.928841628661446 0.169992902406299
0.921989173906214 0.181030739136791
0.921279224112402 0.182173968317946
0.926186306360041 0.174270075098265
0.928771202561857 0.170106359820764
0.921989173906214 0.181030739136791
0.914254053746387 0.193486124820923
0.924307543503259 0.177295887773042
0.925459214272452 0.175441297303888
0.928708982692655 0.170206632141879
0.919919421734635 0.184365235653295
0.92333204162715 0.178867377780785
0.920538070848885 0.183367656805497
0.927267640586634 0.172528390337579
0.926316913971139 0.174059725472103
0.927158594314171 0.172704152073983
0.92234710592392 0.180453307138753
0.928628618467206 0.170336076786129
0.877757462397065 0.252205867419675
0.927344034140874 0.172405353515223
0.926101378778442 0.17440697665747
0.926316370503288 0.174060600921667
0.920395045191128 0.183598043511126
0.879298463834093 0.249721996808739
0.922406663735749 0.180358648802123
0.922520538193629 0.18017485237658
0.922849712386557 0.179644448619464
0.925025737748074 0.176139549997993
0.924461435818356 0.177048641017447
0.927148011259117 0.172721010593469
0.924088999559767 0.177648683814623
0.927434926307137 0.172258678843917
0.921823414248755 0.181297161247264
0.925886031619802 0.17475376617372
0.928479081743093 0.170576946367221
0.926398572795984 0.1739281868048
0.925025737748074 0.176139549997993
0.921043364155274 0.182551734220634
0.918616181811432 0.186463005241186
0.905437184122777 0.207676072624463
0.928479081743093 0.170576946367221
0.922636921385098 0.179986718847209
0.920402866982413 0.183585476991153
0.924293694063644 0.177318821902754
0.926315028613336 0.174062751208807
0.870081487626352 0.264533704445951
0.925586373616835 0.175236353404817
0.914690459877758 0.192782197530303
0.922148098441905 0.180774134550865
0.92822472228811 0.170986724888399
0.918616181811432 0.186463005241186
0.927960925293039 0.171411527145506
0.925064044011169 0.17607748137027
0.920402866982413 0.183585476991153
0.927630268190688 0.171944200294699
0.928841628661446 0.169992902406299
0.927370738336301 0.172362206597675
0.928692578317556 0.170232979892177
0.925754280844923 0.174965810645761
0.922896647281936 0.179568342065363
0.929239090985012 0.169352704170388
0.927583867267254 0.172018905246544
0.904274226089228 0.209548068731665
0.929239090985012 0.169352704170388
0.869782595990191 0.265013938383279
0.919831992619295 0.18450409906869
0.878967936534271 0.25025581548829
0.92593345708432 0.174677393127786
0.921043364155274 0.182551734220634
0.929035900889063 0.169680047923258
0.925834220851271 0.174837011416384
0.871701553356635 0.261931532428354
0.868845094720107 0.266532955494668
0.923781642719146 0.178143599610033
0.92304241832911 0.179334196393345
0.919831992619295 0.18450409906869
0.913244979462581 0.195111872213093
0.922402092026104 0.180364735798024
0.926343774388422 0.174016459053184
0.928044750211542 0.171276661505191
0.868618414783 0.266898117050107
0.871083264898659 0.262924105309937
0.877114091766062 0.253237916488701
0.926089645617217 0.174425692241942
0.900184344221093 0.216128386859581
0.928367189374547 0.170757199042909
0.877614280488478 0.252432249643812
0.924621531317021 0.176791271438575
0.898932321206955 0.21814554342882
0.899294263813663 0.217568697716511
0.90103408536816 0.214760113572332
0.921016632152043 0.182595849626192
0.875172181916883 0.256361698736879
0.924339866148039 0.177244278907718
0.870056457532953 0.264573892111326
0.9253211899299 0.175663588289441
0.92220033112139 0.180690035712793
0.929183993288798 0.169441452512622
0.910812314979827 0.199029451011792
0.907977596502824 0.203589036236728
0.929346404436146 0.169179892475138
0.926109956323788 0.174392962194533
0.900191272389861 0.216117237415363
0.925808426395035 0.174878716870053
0.879124894639454 0.250008156040754
0.921921922737221 0.181138343206544
0.874650192367442 0.257200077468525
0.927493507866077 0.172164453187893
0.867236891316009 0.269109436535624
0.924011940041399 0.177772261869551
0.925868793009889 0.174781670537318
0.925064044011169 0.17607748137027
0.871772556616052 0.261829826630932
0.874285971750364 0.257787627761494
0.926042472613278 0.174502108931335
0.925855506937918 0.174803192799765
0.928479081743093 0.170576946367221
0.868537583942294 0.267020088222155
0.878967936534271 0.25025581548829
0.929346071746059 0.169180428483236
0.874285971750364 0.257787627761494
0.92500042028659 0.176179877108845
0.928044418911763 0.171277195098402
0.922397757682025 0.180372226833013
0.924654634991504 0.176736625802643
0.867561299652388 0.268594260173635
0.9191132710898 0.185660574090695
0.92394115323395 0.177885317572652
0.872159228077448 0.261195334213022
0.925909456278741 0.174716134642837
0.922397757682025 0.180372226833013
0.918018996998048 0.187424354734153
0.925585117892268 0.175238392622797
0.9284108561331 0.170686838328309
0.921443363351879 0.181909990583444
0.876090932551699 0.25488734822274
0.922107448800867 0.180840260617698
0.876459649127645 0.254290328898662
0.921424074210658 0.181940597268708
0.870590719689236 0.263727056020178
0.915237681298923 0.191902876040002
0.924698242245256 0.176667169087608
0.928040922329879 0.171282827349069
0.927370738336301 0.172362206597675
0.917602489518914 0.188092642598147
0.921303892068079 0.18213259694974
0.929346071746059 0.169180428483236
0.926813782310273 0.173259522903216
0.869153867364872 0.266031939890177
0.871849799531267 0.261702436932269
0.928479081743093 0.170576946367221
0.922886057487922 0.179585397041296
0.922376181772338 0.180407191096915
0.871832824006645 0.261729852027117
0.915662203865848 0.191220651818882
0.929346404436146 0.169179892475138
0.867561299652388 0.268594260173635
0.923518097016062 0.178567645333843
0.922151751894628 0.180769136550969
0.869587446738361 0.265339729470349
0.873634918243298 0.258822425034543
0.922896647281936 0.179568342065363
0.876340449225588 0.254483404197246
0.917901011420357 0.187612692570953
0.928126410047057 0.171145026460818
0.925919973273868 0.174699618395165
0.929346404436146 0.169179892475138
0.929439182344168 0.169030448259103
0.923677209574351 0.178311361481475
0.867966287665593 0.267939303899093
0.923541033573122 0.178530928061245
0.876676092258648 0.253942623925852
0.915662153536664 0.191220732891099
0.872153349420934 0.261204831775944
0.87315504207699 0.259601683589182
0.872193319288187 0.261140493131826
0.926468135192479 0.173816175912218
0.867570592102712 0.268575702930458
0.86899724203418 0.266295005432792
0.867596153307753 0.268530430762617
0.875857327214227 0.255260963383689
0.928469595751831 0.170592225982454
0.919253649153033 0.18543306969633
0.928351946990387 0.170781720472535
0.92329123407973 0.178931731530037
0.926813782310273 0.173259522903216
0.867635961026654 0.26846296585159
0.926918132895873 0.173091282074984
0.86899724203418 0.266295005432792
0.918453802628987 0.186723672211883
0.921303892068079 0.18213259694974
0.925416716291148 0.175509642873916
0.870756883908653 0.263460674973062
0.868627281331205 0.266876606173161
0.872741729888421 0.260264954220391
0.876130348701174 0.254822679753488
0.871634173618277 0.262048646631882
0.923960997218341 0.177854719921745
0.925771397908952 0.174938487123919
0.874044303217572 0.258172443269451
0.922351480055507 0.180447387409784
0.876130348701174 0.254822679753488
0.876636844488776 0.254006152762801
0.873634918243298 0.258822425034543
0.926512216590723 0.173745225100745
0.927993165458047 0.171359753814691
0.912522832129604 0.196272934343553
0.870590719689236 0.263727056020178
0.927519908552875 0.172122107938363
0.927111562946113 0.172779657309659
0.925574229113095 0.175256014254789
0.927111562946113 0.172779657309659
0.920126691665945 0.184029674317852
0.929439182344168 0.169030448259103
0.927969296672717 0.17139802354569
0.922071414826362 0.180898354461047
0.875041328854588 0.256564944432552
0.873148728429537 0.259606446387973
0.875425365830818 0.255959380623526
0.900493879629342 0.215631863443464
0.928748798064478 0.17014248314785
0.928748798070288 0.170142483138489
0.92943918233671 0.16903044827112
0.926649430317294 0.173524202333385
0.876675081908496 0.253944260814376
0.924415335884884 0.177122225649752
0.920135485908021 0.184016451775923
0.873286205602257 0.259386727199412
0.927519908552875 0.172122107938363
0.877032319894511 0.253368745432833
0.877922509995857 0.251939583701868
0.872048221038305 0.261374941475492
0.875545056946633 0.255757132836794
0.925159448939498 0.175923849606344
0.915615444183775 0.19129197008573
0.924164402739914 0.177526563294897
0.927837394997034 0.171610543016205
0.878192273958368 0.251504461990205
0.923512998669968 0.17857586263777
0.929437997828424 0.169032356214624
0.922694746449521 0.179893871583299
0.925038874746471 0.176117798209405
0.927154515594161 0.172710619618856
0.868227296876181 0.267514261441513
0.927792349215486 0.171683297031837
0.922709872866498 0.179869060490942
0.87328132451878 0.25939346676543
0.872070784643725 0.261338506593197
0.929426938414269 0.169050161474349
0.915615444183775 0.19129197008573
0.899578381567133 0.217105084436986
0.929439182344168 0.169030448259103
0.929439182344168 0.169030448259103
0.928748798070288 0.170142483138489
0.929426959039123 0.169050136739768
0.928492459216335 0.170555398750941
0.920963412240796 0.182682724495555
0.925771397908952 0.174938487123919
0.922265734355084 0.180585498467907
0.867452222480622 0.268763466002461
0.876647333324915 0.25398869223204
0.873286205602257 0.259386727199412
0.921963740377255 0.181071937429084
0.869473663418192 0.26552463124703
0.877644810627679 0.252379929011843
0.929203125621149 0.169410678919709
0.877964097338271 0.251869334279252
0.927154515594161 0.172710619618856
0.917417476919855 0.188391728450508
0.925037581284544 0.17612001397876
0.929439581525494 0.169029805140137
0.924783533571533 0.176529869782582
0.896086872224126 0.222733500170483
0.929439581525494 0.169029805140137
0.923855704746382 0.178024400850446
0.917534962643178 0.188203484347338
0.867452222480622 0.268763466002461
0.878447912722679 0.2510925894933
0.878540606286056 0.250942709321309
0.92369901241588 0.178275704148411
0.874095390835378 0.258090860798409
0.874716202013155 0.257087589725123
0.925039767067809 0.176117464869389
0.922781125594765 0.179755453622565
0.92320846246681 0.179066400007963
0.876645888414734 0.253991015096624
0.877964097338271 0.251869334279252
0.927401782839763 0.172312424611565
0.873631987645661 0.258834712326977
0.921611539991486 0.18163867176173
0.922740435140701 0.179820267487892
0.902410216857957 0.212549420659104
0.929502165319803 0.168928993511184
0.929438493686726 0.16903155734087
0.872398468159777 0.260818071948219
0.868690377813376 0.266772879139387
0.873879218005871 0.258434840499507
0.875041328854588 0.256564944432552
0.923551405126652 0.178514404219927
0.924399521642672 0.177148803598963
0.875125637597643 0.256433385334242
0.922382769301487 0.180396989504489
0.879050012147137 0.250126799122749
0.927837394997034 0.171610543016205
0.920278791801349 0.183785072320411
0.929240860058694 0.169349854474106
0.929112257941449 0.169557077641468
0.876350558036195 0.254466528974902
0.915952538948391 0.190753081709262
0.929502165319803 0.168928993511184
0.875125637597643 0.256433385334242
0.925723191867829 0.175016106961543
0.920033361118916 0.184180374633967
0.867713610752649 0.268350366563238
0.924672444367575 0.176708394441358
0.922645914533733 0.179973377302478
0.927831019464704 0.171620845041962
0.927875652894999 0.171548858835233
0.924624088234372 0.176786109003848
0.928479081743093 0.170576946367221
0.923473617106789 0.178639490783093
0.874463529166906 0.257501004423875
0.877197758773091 0.253101942704523
0.871151190100948 0.262822137628919
0.926173447363717 0.174290772398122
0.876354453090697 0.254457612071084
0.924836047169464 0.176445195015747
0.872692220304758 0.260344329448876
0.924928149525089 0.176296829852039
0.929502165319803 0.168928993511184
0.927817363671996 0.171642841449905
0.869061178441391 0.266179194517413
0.927831019464704 0.171620845041962
0.876865423681595 0.253637632447339
0.928472112008519 0.170588091415407
0.870393624620369 0.264043667345246
0.874095390835378 0.258090860798409
0.876350558036195 0.254466528974902
0.929112257941449 0.169557077641468
0.927876379952064 0.171547947068238
0.867646930705902 0.268462765971568
0.929572413195045 0.168815839278727
0.924356766679113 0.177217599389061
0.929502165319803 0.168928993511184
0.929299448827702 0.169255465463563
0.870393624620369 0.264043667345246
0.905250189616106 0.207976588040531
0.928679788753908 0.17025364424191
0.923408915451753 0.178744834747245
0.925723191867829 0.175016106961543
0.923274991174435 0.17896039180949
0.921917764385912 0.181144894355388
0.921928912630371 0.181126625987191
0.924644349900005 0.176753864310609
0.927817363671996 0.171642841449905
0.92683354913021 0.173227560866528
0.923698975260499 0.178276841332161
0.926031598964656 0.174519562759924
0.872659760680513 0.260396848390662
0.922645914533733 0.179973377302478
0.918678066353321 0.186364160888674
0.87228889255746 0.260992545782898
0.872619333276231 0.260462838120855
0.928291236972193 0.170879644452256
0.926031598964656 0.174519562759924
0.92919311977634 0.1694267344391
0.925669244925749 0.17510323315807
0.924086237271622 0.177652799252392
0.926018668011627 0.174540237214899
0.92683354913021 0.173227560866528
0.879205037878019 0.249876613276148
0.920745687175633 0.183033145996409
0.873097354472304 0.259691884184167
0.929102391131579 0.169572923133782
0.923729395183375 0.178227615278517
0.929565452295318 0.168827051325076
0.925974532750636 0.174611617007595
0.925740120023213 0.174988557792754
0.923271887783591 0.178964167862891
0.875251108814536 0.256233899355348
0.899462424160405 0.217294470426886
0.924928144440979 0.176297106762152
0.918804783526188 0.186157175969955
0.922826504249245 0.179681031267448
0.924009681365775 0.177776662605032
0.928291236972193 0.170879644452256
0.876025381225449 0.254988511129455
0.926173447363717 0.174290772398122
0.923271887783591 0.178964167862891
0.899462424160405 0.217294470426886
0.927285818925668 0.172499280925552
0.926173447363717 0.174290772398122
0.925020267751149 0.17614865526651
0.926173447363717 0.174290772398122
0.92609524991695 0.174416730794494
0.927049388457208 0.172880163368392
0.923866659043179 0.178006509773777
0.929572413195045 0.168815839278727
0.922412557888673 0.180348970422342
0.929403666635385 0.169087648623734
0.925791470083287 0.174905708082834
0.874610395980923 0.257255799173463
0.923977857097263 0.177826734396981
0.918848076557857 0.186087454314655
0.874584990502505 0.257303063230834
0.905956675256486 0.206840155100375
0.927285818925668 0.172499280925552
0.921625455640597 0.18161535798731
0.929572413195045 0.168815839278727
0.901686602606062 0.213719095747036
0.873696789798653 0.258730746116037
0.923816660457013 0.178087821186191
0.92713927389201 0.172735364544311
0.902353288828533 0.212638723859235
0.922255383663431 0.18060246658741
0.929782851876765 0.168476881956669
0.926440200807001 0.173861469848177
0.905985146400744 0.206794283398559
0.929778471375884 0.16848393753139
0.928532590858211 0.17049073848346
0.898944745857721 0.218127813119482
0.879152369795997 0.249956912996839
0.929634060487507 0.168716541570178
0.925984228179082 0.174595629648676
0.924310870370227 0.177291211660111
0.922563740344912 0.180105862790049
0.922963930123764 0.179460807662303
0.925575374763102 0.175253771000987
0.879063197172481 0.250100342129625
0.928291236972193 0.170879644452256
0.916747812752612 0.189468088876736
0.923218383663803 0.179051066754958
0.871331656798952 0.262535343484898
0.91529181816707 0.191813118442618
0.928867991376857 0.169950426652439
0.922191054485542 0.1807058721684
0.928289857211862 0.170881826630941
0.926907830392227 0.173107349619031
0.925189699993531 0.175875298965725
0.92576749633331 0.174944314057862
0.929102391131579 0.169572923133782
0.872400436094111 0.260813359274347
0.916440058138191 0.189963571685125
0.902932022127231 0.211709534834607
0.923450411957101 0.178677475050756
0.871828442132359 0.26173705635453
0.879154971506377 0.249952723606585
0.925890811850018 0.174746004534544
0.929271192316213 0.169301044657674
0.925397476245847 0.175540753955879
0.916747812752612 0.189468088876736
0.916263824206046 0.190247341892265
0.872435321197924 0.260757730329146
0.928240323855289 0.170961617895066
0.872738569402844 0.260274077379054
0.868437858598512 0.26718380943948
0.917830289518252 0.187730071144529
0.929499873009549 0.168932681069411
0.925486628034252 0.175397051614023
0.870533848244997 0.263817452602831
0.925805132035422 0.174884607344667
0.908047114333942 0.203478457613824
0.927613317171346 0.17197139833085
0.875037600212518 0.25658334563838
0.926927341754515 0.173076761755952
0.916413643370013 0.190006517220608
0.872268413985307 0.261026755657157
0.923632405075582 0.178383864826237
0.918412963133341 0.186790817349607
0.924928144440979 0.176297106762152
0.921029360953872 0.182576420155221
0.928867991376857 0.169950426652439
0.929442493415069 0.169025111348115
0.905353960305152 0.207812675603747
0.902379394395871 0.212598690270035
0.927876969504698 0.171546725054868
0.877094738242015 0.253263720612658
0.925215925780902 0.175833310468941
0.92638747093504 0.173946391175821
0.90230474695429 0.21271906213403
0.920706169879433 0.183096123275722
0.92819762673208 0.171030497636535
0.924412453048354 0.17712749205505
0.872399165908056 0.260815484911607
0.923738043029521 0.178213327177735
0.925402443093228 0.175532631451698
0.927763067797465 0.171730460520312
0.923194041125419 0.179090431823408
0.900500451710822 0.215620492743137
0.920518410805864 0.183399717730676
0.879089260856909 0.250058836206967
0.928289857211862 0.170881826630941
0.916747812752612 0.189468088876736
0.927445291599952 0.172242033168322
0.912044851695783 0.19703920535354
0.875440361906444 0.255920988631999
0.90605014569339 0.206691123620588
0.92689794901625 0.173123748321177
0.926825468875239 0.173240582639281
0.929782851876765 0.168476881956669
0.876418008218787 0.254369692452863
0.923662237160195 0.178336307369175
0.920780356124062 0.18297580155891
0.903562381051312 0.21069377748595
0.927059444181287 0.172863618395267
0.920781395752727 0.182974127070693
0.921311014702686 0.182124200256106
0.924817764953395 0.176474325979878
0.929828928304702 0.168402664606424
0.923090256391122 0.179257306820921
0.92818153548145 0.17105621728659
0.912044070580412 0.197040463729659
0.92148354093538 0.181843465973992
0.925034998978708 0.176124477046829
0.912481024192982 0.19633707418639
0.928916902266616 0.16987171421552
0.925464518201384 0.175432949311703
0.926548284487393 0.173686830921509
0.926825468875239 0.173240582639281
0.929828928304702 0.168402664606424
0.905353960305152 0.207812675603747
0.912044070580412 0.197040463729659
0.903191073367388 0.211292595093991
0.871212219307606 0.262724643440476
0.924903835607392 0.176335908032382
0.928603753211013 0.170376111835055
0.872230236734659 0.261094466229711
0.921311014702686 0.182124200256106
0.929122860233773 0.169539965012559
0.925848557282743 0.174814248129663
0.926978276239392 0.172994547196663
0.928835171002214 0.170003436259437
0.929828928304702 0.168402664606424
0.928289857211862 0.170881826630941
0.926443907148305 0.173854631891206
0.925226667365485 0.175816050603934
0.903288425646337 0.211134040167475
0.921949954722674 0.181093841651367
0.90895090684065 0.202020189314041
0.874460254485433 0.257504266495058
0.926548284487393 0.173686830921509
0.929100971499958 0.169575233406758
0.925424982378234 0.175496633791602
0.922963930123764 0.179460807662303
0.924878693016926 0.176376604082943
0.923182107035493 0.179109374110087
0.926768639137019 0.1733321800554
0.927754478263673 0.171744310765899
0.92314252959957 0.179173100287945
0.928232163711797 0.17097476247167
0.902747803552933 0.212007894524362
0.910185466276956 0.200034740312289
0.927773344775775 0.171713697227634
0.900677670911569 0.215338274154737
0.902456871782458 0.212473181079381
0.930590565013514 0.167175863879454
0.931254338923173 0.166106696529482
0.925471434941888 0.175421424277908
0.877961604892961 0.251876883920614
0.903422645476559 0.210918489759464
0.929394264003721 0.169102801444199
0.920889875839175 0.182800488907964
0.930583644921129 0.167187010410954
0.927059444181287 0.172863618395267
0.925755662962266 0.174963620274215
0.913551570096788 0.194614282873825
0.924883709182407 0.176368616049372
0.867920473991754 0.268011929247286
0.931254338923173 0.166106696529482
0.912853049303976 0.195739586317258
0.903530353551679 0.210745144708057
0.924457413515523 0.177055812620255
0.904907046177869 0.208527447924664
0.872180784227949 0.261163086048898
0.868724371393029 0.266722885593223
0.925453736169443 0.175450228774235
0.925576720900966 0.175251832009464
0.931177430918875 0.166230575033033
0.902744246482955 0.212013622961642
0.87078843409182 0.263395579843504
0.923840515443333 0.17804743334914
0.870472214867413 0.263914901526379
0.926916324521797 0.173094324069876
0.929379707605694 0.169126227336249
0.916862633279623 0.18928333416574
0.925099123369054 0.176021233319215
0.930583644921129 0.167187010410954
0.925453034432263 0.175451359216432
0.926277719436892 0.174123259742889
0.927233040456877 0.172584308139972
0.929130797046015 0.169527182777572
0.92616715050911 0.174301069484506
0.931254338923173 0.166106696529482
0.389202158776401 0.750932348503965
0.383717077062329 0.753402759343386
0.371516228994584 0.758897514654161
0.393786010451862 0.748867867835243
0.379452957903697 0.755328930535332
0.379452957903697 0.755328930535332
0.370929065603423 0.759159903131859
0.383593806561192 0.753458252448553
0.352453521402452 0.7674722596429
0.383717077062329 0.753402759343386
0.383717077062329 0.753402759343386
0.370929065603423 0.759159903131859
0.387276827337575 0.751807958721637
0.350459749863162 0.768370854827934
0.357752737142389 0.765086425437958
0.396035251679606 0.747855481373151
0.352453521402452 0.7674722596429
0.394002933788436 0.748770402371119
0.369362904365324 0.759864742629212
0.370196365758553 0.759491391715999
0.366135907920118 0.761316921706206
0.36873310618509 0.760149914607983
0.362464641431026 0.76296948746568
0.390920340142917 0.750159662009705
0.362263061928522 0.763057267182894
0.388747249359247 0.751141206673358
0.352338470834106 0.767525772990126
0.3896660688297 0.750729397262973
0.352687138422557 0.767366685869489
0.364286327636309 0.76214981689819
0.309316934267304 0.786854937239312
0.343228340798522 0.77161826525506
0.3896660688297 0.750729397262973
0.345560776898718 0.770568415867305
0.379610431637274 0.755247470614169
0.355450800961631 0.766124075633247
0.372259976402273 0.758561184109031
0.355450800961631 0.766124075633247
0.309316934267304 0.786854937239312
0.309316934267304 0.786854937239312
0.352338994511339 0.767525537301513
0.343232103889199 0.771616576980689
0.309316934267304 0.786854937239312
0.372160849500863 0.75860904576676
0.336185965032167 0.774780326295672
0.330097693947801 0.777517414714507
0.381542229695361 0.754384593708983
0.354060707428164 0.766746952199282
0.368333526361177 0.760328365239799
0.361333183948928 0.76347595141729
0.338272073018367 0.773843988542782
0.362620817439737 0.762895851520915
0.328288562114345 0.778329980026303
0.354314164053844 0.766632918591643
0.373241090199258 0.75811787652693
0.364494545879877 0.762056023945027
0.336185965032167 0.774780326295672
0.380370634694802 0.754912190660527
0.338272073018367 0.773843988542782
0.317401613625075 0.783221174064661
0.386957952224568 0.751945342663852
0.37254207403661 0.758434582657527
0.389605103363834 0.750755512518872
0.381542229695361 0.754384593708983
0.32245614902508 0.780950539199106
0.389605103363834 0.750755512518872
0.381542229695361 0.754384593708983
0.331005769048837 0.777108757931131
0.300912960144636 0.790625722740794
0.300912960144636 0.790625722740794
0.321326101794501 0.781458914631146
0.386155215070143 0.752305082844297
0.328288562114345 0.778329980026303
0.38599231878027 0.752378457529197
0.368807089346421 0.76011421171453
0.373123939232769 0.758174100264362
0.3302763040934 0.777438806328102
0.368333526361177 0.760328365239799
0.328288562114345 0.778329980026303
0.372486061659488 0.758457355798231
0.379271388305076 0.755406403940044
0.365244921625267 0.761716962062212
0.341037621016579 0.772600384984652
0.344618872504458 0.770993877326516
0.390892107285127 0.75017356277512
0.393903376737974 0.748812704739333
0.366842379709633 0.761001316824033
0.394341878364259 0.748615089448868
0.328559571201742 0.778206605299487
0.394306201266826 0.748631831124839
0.364057754835736 0.762252526807434
0.346614659236026 0.770092384370384
0.327116874960252 0.778854975501264
0.300912960144636 0.790625722740794
0.34590752780477 0.770415057514827
0.323901869321781 0.780298996790226
0.329766035020492 0.777664586229447
0.329601366761832 0.777739004958086
0.368869177005263 0.760089214372067
0.329177111290982 0.777929155093704
0.295348016450766 0.793123174949491
0.383406644431398 0.753539742264966
0.295348016450766 0.793123174949491
0.321548876012938 0.781356871914255
0.32909600220397 0.77796621298895
0.380786195313527 0.754719854487894
0.39466107297832 0.748477727714931
0.325891951525556 0.779407433757797
0.323364320836423 0.78054057052817
0.336439645638964 0.774666064330724
0.336509286850776 0.774635207888928
0.389796766639456 0.750667696447995
0.346614659236026 0.770092384370384
0.346614659236026 0.770092384370384
0.330501440901764 0.777334603378146
0.300538040110892 0.790794001949023
0.328559571201742 0.778206605299487
0.391164885255615 0.750051551143457
0.341037621016579 0.772600384984652
0.328559571201742 0.778206605299487
0.389498517873503 0.750802671196045
0.327341428206949 0.778756123119432
0.389951874350913 0.750596890417224
0.329255847888849 0.777894152389963
0.324207590566336 0.78016376226765
0.36894210135335 0.760051644357247
0.332042895325179 0.776643695337938
0.295348016450766 0.793123174949491
0.329281354348866 0.777883150470131
0.392600126897539 0.749396761114103
0.33633419590351 0.774714111987684
0.340425363347739 0.772875588545706
0.364645567222548 0.761988834069929
0.36604758097793 0.761358434531245
0.383973570831847 0.753288684915353
0.323141230241615 0.780641914430039
0.327134410115487 0.778846951688984
0.329281354348866 0.777883150470131
0.341037621016579 0.772600384984652
0.392636584019705 0.749383684307677
0.293390213608004 0.794001725095032
0.32262903992938 0.78087374905565
0.299070787121749 0.791452578325623
0.294962098693115 0.793296360927551
0.383973570831847 0.753288684915353
0.343838706915459 0.771343953324044
0.33236348014761 0.776499233019521
0.375705535135833 0.757007010721068
0.32717159942871 0.778830793018612
0.368909425674132 0.760070710938827
0.392636584019705 0.749383684307677
0.366919379278341 0.760964160149352
0.351878338828069 0.767733803573017
0.366538815681925 0.76113501558261
0.32262903992938 0.78087374905565
0.396317829307725 0.747723189231999
0.366538815681925 0.76113501558261
0.377686664612481 0.756120104695303
0.331001154075006 0.777114962689621
0.307387712859461 0.787717041428467
0.32262903992938 0.78087374905565
0.340425363347739 0.772875588545706
0.331001154075006 0.777114962689621
0.365356116584092 0.761669548565903
0.346066889986768 0.770343312229905
0.34926464488943 0.768903186836852
0.294962098693115 0.793296360927551
0.329460874394172 0.777804063654875
0.356106708519853 0.765830107119426
0.37214802601058 0.758613146176891
0.297140010243439 0.792318921092324
0.368834567418624 0.760100486484959
0.327527931790479 0.77867225497981
0.335204340675965 0.775221833781255
0.327548277447878 0.778662676491454
0.303186633533236 0.789603751856552
0.307387712859461 0.787717041428467
0.31571869824607 0.78397559642502
0.295348016450766 0.793123174949491
0.353113946162146 0.767175128755678
0.365356116584092 0.761669548565903
0.284780859206939 0.797864952856372
0.302805891108211 0.789773045065768
0.307367204396326 0.78772625037356
0.284780859206939 0.797864952856372
0.315531556046134 0.784059867144329
0.284786814283405 0.79786228200572
0.336002057877663 0.774865397922952
0.346586905329353 0.770104815984143
0.295348016450766 0.793123174949491
0.328661192848433 0.778163702489067
0.326214742477707 0.779260711472155
0.283824513628823 0.798294058843297
0.311291341646731 0.785963378151995
0.316279630385396 0.783723969306711
0.307892067571112 0.787492850999123
0.285084159169434 0.797728861868798
0.283824513628823 0.798294058843297
0.293390213608004 0.794001725095032
0.328345318446821 0.778304957841526
0.292119245274503 0.794571391400088
0.285084159169434 0.797728861868798
0.375951646588865 0.756900521981138
0.353151400331563 0.767157862140575
0.295352284264567 0.793121144098966
0.352314269051158 0.767536600773131
0.290484116688591 0.795306117052783
0.393613588485895 0.748945033896984
0.288446977487978 0.796219860471451
0.30721134955197 0.787796589245809
0.293010162998845 0.794172164680092
0.355702747202504 0.76600873727144
0.288446977487978 0.796219860471451
0.32731718177679 0.778766673038983
0.291656214990214 0.794779474983095
0.365919808839829 0.761417097109569
0.389812572177199 0.750661343336613
0.370533209993105 0.759339155427674
0.37206430686729 0.75864977604034
0.372750533485837 0.758341017740715
0.378351134553276 0.755822576460293
0.307934400791454 0.787471405923171
0.346050760611714 0.770348511531716
0.284753286193577 0.79787640529298
0.293914572068406 0.793766267012877
0.29333540216815 0.794026212213436
0.288973347350199 0.795983777392007
0.372249366802752 0.758567350228331
0.375694748254273 0.757018153900785
0.278282387602621 0.8007817383652
0.358868434208032 0.764584335488057
0.28852727316946 0.796183828286281
0.362384614136564 0.763005698106615
0.372737711670306 0.758346794372788
0.293010162998845 0.794172164680092
0.331628065426353 0.776831718675425
0.371913373094424 0.758717733067456
0.300348323373851 0.790876465678524
0.346050760611714 0.770348511531716
0.353684596343655 0.766916667918113
0.331533197696846 0.776872837703954
0.324484666669194 0.780039365348047
0.327347213758516 0.778751548954415
0.293511136130336 0.793948818479846
0.389812572177199 0.750661343336613
0.37422724433399 0.757682640110115
0.329882714923366 0.777614261516745
0.315373315902127 0.784130544642153
0.32523702542241 0.779699492402667
0.331465517939409 0.776903178795531
0.358868434208032 0.764584335488057
0.327342962001576 0.778755053294836
0.28598712128566 0.797323800421548
0.316607371569056 0.783576416963239
0.365919808839829 0.761417097109569
0.390533299216713 0.750333514787863
0.36517714493053 0.761750107930531
0.326863616135615 0.778970173088867
0.326918555471309 0.778944686217585
0.328350459636204 0.77830260939746
0.315483368018813 0.784081229323503
0.301512388441713 0.790354174573637
0.368197379046008 0.760390294269571
0.313630658686563 0.78491355152587
0.334879821364921 0.775368386411415
0.331070386485258 0.777080743195954
0.379918735514397 0.75511286566904
0.278395522316213 0.800729682029543
0.280942507508728 0.799587122359136
0.352324453256285 0.767532142617143
0.333111965024297 0.7761631622596
0.314445873815769 0.784548141682681
0.365017732684783 0.761821329284616
0.328350459636204 0.77830260939746
0.328350459636204 0.77830260939746
0.290504896128786 0.79529679359303
0.292871070346051 0.79423453796643
0.171213439331813 0.886237617912894
0.171373158878914 0.886155635379717
0.167667648071777 0.888062092382572
0.198052091893572 0.872454180571379
0.173454206318116 0.885087265348705
0.171557317912103 0.8860611268262
0.170565987669914 0.886570240680544
0.198052091893572 0.872454180571379
0.170565987669914 0.886570240680544
0.171401517871893 0.886141149316077
0.167667648071777 0.888062092382572
0.170565987669914 0.886570240680544
0.203525980629068 0.869641516084422
0.195132748439166 0.873953418438352
0.17455164951743 0.88452394216853
0.209906448987287 0.866364356412138
0.170565987669914 0.886570240680544
0.174649849608734 0.884478128703378
0.167667648071777 0.888062092382572
0.166116923446247 0.888858055603893
0.192052758786139 0.87553631184041
0.209906448987287 0.866364356412138
0.170984409301356 0.886355001859918
0.199158177074446 0.871890098268095
0.181694168569857 0.880854531788329
0.228177307823141 0.856970105841469
0.181585927846645 0.880909822533214
0.207728360473235 0.867480984728303
0.161663658334298 0.891144353990586
0.192052758786139 0.87553631184041
0.183486669408979 0.879933531834058
0.184158794807256 0.879588525070638
0.185112827492175 0.879098115270104
0.172647003204308 0.885501544863098
0.174456582300986 0.884571822122844
0.196020681428766 0.873496713831504
0.171410203826168 0.8861410947558
0.172625846862305 0.885512269364441
0.1625322033424 0.890698478228377
0.166232727863576 0.888798606864241
0.192364808572974 0.875371185495272
0.197573202525846 0.872695952703799
0.160621630119111 0.8916791736112
0.237142530754395 0.852360515073873
0.164265425283914 0.889808272844765
0.241649005598607 0.850044515558638
0.212131917967149 0.865215934410731
0.186697970391317 0.878283393489538
0.24109532193009 0.850332932078678
0.175850246413791 0.88385661449435
0.183486669408979 0.879933531834058
0.208876504313715 0.866893207410918
0.18293700684237 0.880214793533031
0.206810777162361 0.867951925024571
0.170565987669914 0.886570240680544
0.219778450947881 0.861283600716204
0.160621630119111 0.8916791736112
0.195078809395817 0.873981045663906
0.160621630119111 0.8916791736112
0.164265425283914 0.889808272844765
0.176181223559312 0.883686601609968
0.210416924332807 0.866100957269396
0.16467678581692 0.889596966743646
0.19307031203844 0.875011999482214
0.157568365311983 0.893246686494614
0.176181223559312 0.883686601609968
0.164669377063203 0.889600771042635
0.202819313751391 0.870005855268537
0.160621630119111 0.8916791736112
0.181629160434273 0.880887621172028
0.252297786622846 0.844567331017757
0.191487546753571 0.875823179291556
0.173786878000622 0.884916118210746
0.176661743723848 0.883439870153787
0.206803853587116 0.86795459926049
0.202819313751391 0.870005855268537
0.157473520872481 0.893295410169748
0.162778605476553 0.890571682888269
0.175405579145285 0.884084877013912
0.16695107041371 0.888429556159074
0.183484184100809 0.879935905309353
0.182211525807768 0.880589788524096
0.178729073621173 0.882377939111228
0.174795140537671 0.884398770201982
0.193807956097886 0.874633154030252
0.178729073621173 0.882377939111228
0.166168288868843 0.888831430377727
0.236721561924075 0.852578903720894
0.209522696513749 0.866558629017855
0.176661743723848 0.883439870153787
0.17613222667327 0.883711518910335
0.173220473409675 0.885207231291924
0.172527350100198 0.885566913728851
0.165935295205447 0.888951298371327
0.198677467415878 0.872134248387732
0.173220473409675 0.885207231291924
0.173202541888839 0.885216438700008
0.178634058583008 0.882426710543018
0.164908882541875 0.889478146570438
0.191519864771561 0.875808070216176
0.175416379400007 0.884079704654809
0.219076886920228 0.861651322971514
0.233571708395112 0.85419520672635
0.194353524346918 0.874352142228333
0.159644538199405 0.89218058563721
0.165935295205447 0.888951298371327
0.195078809395817 0.873981045663906
0.206878469483752 0.867915339244523
0.255453942181102 0.842942260845963
0.194353524346918 0.874352142228333
0.233571708395112 0.85419520672635
0.195078809395817 0.873981045663906
0.17257191795082 0.885542861612049
0.183749786420487 0.879801223092476
0.177796880819174 0.882856329613654
0.248188734731505 0.846677165965335
0.219076886920228 0.861651322971514
0.174795140537671 0.884398770201982
0.204363723586793 0.869212426816024
0.159644538199405 0.89218058563721
0.164058750213731 0.889913973588319
0.157759862375601 0.893148461612435
0.197390352978568 0.872790257306567
0.204363723586793 0.869212426816024
0.193840719056428 0.874613725958635
0.157472615267951 0.893295875328041
0.212237241353314 0.865161823988068
0.16467678581692 0.889596966743646
0.175578594424309 0.883996414373877
0.204360709450279 0.869213448890579
0.195078809395817 0.873981045663906
0.161977350568096 0.890982494435968
0.162482263407039 0.890724119606925
0.199199032640976 0.871860972131294
0.170246639027563 0.88673744361569
0.16408878872642 0.889898763556895
0.222928347072098 0.859663534929359
0.1914208127319 0.875857421102966
0.176774704791359 0.883381867810633
0.23739831898332 0.852229916584379
0.157472615267951 0.893295875328041
0.170604215384839 0.88655490677156
0.174004563667787 0.884804760311592
0.203933947244322 0.869427528422961
0.155782397076139 0.894163675058625
0.179937024258174 0.881756677878077
0.19237893661394 0.87536560031841
0.177341025882325 0.883090623736975
0.157472615267951 0.893295875328041
0.196658277101231 0.873173604423124
0.166411248618362 0.888707281772416
0.164145001171403 0.889869177378591
0.177030269442458 0.883250253078854
0.161508797267685 0.891223223107255
0.219076886920228 0.861651322971514
0.159644538199405 0.89218058563721
0.155825225334548 0.894141684343625
0.232599366449484 0.854695868562347
0.250164240116938 0.845665261388449
0.155780600900042 0.89416459729415
0.202468700985063 0.870180051147886
0.204358527059427 0.869214573085623
0.155782397076139 0.894163675058625
0.169820428638463 0.886957158865571
0.21942410893606 0.861466689217043
0.25357917697627 0.843899775544916
0.211719321139697 0.865427830138137
0.204208713649587 0.869289671604069
0.177341025882325 0.883090623736975
0.159402595957391 0.892304848079099
0.172291747764249 0.885684438242012
0.206450416106195 0.868135789957905
0.249878170640064 0.84581191704578
0.182376190077843 0.880505622889105
0.186113083948189 0.878584777523364
0.179861837613497 0.881797146819166
0.160617973653327 0.891680292908592
0.199476987436901 0.871724938952207
0.175823836848904 0.88386967010641
0.23739831898332 0.852229916584379
0.238044254731033 0.851898352351119
0.174449032468906 0.884577398753106
0.204177072920574 0.869305956804999
0.220780328313479 0.860767121701195
0.164563619630926 0.889654562872162
0.252499563012077 0.844457165096339
0.160313335952133 0.891836678445383
0.162167344363052 0.890884659045242
0.204177072920574 0.869305956804999
0.181394567176207 0.881006596414715
0.197390352978568 0.872790257306567
0.225508477867364 0.858335102316387
0.175823836848904 0.88386967010641
0.17677328346054 0.883382624499644
0.164145001171403 0.889869177378591
0.252500140689407 0.844456866462872
0.192242183897695 0.875439202579233
0.176341595157169 0.883604102288102
0.190657808298692 0.876248649817902
0.254594149453347 0.843377668021951
0.173252836432238 0.88519015650451
0.178014467432095 0.882745111996617
0.17677328346054 0.883382624499644
0.195762433215913 0.873632007101666
0.178994174184318 0.882242333679977
0.165712630109298 0.889065858844568
0.157554886263541 0.893253340145336
0.159846600875362 0.89207633251723
0.167201287028084 0.888301160879421
0.21405535536626 0.86422875734639
0.213864848598325 0.864326701086823
0.21942410893606 0.861466689217043
0.159390276491681 0.892311496552478
0.158205332832362 0.892919678646842
0.194905461249726 0.874064590509288
0.155786669831473 0.89416148279715
0.239651348823497 0.851071339958442
0.212431136889367 0.865056910676409
0.176341595157169 0.883604102288102
0.157970173757316 0.893040326931358
0.158909802419006 0.892557846803081
0.157554886263541 0.893253340145336
0.21254353053436 0.864999183099527
0.163808208701991 0.890042277233318
0.182376190077843 0.880505622889105
0.193248288274502 0.874922055296926
0.175722477557199 0.883922603565314
0.208162398310061 0.867254727733694
0.252515427815452 0.844449090363425
0.160830888669145 0.891570934102455
0.178014467432095 0.882745111996617
0.195407416941409 0.873808235015628
0.174253142543159 0.884677453581614
0.175722477557199 0.883922603565314
0.165976401317328 0.888928033194135
0.156060127794096 0.894021091000929
0.175722477557199 0.883922603565314
0.166931037812369 0.888439912797307
0.158909802419006 0.892557846803081
0.163808208701991 0.890042277233318
0.255792873863265 0.842763055502094
0.158363060941899 0.8928385151519
0.168582317710938 0.887591136946004
0.159349110192706 0.892331833202748
0.220780328313479 0.860767121701195
0.251407951538697 0.845017376528102
0.165702405865038 0.889069813612367
0.216191150991162 0.863129603875999
0.186243086451452 0.878520519009873
0.158729240388608 0.892650537721386
0.185350236635252 0.878978719965773
0.181704175137467 0.880853094439367
0.249812294988475 0.8458481041672
0.176289461836325 0.883630480876495
0.177589960482153 0.882961527095683
0.165052438655575 0.889404570362783
0.192300794636026 0.875404664646704
0.208178147804297 0.867246630879051
0.183309500323375 0.880024047007133
0.253742935227455 0.843818408055161
0.206760217697383 0.867975372284648
0.172218622542116 0.885721780500418
0.170185006476279 0.886768739304254
0.228164725213394 0.856971680084457
0.16716986348942 0.888316519252328
0.255084737055261 0.843128541194905
0.193408517309431 0.874835487661988
0.209461282932186 0.866587618768073
0.154400330790592 0.894873066438434
0.165057785826254 0.889401825323209
0.170186381869673 0.88676803265095
0.209083838846957 0.866781629335513
0.174004563667787 0.884804760311592
0.206663309262898 0.868027449771372
0.199292882376479 0.871810395275448
0.165052438655575 0.889404570362783
0.186709212158674 0.878282402584898
0.204208713649587 0.869289671604069
0.170186381869673 0.88676803265095
0.18165154718629 0.88088028641482
0.180624544369148 0.881405995792862
0.250655830928681 0.845404960998988
0.17728009727765 0.883122347649946
0.174004563667787 0.884804760311592
0.160830888669145 0.891570934102455
0.175407326476115 0.884083572718633
0.182716726963817 0.880331551936125
0.198237751405363 0.87235329227571
0.198826684521978 0.872050397791838
0.175946155676298 0.883807619214267
0.1806156140505 0.881410582887582
0.158363060941899 0.8928385151519
0.156060127794096 0.894021091000929
0.154400330790592 0.894873066438434
0.250434646784284 0.845521538913788
0.214300234315909 0.86410095456194
0.180589382118189 0.8814233789741
0.157774539722378 0.893140756793109
0.186825124912484 0.878223081441572
0.190175877208736 0.876499701617663
0.154400330790592 0.894873066438434
0.206279571754281 0.868224649251611
0.196317516838869 0.873343848441519
0.255084737055261 0.843128541194905
0.168569222528047 0.887597882702846
0.175946155676298 0.883807619214267
0.167947888769606 0.887917978453388
0.19147193726425 0.875835168594574
0.15439635287228 0.894875108647492
0.16716986348942 0.888316519252328
0.24631914948839 0.847648053143828
0.254450563629411 0.843454764324081
0.174004563667787 0.884804760311592
0.162387282725387 0.89077260536512
0.243826828812166 0.848914822863558
0.161485038052112 0.891235017526391
0.207059102612155 0.867824780036069
0.157787312223898 0.893134190359809
0.172694616067701 0.88547669500062
0.195406752007878 0.873808586061189
0.209443346813142 0.8665940975775
0.174825342204914 0.884383673064264
0.201130820420349 0.87086497828633
0.207059102612155 0.867824780036069
0.155059358066749 0.894534538456953
0.225178448079573 0.858514336881472
0.191644034339101 0.875743289145932
0.157738150252819 0.893159524235379
0.15439635287228 0.894875108647492
0.187445295134924 0.87790478463132
0.254925886860452 0.843208837474855
0.196104367761126 0.87345088652403
0.178138263931134 0.882680697784638
0.19088093894851 0.876134798515944
0.161644585129403 0.891152910437229
0.242499660960713 0.849600140640207
0.15439635287228 0.894875108647492
0.180452213511769 0.88149382414839
0.167545400654711 0.888123665904482
0.233083894673925 0.85444194441305
0.155439760952727 0.894339165083352
0.172694616067701 0.88547669500062
0.165728515545826 0.88905613221298
0.247417026305435 0.847069951590282
0.253964862157662 0.843706234349132
0.169197113336424 0.887274702159805
0.195661562265465 0.873678422843632
0.1883544980374 0.877432687226068
0.209741312036063 0.866449684300388
0.160408295348652 0.891787992321053
0.164417971244295 0.889728574193654
0.161565532859807 0.891194142656064
0.166429800189817 0.888696815283677
0.154777878704856 0.894679019866019
0.243921830206087 0.848885064996681
0.208178147804297 0.867246630879051
0.174825342204914 0.884383673064264
0.162244147794263 0.890845983582651
0.173082027641479 0.885278526122605
0.157588910970883 0.893236036335343
0.196711370064708 0.873136735213728
0.24050833466007 0.850641250193262
0.197380672918904 0.872795226902248
0.160178007884513 0.891906240001531
0.252500379609362 0.844456755076937
0.182716726963817 0.880331551936125
0.192351290132662 0.875378545714921
0.166535758218434 0.888641190360114
0.160408295348652 0.891787992321053
0.173290819063244 0.885171881652278
0.151260674469629 0.896485240364438
0.194316266169651 0.87436878287696
0.190267155978309 0.876449975264167
0.177005802352183 0.883263726182491
0.164551073022668 0.889660217152851
0.193751371516526 0.874658854561779
0.235730749561445 0.853087873915505
0.177372879765172 0.883073447942701
0.162075494739562 0.890932085600479
0.157311514929135 0.893378488509727
0.196878291220726 0.873053710256812
0.165878005364167 0.888977644499521
0.173490430983204 0.885072950124354
0.163731213428798 0.890081849941102
0.15439635287228 0.894875108647492
0.229434212823824 0.856331047295869
0.195633908161524 0.873692408480947
0.186709212158674 0.878282402584898
0.163586732079472 0.8901571067461
0.154391569435272 0.894877564464192
0.174564159803945 0.884519061991985
0.20696164405849 0.867867964443002
0.178666309725735 0.882409449207155
0.20309124878594 0.869867716009016
0.17420138616354 0.884703553439459
0.180569968225236 0.881433331048312
0.19822619190206 0.872363708802735
0.225960225183025 0.858108179007861
0.172002461397257 0.885834934627195
0.183255445166112 0.880055153365583
0.193131049036584 0.874984381494451
0.177069833698397 0.883229850837978
0.154181404176122 0.894985457121128
0.183173486122542 0.880096228274895
0.17315298076219 0.885240925760011
0.165035339722868 0.889411498560507
0.165163392795531 0.889344703887527
0.154391569435272 0.894877564464192
0.159658262675379 0.89217279177219
0.172044079123452 0.885813575928474
0.217713963182538 0.862353164733962
0.197390352978568 0.872790257306567
0.156947989226039 0.893565142253261
0.162397092138223 0.890767790681832
0.150503840452208 0.896873858936781
0.194541704789857 0.874255970935001
0.154444236556704 0.894850273724375
0.221814661586943 0.860245696718416
0.207105100529804 0.867802284406732
0.164417971244295 0.889728574193654
0.190757154754766 0.876200160743833
0.151392606570343 0.896417486206081
0.159241479896669 0.892387262552362
0.19822619190206 0.872363708802735
0.180589382118189 0.8814233789741
0.222826614122389 0.859719081066152
0.183660819019733 0.879847620905301
0.151427238003781 0.896399702832748
0.163385520326243 0.890258300452357
0.174401559818573 0.884599741084187
0.155439760952727 0.894339165083352
0.159778506612236 0.892111812390528
0.186329168033859 0.878475561676118
0.163029220203706 0.890442853720943
0.190336560195365 0.876412784645394
0.176941002697351 0.883297011844813
0.154936249776143 0.894597770498268
0.154163619836687 0.894994589272359
0.205778634442393 0.868482930153152
0.178833043105842 0.882326512604501
0.150511602285553 0.896869873441339
0.196901408293412 0.873042505009349
0.17256611921662 0.885545752729514
0.158241604734506 0.892900486541353
0.161735797216185 0.891107151521587
0.169560214149057 0.887088270157189
0.188595484340418 0.877313174254804
0.166946865471121 0.8884299908132
0.155645624733011 0.894233683850926
0.159769673009678 0.892115916652675
0.158190844439704 0.892926651478559
0.180893419141287 0.881268708912793
0.175778741077007 0.883894279309379
0.150497893721338 0.896876912509977
0.197524553028812 0.872727421157107
0.164075357539783 0.889905278633525
0.188595484340418 0.877313174254804
0.1810540209777 0.881185439367821
0.168180043638028 0.887797578332988
0.157785278496577 0.893134815292788
0.19495318249123 0.874040585134582
0.170114767646817 0.886804977464893
0.164941315521373 0.889460099982734
0.177712079107169 0.882903296565077
0.163702892974624 0.890097098522342
0.16392627946223 0.889982428494524
0.163322863876632 0.890291849066902
0.190764040071417 0.876195442484963
0.181492040641637 0.880962193626182
0.165663749788275 0.889089701485483
0.173245005241233 0.885196481290478
0.211507164055778 0.865540468132444
0.156803679186243 0.893638857538902
0.225960225183025 0.858108179007861
0.179595214657854 0.881931852182271
0.186183648913212 0.87855055355882
0.226180010767222 0.85798739251834
0.154163619836687 0.894994589272359
0.16234495080955 0.890794602143701
0.199454395254537 0.871728279423883
0.172002461397257 0.885834934627195
0.186914436666892 0.878174506438301
0.184460836898326 0.879434673125657
0.175893982435516 0.883836944711058
0.180162632148982 0.881644765979334
0.191431689059751 0.875851153687016
0.19933978948689 0.871786423925023
0.211507164055778 0.865540468132444
0.168180043638028 0.887797578332988
0.158066580044307 0.892990434727018
0.205801767047695 0.868471155811949
0.166843116170562 0.888484249657879
0.151427238003781 0.896399702832748
0.20485030516547 0.868953082592265
0.160870961925858 0.891550537901644
0.174328939972325 0.884637053693915
0.193916052600974 0.874577326232178
0.150497893721338 0.896876912509977
0.185729181469375 0.878787008032951
0.154713259494402 0.894712404496606
0.162729550817222 0.890596498300693
0.226180010767222 0.85798739251834
0.177094396519147 0.883216334872254
0.174246301504185 0.884682053393358
0.170905682290644 0.88639773455956
0.159752983917064 0.892124482978982
0.159632192016151 0.892187001093619
0.185913175918695 0.87868920711199
0.159254847597574 0.892380256420804
0.226180010767222 0.85798739251834
0.210199734298063 0.866211660768972
0.197605371059663 0.872678827926565
0.222788295687561 0.859731720234817
0.209636455512093 0.866499036303203
0.177153961000467 0.883188244913897
0.19781827511157 0.872569124557903
0.171923162369332 0.885875142955748
0.149951147832438 0.8971576638359
0.153064314052222 0.89555906785853
0.196368756129629 0.873314233343953
0.156803679186243 0.893638857538902
0.160587458259386 0.891695858285676
0.180783100976502 0.881323669804762
0.159769673009678 0.892115916652675
0.202051647889436 0.870404321122605
0.155258118809767 0.894432807784301
0.187449723008959 0.877902210913784
0.151411529431564 0.896407774499034
0.189411373016455 0.876893446800612
0.163022309151498 0.890445856129042
0.149951147832438 0.8971576638359
0.153054657631348 0.895564010643557
0.18180718445795 0.880795754930261
0.224459740756165 0.858878528872877
0.160587458259386 0.891695858285676
0.154163619836687 0.894994589272359
0.163504250278274 0.890196839986973
0.19933837997379 0.871787151892795
0.175918247694424 0.883822798315568
0.181495042520546 0.880960660947728
0.149951147832438 0.8971576638359
0.189047602748239 0.877080349049128
0.183027815275918 0.880170175299408
0.17866749089038 0.882408842660066
0.186104938992722 0.878591793398316
0.157301645176038 0.893383220037872
0.162081936024301 0.890929057598782
0.207671471566081 0.867510595465015
0.165679566407333 0.88908195425049
0.175361218580794 0.88410830102617
0.224718603439751 0.858752532374594
0.159378734275279 0.892316845777111
0.20163292138714 0.870618240225947
0.168154835414012 0.887811656442549
0.14984584458365 0.897211735920421
0.181240976315178 0.881087638258642
0.170604923237184 0.886550837480176
0.171923162369332 0.885875142955748
0.16392627946223 0.889982428494524
0.185356737002757 0.878971143885041
0.164892444340495 0.889486779375129
0.181682143429991 0.880862585844903
0.149951147832438 0.8971576638359
0.169911013458928 0.886907192874957
0.162107226460071 0.890916084017786
0.198494794227232 0.872228188615247
0.15750955719247 0.893276826504793
0.183760858003758 0.879792462841982
0.163022309151498 0.890445856129042
0.252093435216565 0.844669402168399
0.190336560195365 0.876412784645394
0.154163619836687 0.894994589272359
0.179270000445513 0.88209966888058
0.152334901025438 0.895933480194924
0.170621809521032 0.886542154613123
0.16318457975346 0.890362201650294
0.216837675535752 0.862796943139168
0.18619744876569 0.878542952078565
0.190336560195365 0.876412784645394
0.207382459062533 0.867658710059812
0.170299245527993 0.886709493722968
0.150197149097776 0.897031319789901
0.215051418507023 0.863712675464572
0.19991433712024 0.871497017041026
0.169491777012327 0.887125159575462
0.201555619091339 0.87065463826113
0.165431213770018 0.889209471752725
0.163463881671714 0.890219105186169
0.158142268164722 0.892951009760296
0.161495257269485 0.891229343068798
0.186367687258884 0.878457006963368
0.224064231731329 0.85908030886299
0.150197149097776 0.897031319789901
0.250689930678345 0.845402048924201
0.202051647889436 0.870404321122605
0.162081936024301 0.890929057598782
0.158610170392758 0.892711538027902
0.207382459062533 0.867658710059812
0.166185799659063 0.888822525463915
0.179653847868091 0.881904343202503
0.167645039296593 0.888072355261229
0.168492618341233 0.887636451523489
0.202051647889436 0.870404321122605
0.187706216278353 0.877765447280266
0.174716753374709 0.884440305072449
0.196968336971908 0.873007558333776
0.160016273286322 0.891988771732851
0.159426930953413 0.892292110465535
0.156734853424154 0.893674188716169
0.207382459062533 0.867658710059812
0.239065577696001 0.85136726778406
0.171233012060841 0.886228223598706
0.180694350740975 0.881367593390735
0.179139045313829 0.882167738108475
0.20568057638711 0.868533410912345
0.154788222746994 0.894673983955348
0.161495950515065 0.891229035689505
0.17145752261402 0.886113804152838
0.181865689600725 0.880767358488498
0.184803052834838 0.879256134220907
0.196968336971908 0.873007558333776
0.167025374439128 0.888390616836954
0.235480949263052 0.853221695700924
0.253268954835711 0.844060369316822
0.165653528561757 0.88909554805841
0.228921211766107 0.856583335396236
0.157112897660582 0.893479731747487
0.190371776312506 0.876399462271686
0.220217342559684 0.861056704000305
0.161495950515065 0.891229035689505
0.17145752261402 0.886113804152838
0.152334901025438 0.895933480194924
0.154481904366391 0.894831244375359
0.159076551834946 0.892472074015891
0.154481904366391 0.894831244375359
0.17866749089038 0.882408842660066
0.220909556673368 0.860700719432183
0.166753053427222 0.888530769132639
0.231379795348118 0.855319244459075
0.154788222746994 0.894673983955348
0.217515360808571 0.862449714014034
0.16459110705786 0.889639333980742
0.249160523292028 0.84619248657131
0.166391122351584 0.888715124102098
0.189138416726057 0.877030512981236
0.192858332570785 0.875127681686118
0.166516507766883 0.888652563152659
0.156821638936303 0.893629624239442
0.18933124995102 0.876931544885347
0.162415745436723 0.890756609681615
0.220992630231132 0.860662677787785
0.173700837546831 0.884961019821491
0.193716592790201 0.874684008546025
0.154409151094581 0.894868491213039
0.175432158230484 0.884074910623232
0.190120285755349 0.876525252217972
0.150032796363051 0.897115737100133
0.179592930554476 0.88193432253663
0.231098878417168 0.855463700276091
0.163309268299869 0.890298169078985
0.16281570511191 0.890551226584062
0.184910713513853 0.879201280975974
0.193213043462661 0.874938425563633
0.235480949263052 0.853221695700924
0.149826653771891 0.897221590016678
0.163409375277522 0.890247439691672
0.193058221682675 0.875017946899964
0.186615117959339 0.878325461770246
0.197620771371321 0.872672440455155
0.194053219573462 0.874506832250358
0.165708306586638 0.889066463350645
0.168541708011019 0.887612185958553
0.194091117370016 0.874488960044746
0.20017183278375 0.871364312993365
0.187472021834617 0.877888794489532
0.253431208102628 0.843976910975163
0.162698601617348 0.890612378943613
0.253268954835711 0.844060369316822
0.14952722923378 0.897375333562989
0.196683226790032 0.873155405309974
0.152328781783102 0.895936586630038
0.155150113840312 0.894488063340111
0.205305497917595 0.868720521994682
0.179431842824303 0.882020922941851
0.158122680611469 0.892961066968406
0.154938003116734 0.8945968922923
0.205917071820765 0.868408015943811
0.245777982911775 0.847917592125248
0.181543985593238 0.880937518623459
0.189138416726057 0.877030512981236
0.228921211766107 0.856583335396236
0.166682970127783 0.888564411469028
0.156559976684863 0.893763867741975
0.229047409528998 0.856519218701067
0.177480139062866 0.883021048082953
0.150032796363051 0.897115737100133
0.149498261877595 0.897390207393336
0.157372906246825 0.89334611689436
0.154409151094581 0.894868491213039
0.189138416726057 0.877030512981236
0.163409375277522 0.890247439691672
0.158142268164722 0.892951009760296
0.196970584595526 0.87300660972104
0.149865101969993 0.897201811982099
0.20509048025228 0.868834951989457
0.164547164754479 0.889661891723394
0.183930836857171 0.879711112390438
0.208059542000807 0.867307060522431
0.191849021963125 0.875638112190136
0.15800651574635 0.893020731382513
0.188992189126762 0.877104755080926
0.162704208958457 0.890608093279503
0.152343065763361 0.895929251702733
0.192588080465996 0.875257886738195
0.234577161878608 0.85367446117156
0.159926961261389 0.892034640675898
0.152328781783102 0.895936586630038
0.152532104446394 0.895832429809681
0.244117813097944 0.848771974487834
0.176482065742004 0.883533073691028
0.160020207988237 0.891986799104026
0.197155562530708 0.872918386422088
0.160992105670813 0.891487778378361
0.165782347349842 0.889029244493803
0.179979192392319 0.881735281990083
0.205120263618793 0.868815220913613
0.166118233576206 0.888855845516818
0.151555375071942 0.896333862405758
0.166614096118639 0.888602129559922
0.191498638674479 0.87581598357914
0.15800651574635 0.893020731382513
0.168127134659976 0.887824479785865
0.195642298501515 0.873687685679711
0.163647783053044 0.890124586598333
0.245777982911775 0.847917592125248
0.166881164299213 0.888464996338938
0.192588080465996 0.875257886738195
0.149498261877595 0.897390207393336
0.195046078099247 0.873994731187355
0.217515360808571 0.862449714014034
0.199580357566521 0.871666881448237
0.193314323917498 0.874888570649475
0.195536926993109 0.873747780567753
0.156666412376842 0.893709428174709
0.212667397062418 0.864941345648962
0.152519812649027 0.895838763941641
0.246154114010661 0.847724078238792
0.239192491652506 0.851314333544926
0.196040801215086 0.873484040074611
0.178520620497739 0.882483958995358
0.190395177019359 0.876386696035262
0.151562161392981 0.896330460056853
0.195536926993109 0.873747780567753
0.198582828686589 0.872179294839178
0.159926961261389 0.892034640675898
0.173341910151606 0.885144218604032
0.162746782403997 0.890588381962614
0.17287808398437 0.885384027302809
0.200361147100055 0.871260305016223
0.181522493290794 0.880941943106938
0.18307902752518 0.880141505405445
0.164061577058709 0.889912697516269
0.243931814831509 0.8488680243476
0.184910713513853 0.879201280975974
0.172900702834752 0.885370650100747
0.151567252489665 0.896327846900621
0.149550289814216 0.897363491255291
0.166059260321228 0.888886234577463
0.246380410446328 0.847607565236507
0.154900396270892 0.894616328236946
0.158999821516692 0.892510894615807
0.172868493884571 0.885388569521763
0.149498261877595 0.897390207393336
0.178227931100121 0.882633783489162
0.208929389072245 0.866874666332936
0.158977979198826 0.892521987211873
0.150963900893464 0.896637646475105
0.199580357566521 0.871666881448237
0.175536143671702 0.884021435219481
0.16177669219684 0.891085384300662
0.166859189686082 0.888475147803878
0.194073429594862 0.874496063393268
0.181522493290794 0.880941943106938
0.196079021975547 0.873468902803319
0.158990124688235 0.892515575452058
0.205034936737237 0.868859219949288
0.207002310082523 0.867851943681243
0.208929389072245 0.866874666332936
0.184840255460842 0.87924037380911
0.165645205248536 0.889098870726999
0.148484333250144 0.897910862182612
0.183242994836326 0.88005988005114
0.152532104446394 0.895832429809681
0.177565470336831 0.882977224217576
0.149498261877595 0.897390207393336
0.154908357111672 0.894612237619671
0.159306689687593 0.892353152113814
0.178469381214121 0.882510403717858
0.148484333250144 0.897910862182612
0.190395177019359 0.876386696035262
0.159926961261389 0.892034640675898
0.16361193603976 0.890143753438956
0.158113878112345 0.892966339965627
0.207872197961824 0.86740576623086
0.196079021975547 0.873468902803319
0.23646216753098 0.852709501301481
0.207914919246206 0.867384270728925
0.181654853409772 0.880873943389633
0.186463234429622 0.878403494364462
0.212667397062418 0.864941345648962
0.19906291818545 0.871933377331263
0.154843806336969 0.894645376538554
0.205329268563504 0.868714525379518
0.173050566930416 0.885297540504502
0.169580397433501 0.887076650198785
0.176885267028143 0.883325122263503
0.177263215881807 0.883131000274642
0.172868493884571 0.885388569521763
0.149400982645883 0.897440095943874
0.177834264374451 0.882836631015626
0.19188817060155 0.875620131123776
0.166687432851468 0.888563751616134
0.254996117412048 0.843181625439075
0.184840255460842 0.87924037380911
0.187158812043202 0.878046112673651
0.200361147100055 0.871260305016223
0.207178967344279 0.867760653679243
0.184508284610016 0.879409977187518
0.20145093171211 0.870705579170514
0.149570858153776 0.897352870901721
0.185326615263764 0.878991317506062
0.208564815457651 0.867047817053934
0.208720886560133 0.866970472675867
0.180364071218147 0.881537872284343
0.154652012833975 0.894743916237341
0.156420593704125 0.893835799442468
0.21840302214099 0.861992087770996
0.161266446966902 0.891346888411266
0.169580397433501 0.887076650198785
0.151049132683276 0.896593807183481
0.197620771371321 0.872672440455155
0.166992489732228 0.888406808541484
0.198357450680455 0.872294456732018
0.214110845768813 0.864199246972976
0.148484333250144 0.897910862182612
0.20694294893112 0.867883788486767
0.216495913913725 0.862975729790186
0.185460072520857 0.878918736913778
0.178313559115439 0.882590630281483
0.184508284610016 0.879409977187518
0.202886760009559 0.869970181882208
0.193914329684844 0.874577773346601
0.171230944623189 0.886232713545253
0.161266446966902 0.891346888411266
0.224733289879584 0.858748799189565
0.243722233720519 0.848975578697621
0.15967372599398 0.892165344526941
0.148484333250144 0.897910862182612
0.201057430231925 0.870906539151717
0.251263641056177 0.845090290740058
0.156940960903952 0.893568551724444
0.184939875130554 0.879188333120062
0.160282234811689 0.891852710511871
0.153729475404857 0.895217209044656
0.218813718113247 0.861780842360131
0.184396107726039 0.879467568462026
0.191416972777003 0.875860386531846
0.246576824675834 0.847503391322645
0.167740898862651 0.888023674721013
0.189753593242448 0.876713559445322
0.154745221995594 0.894696064612247
0.167858640432649 0.887961229981091
0.20242438377492 0.870204001314375
0.17484669024846 0.884373964602499
0.168592571042914 0.887587596371084
0.160860764415677 0.891556076727274
0.240103023102049 0.850832063905897
0.157078859226703 0.893497942385033
0.197561752798712 0.872702850051841
0.17484669024846 0.884373964602499
0.19469854414756 0.874172043526818
0.148484333250144 0.897910862182612
0.195268840477389 0.873881966643934
0.185556210554108 0.878871296887605
0.18409984287189 0.879620512497415
0.195015666008752 0.874009214699693
0.193914329684844 0.874577773346601
0.204827103752374 0.868970638507187
0.190419287143602 0.876371561945087
0.16397623402295 0.889956612121977
0.184713545489928 0.879302025620868
0.24686556988768 0.8473548753704
0.186956232504676 0.878150126161756
0.216183692804604 0.863135793904993
0.161236490862515 0.891363242842415
0.16909173656714 0.887329610254434
0.246576824675834 0.847503391322645
0.174698745774859 0.884449077956706
0.156966925921984 0.893554694223771
0.184946443278637 0.879183438093241
0.178317327038596 0.882588693762527
0.197561752798712 0.872702850051841
0.153729475404857 0.895217209044656
0.21705809925867 0.862684044772719
0.184491209564186 0.879417795389461
0.209182684805595 0.866733946857265
0.193197153924956 0.874943902879229
0.24686556988768 0.8473548753704
0.174354532176306 0.884628052865145
0.164061577058709 0.889912697516269
0.17597588700364 0.883791332686669
0.193355702738816 0.87486629276839
0.195916534400992 0.873549384776544
0.20361573155104 0.869591985880499
0.246908616934385 0.84733275552691
0.15967372599398 0.892165344526941
0.155707676308938 0.894201596783162
0.189008552082454 0.877096349574035
0.167531739252009 0.888132044703339
0.194452202331172 0.874301589855928
0.158423653328664 0.892807290927726
0.19218668162303 0.875466368344035
0.216215202154955 0.863117216761211
0.164519121404326 0.889678199065889
0.148484333250144 0.897910862182612
0.216890976997669 0.862768480700194
0.872035621922544 0.261399901228215
0.86890327986321 0.266427141565482
0.31909526503202 0.782461066900842
0.873158699209109 0.25959008169006
0.870540128251287 0.263802356346694
0.31909526503202 0.782461066900842
0.872820789916195 0.260142479145754
0.870540128251287 0.263802356346694
0.317200443025685 0.783310241716641
0.869856300156453 0.264910225457378
0.366309491417552 0.761238343010398
0.869856300156453 0.264910225457378
0.317200443025685 0.783310241716641
0.314325605055835 0.78460273721522
0.879596945139534 0.249243588571174
0.350661045134799 0.768276662699948
0.320187294676611 0.781970721538761
0.879596945139534 0.249243588571174
0.335077892673113 0.775281629302895
0.871378537536961 0.262455843115468
0.351710410954476 0.767806938097126
0.356674522791032 0.76557124630415
0.869549174029251 0.265392322819693
0.320159488234885 0.781982393268765
0.308150039878004 0.787375297085699
0.366657350618003 0.761082364080246
0.353918983753472 0.766809362201648
0.322313533290652 0.781013157013456
0.323892898915848 0.780303998058474
0.325143924599324 0.779743309343769
0.373850028686716 0.757845103943403
0.3229713283105 0.780719003668538
0.322323939448279 0.781008481620322
0.325257555037767 0.779692264119163
0.318270601871667 0.782831447827959
0.3229713283105 0.780719003668538
0.325143924599324 0.779743309343769
0.357521482718161 0.765190562419001
0.915640706999085 0.191252431594108
0.342732593569146 0.771839436423235
0.915640706999085 0.191252431594108
0.333724109335266 0.775888730924637
0.870653714749979 0.263619279964209
0.357118563946669 0.765371743515783
0.91537253536103 0.191684773503824
0.339114844464814 0.77346615256815
0.360677647480362 0.763771653289393
0.314442392080337 0.784550710945953
0.915640706999085 0.191252431594108
0.3132621846624 0.785079633676566
0.316130164334383 0.783790978943248
0.321156372279021 0.781532833984065
0.342732593569146 0.771839436423235
0.872727096289967 0.260287521505249
0.909286684483216 0.201482869427729
0.315272460413768 0.784178011167287
0.316130164334383 0.783790978943248
0.337559003660574 0.774165243503744
0.3229713283105 0.780719003668538
0.326212217070664 0.779263679576577
0.325345472280147 0.779652904341714
0.342732593569146 0.771839436423235
0.912555541645517 0.196221131651708
0.325390253153692 0.779632808856483
0.899711704021285 0.216889770150277
0.3132621846624 0.785079633676566
0.3229713283105 0.780719003668538
0.323198872907927 0.78061713203448
0.337178329613567 0.774335899918672
0.912555541645517 0.196221131651708
0.32031248764866 0.781913227880119
0.315272460413768 0.784178011167287
0.322149295245358 0.78108920898046
0.903323964119985 0.211084781152565
0.910335201472462 0.199791418056348
0.916834397002423 0.18932960777617
0.912555541645517 0.196221131651708
0.341009174294357 0.77261397838506
0.92161578784806 0.181630414566103
0.338529371318096 0.773729255218523
0.918274286303657 0.187010770021016
0.923957005312603 0.177860168635196
0.916834397002423 0.18932960777617
0.916834397002423 0.18932960777617
0.326629667951854 0.77907393263002
0.918876282934698 0.186041233616398
0.916834397002423 0.18932960777617
0.918760897748198 0.186227066970383
0.868367457589698 0.267291714257953
0.32212201338859 0.781098615030038
0.35050966493551 0.768342792101536
0.330344167644798 0.777408363763222
0.923957005312603 0.177860168635196
0.915988306203235 0.190692206304826
0.312518119556016 0.78541290770794
0.339644265280122 0.773230854994825
0.924142373306079 0.177561650151065
0.920725981272368 0.183062760698428
0.921367782436525 0.182029862549589
0.918501005468521 0.186645557714744
0.91537253536103 0.191684773503824
0.340994791156273 0.772620428663099
0.354416080146871 0.766588876605261
0.336749996096957 0.774528570308036
0.345204992318326 0.770731451304923
0.896230977195304 0.222493671565911
0.924112844030116 0.177609114430859
0.92161578784806 0.181630414566103
0.909948523132022 0.200419454887115
0.92161578784806 0.181630414566103
0.332579513489718 0.776405073984706
0.923957005312603 0.177860168635196
0.92161578784806 0.181630414566103
0.920735680172397 0.183047140131238
0.90756367760398 0.204256583574337
0.914697162559532 0.192771184758562
0.329810789536132 0.777644254418272
0.326677994178651 0.779053005067449
0.919448778116152 0.185119268295593
0.910078287284741 0.200210305442903
0.923957005312603 0.177860168635196
0.915988306203235 0.190692206304826
0.924142373306079 0.177561650151065
0.924142373306079 0.177561650151065
0.910458777827358 0.199595493265365
0.914693054264486 0.192777798160488
0.33660808924377 0.774590903377665
0.92161578784806 0.181630414566103
0.911796677458833 0.197442696162954
0.921654096140871 0.181568732986454
0.879176958639431 0.24991640536607
0.923957005312603 0.177860168635196
0.921619345650338 0.181624701626621
0.907837028785039 0.203818165687594
0.92003930233612 0.184168730855013
0.917905000981531 0.187606638037817
0.924142373306079 0.177561650151065
0.354166770002068 0.766700712094369
0.308715974487014 0.787119467465652
0.902317615610577 0.21269681024754
0.924142373306079 0.177561650151065
0.336223785760959 0.774766979869256
0.921289621840649 0.182155765913007
0.915870171387628 0.190882382404203
0.919153684153809 0.185595625514025
0.919729051206476 0.184668723604329
0.322147261050052 0.78108939369372
0.348735721499584 0.769142111998862
0.339645737192541 0.773230262524232
0.368916242888895 0.760070291959362
0.339645737192541 0.773230262524232
0.360183827511953 0.76399888969174
0.359130635458655 0.764467299830697
0.293312249495062 0.794036408350629
0.377915866228682 0.75601633830743
0.336540796513586 0.774627873414591
0.297114750406749 0.792329141176577
0.35913197004007 0.764466699307423
0.336540796513586 0.774627873414591
0.298717768505393 0.791611660162111
0.371879970699981 0.758735073333357
0.290098343191247 0.795479034568728
0.296397552780263 0.792650801206606
0.334867020217109 0.775376284205886
0.298717768505393 0.791611660162111
0.297243251603599 0.792271522034485
0.298429022276189 0.79173903787672
0.338250289976864 0.773856789125879
0.296397552780263 0.792650801206606
0.291446148637537 0.794873375926585
0.295904638281514 0.792873555924532
0.299493632284736 0.791261643252822
0.293536555572811 0.793936857784122
0.379741226850419 0.755193905272941
0.334341514114222 0.775612618135968
0.291446148637537 0.794873375926585
0.297335523366202 0.792232176088441
0.299493632284736 0.791261643252822
0.300655388781612 0.790740054378086
0.285246888503777 0.797655600898853
0.302133247235589 0.790074845497014
0.291775017170377 0.794726011419493
0.303249744740292 0.789573265727775
0.283073474460899 0.798631420135746
0.292945516373821 0.79420064938912
0.360693377664433 0.763767779574538
0.304505811969386 0.789013280377586
0.301871541520481 0.790193442899347
0.304511976026927 0.789010193618683
0.360693377664433 0.763767779574538
0.283299589528121 0.798528724829008
0.283073474460899 0.798631420135746
0.309315723819404 0.786855403608744
0.303249744740292 0.789573265727775
0.29227841732013 0.794500054915889
0.305902464063108 0.788385113719679
0.297820205030839 0.792011148020698
0.301877464366585 0.790190784785143
0.278112191767217 0.800855986984832
0.294338441510317 0.793574734223918
0.300820167751863 0.790665548964484
0.29767977690899 0.792074193330137
0.305054040866385 0.788767742734884
0.312977144302895 0.785208732140915
0.295269604553215 0.793158560532245
0.276269060070168 0.801684422279699
0.29025038015915 0.795409736731487
0.336064104403499 0.774838239851061
0.292432776569975 0.794430798188225
0.276269060070168 0.801684422279699
0.280609075244946 0.799736583427839
0.278112191767217 0.800855986984832
0.30138237197254 0.790413204435506
0.276269060070168 0.801684422279699
0.285308851150481 0.797627589149233
0.296935768308994 0.792408545821628
0.314169222715378 0.784674333410514
0.301522108046907 0.79035056893682
0.331273669010982 0.776993492209981
0.334440163180016 0.775570665276819
0.306648468686178 0.788052703607731
0.280693648948241 0.79969849912463
0.283429264570601 0.798470532109278
0.303239991939109 0.789577644702933
0.389462504357338 0.750816712401247
0.303518272159054 0.789452695095016
0.294077279230604 0.793693541221312
0.288730191398361 0.796092169692693
0.292432776569975 0.794430798188225
0.274315951932415 0.802559776105879
0.308512018847545 0.787214357583178
0.291800367606347 0.794715478126221
0.292900110447116 0.794222364036558
0.2970463081851 0.792358923273067
0.337010832147951 0.774412276026747
0.288502251044264 0.796194486077505
0.296376493072396 0.792661235845726
0.28491544885157 0.797804014026975
0.285532201944024 0.797526688586021
0.312277053113825 0.785522691345234
0.289013707067203 0.795964282068888
0.277397716655509 0.801177497983146
0.275912501510954 0.801843582719557
0.280693648948241 0.79969849912463
0.389934356661746 0.75060287954296
0.293595929025992 0.79390744744223
0.290771724340525 0.795175786637228
0.275081129134999 0.802216572842755
0.314212725423916 0.784652671936742
0.274315951932415 0.802559776105879
0.283625112872775 0.798382636696586
0.273344310981895 0.802995562443405
0.295829076685115 0.79290573494615
0.283202405670038 0.798572604643058
0.277357492918207 0.801195544267639
0.289020707982091 0.795961140024358
0.275081129134999 0.802216572842755
0.291800367606347 0.794715478126221
0.273403523263136 0.80296899799197
0.28362149016959 0.798384267087263
0.275364973992676 0.80208860759638
0.296935768308994 0.792408545821628
0.320308890050098 0.781918278339883
0.289433341541069 0.795775867415634
0.288174016149094 0.796342881758709
0.393152540229371 0.749155176317866
0.274126807663986 0.80264509635762
0.276269060070168 0.801684422279699
0.278784203999205 0.80055600147004
0.286375107675268 0.797148194834673
0.273126452843106 0.803093878149889
0.287356252647138 0.796709779923863
0.286144656469125 0.79725160853971
0.322686800787821 0.780847237768136
0.268412285937206 0.805208579202593
0.287356252647138 0.796709779923863
0.273126452843106 0.803093878149889
0.28362149016959 0.798384267087263
0.272832308825024 0.803225832825694
0.324417408242532 0.780071004279256
0.299360992263517 0.791321875390064
0.27780296003094 0.800996458889935
0.268412285937206 0.805208579202593
0.27869181330759 0.80059619736764
0.325630171232505 0.779525941410664
0.291800367606347 0.794715478126221
0.283327136428608 0.798516771807282
0.28491544885157 0.797804014026975
0.322686800787821 0.780847237768136
0.279571943456416 0.800202009941785
0.328931900918329 0.778044370481147
0.304035915551935 0.789220751889372
0.280401654936315 0.799830650302201
0.320453203083483 0.781852002327904
0.270564844339709 0.804243237819956
0.288174016149094 0.796342881758709
0.280130770411008 0.799950573896615
0.32807086688869 0.778432320432891
0.29132009709678 0.794930537531931
0.296822773257924 0.792459284132166
0.274467540242817 0.802491828078939
0.271562823253933 0.80379509930276
0.283241171074398 0.798554838193565
0.28362149016959 0.798384267087263
0.322686800787821 0.780847237768136
0.340055506462242 0.773047774133759
0.276205073751347 0.801713135944391
0.284101095208878 0.798169677157409
0.290261174548422 0.795404231745271
0.323293821117821 0.780574713351552
0.31048159507782 0.78632814774895
0.289528870242543 0.795733015482036
0.286291825188272 0.797186944159543
0.268051717759299 0.805370364373339
0.272427438126033 0.803407460847143
0.328931900918329 0.778044370481147
0.270283655149265 0.804368888459743
0.30806566611069 0.787412779791427
0.308996873956359 0.786994978900594
0.293324328254043 0.794031112883148
0.286620760074447 0.797038167788691
0.333655157811657 0.775919305293006
0.271594204680394 0.803781107529141
0.276351778023417 0.801647396771313
0.270283655149265 0.804368888459743
0.29132009709678 0.794930537531931
0.320453203083483 0.781852002327904
0.293324328254043 0.794031112883148
0.27614788194374 0.801737711417752
0.274669238732435 0.80240103650504
0.283272494938664 0.798540734588573
0.301577734372744 0.790325723303721
0.2940385739542 0.793709470691562
0.335860660357065 0.774929769529925
0.300094809032795 0.790991051385738
0.333655157811657 0.775919305293006
0.268419324651704 0.805205408595036
0.268051717759299 0.805370364373339
0.307408192844661 0.787708234637462
0.327473259968701 0.778695142938197
0.307408192844661 0.787708234637462
0.323017802890486 0.780702424869283
0.268161198772896 0.80532125078532
0.29222494668488 0.794524590883036
0.274854442173247 0.80231833869229
0.311189486596696 0.78601047932612
0.283849613594031 0.79828178225428
0.306927658747009 0.787923645996608
0.336027895610622 0.774853883618641
0.291559430690193 0.794823879042825
0.303027259361599 0.789674549160565
0.275234721659769 0.802148022554905
0.272637379532391 0.803313244323109
0.265314192378459 0.806598212380305
0.319621599257335 0.782222641932261
0.26274780996232 0.807749324474263
0.307441058667227 0.787692162025701
0.294845584361134 0.793348581185558
0.291425576049427 0.794882180646891
0.323017802890486 0.780702424869283
0.270283655149265 0.804368888459743
0.286450638844055 0.797115763276006
0.30933340033411 0.786843221911053
0.274321046404717 0.802558036039771
0.286450638844055 0.797115763276006
0.315596328559142 0.784032609457711
0.288174016149094 0.796342881758709
0.262742787376624 0.807751577086936
0.262748990399218 0.807748794833674
0.293889899084474 0.79377560391332
0.307583020302334 0.787631228764265
0.275041200234192 0.802234173193577
0.308104103983562 0.78739559691374
0.294845584361134 0.793348581185558
0.298598790310689 0.791663407097072
0.266009677097692 0.806286289866805
0.31824451546255 0.782840767259837
0.273633041390261 0.802867018460131
0.280804894535055 0.799649399086339
0.294845584361134 0.793348581185558
0.301114736863158 0.790531739867863
0.263975092814002 0.807198811581674
0.296178211376927 0.792749839246449
0.282861850213765 0.798725169536417
0.302632263726632 0.78985181196812
0.312095409482541 0.785602994024866
0.29999629814177 0.791036662481812
0.314953233771872 0.784322192163197
0.327506386543857 0.778681099252678
0.334228044280356 0.775662022512439
0.296772926133805 0.792481044929791
0.262348407445467 0.807928387737386
0.318875699135867 0.782561504087161
0.304013268839895 0.789235772921958
0.283074997939732 0.798629977968333
0.274588095743864 0.802437458805447
0.270249601154785 0.804384144622866
0.33364073021835 0.775925805067617
0.262348407445467 0.807928387737386
0.290523805655236 0.795286424312711
0.2923400127068 0.794472717386145
0.304205988102056 0.789146805915166
0.295461369158089 0.793071514622473
0.287293048666536 0.79673715288435
0.271791280903252 0.803693458222248
0.308098136539842 0.787398276828518
0.268051717759299 0.805370364373339
0.262348407445467 0.807928387737386
0.265987128203078 0.806296275149957
0.287418556034512 0.796680827609248
0.344332821104788 0.771120040483912
0.297809099880003 0.792015938267229
0.301114736863158 0.790531739867863
0.342780609522234 0.771819371028702
0.306900538013917 0.787938512872163
0.272879748826383 0.803204031201388
0.266553346163883 0.806042237010114
0.275045677569768 0.802232632724178
0.266018517678783 0.8062823228303
0.268050107354235 0.805371088968062
0.290616182587169 0.795244967917959
0.308494455613951 0.787221342358942
0.310152413752645 0.786477578043924
0.272879748826383 0.803204031201388
0.271791280903252 0.803693458222248
0.296772926133805 0.792481044929791
0.322354835090855 0.780999350977348
0.344332821104788 0.771120040483912
0.282479377932303 0.798896994904737
0.288803290692444 0.796059360449659
0.284796148931509 0.797857850403919
0.375574234000414 0.757066224929545
0.266390790155945 0.806115145008215
0.272786745844372 0.803245756588308
0.297387657963964 0.792206514115505
0.306900538013917 0.787938512872163
0.297613829285097 0.792104990886444
0.267314397205182 0.805700858578915
0.27190004222202 0.803643517788625
0.306173524287814 0.788261126407706
0.334159881794277 0.775692461271566
0.272787927721259 0.803245150370141
0.296772926133805 0.792481044929791
0.273490003785362 0.802930669792015
0.272897534075242 0.803196392219689
0.262348407445467 0.807928387737386
0.275180374602389 0.802172323324523
0.265335516840455 0.806588645184106
0.305812610142786 0.788423169281495
0.267591445037546 0.805576716951001
0.267426195126395 0.805650825312127
0.286718271771303 0.796994683517339
0.273087925525159 0.803110367799867
0.274423968920172 0.802511553451518
0.289057958350717 0.795945597048879
0.269352583034698 0.804786524879073
0.278448456402859 0.800705710232997
0.284555853761208 0.79796546939555
0.314709750058212 0.784427453133712
0.300433675549486 0.790837694899929
0.322354835090855 0.780999350977348
0.274423968920172 0.802511553451518
0.261050836743739 0.80851030388348
0.277540563771169 0.801112892678727
0.308434438271026 0.787246105394391
0.262854817961448 0.807701262151262
0.315128060040062 0.784241208797204
0.270421524832533 0.804307460159398
0.29822593342558 0.791831585676993
0.274423968920172 0.802511553451518
0.269352583034698 0.804786524879073
0.269819319083592 0.804577244626626
0.268960309171699 0.804962450084116
0.28241599040482 0.798926059482115
0.266327760270939 0.806143418551976
0.296846510604101 0.792448020366479
0.304205988102056 0.789146805915166
0.312798309149006 0.785289713416619
0.296772926133805 0.792481044929791
0.290479714566591 0.795306243131896
0.306173524287814 0.788261126407706
0.326372828863319 0.779192512381911
0.300988053591579 0.790592450788661
0.308473745529637 0.787228649624538
0.263050595898064 0.80761343271828
0.304527699115758 0.789001217964952
0.268532436829703 0.805154375947825
0.286737112261581 0.796987015632626
0.267108035345771 0.805793696749897
0.362014320493165 0.763176162271131
0.271743749670638 0.80371400677335
0.297235034309237 0.792274085918202
0.304836420763845 0.788863268267184
0.339822493693471 0.773146733792007
0.303405186388727 0.789503456889551
0.287817780737538 0.796502056524205
0.280543106081291 0.799766457679201
0.269336512175028 0.804793743046988
0.263975092814002 0.807198811581674
0.298598790310689 0.791663407097072
0.301693191734328 0.790275962892381
0.286769406579277 0.796972714005252
0.262049894129997 0.808062160292168
0.314232236278775 0.784645463175549
0.274422708972801 0.802512120350452
0.29832508864868 0.791786313613386
0.269531204015893 0.804706516724311
0.323974028101868 0.780271147579514
0.284758289628969 0.797874795573123
0.262049894129997 0.808062160292168
0.291460444630112 0.794866159097341
0.268953498994436 0.804965441683819
0.306691138522442 0.788030259758975
0.282440748878174 0.798914030713545
0.265335516840455 0.806588645184106
0.262936640304388 0.807664459892056
0.321760508779649 0.78126406730472
0.266633313155923 0.806006433559745
0.268532436829703 0.805154375947825
0.261187087618827 0.808449187037263
0.27880837156566 0.800544038194893
0.270774548420997 0.804148489011924
0.312374376135777 0.785479723525118
0.297751539762804 0.792043610627405
0.33452313471185 0.775529525736423
0.29911329828872 0.791431053523151
0.279836653189114 0.800082965090571
0.26172363490895 0.808208518105506
0.298909198341971 0.791523482145409
0.268378352964937 0.805223527402246
0.264633999465145 0.806903150559008
0.261754357276469 0.808194737757515
0.304221947620561 0.789140013197904
0.296423321796572 0.79263807154228
0.266630256133985 0.806007806727663
0.312374376135777 0.785479723525118
0.362014320493165 0.763176162271131
0.286108774346084 0.79726884997144
0.276183896605364 0.801721793808065
0.273377681165429 0.802980736281742
0.270865233804786 0.804107796614667
0.269531204015893 0.804706516724311
0.273774902854887 0.802802731718443
0.273086442494011 0.803111585135091
0.294522853920474 0.793493741705387
0.371287160429421 0.758999022039464
0.270377675928747 0.804326805169308
0.284758289628969 0.797874795573123
0.26437290965641 0.807020419585756
0.268443809156123 0.805194076704582
0.274423968920172 0.802511553451518
0.303726148822791 0.789361133898865
0.270753853693113 0.804158369836727
0.264552038355011 0.80693989960439
0.290489307281415 0.79530292041293
0.273521125320368 0.802916677007295
0.312168409412624 0.785570900603806
0.264643020644331 0.806899104268488
0.260915267381406 0.808571111827553
0.272251892133774 0.803485972125781
0.372426443053834 0.758485998505712
0.279282351561077 0.80033219580036
0.290923661147007 0.795107903795729
0.263546372820443 0.807391080299236
0.262660373510877 0.807788537066794
0.260557829866346 0.808731478723126
0.287993316401195 0.796422507252949
0.273597825628364 0.802882261683566
0.26932998096074 0.804796533734938
0.282699651388553 0.798797921528582
0.301822817871979 0.790216366770475
0.264924922184994 0.806772869430128
0.280227101054852 0.799908483625418
0.26437290965641 0.807020419585756
0.304191606887469 0.789153620865821
0.308191361136341 0.78735776102432
0.271190301671693 0.803962212528284
0.27359347242131 0.80288426628606
0.337286060445989 0.774286657381829
0.270303391469932 0.804359929446203
0.266633313155923 0.806006433559745
0.261655182806149 0.808239224345414
0.274845934166106 0.802323236996499
0.316695586885899 0.783539695759444
0.276089921930114 0.801763956853067
0.264362874595669 0.807024917941439
0.309515653181995 0.786763013815494
0.314088616798636 0.78470966994621
0.28286898580174 0.798721878523373
0.271190301671693 0.803962212528284
0.309837867678168 0.786618011676667
0.266784267574208 0.805938697889343
0.281451098268451 0.7993598745142
0.289325866320329 0.795825740076412
0.29467649177047 0.793423788839745
0.271190301671693 0.803962212528284
0.269382982028354 0.804772759441202
0.260557829866346 0.808731478723126
0.265147037086919 0.806673040243585
0.274845934166106 0.802323236996499
0.276293128297995 0.801672767593986
0.268277373428834 0.805268864295137
0.290175105896936 0.79544395403754
0.284620113550506 0.797936733083245
0.284012205331775 0.798210654598007
0.271589788725335 0.803783077245698
0.268277373428834 0.805268864295137
0.260557829866346 0.808731478723126
0.311400269740882 0.785915679750622
0.306756240711624 0.78800104426897
0.26315395363791 0.807566971403833
0.263934163114944 0.807217115818498
0.265313302782159 0.806598607957719
0.309200043322769 0.786903282617537
0.271240435716597 0.803939880369458
0.272119141611871 0.803545281471024
0.348795548173755 0.769115216812954
0.337286060445989 0.774286657381829
0.284770298973423 0.797869319743007
0.269382982028354 0.804772759441202
0.272111738353492 0.803548604755577
0.27323183122364 0.803046343620299
0.286250766955555 0.797206574762223
0.271084295646633 0.804009806596163
0.319959165777884 0.782072280398348
0.348795548173755 0.769115216812954
0.265316371439195 0.806597262079185
0.281503957831181 0.79933538250727
0.283339620789244 0.798510779946207
0.268516232211693 0.805161901739589
0.267618616432834 0.80556486468938
0.313389202795764 0.785021011814286
0.260958914112612 0.808551583953507
0.261655182806149 0.808239224345414
0.266513961180379 0.806059935892156
0.265885502001084 0.806341738000192
0.341696121739583 0.772305274807353
0.274941693501446 0.802279373667231
0.270358928698279 0.804335050310497
0.260557829866346 0.808731478723126
0.283016662635973 0.798656172460566
0.362296128769051 0.763048051841394
0.263543799649478 0.807392051539221
0.260557829866346 0.808731478723126
0.272695358097089 0.803287349421033
0.284770298973423 0.797869319743007
0.260554118974685 0.808733143128894
0.290522229687869 0.795287880002088
0.262949763865766 0.80765851589107
0.267477560451392 0.805627750042386
0.288914605141236 0.79601020195081
0.383349057203326 0.753568862976467
0.29175435636221 0.794734596211247
0.268516232211693 0.805161901739589
0.277131204672781 0.801296590345744
0.283959447405488 0.798232146712836
0.283339620789244 0.798510779946207
0.271088351795565 0.804007985714501
0.328032258821595 0.778448529936587
0.295995856887201 0.792832551233032
0.265316371439195 0.806597262079185
0.266067740144123 0.806260079597643
0.296065676831243 0.792800431940719
0.383304525033427 0.753588936262794
0.262660373510877 0.807788537066794
0.274941693501446 0.802279373667231
0.279668117973036 0.800158544281917
0.26671479592197 0.805969867325348
0.286966103854288 0.796883669997755
0.267287252207495 0.80571287267325
0.269378622064718 0.804774724155762
0.275580437703582 0.801992628256749
0.267477560451392 0.805627750042386
0.292941955163537 0.794200982322911
0.273420450780886 0.802961820012383
0.288091424939007 0.796379189993123
0.264102739198393 0.807141458113296
0.312045420520104 0.785624305868555
0.294612620438274 0.79345339675885
0.292941955163537 0.794200982322911
0.262660373510877 0.807788537066794
0.27639543563681 0.801627211732872
0.312045420520104 0.785624305868555
0.29175435636221 0.794734596211247
0.272632882969853 0.803315009438104
0.264102739198393 0.807141458113296
0.306425440997104 0.788148858698674
0.280781643613864 0.799659179675208
0.26712996725252 0.805783648918973
0.26281333789375 0.807719931787496
0.262167711005982 0.808009382328905
0.265803596189348 0.806378734880986
0.277131204672781 0.801296590345744
0.289557915770594 0.795720681786471
0.263901921896502 0.807231417292765
0.262894058931131 0.807683557378506
0.260884662324892 0.808584919512812
0.295835079026584 0.792903486060428
0.262101495630089 0.808039029816774
0.27958992050885 0.800193244308648
0.289557915770594 0.795720681786471
0.278294036794525 0.800775365745963
0.286596517330472 0.797049273825343
0.274258309900227 0.802585625865643
0.288091424939007 0.796379189993123
0.265984257260932 0.806297476638862
0.279931337803232 0.800041315393176
0.272430258044633 0.803405889110198
0.271434271015283 0.803852515653963
0.279580295515653 0.800197563054813
0.263901921896502 0.807231417292765
0.28086803380029 0.799620413699057
0.269857966327884 0.804560059099839
0.260884662324892 0.808584919512812
0.267180183075438 0.805760932835048
0.267514580122938 0.805611353479687
0.274258309900227 0.802585625865643
0.297058093273836 0.792354117942351
0.30659244961015 0.788075819627887
0.286596517330472 0.797049273825343
0.282976452965625 0.798673798414174
0.265316371439195 0.806597262079185
0.271088351795565 0.804007985714501
0.271889791378021 0.80364807005878
0.317237527180415 0.783296895132494
0.274149268227987 0.802634956768256
0.283339620789244 0.798510779946207
0.285275204567259 0.797642653850361
0.384314592521319 0.753137961112172
0.260884662324892 0.808584919512812
0.327710489395645 0.778590277537096
0.272471773618464 0.803387288134315
0.265316371439195 0.806597262079185
0.275753381467003 0.80191446824772
0.265548244587514 0.806492997692863
0.26057587478795 0.808723383866223
0.288310009193413 0.796281396196323
0.276810753340111 0.801440772595319
0.281353880793032 0.799401819665828
0.262894058931131 0.807683557378506
0.260270168402343 0.808860513122014
0.272154560614474 0.803529423585395
0.283816319779213 0.798297556030101
0.267196081229913 0.805753963125885
0.269226605276661 0.804842960459122
0.2852124834852 0.797670498187775
0.265506879644303 0.806511818654122
0.266046946347952 0.806269801247211
0.281277830767478 0.79943620071108
0.277828565011682 0.800984418950505
0.277559557765049 0.801104409508366
0.329927728313171 0.777595471859889
0.260514499808803 0.808750922502426
0.272093477145449 0.80355681759386
0.271889791378021 0.80364807005878
0.277131204672781 0.801296590345744
0.275753381467003 0.80191446824772
0.267514580122938 0.805611353479687
0.276959803530724 0.801373510879628
0.278425973086682 0.800716176323044
0.272244705103398 0.803488857931864
0.260702436385746 0.808666621287572
0.277189393649637 0.80127049632421
0.285354480780272 0.797607343451906
0.260227425531969 0.80887968897251
0.271259194761335 0.803931096775185
0.265316371439195 0.806597262079185
0.283816319779213 0.798297556030101
0.270540510293251 0.804253821964389
0.276985216038624 0.801362115196891
0.395959151860094 0.747884703839743
0.265316371439195 0.806597262079185
0.260808157603412 0.808619232891433
0.275891880791536 0.801852877098663
0.351357655851882 0.767965692779362
0.265279379513547 0.806613832055018
0.288809135865751 0.796056820603274
0.276571754931502 0.801547823478692
0.284357542313575 0.798054141537269
0.260295091421686 0.808849352261552
0.27462428724146 0.802421052101406
0.267514580122938 0.805611353479687
0.266932631622282 0.805872419036932
0.299322990097462 0.79133932198897
0.274549716571541 0.802455115535021
0.260884662324892 0.808584919512812
0.277236267651125 0.801249583395199
0.280265969457944 0.799890568026907
0.275255767731995 0.802138405632657
0.269203897475672 0.804853160142567
0.273887839935214 0.802751953214218
0.260690823811518 0.80867182751008
0.271259194761335 0.803931096775185
0.33914664195009 0.773454773499358
0.281851299263273 0.799179104202163
0.278425973086682 0.800716176323044
0.266612260393006 0.806015711825498
0.260884662324892 0.808584919512812
0.283816319779213 0.798297556030101
0.267514580122938 0.805611353479687
0.262894058931131 0.807683557378506
0.268980902811 0.804953128186937
0.267533427807661 0.805602899214647
0.261244299681299 0.808423592331274
0.275882273143201 0.801857186432855
0.264262110881596 0.807069922325184
0.299865833749689 0.791095670564412
0.268221338379117 0.805293923048286
0.268294318333481 0.805261244098049
0.272973380630408 0.803162168463281
0.34452967442479 0.771038640738371
0.281454458767972 0.799357804414327
0.292799695172878 0.794266571178107
0.276760097394764 0.801463624198349
0.271889791378021 0.80364807005878
0.261273048211513 0.808410697293628
0.273096395558456 0.80310731353925
0.269364019499618 0.804781383135304
0.275488016988871 0.802033829278515
0.2807640784996 0.79966721529322
0.26251189754438 0.80785506048502
0.271250087667941 0.803935182201377
0.273948335543355 0.80272503828704
0.270548306395496 0.804250660332177
0.302547572479538 0.789889688884758
0.278235874670624 0.800801044821716
0.261273048211513 0.808410697293628
0.34059371123922 0.772806407323824
0.276067007605803 0.801774618255135
0.27720767208573 0.801262411587232
0.260227425531969 0.80887968897251
0.264262110881596 0.807069922325184
0.283924922763521 0.798248890069758
0.295853104802933 0.79289601198394
0.270389281334351 0.804321722067115
0.267419085867944 0.805653822989802
0.26554696775708 0.80649352992504
0.266591727544491 0.806024922273533
0.292803407703436 0.794263846417156
0.262653316941836 0.807791617879246
0.337605746417722 0.774145760755454
0.282157613412516 0.799042067919633
0.28278993146326 0.798758043468406
0.2739259993067 0.802735196261635
0.299865833749689 0.791095670564412
0.275487740466703 0.80203395306154
0.26533452038771 0.806588791130673
0.278440922277507 0.800708877296129
0.27842293842923 0.800717537901537
0.290693924079992 0.795210669091112
0.380890913678805 0.754677939022029
0.275330364288735 0.802104565559928
0.283086997778894 0.798625428476363
0.26677116421118 0.805944512948638
0.295911650065048 0.792869747956928
0.281454458767972 0.799357804414327
0.283849213189026 0.798282552509187
0.26554696775708 0.80649352992504
0.389676796280905 0.750719311507313
0.267481617024504 0.805625681043897
0.316548190814729 0.783604024374932
0.265977487506921 0.80630082918646
0.262512792348358 0.807854659271692
0.272137405982121 0.803537075825492
0.260227425531969 0.80887968897251
0.264407819748872 0.807004522175713
0.276642502787146 0.801516224505793
0.332074515255702 0.776633013708509
0.260227425531969 0.80887968897251
0.260198356893625 0.808892730387362
0.276642502787146 0.801516224505793
0.276951321929758 0.801377372447635
0.268850607127138 0.805011899196236
0.27924116626268 0.800350079853216
0.307652146294983 0.787600437772394
0.274065289735977 0.80267254115373
0.29325764269417 0.794061064952695
0.294768466033693 0.79338191147031
0.338253705907762 0.773854012060109
0.26506452586421 0.80670991039456
0.284681970409715 0.797909341595634
0.283849213189026 0.798282552509187
0.27720767208573 0.801262411587232
0.307650569115913 0.78760114721728
0.310275422107009 0.786422461027011
0.279583393167261 0.800196503292716
0.280234532434158 0.799904845830985
0.269448770470277 0.804743342629877
0.351418197140254 0.767935222181182
0.266303258727743 0.806154661466752
0.286441274250016 0.797118965099127
0.3484246155115 0.769281279144746
0.27720767208573 0.801262411587232
0.260715304238046 0.808660875798854
0.270977096240166 0.804058010246418
0.282817514337947 0.798745826475057
0.289332190080263 0.795822116442513
0.27484632163277 0.802322198380631
0.271259194761335 0.803931096775185
0.281820877624925 0.799193288977691
0.275488016988871 0.802033829278515
0.276951769740977 0.801377186148914
0.394027859093237 0.748761569828973
0.267524826592922 0.805606240325328
0.2646042646318 0.806916395650301
0.294734694531601 0.793397121409023
0.284692367141283 0.797904664289707
0.264874329850683 0.806795312326047
0.267451991391761 0.805638967638146
0.268911217237491 0.804984329896207
0.269966325203543 0.804511176795823
0.262401939606996 0.807904239366658
0.263509879872636 0.807407468437269
0.287020876807395 0.79686049323505
0.275229178322244 0.802149862324053
0.26251189754438 0.80785506048502
0.274510827972258 0.802472028860339
0.286609283084784 0.797045668662858
0.334764596891876 0.775422154655701
0.279763686573716 0.800115854085894
0.262366297896067 0.807920226690137
0.276951715449475 0.801377210464274
0.26506452586421 0.80670991039456
0.273187270046772 0.80306619562974
0.280552369204503 0.799762067053427
0.295853104802933 0.79289601198394
0.3484246155115 0.769281279144746
0.262629875889637 0.80780215154039
0.270977096240166 0.804058010246418
0.264407819748872 0.807004522175713
0.285706184451001 0.79744982074911
0.279235760150768 0.800352452249551
0.271835007536493 0.803672731977852
0.314872312554457 0.784359475958004
0.278413976535518 0.800721178893721
0.269966325203543 0.804511176795823
0.260198356893625 0.808892730387362
0.262265913570587 0.807965282972193
0.260197916638084 0.80889292784896
0.304426057391577 0.78904741195596
0.26990840053621 0.80453715957184
0.282640343646061 0.798825161542107
0.284681970409715 0.797909341595634
0.269910613391048 0.804536401374424
0.27413770838107 0.802639761595046
0.316505826940851 0.783623628236125
0.27384839914636 0.802770152548763
0.289332190080263 0.795822116442513
0.277605478560365 0.80108366462772
0.259842076108694 0.809052507314369
0.288286056809503 0.796291793827639
0.260448964134291 0.808780263703706
0.268545145303525 0.805148492218308
0.281509363965812 0.799332731904746
0.26506452586421 0.80670991039456
0.292851336833815 0.794244210760449
0.268549019521005 0.805146754745622
0.264385805580971 0.807014398218681
0.270364276612337 0.804332423618526
0.26148767970496 0.808314378706541
0.273948783938074 0.80272455283163
0.280234532434158 0.799904845830985
0.272137405982121 0.803537075825492
0.280216895967798 0.799912613695408
0.259335238083147 0.809279846010212
0.30780996016364 0.787530330061592
0.275398653614283 0.802074455442412
0.259335238083147 0.809279846010212
0.272137405982121 0.803537075825492
0.277499880794908 0.801131282558434
0.293066612715999 0.794146612822093
0.318021645052513 0.782943475557337
0.275652113409156 0.801960750806578
0.267596963644865 0.805574002097505
0.269041320947594 0.804926097776339
0.263458318082023 0.80743048179609
0.275599136583237 0.801984748992711
0.26776976722779 0.805496509290349
0.283461615261127 0.798456198848386
0.332572085317649 0.776409348853436
0.265704167698605 0.806423153590362
0.290595659709745 0.795255600904852
0.269490035468093 0.804724866193102
0.335320769301821 0.775172427293965
0.288510575887623 0.796190701158901
0.334764596891876 0.775422154655701
0.30602180795511 0.788330002826214
0.271615127427099 0.80377204034107
0.359005167632312 0.764527507994823
0.2592569916104 0.809314955203602
0.372434048245078 0.758480948765868
0.275136212298501 0.802192436094247
0.2592569916104 0.809314955203602
0.270097592660814 0.804452241952977
0.268249166276105 0.805281280974432
0.264385805580971 0.807014398218681
0.26533639808833 0.806588098389503
0.288695627508413 0.79610772444322
0.381001289395969 0.7546307773463
0.267451991391761 0.805638967638146
0.268401247845277 0.805213130976109
0.355712965567973 0.766005433488968
0.278436447509957 0.800711098146281
0.268776379408558 0.805045009363172
0.286796400595679 0.796959982399271
0.259306247814665 0.809292844997958
0.261482089101351 0.808316886503733
0.359005167632312 0.764527507994823
0.26566209301524 0.806442031019954
0.262872896611786 0.807693064577719
0.26739980004704 0.805662386802018
0.274460041585229 0.80249564907977
0.263968547906946 0.807201697965638
0.259253074864998 0.809316711918157
0.281617848130527 0.799282989200803
0.2814540935308 0.799357866283449
0.266059167370521 0.806263927047779
0.276212849017069 0.801709188722195
0.296798332794021 0.792471373569467
0.262629875889637 0.80780215154039
0.269568892150966 0.804689664007259
0.269012065488746 0.804939269519394
0.280234532434158 0.799904845830985
0.354681114802976 0.766469951527158
0.297830710204706 0.792007087488581
0.27487728753679 0.802307924095592
0.268056025646582 0.805368138710873
0.278854274919042 0.800524501663482
0.261022984973542 0.808522901476214
0.281709440338147 0.799242721211074
0.375217239662971 0.757234935619897
0.260505434290833 0.808755001511209
0.266830113908261 0.805918171981286
0.279235760150768 0.800352452249551
0.264073163754476 0.807154829920142
0.271615127427099 0.80377204034107
0.327877476605279 0.778517545669088
0.283936478159679 0.798243167581891
0.265023801596644 0.80672832185608
0.264477582614082 0.806973266261713
0.278348485835172 0.800751381776851
0.271784338385331 0.803696017906852
0.262624935351344 0.807804367664171
0.274995710070022 0.802254487904835
0.272493878183346 0.80337764401945
0.261709386308754 0.808214928533061
0.282585024914393 0.798849525703083
0.259433910360034 0.809235603924021
0.28982760322443 0.795600655078394
0.261022984973542 0.808522901476214
0.26717369994231 0.805763946578149
0.259534400273857 0.809190515209981
0.266830113908261 0.805918171981286
0.290092227243245 0.795481245620573
0.303969296851776 0.789253915642394
0.273094216849849 0.803108024205721
0.275281584512475 0.802126914929889
0.262717305698522 0.807762891862123
0.263462649418535 0.807428539215462
0.306249973433323 0.788228161445531
0.266464321424088 0.806082375873168
0.279672042170385 0.800156402198011
0.26793995828761 0.805420334963292
0.272226451578219 0.803497521751452
0.367716288955533 0.760606631920752
0.367573810202297 0.760670802104569
0.395136655475507 0.748253516205271
0.29927761483182 0.791358330769319
0.323278720669386 0.780582077039632
0.331458502742623 0.776906155419596
0.299116065224278 0.791430490060897
0.330442478486769 0.777362637423266
0.298039419489287 0.791914089808931
0.323278720669386 0.780582077039632
0.319281848198381 0.782376615609872
0.295494474966233 0.793057164703464
0.323442380618196 0.780508473931517
0.330442478486769 0.777362637423266
0.299857028302766 0.791098218075537
0.298065364421931 0.791902444553817
0.306268446851262 0.788218950746061
0.37344781733561 0.758024556111069
0.323442380618196 0.780508473931517
0.294741436259357 0.793395979277336
0.299891937189506 0.791082553074469
0.299764813733672 0.791139598434558
0.297846263468165 0.79200196245439
0.312707579513022 0.785329267342591
0.323418676927304 0.780518959934005
0.30119850735078 0.790496330413752
0.296304196644572 0.792693698132859
0.362540497459518 0.762936031946218
0.297846263468165 0.79200196245439
0.303230272660765 0.789582454903796
0.297268507841681 0.792259848253597
0.306268485103304 0.788218933573798
0.333033349739187 0.776202138582705
0.354323160129911 0.766631728218857
0.297268507841681 0.792259848253597
0.320704501184106 0.781737455503146
0.306268446851262 0.788218950746061
0.295494474966233 0.793057164703464
0.371937025606411 0.758707398525176
0.295494474966233 0.793057164703464
0.318501232686082 0.782726888368287
0.296192614652385 0.792742529648748
0.375859625620356 0.756938324324873
0.297223659686917 0.792281009204641
0.396748998417031 0.747528036258963
0.377475505407417 0.756217128705364
0.386581273276336 0.752119949404128
0.384863257283596 0.752888993458028
0.306316360304814 0.788197636949059
0.290578996223158 0.795264469586312
0.303944068468704 0.789263032802307
0.303706662224676 0.789371132783841
0.375449075353315 0.75712314479661
0.297223659686917 0.792281009204641
0.298240274160213 0.791823824869028
0.29405382019329 0.793703461615099
0.30270196978742 0.789820951601191
0.395214982855667 0.748218396036163
0.386581273276336 0.752119949404128
0.284432645239747 0.798021141510026
0.299321723641245 0.791339733552658
0.324285999942549 0.780128496917384
0.29405382019329 0.793703461615099
0.311919196129486 0.785684117868233
0.323314338363093 0.780566079545639
0.289116601452647 0.795918540870163
0.377475505407417 0.756217128705364
0.295051411605758 0.793255681413496
0.394429883126356 0.748572028763374
0.387238090258145 0.751817538440842
0.290578996223158 0.795264469586312
0.339358387089436 0.773359071340111
0.393059568107176 0.749190668524713
0.326144389279107 0.779295364664026
0.307100113358734 0.787847225841592
0.29405382019329 0.793703461615099
0.291597540829444 0.794805111926222
0.285722644219971 0.797442723678014
0.388291085925833 0.751341926516273
0.298304474655566 0.791795699000639
0.376170116006074 0.756798575275107
0.289137570058749 0.795909130341273
0.291574109971355 0.794815627611365
0.287675855063154 0.796566101824267
0.393059568107176 0.749190668524713
0.32123739216271 0.781498064260101
0.387136427489871 0.751862219044973
0.313262596064352 0.785078460816917
0.375382112645649 0.757153289459823
0.296637850527154 0.792544240225203
0.287675855063154 0.796566101824267
0.291673970263261 0.794771093229785
0.373434652322391 0.758035700861329
0.39206131530223 0.749639500286816
0.287532687346441 0.796629965529743
0.296344287912285 0.79267578986004
0.313256020463309 0.785081413241172
0.385300285425517 0.752692626310471
0.324845114692778 0.779880653714406
0.333033349739187 0.776202138582705
0.28572264997342 0.797442721074265
0.39510645914184 0.748267333296708
0.39206131530223 0.749639500286816
0.335911263694595 0.774908697286034
0.295051411605758 0.793255681413496
0.29298581180446 0.794182116547285
0.284401352778551 0.798035182609292
0.287532687346441 0.796629965529743
0.286656664170311 0.797023417653428
0.292872248763456 0.794233888737326
0.386581273276336 0.752119949404128
0.291673970263261 0.794771093229785
0.364908395246709 0.761873035409137
0.289015531452877 0.795963900209409
0.303023395052574 0.789677796643473
0.32995943402813 0.77758152691482
0.283608798781789 0.798391046315408
0.29405382019329 0.793703461615099
0.277148346258984 0.801289729810329
0.303569151283391 0.789431889860905
0.291673970263261 0.794771093229785
0.33467820152149 0.775461590562747
0.292497313093101 0.794402397805458
0.337636990315568 0.774132124096856
0.29571819170321 0.792957211730592
0.333105924027485 0.776165996086209
0.296615874720294 0.792552387598628
0.302553712153208 0.789887935105988
0.29968328903841 0.791175494201008
0.293519729583828 0.793941868649405
0.280306654238828 0.799872589054943
0.279618754525906 0.800180742371485
0.333292492006408 0.776083073094634
0.29405382019329 0.793703461615099
0.301464379538309 0.790376831698742
0.286701326389682 0.797002013263689
0.320704501184106 0.781737455503146
0.276878639336578 0.801410748841967
0.285722644219971 0.797442723678014
0.281221765627737 0.799461652743655
0.287438970872821 0.796671605939827
0.280749434463832 0.799674411398601
0.277148346258984 0.801289729810329
0.319354289475346 0.782344790561349
0.320704501184106 0.781737455503146
0.287235047891568 0.79676298557269
0.29163454877227 0.794788490727964
0.393655047456681 0.748921033628481
0.284432645239747 0.798021141510026
0.298541343324393 0.791689484878173
0.276878639336578 0.801410748841967
0.294290678852197 0.793596895354406
0.329716774741646 0.77768990789205
0.29968328903841 0.791175494201008
0.303984630214895 0.789245710864969
0.289015531452877 0.795963900209409
0.276569677302771 0.801549407131239
0.284432645239747 0.798021141510026
0.278612473787579 0.800632248981279
0.333333717372238 0.776064547841618
0.328357722455825 0.778299627271463
0.279708005395907 0.800140828790274
0.283317466697905 0.798521448473656
0.28819627491287 0.796331853065743
0.322743421088363 0.780824028979578
0.293124101440969 0.79412138342979
0.298030428761368 0.791919032513369
0.290166674586511 0.795447248637817
0.279618754525906 0.800180742371485
0.326274079309334 0.779237037055195
0.300937424875323 0.790613364802473
0.28718250890288 0.796785976805802
0.315128374072941 0.784240996492966
0.270575840976476 0.804237809037548
0.299003389985316 0.79148148385753
0.281221765627737 0.799461652743655
0.269687134038155 0.804636549357221
0.320100921998894 0.782007493260425
0.293124075391531 0.794121395206412
0.297903571952785 0.791975306288411
0.305862617069577 0.788403053755775
0.319913343063616 0.782092480853946
0.32020870681867 0.781958913453091
0.283121325376053 0.798609446402989
0.303984630214895 0.789245710864969
0.288977073687032 0.795981402142649
0.311331064170106 0.785947473735011
0.312700008581029 0.785332471983803
0.29867681862832 0.791626838508479
0.29750016157422 0.792156112991051
0.288983431480476 0.795978585715346
0.301352629428961 0.79042670926509
0.299867744444344 0.791093390545401
0.333840753200522 0.775836680621473
0.305862617069577 0.788403053755775
0.296083743486713 0.792793075867092
0.300215986144262 0.790936387013791
0.276676461132992 0.801501100191208
0.307379473763509 0.787721690750929
0.279583214026756 0.800196704293235
0.276730382646112 0.801476678202228
0.270773075262126 0.804149365663571
0.278238781496599 0.800800031903211
0.275687479473268 0.801945178216292
0.299986794813564 0.79103986294484
0.284420905585454 0.798027045267446
0.320704501184106 0.781737455503146
0.289794563226578 0.795614870747179
0.307182223325125 0.787811376002697
0.276878639336578 0.801410748841967
0.275352673030521 0.802094973344716
0.326032723196637 0.779345212621139
0.297666527488701 0.792082077733691
0.270988894052841 0.804052632861201
0.313380409251433 0.785026434137692
0.313075111700984 0.785163756519237
0.277805952934943 0.800994366205592
0.284897117395705 0.797813516836317
0.296252705915472 0.792716451096354
0.301131915379662 0.790525418410434
0.296749145110798 0.792494585851548
0.319638378918444 0.782218531013203
0.318939141371697 0.782530011108025
0.279134743870945 0.800397915872319
0.279583214026756 0.800196704293235
0.277805952934943 0.800994366205592
0.270653396497092 0.804203039560909
0.285683697365629 0.797459854053355
0.288032847573403 0.796405313138519
0.274178919265055 0.802621232836762
0.313036354510173 0.785181730061184
0.270214803967354 0.804400176091767
0.298557021856429 0.79168104626991
0.308122601918465 0.787388736420742
0.284478774643314 0.79799981390556
0.302855839328759 0.789752608137246
0.303765482623795 0.789343992566977
0.277432183552085 0.801162034220347
0.322846419738954 0.780777425606974
0.30508732555761 0.788750484693673
0.280749434463832 0.799674411398601
0.289751196521453 0.795634361447381
0.287664167556221 0.796571083913619
0.276979589242057 0.801365270124699
0.279721115638375 0.800135627219112
0.285458173947029 0.797560634554705
0.27973027528748 0.800130622012315
0.312836858218234 0.785271322837754
0.28212997207217 0.799053659258173
0.289041684823504 0.795952442649279
0.313014261896919 0.78519165568989
0.326274079309334 0.779237037055195
0.317975781098284 0.782962779071624
0.269687134038155 0.804636549357221
0.28212997207217 0.799053659258173
0.279195072517212 0.800370883906496
0.286418010491542 0.797130433497758
0.28437532125573 0.798046079810445
0.271982370611245 0.803607318569839
0.283335359950622 0.798513725237518
0.328313607956079 0.778319845512304
0.287325111892878 0.796723176984613
0.279855225180969 0.800074642653997
0.269724076312259 0.804619971309023
0.283466312582661 0.798454145327519
0.283863953158836 0.798275269753127
0.290737817600696 0.795190939410656
0.298538959457632 0.791689784860799
0.279855225180969 0.800074642653997
0.276064956519019 0.801775378136719
0.270278487921135 0.80437110330873
0.276602700853355 0.801534615715823
0.330808125478909 0.777199874953896
0.324172778639231 0.780180750755898
0.287664075959779 0.796571115990035
0.311162598019454 0.786024278368271
0.314470030048851 0.784537537949831
0.308394840058788 0.787266465563582
0.270278010445447 0.804371952528964
0.324172778639231 0.780180750755898
0.280688075374219 0.799701932598756
0.311005607887918 0.786093967170904
0.274224319043453 0.802600867042696
0.295083582306264 0.793240894685048
0.299498267200962 0.791260307844423
0.286223622437531 0.797217643862623
0.281934676068643 0.799141359414834
0.283106172527602 0.798615317334472
0.303846111803082 0.789308710038558
0.295083582306264 0.793240894685048
0.283864405777678 0.798274989177777
0.271605300310557 0.803775883866891
0.273203597215485 0.803059224216334
0.274189137532666 0.802616674418623
0.308394840058788 0.787266465563582
0.292473354171586 0.794412374916443
0.30201572915994 0.790128760550281
0.285985989692312 0.797324034067815
0.278360872015117 0.800745118615822
0.290937747899017 0.795101866552079
0.269687134038155 0.804636549357221
0.283629246586823 0.79838130093267
0.273203597215485 0.803059224216334
0.27425188887975 0.802588525007279
0.270988894052841 0.804052632861201
0.29220962956735 0.794530401021135
0.287664167556221 0.796571083913619
0.277432183552085 0.801162034220347
0.291986733712455 0.794631924606516
0.305468288182343 0.788580186294938
0.292957256017382 0.794194504099919
0.309215506666766 0.786896630120571
0.269497983174171 0.80472148539322
0.278360872015117 0.800745118615822
0.269503292789506 0.80471910330969
0.279748307537406 0.800122911748047
0.27901009423979 0.80045367222024
0.327854699826065 0.778527208987261
0.294438722997571 0.793530098540773
0.270618147146041 0.804218993153102
0.27425188887975 0.802588525007279
0.322651630269852 0.780865410091249
0.269497983174171 0.80472148539322
0.287874214611939 0.796475558046745
0.290937747899017 0.795101866552079
0.277023013921207 0.801345600866155
0.303985316215136 0.789243730880806
0.281903289867794 0.799155096133186
0.303036202576437 0.789670961426881
0.302796898971982 0.789778050455695
0.338447957672866 0.773767570344741
0.284554354349008 0.797965514823804
0.270988894052841 0.804052632861201
0.266976192120021 0.805852701464572
0.273163313759035 0.803077380335431
0.288106506054206 0.796372465249226
0.283864405777678 0.798274989177777
0.311019384849137 0.786086020632487
0.284554354349008 0.797965514823804
0.271053995742448 0.804023426889798
0.279759152257715 0.800118101863671
0.295136049356177 0.793216395417385
0.350903192850454 0.768170216546637
0.280799723167658 0.799650569567096
0.288779399800728 0.796069578587938
0.315953054722656 0.783872285202368
0.373830149598039 0.75785763408333
0.301966886039658 0.790149986154152
0.274489991983554 0.802481843133682
0.293559752543391 0.793923603688922
0.331232402593065 0.777007853590702
0.339911180045684 0.773111233870415
0.281790717732262 0.799206445439915
0.301475432200727 0.79037142555616
0.267683217865592 0.805535600369307
0.270816181859763 0.804130081813367
0.329246815890526 0.777900416774743
0.314865297158789 0.784363673861217
0.277528843944224 0.801118371949655
0.280688075374219 0.799701932598756
0.266976192120021 0.805852701464572
0.273525493545731 0.80291471852273
0.306107810975862 0.788290917116404
0.285604628370946 0.797494685953766
0.266491442018711 0.806070129427246
0.274489991983554 0.802481843133682
0.27137095145694 0.803880953311008
0.320262348246294 0.781935906313758
0.308692992253867 0.787131135897011
0.285345023582451 0.797611171303205
0.306356300905064 0.788183244376108
0.282122339164102 0.799057803786962
0.267683217865592 0.805535600369307
0.310581337617403 0.786282885755742
0.299777237856416 0.791135080330724
0.330686520792309 0.777257272513935
0.330686520792309 0.777257272513935
0.36382692282868 0.76235783123731
0.365702812493126 0.761512628294757
0.365653608887261 0.761536433336855
0.3648619704864 0.76189241459088
0.305515720855649 0.788558733267976
0.277426679426689 0.801164356602967
0.365702812493126 0.761512628294757
0.277426679426689 0.801164356602967
0.307677234297682 0.787589714519296
0.36382692282868 0.76235783123731
0.287503003368193 0.796643415860391
0.334842457384697 0.775387919517785
0.297954372350076 0.791953038164946
0.277457110091638 0.801150703956148
0.329863362327928 0.777626945488444
0.286935133296658 0.796897691471086
0.317639020993029 0.783118214258336
0.360830340040771 0.763707133135886
0.277506495863358 0.801128548863089
0.274674756091431 0.802399117307755
0.297940561032152 0.791959982473506
0.376767415948326 0.756533222634126
0.360830340040771 0.763707133135886
0.295486063481389 0.793061402556639
0.278341333357253 0.800754145550925
0.275710310015614 0.801935005798017
0.297656008102225 0.792087913173208
0.278341333357253 0.800754145550925
0.274844150345099 0.802323346996944
0.285143873127733 0.797702431249321
0.278295589515466 0.800774667495306
0.371207821016487 0.75904172134418
0.278341333357253 0.800754145550925
0.275063904693033 0.802224417805947
0.295476922244424 0.793066146114319
0.323254592477058 0.780593992852848
0.29514270518515 0.793215646374753
0.327699379000126 0.778594895582524
0.275778202814241 0.801904570878388
0.29514270518515 0.793215646374753
0.371207821016487 0.75904172134418
0.284897455153054 0.797813254284623
0.300701394173142 0.790718445666029
0.308116172293574 0.787390630528918
0.283116564686278 0.798611258783877
0.286935133296658 0.796897691471086
0.307844111993215 0.787513023325153
0.366341309340759 0.761222761088524
0.267295781992645 0.805709530246358
0.27232049707331 0.803456112091701
0.275778202814241 0.801904570878388
0.288215171787465 0.796323394015193
0.266859281957691 0.805905162932503
0.286868538207921 0.796927611422022
0.287724496505911 0.796543596527988
0.268968193839324 0.804959325717086
0.275925955730943 0.801837825004714
0.27232049707331 0.803456112091701
0.296334079951503 0.792681425419773
0.307844111993215 0.787513023325153
0.300560334534531 0.790782399068794
0.298963634471646 0.791498913010291
0.271638263748852 0.803761988121392
0.279792457898496 0.800103350133914
0.268968193839324 0.804959325717086
0.262270949323955 0.807963097542431
0.266374186692423 0.806122698130985
0.267295781992645 0.805709530246358
0.262329510773737 0.807936826539869
0.292583491847049 0.794363225395975
0.298249321483437 0.791820186063016
0.262233919911914 0.807979728821105
0.285329531977401 0.797617859911874
0.284856882364525 0.79783121450335
0.267991686362146 0.805396942443484
0.282178248738983 0.799032977322376
0.288207738777686 0.796326729323708
0.275234556511686 0.802148996511202
0.273752860984778 0.802813235602991
0.262233919911914 0.807979728821105
0.285333863330172 0.797615915928972
0.296495044974973 0.792608913403588
0.262075644489138 0.808050719593409
0.286868538207921 0.796927611422022
0.262440251522218 0.807887157413934
0.273752860984778 0.802813235602991
0.285333863330172 0.797615915928972
0.285456803081574 0.797561157263052
0.315393147391365 0.784124352225523
0.268933971788632 0.804974822803576
0.268213197355222 0.805298067037435
0.262440251522218 0.807887157413934
0.286868538207921 0.796927611422022
0.263627165975825 0.807354885902574
0.273268643838427 0.803029954817066
0.283116564686278 0.798611258783877
0.267295781992645 0.805709530246358
0.315393147391365 0.784124352225523
0.263661384679242 0.807339538800431
0.262075644489138 0.808050719593409
0.262075644489138 0.808050719593409
0.273921210373749 0.802736980221388
0.267191007102151 0.805756374765031
0.288400307231731 0.796240584306325
0.267295781992645 0.805709530246358
0.281343268668127 0.799407720639407
0.262062753655899 0.808056501606972
0.296083124128387 0.792793341567764
0.263661384679242 0.807339538800431
0.324841308590252 0.779882781137177
0.262062753655899 0.808056501606972
0.261984594376191 0.808091555086753
0.286739997927283 0.796985393239028
0.282055109613747 0.79908819710215
0.296264076993314 0.79271191360431
0.281660232027166 0.7992651491131
0.276584704632618 0.801542410438794
0.267388337933774 0.805668015571554
0.358890951157172 0.764576337863179
0.29805780416488 0.791906088506523
0.271824736917872 0.803677806576206
0.289648860133873 0.795680654991028
0.267758272840972 0.805502243356364
0.261984594376191 0.808091555086753
0.263524333872215 0.807401005540963
0.302436866763415 0.789941989150614
0.263661384679242 0.807339538800431
0.280404857467918 0.799830059968669
0.263810557244 0.807272445554103
0.279003689388211 0.800457515587395
0.27370583954349 0.802833576156885
0.279735617633224 0.800128397614054
0.270956301051994 0.804067121601958
0.276131364959332 0.80174558635711
0.279540198544089 0.800217033465556
0.267632598377291 0.805558449793748
0.262019930054343 0.808075706783449
0.267560956564674 0.805590598483449
0.273706620302752 0.802833225678581
0.266314180987477 0.806149600596396
0.297945282044666 0.791959182370382
0.26118665933097 0.808449391514822
0.261984594376191 0.808091555086753
0.271926660768076 0.803631987225088
0.313944863062471 0.784771896884081
0.270601029007738 0.804227301797386
0.279540198544089 0.800217033465556
0.298877557556658 0.791538030883854
0.358454880764547 0.76477240934297
0.313944863062471 0.784771896884081
0.29920324575965 0.791392390246413
0.267122578936365 0.805787029272071
0.313944863062471 0.784771896884081
0.358698616550895 0.764660839460033
0.285960371891242 0.797336564081014
0.31009403514626 0.786503939240485
0.266314180987477 0.806149600596396
0.263623825222023 0.807356373585382
0.267273914321595 0.805719151180612
0.263810557244 0.807272445554103
0.331125749899331 0.777057914867097
0.311917651775058 0.785684832847715
0.264215738745278 0.807090662672113
0.283013159414942 0.798659500969581
0.291882928971924 0.794677551956216
0.263904887420768 0.80723020266923
0.317356663818498 0.783241597408684
0.317726650020622 0.783074484092238
0.272794964515199 0.803242307492801
0.277356213880611 0.801195750638398
0.264215738745278 0.807090662672113
0.272794964515199 0.803242307492801
0.269289353783743 0.804815295528858
0.286391299579525 0.797142144802257
0.294465242273225 0.793519197294546
0.271842816651936 0.803669380221145
0.278550554036422 0.800659973580816
0.317356663818498 0.783241597408684
0.312820698412036 0.78527709203206
0.266913569270052 0.805880779462916
0.305493863961119 0.788569235640388
0.261473156881715 0.808320884335724
0.313779093240801 0.784846370453879
0.336028339287805 0.774853846690812
0.271500031690014 0.803823149718351
0.261306383396307 0.808395690043546
0.270774545425194 0.804148976888915
0.312200836633224 0.785556000969905
0.313620512755405 0.784918006120511
0.313620512755405 0.784918006120511
0.265125975116717 0.80668254244085
0.261168577506674 0.808457501530882
0.261186102004257 0.808449641007976
0.306685539148788 0.788034190981101
0.278047967741989 0.800885797803674
0.268077281130917 0.805358959623583
0.36952814514434 0.759784770815979
0.272794964515199 0.803242307492801
0.270283625629866 0.804369356002937
0.261645931125037 0.808243398711893
0.270433376338451 0.80430248705909
0.313623809398131 0.784916532312671
0.268193991691634 0.805306657325933
0.26134433258529 0.808378633745473
0.276943614839246 0.801381110034355
0.264703906595205 0.806871739469872
0.261168577506674 0.808457501530882
0.266335448775669 0.806140052313655
0.264266952237093 0.807067871723457
0.272790125724691 0.803244475913744
0.261624549580003 0.808252989723268
0.267185893152167 0.805758606846884
0.274743615578787 0.802368297547037
0.270711950824531 0.804177065255029
0.265650573237813 0.806447223972957
0.265549698121732 0.806492583640809
0.276641884239711 0.801516762191579
0.261668141379319 0.808233435978391
0.264009052811513 0.807183687706223
0.267612100750505 0.805567536446093
0.262518880418313 0.807851919085027
0.274743615578787 0.802368297547037
0.298121565676456 0.791878859158109
0.264266952237093 0.807067871723457
0.305563053698291 0.788536510407096
0.262081779083613 0.808047969867357
0.270971493375584 0.804060683096581
0.26118598771915 0.808449744819386
0.302056176907755 0.79011021950439
0.260979534906175 0.808542304113615
0.268987386118593 0.804950771277939
0.278047967741989 0.800885797803674
0.362761785388184 0.762835566185236
0.297530962288144 0.792142717207606
0.260979534906175 0.808542304113615
0.265949828654043 0.806313208964656
0.303398161533041 0.789508345347128
0.262284707700132 0.807956921813393
0.262527608292884 0.807848022092725
0.261550573087022 0.808286138274921
0.300908200436311 0.790626194947191
0.276641884239711 0.801516762191579
0.262338826867814 0.807932648342424
0.367357707359403 0.760769183246119
0.276641884239711 0.801516762191579
0.260979534906175 0.808542304113615
0.280259733861029 0.79989327174829
0.263265332999869 0.807517180310989
0.269325865428672 0.804798949835666
0.273414259515656 0.802965559634636
0.296159223137372 0.792759407643899
0.267293406900432 0.805710349155056
0.262284707700132 0.807956921813393
0.266084809594076 0.806252481704978
0.305563053698291 0.788536510407096
0.260979534906175 0.808542304113615
0.267129294170019 0.805784028479651
0.287711005539743 0.796550263526645
0.260979534906175 0.808542304113615
0.287539221922501 0.79662651739043
0.29718518941247 0.792297415716709
0.269051433186941 0.804921948577262
0.284809911919716 0.797851523054278
0.29120789428683 0.794980378548062
0.261044197494884 0.808513301580229
0.270613012045453 0.804222027676077
0.263365425985267 0.807472283971437
0.308841177795424 0.787064614110104
0.268193991691634 0.805306657325933
0.260979534906175 0.808542304113615
0.366235231838914 0.761276085023947
0.300715674886056 0.790713058515906
0.265850298872142 0.806357860369254
0.27101291601601 0.804041962748706
0.260638934168466 0.808695069432572
0.332964361894465 0.776232130335732
0.28858664416602 0.796157759657215
0.26579704626247 0.806381741887986
0.265280310261345 0.806613425776242
0.261171650194473 0.80845611888108
0.364627336507933 0.761995202029559
0.268263971112069 0.805275272246301
0.332961247058093 0.776233519406303
0.267000236768424 0.805841551193088
0.261664007964191 0.80823526845328
0.296575209728032 0.792571775459418
0.3050697392748 0.788757274785491
0.273332987089458 0.803001388566467
0.312816979914456 0.785279642154075
0.265732688157539 0.806410286226484
0.333267520329002 0.776092041232417
0.260638934168466 0.808695069432572
0.274743615578787 0.802368297547037
0.272621252513126 0.803320580944191
0.260650343177433 0.808689946366348
0.298121581310461 0.791878622960376
0.294290397482722 0.793597774870224
0.263393341944787 0.807459759944291
0.285306448154728 0.797628612891101
0.364627336507933 0.761995202029559
0.267036693556531 0.805825195225339
0.260636137512896 0.808696323843995
0.285225904030357 0.797664630810776
0.277421425619785 0.801167145374261
0.26296679853862 0.807650974492948
0.260636137512896 0.808696323843995
0.266126722351664 0.806233619295623
0.26266549747393 0.807786120619012
0.267812513095621 0.805477477214863
0.27019763219128 0.804407498242501
0.27086217026892 0.804110052249847
0.280925676173088 0.799594746767414
0.262396675930848 0.807906616732058
0.320630088050545 0.781771508480772
0.27015148575025 0.804428609198155
0.261270010828115 0.808412017222008
0.266026447803651 0.806278522710051
0.270267680203846 0.804376363708179
0.260636137512896 0.808696323843995
0.300355623197714 0.790875135103216
0.358006595609671 0.76497224882218
0.35777049681897 0.765079016908763
0.267916182186388 0.805431103712668
0.263480278102156 0.807420772329994
0.285162629496058 0.79769296815659
0.268548783630993 0.805147533864332
0.260607918771857 0.808708986816705
0.268042393152579 0.805374678978386
0.264358319045642 0.807026969300524
0.385793246436192 0.752466191400929
0.275696423610215 0.80194079813185
0.260607918771857 0.808708986816705
0.280925676173088 0.799594746767414
0.354699000794216 0.766464372730888
0.260185316808054 0.808898540752254
0.285162629496058 0.79769296815659
0.26304461742134 0.807616275549769
0.26864746630954 0.805103004147744
0.272856265887267 0.803215480308243
0.274886855155329 0.802303734796133
0.269996015205588 0.80449820142102
0.269654405521696 0.804651288706133
0.301216766685945 0.790487351577236
0.360418289206728 0.763891581535051
0.26822716349799 0.805291771361314
0.364627336507933 0.761995202029559
0.260605942738662 0.80870986640695
0.274743615578787 0.802368297547037
0.275696423610215 0.80194079813185
0.295766721538757 0.79293541580068
0.311256324749624 0.785983341909791
0.266330358134104 0.806142584582837
0.280925676173088 0.799594746767414
0.269384168146954 0.804772488326424
0.274743615578787 0.802368297547037
0.296597014167822 0.792563504615058
0.262845465383503 0.80770530768049
0.266164072920572 0.806216659376725
0.273822381719301 0.802780792568869
0.266864749585964 0.805902851629478
0.265068882084322 0.806708251640338
0.37960046419237 0.755258763582496
0.356284897129125 0.765746654795059
0.268835346141966 0.805019108762447
0.320227599734552 0.781951839067658
0.328038400540844 0.778445084473985
0.392574062894607 0.749411044384962
0.270705012601605 0.804180653437773
0.356284897129125 0.765746654795059
0.327308141938906 0.778771571927537
0.349601203493739 0.768753703674453
0.320227599734552 0.781951839067658
0.294591851468124 0.793462152915819
0.263292981469638 0.807504751835222
0.320981450580601 0.781612847498525
0.292660911900873 0.794329010853152
0.269001061899728 0.804944198234191
0.279082992698866 0.800420994792604
0.26848442182983 0.805175667753897
0.385329696298914 0.752674749926102
0.27142973276537 0.803854840510937
0.273574033426836 0.802893151040909
0.260185316808054 0.808898540752254
0.380859628816326 0.754690682534219
0.288212358633257 0.796324698820512
0.26580002060674 0.806380325824565
0.27520315688928 0.802162048040922
0.349601203493739 0.768753703674453
0.269677565138801 0.804640409699291
0.314766096366618 0.784404245565447
0.263292981469638 0.807504751835222
0.268693211058172 0.805082267071326
0.380859628816326 0.754690682534219
0.364592206509533 0.762011522992513
0.332961247058093 0.776233519406303
0.367459829450298 0.760720973075409
0.317349224289568 0.783245437556921
0.274477966404182 0.802487379434441
0.265777072400786 0.806390612105245
0.317567907634447 0.783147695484086
0.2627857549481 0.807732242974306
0.263489300854013 0.807416725894464
0.277917715990595 0.800944591266093
0.269089016830285 0.804904634431098
0.270626148797541 0.804215585431756
0.277917715990595 0.800944591266093
0.261197791287709 0.808444410469752
0.34988644525055 0.768625869223175
0.268318207419259 0.805250934824058
0.274375773816982 0.802534310159483
0.259766844544622 0.809086248005014
0.265250362387461 0.806626966257553
0.291721629364616 0.794749511243654
0.264358319045642 0.807026969300524
0.260185316808054 0.808898540752254
0.273891659271668 0.802751247952981
0.262540029282452 0.807842448917318
0.265701388513042 0.806424505373761
0.328776838960977 0.778112965099177
0.288446737808969 0.796220820462318
0.269564981124354 0.804691267891523
0.295710022316564 0.792959152689672
0.31537619283634 0.784129386634524
0.273470073876496 0.802940073166158
0.290152938200136 0.795453949371294
0.270393029000589 0.804320052455264
0.262117007510441 0.808032106504288
0.269098698655699 0.804900350662914
0.291721629364616 0.794749511243654
0.280540064360659 0.799768239441575
0.332754333770508 0.776327181134862
0.269776799279485 0.804596257041228
0.264470716338382 0.806976304900204
0.274743615578787 0.802368297547037
0.265237365786525 0.806632474781425
0.269309940050743 0.804805866662822
0.26465629057175 0.80689311545551
0.263188212501102 0.807551789489952
0.268312858337856 0.805253546678302
0.350725637751266 0.768248584714418
0.275527770860148 0.802016539755835
0.331929442101545 0.776693685856952
0.267094296761605 0.805799946169032
0.264273530583836 0.807064715359552
0.26520925738097 0.806645053592304
0.350732737153104 0.768245309423044
0.261477141393378 0.808319154490807
0.275650150908598 0.801961629097009
0.259766844544622 0.809086248005014
0.262117007510441 0.808032106504288
0.275515069228956 0.802022236538594
0.262023579761697 0.808074006037219
0.268301616708826 0.805258087498775
0.350699858551889 0.768260097471508
0.376506726699785 0.756648533582908
0.269276322915456 0.804820927039553
0.270268915834463 0.804376005284423
0.26884644001629 0.805013773402908
0.261854883487626 0.808149710999045
0.263177218224841 0.807556672123722
0.291721629364616 0.794749511243654
0.291018032584458 0.795065755403185
0.322170108567328 0.781080679412696
0.266672868085684 0.805989077680713
0.268347426931449 0.805237549462012
0.349345521730941 0.768872238592456
0.331992289074242 0.776665406195803
0.275264618576749 0.802134630525732
0.269088957059391 0.804905376820652
0.269636793218747 0.804659508677517
0.376506723395398 0.756648534927573
0.264273530583836 0.807064715359552
0.265536602325832 0.806498048561511
0.321753222607687 0.781266913085815
0.277965591393584 0.800923234463773
0.32158913041952 0.781340880054724
0.264224141434463 0.807086881097086
0.260185316808054 0.808898540752254
0.274820538119755 0.802333537830528
0.262551733423521 0.807837239483372
0.321605883564143 0.78133258397789
0.266032882068031 0.806275780575136
0.376578835240773 0.756616043617302
0.298484779691167 0.791714353929324
0.271980715962582 0.803608299364858
0.376506723395398 0.756648534927573
0.277965591393584 0.800923234463773
0.263877895463466 0.807242201089022
0.263177218224841 0.807556672123722
0.274750315835894 0.802365250560227
0.259691315823343 0.809120122644709
0.265570694192952 0.806483139005886
0.377129924570503 0.756368112335941
0.261554451923989 0.808284477821274
0.269428617485573 0.804753082444821
0.350217380071515 0.768476530213252
0.259691315823343 0.809120122644709
0.334732259503718 0.775434526701103
0.290801977583663 0.795162255362208
0.259691315823343 0.809120122644709
0.273867121363412 0.802761654390996
0.260140213211256 0.808918779931189
0.276032078583525 0.801790678563121
0.265536602325832 0.806498048561511
0.2611422416251 0.808469307634612
0.273261875634903 0.803033879903358
0.276196036750436 0.801717141239363
0.27202753928179 0.803586822457251
0.259926511851911 0.809014631218358
0.291856100666537 0.794689169710792
0.268028029771225 0.80538086169905
0.263714978087106 0.807315286332152
0.280174790854842 0.79993315309882
0.376657431933167 0.75657954341001
0.260397251256502 0.808803475551163
0.266903423471788 0.805885680808433
0.281787792937665 0.79920751006301
0.26794141274469 0.805419616684927
0.318227199372776 0.782851469315992
0.263791306469503 0.807281035750045
0.265536602325832 0.806498048561511
0.261538182648299 0.808291774957627
0.273261875634903 0.803033879903358
0.263987640069213 0.807192971423224
0.266588575564413 0.806026729976785
0.266148252483785 0.806223667468811
0.259691315823343 0.809120122644709
0.327527576274354 0.778672484316652
0.28847166371018 0.796208491170354
0.259989421749515 0.808986420873869
0.280174790854842 0.79993315309882
0.291850519140699 0.794692178121162
0.285773871735545 0.797420986364332
0.325185949691695 0.77972443795064
0.260669162150192 0.808681553107441
0.267762467349107 0.805499544967985
0.268934457121035 0.804974012191019
0.271692928191211 0.803737442729356
0.269621243431546 0.804666366470483
0.265842763095677 0.80636071154547
0.263630775531964 0.807353045497743
0.325217263335217 0.779710342440111
0.285832627228159 0.797393583031393
0.295893009523744 0.792877858732747
0.317215928434231 0.783305337871447
0.286404464488011 0.797136139740702
0.275087347095516 0.802213965637586
0.259691315823343 0.809120122644709
0.279527090447049 0.800222306876999
0.27840302837607 0.800726589489232
0.271762338211219 0.803705182232735
0.265157512820723 0.806668287971527
0.27936964956515 0.800293145146559
0.307780228758075 0.787544440202555
0.323625269905316 0.780424637134141
0.316343976980049 0.783697067382778
0.268301326138551 0.80525845956308
0.263987640069213 0.807192971423224
0.270036951851448 0.804479891242494
0.325861465465017 0.779423058294616
0.266672868085684 0.805989077680713
0.333776727681224 0.775864648819701
0.276292791329534 0.801673806984468
0.264367559550547 0.807022624191765
0.332179111869793 0.776581523235
0.317216373378147 0.783305165408804
0.270389835890445 0.804321618296149
0.28673917050063 0.796985827360775
0.261163904450645 0.808459652861709
0.292682738269534 0.794317827476958
0.261554451923989 0.808284477821274
0.281468680878994 0.799350840549277
0.26508246003444 0.806702012928739
0.259691315823343 0.809120122644709
0.272776175831882 0.803250540681254
0.320310379685106 0.781915413002948
0.278558558405492 0.80065680495903
0.287919682038905 0.796456243142121
0.266631020702785 0.806007695243074
0.265062283917102 0.806710992089311
0.295750432288792 0.792941787582752
0.271066167028029 0.80401749509796
0.26926780693643 0.80482485056921
0.290907910885615 0.795116057848258
0.281644377970927 0.79927278875494
0.265079669808953 0.806703213500729
0.262781034148222 0.807734219202152
0.267762467349107 0.805499544967985
0.338443579483404 0.773769550902856
0.271066167028029 0.80401749509796
0.27181873047732 0.803680666848241
0.276010948491921 0.801800154994346
0.270333221554042 0.804346266214454
0.264367559550547 0.807022624191765
0.266543124732189 0.806046876448696
0.283395258590565 0.798486593885275
0.286677156910973 0.797014555529055
0.259711340096671 0.809111141293532
0.281100613104495 0.799516695257658
0.282821175029893 0.798744429249257
0.316690069854871 0.783541066532655
0.338449074746501 0.77376702201521
0.304895199145841 0.788836823461839
0.264417841701908 0.807000110367424
0.272776175831882 0.803250540681254
0.269206009014683 0.804852487331695
0.283598958270594 0.798394736903362
0.277588918896723 0.801092068366461
0.264430913098143 0.806994207567433
0.265813686386855 0.806373977437465
0.294508209116455 0.793498292262413
0.261009399827088 0.808528953865727
0.275652058698545 0.801961143133789
0.268629157751705 0.805111404011782
0.2787896365994 0.800553910264084
0.335156669023698 0.775246460207519
0.26486824317888 0.806798219248153
0.271446685081482 0.803847878191481
0.307780228758075 0.787544440202555
0.267978000648699 0.805403542034851
0.28832393366925 0.796274936988644
0.283500025327073 0.798439736029854
0.269168001904823 0.804869023641145
0.278949767287933 0.800481249179004
0.280836198678219 0.799634976822469
0.294078568455461 0.793692173470825
0.266631020702785 0.806007695243074
0.265888768423916 0.806340481324752
0.295704515365803 0.792962207646654
0.270333221554042 0.804346266214454
0.275024548418812 0.802241994182396
0.261169373384989 0.808457200965271
0.282910184805759 0.798703787210874
0.259691315823343 0.809120122644709
0.272883340527852 0.803202623651565
0.270058680717323 0.804469449623737
0.269168001904823 0.804869023641145
0.293208329061969 0.794082578048692
0.259761282384073 0.809088737615196
0.296056628280662 0.792802932772263
0.265046181383172 0.806718427703732
0.273069913766291 0.803118937529424
0.325861465465017 0.779423058294616
0.278064072428283 0.800877900857628
0.267978000648699 0.805403542034851
0.279346219604793 0.800303042533863
0.261870316050602 0.808142761992588
0.270058680717323 0.804469449623737
0.295704515365803 0.792962207646654
0.259691315823343 0.809120122644709
0.302686185844394 0.789828128544243
0.260564755084239 0.808728372647148
0.304650045283038 0.788946713000974
0.270181287975053 0.804414455256256
0.26486824317888 0.806798219248153
0.288466376362406 0.796211156621962
0.277597613420311 0.801087954255737
0.286574668996357 0.797059519639663
0.262711655455704 0.807765494740039
0.325636420289485 0.779523876345508
0.263954120317493 0.807208164268655
0.320573448797048 0.781798030962253
0.274455024726436 0.802497277192552
0.274391879789344 0.802525614542396
0.261870316050602 0.808142761992588
0.268375195139696 0.805225074026582
0.298449481443033 0.791730423551465
0.278305677912271 0.800770512862225
0.323284711343236 0.780576910626474
0.288084966479378 0.796380990183154
0.876902193628121 0.25357748125375
0.901490640100247 0.214033633286495
0.876696155092544 0.253908109812732
0.876696155092544 0.253908109812732
0.904639890631227 0.208962820571616
0.876696155092544 0.253908109812732
0.921174249815495 0.182342892731601
0.904263903654906 0.209567714245411
0.921294413307038 0.182149766435565
0.896877119273552 0.221452374199334
0.875337925957639 0.256092850592644
0.89668318532932 0.221768378618974
0.868725468518691 0.266721824552101
0.898341710650937 0.219094398602911
0.904263903654906 0.209567714245411
0.87230912645376 0.260969104711106
0.897558155457925 0.220356155997147
0.877331937533156 0.252886303876425
0.876696155092544 0.253908109812732
0.897462034953409 0.220510926923287
0.874946482714598 0.256720738334723
0.918283712359795 0.187000130813286
0.922014037246382 0.180989506751127
0.922014094967778 0.180989413780842
0.395700419223485 0.748012997649015
0.872685307871829 0.260359687469831
0.921898361281227 0.181176179113943
0.303745479118052 0.789354026245962
0.921898361281227 0.181176179113943
0.869099325266967 0.266130346719959
0.921658337631175 0.181562427888022
0.923200748632631 0.179078514301761
0.918951539048287 0.185922451453311
0.924783908824382 0.176529180389872
0.336631512644003 0.774581353115037
0.921716460984714 0.181470407196247
0.92518515872513 0.175882823292674
0.924583164203351 0.176851870785891
0.313120282447817 0.785144063346564
0.288346667978291 0.79626504165474
0.923059239118229 0.179306448570952
0.912914774846973 0.195640237462959
0.924788967765558 0.176521006589402
0.907207830473196 0.204827055020323
0.922343795884009 0.180459812506888
0.305909778272016 0.788382133230714
0.288346667978291 0.79626504165474
0.288346667978291 0.79626504165474
0.288346667978291 0.79626504165474
0.920298288005809 0.183752724744131
0.921943699968399 0.181104174519598
0.288099303100502 0.796376038710016
0.924815245039022 0.17647798110968
0.28814243992677 0.796356798527543
0.924955511201307 0.176252754901195
0.309557603674303 0.78674462066755
0.897989195282929 0.219661352242452
0.926734345515138 0.173387585821233
0.925225454976266 0.175817362438162
0.28804817547842 0.796398779525013
0.923200748632631 0.179078514301761
0.873396143754629 0.259216924127118
0.926734345515138 0.173387585821233
0.28804817547842 0.796398779525013
0.300782478517075 0.790684471074722
0.926734345515138 0.173387585821233
0.924583164203351 0.176851870785891
0.903497271073577 0.210798873444438
0.905685592266508 0.207276180648955
0.897961291603016 0.219706289980132
0.293637183292125 0.793891301103751
0.917324705529229 0.188542586566869
0.926734345515138 0.173387585821233
0.897989195282929 0.219661352242452
0.926128003172891 0.174363533318816
0.925615310390581 0.175189137960516
0.926734345515138 0.173387585821233
0.926734345515138 0.173387585821233
0.28803705324827 0.796403711051119
0.925262075209911 0.175758331332365
0.903497271073577 0.210798873444438
0.905201228168245 0.208055726100289
0.90572188413587 0.207217728508592
0.905747324570378 0.207177603973485
0.922863148412848 0.179621010349895
0.291040117467157 0.795055664861743
0.295989874350091 0.792834101877817
0.288034085655086 0.796405050767669
0.911315503636861 0.198214275560747
0.905822999742725 0.207055742003987
0.926472874846005 0.173808658447213
0.922863148412848 0.179621010349895
0.926734345515138 0.173387585821233
0.926734345515138 0.173387585821233
0.919590951780292 0.184892951048737
0.297310138634686 0.792241879259427
0.926734345515138 0.173387585821233
0.924583164203351 0.176851870785891
0.905201228168245 0.208055726100289
0.28803705324827 0.796403711051119
0.288580291212231 0.79616010526635
0.926734345515138 0.173387585821233
0.926472874846005 0.173808658447213
0.903497271073577 0.210798873444438
0.288580291212231 0.79616010526635
0.926896388161468 0.173126517469315
0.904579277548773 0.209056350421217
0.926896388161468 0.173126517469315
0.90307587543175 0.211477336392537
0.903497271073577 0.210798873444438
0.926796903061853 0.173286754218202
0.92689908761148 0.173122168868049
0.297310138634686 0.792241879259427
0.878054518420992 0.251725786582397
0.924564726485016 0.176881568895632
0.900718136289028 0.215271117195386
0.924556217279472 0.176895179835096
0.924855729080143 0.176413409388601
0.921210186011713 0.182284593311422
0.90046832667288 0.215673247099667
0.903664611142314 0.21052922091937
0.90043680207071 0.215724023688126
0.914140975686441 0.193669683634087
0.90307587543175 0.211477336392537
0.9277089945032 0.171817119182639
0.897738527188872 0.22007246610695
0.924636952892673 0.176765783148784
0.920961998566245 0.182684763478319
0.900912738551973 0.214956373663478
0.89875192258405 0.218432753844183
0.921924636315383 0.181135547692741
0.924822167143605 0.176467469408957
0.902249642141783 0.21280765111946
0.897029634479124 0.221203705128417
0.897029634479124 0.221203705128417
0.900634388045545 0.215404095125676
0.897029634479124 0.221203705128417
0.9277089945032 0.171817119182639
0.899747065336783 0.216832855176419
0.877974376976741 0.251855000001061
0.92356896015818 0.178486500117659
0.929318157927392 0.169225249715528
0.309982284932052 0.786554177708273
0.897220376422527 0.22089721366944
0.309653835740651 0.786701856968888
0.926887119804969 0.173141523127275
0.9277089945032 0.171817119182639
0.900912738551973 0.214956373663478
0.924855729080143 0.176413409388601
0.899050484088872 0.217953369676362
0.895695857465885 0.223356983263021
0.922861665212673 0.179625620003067
0.929318157927392 0.169225249715528
0.900932134178589 0.21492518413914
0.908650242753203 0.202510190959681
0.927241571888213 0.172570602906194
0.901116204155676 0.214629246578098
0.927177666674673 0.172672729749457
0.899346979798169 0.217481004371745
0.899309640743848 0.217536784949214
0.929318157927392 0.169225249715528
0.926575933425857 0.173642192338064
0.89590063013943 0.223020479206551
0.926177539557239 0.174283959468622
0.922969453495229 0.1794520015681
0.306799806478375 0.787982341237184
0.902679529019404 0.212112305188629
0.929318157927392 0.169225249715528
0.290655429657326 0.795229409182222
0.908235548974354 0.203175276762264
0.275834940374634 0.801878623451194
0.928672740571326 0.170264895648241
0.924855729080143 0.176413409388601
0.923373720155851 0.178799851240687
0.896499713095627 0.222055502466321
0.273662408368463 0.802853044952047
0.929318157927392 0.169225249715528
0.287099423392238 0.796824805853738
0.918411857459968 0.186790831267805
0.300408428629308 0.79085082124659
0.926177539557239 0.174283959468622
0.927241571888213 0.172570602906194
0.923373720155851 0.178799851240687
0.926177539557239 0.174283959468622
0.929318157927392 0.169225249715528
0.868780088663487 0.266630009154567
0.908649725396295 0.202511023736705
0.286773006725949 0.796970776267751
0.928672740571326 0.170264895648241
0.273662408368463 0.802853044952047
0.273879434722812 0.802755557364154
0.899111891796815 0.217854227354382
0.273423925886782 0.802960062420052
0.917696479195041 0.187940115604293
0.929497992292836 0.168935594152942
0.915812795817591 0.190973499239677
0.275834940374634 0.801878623451194
0.902521691901982 0.2123664058642
0.282681435640638 0.798807944225023
0.926177539557239 0.174283959468622
0.286773006725949 0.796970776267751
0.928672740571326 0.170264895648241
0.273597414273532 0.802882274185012
0.92872307193739 0.170183759054869
0.929497992292836 0.168935594152942
0.923407306817531 0.178745722176904
0.926179691310647 0.174280130428731
0.273670615610629 0.802849362135782
0.271383994675205 0.803875315872139
0.929497992292836 0.168935594152942
0.929497992292836 0.168935594152942
0.924829512494436 0.176455291057747
0.271383994675205 0.803875315872139
0.926522326960555 0.173728531649236
0.925817839980867 0.174862982210835
0.92862304549156 0.170344937243059
0.91746440453381 0.188314000014877
0.341786607004629 0.772264587508185
0.925551791263705 0.175291895341898
0.928671136564845 0.170267478464858
0.925903922251735 0.174724766863709
0.915691031714906 0.191169328775195
0.929497992292836 0.168935594152942
0.897328725227756 0.220722790498466
0.923373720155851 0.178799851240687
0.286243908554779 0.797208275933866
0.915812795817591 0.190973499239677
0.92862304549156 0.170344937243059
0.921002156359928 0.182620084705778
0.283108409400821 0.798614814591901
0.915691031714906 0.191169328775195
0.286852392008119 0.796935204063771
0.325178933363265 0.779731452043309
0.284974175669422 0.797777537311807
0.902521947721933 0.2123659945226
0.92949736004438 0.168936612463095
0.273707054496272 0.802833006050228
0.271383994675205 0.803875315872139
0.303759623104893 0.789347709856514
0.867261387967221 0.269061455761158
0.916913617665977 0.189206423565859
0.907774271343741 0.203918278602307
0.916913617665977 0.189206423565859
0.917135742579688 0.188847412820218
0.904225014209869 0.209626071824137
0.916984749509542 0.189088157639022
0.909048351459991 0.2018682900171
0.916674008162117 0.189588183643639
0.911966867487844 0.197168660160148
0.906803246982248 0.205480060553695
0.917723309541938 0.187902146962815
0.904225014209869 0.209626071824137
0.907774271343741 0.203918278602307
0.912494282718277 0.196318733842774
0.921170179699416 0.182349205754567
0.92189563735453 0.181181386336017
0.921173587615201 0.182343716095006
0.92189563735453 0.181181386336017
0.916673931194237 0.18958830756961
0.916893053579977 0.189236150911535
0.918444716383046 0.18673945274772
0.916735767893052 0.189488835069892
0.913387187298388 0.194880514006784
0.914542805238834 0.193020687774034
0.921170179699416 0.182349205754567
0.922787216751741 0.179745329893809
0.869058369453293 0.26618744466063
0.920304447033301 0.183743732518859
0.921566858804551 0.18170997831007
0.913387187298388 0.194880514006784
0.922787216751741 0.179745329893809
0.914322572914665 0.193375209127469
0.922787216751741 0.179745329893809
0.910415939270953 0.199666468073678
0.922787216751741 0.179745329893809
0.922085857584563 0.180875083534834
0.912350085593326 0.196551135505859
0.926858195307126 0.17318762799221
0.914096618420339 0.193739640450962
0.926858195307126 0.17318762799221
0.926858195307126 0.17318762799221
0.926858195307126 0.17318762799221
0.913387187298388 0.194880514006784
0.922787216751741 0.179745329893809
0.914398115954534 0.19325289893207
0.899372620315151 0.217439016936242
0.921566858804551 0.18170997831007
0.923053293246049 0.179316716542375
0.923053293246049 0.179316716542375
0.926435702835289 0.173868119723694
0.923053293246049 0.179316716542375
0.927178027782295 0.172672459515236
0.912456937193914 0.196378904440897
0.927178027782295 0.172672459515236
0.925497804573727 0.175379027548297
0.914398115954534 0.19325289893207
0.927178027782295 0.172672459515236
0.927178027782295 0.172672459515236
0.927635527681707 0.171935587772004
0.917478697565607 0.188293685261389
0.921504121964345 0.181809926029973
0.908766736978873 0.202319993136301
0.927584689940812 0.172017468162726
0.92674412698218 0.173371404924462
0.900700110154655 0.215305887207253
0.927239466162948 0.172573537165885
0.926935918140651 0.1730623115264
0.926889253960209 0.173137525975624
0.920369608526249 0.183639497982729
0.921497864150842 0.181820002865357
0.917736187698291 0.187878485380719
0.923243456785088 0.17901031736105
0.921399667853103 0.181980194965304
0.302153281631156 0.790069874150609
0.302153281631156 0.790069874150609
0.301173687137189 0.790507371861686
0.311892040543454 0.785698794702774
0.291340253357397 0.794922344793835
0.306014390537898 0.788335036719319
0.345384064924573 0.770653602833164
0.325170143241204 0.779731659995962
0.299485836235316 0.791264782988796
0.3074537083275 0.78768662474512
0.293115574058575 0.794125456032799
0.318232918622748 0.782847441065904
0.302315910153567 0.789994175369644
0.307641176787809 0.787602427643156
0.307960715565979 0.787458929642538
0.303424115117126 0.789497967517102
0.30720326029333 0.787800815776928
0.310934508674842 0.786126513550826
0.30720326029333 0.787800815776928
0.299382460115538 0.791311546733509
0.324333500782691 0.780106399754136
0.309832084296412 0.786620813471109
0.294583463477629 0.793467007735073
0.309832084296412 0.786620813471109
0.30814164261705 0.787380950901562
0.317081994492606 0.783364529957637
0.302376673985073 0.789967104477517
0.353240698406432 0.767116594995644
0.315557809148547 0.784047360736873
0.290364638509013 0.795359385061486
0.329392381436473 0.777837853473464
0.315557809148547 0.784047360736873
0.30793175567733 0.787475040518225
0.292734735820989 0.794296761865343
0.321403252387204 0.781423561646186
0.30814164261705 0.787380950901562
0.293620900456077 0.793897073936735
0.321524858049533 0.781368945151537
0.331305210326729 0.776977246257503
0.315515857601027 0.784066197428588
0.294780129333903 0.7933777401459
0.316794249890908 0.783494790119025
0.316262512917883 0.783730912943686
0.280532881339765 0.799772105462266
0.315515857601027 0.784066197428588
0.310962888962289 0.786111411652979
0.315515857601027 0.784066197428588
0.349944304865378 0.768598936074564
0.315856669768038 0.783914734715558
0.314289517373951 0.78461770533523
0.321403252387204 0.781423561646186
0.302475877871443 0.789923269840366
0.312800098921863 0.785288993242499
0.345710136054177 0.770502962745074
0.316994325721147 0.783403104018254
0.28353691118169 0.798425089645673
0.315811231615429 0.783935129712923
0.326787806855581 0.779007991470211
0.303211969478996 0.789591375513998
0.324779040570898 0.779905089935123
0.293415597761845 0.793991693114862
0.321030127802798 0.78159420671618
0.32424352577975 0.780145599561538
0.31359996954367 0.784928598377101
0.320547849598588 0.781806213519953
0.318548799325959 0.782705809796096
0.316994325721147 0.783403104018254
0.275520836853403 0.802019798702773
0.312769270245068 0.785302514510739
0.326787806855581 0.779007991470211
0.29467770538669 0.793423206662006
0.316633222744721 0.783567271288154
0.306702159159404 0.788025405586696
0.336198257567275 0.774776229306294
0.342050106879376 0.772150809856296
0.320547849598588 0.781806213519953
0.302362084486094 0.789973742496016
0.315805224376089 0.783936865837446
0.273576858451986 0.802891933277105
0.29196715594752 0.794640621734771
0.270694438145329 0.804184688757557
0.312499482881356 0.785423203682241
0.297101532581849 0.792335417485448
0.301808062498084 0.790222301870427
0.306702159159404 0.788025405586696
0.318625309700934 0.782671458798888
0.282221536738293 0.799013834123543
0.330025879536585 0.777548328590382
0.31793019798551 0.782981912267036
0.312499482881356 0.785423203682241
0.305779284006501 0.788440514195891
0.28556723358234 0.797511964268002
0.292848512516105 0.794244693560615
0.339394839705122 0.773344978588639
0.326044949075644 0.779336225758369
0.301427704374248 0.790392974953652
0.270051616624305 0.804472756376936
0.291582526931153 0.794812803288109
0.320880848909834 0.781658151927924
0.292497684422465 0.794402097419671
0.318482787350933 0.782735626598802
0.311120970870196 0.786041166117958
0.339786228137594 0.773165078843563
0.342050106879376 0.772150809856296
0.321014268007612 0.78159612875988
0.309075751138878 0.786959420168711
0.311451756266466 0.785891835517388
0.315643948316583 0.78400927137488
0.296422234592338 0.792641000268607
0.270694438145329 0.804184688757557
0.270051616624305 0.804472756376936
0.303380690113917 0.789516849547979
0.325010756254321 0.779804298774852
0.342050106879376 0.772150809856296
0.310660927293955 0.786247157189128
0.270051616624305 0.804472756376936
0.320519415808467 0.781820625661304
0.341136396266311 0.772560541825377
0.315691433381836 0.783987946535867
0.287032196742522 0.796855082891991
0.270051616624305 0.804472756376936
0.340925278890202 0.772652867282966
0.270160270989723 0.804424432642296
0.329475462921456 0.777795355502054
0.324660232844383 0.779961358136093
0.337476917824152 0.774202345107402
0.394164900816469 0.748703144809313
0.271988651145301 0.803603968704306
0.321014268007612 0.78159612875988
0.282248727543932 0.799001288196889
0.270353877040371 0.804337380078464
0.323108857330981 0.780658736477789
0.330025879536585 0.777548328590382
0.365800776740014 0.761471596010124
0.339213976898819 0.773422091258701
0.301962678740164 0.790154030060774
0.313700313946047 0.784882152334902
0.286038949004545 0.797301958446097
0.288961059329193 0.795990077190632
0.287295642585678 0.796736513636713
0.275847443866155 0.801872872122512
0.365805903515602 0.761469282397559
0.317961682221001 0.782968177864409
0.270080495044739 0.804459801269172
0.312279812535674 0.785520439824945
0.315265383214685 0.784180208515582
0.310660927293955 0.786247157189128
0.300868786235885 0.790643404103033
0.303603337746816 0.789416984489054
0.298116123128466 0.791879456925635
0.342068324143127 0.772140907023205
0.303661584582135 0.789392653380289
0.298460504607718 0.791725388152408
0.288788313164257 0.796066562980183
0.290438880854861 0.795325792108124
0.270739323595594 0.804164351332294
0.342351509625332 0.77201017526658
0.325904865312146 0.779398921913033
0.278044094300203 0.800887453379705
0.313700313946047 0.784882152334902
0.317898478431339 0.782996590111424
0.325255718301458 0.779693919894738
0.296334908595023 0.792680231040855
0.301962678740164 0.790154030060774
0.314891771498333 0.784346967756484
0.315683715594244 0.78399113615575
0.290027764974657 0.795511150942482
0.303357320860754 0.789527340476047
0.303380690113917 0.789516849547979
0.303476640344469 0.789474132556286
0.380463003310695 0.754869704327829
0.31695022206315 0.783422983789952
0.323108857330981 0.780658736477789
0.314891771498333 0.784346967756484
0.313700313946047 0.784882152334902
0.315194147203028 0.784216294415324
0.296137573199887 0.792769132834694
0.31555689224882 0.784047806488874
0.270739323595594 0.804164351332294
0.270607540606135 0.804223349166411
0.275157267613877 0.802182877562894
0.30936024284912 0.786830429697784
0.300030522298989 0.791019537631854
0.31913922516914 0.782441195390021
0.28597156209783 0.79732990525052
0.305495447025674 0.788566083601519
0.323061108793166 0.780680128213415
0.295821292634254 0.792908962064982
0.346544993370191 0.770128904525342
0.319272415490789 0.782381386255558
0.318431017803314 0.782757269448898
0.348791084149731 0.769117722082831
0.307699267021939 0.787577314209123
0.270871958272649 0.804104635624554
0.34581909496115 0.770453376139351
0.296137573199887 0.792769132834694
0.315476496475409 0.784083925783067
0.305495447025674 0.788566083601519
0.280583014197615 0.799748553275035
0.316883564814193 0.783452902304119
0.270216991778633 0.804398574015438
0.344865093321992 0.770883847188368
0.293914989900799 0.793765617200955
0.270056097934002 0.804470750209772
0.294871340093794 0.793335661535762
0.316518463041495 0.783616982343157
0.324896013585239 0.779856117092666
0.295969911269267 0.792843297290252
0.294168230630995 0.793652723836627
0.307699267021939 0.787577314209123
0.34913390103547 0.76896363751151
0.296314414924594 0.792688907743837
0.322520423952878 0.780921634652736
0.292981085267399 0.794185431439356
0.320173409885182 0.781975566768247
0.31404224712268 0.784728849891723
0.276432962929791 0.801609807852738
0.281877784839616 0.799167806485916
0.290152196283632 0.795455348580106
0.294690242170312 0.793416955381534
0.363673341339682 0.762423113566933
0.317964220735373 0.78296703670053
0.304445168419658 0.789039196659816
0.279098604627636 0.800414234751083
0.394164900816469 0.748703144809313
0.295170941546301 0.793201742604621
0.329415546534107 0.777823332302328
0.322624637946327 0.780875217347378
0.27145866261342 0.80384154169168
0.300964673659574 0.790601209994228
0.27236857262895 0.803433667752267
0.289950574761033 0.795545533698932
0.281683111751271 0.799254806121716
0.338217800880221 0.773868906386155
0.295969911269267 0.792843297290252
0.317405769218511 0.783218845087115
0.271827674912067 0.803675872862297
0.271172804107333 0.803971041623363
0.324382817364046 0.780084229377079
0.297907404967943 0.791972735525878
0.271732522124759 0.80371857557999
0.383250318626512 0.753613082489751
0.267541422304026 0.805598848981878
0.267694354691118 0.805530249053219
0.271869539602067 0.803657160479081
0.308772260839994 0.787097264356397
0.321055273183714 0.781579841347667
0.267541422304026 0.805598848981878
0.304356471363959 0.789078881902196
0.382170578907122 0.754098967386466
0.288218551973053 0.796322545796485
0.394164900816469 0.748703144809313
0.324896013585239 0.779856117092666
0.295969911269267 0.792843297290252
0.328785153709137 0.778108251241262
0.297753890959135 0.792041637998936
0.267289474024195 0.805712500458099
0.28904358821572 0.795952373714177
0.272495612129617 0.803376304932234
0.276305335940413 0.801667849474305
0.311510156182021 0.785867112605381
0.335319276331507 0.775174155951337
0.342411123383079 0.771987018011016
0.325273750828684 0.779685987753968
0.381781974524494 0.754273926158099
0.266235824763388 0.806184730151355
0.288828378996605 0.796048616971112
0.272597527875126 0.803330689084892
0.296613257666006 0.792554503270262
0.266275105715758 0.806167111250783
0.332765234624817 0.776318040700996
0.269773444698811 0.804597539343068
0.29471866334861 0.793405384767492
0.32227603355571 0.78103298744233
0.382170578907122 0.754098967386466
0.272957700431405 0.803169474623252
0.297906782238226 0.791973015228947
0.266235824763388 0.806184730151355
0.308920046808605 0.787028009152527
0.288828378996605 0.796048616971112
0.329415546534107 0.777823332302328
0.290727603802483 0.795195624618529
0.270216991778633 0.804398574015438
0.266235824763388 0.806184730151355
0.332765234624817 0.776318040700996
0.280348668791157 0.79985263084654
0.295008697350185 0.793275165186535
0.327308440443376 0.778770091020175
0.29471866334861 0.793405384767492
0.323257709868218 0.780593354789975
0.300642413280078 0.790746117550396
0.265706679486435 0.806422062677014
0.317031331652286 0.783387026580094
0.264376582860824 0.807018852292843
0.356339044062267 0.76572563954721
0.263169440844173 0.80756023430612
0.267752307454354 0.805504944237334
0.275770126097127 0.801907024154351
0.275735333480222 0.801923458580526
0.2729990787864 0.803150334788392
0.323257709868218 0.780593354789975
0.310278572099745 0.786419234943546
0.267064940035838 0.805812925399643
0.349240126374857 0.768913699295675
0.357919253322149 0.765016053533199
0.294482857650083 0.793511896691856
0.349278731883181 0.768896339781667
0.300752170702394 0.790696827009892
0.287118162135521 0.796817671091322
0.265288183718851 0.806609745004804
0.356339044062267 0.76572563954721
0.267207822702782 0.805748843220231
0.354353336987571 0.766618646715046
0.387791191536236 0.751564387378417
0.284429317624116 0.79802208073562
0.28448299703019 0.797997818394142
0.292694852348892 0.794315320401484
0.305592892788868 0.788523001874288
0.281879284492633 0.799166520648001
0.287207359689035 0.796775438371516
0.272608357444653 0.80332629825612
0.263170549198896 0.807559737105838
0.32684254995172 0.77898129448983
0.285784704487312 0.797415451795437
0.281879284492633 0.799166520648001
0.30556839607178 0.78853388586166
0.272174445449537 0.803520299921371
0.265376406811437 0.806570196753624
0.386854590302975 0.751986028201419
0.278617148145926 0.800629653274085
0.270440108706197 0.804298430123513
0.293129671402058 0.794117030291034
0.26821283296152 0.805298074719088
0.280493829086064 0.799788799569398
0.357579100489451 0.765166425271989
0.271771745345561 0.803701209866123
0.386389311610856 0.752200745077988
0.302616822239501 0.78985978930683
0.263169440844173 0.80756023430612
0.277205470963008 0.801263913767111
0.271867255299449 0.803658239277331
0.273331991439256 0.803002279471328
0.26316026112847 0.807564351133737
0.272123442769054 0.803543182238425
0.266303616828914 0.806154621516058
0.270465079680379 0.804287227707125
0.275427988793533 0.802061191306619
0.26316026112847 0.807564351133737
0.296738769315264 0.79249914163565
0.273551327843243 0.802902683477997
0.371161535712747 0.759061606475168
0.305302298264962 0.788654720889488
0.263160338712981 0.80756431633943
0.382029849447264 0.754162210084741
0.275427988793533 0.802061191306619
0.277289764730652 0.801225580778605
0.285295010865352 0.797633454196777
0.344542958221269 0.771028141139574
0.266052534025947 0.806266853025352
0.305874680288831 0.788397485804272
0.275752653277056 0.801915218921942
0.293970227910476 0.793741056341001
0.271771745345561 0.803701209866123
0.266646933245687 0.806000320345435
0.287525110726928 0.796632880634435
0.278873349536324 0.800515116388356
0.26821283296152 0.805298074719088
0.337398427598925 0.774236422264641
0.26925122861863 0.804832657528593
0.321027906393384 0.781594944099024
0.266643913077531 0.806001675115272
0.344542958221269 0.771028141139574
0.270695870864352 0.804183691019925
0.386143606979791 0.752314439734797
0.263184866802603 0.807553309302246
0.384726800225898 0.752951061055273
0.273395102183858 0.802972717564564
0.38649650090001 0.752147317592852
0.273056959915953 0.803124645762954
0.267092978328116 0.805800244420485
0.278638746639151 0.800619961349335
0.267938814361576 0.805420952580972
0.263186469369852 0.807552599529475
0.273056959915953 0.803124645762954
0.333836800638091 0.775838887375746
0.302025314656209 0.790123808844737
0.345997200972517 0.770375143448678
0.354353336987571 0.766618646715046
0.26316026112847 0.807564351133737
0.369351391806548 0.759869589991586
0.302302622819746 0.790002469056901
0.386879567615628 0.751974780526579
0.278617148145926 0.800629653274085
0.26821283296152 0.805298074719088
0.313773098091435 0.784851136670032
0.328002998030322 0.778460672257002
0.278138139945261 0.800846025435308
0.271266656189247 0.803927809504175
0.26456343185218 0.806935029614931
0.344017539616649 0.771263592066163
0.271009261763105 0.804043077224648
0.278073296994745 0.800874491804124
0.266814227760076 0.805925181580114
0.371618411145787 0.758850747059885
0.273724920588836 0.802826511204549
0.275270377823223 0.802132713709089
0.313733116720298 0.784869118449818
0.327573965802087 0.77865539146093
0.302226158362697 0.7900343311726
0.293970227910476 0.793741056341001
0.268546863508179 0.805148186611642
0.281562011286111 0.799309380672577
0.276515746577403 0.801573295913644
0.324518248735425 0.780028407578954
0.281365037384142 0.799397198429642
0.26316026112847 0.807564351133737
0.283128638774395 0.798605695803229
0.287194234988826 0.79678148721369
0.263786040657533 0.807283675204803
0.270465079680379 0.804287227707125
0.309836748995722 0.786618310059337
0.291854278901146 0.794690713116624
0.291368367235451 0.794910120045919
0.278617148145926 0.800629653274085
0.252779256760821 0.844332418826074
0.255160306566285 0.843091548346231
0.23467436019622 0.853634547209723
0.23467436019622 0.853634547209723
0.252779256760821 0.844332418826074
0.234914663685595 0.853500233804263
0.239468269719622 0.851158321522347
0.229404765321588 0.856345179177505
0.239822720660215 0.850976310564205
0.225199874357024 0.858509647740774
0.242742800885906 0.849487664916652
0.213872682069447 0.864326154753447
0.234914663685595 0.853500233804263
0.233182515312623 0.854401646179347
0.227728832963002 0.857202530033181
0.209856277371738 0.866388305478037
0.198039768179255 0.872458452887675
0.2106404676157 0.865983980034656
0.213872682069447 0.864326154753447
0.205524352332742 0.868612828302598
0.248223111036539 0.84666855711362
0.235421643812836 0.853249990762689
0.205524352332742 0.868612828302598
0.198039768179255 0.872458452887675
0.221170586061663 0.860574697345783
0.224225750615844 0.859000699198003
0.2106404676157 0.865983980034656
0.204989069044246 0.868887149447098
0.239053030086885 0.851384116723451
0.195395394076378 0.873816076799104
0.21864232031527 0.861870608862428
0.197920903506787 0.872519527471148
0.195395394076378 0.873816076799104
0.231658519938617 0.855185319818314
0.195395394076378 0.873816076799104
0.231658519938617 0.855185319818314
0.252762481424637 0.844332815046237
0.204081230220669 0.869353239028104
0.223327560146053 0.859469403545859
0.204081230220669 0.869353239028104
0.195462343545 0.873781699554087
0.194102842422911 0.874479496306701
0.22915519244934 0.856467336857087
0.254404857340568 0.843478037285556
0.233558038727636 0.854208145550941
0.237736813214787 0.852059265995358
0.204089868831986 0.869348800310583
0.206238705810987 0.868245815496785
0.204172959480837 0.869306153056244
0.236251872070951 0.852820261269077
0.194797748466299 0.874123675907413
0.233558038727636 0.854208145550941
0.210446201754653 0.866083261338002
0.203047306183073 0.869885908500256
0.252964775488923 0.844216787951291
0.194102842422911 0.874479496306701
0.192331058771961 0.875389150900829
0.193669049990799 0.874703594675881
0.21864232031527 0.861870608862428
0.189350197322348 0.876921329221035
0.235651684796073 0.853123235544192
0.198155231745788 0.872396854593352
0.211188254291351 0.865701998386983
0.194797748466299 0.874123675907413
0.203473920263704 0.869666022700313
0.249624989085485 0.845948885077479
0.203393388395176 0.869708199989891
0.198155231745788 0.872396854593352
0.20327790770814 0.869766556994185
0.873928918986843 0.258367702766204
0.194797748466299 0.874123675907413
0.193991825674335 0.874538008374708
0.193982295912224 0.874541738033356
0.239142098181292 0.85133454058195
0.22966978684902 0.856198552948717
0.206238705810987 0.868245815496785
0.210446201754653 0.866083261338002
0.212499609433629 0.865030666110219
0.200753840906597 0.871062519497357
0.193559374704292 0.874759399117763
0.873928918986843 0.258367702766204
0.206182857393017 0.868274528694153
0.190923861809273 0.876112288418193
0.203473920263704 0.869666022700313
0.232653629184854 0.854668441991299
0.208620054363175 0.867024571891556
0.223189317293016 0.859529663385234
0.212499609433629 0.865030666110219
0.22966978684902 0.856198552948717
0.196560848936883 0.873217778641653
0.207572398771767 0.867561995765588
0.208618847419481 0.86702519238157
0.212428531484348 0.865063860770059
0.202360268259397 0.870238597776402
0.190923861809273 0.876112288418193
0.189350197322348 0.876921329221035
0.205101106668856 0.868831575476567
0.192400623421455 0.875353787562883
0.236306767915151 0.852782983214359
0.229289659358281 0.856407154018847
0.189350197322348 0.876921329221035
0.198039768179255 0.872458452887675
0.189350197322348 0.876921329221035
0.205809105864201 0.868465085797244
0.200753840906597 0.871062519497357
0.208618847419481 0.86702519238157
0.189208971392796 0.876993853412643
0.229289659358281 0.856407154018847
0.236306767915151 0.852782983214359
0.244486155840971 0.848586347413436
0.19577368274106 0.873620401492731
0.191969028230454 0.875575515924534
0.196488248919218 0.873254156014902
0.21909522245572 0.861637332579135
0.204184368936446 0.869300329674115
0.239217986743517 0.851295331251322
0.207552407770296 0.867568782859001
0.198760378333985 0.872094347286861
0.189208971392796 0.876993853412643
0.209598622499876 0.866519123082328
0.189203660868681 0.876996580407563
0.191969028230454 0.875575515924534
0.229289659358281 0.856407154018847
0.20234977421317 0.870245653992785
0.877799596819618 0.252141467953326
0.227883080838566 0.857117389444609
0.240565962476411 0.850608772495868
0.209598622499876 0.866519123082328
0.249065628553624 0.846233642309958
0.228749710758691 0.856670381390902
0.193391406046619 0.874845671577701
0.877805187170368 0.252132460650641
0.21613277901115 0.863161919036288
0.213286520245766 0.864621262405006
0.203609959772656 0.869595392540156
0.235422535572696 0.853247430628617
0.195587379255428 0.873716132420834
0.189245387464402 0.876975137977807
0.206604216160267 0.868055812775293
0.23987570832304 0.85095365549175
0.195902535640601 0.873554880507235
0.190050998194749 0.876561396000309
0.198760378333985 0.872094347286861
0.19580822497318 0.873602652419547
0.199092566168792 0.871915995666293
0.232324600756212 0.854843131428043
0.211313055621015 0.865641467905527
0.195845920292954 0.873583968755679
0.204115851917509 0.869338561029895
0.189203660868681 0.876996580407563
0.200814064989353 0.871031087861752
0.199092566168792 0.871915995666293
0.199092566168792 0.871915995666293
0.19052967163178 0.876315483410754
0.190782065240344 0.876184985834861
0.903799905594735 0.210317882901354
0.199306312339195 0.871806524900226
0.190068604495587 0.876552351903014
0.189203660868681 0.876996580407563
0.204115851917509 0.869338561029895
0.189240175955828 0.87697783003787
0.255070163547064 0.843135840940607
0.189600891105108 0.876792598996965
0.191894342560989 0.875615160282629
0.19318769267768 0.874949733394862
0.244250028204177 0.848699692074923
0.188981599217106 0.877110718698968
0.189203660868681 0.876996580407563
0.251825348323465 0.844808081738256
0.188981599217106 0.877110718698968
0.189532287009291 0.876827746360846
0.199092566168792 0.871915995666293
0.229513107761405 0.856283913543372
0.188981599217106 0.877110718698968
0.232067046285373 0.854974962934236
0.215987477224421 0.863239225311704
0.211908226088762 0.865334085652379
0.211313055621015 0.865641467905527
0.19567153014849 0.873674524354079
0.188981599217106 0.877110718698968
0.24286508147425 0.849412594660599
0.23047684943735 0.855782811199823
0.251825348323465 0.844808081738256
0.241873746662755 0.8499284743372
0.194030066664171 0.874523804081448
0.205162477721435 0.86880216445315
0.236844867032225 0.852506857069516
0.200670430406368 0.871107626184676
0.229892804850014 0.856087531687589
0.231768197455228 0.855118809923262
0.233273577608982 0.854348550842412
0.251628788378855 0.844903011837073
0.254527264022276 0.843419092704629
0.234741466281842 0.853594270835638
0.205804280247991 0.868468410611329
0.227905051491635 0.857108719891191
0.241600951495656 0.850068425332519
0.236632236818371 0.852616182201539
0.200670430406368 0.871107626184676
0.24216233357334 0.849770000625526
0.239468076813645 0.851163498058366
0.18891554481935 0.877145414505946
0.228874639109107 0.856614295437803
0.240668340959918 0.850544419538617
0.208315647983731 0.867179775808713
0.215182456091891 0.863649698942903
0.235947682817755 0.852979152885427
0.199951931387275 0.871475722912984
0.252458929191118 0.844491221291479
0.1917454665505 0.87568874745191
0.202674121624972 0.870078266222698
0.185430889519743 0.878940316715663
0.191384811340059 0.875874007585642
0.216987500038919 0.862726629063788
0.238552461474644 0.851629506959163
0.189647823076529 0.876767194044402
0.206139135358017 0.868296525760161
0.208456021590977 0.867105848089537
0.237916589847233 0.851964292481832
0.229892804850014 0.856087531687589
0.192278455923179 0.875414963844096
0.239468076813645 0.851163498058366
0.192523435644848 0.875290307342313
0.185430889519743 0.878940316715663
0.188981599217106 0.877110718698968
0.20702313648853 0.867841931089678
0.237260394661026 0.852293448683536
0.187427143766032 0.877911543644367
0.196859869776487 0.873065408449851
0.230716583103981 0.855659036057549
0.175336905685099 0.884120544477553
0.179333590359178 0.882068235380072
0.182870471939212 0.880252054194637
0.20933163100511 0.866657641714326
0.20702313648853 0.867841931089678
0.204188251321486 0.869299462996756
0.18346777742096 0.879944073182997
0.175336905685099 0.884120544477553
0.191300469748525 0.875921285001076
0.195598580226627 0.873711008577585
0.188907624287667 0.877148515764269
0.199520410608743 0.871697371276947
0.182526607582073 0.880427710735227
0.199951931387275 0.871475722912984
0.175336905685099 0.884120544477553
0.252537984120045 0.844440798342062
0.234236521160377 0.853855470381094
0.175336905685099 0.884120544477553
0.194673300838689 0.874187083994135
0.233992660454589 0.853979745091033
0.219250225547167 0.861561251931119
0.194441535279428 0.874306755317055
0.171465470910651 0.886108083310969
0.19939604659401 0.871762906262439
0.213455142563173 0.864538334389494
0.175390241318089 0.884093149429093
0.235851016590067 0.85303036047933
0.233024519589226 0.854481473478067
0.187269549375583 0.877989156541898
0.183293764745671 0.88003340720729
0.188659870991408 0.87727687496935
0.2230841398853 0.859580587504875
0.201493521846297 0.870687589462692
0.213457921214618 0.864535947819179
0.175398387101143 0.884088971043181
0.197159543998003 0.872910744240239
0.234253146299606 0.853848683202048
0.224440290959144 0.858895418634518
0.252537984120045 0.844440798342062
0.188659870991408 0.87727687496935
0.164740950469438 0.889561911318184
0.207166354283529 0.867769542784677
0.181685475059653 0.880860966890733
0.182805872389173 0.880282553350314
0.189552113209279 0.876818557207072
0.232272434342896 0.854869886914344
0.175398387101143 0.884088971043181
0.176808955827544 0.883364313058549
0.196751745012416 0.873118401252888
0.218346850190254 0.86202724275041
0.201549759659424 0.870655845677749
0.202897454116887 0.869964623587101
0.246516629796542 0.847543114796426
0.202390032746605 0.870219293156238
0.21629760771104 0.863078173742163
0.179524896952702 0.881969933492225
0.171465470910651 0.886108083310969
0.208440977458598 0.867109783631572
0.192273359527305 0.87541916351552
0.183954774466746 0.879693199853822
0.179333590359178 0.882068235380072
0.221381639553124 0.860461488067158
0.192273359527305 0.87541916351552
0.217309291501236 0.862554279028684
0.183954774466746 0.879693199853822
0.204188251321486 0.869299462996756
0.194030066664171 0.874523804081448
0.918336397943284 0.186912611456366
0.187269549375583 0.877989156541898
0.164476909040013 0.889697579754523
0.181685475059653 0.880860966890733
0.202063837147205 0.87039258293903
0.187269549375583 0.877989156541898
0.204474237496874 0.869148656817694
0.204474237496874 0.869148656817694
0.235245894899214 0.853338554942513
0.231080401561334 0.855481317796393
0.194470462231273 0.874287885406525
0.233792567853125 0.854085867720925
0.206425936877805 0.868145250580598
0.183890298910188 0.879731406148001
0.176814541520595 0.883361444453218
0.164693460856166 0.88958628070026
0.171273883261344 0.88620659088533
0.215213177774686 0.863630915686564
0.222166954097048 0.860058556691665
0.202167032577247 0.870339251824138
0.195438775800259 0.873799076518182
0.186566977005681 0.878353282971865
0.206665048645633 0.868022254371804
0.185495328999778 0.87890128375609
0.176814541520595 0.883361444453218
0.229528798936764 0.85627491395977
0.171273883261344 0.88620659088533
0.214793965269144 0.863848171682683
0.171262967065728 0.886212188303623
0.200870269271399 0.871000880664843
0.921166862418907 0.182355129617622
0.210360340052143 0.866128593323785
0.22379301825125 0.859230094785001
0.229528798936764 0.85627491395977
0.170217938240458 0.886748838680965
0.188237278645185 0.877491258844212
0.186612755612488 0.878327789903433
0.223114697479777 0.859575578595539
0.210360340052143 0.866128593323785
0.203578439363795 0.869614513845849
0.214793965269144 0.863848171682683
0.188237278645185 0.877491258844212
0.182679483970037 0.880348190099554
0.169632772989267 0.887049669076276
0.183231260122889 0.880063941732403
0.176860586870228 0.883337761369691
0.171262967065728 0.886212188303623
0.170724980782427 0.886488990200431
0.195544476990097 0.873736470941498
0.197103396259318 0.872938134035509
0.211306986341467 0.865645124102409
0.164476909040013 0.889697579754523
0.189394229175745 0.876896738913158
0.184478715850762 0.879423723324161
0.206786451282499 0.8679598639807
0.217133561134178 0.862655752521258
0.177818528171042 0.882845850800448
0.240821475361334 0.850470229166443
0.164898940465677 0.889480620050608
0.16453727086253 0.889666571247013
0.182527640153418 0.880425553473125
0.180063375217329 0.881692113248923
0.188312104820975 0.877455043608726
0.16945734476427 0.88713981023556
0.166970523196159 0.88841659512877
0.202167032577247 0.870339251824138
0.198769456615957 0.872084956945489
0.186453194401129 0.87841023904252
0.183954774466746 0.879693199853822
0.240821475361334 0.850470229166443
0.175390241318089 0.884093149429093
0.166970523196159 0.88841659512877
0.182121069389961 0.880634719055126
0.202982985389845 0.869925281403897
0.240821475361334 0.850470229166443
0.164476909040013 0.889697579754523
0.188796951694612 0.877205091857519
0.231617575239416 0.855192782496382
0.185844852740933 0.878722062855355
0.18401297171647 0.879662965512452
0.232611571139473 0.854681830591786
0.16945734476427 0.88713981023556
0.180120962924938 0.881662716621149
0.234966121806228 0.853470857101181
0.202021503685216 0.870409656896885
0.177328686380652 0.883097485653246
0.194305340617529 0.874382396686841
0.186068984703852 0.878607077264069
0.184266270469977 0.879532766046298
0.896923211967172 0.221379861661611
0.896923211967172 0.221379861661611
0.896923211967172 0.221379861661611
0.896923211967172 0.221379861661611
0.896923211967172 0.221379861661611
0.247679617155531 0.846949892209523
0.896923211967172 0.221379861661611
0.896934328448768 0.221361986994669
0.247679617155531 0.846949892209523
0.896923211967172 0.221379861661611
0.247679617155531 0.846949892209523
0.247679617155531 0.846949892209523
0.900055347304319 0.216340034724077
0.896578860468065 0.221934381415682
0.237598402285029 0.852134087976368
0.184461479013529 0.879434336679475
0.896924410675915 0.221377947019976
0.237598402285029 0.852134087976368
0.187157646226168 0.878048754878614
0.90022082446396 0.216073644571219
0.192976009209289 0.875061556375094
0.899252445730347 0.217631955361055
0.897075499358278 0.221134748878839
0.182545806343032 0.88042086076058
0.249193698191094 0.846165835660793
0.18681745939386 0.87822346512237
0.184936239379324 0.879190469007836
0.186537330287324 0.878372863486341
0.187157646226168 0.878048754878614
0.90022082446396 0.216073644571219
0.190402531211199 0.876385275405405
0.897095462648458 0.221102634573756
0.237598402285029 0.852134087976368
0.237598402285029 0.852134087976368
0.192976009209289 0.875061556375094
0.223167360787301 0.859543093547844
0.187157646226168 0.878048754878614
0.223167360787301 0.859543093547844
0.182545806343032 0.88042086076058
0.897507541239903 0.220437746829103
0.874560495833537 0.257336390251575
0.226719285921786 0.857719587491933
0.246760293755116 0.847422673247665
0.878058398553802 0.251714523985747
0.898217663878138 0.219296081976172
0.179733482172163 0.881865297367746
0.217013271583497 0.862707230444674
0.241784549385979 0.849988003097711
0.186537330287324 0.878372863486341
0.190145797107486 0.876513253073576
0.899077714270733 0.217913074770454
0.182545806343032 0.88042086076058
0.90022082446396 0.216073644571219
0.250288444665747 0.845595817042451
0.187117761965518 0.878067815798281
0.225034264298495 0.858583899421133
0.215187011479778 0.863645652901312
0.364451430569492 0.762073977278908
0.899887637186377 0.216609923919367
0.178567722355959 0.882464772567944
0.180712857234373 0.881362617558173
0.250288444665747 0.845595817042451
0.178567722355959 0.882464772567944
0.898670968291359 0.218566578612412
0.215187011479778 0.863645652901312
0.215187011479778 0.863645652901312
0.172087797004446 0.88579080447433
0.201718455771284 0.870564913807772
0.251186984642518 0.845145993541572
0.391216309671905 0.750023272393988
0.172008094967582 0.885831680945989
0.171944528982291 0.885864314255578
0.180712857234373 0.881362617558173
0.318847439726167 0.782571099378281
0.204545048834874 0.869122655019135
0.186483840076754 0.878394011778159
0.186878731357147 0.878190447018249
0.318847439726167 0.782571099378281
0.173477671628655 0.885077302565797
0.89708663346195 0.221119722085163
0.251186984642518 0.845145993541572
0.19057909254542 0.876290666006546
0.208084397080885 0.867294392613104
0.247787651673606 0.846880654914207
0.251526017553739 0.844958237692747
0.176067789443066 0.883748617498291
0.89708663346195 0.221119722085163
0.178567722355959 0.882464772567944
0.322834687494425 0.78078043752001
0.90158427158794 0.213878836348623
0.214203044608012 0.86415219146923
0.175365328902973 0.884107482168057
0.319293871807808 0.782370539447979
0.371261281741063 0.759014258266058
0.90158427158794 0.213878836348623
0.215924154902075 0.863265587883621
0.182618652911904 0.880383337282463
0.322643716781424 0.780866336078156
0.188700201283088 0.877256059685772
0.899887637186377 0.216609923919367
0.898410770094975 0.218987798619845
0.90203264440403 0.213156582193564
0.182618652911904 0.880383337282463
0.178329284263203 0.882586105282893
0.215187011479778 0.863645652901312
0.186483840076754 0.878394011778159
0.31907015244853 0.782471088559233
0.196495614099334 0.873250070261769
0.898410770094975 0.218987798619845
0.344652047604609 0.770980425448888
0.324198673918123 0.780168168738045
0.361300731530896 0.763493688987033
0.182618652911904 0.880383337282463
0.227222885493506 0.857454339718411
0.375934126990455 0.756904686147757
0.336282019712583 0.774740561841965
0.324198673918123 0.780168168738045
0.186483840076754 0.878394011778159
0.221095229245258 0.860615815583562
0.374663160444467 0.757478782233244
0.361300731530896 0.763493688987033
0.344652047604609 0.770980425448888
0.898537478862931 0.218780506373408
0.899603803831805 0.217068675319818
0.227222885493506 0.857454339718411
0.324198673918123 0.780168168738045
0.212690413292134 0.864935514372016
0.380437563884701 0.754880591761655
0.901138003242222 0.214594834837675
0.320788778694235 0.781699146150047
0.171944528982291 0.885864314255578
0.182618652911904 0.880383337282463
0.201605211457405 0.870623463896983
0.194758109048292 0.874146829473741
0.227222885493506 0.857454339718411
0.245198524243234 0.848216939246231
0.201378805139748 0.870741726787343
0.172688018290095 0.885482477150096
0.227272025071463 0.857429099952348
0.211938582274012 0.865313451510663
0.196495614099334 0.873250070261769
0.210242250594031 0.866193134599048
0.18835197958401 0.877437484459016
0.212690413292134 0.864935514372016
0.245198524243234 0.848216939246231
0.9016882867232 0.213709058986432
0.897054741507341 0.221171944526353
0.250408551779595 0.845529735560845
0.173385476853321 0.885124530129565
0.172575587627397 0.88554110162167
0.20635416536413 0.86818813872022
0.215187011479778 0.863645652901312
0.877450259333261 0.252692326283588
0.183749385850388 0.879802886577204
0.197307740635749 0.872834363880789
0.24485620549197 0.848392875383474
0.191620405510812 0.875758367802992
0.901511751529802 0.213993353869819
0.175989358696499 0.883788112414415
0.205606982351436 0.868569984493009
0.167695615989969 0.888046038163299
0.202160598325719 0.870340421655313
0.174495633911188 0.884554322946729
0.245198524243234 0.848216939246231
0.317053690181826 0.783378543789288
0.191036453693697 0.876061003285064
0.183749385850388 0.879802886577204
0.182618652911904 0.880383337282463
0.877450259333261 0.252692326283588
0.174495633911188 0.884554322946729
0.173105607461252 0.885268302256945
0.182148071496208 0.880625121902766
0.186483840076754 0.878394011778159
0.246494460768644 0.847546925111743
0.201378805139748 0.870741726787343
0.374700821727192 0.757461828249631
0.335426149279848 0.775121480833748
0.205606982351436 0.868569984493009
0.202441673780614 0.870195354465062
0.178567722355959 0.882464772567944
0.201057067159306 0.87090710504236
0.167695615989969 0.888046038163299
0.320788778694235 0.781699146150047
0.347201783475049 0.769828279099507
0.314337484081873 0.784598476212095
0.178260316440291 0.882621797369575
0.202441673780614 0.870195354465062
0.20635416536413 0.86818813872022
0.30552640888724 0.788554482056976
0.178264831195566 0.882619481228024
0.87757279237504 0.252495201353482
0.351849470617715 0.767741426601278
0.240367617558823 0.850699153796605
0.86941262820773 0.26560597806583
0.206306050335302 0.868212847940735
0.239979891451961 0.850898547495916
0.202441673780614 0.870195354465062
0.202441673780614 0.870195354465062
0.314337484081873 0.784598476212095
0.188708504145729 0.877254876078946
0.167695615989969 0.888046038163299
0.924242483292185 0.17740094688774
0.329688866501734 0.777700805358677
0.239979891451961 0.850898547495916
0.901477784792969 0.214048966757407
0.221111417239081 0.860598367792142
0.195621027779524 0.873704541957107
0.319715621888143 0.782180873162966
0.209420499278579 0.866611778628912
0.3163168919368 0.783709762144403
0.216452491046426 0.862997223934175
0.87757279237504 0.252495201353482
0.173269905497448 0.885184264264309
0.178716593622713 0.882387703654377
0.179069937268963 0.882204819321937
0.329688866501734 0.777700805358677
0.216452491046426 0.862997223934175
0.303356383946825 0.789528526246571
0.322043213182734 0.781135559764065
0.206754955651888 0.867978977142667
0.198996835251791 0.871974670986582
0.209420499278579 0.866611778628912
0.246703639494388 0.847439415282112
0.186562934657191 0.878353399116712
0.170266571648105 0.886726023229958
0.323399637827254 0.780527083873371
0.314286297003178 0.784619771254459
0.167695615989969 0.888046038163299
0.193139340373517 0.87497879047451
0.324198673918123 0.780168168738045
0.326716373827042 0.779034643876393
0.186483840076754 0.878394011778159
0.319715621888143 0.782180873162966
0.167695615989969 0.888046038163299
0.246494460768644 0.847546925111743
0.196595134857289 0.873207908179034
0.166761998178663 0.888525224163621
0.323596137672872 0.78044033517024
0.324047677675412 0.780235212551286
0.221482928079093 0.860407188029087
0.332045195647925 0.776643606134665
0.322043213182734 0.781135559764065
0.331363212081396 0.77694731919341
0.330976941328908 0.777122072655123
0.167382077283822 0.888207360111916
0.916848984957934 0.189309182612268
0.923577338927357 0.178472348475434
0.924069444823423 0.177679715084988
0.922408359412019 0.180354961949475
0.325839094685346 0.779431022388099
0.92406772138608 0.177682449785696
0.924242483292185 0.17740094688774
0.324047677675412 0.780235212551286
0.19337079992801 0.874859836827035
0.924242483292185 0.17740094688774
0.922408359412019 0.180354961949475
0.186953662598193 0.878157649131445
0.170266571648105 0.886726023229958
0.924242483292185 0.17740094688774
0.924242483292185 0.17740094688774
0.921272829284803 0.182184445045544
0.329078499357347 0.777975166742761
0.322760828043642 0.780813128623519
0.901144125202736 0.214589405510051
0.246703639494388 0.847439415282112
0.186449447918465 0.878415839401742
0.921279256264903 0.182173599654161
0.317053690181826 0.783378543789288
0.921272829284803 0.182184445045544
0.173869115362294 0.884876698733047
0.253645513759958 0.843865963786324
0.326716373827042 0.779034643876393
0.317053690181826 0.783378543789288
0.917885572114713 0.187639709498327
0.330059177962932 0.777536061320124
0.321006404533462 0.781600709519109
0.320585145407466 0.781790589989556
0.332045195647925 0.776643606134665
0.917885572114713 0.187639709498327
0.901144125202736 0.214589405510051
0.176954879600134 0.883291031654451
0.235290691012186 0.853313899981704
0.328392982149933 0.778283677052911
0.188437801734027 0.8773954097081
0.874635806041995 0.257220353814315
0.924242483292185 0.17740094688774
0.320585145407466 0.781790589989556
0.235290691012186 0.853313899981704
0.917885572114713 0.187639709498327
0.199602175297298 0.871655199214588
0.207860808705851 0.867411586973774
0.227404278705267 0.857367601135244
0.320630323669638 0.781769761831366
0.90620460172044 0.206440939197817
0.214951640617826 0.863763200118007
0.166761998178663 0.888525224163621
0.202751680933786 0.870036746558827
0.90173178417399 0.213643932142974
0.920099908385769 0.18407335323755
0.916615070252244 0.189685814095185
0.173869115362294 0.884876698733047
0.303305275243457 0.789551564941877
0.216024498419434 0.86321149567112
0.917839585631274 0.18771377737335
0.918116299324851 0.187269008671864
0.166761998178663 0.888525224163621
0.92406772138608 0.177682449785696
0.177434907679586 0.883041738540869
0.921302399264898 0.182136142959299
0.920099908385769 0.18407335323755
0.313756091573079 0.784858296748667
0.92406772138608 0.177682449785696
0.173869115362294 0.884876698733047
0.18834894495952 0.877438820331886
0.212529655314521 0.865008023688819
0.916615070252244 0.189685814095185
0.925643294208025 0.175144831856708
0.166467649548719 0.888676294656173
0.918722972718865 0.186291274115058
0.215256255880265 0.863607430258134
0.314298701876283 0.784616007014092
0.199551800409964 0.871684323297614
0.916231960676732 0.190302838453799
0.18834894495952 0.877438820331886
0.925643294208025 0.175144831856708
0.920099908385769 0.18407335323755
0.921226169802584 0.182259049575098
0.166467649548719 0.888676294656173
0.925639003739919 0.175151748585365
0.166467649548719 0.888676294656173
0.237816322525064 0.852004721883984
0.170052482415008 0.886835759914943
0.175200883837747 0.88418943241328
0.191000622145522 0.876077562397081
0.166698204527564 0.888557872527713
0.924060462456691 0.1776941419291
0.918722972718865 0.186291274115058
0.313756091573079 0.784858296748667
0.177434907679586 0.883041738540869
0.899021892635737 0.218006334279163
0.317133539040268 0.78334164718223
0.92087898333162 0.182818800353242
0.189184262581241 0.87700466407325
0.925397225650345 0.175541448240286
0.166467649548719 0.888676294656173
0.179491085240312 0.881991580144754
0.922975735702664 0.179441753477229
0.899021892635737 0.218006334279163
0.920014810266955 0.184211020819916
0.920014810266955 0.184211020819916
0.920014810266955 0.184211020819916
0.915779601043514 0.191029173871986
0.921612607481281 0.181637432695501
0.906850617543064 0.20540414307007
0.921612607481281 0.181637432695501
0.922203669143021 0.180685367966016
0.922213223578476 0.180669669905402
0.916781805450837 0.189415319589121
0.8742443177039 0.257852350086517
0.91643488176213 0.189972072785868
0.916529990876601 0.189822359376206
0.923323605094186 0.178881302891753
0.923355611304632 0.1788297322412
0.918179106891736 0.187164876869544
0.923355611304632 0.1788297322412
0.923228727817685 0.179034198787363
0.923355611304632 0.1788297322412
0.923355611304632 0.1788297322412
0.92269351710804 0.179896356862434
0.922774135512374 0.179765838760622
0.922005181675567 0.181004868459344
0.923356239349561 0.178828720119842
0.910539060368708 0.199468767675715
0.923356239349561 0.178828720119842
0.924896809747398 0.176346520597543
0.914683855228725 0.192791579894451
0.918285257612874 0.186993655384386
0.920219892076455 0.183879018141877
0.917189280399709 0.188759190969992
0.924762174504611 0.17656332221341
0.914350774290156 0.193327827687391
0.921273887335798 0.182181636674221
0.919519285058301 0.185006012695166
0.9260100265446 0.174553716635985
0.9260100265446 0.174553716635985
0.923004894182478 0.179393973054012
0.910539060368708 0.199468767675715
0.917585599641111 0.188122206042469
0.908648732825514 0.202513085736074
0.92198233411513 0.181040796592581
0.917867668825495 0.187666314610393
0.914621723262782 0.192891693021056
0.920219892076455 0.183879018141877
0.925152021471713 0.175935429896347
0.923356239349561 0.178828720119842
0.923239544969165 0.179015669541829
0.925340320204356 0.175632397746814
0.918179106891736 0.187164876869544
0.924912273360108 0.176321953214424
0.925123742065172 0.175981283351198
0.921273887335798 0.182181636674221
0.9260100265446 0.174553716635985
0.92198233411513 0.181040796592581
0.926082009948628 0.174437774912773
0.923249700302277 0.178999324060229
0.924762174504611 0.17656332221341
0.915015201695652 0.192258119220833
0.923249700302277 0.178999324060229
0.918334525706468 0.186914404981576
0.92198233411513 0.181040796592581
0.926123995462176 0.174370150322644
0.926166766003636 0.174301301078285
0.922764706061599 0.179780471358978
0.92198233411513 0.181040796592581
0.908749156188214 0.202348397317258
0.926166766003636 0.174301301078285
0.914429847063976 0.193203864920524
0.902032346392691 0.213165712435804
0.908941638495938 0.202038712988189
0.92198233411513 0.181040796592581
0.924260898960915 0.17737105829845
0.9091689631112 0.201673317588426
0.926148404258141 0.174330865677561
0.910492349790797 0.199538326678139
0.912859979805879 0.195726956733587
0.926028919486968 0.174523239646178
0.922141511935889 0.180785531511737
0.9091689631112 0.201673317588426
0.921639756149337 0.181592353839093
0.922756798332677 0.17979320784472
0.925393906302213 0.175545899863444
0.919762251698696 0.184615874919834
0.879011892001322 0.250180319942948
0.923720149553634 0.178241622077874
0.925774243200263 0.174933238036528
0.905772896751051 0.207135910482091
0.921404736810482 0.18197058911077
0.910492349790797 0.199538326678139
0.910492349790797 0.199538326678139
0.9091689631112 0.201673317588426
0.912807664053429 0.195810966146282
0.912859979805879 0.195726956733587
0.920076850229884 0.184109567587745
0.9242693669351 0.177357418773088
0.906304891635719 0.206280202407328
0.921702248101703 0.181491803823733
0.903653613120939 0.210544850859783
0.926166766003636 0.174301301078285
0.922795055656797 0.179731590037929
0.92368581708492 0.178296918689076
0.911092520628861 0.198573025831702
0.92057628432092 0.183305431487439
0.921460910829554 0.181880221516548
0.926264483490984 0.174143908790962
0.922760281931426 0.179787593514483
0.921094584915495 0.182470240685906
0.923720149553634 0.178241622077874
0.923882478678456 0.177980300294382
0.919776815686628 0.184592414757974
0.368747226545019 0.760140125511107
0.926264483490984 0.174143908790962
0.926264483490984 0.174143908790962
0.927811009108041 0.171652863361836
0.922761368483409 0.179785844100935
0.926291882172534 0.174099776987105
0.923918027963575 0.177923014481773
0.36821557569535 0.760379437113682
0.927811009108041 0.171652863361836
0.910969839330769 0.198771017171154
0.924632736164368 0.176771880383557
0.926291882172534 0.174099776987105
0.923918027963575 0.177923014481773
0.920769973475435 0.18299287426099
0.927436161924931 0.172256608949147
0.904684373044738 0.208888213153914
0.928429201980886 0.170657155267542
0.924632736164368 0.176771880383557
0.924454467619602 0.177058902440205
0.922760281931426 0.179787593514483
0.928425925057795 0.170662452198081
0.920869976012812 0.182831979885522
0.924391685790379 0.177160026493618
0.924931338702457 0.176291435951042
0.928429201980886 0.170657155267542
0.921094584915495 0.182470240685906
0.910969839330769 0.198771017171154
0.250532482591902 0.845469510217851
0.175860384009348 0.883850944970015
0.215554622535915 0.863457095448427
0.902733272112287 0.212032707773429
0.182649437727989 0.880366587044626
0.902733206786762 0.212032812938246
0.182649437727989 0.880366587044626
0.903188659954642 0.211299686512043
0.175226613207617 0.884176626391514
0.182649437727989 0.880366587044626
0.215554622535915 0.863457095448427
0.182649437727989 0.880366587044626
0.221517507377509 0.860388689970832
0.221517507377509 0.860388689970832
0.184375884828569 0.879479907739573
0.25361733139628 0.84389268399654
0.215554622535915 0.863457095448427
0.175226613207617 0.884176626391514
0.234394692173865 0.853771912193725
0.182021848319079 0.880688783066014
0.175814377233069 0.883875516132169
0.215554622535915 0.863457095448427
0.224626788934436 0.858788219834313
0.902390949197497 0.212584195665738
0.21824562530186 0.862074045767714
0.184375884828569 0.879479907739573
0.21771593269524 0.862348931909627
0.183845696433501 0.87975226167584
0.193255184800574 0.874914902542084
0.214554029126569 0.863973750686662
0.198823950471782 0.872056771483751
0.25361733139628 0.84389268399654
0.907440152616731 0.204452570272484
0.175226613207617 0.884176626391514
0.175004831573731 0.88429041711737
0.197993331760037 0.872483662873786
0.182021848319079 0.880688783066014
0.175004831573731 0.88429041711737
0.187570175318576 0.877835558047126
0.207350498813771 0.867672440092744
0.180601623888522 0.881414901280705
0.187570175318576 0.877835558047126
0.25361733139628 0.84389268399654
0.175004831573731 0.88429041711737
0.190130009388345 0.876520347895768
0.175004831573731 0.88429041711737
0.182299687817769 0.880543570552
0.193255184800574 0.874914902542084
0.188209482018171 0.87751093325784
0.209318086171657 0.866661445791492
0.180107277652748 0.88166875612818
0.216288414963187 0.863081372874252
0.87138473069513 0.262450841979726
0.175004831573731 0.88429041711737
0.902920278028443 0.211730841568937
0.209318086171657 0.866661445791492
0.340432439534601 0.77287406845949
0.911673456040211 0.197642433083451
0.180601623888522 0.881414901280705
0.181469708461697 0.880971866822375
0.204959787872451 0.868900820832041
0.175004831573731 0.88429041711737
0.223063067955288 0.859596010655747
0.17500536390961 0.884290143723087
0.193255184800574 0.874914902542084
0.174655499503288 0.884470136376391
0.208141643365026 0.867266325623547
0.209318086171657 0.866661445791492
0.186224963079854 0.878531190488682
0.174655499503288 0.884470136376391
0.174655499503288 0.884470136376391
0.901592901717493 0.213867552773441
0.193255184800574 0.874914902542084
0.191954640616687 0.875583165946231
0.176918695494123 0.883307072858705
0.177274394472262 0.883124851813163
0.188494415587229 0.877361974214405
0.186224963079854 0.878531190488682
0.18537864508881 0.878964283230983
0.174993848896673 0.884296061721571
0.174655499503288 0.884470136376391
0.175682529824855 0.883942445738413
0.204959787872451 0.868900820832041
0.216501995180273 0.862972680086571
0.226168140875695 0.857993743395415
0.175312547151629 0.884132691228049
0.201964888222427 0.870444621298237
0.174655499503288 0.884470136376391
0.178892394127318 0.882293185055248
0.174655499503288 0.884470136376391
0.181721335471397 0.880842583481251
0.174655499503288 0.884470136376391
0.175690533572684 0.883940220846437
0.181469708461697 0.880971866822375
0.895989811092461 0.222885070835427
0.905446831988717 0.207665428845795
0.167700596327686 0.888042303255525
0.187608541319583 0.877819787978196
0.191954640616687 0.875583165946231
0.202991275228741 0.869917216150848
0.350580015891089 0.768309119157387
0.181931253743987 0.88073326205481
0.191856250838376 0.875636017022444
0.212327063941943 0.865117272311155
0.202991275228741 0.869917216150848
0.350580015891089 0.768309119157387
0.900415887682295 0.215759061966831
0.187608541319583 0.877819787978196
0.340579073012712 0.772808048716038
0.218956091043681 0.86170599445714
0.184359807908218 0.879486583405501
0.167700596327686 0.888042303255525
0.91985663987032 0.184465588244925
0.905224690736108 0.208022680644394
0.181469708461697 0.880971866822375
0.185438147750645 0.878930359615309
0.915370961330904 0.191685813614625
0.167958174760618 0.88790998647786
0.91985663987032 0.184465588244925
0.167700596327686 0.888042303255525
0.174811038036467 0.884390257297582
0.905224690736108 0.208022680644394
0.900584315601156 0.215488020311276
0.25087462397927 0.845292649916656
0.902851798271483 0.21183616950556
0.167700596327686 0.888042303255525
0.167700596327686 0.888042303255525
0.907881594831379 0.203746466067765
0.915370961330904 0.191685813614625
0.25048502825458 0.845495910692156
0.914522379594189 0.193052341293624
0.167700596327686 0.888042303255525
0.167958174760618 0.88790998647786
0.350580015891089 0.768309119157387
0.185081956755794 0.879117667434227
0.370258535740262 0.759462801096489
0.170732231109092 0.886485327559573
0.182504598231584 0.880440040937769
0.174655499503288 0.884470136376391
0.187608541319583 0.877819787978196
0.189942838804614 0.876623468083015
0.165349591269725 0.889249758110008
0.900584315601156 0.215488020311276
0.187287100640499 0.877980482501818
0.165970955622041 0.888930664574899
0.170732231109092 0.886485327559573
0.165349591269725 0.889249758110008
0.228562317262535 0.85677414403702
0.235303860227745 0.853296087483211
0.228562317262535 0.85677414403702
0.185081956755794 0.879117667434227
0.184690580932264 0.879314824618379
0.187278741907337 0.877984759024167
0.165349591269725 0.889249758110008
0.178841104016373 0.882321016720263
0.92156958521218 0.181706478511808
0.175675186238559 0.883948093328883
0.184698296979804 0.879310857873849
0.173276186745776 0.885178881228298
0.223225366359847 0.859512408546542
0.189942838804614 0.876623468083015
0.223225366359847 0.859512408546542
0.359121205747263 0.764468899030704
0.175847125202303 0.883858296242175
0.92156958521218 0.181706478511808
0.212372818311381 0.865090587502255
0.919809556819943 0.184541724178414
0.190954771922235 0.876101682965615
0.165349591269725 0.889249758110008
0.22183505269035 0.860223873081191
0.229524665708577 0.856279536730264
0.178958312087668 0.882260824391518
0.184698296979804 0.879310857873849
0.216266505376083 0.863091140341215
0.171120204416269 0.886286089765327
0.171429806816316 0.8861279111757
0.227165487764961 0.857484760144147
0.922088980125638 0.180869698943024
0.915854072412469 0.190910016591706
0.924769786827768 0.176551326181305
0.906617504044062 0.205780340564252
0.176765291561635 0.883386404733208
0.180534309366915 0.881452070170516
0.92506760560132 0.176071545176665
0.166225617890645 0.888799723712867
0.175847125202303 0.883858296242175
0.162941275671157 0.890486453054208
0.241438613072372 0.850142851809772
0.174865119590563 0.884362456041891
0.187349509853283 0.877953174830255
0.238731108510001 0.851539352630692
0.92506760560132 0.176071545176665
0.185049635154164 0.879134550494015
0.162941275671157 0.890486453054208
0.92506760560132 0.176071545176665
0.235303860227745 0.853296087483211
0.251253769274394 0.845107732192728
0.184690580932264 0.879314824618379
0.18633767347933 0.878471653031099
0.347714574877517 0.769599709641088
0.175153098112915 0.884213587320778
0.188781594801709 0.87721490537853
0.225792429476173 0.858209697967612
0.166225617890645 0.888799723712867
0.166225617890645 0.888799723712867
0.907716658113761 0.20401089801939
0.162941275671157 0.890486453054208
0.184690580932264 0.879314824618379
0.921996691844488 0.18101837066243
0.228562317262535 0.85677414403702
0.901817258681798 0.213504586205319
0.178595844454609 0.88244743355255
0.869542406038769 0.265411027315548
0.181469708461697 0.880971866822375
0.925302965775057 0.175692467202541
0.901738692483604 0.213631058124918
0.162941275671157 0.890486453054208
0.170789368569658 0.886455984104444
0.162933205636874 0.890490597975333
0.348687323601818 0.769162748282033
0.92236828795814 0.180419303874309
0.241438613072372 0.850142851809772
0.162933205636874 0.890490597975333
0.917121487594153 0.188869889778965
0.902015661551082 0.213184609765048
0.166225617890645 0.888799723712867
0.178721662555496 0.882382043350394
0.175153098112915 0.884213587320778
0.162933205636874 0.890490597975333
0.357926940297321 0.765005748485961
0.182137626873921 0.88062913428354
0.902015661551082 0.213184609765048
0.241438613072372 0.850142851809772
0.922088980125638 0.180869698943024
0.223033774443271 0.85960806883753
0.223033774443271 0.85960806883753
0.900896983797633 0.214987430392062
0.925302965775057 0.175692467202541
0.162796665678222 0.890560808079175
0.922088980125638 0.180869698943024
0.162933205636874 0.890490597975333
0.170171118907719 0.886773026602502
0.249581090357535 0.845962335281747
0.923492411516339 0.178607882176039
0.900688677037354 0.215321078328067
0.917089792357748 0.188920939583116
0.223033774443271 0.85960806883753
0.175250656207618 0.884163649078629
0.169930748895065 0.886896782925848
0.353159592410188 0.767153163949991
0.925315204157952 0.175672754008165
0.917121487594153 0.188869889778965
0.241438613072372 0.850142851809772
0.239633221477741 0.851074554865135
0.925315204157952 0.175672754008165
0.228190731184219 0.856959700648467
0.18165263416951 0.880876626364124
0.925315204157952 0.175672754008165
0.166225617890645 0.888799723712867
0.924704386006586 0.176656565996709
0.224314000301487 0.858951534049518
0.256111592754144 0.842597128150702
0.240889589558209 0.850429904874274
0.256111592754144 0.842597128150702
0.217419516801171 0.862499553660643
0.24217717151688 0.849767643389529
0.239430722048306 0.851180020122205
0.225228667471368 0.858483953231409
0.21573998568254 0.86336551116479
0.346534797921846 0.770129632378503
0.248002411640732 0.84678456675892
0.239434941778056 0.851177850647602
0.225136404124041 0.858531386109252
0.255324174219871 0.843020475491638
0.235386657866101 0.853266024304334
0.347210478372171 0.769826486475378
0.25278647882447 0.844327128054616
0.235386657866101 0.853266024304334
0.227387013407344 0.857375364814096
0.346534797921846 0.770129632378503
0.285179388513465 0.797688693544027
0.239430722048306 0.851180020122205
0.25453759903487 0.843418601842629
0.227387013407344 0.857375364814096
0.230540309441846 0.855756167938277
0.235386657866101 0.853266024304334
0.251309198133252 0.845078747993807
0.237226390891778 0.852312057392858
0.256111592754144 0.842597128150702
0.242815574578575 0.849437114144547
0.327791411566461 0.778555539516061
0.209174883794199 0.866742525744453
0.231426546649054 0.855298782217523
0.213178340002237 0.864684984161852
0.285179388513465 0.797688693544027
0.225149665705168 0.858529609920494
0.222730020762252 0.859768489735086
0.210253082282809 0.866180593940638
0.222121597805157 0.860082908671096
0.252437711172835 0.844493321435007
0.219733358016845 0.861319323389978
0.214635357375518 0.863929123715581
0.225085706080026 0.858562348758117
0.235351823220186 0.853283915566552
0.208129031808238 0.867274080473011
0.217419516801171 0.862499553660643
0.214850671115458 0.863818492966578
0.223685176889356 0.859278064122884
0.232960645298465 0.85451030538922
0.306230242801474 0.788236951601772
0.208129031808238 0.867274080473011
0.223685176889356 0.859278064122884
0.2329887399844 0.854495879044344
0.232960645298465 0.85451030538922
0.247843511222998 0.846854176445931
0.226083099653834 0.858050694688547
0.224794098855552 0.858713714659705
0.248002411640732 0.84678456675892
0.209485467651371 0.86658311039098
0.216797691297671 0.862819104219944
0.219357478592685 0.861498572013624
0.209485467651371 0.86658311039098
0.220632463494395 0.86084364437451
0.248002411640732 0.84678456675892
0.214836393593122 0.863835458406299
0.222257035701391 0.860013288144681
0.206349619414851 0.868193619075687
0.211259289889421 0.865666169610361
0.219627281566287 0.861364311890679
0.202048517314393 0.870404716721011
0.222121597805157 0.860082908671096
0.252437711172835 0.844493321435007
0.216940796447237 0.862745486429651
0.211259289889421 0.865666169610361
0.248002411640732 0.84678456675892
0.215675204573251 0.863403366475523
0.217888082918845 0.862262110198528
0.224582178559865 0.858821150185859
0.214767024938713 0.863864853467482
0.222121597805157 0.860082908671096
0.342290695740365 0.772038511419332
0.246528523009964 0.847532248905505
0.225821078923359 0.858179761198807
0.333211982290488 0.776119730482636
0.226062741263213 0.858057386596328
0.208249049459797 0.867212383142397
0.202048517314393 0.870404716721011
0.232964625424044 0.85450828770033
0.211259289889421 0.865666169610361
0.219627281566287 0.861364311890679
0.306230242801474 0.788236951601772
0.229255930301233 0.856421685223586
0.218540431918771 0.861925529393576
0.213443306835027 0.864546270592047
0.271552549277773 0.80380065724196
0.209611256236494 0.866507388147685
0.271552549277773 0.80380065724196
0.232964625424044 0.85450828770033
0.224883615647141 0.858660129481763
0.335114283709661 0.775266701617736
0.21739350709407 0.862514976311085
0.222121597805157 0.860082908671096
0.224367891265561 0.858934645704193
0.33282837282873 0.776292048299647
0.224367891265561 0.858934645704193
0.210814137297122 0.865899321200252
0.213937499533446 0.864282742014963
0.21739350709407 0.862514976311085
0.200969560581967 0.870956221908365
0.271552549277773 0.80380065724196
0.224367891265561 0.858934645704193
0.229255930301233 0.856421685223586
0.208129031808238 0.867274080473011
0.213278358323224 0.864624770048266
0.202783580073536 0.870023930000017
0.250602762982665 0.845451371015425
0.21739350709407 0.862514976311085
0.246528523009964 0.847532248905505
0.205170596347358 0.868796792899512
0.273265444710408 0.803032433869045
0.237917771250066 0.851961234390148
0.271552549277773 0.80380065724196
0.215652291330734 0.863409123340329
0.271552549277773 0.80380065724196
0.226298600098865 0.857931489618271
0.205170596347358 0.868796792899512
0.246528523009964 0.847532248905505
0.256057528278886 0.842632110674599
0.333211982290488 0.776119730482636
0.333211982290488 0.776119730482636
0.217892001414441 0.862260124459679
0.219667626583539 0.861341152892095
0.202334559606207 0.870252325606188
0.211259289889421 0.865666169610361
0.200969560581967 0.870956221908365
0.223584914878324 0.859328168817953
0.217319766831756 0.862547674155713
0.228287214750673 0.856910842876572
0.209611256236494 0.866507388147685
0.203059654202479 0.869874879657308
0.198445397166482 0.872254027376973
0.226298600098865 0.857931489618271
0.205170596347358 0.868796792899512
0.205170596347358 0.868796792899512
0.213278358323224 0.864624770048266
0.233573181271284 0.854190935171974
0.23452055066243 0.853713493336594
0.241471279925226 0.85013285965414
0.23452055066243 0.853713493336594
0.246930104654869 0.847318105779824
0.203513984372359 0.869646600344278
0.214174502136988 0.86416094907771
0.200995040816027 0.87094246896805
0.222699803538051 0.859785844343239
0.219667626583539 0.861341152892095
0.217656687084138 0.862386439817767
0.196148250552449 0.873432157345757
0.203513984372359 0.869646600344278
0.221889511193374 0.860204012498292
0.21221788323635 0.865177139055369
0.222699803538051 0.859785844343239
0.2065105549108 0.868107421197398
0.229931628724036 0.856066827030642
0.256057528278886 0.842632110674599
0.190474565864778 0.876346591500885
0.23193271735205 0.85503373104216
0.222921127126249 0.859665249424949
0.22757460899227 0.857285261479044
0.199827163487434 0.871540441360154
0.21329475178573 0.86461708173189
0.236218580101118 0.852830338826531
0.202637071722473 0.870097032455601
0.22757460899227 0.857285261479044
0.223145951190614 0.859554169990864
0.190654497763952 0.87625415704003
0.210565436439857 0.86601676361436
0.228680552041529 0.856707704249627
0.221927146928019 0.860182953870237
0.191014143598773 0.876068866779714
0.210047312897237 0.866283702890702
0.201321583446048 0.870773941198073
0.209611256236494 0.866507388147685
0.209592239227235 0.866525928314897
0.246930104654869 0.847318105779824
0.27105572672825 0.804023358156126
0.196148250552449 0.873432157345757
0.228394126798534 0.856852543241573
0.222921127126249 0.859665249424949
0.22757460899227 0.857285261479044
0.199541593163137 0.87169217628845
0.35313908523384 0.767166356084198
0.200925031624547 0.870979055945723
0.22629991107019 0.857930815760024
0.228692227429702 0.856701703383514
0.218268517909067 0.862057290188553
0.227108043132773 0.857518349755161
0.228475491980123 0.856815466646543
0.216823315519208 0.862805186095531
0.190474565864778 0.876346591500885
0.202334559606207 0.870252325606188
0.243666480228884 0.849001110087369
0.209488065449102 0.866575283730714
0.191014143598773 0.876068866779714
0.219242469774787 0.861565402906509
0.187675445877283 0.877781852566907
0.228680552041529 0.856707704249627
0.221479606843021 0.860413077633849
0.177696483144589 0.882911398104205
0.193282752544544 0.874907163306714
0.177696483144589 0.882911398104205
0.203379599914657 0.869716513497592
0.250842325713394 0.845317137772261
0.188406824449012 0.877405925205917
0.190474565864778 0.876346591500885
0.23193271735205 0.85503373104216
0.231131591412977 0.855445918165731
0.232294769097695 0.854852258328585
0.211812962489018 0.865380756214644
0.197052148406234 0.872966864140494
0.222014203652365 0.860145763729092
0.199827163487434 0.871540441360154
0.255965648519068 0.84268426125658
0.230124285567904 0.855967750111407
0.203531188550021 0.869636088861736
0.208107426249131 0.8672871993915
0.233135079649159 0.854411077888387
0.198606838427336 0.872167010212095
0.193282752544544 0.874907163306714
0.188406824449012 0.877405925205917
0.202334559606207 0.870252325606188
0.187046836053066 0.878103750458253
0.187046836053066 0.878103750458253
0.193282752544544 0.874907163306714
0.198625846961863 0.87215726303018
0.187046836053066 0.878103750458253
0.177696483144589 0.882911398104205
0.212824211535179 0.864863132685807
0.225288430761318 0.858455615536025
0.208107426249131 0.8672871993915
0.189664075505789 0.876760093301996
0.200059485700312 0.871419631213499
0.222574577934905 0.859846320432783
0.193282752544544 0.874907163306714
0.201892555629192 0.870479327098491
0.254879979896901 0.843236258858195
0.215631607973852 0.863418477068607
0.177654024296656 0.882933020193309
0.209598065975686 0.866522932644903
0.213820130082967 0.864350155527727
0.224847937803431 0.858684523862229
0.19904399130177 0.871941775251448
0.280015277588194 0.800004214887114
0.215844745324206 0.863308900493975
0.198606838427336 0.872167010212095
0.177654024296656 0.882933020193309
0.215676925157644 0.863394606594491
0.177654024296656 0.882933020193309
0.215232283987864 0.863620807913618
0.209592239227235 0.866525928314897
0.227515217916379 0.857307251496461
0.197052148406234 0.872966864140494
0.232838466128658 0.854572490695829
0.249990790355902 0.845753256668339
0.211617900153674 0.865477761664384
0.220864511024168 0.860730524508406
0.197052148406234 0.872966864140494
0.213821126415323 0.864346134147204
0.177207226571763 0.883162244717049
0.231131591412977 0.855445918165731
0.247005987647664 0.847277718140312
0.186984555053677 0.87813575038342
0.205905379183849 0.868419474914148
0.233083839419003 0.854446434240228
0.23808397336496 0.851869097621439
0.223871492911257 0.859179215426303
0.215198231226664 0.86364104618076
0.254907341265978 0.843222353502524
0.235768295439349 0.853069299096037
0.23657579812623 0.852648378689807
0.205404547841422 0.868677528409935
0.23808397336496 0.851869097621439
0.269577533123755 0.804686575379157
0.248807491463039 0.846359308307993
0.234353921887768 0.853793673751375
0.197450828525917 0.872762099252052
0.221421979010242 0.860439679511604
0.248807491463039 0.846359308307993
0.232737835649194 0.854625496047758
0.225248890983701 0.85847159631854
0.233936169395194 0.854007936408322
0.194384165490968 0.874338551176648
0.235652530697006 0.853119894566459
0.197740595663341 0.872613292001196
0.176366401939981 0.883594627444474
0.186357616422009 0.878458911726233
0.200423765554002 0.871232511969154
0.23941874769755 0.851192982526109
0.214385276439887 0.864055431306361
0.255479563453438 0.842930205549866
0.194384165490968 0.874338551176648
0.231131591412977 0.855445918165731
0.21733146667024 0.862545771419819
0.199704790042242 0.871603276252898
0.207808401069341 0.86743366881355
0.252229614746342 0.844600644899225
0.255479563453438 0.842930205549866
0.192799399785839 0.875152798498778
0.211617900153674 0.865477761664384
0.234376703681067 0.853781968332764
0.231056020106973 0.855484811088968
0.207497709119237 0.867593275982025
0.23941874769755 0.851192982526109
0.224167915065083 0.859027127902666
0.21650378636871 0.862970758714738
0.176366401939981 0.883594627444474
0.231131591412977 0.855445918165731
0.270410771116786 0.804312597781081
0.182461293920171 0.8804663703097
0.198043035235608 0.872455916673209
0.213927143287424 0.864290836868695
0.175924792542079 0.883821054673576
0.194045891566055 0.874508782433278
0.174785238825944 0.884405978121183
0.176366401939981 0.883594627444474
0.200318986019047 0.871287902087513
0.255479563453438 0.842930205549866
0.254690108823394 0.843334017887928
0.191483709021467 0.875828125341438
0.233568513138592 0.854199912953352
0.184688695125336 0.879320315871482
0.177696483144589 0.882911398104205
0.225293634701621 0.85844856327253
0.197450828525917 0.872762099252052
0.225272693832345 0.858459363626171
0.175917838223725 0.883824625445965
0.194794870942511 0.874126452534796
0.222661054759556 0.85980614312766
0.213349331470162 0.864587521982437
0.193282752544544 0.874907163306714
0.23682083836768 0.852517051995651
0.231540954089241 0.855236330484765
0.215254913359959 0.863609175626682
0.225248890983701 0.85847159631854
0.193685002927914 0.874696999599809
0.21650378636871 0.862970758714738
0.204013593562047 0.869387412903513
0.248792126758544 0.846368231437409
0.206645545918807 0.868040660278599
0.245132772786476 0.848240966729013
0.208537593812393 0.867063350198236
0.207808401069341 0.86743366881355
0.18224429945543 0.880578309374189
0.240234750536864 0.850764520644533
0.230597345739503 0.855722084317462
0.229588203449711 0.856244892451967
0.242330496038041 0.849688443400661
0.220864511024168 0.860730524508406
0.235859653661021 0.853009807108188
0.215414236759245 0.863525103189335
0.252229614746342 0.844600644899225
0.253985150673406 0.843690685222531
0.197451765674637 0.872761617993529
0.211550271007905 0.865511270384746
0.213935772779125 0.864285635707903
0.174785238825944 0.884405978121183
0.231774294793083 0.855118741892819
0.220463718657312 0.860935594696878
0.227092474931328 0.857525355243566
0.204140914946416 0.869327157897197
0.21733146667024 0.862545771419819
0.235859556947842 0.85300985687522
0.174783574547771 0.88440683266909
0.228567982308614 0.856765193285706
0.178262025949853 0.882620876656872
0.185514392742594 0.878896912626383
0.250842325713394 0.845317137772261
0.206645545918807 0.868040660278599
0.225748934368735 0.858214926013946
0.174783574547771 0.88440683266909
0.237706028790692 0.852072269775067
0.204140914946416 0.869327157897197
0.216860503572526 0.862787100829815
0.22524431333502 0.858475448698615
0.238193672970331 0.85181122347576
0.223206120129792 0.859521904485013
0.23941874769755 0.851192982526109
0.194384165490968 0.874338551176648
0.270592410696797 0.804231142772358
0.215471774743075 0.863502489814284
0.247007349871331 0.847277017457854
0.248792126758544 0.846368231437409
0.234005346831118 0.853974003926548
0.18224429945543 0.880578309374189
0.202207769008882 0.870317446715389
0.174785268677361 0.884405962793537
0.180300180747841 0.881574254102159
0.238605385203014 0.851598204664313
0.247122696899707 0.847217706612047
0.19348921666583 0.874800352340269
0.198037752465389 0.872464069418128
0.268526546632135 0.80515725126729
0.212491681083153 0.865043164194419
0.180300180747841 0.881574254102159
0.255207248601664 0.843070796506475
0.267543830223475 0.805598449542526
0.194384165490968 0.874338551176648
0.201174802784033 0.870845922789907
0.174975458347439 0.884308564536905
0.234376703681067 0.853781968332764
0.269159570743379 0.804873939447925
0.178206305452908 0.882649832172054
0.177418125649605 0.883054367107396
0.199641158022277 0.871635253889628
0.21650378636871 0.862970758714738
0.19348921666583 0.874800352340269
0.220850141755519 0.860740243299302
0.201892555629192 0.870479327098491
0.269288025425273 0.804815702485347
0.190487979946518 0.876342143440605
0.195221753936198 0.873906256296261
0.219554082437802 0.861397316182518
0.243390384864979 0.84914308927727
0.226930018641937 0.857611710886596
0.175924792542079 0.883821054673576
0.243666480228884 0.849001110087369
0.197793888835384 0.87258463640747
0.201326556311839 0.870769446753385
0.174783574547771 0.88440683266909
0.238638347895483 0.851581164111961
0.203693419536896 0.869552415372845
0.267543830223475 0.805598449542526
0.238605385203014 0.851598204664313
0.190971731211491 0.876090706538258
0.174783574547771 0.88440683266909
0.178206305452908 0.882649832172054
0.206655923318804 0.868035399037821
0.194384165490968 0.874338551176648
0.225935185824983 0.858114006650181
0.217500474350753 0.862461041303943
0.247876704578186 0.846835055410613
0.243517979190376 0.849077145626948
0.269288025425273 0.804815702485347
0.239659420681157 0.851060997716524
0.211259040533859 0.865670305267354
0.225422771573933 0.858398356506516
0.194384165490968 0.874338551176648
0.27129017693954 0.803918094424485
0.204070543318471 0.869358827430927
0.243383456190136 0.849146518005043
0.206645545918807 0.868040660278599
0.217802811060014 0.862299061157909
0.174783574547771 0.88440683266909
0.245858057538671 0.847873169352491
0.235859556947842 0.85300985687522
0.247122696899707 0.847217706612047
0.206645545918807 0.868040660278599
0.235602704190293 0.853141913818923
0.174783574547771 0.88440683266909
0.203570987904169 0.869618653013283
0.239580089030142 0.851101802905212
0.200984195060039 0.870942774491622
0.255207248601664 0.843070796506475
0.18224429945543 0.880578309374189
0.174783574547771 0.88440683266909
0.224769583372989 0.858714816988366
0.174781799008623 0.88440774240804
0.243666480228884 0.849001110087369
0.196643506233218 0.873178332440833
0.247122696899707 0.847217706612047
0.178121906203495 0.882693172030307
0.231999596130564 0.855004461462349
0.223251337292411 0.859497899953043
0.248792126758544 0.846368231437409
0.218927576291355 0.861724946234363
0.26852597794841 0.805157506512704
0.232737835649194 0.854625496047758
0.228493630191026 0.856811678255256
0.195221753936198 0.873906256296261
0.172988974684485 0.885328246386699
0.247122696899707 0.847217706612047
0.174781799008623 0.88440774240804
0.173599774836482 0.885014767946084
0.232478591335104 0.854755092510176
0.256334042796528 0.842491439221567
0.163972676591362 0.889958912802413
0.229109747136748 0.856486087065643
0.250604420939537 0.845444997241417
0.163972676591362 0.889958912802413
0.25602925124249 0.84263954064636
0.228069422126606 0.857019985192825
0.175969770308498 0.883797699578731
0.166553632986048 0.88863376197623
0.232478591335104 0.854755092510176
0.181051724847881 0.881188863361225
0.196154638743268 0.873424005355292
0.163972676591362 0.889958912802413
0.175969770308498 0.883797699578731
0.237626846738819 0.852110539535994
0.166553632986048 0.88863376197623
0.223581292450561 0.859329202682115
0.166553632986048 0.88863376197623
0.183626414853941 0.879866228503487
0.23144994368525 0.855283810163964
0.181051724847881 0.881188863361225
0.166107532848219 0.888863037172804
0.238137198344735 0.85184457026267
0.193129369766215 0.874985632333517
0.163972676591362 0.889958912802413
0.240589410163087 0.850585714842142
0.176274344472332 0.883641361729015
0.176054350953979 0.883754128011563
0.24808408570993 0.846726923470382
0.16401648498367 0.889936243845194
0.18356780618667 0.879896380205635
0.165810507872559 0.889015395545448
0.183325641163783 0.880021190393358
0.252014611697355 0.844709635685621
0.178268468322619 0.882617095006932
0.252814263178696 0.844306142739512
0.238423552649118 0.851703354334311
0.232671260905071 0.854655202043237
0.200048245534755 0.871426377572888
0.163972676591362 0.889958912802413
0.192373842075617 0.875367866910974
0.239707419717205 0.851037138584851
0.163786199661963 0.890054649649868
0.199119002191574 0.87190219129143
0.17116856780367 0.886264512054118
0.167171527370275 0.888316408383644
0.164315713419134 0.889782815149611
0.252009991805396 0.844709970884268
0.253893678607649 0.843742936612157
0.16737740580498 0.888210696936161
0.17816900256669 0.882670772775869
0.165414305895621 0.889216882347811
0.252009991805396 0.844709970884268
0.163066336652778 0.89042395133749
0.166457362725518 0.888683001542349
0.202275872726463 0.870282022093086
0.169499816603082 0.88711822862199
0.160485857094267 0.891748765470597
0.21200663325944 0.865283817220213
0.17816900256669 0.882670772775869
0.164619095064058 0.889624663832677
0.164721247530287 0.889574627696626
0.170414953646469 0.886648098958291
0.251717579701071 0.844859881913457
0.18945712361584 0.876867762193513
0.199494771238937 0.871710201119165
0.245235404524844 0.848197749915426
0.188668750125111 0.877270858937615
0.157307945087753 0.893380372163333
0.171148481045328 0.88627135963446
0.199494771238937 0.871710201119165
0.17471079383956 0.884446490890814
0.174857393633946 0.88437124204245
0.203056658880423 0.869883209476022
0.185770514415673 0.878766851563388
0.209229927638817 0.866707308233499
0.191532406746368 0.875800268232143
0.165594367730244 0.889125905938734
0.163699779723311 0.890098951383546
0.182860191650113 0.880257873052517
0.18709302025481 0.878082620936741
0.169420686952097 0.887158861685858
0.217464666314734 0.862472263280158
0.157307945087753 0.893380372163333
0.172016539700147 0.885828007133739
0.160485857094267 0.891748765470597
0.245210795241869 0.848204780609449
0.245558634532247 0.848033600213384
0.163699779723311 0.890098951383546
0.164839729293931 0.889513178344886
0.157360988570243 0.893353137208148
0.174393287466306 0.884607827625099
0.220028398826747 0.861155731412324
0.192527575639596 0.875288038104112
0.207332259447032 0.867682740508487
0.179326500797544 0.882070604301297
0.244518990338498 0.848563903270733
0.16737740580498 0.888210696936161
0.157307945087753 0.893380372163333
0.17898606417491 0.88225095040168
0.183630023296042 0.879862438677202
0.157379529661024 0.893343624133321
0.245210795241869 0.848204780609449
0.173476312130106 0.885078463382022
0.200644068855354 0.871120463715661
0.218265347402206 0.862060758385251
0.184773466835324 0.879273228262626
0.174985243366386 0.884303914512049
0.220070955624095 0.861133925472226
0.167892164103007 0.887945328677522
0.175074203917464 0.88425891436338
0.157911963069542 0.893070270562169
0.157307945087753 0.893380372163333
0.169499816603082 0.88711822862199
0.247960147236146 0.846794288900733
0.157911963069542 0.893070270562169
0.248870252959405 0.846326763068963
0.240986817240899 0.850390120921154
0.173036951112062 0.885300937981316
0.225734530965629 0.858221417243771
0.178220863964043 0.882638661971895
0.200617808227894 0.871131281712385
0.242526665213423 0.849588486369155
0.165594367730244 0.889125905938734
0.160484725291365 0.89174934659632
0.176506960780063 0.883523406621655
0.248847214480492 0.846338809347643
0.218895271162272 0.861736472675741
0.177426985682619 0.883045863035606
0.161144524078733 0.891410136869141
0.241047076246053 0.850349930364087
0.176506960780063 0.883523406621655
0.167189684411095 0.888306066585252
0.155346004239009 0.894387677502809
0.158001690421932 0.893024156666492
0.200644068855354 0.871120463715661
0.218265347402206 0.862060758385251
0.160164858427446 0.89191333871603
0.192527575639596 0.875288038104112
0.167892164103007 0.887945328677522
0.200651205780524 0.871116787230446
0.216920961165766 0.862751870935852
0.157132010189102 0.893470492205333
0.173035450248551 0.885302072355168
0.176506960780063 0.883523406621655
0.251768493259968 0.844830779804448
0.155293934790528 0.894414413535835
0.189017872596881 0.877093354999773
0.155808467900456 0.89415027868622
0.165587044032193 0.889129666393543
0.19075241867114 0.876201948117207
0.244526588455095 0.848560007658365
0.15546866634806 0.894324694348776
0.176629412621662 0.883460524436281
0.235366975275392 0.853270925182112
0.159430625096125 0.892290463074271
0.252498124709312 0.844465581600496
0.245059096903177 0.848286017716891
0.15752948019129 0.893266522701068
0.157334540453685 0.893366717533771
0.244518990338498 0.848563903270733
0.218286821208548 0.862049727016738
0.159431057575332 0.892290241051236
0.155293352946016 0.894414712266896
0.244518990338498 0.848563903270733
0.163491509245333 0.890205550725741
0.242616600829296 0.849534442297418
0.244082687388106 0.84878734760691
0.163089105898089 0.890411933096437
0.183657435212147 0.879848009138099
0.21742935705724 0.862495752650344
0.164199091852923 0.889842242462873
0.242423485492335 0.849639679072471
0.166144709129483 0.888842218186386
0.178502317923542 0.882498306583276
0.191396741576763 0.875868106480061
0.168572624528791 0.887596328265135
0.209678256403316 0.866484876069461
0.169557117746408 0.887091340110147
0.169021890907032 0.887365616960092
0.179251173853885 0.882114225664699
0.160119004650589 0.891937019818598
0.228230415878391 0.856945202238276
0.182694060260917 0.880339966846732
0.156726473048519 0.893678921925202
0.172154390833108 0.885758146028241
0.240962180530062 0.85041361433805
0.17782712983769 0.882840224156605
0.176785691750636 0.883380849631411
0.210452267075857 0.866081092578494
0.174712682468426 0.884445054940501
0.158337573027736 0.892851700783996
0.237551486398498 0.852148091542675
0.16625970825383 0.888781805698472
0.188527040637752 0.877345635306249
0.162565969786554 0.890679447275459
0.184905179726116 0.879207119851611
0.243926722041951 0.848882947491721
0.161144524078733 0.891410136869141
0.176629412621662 0.883460524436281
0.172154390833108 0.885758146028241
0.185058355732526 0.879128492719811
0.232152490963831 0.854924101595972
0.172147664975406 0.885761683587654
0.194615238904356 0.87421536035434
0.155694297868901 0.894208898361654
0.166387144730747 0.888716376801925
0.159435403809133 0.892288008749998
0.194615238904356 0.87421536035434
0.155508125015154 0.894303903391761
0.191771993985423 0.87568577618523
0.157063798197216 0.893505501685904
0.201675668410669 0.870591335410214
0.185058355732526 0.879128492719811
0.164199091852923 0.889842242462873
0.18854316651245 0.877337282279978
0.173358923047562 0.88513560523343
0.238838461177729 0.851485373948874
0.232342359501734 0.854823292858028
0.176258035329524 0.88364613946876
0.200632352577777 0.871125409919125
0.18868560324882 0.877264894071204
0.166970293225499 0.888416923396214
0.161715957208215 0.891115657385098
0.172898990310453 0.885375312303733
0.201439769228662 0.870710244682668
0.206782055671032 0.86796853666446
0.190866378021334 0.876144678367279
0.157334540453685 0.893366717533771
0.178102006683223 0.882704303749664
0.166857235466603 0.888476709921137
0.198112215371015 0.872425397061729
0.198420930395381 0.872259316841783
0.205069925039318 0.868841646130303
0.158234609404855 0.892904231257371
0.170041711988191 0.886841731503053
0.166261242050858 0.888781018118619
0.221042001473713 0.86064638147138
0.210604333401264 0.866011554015776
0.162509552399311 0.890708117150723
0.18868560324882 0.877264894071204
0.198564223606675 0.87218648134465
0.158228379848902 0.892907433064462
0.171730560386 0.885974618564741
0.161628847655407 0.89116032959651
0.180399150093181 0.881518783181672
0.160143192966164 0.891923433200915
0.166830033738315 0.888489056582976
0.174913327653343 0.884342396255716
0.192355386110548 0.875377419120457
0.158864162944217 0.892581401806677
0.18096846091057 0.88122636925184
0.19619198142654 0.873404443872554
0.162423954618548 0.890753356052788
0.164877956058891 0.889493747138854
0.158228379848902 0.892907433064462
0.172260294732885 0.885702642439637
0.194517113837497 0.874265534566162
0.16084188354247 0.891565943783648
0.180774775271921 0.881325875098948
0.182915372041107 0.880226652150077
0.17300525881473 0.88532065989434
0.172784929221986 0.885433418621273
0.20440235842214 0.869186917299083
0.178701550614296 0.882390328851806
0.241134586821391 0.850305899113394
0.19619198142654 0.873404443872554
0.20014140504564 0.871377516570661
0.169631913275498 0.887051824552416
0.163600886070822 0.890147988414406
0.189414184871714 0.876887446558457
0.172545883325262 0.885554912728624
0.151140395047526 0.896547095997744
0.20032412106976 0.871282682339376
0.185768948637136 0.878770689741464
0.177458275566804 0.883033452114461
0.16625970825383 0.888781805698472
0.160198554591402 0.891895000003048
0.213444219900079 0.864544184878023
0.155293352946016 0.894414712266896
0.200552195344871 0.871170870735774
0.20440235842214 0.869186917299083
0.162542138438345 0.890691591390369
0.208935542996981 0.866863076074304
0.1695546846317 0.8870922030276
0.156935111166017 0.893571554036044
0.241134586821391 0.850305899113394
0.155294133654843 0.894414311210151
0.156088292170144 0.894006132028193
0.17300525881473 0.88532065989434
0.182915372041107 0.880226652150077
0.184131805500442 0.879602629078458
0.193509052127808 0.874792268387246
0.191666416415049 0.87573467226071
0.236524037736424 0.852676557693642
0.160689497686168 0.891642787562951
0.254784357770069 0.843295997315845
0.183510657698034 0.8799205227161
0.217480671976975 0.862464030747559
0.177571228599525 0.882971248330112
0.164387405519814 0.889745765271487
0.184468239783502 0.879432939764102
0.18114745862308 0.881141608490256
0.161177106587797 0.891392908870901
0.168677868835031 0.887543109841903
0.175216942063487 0.884183615983709
0.176637994110701 0.883453426729215
0.18286234134137 0.88025626024176
0.160198554591402 0.891895000003048
0.171871965733186 0.885898908950389
0.179437066722962 0.882017790072085
0.16941639109338 0.887161199602024
0.1775549101972 0.882979496276488
0.157374432512389 0.893345911807976
0.175216942063487 0.884183615983709
0.157570345625581 0.893245419857982
0.155244311031257 0.894439917068039
0.233694604964443 0.854129438407552
0.221726735542844 0.860288513290027
0.17300525881473 0.88532065989434
0.202117645058027 0.870363309234128
0.178969225236694 0.882257991643864
0.159609957743467 0.892198008387338
0.157362329636609 0.893352152066268
0.188266161687859 0.877480425892402
0.151263526067195 0.896483857808492
0.184815450723522 0.879255511807226
0.251070685818945 0.84519754969104
0.201835939517422 0.870504488980141
0.15538297430983 0.894368744351134
0.190827165486537 0.87616527854022
0.161177106587797 0.891392908870901
0.161061289839368 0.891452045894489
0.238895759399238 0.851452109914199
0.161683268574459 0.891133974010392
0.189973383761155 0.876604203653091
0.152985305745995 0.895599777736739
0.179437066722962 0.882017790072085
0.162393908913996 0.890768423751186
0.173272848517748 0.885180603983664
0.217748463778902 0.86232720214582
0.172593353071189 0.88553197009616
0.157339530508586 0.893364046218731
0.164285329426428 0.889798224395071
0.162037982054131 0.890951875669216
0.162662261664687 0.890631035538476
0.179790509199437 0.881831904090317
0.176318079500739 0.883617965255724
0.177065229837626 0.88323422804704
0.176167312047458 0.883695279504303
0.173272848517748 0.885180603983664
0.159284320881323 0.892365136165917
0.194168058967814 0.874444239277714
0.173272848517748 0.885180603983664
0.161673692963033 0.891138040213203
0.159764807933449 0.892118813189466
0.22355328755981 0.859340016536681
0.183270692030225 0.880048457547965
0.164175208186146 0.889853947158567
0.177370965669008 0.883075581597684
0.208678245984116 0.86698817141508
0.189510079534627 0.876840296914451
0.172108957324174 0.88577822305409
0.186653391695371 0.878305805824442
0.187999706849347 0.877615371698275
0.160630190183604 0.891674208810161
0.169909466974501 0.88691097324223
0.151449294958316 0.896388514662838
0.161448923117235 0.891253810313773
0.151140395047526 0.896547095997744
0.168137095391041 0.887819304250759
0.192286451913983 0.875414271542777
0.159226490142182 0.892394832358352
0.189367450086657 0.876918217966851
0.223742374138536 0.859242933997032
0.169485391994605 0.887127102382554
0.167285668423666 0.888257949810552
0.151140395047526 0.896547095997744
0.164462835099019 0.889706869817885
0.17931528441489 0.882076020988446
0.179899845310739 0.881775746717641
0.156103187680924 0.89399874525763
0.167864875446941 0.887960367946649
0.204602296053616 0.869083124249963
0.187445385066146 0.877903821969159
0.25541405847156 0.842969342484301
0.178865675928966 0.882307176581329
0.152973366336978 0.895605942450846
0.151140395047526 0.896547095997744
0.251583580878932 0.844927158679584
0.174908053213009 0.884343476754287
0.159253084659395 0.892381262633848
0.155415818070817 0.894351885339366
0.15030700518325 0.896975061187551
0.193958995763222 0.874552151148613
0.175216942063487 0.884183615983709
0.154753106381112 0.894692093927039
0.157877137232715 0.893088019000583
0.151140395047526 0.896547095997744
0.176967174740643 0.883285296132662
0.189384855442437 0.876904102782476
0.22270697900901 0.859775412381964
0.224598232806887 0.858802594853111
0.164175208186146 0.889853947158567
0.210340675945207 0.866133694793785
0.170434298758302 0.886640350171843
0.157339530508586 0.893364046218731
0.167285668423666 0.888257949810552
0.15972993785868 0.892136417898393
0.152985305745995 0.895599777736739
0.155415818070817 0.894351885339366
0.162908074307682 0.890504913241987
0.174908053213009 0.884343476754287
0.204627832940126 0.869070009876775
0.191065133832666 0.876039481804181
0.203543892900324 0.869633671861726
0.159494443700363 0.89225698659847
0.227138036969083 0.857498677463054
0.162758179913943 0.890582218011753
0.187445385066146 0.877903821969159
0.186991807339016 0.878134951896129
0.224949063893722 0.85862199280146
0.195753657732818 0.873636888851347
0.202001972122347 0.870428043073838
0.161447135621875 0.891255030443152
0.159253084659395 0.892381262633848
0.235823112877562 0.853034439373745
0.172886799368951 0.885381437875416
0.224545344696819 0.858831603248198
0.22464696248883 0.858777664548361
0.235043939030957 0.853432480875852
0.157734319120511 0.893161372542728
0.162908074307682 0.890504913241987
0.210038627951714 0.866288647229291
0.178602681564783 0.882442075196576
0.166508132796939 0.888657036685158
0.169183552368041 0.887283021381042
0.176967174740643 0.883285296132662
0.221625690585873 0.860338391057288
0.176491491202759 0.883532227768381
0.160422591819752 0.891780798574731
0.247531012164615 0.847018373571168
0.157734319120511 0.893161372542728
0.203718005523615 0.86954666010581
0.24537804603135 0.848137361648691
0.218739556007786 0.861821916243045
0.235823112877562 0.853034439373745
0.181673022932565 0.880865163774397
0.154669604548249 0.894735068019715
0.202300091203277 0.870270259517098
0.172886799368951 0.885381437875416
0.155719902561302 0.894195245810109
0.159946992894913 0.892024958574323
0.179900467213663 0.881775427182428
0.155415125060963 0.894352241221413
0.164626733874596 0.889622752324423
0.167864875446941 0.887960367946649
0.238632944397722 0.851593284996657
0.232839109291738 0.854567560732908
0.169868963052016 0.886931294412371
0.201221762983207 0.870820490989706
0.163821414008451 0.890036162892904
0.235708740039608 0.853089480657052
0.162090561289112 0.890924921046978
0.209298027350483 0.866676847832367
0.167456744341444 0.888169876248034
0.187371268893884 0.877942383868343
0.152993667549764 0.895595484225194
0.17192406075018 0.885874414770053
0.167470654256768 0.888162735436077
0.166146458786054 0.888840614341825
0.156585130753833 0.893751186601302
0.24537644610558 0.84813816675735
0.233980397709093 0.853981433503936
0.216763581756792 0.862845981590101
0.245420473878617 0.848100599153751
0.163377055898203 0.890263366484754
0.154839118171896 0.894647949842169
0.238708960468913 0.851554193249682
0.235708898917736 0.853089398079596
0.179055234960492 0.882209480891236
0.166572462758469 0.888624168656301
0.230775494018629 0.855627891953955
0.158275038069812 0.892883547027677
0.163377055898203 0.890263366484754
0.184810026472512 0.87925603416561
0.229141000429743 0.856470943797966
0.18892814566759 0.87714222954403
0.245420473878617 0.848100599153751
0.238708960468913 0.851554193249682
0.172586632707116 0.885535805457323
0.177947318381484 0.882781729479173
0.210038627951714 0.866288647229291
0.189583565225513 0.876803117710547
0.15657431950083 0.893756761678852
0.204250050646284 0.869270876184722
0.158545673139232 0.892744607565887
0.152137696534234 0.896034862863785
0.161960423675524 0.890991906788604
0.178516811444376 0.882490138805246
0.166777895857522 0.888518007367167
0.210984212073582 0.865801912025959
0.158517574083614 0.892759005689463
0.168991996288815 0.887381486505569
0.228062249703983 0.857022522059628
0.172830094268224 0.885408405605429
0.241490944550658 0.850115662882921
0.180303753566625 0.88157273974148
0.169676655677443 0.887029839656104
0.228011696003405 0.857048373458505
0.166616278795696 0.888600680169916
0.166572462758469 0.888624168656301
0.166315519760206 0.888755433047802
0.222316942987991 0.859984770917811
0.236075660027673 0.852912281133129
0.230771410747935 0.855629983753315
0.228569075294816 0.856761929126307
0.185430439143119 0.878942520939863
0.163366866149221 0.890269683382462
0.159744329434579 0.89212906722899
0.230775494018629 0.855627891953955
0.16113752889571 0.891413587066894
0.178583023334138 0.88245622742391
0.18292584549887 0.880222549857572
0.167198241345492 0.888302665447153
0.172698918844826 0.88547572122074
0.20023610013064 0.871332330531035
0.230447779893863 0.855799357139025
0.211935187520085 0.865324898574677
0.16820445806023 0.887785661351728
0.15476800032005 0.894684452356377
0.172698918844826 0.88547572122074
0.234723176107082 0.853608682183424
0.157554447196762 0.893253927090909
0.211935187520085 0.865324898574677
0.158275038069812 0.892883547027677
0.147234346392459 0.898552667563612
0.167021083311032 0.888393047049592
0.151641473763158 0.896289675650982
0.156774340900161 0.893654272290677
0.187344757016781 0.877954696988724
0.168978359267775 0.887387952247115
0.179697910981938 0.881881017552833
0.178534958051319 0.882479756175846
0.165073211117897 0.889393554731911
0.15751194802319 0.893275748338203
0.19896713120592 0.871978835325625
0.154968730305677 0.894581406816204
0.228042740390793 0.857037627674809
0.248545042642864 0.84649353449166
0.174338945329432 0.884635331570231
0.160936751051788 0.891516814605203
0.239150361765116 0.85132836063649
0.228956154933306 0.85656896166758
0.156774340900161 0.893654272290677
0.173715389772829 0.884953776033095
0.18892814566759 0.87714222954403
0.177302682508998 0.883112876053086
0.163366866149221 0.890269683382462
0.249800819961353 0.845849627026487
0.175446083862205 0.884065211625568
0.170128493311528 0.886794630066241
0.230441957901169 0.855802289192304
0.16091756912247 0.891526662900594
0.16820445806023 0.887785661351728
0.156774340900161 0.893654272290677
0.246325118215255 0.847638860139093
0.147234346392459 0.898552667563612
0.188881281663548 0.877165008762556
0.251423379078734 0.845012694719522
0.197130266085214 0.872929168018896
0.228567269706166 0.856768467550734
0.155705916010288 0.894202743668043
0.152129861255141 0.896039120527393
0.230460945855049 0.855792654497702
0.166563493500296 0.888628502293219
0.185301483142463 0.879005174698246
0.145499527485459 0.899443512239154
0.163437947172258 0.890233068423598
0.162709392026896 0.890606424591803
0.221753529877322 0.860269972906456
0.237954009364467 0.851938953568952
0.16204459760575 0.890948112174727
0.206101866059655 0.868320218843444
0.171718056057952 0.885981770738127
0.241190287863008 0.850278973659657
0.170786139392852 0.886458412408391
0.157498448098461 0.893282265113257
0.150677237062062 0.896784960205601
0.248201123253787 0.846676182530744
0.236075660027673 0.852912281133129
0.251953488061165 0.8447368119736
0.180866242470952 0.881285342992816
0.171718056057952 0.885981770738127
0.225682203395085 0.858256273363298
0.175446083862205 0.884065211625568
0.173715389772829 0.884953776033095
0.183666090949293 0.879847298561154
0.198683438479423 0.872132980304324
0.147234346392459 0.898552667563612
0.145499527485459 0.899443512239154
0.249826062180735 0.845831139275343
0.161458362822324 0.891248973167853
0.162732451654937 0.890594579003826
0.19741194126935 0.872782027363649
0.21912366328096 0.861619516524194
0.159666476703295 0.892168413346331
0.167614208295304 0.888086453675987
0.173096047241745 0.88527556287111
0.158093597735045 0.892977134746306
0.17078803155313 0.886457441400097
0.249206317169329 0.846154831874945
0.15676612802725 0.89365866735441
0.15030700518325 0.896975061187551
0.166408979285886 0.888707958764141
0.145499527485459 0.899443512239154
0.189682845573086 0.876753596608125
0.155705916010288 0.894202743668043
0.149104893911523 0.897592202000654
0.220683675888387 0.860817576571735
0.194844434292971 0.874100981067427
0.174185940928377 0.884713128880194
0.165379356008476 0.889235788447868
0.214359905076779 0.864076018471936
0.245897945353461 0.847856834779889
0.169891986443857 0.886919624907782
0.178483443590682 0.882505521226103
0.163896685419177 0.889997421788801
0.149104893911523 0.897592202000654
0.173142213629556 0.885251889109219
0.211000882530218 0.86580144812969
0.235439253639621 0.853245246428894
0.152743699040182 0.89572383307217
0.194844434292971 0.874100981067427
0.160418419261696 0.891782910626281
0.190648165479042 0.87626031057366
0.233306687798533 0.854328929791073
0.222999748364753 0.859626289363699
0.177458785981096 0.883032999048515
0.179537774401372 0.881965956241907
0.243503510639671 0.849086856913988
0.249619277815834 0.845953462309231
0.154956480391942 0.894587183669145
0.161907854031994 0.891018814052551
0.154105861291904 0.89502452860607
0.145178959498023 0.899608120096227
0.152129861255141 0.896039120527393
0.237954009364467 0.851938953568952
0.153720531775865 0.895222005129343
0.188599238525522 0.877311493938459
0.159768769907625 0.892116118887746
0.14522611635405 0.899583904390492
0.203292961130767 0.869765200799498
0.190214725266114 0.876478673399664
0.182025203173315 0.880685551522884
0.203726634021894 0.86953281261597
0.206410034690971 0.868152662365225
0.222145543441727 0.86006538291711
0.145184061695048 0.899605500185053
0.155199771541022 0.894462876355546
0.146102751025622 0.899133763843741
0.183822110959318 0.879763537921175
0.198802093715692 0.872063151212418
0.145314586092947 0.89953847720021
0.171077663536634 0.886308695967509
0.214395586607509 0.864050026594033
0.1541870878585 0.894982777612889
0.175050014115566 0.884269321803004
0.163948801658338 0.889969848853056
0.152128811602311 0.896039659508549
0.14657652889693 0.898890483020013
0.145136708895466 0.899629815494797
0.156521989845291 0.893783664479189
0.161907854031994 0.891018814052551
0.152368494503305 0.895916387354609
0.234515461362286 0.853716115163524
0.17078803155313 0.886457441400097
0.189121303508021 0.877043201642241
0.176238231297466 0.883657443864438
0.182597845543214 0.880393629964343
0.183822110959318 0.879763537921175
0.161942550138875 0.890999996559995
0.15215291284012 0.896027285265501
0.1748787376806 0.88435651372093
0.188873304386613 0.877170429038901
0.206022622658118 0.868351109749266
0.161310110113528 0.891325475020163
0.16877259593053 0.887491643212769
0.159956134800261 0.892020000482757
0.171330158512388 0.886181900802599
0.199988689547095 0.871460939314129
0.172816600933821 0.885416262150431
0.179136908433571 0.882169681362917
0.146768900910273 0.89879170383026
0.155146610357168 0.894490165396473
0.152147049976907 0.896030082436481
0.177786883975657 0.882863592027819
0.245742341258944 0.847932813813844
0.152069259423454 0.896070235979138
0.190195849099758 0.876490395779672
0.168728528540177 0.887514277091066
0.186784276479905 0.878243033668477
0.188440129996896 0.877391359797419
0.14655863784785 0.898899646670056
0.18809638464566 0.877566872620982
0.186445736550941 0.87841860926439
0.163948801658338 0.889969848853056
0.184401872775777 0.879464416120243
0.175479168948363 0.884049477705079
0.86889843145087 0.266436171284671
0.868999970741177 0.266273197765006
0.898121117358765 0.219451973883156
0.870153520618544 0.264417085111917
0.89669109453328 0.221754042664384
0.868999970741177 0.266273197765006
0.869800545692565 0.264985083990071
0.869718316383512 0.265125535418915
0.868708042417062 0.266740397872035
0.870914090085903 0.26319596564263
0.875128859349081 0.256424451624823
0.867672880630917 0.26841538796618
0.873561062102397 0.258946864509242
0.867232089001932 0.269111780882974
0.869800545692565 0.264985083990071
0.876430801926345 0.254329902692164
0.878703479949924 0.250674229618689
0.876430801926345 0.254329902692164
0.874235113406498 0.257859783045523
0.873880953158447 0.258427526063535
0.87505251713451 0.256547036363487
0.867239690815393 0.269099567442678
0.874682773962313 0.25714179109375
0.868653633834718 0.266829230651225
0.874550495077165 0.257350623730707
0.87541311613494 0.255966623610888
0.878651439811909 0.250757881301255
0.871048192273379 0.262980508967167
0.868637231725119 0.266865302220096
0.870433963271418 0.263969264987145
0.867500999484161 0.268689422922612
0.87045455846821 0.263934009506852
0.874047580995147 0.258156742858943
0.867481667930255 0.268714171288048
0.870315107169566 0.264155747546091
0.879169416726643 0.249935896426964
0.874850509500416 0.256886587788336
0.873877230659748 0.258436777945443
0.870118141337751 0.264472339799921
0.873984171932465 0.25826580495611
0.87541311613494 0.255966623610888
0.878996733610428 0.25021375141995
0.876981327242908 0.253444223366259
0.869330170531015 0.265751511116538
0.873714395758228 0.258698480803271
0.877764261235095 0.252186148306222
0.870118141337751 0.264472339799921
0.875702422125244 0.255501417879559
0.878371373175452 0.251213690704228
0.877764261235095 0.252186148306222
0.873921266710398 0.258369573038283
0.878931781029057 0.25030921615156
0.870325055827134 0.264150751207695
0.877232626601119 0.253050288074063
0.871879687477827 0.261647335784483
0.874103603868621 0.258072242419865
0.872845751479438 0.26009475336766
0.873861221604022 0.258470770250561
0.868072467774952 0.267764399201256
0.872174990455751 0.261171859798582
0.876654201698849 0.253975838529924
0.877232626601119 0.253050288074063
0.875702422125244 0.255501417879559
0.875943074783763 0.255116244701391
0.876263560629423 0.254600009947202
0.871931800833443 0.261562601760894
0.874103603868621 0.258072242419865
0.914893954642315 0.192457485406266
0.868071027924529 0.267766707831088
0.878372184968277 0.251212385470181
0.874827370863593 0.256906042887558
0.870021529356988 0.264637688854392
0.872746517641447 0.260256235801885
0.871931800833443 0.261562601760894
0.874902758579304 0.256787422995856
0.87583997561632 0.255280931824152
0.913730077630942 0.194331659168783
0.922807324411421 0.179711988636579
0.868757523021645 0.266671500367191
0.907648225311952 0.204117999398981
0.873861221604022 0.258470770250561
0.895914665365519 0.222999758785301
0.913730077630942 0.194331659168783
0.895914665365519 0.222999758785301
0.922847403805041 0.179647430387133
0.896265821890492 0.222434787219662
0.919414752267799 0.185175162816872
0.920145734309457 0.183999092416014
0.873786443686971 0.258581519960901
0.922017890028554 0.180983725935183
0.922847403805041 0.179647430387133
0.876206023522408 0.254691026963676
0.922847403805041 0.179647430387133
0.877411299544288 0.252758554312978
0.874755468061133 0.257022689801287
0.921001311459526 0.182620999454716
0.91940086036462 0.185197526657339
0.875325034779103 0.256108822836869
0.922847403805041 0.179647430387133
0.922847403805041 0.179647430387133
0.900977634512816 0.214854568970237
0.876466485078256 0.254273563198762
0.91946741263082 0.185091674481876
0.870021343583207 0.26463894754794
0.920132445902324 0.184021795082796
0.878664475307435 0.250745418362477
0.87583997561632 0.255280931824152
0.874367598542459 0.257646527973429
0.922847403805041 0.179647430387133
0.921025121390716 0.182582580027484
0.922089978631394 0.180868146498129
0.876329857994788 0.254500045723948
0.921436547561788 0.18191989928504
0.922089978631394 0.180868146498129
0.922429481883479 0.180320530972043
0.920694472691404 0.183114974451204
0.876167860091174 0.254757036723897
0.916893952232779 0.189235538121936
0.92260489341983 0.180039175618832
0.90629462505351 0.206302511654889
0.921025121390716 0.182582580027484
0.908103481465345 0.203391573847872
0.918148488512997 0.187215268947875
0.922458869308506 0.180273217159118
0.87826610488315 0.251386642512492
0.922789029203313 0.179741463109046
0.919233126122748 0.185467990872657
0.922847403805041 0.179647430387133
0.900284992242998 0.215966477242507
0.908729467816578 0.202380422292165
0.914249573171972 0.193493353207485
0.927675276786372 0.171871443941866
0.922429481883479 0.180320530972043
0.904213512866548 0.209645054643658
0.870708435445109 0.263533151133661
0.919646392753776 0.184804311743241
0.918862347847917 0.186065755598337
0.872808445925427 0.260150980631666
0.874896467952107 0.256795508994284
0.921952054406666 0.181089840180205
0.877271667771678 0.252977814569867
0.87733086004487 0.252890195567731
0.912655047209664 0.196061178559934
0.922694231021906 0.179894555588778
0.927681455037937 0.171861492554861
0.915198969943943 0.19196419216206
0.875188350653286 0.256333905092575
0.924627011654159 0.176781115103562
0.928699615773012 0.170221525538505
0.912719216236607 0.195958344441592
0.906289134732843 0.20631136509536
0.912008710032503 0.197101343233478
0.927675276786372 0.171871443941866
0.922824685080679 0.179685772306439
0.926201663266153 0.174245018567861
0.869110430155198 0.266102140616237
0.924844775988455 0.176430491959121
0.922820425622663 0.179690885690537
0.923969260198489 0.177840570332452
0.876420129012081 0.254353074627084
0.874202883549571 0.257913396362882
0.925797000636617 0.174897760843599
0.876886391864584 0.253603230094539
0.926201663266153 0.174245018567861
0.923202831902397 0.179075838763746
0.874294373063081 0.257765189205647
0.91266644200897 0.196043352092506
0.922637909290676 0.179985302581205
0.876399154901436 0.254386772960094
0.873854420746063 0.258474420771763
0.919723510197105 0.184680066968523
0.927973101697514 0.171391708836725
0.929535673636642 0.168875059999618
0.926201663266153 0.174245018567861
0.928691439691252 0.170234694490671
0.876886584579143 0.2536029212912
0.871445304227058 0.262342520171146
0.919584030010249 0.184902251305841
0.912008710032503 0.197101343233478
0.876889726356953 0.253597888782779
0.927598722293804 0.171994753584803
0.912719216236607 0.195958344441592
0.873665762032876 0.258777565709085
0.917420952319825 0.188386017503409
0.923960325032599 0.177854957127192
0.923986534491001 0.177812641913216
0.919232571328389 0.185468344893989
0.875499751539199 0.255832170751224
0.923022553135801 0.179365708957405
0.925485162354282 0.175400132546054
0.868088666434616 0.267741684608675
0.921399721448247 0.181979198088192
0.870284122304239 0.264213946163618
0.872601183283177 0.260487649275999
0.923266632215694 0.178972778136388
0.924011118089718 0.177773375855467
0.927765573923506 0.171725999921521
0.925703983269553 0.175046655300258
0.874106848739682 0.25806311348097
0.924807677670159 0.176490326050256
0.926201663266153 0.174245018567861
0.871863031453873 0.261692446277158
0.926251123641919 0.174165352745785
0.924330784006375 0.177258589458572
0.929033152131745 0.169684505056502
0.87551371912326 0.255809321487303
0.92792971384492 0.171461698573691
0.878822793601644 0.250496734906124
0.905135928126517 0.20816034714373
0.874535750655645 0.257377642919555
0.91551975771898 0.191448555467725
0.905582266728391 0.207441974046444
0.877171428543413 0.253146882785544
0.927161637012275 0.172699084148598
0.926468482760646 0.173815713715891
0.877354325392546 0.252849433039788
0.923267970739574 0.17897062232322
0.897745718126747 0.220054973832743
0.896283480063331 0.222411097168453
0.876884404877134 0.253605575321794
0.876665492387763 0.253961462670345
0.916686938907644 0.189567241385162
0.911504583070417 0.197913544270781
0.870719680260571 0.263508553133741
0.922713740300718 0.179863810035197
0.898013441728423 0.219624336877798
0.919672160382034 0.184760134693268
0.902499095407882 0.212404097295759
0.896620218733816 0.221869159550601
0.927187912182508 0.172656259801138
0.923622994401452 0.178398488410963
0.926491747954981 0.173778236910115
0.926688167767173 0.173461743361019
0.922714692626543 0.179862274970553
0.87232779708218 0.260923480223457
0.91998470945442 0.184258230544359
0.905171220200804 0.208103590748087
0.912367670225123 0.196522446762308
0.873854420746063 0.258474420771763
0.898013838220353 0.219623700491954
0.922598364119086 0.180048461034801
0.902569567446622 0.212290645750211
0.91940708018252 0.185189471544478
0.924953219357451 0.176256371792685
0.928640021974604 0.170317513649994
0.918621503016952 0.186452562218905
0.87089362664265 0.263237760887049
0.869601261456977 0.26530845370302
0.917975737007076 0.187492474134988
0.924258467930907 0.177375485935239
0.917655192173105 0.188008803939197
0.921155985796977 0.182374023699832
0.926853104680451 0.173195601518245
0.920561281638801 0.183328591081666
0.922722103478791 0.179850337018965
0.919296637545808 0.185366548364617
0.927973101697514 0.171391708836725
0.868885355374143 0.266463922805765
0.879406727627345 0.249557966372437
0.913747554664081 0.194300295686847
0.91940708018252 0.185189471544478
0.920735960037075 0.183046966396385
0.925018904581849 0.176151194102426
0.868556447727535 0.266993234024963
0.905363245521141 0.207794691859571
0.920438442360072 0.183527779443335
0.905645656033364 0.207340007462154
0.926380321358726 0.173957240328546
0.918851951326742 0.186081442721642
0.927691440917761 0.171845826717919
0.873318338728679 0.259334824614459
0.925919217396327 0.174700696263147
0.868806653160443 0.266592537548128
0.92365520004361 0.178347966698551
0.914145108907715 0.19366252247135
0.919949694018717 0.18431312339347
0.878876179371828 0.250404016980707
0.917238401965203 0.188680591580396
0.928984939664825 0.169762152903495
0.927192376287247 0.172649112049774
0.911677962394296 0.197630553146868
0.871279450956069 0.262613540214916
0.916641414066657 0.189641327239548
0.869667912229225 0.265204946578951
0.877870210012129 0.252017051968072
0.924855137374128 0.176414056946654
0.878081676943625 0.251680040420167
0.871787812340839 0.261799752902539
0.924035709818736 0.177734520740549
0.916908395501768 0.189211823799988
0.873318338728679 0.259334824614459
0.92710098294598 0.172796313700018
0.925206046050054 0.175849151418751
0.928640021974604 0.170317513649994
0.929535673636642 0.168875059999618
0.926312394484844 0.174066420142778
0.927010729334112 0.172941726268203
0.901007516582513 0.214804923172415
0.927676263108882 0.171870276318436
0.876914048999672 0.253552067278932
0.921430083903238 0.181931573480346
0.928505522801708 0.170534507382638
0.877929339557996 0.251921624114911
0.928459214063679 0.170609105296849
0.929438547984711 0.169031506221764
0.874018080166579 0.258216059192827
0.878115081793789 0.251622900379263
0.869734147437626 0.265099614298371
0.919876559792164 0.18443106318984
0.929563238079016 0.168830659739356
0.925196681368931 0.17586423787193
0.917020074916521 0.189032707351991
0.924758502033943 0.176568886595481
0.869058809925784 0.266182470529118
0.92875276378632 0.170135928212176
0.921589396709804 0.181673850624453
0.875726561365785 0.255472864521683
0.927184276494652 0.172662153683312
0.926362867063795 0.173985122668539
0.929711833900666 0.168591284622535
0.919852980397618 0.184471599968378
0.926378126812658 0.173961434930241
0.915246624182392 0.191888166836058
0.871581539850019 0.26212437430184
0.920914236668069 0.182759801963699
0.877901011372427 0.251966138767589
0.925206046050054 0.175849151418751
0.919733457769279 0.184661369154198
0.873472910981555 0.25908662965263
0.919949694018717 0.18431312339347
0.915490411663757 0.191494282439182
0.877979321227059 0.251840265855766
0.869280491242073 0.26583019792692
0.923351699412997 0.178836446308224
0.928775857507589 0.170098730799598
0.874018080166579 0.258216059192827
0.929711833900666 0.168591284622535
0.878199831971401 0.251490411335035
0.924056515299787 0.177700161783516
0.873460757141872 0.259107080264304
0.924955725895393 0.176252376928643
0.923399120958573 0.178760088698879
0.87050706170642 0.26385056897005
0.923683782576748 0.178300282576726
0.876979594047489 0.253446731990423
0.928477488929966 0.170579666633585
0.877787505514797 0.252150674793593
0.919939789413948 0.184329073278005
0.929700940798479 0.16860883051122
0.871581539850019 0.26212437430184
0.916178536074849 0.190385251061702
0.874056885743953 0.258146527386898
0.876822946460692 0.253698575560804
0.924059655106278 0.177695104234515
0.923283536304801 0.17894480494899
0.869767995185304 0.265042710369983
0.920962452991216 0.182683330835849
0.92374890685207 0.178195445442949
0.922589204977747 0.180064397922964
0.873986766256048 0.258258912514813
0.921832969735814 0.181280485139381
0.924215989069835 0.17744452941037
0.915062752517591 0.192183817917096
0.923728107211253 0.178228946240572
0.926623838085351 0.173564837441188
0.877889465451878 0.251984819641288
0.916052085316255 0.190588934488453
0.86750378384638 0.26868501146249
0.923607910695633 0.17842397770652
0.921114313923619 0.182439101719984
0.929438547984711 0.169031506221764
0.927096275107124 0.172803867520685
0.877890440784503 0.251983104603241
0.919853854127377 0.184469047758758
0.922906987284199 0.179551221226816
0.928459214063679 0.170609105296849
0.924191302520191 0.177484295543684
0.926096557800184 0.174414652677116
0.922246818880221 0.18061597195068
0.916111774617967 0.190492714807533
0.926626994681545 0.17355975311697
0.928680406124159 0.170252787836758
0.928459214063679 0.170609105296849
0.929979445200483 0.168160223099543
0.925309977654487 0.175681452733885
0.928855116725244 0.169971075945072
0.914606679392698 0.192917427237831
0.926108340003909 0.1743952973196
0.87017263550289 0.264395358575504
0.916166926465852 0.19040395380878
0.925472497390677 0.175419236485643
0.925012216206645 0.17616136058226
0.926894378240226 0.173129495003498
0.872835688176919 0.260110466995312
0.926235219289531 0.174190748552307
0.923457995460496 0.178664354156871
0.916495650753823 0.189875075905392
0.928127275844716 0.171143715954508
0.872147727137114 0.261219870784962
0.879481070256181 0.249432396719801
0.91977594649528 0.184594564123031
0.926323954207662 0.174047729787251
0.87810905311118 0.251632390859481
0.922638904088744 0.179983751950335
0.919506700947908 0.185029071376891
0.92331212067586 0.178898723774891
0.872887456603466 0.260024946047551
0.916495650753823 0.189875075905392
0.897439205130709 0.220546053446684
0.918108875803228 0.187277494420977
0.921282280579451 0.182168678454881
0.924856325884594 0.176411762258304
0.927667453365683 0.171884429905687
0.878131687769662 0.251596022467406
0.926962470846529 0.173019306491011
0.876491099701395 0.254232503961004
0.929721170530121 0.168576242611423
0.928289813697448 0.170881907016235
0.929642234332127 0.168703384665811
0.923283891937793 0.178944232202509
0.926323389512638 0.174048639275164
0.919439275104075 0.185136818039292
0.919819542414754 0.184522765273283
0.92445328827993 0.177062061864917
0.916385477743284 0.190052514994269
0.915933229890942 0.190780280695476
0.914106246761624 0.193722364874247
0.929713220523088 0.168589051478382
0.927184276494652 0.172662153683312
0.918108875803228 0.187277494420977
0.923033193249603 0.179348315318439
0.914755528528488 0.192677717512217
0.915926206723295 0.190791534844802
0.925878986395221 0.174765475213033
0.908599577953256 0.202590490207862
0.914138609544158 0.193670228705948
0.868982546638557 0.266303941424411
0.930003285078741 0.168121822833179
0.918933318623744 0.185949225022845
0.914297531704674 0.193414823630849
0.871330079622076 0.262536976418691
0.925482479361714 0.175403158371736
0.928844974022462 0.169987412966535
0.926294386593052 0.174095350154017
0.927119096042055 0.172767145820892
0.916696708651173 0.189553955194094
0.924202876633585 0.177464937145213
0.916785865267679 0.189407236499836
0.927647197891099 0.171917008273194
0.909672075571987 0.200862409292088
0.917344312401266 0.188508895592586
0.873115221025407 0.259667152969412
0.868829406071573 0.266550173818867
0.922882915127034 0.179592114087421
0.899648343431055 0.216989823633974
0.925967709585096 0.174621652569649
0.924268781165748 0.177357948579207
0.909672075571987 0.200862409292088
0.9225771246275 0.180083218588232
0.917446909818493 0.188343254208288
0.870452459596858 0.263951934483248
0.923619923259588 0.178403533208781
0.924830459544564 0.176452983308237
0.872494661814816 0.260661055357506
0.928855116725244 0.169971075945072
0.870860470045598 0.26329708150825
0.909913759314722 0.200470457385573
0.920695061430706 0.18311440107685
0.917544634870709 0.188185597339061
0.926451789091624 0.173842179176455
0.898572441858943 0.218724501953947
0.924533855312275 0.176931510496049
0.924245794782646 0.177394969668778
0.919957503347412 0.184302518903443
0.925576955742239 0.17525094502291
0.928854397883858 0.169972233795116
0.915275723503076 0.191840473653528
0.928179457090725 0.171059732354308
0.92968717737056 0.168630990610189
0.927031539099136 0.172908593505697
0.917845461421323 0.187703457060687
0.919344214778691 0.185288348175163
0.907609327315971 0.204181980483782
0.925485270669928 0.175398320752534
0.900175630839327 0.216143515989129
0.871977344816954 0.261501842148656
0.872172850642466 0.261178794809958
0.92693651469191 0.173061080832623
0.9108327722822 0.198994215574334
0.924360705834894 0.177209739367653
0.928347078484895 0.170789392131675
0.925745437511551 0.174979539180803
0.916385477743284 0.190052514994269
0.923619923259588 0.178403533208781
0.928459214063679 0.170609105296849
0.922246818880221 0.18061597195068
0.915998689884046 0.190676331666492
0.914554450024724 0.193000461259313
0.927724444986149 0.171792571077206
0.916311515114641 0.190171568118871
0.91969089796614 0.184728829043775
0.919682652531169 0.184744338449624
0.914769867911886 0.192654630329001
0.869563278720018 0.265374284956527
0.873059026967498 0.259753909521995
0.928611958026394 0.170362739328178
0.925433434189739 0.17548260726448
0.9169042197077 0.189217980181955
0.918785473695426 0.186187103004096
0.926803489619138 0.173275507997162
0.899781313347091 0.216778257487167
0.928052653059059 0.171263573824071
0.925640888679351 0.175148374206298
0.92303047656725 0.179353453806457
0.898532307137812 0.218787790829812
0.926558416222571 0.173670462194663
0.928406489039164 0.170693823118497
0.918355847596996 0.186880079225823
0.923234636779455 0.179024416958151
0.918833727655162 0.186109305803321
0.915494450439459 0.191488364638994
0.86979237465267 0.265010658507036
0.920329404334932 0.18370264285555
0.874694124154955 0.257119655856564
0.925619576720314 0.175182589510855
0.928899464671431 0.169899634645366
0.874699713919715 0.257110684561851
0.927986010445216 0.171371221921285
0.928761070482732 0.170122559081429
0.92218408886392 0.180715187621201
0.873616911294967 0.258865564158586
0.873931068309129 0.258349496704789
0.92524753184657 0.175781161065371
0.928900650981121 0.169897703584217
0.924498442605604 0.176988397301049
0.911924145999418 0.197236545048663
0.928502126183296 0.170539839837562
0.869957927192238 0.264740210152893
0.87154420620898 0.262182607171309
0.876261010934878 0.254606753646201
0.918766120657284 0.18621906416191
0.918355847596996 0.186880079225823
0.924921738642605 0.176306992087977
0.928796722133136 0.170065124375422
0.929110503836989 0.169559781116761
0.870044830923623 0.264608276285117
0.872647521819609 0.260419384497351
0.92106194110947 0.182523421982271
0.926903246782879 0.173115177130347
0.925268976067057 0.175747414997347
0.930020983143707 0.168093307530144
0.869871335899711 0.26488608554022
0.876260558571846 0.254607481007552
0.920982833318153 0.182650880438645
0.875051841892855 0.25655890231847
0.925221487691251 0.175823898442352
0.929978080950749 0.168162412501707
0.916504386911407 0.189861868079108
0.924702620157241 0.176659705006744
0.9169042197077 0.189217980181955
0.914769867911886 0.192654630329001
0.875661638666525 0.255569990530489
0.869321160295711 0.265770139584636
0.918566272647129 0.186540901611874
0.928323471428066 0.170827528134195
0.924963238779409 0.176239045252904
0.917076631142948 0.188939873686519
0.911811351726517 0.197418168650857
0.923619923259588 0.178403533208781
0.916307875208548 0.190178255514733
0.923955200987046 0.177863918743418
0.873618038015607 0.258863765813523
0.875818446109566 0.25531792024521
0.91942311718092 0.185162292512554
0.876059102248927 0.254937225729656
0.917845461421323 0.187703457060687
0.92303047656725 0.179353453806457
0.913908497346975 0.19404257154468
0.927184276494652 0.172662153683312
0.914151453046332 0.193649066396464
0.8740304187185 0.258196103631991
0.915494450439459 0.191488364638994
0.873014836620468 0.259832219546723
0.875242690681476 0.256246424371841
0.915620342204313 0.191285732955064
0.920352438700195 0.183665584987674
0.926903246782879 0.173115177130347
0.917118301847058 0.188872704657147
0.917386769262928 0.188440549257381
0.875214457105099 0.256291778154614
0.87559116293445 0.255682471210022
0.909563257816392 0.201037805589804
0.919175347030943 0.185562308568739
0.875091058486383 0.256484862579704
0.91438225049018 0.19327747088219
0.921961532435032 0.181074175732963
0.917895561929991 0.187621199312437
0.909560426267819 0.201042367421487
0.925967709585096 0.174621652569649
0.874481123729155 0.257470401483503
0.91596803212501 0.190725727872126
0.86911726084947 0.266085086721936
0.869333473770061 0.265750039186712
0.930020983143707 0.168093307530144
0.919190727854546 0.185537211998045
0.876613497744791 0.254042031363448
0.92123638029767 0.182241067888273
0.919290766627987 0.185373640586013
0.927389793715988 0.172331401824992
0.8679925917057 0.267897780901296
0.926745595525425 0.173369110024767
0.91795422631636 0.187527547979158
0.92492644836292 0.176298693660936
0.87559116293445 0.255682471210022
0.876033441669307 0.254973458941865
0.922444594577364 0.180295965145914
0.925979142404048 0.174603238967598
0.872354945082191 0.260878410028375
0.914772434645285 0.192649605139401
0.928007215371971 0.171336757339948
0.918743051387641 0.186256268711146
0.927162052359489 0.172698247056502
0.930020983143707 0.168093307530144
0.925671093335105 0.175099940995317
0.928694278974294 0.170230324065059
0.871646021301587 0.262025625654192
0.874507289856332 0.25742823389047
0.913921530411139 0.194019342607135
0.875295946124701 0.256154660923134
0.912944910619155 0.195593573804723
0.930035715583452 0.168069577602929
0.925979142404048 0.174603238967598
0.914358147651904 0.193316865442607
0.927841629078054 0.171603617896632
0.925020806041458 0.176147169657974
0.923955200987046 0.177863918743418
0.92649733073985 0.173768736053505
0.912385308374987 0.196494204155124
0.875800061264346 0.255351686162225
0.918455172207966 0.186719221671479
0.917994694548 0.187462377883378
0.927162615639474 0.172697291706209
0.921787420456937 0.181355905950779
0.919290766627987 0.185373640586013
0.87540311455271 0.255989176415104
0.914377286105946 0.193286502155203
0.925979142404048 0.174603238967598
0.916504386911407 0.189861868079108
0.915015169960064 0.192258771591911
0.876735245431061 0.253844120699235
0.898969471192158 0.218085488145816
0.914361128916507 0.19331207198433
0.874568039072502 0.257328282756261
0.927364545789158 0.172372038525876
0.922834615546543 0.179667170240937
0.915869499149501 0.190884806656907
0.922591164181634 0.180059447949572
0.876891252767291 0.25359748881049
0.924426230984424 0.17710422022163
0.872561641464308 0.260555367488073
0.923169552090985 0.179127766184286
0.927875225312756 0.171549843889171
0.928285195081253 0.170889308714925
0.928502126183296 0.170539839837562
0.912944910619155 0.195593573804723
0.927044371965274 0.172887445967109
0.876033285772318 0.254973628427141
0.873827718309045 0.258523726840178
0.919103331030215 0.185675813677213
0.919507675615507 0.185024103636318
0.927364051257715 0.172372642393373
0.929162962980915 0.169475230561274
0.876613497744791 0.254042031363448
0.928328517050894 0.170819346763036
0.91795422631636 0.187527547979158
0.929590610058543 0.168786498011479
0.909609107614117 0.200965970537589
0.923042604276196 0.179332404168078
0.87393098702829 0.258357591326237
0.920335382853569 0.183694567274423
0.868793663811978 0.266610672768152
0.916432233901124 0.189975901499775
0.927975627783109 0.171387934073362
0.87036938662775 0.264083678074867
0.919103331030215 0.185675813677213
0.924384710689698 0.177171789353183
0.872119307639203 0.261266181603947
0.926014177818155 0.174547309467426
0.922019990960578 0.180979879895394
0.924706342592575 0.17665371064489
0.928285195081253 0.170889308714925
0.918727633344937 0.186283510796092
0.874941293544874 0.256727666599159
0.875548589231878 0.255755816925063
0.921907308216605 0.181161467183806
0.873461782869236 0.259103172029691
0.87036938662775 0.264083678074867
0.874568039072502 0.257328282756261
0.915211359089356 0.191944481219167
0.8721347659073 0.261236018439251
0.867801711261421 0.268207110811028
0.911879615125654 0.197307617430794
0.875488954741693 0.255851886005239
0.925190539796101 0.175873529991457
0.928994608188747 0.169746591993298
0.914778242131675 0.192642113590363
0.92965007331498 0.168690741693713
0.927044371965274 0.172887445967109
0.928328517050894 0.170819346763036
0.925692902379323 0.175065113794118
0.919900580902391 0.184394855859054
0.920260830184204 0.183814753398849
0.9252780985371 0.17573273372765
0.928541843301704 0.170475814376432
0.919448488854891 0.18511951151295
0.920465158270546 0.183483132815823
0.929421136695133 0.169059500098969
0.925511375896055 0.175357206256171
0.917386769262928 0.188440549257381
0.930035715583452 0.168069577602929
0.926747678699045 0.173365910857293
0.924384710689698 0.177171789353183
0.920229036446297 0.18386421183198
0.929445448990384 0.169020332369174
0.917994511362642 0.18746377653038
0.926681377242677 0.173472464585919
0.871370687564833 0.262471916617879
0.930723997021625 0.166960918232419
0.925225717420137 0.175816817251615
0.87752503783441 0.252578813998086
0.91435737149079 0.19331711068766
0.924740695703669 0.176598796050544
0.927700584616703 0.17183052752441
0.924740695703669 0.176598796050544
0.877505267967876 0.252610799552675
0.87522423152266 0.256274069446778
0.927700584616703 0.17183052752441
0.924557353492355 0.176893852227099
0.87656968637482 0.254112272021564
0.927975627783109 0.171387934073362
0.927882799125862 0.17153741975046
0.924122216108599 0.177593963971097
0.928442668858058 0.170635530845732
0.873758550470826 0.25863505464009
0.921001262101811 0.182621319290569
0.92484975270888 0.176422087048568
0.874588384768056 0.257301109597813
0.924029015811393 0.177744801005715
0.91995678005668 0.184303368471147
0.929314551641369 0.169231171311782
0.877468922835184 0.252669347846358
0.927887708987779 0.171529511227873
0.916658670864636 0.189612874280884
0.921324463788574 0.182101341037616
0.927441327977668 0.172248301190381
0.875718659319636 0.25548343593183
0.878425842565302 0.251127299950145
0.928035523623201 0.171291225617938
0.920957337865542 0.182690700046807
0.926631842527693 0.173552089931777
0.876866344105354 0.253635893849374
0.917052298681161 0.188980521905817
0.876256064019543 0.25461642666559
0.91995678005668 0.184303368471147
0.925387265801556 0.175557093474462
0.929634754330092 0.168715417313824
0.925646884176011 0.175138851311408
0.923459764843905 0.178660311635679
0.87911997942922 0.250015565224127
0.917706322760138 0.187925540889831
0.929954657897544 0.168200127345492
0.930408253359169 0.167469483202239
0.926168129196056 0.17429916845911
0.920872928593369 0.182826241063216
0.872310834738947 0.260966036816592
0.928814263115467 0.170036990747392
0.927613800272872 0.17197064101513
0.920065393172101 0.184128573788722
0.879134798993121 0.249989464894996
0.925423073091577 0.175499365904739
0.919956843015447 0.184303266106991
0.877469099527876 0.252669062922217
0.928606994537618 0.170370870079843
0.924980010481687 0.176212517149993
0.875517060543732 0.25580797306837
0.93082114386336 0.166804441490108
0.916076199247503 0.190552044222214
0.916658670864636 0.189612874280884
0.907579513625538 0.204227334835436
0.872082867722205 0.26132678750616
0.927066791686315 0.172851547935083
0.876938728601034 0.253522015406914
0.875707298809267 0.255498600915774
0.876252116489069 0.254623068907831
0.930505633974042 0.167312636373268
0.928338581017567 0.17080326081914
0.921190794641025 0.18231449932323
0.287991060103166 0.796423416248492
0.284390702414268 0.798039394020936
0.284453508418742 0.798011675719673
0.285492481574251 0.797545830055584
0.329656981576021 0.777719013782916
0.284967674093525 0.797780975416014
0.291687624392699 0.794767975368694
0.282143387989015 0.799048748580849
0.284934546749929 0.797796135682857
0.353530712477392 0.76699038723884
0.282143387989015 0.799048748580849
0.284865798808834 0.797826233087291
0.291813309868604 0.79470900572192
0.285492481574251 0.797545830055584
0.291813309868604 0.79470900572192
0.279524190301015 0.800223764631511
0.290254078574647 0.795408419516246
0.289101688171258 0.795926139521057
0.281597436344662 0.79929361867079
0.283226614378895 0.798561809388212
0.279106546934872 0.800411482422505
0.282102255432617 0.799067381969497
0.284610249502212 0.797941960466184
0.291813309868604 0.79470900572192
0.287063147722298 0.796840645036074
0.281597436344662 0.79929361867079
0.284042195896172 0.798196468914811
0.307185558994262 0.787807068525566
0.289113008603243 0.795920596739145
0.282643470257496 0.798824295656811
0.289168557040471 0.795895764244352
0.308991995382294 0.786998606852137
0.279106546934872 0.800411482422505
0.290217538883173 0.795424952271157
0.285153709445827 0.797697517145113
0.308991995382294 0.786998606852137
0.282801321227504 0.798753130876014
0.286946063709019 0.79689313823193
0.358714406119508 0.764653625209541
0.33760505288511 0.774146159309619
0.282137881892951 0.799050644574056
0.286400515584602 0.79713927065116
0.285153709445827 0.797697517145113
0.278197999983278 0.800819108388914
0.284987799825797 0.797772158327893
0.280688064753936 0.799702262643555
0.286400515584602 0.79713927065116
0.28145600869458 0.799357128768865
0.281653005230446 0.799269245836002
0.305435200611055 0.788594522972196
0.284987799825797 0.797772158327893
0.275784135788615 0.80190151382304
0.28040315570138 0.799830190043858
0.377758721845867 0.756090412769716
0.277789825997544 0.801001332905929
0.279260254558224 0.800341968059466
0.275784135788615 0.80190151382304
0.279826788213815 0.800087887859076
0.392422697730465 0.749485729405996
0.379185789148198 0.755449712283402
0.295535875872998 0.79303861498833
0.279808530017241 0.80009603613679
0.278185089545851 0.80082413326332
0.275771924964854 0.801906989437241
0.312370230723141 0.785480733881144
0.312370230723141 0.785480733881144
0.271614393718303 0.803772820018658
0.275771924964854 0.801906989437241
0.271614393718303 0.803772820018658
0.286630769313445 0.797035082226287
0.284987799825797 0.797772158327893
0.279808530017241 0.80009603613679
0.275104014402854 0.802206319254724
0.284601073583775 0.797946002253144
0.277986183380193 0.800913172054493
0.355492925091307 0.766104587737002
0.284601073583775 0.797946002253144
0.274505270331772 0.802474912911294
0.278100725526356 0.800861875840429
0.295326569534845 0.793133341963769
0.281453877892766 0.799358833283157
0.277904134240318 0.800950545990361
0.274772244913938 0.80235516731122
0.326237262386898 0.779253540689033
0.275050537833988 0.802230303484798
0.27493945419274 0.802280146603185
0.275104014402854 0.802206319254724
0.30585145710328 0.788410627960377
0.280775613052118 0.799661011099343
0.308278084869851 0.787318145667179
0.288306733312399 0.796283661797658
0.276095649644498 0.801761991113192
0.278971228750793 0.800471260311796
0.281060136963375 0.799535114406236
0.323635343436224 0.780419717797198
0.328878541940627 0.778064502962365
0.317770748005568 0.783056440987407
0.281060136963375 0.799535114406236
0.284237573828259 0.798108218175682
0.308456343809843 0.787238396351837
0.304118606680489 0.789186251626366
0.285751778725441 0.797430379019501
0.27062224732009 0.804217771895104
0.274982950061607 0.802261326633366
0.273761936496236 0.802808829615304
0.313020591113587 0.785187565419317
0.279334441932836 0.800309327844367
0.282329477993443 0.79896486408489
0.319325974908991 0.782358611529496
0.333126200958319 0.776158441765998
0.282329477993443 0.79896486408489
0.286273948475958 0.797194509858595
0.33324267127075 0.776106152370306
0.268123094933006 0.805338557083328
0.301939171302539 0.790164098761278
0.323360620004684 0.780545798726069
0.31214511180786 0.785583137134104
0.301649795635572 0.790293811370875
0.287924512214514 0.796454815245272
0.294379742017039 0.793558230496138
0.275956860995438 0.801823728736866
0.2708320917722 0.804123654952317
0.285732762805212 0.797437979569349
0.286235574998614 0.79721223950549
0.308430959237187 0.787251924249871
0.271899391348665 0.803644837090641
0.268093495231307 0.805351833037114
0.279588196428441 0.800194601810143
0.33031708733031 0.777420147854414
0.275956860995438 0.801823728736866
0.271020302813085 0.804039255660171
0.274786734332109 0.80234895829452
0.269086620258933 0.804906468149931
0.279857182606718 0.800073873885837
0.27848415575568 0.800690110429116
0.267858466253419 0.805457313158559
0.278554316296316 0.800658637527669
0.279857182606718 0.800073873885837
0.271030753687374 0.804033857728039
0.277113141245438 0.801304640804321
0.366496425682786 0.761152024204786
0.366555668660178 0.761125403819779
0.368146684509827 0.7604104924896
0.378520656512877 0.755741907655608
0.370165907164421 0.759500999301704
0.375990944780651 0.75687881292759
0.367923225043979 0.760511093697664
0.380029276226486 0.755063215911846
0.366584177070298 0.761112280920652
0.370165907164421 0.759500999301704
0.355938955699914 0.765901930766145
0.367331564957252 0.760775863713798
0.360638189298219 0.763785743880417
0.366584177070298 0.761112280920652
0.366372974817059 0.761207114222254
0.367565851297773 0.760670844148862
0.370165907164421 0.759500999301704
0.356077499075778 0.765839558773997
0.386177075115746 0.752293771245652
0.355693637338272 0.766009432346078
0.368527725938826 0.760243736599848
0.387921287492614 0.751508174033964
0.385191379261399 0.752737476044965
0.355693637338272 0.766009432346078
0.384208870693774 0.753181132805567
0.363499582662574 0.762502011398658
0.363499582662574 0.762502011398658
0.363499582662574 0.762502011398658
0.366313534461272 0.761238317888985
0.348912315654981 0.769061555970989
0.323043648179113 0.780685541980775
0.348934477883913 0.769051535101416
0.369809983441624 0.759664508936756
0.348374708970891 0.769302914265825
0.369781816211311 0.759677921278853
0.348934477883913 0.769051535101416
0.385278971266136 0.752699722416358
0.348923809253339 0.769056336953835
0.379236046695359 0.755425600946938
0.349056781539506 0.768996470446768
0.319568093609717 0.78225003816646
0.381154699794406 0.754556934642259
0.369665144912074 0.759727275263268
0.382452281523868 0.75397267807105
0.383109143960133 0.753677886172051
0.359683685701426 0.764216568832533
0.38099674079955 0.754630805127505
0.378138287739183 0.755918622341799
0.386444101967284 0.752172019210171
0.384938962380579 0.752849016767688
0.387110702622274 0.751872737277162
0.384938962380579 0.752849016767688
0.378138287739183 0.755918622341799
0.385311490038092 0.752689557277545
0.396482941412109 0.747653508615007
0.341865959395608 0.772229313482234
0.392623560246336 0.749390046221284
0.366754368355508 0.761037585648651
0.295962471444691 0.792847494293098
0.349795922764165 0.76866624305913
0.347704548621502 0.769608769056962
0.312293214133951 0.785515242620005
0.396513853971328 0.747634608496827
0.366713861782116 0.761055812245382
0.360353165899796 0.763915781810221
0.382701500465145 0.753867175375321
0.316557663602717 0.7835990210593
0.312293214133951 0.785515242620005
0.315581519121381 0.784037544939824
0.348212096090488 0.769381367458289
0.338751004071374 0.773635032195126
0.321972597230062 0.781168338201024
0.325115774789067 0.779756358245006
0.312293214133951 0.785515242620005
0.312293214133951 0.785515242620005
0.38831747334111 0.751326998568278
0.315581519121381 0.784037544939824
0.319538895171196 0.78226288912339
0.371722512248226 0.758806409785571
0.342036148901042 0.772153379645841
0.371722512248226 0.758806409785571
0.327698625758818 0.778597102057039
0.325596593758003 0.779542287111784
0.317666008948285 0.783104841931356
0.390070049368241 0.750543130018171
0.328699942770365 0.778145960429617
0.291193852695363 0.794987209846508
0.330969285381262 0.777127761287234
0.316490625516146 0.783630977386203
0.354687871724876 0.766465893326069
0.316490625516146 0.783630977386203
0.378488983358311 0.755759839414417
0.353917666238252 0.766815462996562
0.385647011574068 0.75254048463359
0.362284692244604 0.763050920582315
0.389274694370039 0.750901872366241
0.323722281886515 0.780384336015747
0.292912234264751 0.794216723399639
0.377608953128172 0.756156073836505
0.378488983358311 0.755759839414417
0.322820356141651 0.780789109739425
0.384689605326116 0.752966084211296
0.330410160389887 0.77737990822718
0.291814847843782 0.794708143998852
0.292912234264751 0.794216723399639
0.32091928326225 0.781641311905733
0.29267819522483 0.794321725911356
0.29090525632045 0.795116740524267
0.317521963351793 0.783168562467915
0.291312081524008 0.794934215245454
0.384689605326116 0.752966084211296
0.318121852852433 0.782897921514132
0.307393717306325 0.787714310598181
0.371594835839043 0.758864094558089
0.303362397472518 0.7895260511382
0.286492700493227 0.797096952480291
0.326924939831335 0.778942562251051
0.286880427156006 0.796923010188843
0.290348928846473 0.795365519655007
0.291277543556326 0.794949702218371
0.32931587664443 0.777873180276083
0.290348928846473 0.795365519655007
0.338827475917986 0.773598221359078
0.318952662173267 0.782525035360995
0.284200130323099 0.798126464929754
0.327599946797039 0.778641552981843
0.329333474211158 0.777860328021881
0.29705634159895 0.792355096325287
0.336008648904715 0.774863930679935
0.336034656687313 0.774850515892895
0.326924939831335 0.778942562251051
0.329035749711909 0.777997598844815
0.330203163991689 0.777470584530232
0.29789688397031 0.791979190553022
0.323696896958715 0.780394555361228
0.323696896958715 0.780394555361228
0.323697723310007 0.780394184170951
0.313177094688781 0.785120447595261
0.309323769141639 0.786848521871174
0.316311028558874 0.783711918400898
0.296605066764618 0.792558943149419
0.309323769141639 0.786848521871174
0.282127587255421 0.799056232500407
0.320348419973746 0.781898175939514
0.358596833358785 0.764711770498665
0.305066086010614 0.788762334943599
0.320348419973746 0.781898175939514
0.303871691914866 0.789296261214728
0.298951216573569 0.791505787068983
0.329432708905684 0.777817988387484
0.305405379234095 0.788609408635839
0.303837169697121 0.789311740871054
0.303880078102067 0.789292480629698
0.306196327761212 0.788252323693265
0.302060234233987 0.790107793924551
0.304511406800802 0.789012460526351
0.278753559437006 0.800571326474632
0.290504862575545 0.795297090254558
0.298528819060533 0.791694920867145
0.30935429667938 0.78683648849613
0.389503058651756 0.750802392326946
0.386731530725893 0.752044256499957
0.305354735447521 0.788630504122476
0.296605066764618 0.792558943149419
0.274269141294888 0.802580996622843
0.297227380402608 0.792279473369945
0.286032761234554 0.797303730164457
0.387180538016439 0.751842476113274
0.292167500307567 0.794549925845028
0.303882417983049 0.78929147128291
0.297012498115563 0.79237597240681
0.38373732249141 0.753397289713886
0.289856675426435 0.795588773027313
0.304511406800802 0.789012460526351
0.286032761234554 0.797303730164457
0.282615806402737 0.798837471342947
0.27987608666983 0.800065868371227
0.308625265566162 0.787162757379501
0.298528819060533 0.791694920867145
0.27987608666983 0.800065868371227
0.28206497899485 0.799085091524138
0.305900063126973 0.78838735963342
0.29795117959057 0.791955080992254
0.28984797937364 0.795591521990396
0.313736847730214 0.784865926227842
0.286900649254347 0.796914157922339
0.286369685430376 0.797152195892765
0.312649511736247 0.78535318482442
0.305900063126973 0.78838735963342
0.356850555514762 0.76549424808094
0.356660136743754 0.765579770443983
0.278643098013418 0.800619772097869
0.313965522704324 0.784765074470816
0.277437282633026 0.801159912931594
0.296470115132355 0.792619960854736
0.31261532053138 0.785368349075517
0.322563353146046 0.780905424810888
0.322563353146046 0.780905424810888
0.914142181444486 0.193667736354584
0.322563353146046 0.780905424810888
0.322563353146046 0.780905424810888
0.322563353146046 0.780905424810888
0.914142181444486 0.193667736354584
0.914176343487905 0.193612960899879
0.905300932050712 0.207898374009944
0.911191127546607 0.198419987089744
0.898381120522829 0.219036125651114
0.315233639254042 0.784195438902035
0.911085587731461 0.198587926479329
0.871152584145352 0.262818587409611
0.907125731597195 0.204960270220388
0.868892697143017 0.266447379690422
0.914385702949443 0.193275696192663
0.912890309902534 0.19568358022646
0.916617370084689 0.18968056827159
0.916640385533914 0.189643518083112
0.907332788387343 0.204626937083106
0.279334561996408 0.800308648823148
0.916640385533914 0.189643518083112
0.916640385533914 0.189643518083112
0.271199060499243 0.803959041236782
0.916640385533914 0.189643518083112
0.279281832674585 0.800332284742611
0.916781984726437 0.189414982779957
0.868142573513678 0.26766473228388
0.274221358125305 0.802603043603399
0.275146346529359 0.802187792773501
0.913587371487197 0.194561364098341
0.282430573845457 0.798919457522634
0.87694312008297 0.253517005405831
0.868142573513678 0.26766473228388
0.274221358125305 0.802603043603399
0.875673006128769 0.255555759405069
0.921218274643232 0.182271861031845
0.279281832674585 0.800332284742611
0.868142573513678 0.26766473228388
0.91233687378428 0.196575279834054
0.909821986891232 0.200622366528103
0.920124316091512 0.184033926339933
0.275146346529359 0.802187792773501
0.282430573845457 0.798919457522634
0.921558800860053 0.181722400199862
0.918076226600517 0.187331108990194
0.919952898304274 0.184308617084915
0.907781041429953 0.203905184303991
0.913624129002659 0.19450036333245
0.920051705975223 0.1841503862465
0.920619168091212 0.183235504235236
0.283913863372626 0.798253957551347
0.919952898304274 0.184308617084915
0.916374007521099 0.190071840126182
0.920759635229502 0.183009585472207
0.921558800860053 0.181722400199862
0.269087512325662 0.804906115583551
0.273648544066215 0.802860153254461
0.919952898304274 0.184308617084915
0.282690115504931 0.79880203102202
0.269087512325662 0.804906115583551
0.917411108500505 0.188401626433801
0.917411108500505 0.188401626433801
0.920989120170836 0.182640059799396
0.279825023958289 0.80008854447793
0.922119965533968 0.180818610326215
0.917411108500505 0.188401626433801
0.280251512304862 0.799897211351711
0.913577951145377 0.19457512813097
0.920989120170836 0.182640059799396
0.275537729843348 0.80201209958738
0.269087512325662 0.804906115583551
0.917411108500505 0.188401626433801
0.870804716484365 0.263378537064027
0.278830114453249 0.800534793375761
0.901739572931088 0.213625248625897
0.922119965533968 0.180818610326215
0.918508924806948 0.186634103027268
0.275536869691461 0.802012485464457
0.278830114453249 0.800534793375761
0.282690115504931 0.79880203102202
0.280960173718216 0.799579268493122
0.92185348997679 0.181247614800233
0.918454664100112 0.186721534293516
0.269087512325662 0.804906115583551
0.269087512325662 0.804906115583551
0.917837815857636 0.187714615840633
0.922119965533968 0.180818610326215
0.922134037052335 0.180795928538013
0.921717394532485 0.181466607449327
0.275294166890688 0.802121389248973
0.279947331088729 0.800033539604474
0.870269581126202 0.264247737556881
0.27134543081184 0.803893207210944
0.870269581126202 0.264247737556881
0.918129737567431 0.187244967854562
0.870647181897291 0.263641171877916
0.923532289571116 0.17854404707265
0.269087512325662 0.804906115583551
0.275537729843348 0.80201209958738
0.269688019961645 0.804636322125997
0.280170888605329 0.799933182872323
0.267732186812774 0.805513430069537
0.269688019961645 0.804636322125997
0.92278427447881 0.179749196716294
0.918813893775944 0.186143289737424
0.269833193384867 0.804571609757484
0.913506256299842 0.194688934801108
0.273884023075467 0.802753702057578
0.923532289571116 0.17854404707265
0.90141760517349 0.214149728069539
0.923314037974168 0.178895517353245
0.267410181866651 0.805658185300775
0.923532289571116 0.17854404707265
0.279992328638998 0.800013081385621
0.921640398419567 0.181591056453592
0.275780448960326 0.801903253974383
0.923797498855616 0.178116936593223
0.276302499974648 0.801669200346608
0.920798195875777 0.182947019232559
0.86746916597003 0.268737184686515
0.274038883079851 0.802684348023502
0.26746306869501 0.805634606451558
0.923699707282227 0.178274438342379
0.918129737567431 0.187244967854562
0.276730918557962 0.801476052368149
0.924332443284153 0.177255414439963
0.921159203074925 0.182365820088213
0.266776745380454 0.805942369781789
0.911754626249397 0.1975080437994
0.276730918557962 0.801476052368149
0.92278427447881 0.179749196716294
0.91357650957085 0.194575768595395
0.273310909004235 0.803011567140195
0.924332443284153 0.177255414439963
0.92278427447881 0.179749196716294
0.266776745380454 0.805942369781789
0.924332443284153 0.177255414439963
0.923007503124598 0.179389063424183
0.921640398419567 0.181591056453592
0.278031332319423 0.800893460340635
0.273310909004235 0.803011567140195
0.921561989441005 0.181717403166233
0.284240979486859 0.798106431812355
0.921159203074925 0.182365820088213
0.269418385285261 0.804757367277929
0.327005146298725 0.778905216472071
0.922943315099794 0.179492463153318
0.266948711315955 0.80586525652373
0.870369593742041 0.264077321919041
0.921189887371589 0.182316404358189
0.924199260935357 0.177469928651569
0.913340404968708 0.194955698751239
0.271655652673498 0.803753887574282
0.266776745380454 0.805942369781789
0.924332443284153 0.177255414439963
0.924332443284153 0.177255414439963
0.870864266212686 0.263295424832812
0.279964805271259 0.800025430965215
0.924363984800176 0.177204631738985
0.326339911371005 0.779204038248109
0.2920821031068 0.794588235024378
0.271655652673498 0.803753887574282
0.269418385285261 0.804757367277929
0.283374489849691 0.798496154007608
0.291954506759112 0.794646142949861
0.921005733808466 0.182612677574696
0.322566028892939 0.780899479651037
0.922247329315476 0.180613499842343
0.293550499785851 0.793929673685533
0.919476989571813 0.185076667933969
0.268990201566532 0.804949598886116
0.896584745134012 0.221926411182054
0.295795219623553 0.792922190434693
0.322566028892939 0.780899479651037
0.31523130760871 0.784198162142784
0.922985680491106 0.179424664077774
0.917419087880533 0.188391420223721
0.295837712441949 0.792903159028058
0.328086341190303 0.778419542206046
0.923633735177049 0.178380594648258
0.294193240807033 0.793641012527866
0.28990151134271 0.795566387127665
0.913746792451376 0.194302170253998
0.266486223123816 0.806072697099869
0.293511576428957 0.793947102295359
0.915996985731304 0.190680069339489
0.921066992331206 0.182513958269779
0.917419087880533 0.188391420223721
0.284418604297756 0.798027637917727
0.869255215581022 0.265872833483978
0.917419087880533 0.188391420223721
0.915996985731304 0.190680069339489
0.92413621463457 0.177571126899143
0.293571408246725 0.793920275151546
0.919476989571813 0.185076667933969
0.921002716364005 0.18261753635128
0.915030104843075 0.192236567186857
0.277020172958102 0.801347623681904
0.290079594356172 0.795486461365261
0.921185762890073 0.182323441011355
0.279964805271259 0.800025430965215
0.924459393095989 0.177051090591029
0.288208762365072 0.796326599128504
0.867308212806849 0.269000749675348
0.283081598818743 0.798627600705032
0.328221504757704 0.778358454761648
0.266486223123816 0.806072697099869
0.277020172958102 0.801347623681904
0.323316941530281 0.780564742433797
0.294524735076579 0.7934934045659
0.921002716364005 0.18261753635128
0.293445518516296 0.793975458564596
0.327005146298725 0.778905216472071
0.274018442771583 0.802693442707723
0.278888083047538 0.800509248598788
0.266773883814616 0.805943653436428
0.278334880472653 0.800756841897856
0.92119078020354 0.18231466194304
0.923491434633461 0.178609746121048
0.915080805177967 0.192154916034336
0.869748382340383 0.265081094869544
0.308370224086616 0.787277194865136
0.924470233984491 0.177033627877922
0.294524735076579 0.7934934045659
0.266493883585607 0.806069261836154
0.266486223123816 0.806072697099869
0.27377665406046 0.802801802043585
0.283034519290426 0.79864886799694
0.267192576198561 0.805755916686596
0.924470233984491 0.177033627877922
0.323238578229627 0.780598163320412
0.921652226526101 0.181571596749121
0.266486223123816 0.806072697099869
0.275078262029656 0.802218386966349
0.31913497965271 0.782442909693721
0.312206912476749 0.785554225270442
0.924238403141349 0.177406896763032
0.266486223123816 0.806072697099869
0.924470233984491 0.177033627877922
0.869255215581022 0.265872833483978
0.287577803612663 0.796609432071163
0.924470233984491 0.177033627877922
0.328735846694381 0.778127777616588
0.381079229404568 0.754594009108432
0.377562300347827 0.756175761877337
0.391334982019704 0.749974935942228
0.385140098851235 0.752766910938689
0.385319547843252 0.75267959021908
0.360945391262432 0.763650960162418
0.385119012983437 0.75277015079036
0.343784751571767 0.771370311893654
0.344687087053089 0.770964847706085
0.357946593174503 0.764998689645226
0.388871111852139 0.751082535726945
0.388871111852139 0.751082535726945
0.385244474907125 0.752718222237959
0.330597410528284 0.777291569653054
0.358272711658926 0.76485207024576
0.330616162683827 0.777283143202053
0.366860859548913 0.760989052466369
0.385504549391664 0.752601017975602
0.385170956842362 0.752748777342618
0.335543429955118 0.775068656019843
0.354761082883815 0.766432112264769
0.363831922767862 0.762352102247032
0.37751777687062 0.756193771312042
0.379003322539973 0.755525113694552
0.353364834939132 0.767059538106563
0.366860859548913 0.760989052466369
0.35685843004055 0.765487928158866
0.381107274297725 0.754579360918211
0.362885101047551 0.762776629884428
0.362885101047551 0.762776629884428
0.363831922767862 0.762352102247032
0.311534493745039 0.785853401589802
0.338675547274674 0.773664626005979
0.382346361884523 0.754022285479306
0.380911193392213 0.754667120075417
0.38061804434148 0.754799009739467
0.361416275001305 0.76343886048787
0.359983130573186 0.764083355150049
0.374089924230556 0.757736879897263
0.388555954744695 0.751226544859577
0.345315385476349 0.770679431812828
0.345595353934915 0.770556395289628
0.378627789401202 0.755694107629201
0.352679232596041 0.767368215936566
0.380078396770155 0.755044884228234
0.35794759020645 0.764998241660957
0.389933174042699 0.75060534917782
0.379742394795977 0.755191204749157
0.352679232596041 0.767368215936566
0.328537181647766 0.778221620171026
0.354212151031574 0.766680096144895
0.363793692409418 0.762369337058662
0.391044489143907 0.750103994143049
0.388555954744695 0.751226544859577
0.378561031422764 0.755724199244739
0.382346361884523 0.754022285479306
0.39180828119811 0.749758667278752
0.352679232596041 0.767368215936566
0.308511789368347 0.787217419099327
0.37707764939568 0.75639296733212
0.354984475691739 0.766331355958024
0.376643347993666 0.756587278263785
0.378561031422764 0.755724199244739
0.361414874246811 0.763440009438674
0.351034458697185 0.768105205183673
0.356947611967664 0.7654488189547
0.382969589870101 0.753740310770563
0.362673384812317 0.762874143584017
0.308511789368347 0.787217419099327
0.39135184157257 0.749970734139452
0.291552668334086 0.794826147632852
0.36179523860549 0.763268262079878
0.37707764939568 0.75639296733212
0.38373736693628 0.753394390873573
0.357529516410549 0.765185491696514
0.368407135830092 0.760294053136411
0.291552668334086 0.794826147632852
0.354227938962429 0.766670476325771
0.342188390808377 0.772084019693013
0.35319061884281 0.767137826670433
0.39358110767718 0.74895852284826
0.393566578139437 0.748965076632251
0.35115166973248 0.76805355302823
0.393566578139437 0.748965076632251
0.366771907123119 0.761028293258292
0.374303950124571 0.757642925084002
0.356957274868136 0.765444568431346
0.35115166973248 0.76805355302823
0.363736097882923 0.762395200081117
0.376756981296779 0.756537255210229
0.376467358202961 0.756667227492023
0.363831922767862 0.762352102247032
0.28591775620346 0.797354794210984
0.351499624250438 0.767897111245978
0.346882235948053 0.769974223843155
0.387674425821327 0.751625360285202
0.34920012258665 0.76893222163918
0.376656083380961 0.756581563084633
0.371209623223456 0.759031529372987
0.284815186641328 0.797849152315822
0.286634388931479 0.797033025009723
0.370166477963196 0.759499954067528
0.35115166973248 0.76805355302823
0.351088181526819 0.768082105519351
0.358736149274366 0.76464902527597
0.359292046654112 0.764392075627073
0.376656083380961 0.756581563084633
0.36255830908446 0.762925772915969
0.328381093571972 0.77829036683194
0.362691388763174 0.762866070449383
0.279206282788973 0.800366250387069
0.358801281331292 0.764614352876417
0.387412488446568 0.751743574254127
0.276418350330286 0.801617444199895
0.351892726401826 0.767720935516385
0.276418350330286 0.801617444199895
0.341478102296243 0.772407338624347
0.371209623223456 0.759031529372987
0.28591775620346 0.797354794210984
0.291323212189822 0.794930320628142
0.37449545800385 0.757554247339173
0.312705664650172 0.785331442564311
0.356594801775744 0.765605850011466
0.274434480285793 0.802507246819815
0.383815869473731 0.753357651352305
0.382353797568395 0.754011634691674
0.285951834113602 0.797339515368904
0.279206282788973 0.800366250387069
0.370070318980001 0.759544379153692
0.274434480285793 0.802507246819815
0.287773109113353 0.796522760371985
0.279206732622351 0.800366048562486
0.276357243842487 0.801644872335696
0.277504840139657 0.801130017012128
0.277504840139657 0.801130017012128
0.275216029319386 0.802156738366741
0.297254614399371 0.792267473997602
0.358753839538369 0.764635680310579
0.35772927312778 0.765097414387281
0.344020018786927 0.771260800102747
0.282043722683197 0.799093150792402
0.384450080581514 0.753068503802907
0.275220484315744 0.802154739980254
0.29260175052546 0.794355137973312
0.274434480285793 0.802507246819815
0.364183129236966 0.76219136127241
0.392280204168812 0.74955199482226
0.284815186641328 0.797849152315822
0.374493041908425 0.757555342141614
0.343798454273011 0.771362791167329
0.384413407580667 0.753084648569097
0.357746675052807 0.765089236385372
0.349506480656861 0.768792748542624
0.279206732622351 0.800366048562486
0.274643285266322 0.802413577093069
0.381144030033265 0.754564011087298
0.35143281271136 0.767927264378548
0.386556939996318 0.752125811409058
0.277545558285668 0.801112019809452
0.367803629951218 0.760566564826686
0.277545558285668 0.801112019809452
0.356973323647873 0.765441122065817
0.276741502806908 0.801472665083263
0.371066478773696 0.759098753096512
0.355335787259865 0.766174093848906
0.279541467024441 0.800215820901893
0.366231989402312 0.761277034535462
0.386086160043353 0.752338118117197
0.348336498861376 0.76931879770465
0.372235918081016 0.758572146237144
0.358753839538369 0.764635680310579
0.339821623439058 0.773149288757084
0.315173167707549 0.784222077657315
0.380505881915091 0.75484933797206
0.271508825020504 0.803819211402076
0.358203316462706 0.764882509393388
0.271718808685232 0.803724962728287
0.272834810276425 0.803224668571033
0.296301540401915 0.79269624277553
0.348613560781998 0.769194215302099
0.270578281396565 0.804236899573925
0.352123889623087 0.767616904104495
0.342590327947242 0.771904245471389
0.319512886929792 0.782270764022414
0.353148807651122 0.767159120497277
0.384687804086658 0.752968140113633
0.369936376420983 0.75960624696815
0.267978986951416 0.805402655117281
0.35590807068618 0.765914824800736
0.33308123044192 0.776176506556432
0.340175169063238 0.772992043401454
0.274312830982668 0.802561810921583
0.270578281396565 0.804236899573925
0.268002323834198 0.805392194318376
0.278509960776584 0.80067803784493
0.348613560781998 0.769194215302099
0.347055648418706 0.769894963157055
0.334751677813643 0.775426981563927
0.372235918081016 0.758572146237144
0.266718607735796 0.805968160895629
0.373978240785171 0.757786509502149
0.358338203433069 0.764821877092491
0.275306556086459 0.8021161903684
0.271499847617701 0.803823242394471
0.358338203433069 0.764821877092491
0.318251679776942 0.782837593602095
0.272926620521457 0.803183100201028
0.373978240785171 0.757786509502149
0.370038768956356 0.759559688223747
0.28447977839892 0.797999328911083
0.348613560781998 0.769194215302099
0.276881205752728 0.80140931829245
0.373978240785171 0.757786509502149
0.284401387178291 0.798034560773011
0.272926533963697 0.803183138541451
0.319670616565924 0.782201570201518
0.359045509369541 0.764503283030912
0.311126265106884 0.786037717130023
0.347119340258702 0.769866193453974
0.32714575850767 0.778843486792729
0.342362432142594 0.772007967078831
0.268002323834198 0.805392194318376
0.318750775519997 0.782613438237146
0.371724996852214 0.758801353089369
0.322657431856778 0.780861823241982
0.270578281396565 0.804236899573925
0.271846370832454 0.803667862558376
0.359363462630729 0.764362539245667
0.264232719480958 0.80708338166114
0.283405514680912 0.798481640783
0.276624802153196 0.801524450221204
0.35033241907855 0.768426746549141
0.347119340258702 0.769866193453974
0.283537418828024 0.79842240758437
0.268002323834198 0.805392194318376
0.276041993145882 0.801785724208916
0.276277130554667 0.801679952550306
0.282588069457716 0.798847867505917
0.326751361682458 0.779020057779811
0.352609255615777 0.767396716496991
0.311842537818151 0.785716003143666
0.267222425474969 0.805742060765188
0.347119340258702 0.769866193453974
0.270206589929611 0.804403427835119
0.347119340258702 0.769866193453974
0.296301540401915 0.79269624277553
0.288011635003865 0.796415416936807
0.377481442942566 0.756212050073764
0.275160688887427 0.802180730661889
0.318750775519997 0.782613438237146
0.35471006465802 0.766453573274494
0.271817620920164 0.803680773356106
0.342362432142594 0.772007967078831
0.272223089287852 0.803499059572888
0.273156407577864 0.803080011012703
0.266322534784708 0.806145801216366
0.376334932897833 0.75672935833043
0.288840962707544 0.796042701207416
0.268002323834198 0.805392194318376
0.266065205568315 0.806261428492659
0.284672428781048 0.79791411494362
0.268002323834198 0.805392194318376
0.2812644801023 0.799443355052676
0.302989987923983 0.789692735513004
0.377254031194716 0.756314999708999
0.268302558218856 0.805257501724077
0.37003368414913 0.759563965427101
0.286909221762464 0.796909645898335
0.274168457307541 0.802626115639259
0.269339633434689 0.804792607153506
0.273010198707208 0.803145657901144
0.353260830746239 0.767110921506375
0.264232719480958 0.80708338166114
0.267538543160156 0.805600402471658
0.348613560781998 0.769194215302099
0.288237041738773 0.796313718192421
0.2812644801023 0.799443355052676
0.265503469072903 0.806513071320141
0.288920726549651 0.796006900251994
0.274312830982668 0.802561810921583
0.288227825511838 0.796317851599095
0.270466032582669 0.804287091264627
0.264329548970768 0.807039917111528
0.264947422623959 0.806762867662846
0.284747624681242 0.797880498526257
0.269715911661374 0.804623790569868
0.276551966921131 0.801556504388328
0.275124917580388 0.802197438215571
0.272622924576097 0.803319407599474
0.396178441625046 0.747793757097457
0.266533428529889 0.806051413142309
0.266322534784708 0.806145801216366
0.270169570802194 0.80442076687296
0.266388399524571 0.806116239732867
0.264947422623959 0.806762867662846
0.295383452760073 0.793106514888334
0.272622924576097 0.803319407599474
0.263711901240057 0.807316875668599
0.2812644801023 0.799443355052676
0.275178729095129 0.802173645073349
0.269693824933066 0.804633437369504
0.267355362372038 0.805682529159331
0.289370294882257 0.795805367357588
0.31226753303385 0.785524961620876
0.263348171632724 0.80748010152459
0.276220098626598 0.801706235776154
0.262397099792741 0.807906588869187
0.266380814591502 0.806119641171843
0.265124064982365 0.806683502165374
0.311312684569185 0.785955100448182
0.270651076831389 0.804203941026491
0.265428434162113 0.806547065688719
0.268302558218856 0.805257501724077
0.274312830982668 0.802561810921583
0.31226753303385 0.785524961620876
0.304507254822512 0.789013046934596
0.292493644549786 0.794404515469233
0.271557950730172 0.803796993669979
0.274841147169701 0.802324762245213
0.271138611366072 0.803985652973258
0.270649416450621 0.804204634964497
0.26846691531349 0.805183702197903
0.292493644549786 0.794404515469233
0.277135131112307 0.801295979122416
0.28962332830797 0.795691604158059
0.27920437767097 0.800366452856461
0.266233902331669 0.806185514392162
0.294236502745161 0.793622050065223
0.269796093584134 0.804587541852232
0.264568757392961 0.806932598626735
0.306327576561277 0.788192920693538
0.271557950730172 0.803796993669979
0.280144263461786 0.799945122929511
0.263724521108974 0.807311219630367
0.272614816044531 0.803323042817315
0.276153550505458 0.801735605036043
0.297123754255754 0.792323773266472
0.288143911642657 0.796356206340446
0.263770454450967 0.807290612137795
0.280408216317618 0.799826692413785
0.269083269413219 0.804907888881575
0.286909221762464 0.796909645898335
0.271620697475935 0.803768982279214
0.280819913512632 0.799641494430133
0.301312249035511 0.790444311712548
0.288556877355145 0.796171438613632
0.286909221762464 0.796909645898335
0.303278233146177 0.78956429098868
0.272698492815457 0.803285525999865
0.373703901150938 0.757909538527794
0.309846439483078 0.786614328934328
0.265223803459119 0.806638694295215
0.264947422623959 0.806762867662846
0.264947422623959 0.806762867662846
0.284654614538991 0.797920337488567
0.272622924576097 0.803319407599474
0.288556877355145 0.796171438613632
0.284265696765869 0.798094888808695
0.299365997570901 0.791318855790459
0.271003868423911 0.804045604944988
0.268867812782308 0.805004542797726
0.266141021824956 0.806227190319155
0.297125716922763 0.79232303322203
0.269759946116637 0.804604239804855
0.272841655926569 0.8032211367368
0.314736474044203 0.784417432392059
0.269134549602868 0.804884584436338
0.281682563550203 0.799255455914687
0.289567755348448 0.795717247100233
0.289882189273801 0.795575054691811
0.314522092501425 0.784512786279882
0.273184513399919 0.803067716250135
0.34249117439662 0.771948984953283
0.276094387627236 0.801762823981374
0.27715943383388 0.801284118302867
0.266141021824956 0.806227190319155
0.289195269835009 0.79588431186911
0.270359178133491 0.8043348738917
0.268217320480022 0.805295569266945
0.306227661189489 0.788239233448012
0.301139914479831 0.790522034907089
0.262408592674672 0.807901438789574
0.279455701032427 0.800254228131761
0.261466870900978 0.808323734872397
0.266388399524571 0.806116239732867
0.269759946116637 0.804604239804855
0.261267752556843 0.808413037274595
0.28839828764239 0.796240604602978
0.295195038298063 0.793190694445763
0.262408592674672 0.807901438789574
0.289195269835009 0.79588431186911
0.27715943383388 0.801284118302867
0.289654315475231 0.79567720605394
0.266388399524571 0.806116239732867
0.261203785535758 0.808441749512117
0.296816087504328 0.792462116534068
0.273079955953409 0.803114819132056
0.281682563550203 0.799255455914687
0.290242783537743 0.795414310831334
0.301757913779662 0.790247898246474
0.319003112659058 0.782503086290596
0.299365997570901 0.791318855790459
0.262146139975098 0.808019026261237
0.291434108073537 0.794878760441995
0.262065035653833 0.808055409215006
0.289535398893248 0.795730565698688
0.265529673660791 0.806501645703787
0.270417691648562 0.804308487755359
0.268994959817181 0.804947015227363
0.311640144729264 0.785808809724995
0.261203785535758 0.808441749512117
0.268567614014941 0.805138426131243
0.361082798835792 0.763592755791153
0.269761845301969 0.804603387449807
0.265260359401543 0.806622425810822
0.279246944044213 0.800348500499542
0.290475749523184 0.795310134363454
0.315333919112013 0.784149281183934
0.270685466045321 0.804188592742758
0.296326063602553 0.792681996210184
0.280236837461197 0.79990320665606
0.270663222322722 0.804198650599347
0.290366790809064 0.795357096238561
0.27596423785624 0.801821384309389
0.265424160534778 0.806548965610858
0.261203785535758 0.808441749512117
0.287132651927132 0.796808827192391
0.284155288437991 0.798144649807595
0.261795828082167 0.808176170912498
0.295185504149568 0.793194004150912
0.287458246626494 0.796662706485996
0.27715943383388 0.801284118302867
0.26790604467994 0.805435337624474
0.263740825158521 0.807303676821435
0.268709675609761 0.805075439498891
0.269095856848828 0.804901534610076
0.261203785535758 0.808441749512117
0.261203785535758 0.808441749512117
0.287214422605796 0.796772094380547
0.28547080947663 0.7975541354556
0.26461204367035 0.806913180691242
0.281409504291681 0.799377812469515
0.287876930971284 0.796475122374921
0.314522092501425 0.784512786279882
0.280390787778846 0.799834651872321
0.285567235241978 0.797511096583501
0.278129456499619 0.800848533465709
0.299393469976006 0.791306400975179
0.287822450655829 0.796498814353915
0.261860434616759 0.808147173094377
0.289831104736847 0.795598049834819
0.268802403927318 0.805033488140031
0.278713938596205 0.800586247397154
0.278129456499619 0.800848533465709
0.266678323723976 0.805986330884885
0.261359272104142 0.808372008417625
0.267243658857297 0.805732466831407
0.288549460998914 0.796172762894012
0.279354017878637 0.80029887577221
0.270519491077905 0.804263045695457
0.295974356219631 0.792841055376973
0.261674195481612 0.808230723492126
0.268832896492614 0.805019814950483
0.295567798610355 0.793024296695542
0.262146139975098 0.808019026261237
0.27726176100715 0.801238139900467
0.278730313867061 0.8005789466564
0.281315685926366 0.799419347959236
0.273079955953409 0.803114819132056
0.284130471215682 0.79815579177285
0.265628239934988 0.806457327893377
0.278730313867061 0.8005789466564
0.269155182166314 0.804875489820751
0.295567798610355 0.793024296695542
0.261813792456259 0.808168146380849
0.28523510824817 0.797660592487895
0.265529673660791 0.806501645703787
0.27086323373326 0.804108961628994
0.301533902887157 0.790345415287865
0.267104580892826 0.805794886100708
0.322134422894428 0.781096823736175
0.27727274913242 0.801233200648016
0.260840657722114 0.808604625456491
0.31134329870246 0.785941114120187
0.292311219590492 0.794486785370974
0.301533902887157 0.790345415287865
0.270556961193743 0.80424633175679
0.274285325579282 0.802574232538162
0.282476861276694 0.798897826499268
0.263712326035916 0.807316685064077
0.277841124406134 0.800978124651123
0.304201831254073 0.78914818667041
0.29697411010648 0.792391092521695
0.278317805394625 0.800763987183201
0.267243658857297 0.805732466831407
0.364571552721192 0.762021785429744
0.262146139975098 0.808019026261237
0.293367892932173 0.794009494526071
0.280586907920549 0.799747469137156
0.27640429841869 0.801622704712437
0.260840657722114 0.808604625456491
0.274703427080285 0.802386657471475
0.274553547856494 0.802454015372005
0.293910072313836 0.793768711143342
0.262515702655117 0.807853234027739
0.329378229339179 0.777843940192188
0.283695630983966 0.79835082915128
0.296387796620975 0.792655143577584
0.269052628467054 0.804920966117676
0.271479368008396 0.803832277200289
0.30368690562646 0.789377241073569
0.266230176497709 0.80618717032357
0.276533695698311 0.801564499119917
0.303774017068199 0.789340757471194
0.277952401863428 0.800928415700795
0.260840657722114 0.808604625456491
0.263711901240057 0.807316875668599
0.276239176299195 0.801697238031836
0.278332173720709 0.80075800780051
0.267243658857297 0.805732466831407
0.283492813970297 0.79844227799629
0.267658823311774 0.8055462156323
0.264691723064921 0.806877448877108
0.286411253206124 0.797132324668824
0.281666771075625 0.799262835454942
0.298561282618473 0.791680142423745
0.294068264353288 0.793697009519335
0.260840657722114 0.808604625456491
0.279813037965439 0.800092984903052
0.265755194937198 0.806400397529828
0.277253042517149 0.801242037301812
0.281440839420512 0.799362539039481
0.265655475904928 0.806445122092578
0.286317652824881 0.797174348106377
0.281666771075625 0.799262835454942
0.282431652163497 0.798917959323325
0.278755362175011 0.80056767216288
0.260840657722114 0.808604625456491
0.27623822743066 0.801697663827691
0.260840657722114 0.808604625456491
0.29697411010648 0.792391092521695
0.283154912624749 0.798593725942234
0.297613477550502 0.79210512369266
0.272344938726123 0.803444746304565
0.279418576162099 0.80027026666827
0.26113480728621 0.808472673230919
0.268193279339426 0.805306706023389
0.260840657722114 0.808604625456491
0.307467820296082 0.787682734000655
0.264364488973505 0.807024134790738
0.27726176100715 0.801238139900467
0.290733019843943 0.795192423848069
0.271079075716134 0.804011742472107
0.275620202975411 0.801975267796515
0.272344938726123 0.803444746304565
0.277155963953203 0.801285429277375
0.285850086517492 0.797384196656116
0.259907636461106 0.809023110467952
0.26113480728621 0.808472673230919
0.278210478750147 0.800813715648884
0.260769626062392 0.808636476467738
0.26461204367035 0.806913180691242
0.331565536321369 0.776859419180007
0.331565536321369 0.776859419180007
0.331565536321369 0.776859419180007
0.379017543620349 0.755519699572004
0.31829463669752 0.782822317554195
0.331565536321369 0.776859419180007
0.314384589962624 0.784576440033307
0.318267382266879 0.782834567336312
0.372353528663057 0.758519277015751
0.332697767496755 0.776350722357153
0.314371489996837 0.784582366354064
0.331565536321369 0.776859419180007
0.324914521647713 0.779849422323113
0.356476049150333 0.765663252358476
0.332639897674617 0.776376866522541
0.375094157841503 0.757284410549957
0.367930289936738 0.760509911533606
0.321651891410506 0.781312953303771
0.331761344366514 0.77677324628875
0.278496684669628 0.800684153186138
0.336065293351291 0.774837850386171
0.367850024938532 0.76054644618502
0.370175477053232 0.759498483219982
0.367850024938532 0.76054644618502
0.389153506442257 0.750950510638091
0.32183347539401 0.781232301356279
0.300142012308284 0.790970790122773
0.28027859828391 0.799884757721991
0.291709787764334 0.794755920464896
0.319562386497528 0.782251029722798
0.314228923150115 0.784646499392272
0.314371489996837 0.784582366354064
0.291709787764334 0.794755920464896
0.317215992130783 0.783305215737571
0.319562386497528 0.782251029722798
0.317215992130783 0.783305215737571
0.327877067678698 0.778517654232732
0.279484772873916 0.800240858471527
0.281759935357743 0.799219802270128
0.323625141002025 0.780427209914461
0.283965600594902 0.798230602522394
0.31070130290825 0.786229994335506
0.33916351065448 0.773445925762336
0.281663437054832 0.799263107479683
0.298026753324433 0.791921286350844
0.320096516382182 0.782011146186256
0.283125504436681 0.798607507474027
0.294521143053388 0.793494841546738
0.319495221210539 0.782279885149575
0.370912803241729 0.759164878320216
0.27891659454814 0.80049584506084
0.288354076956302 0.796261684064164
0.288986363297207 0.795977918794948
0.310277512243933 0.786420259872966
0.288003928791468 0.796418286004318
0.30747037986788 0.787680538525454
0.283125504436681 0.798607507474027
0.288003928791468 0.796418286004318
0.293435524283764 0.793979920963397
0.293498049453045 0.793951847561839
0.320685533477357 0.781744259873787
0.283349930330072 0.798506834930055
0.310921355717792 0.786131460779114
0.322360805843934 0.780993970590853
0.360469811040127 0.763865976527508
0.320685533477357 0.781744259873787
0.336050359346129 0.774844627000488
0.28489498529341 0.797813623104534
0.278496684669628 0.800684153186138
0.291907979962198 0.794666985646698
0.31247024964163 0.785434513601167
0.28662869400005 0.797035702542044
0.27839925274807 0.800727873264311
0.322808061492999 0.780793446729189
0.328075439884884 0.778430171333741
0.28489498529341 0.797813623104534
0.27906079337503 0.800431052466614
0.278014939738694 0.800900355050866
0.280568564182161 0.799754669272411
0.28662869400005 0.797035702542044
0.276756982597324 0.801464716287378
0.295198601321345 0.793187651886493
0.271432976401181 0.803853228910805
0.290748353353763 0.795186494915892
0.317336449939194 0.783248755347465
0.28888841926063 0.796021915241961
0.320685533477357 0.781744259873787
0.293123534001876 0.794122476915393
0.304751875189638 0.788901966402697
0.281466110005584 0.799352079383148
0.28748417418605 0.79665235543838
0.311424111779475 0.785903528185689
0.286745938187246 0.796982560696051
0.290142984773719 0.795458177302048
0.304858065453345 0.788854809726499
0.319389546093364 0.782327011715171
0.277675286332526 0.801052926943607
0.320956013389391 0.781622656934249
0.289902364067249 0.795565977829002
0.276756982597324 0.801464716287378
0.271432593228679 0.803853399519805
0.379300909665814 0.755393958230989
0.29347688354635 0.793962039347163
0.287219661848679 0.796770486188937
0.302046429259766 0.790116444868901
0.271417766676114 0.80386005254429
0.326614659408192 0.779084534444623
0.284821772202022 0.797846483243824
0.2966193705855 0.792549827644331
0.310843436714398 0.786164855006166
0.283125504436681 0.798607507474027
0.293123534001876 0.794122476915393
0.381852492094597 0.754245206832231
0.278713151821047 0.800587035272044
0.32277761110154 0.780807107461767
0.276664054923513 0.801506514234503
0.308522272082115 0.787206789067895
0.293123534001876 0.794122476915393
0.289902364067249 0.795565977829002
0.319885951734841 0.782105296784008
0.281172756295999 0.799483719397162
0.317304717721441 0.783263340720925
0.290245682143385 0.79541209037417
0.290415478188626 0.795335696084788
0.271602898169248 0.803776926956668
0.296589696673158 0.792564009325268
0.276664054923513 0.801506514234503
0.285424424438224 0.797575993454846
0.276746019107201 0.801469478535016
0.301583237306973 0.790324236736395
0.306028369376435 0.788328323612433
0.317142551987995 0.78333747449955
0.30794631704989 0.787466915760961
0.316876204267064 0.783458435898741
0.298823176785496 0.791561211658541
0.265609979707059 0.806465533881763
0.281711600201022 0.799241325406064
0.288028843825467 0.796407510686872
0.297171539310593 0.792303506515349
0.284782499310312 0.797864058067213
0.265532373234481 0.806500343467059
0.30794631704989 0.787466915760961
0.324606264305113 0.779987049934773
0.281961979137147 0.799128847538854
0.264527287046291 0.806951088440412
0.288381914326373 0.796248527580284
0.309173720460632 0.786916418938679
0.265599876977003 0.80647006535198
0.261630542362407 0.808250376831677
0.280568564182161 0.799754669272411
0.286840323083202 0.796940972626512
0.308648610517522 0.787152042546217
0.361830769141409 0.763253182177381
0.291392503353627 0.794896217730248
0.264527287046291 0.806951088440412
0.361830769141409 0.763253182177381
0.27906079337503 0.800431052466614
0.265617998017132 0.806461937352066
0.338597532993607 0.773697846775571
0.350747955038285 0.768238983254091
0.287942111224712 0.796445433393899
0.303346948909318 0.789532912391179
0.272464244000406 0.803390627973263
0.345768330980897 0.770479687387223
0.293793122819874 0.793818663651048
0.340276164420657 0.772947916327798
0.295863786114199 0.792892324288253
0.288592763692022 0.796152770314492
0.261630542362407 0.808250376831677
0.272464244000406 0.803390627973263
0.277382743965908 0.801184044219757
0.302364631844115 0.789972701932064
0.350747955038285 0.768238983254091
0.30794631704989 0.787466915760961
0.357795726420812 0.76506943109434
0.264527844471753 0.806950838412285
0.310557455284289 0.786294675678332
0.311696755590817 0.785783859854274
0.265965732569834 0.806306009630034
0.261630542362407 0.808250376831677
0.26173205026072 0.80820484695609
0.324606264305113 0.779987049934773
0.2902715892147 0.795401462619197
0.27916601018721 0.80038427644658
0.272464244000406 0.803390627973263
0.28650732926497 0.797090163687079
0.317890527178316 0.783001184106093
0.289262611799639 0.795852133797479
0.305754798060359 0.788453892926938
0.385644314992228 0.752541513978694
0.302364631844115 0.789972701932064
0.279540657257793 0.800216307471935
0.287328888849212 0.796721601656199
0.264161810782 0.807114972833439
0.271393749527977 0.803871047041862
0.357220606600776 0.765328329896298
0.295630717466474 0.792993676759641
0.294878434980541 0.793333524096848
0.269823467667231 0.804575475420418
0.269823467667231 0.804575475420418
0.342982836576416 0.77172911336845
0.303083458839761 0.789650938122756
0.261630542362407 0.808250376831677
0.326704692996533 0.779041025367075
0.269819586131665 0.804577217627558
0.266265249556844 0.806171683721949
0.273339574719999 0.802997905517646
0.276347227479505 0.801648290864918
0.286905060143694 0.796911629182637
0.284947700461942 0.797790300719569
0.28650732926497 0.797090163687079
0.292118009061706 0.794572582398953
0.281187389474449 0.799477225524196
0.260875732913976 0.808588911665407
0.327275126424377 0.778784706760212
0.287203543729904 0.796776879808088
0.285870686395096 0.797374833703336
0.281293307250428 0.799430077258359
0.28664803777296 0.797026181405519
0.264617730942711 0.806910474321391
0.275795145219955 0.801896105187659
0.272346367212097 0.803443843164835
0.282507482270528 0.798884808271809
0.265496337590603 0.806516555134926
0.277980231149931 0.800916050465197
0.28395766844149 0.798233368823656
0.311696755590817 0.785783859854274
0.297339869356983 0.792227270958143
0.317884462939995 0.783005865984012
0.272346367212097 0.803443843164835
0.261559195051231 0.808282377445087
0.275509456161716 0.802024444151861
0.305851548679583 0.788405731334963
0.30605787583491 0.788315400894533
0.264066588536753 0.807157829757916
0.287941795584421 0.79644557502047
0.262104985719043 0.808037598561743
0.283543979824713 0.798419649836571
0.345871919724553 0.770432385453538
0.290052939433851 0.795497275181047
0.27475798743235 0.802362285548647
0.264948443252289 0.806762139010756
0.288228066304558 0.796317099030853
0.346579331663702 0.770112847708843
0.3056360566767 0.788505611001218
0.269703568234931 0.804629213192753
0.283934391106874 0.798243817411485
0.33316067961108 0.776142489519565
0.273339574719999 0.802997905517646
0.265187239821885 0.806655111971507
0.265883342990292 0.806342906018907
0.287941795584421 0.79644557502047
0.272489182173645 0.803379432144944
0.292670333976283 0.794325095454638
0.285856927084363 0.797381015929576
0.288441007005734 0.796221534369331
0.336570775577882 0.774609121696938
0.385706502642933 0.752504357315931
0.341245934477443 0.772509018271558
0.319856185314024 0.78211999592621
0.315442296416391 0.784101609221235
0.324308046249973 0.780117966885766
0.283921233081218 0.798250117548548
0.378685565538933 0.755671512738772
0.265187207344828 0.806655126537208
0.282541606655053 0.798869513628857
0.270095872991337 0.80445304581198
0.269547699039514 0.804699162365747
0.283176007601548 0.798583964130848
0.384791084903702 0.752917165771599
0.327356854629776 0.778747813823788
0.296604073306633 0.792559359862932
0.275505017661548 0.802026432066647
0.356850350681993 0.76549471643204
0.279725740609136 0.800133513456307
0.275485973209577 0.802034988577807
0.264206699099039 0.807094965227461
0.282271441460985 0.798990099057759
0.275436331838071 0.802057242552305
0.262104985719043 0.808037598561743
0.288250574691956 0.796307002232514
0.267648133790159 0.805551079503559
0.314655336134488 0.784451979426998
0.264066588536753 0.807157829757916
0.270796389658345 0.804138887428234
0.296604073306633 0.792559359862932
0.322848948635835 0.780773389976229
0.276932807585062 0.80138622979542
0.271890866224553 0.803647832122001
0.289244169731782 0.795860411074504
0.275471773654369 0.80204134266066
0.279725354852821 0.800133686826113
0.311093008437722 0.786051598321862
0.262689098622795 0.80777548232495
0.273339574719999 0.802997905517646
0.264180722401903 0.807106399278045
0.293367075892764 0.794012521265767
0.308915626682422 0.787031497118442
0.279725354852821 0.800133686826113
0.260691635971603 0.808671463005053
0.271321480291896 0.803903634274444
0.307898832814245 0.787488629824033
0.266308775044933 0.80615214004204
0.270629340153096 0.804214398344167
0.274445708324531 0.802502765310597
0.271966369200896 0.803614010561352
0.266818831202655 0.805923365441507
0.350250318580484 0.768464502372273
0.260226795910037 0.80887995369174
0.278011957803599 0.800902210286926
0.273316577575947 0.803008553510196
0.288606973309831 0.796146462063332
0.312752334305667 0.785309440004082
0.384749774584469 0.752935797768742
0.311894589491032 0.785693640134857
0.268718791729017 0.805070788915063
0.279703711416814 0.800143396523337
0.28233395790103 0.798962048857604
0.285394961876912 0.79758831986842
0.343611075279592 0.77144667557877
0.260226795910037 0.80887995369174
0.314453088881284 0.7845428846592
0.259873449212031 0.809038441526723
0.282206074193934 0.799019443543454
0.308915399503247 0.787031597502592
0.353208945740892 0.76713309851056
0.280624051732819 0.79972976834597
0.334129715953024 0.775709781814039
0.262628824211676 0.807802518776692
0.328915935466166 0.778046990691765
0.282960670049764 0.798681780880342
0.384749774584469 0.752935797768742
0.280079938332097 0.799974957458703
0.278886981624175 0.800509682180639
0.280929924249619 0.799592628004801
0.268511978667176 0.805163603156288
0.260691635971603 0.808671463005053
0.283409214921206 0.798479805907924
0.264216235841816 0.807090644713741
0.266199495269728 0.806201168980959
0.267362215808982 0.805679322457226
0.285547225516162 0.797520726776839
0.262104985719043 0.808037598561743
0.282872165771822 0.798720577914302
0.29564867061628 0.792987271625997
0.282206144114378 0.799019412160979
0.379088381149268 0.755490374017528
0.272367501397144 0.803434222685328
0.314793506492129 0.784393384198246
0.282872165771822 0.798720577914302
0.272264146770145 0.803480529205673
0.321910038732821 0.781196281546535
0.295621883718292 0.792999348727032
0.266043987957103 0.806270897368736
0.291501378435746 0.794849800070567
0.266782427276815 0.80593953214012
0.27345016377153 0.802948105180141
0.375298881806698 0.757193201534448
0.377413098983431 0.756244513756881
0.275682904807854 0.801946772852857
0.269222286829638 0.804845462852458
0.259970679616145 0.808994830109399
0.283096264084263 0.798620194905929
0.260244842207225 0.808871894366517
0.28975387301606 0.795633386156261
0.28506303999342 0.797737426950725
0.272158609870551 0.803528261085081
0.298029784536814 0.791920698927507
0.296227886434642 0.792726919202732
0.270639708020923 0.804209718968543
0.306133096694703 0.788280789919369
0.285988031948852 0.797323108165199
0.300046606802809 0.791012806987796
0.373248355795019 0.758117510904522
0.260060500062744 0.808954572422619
0.312735345965018 0.785316333050839
0.280159825372045 0.799939320069366
0.292494165877371 0.794404001443957
0.264126859670275 0.80713059040455
0.264301097933212 0.807052592851411
0.269202686305386 0.804854112717332
0.272221156624403 0.803499935865422
0.343926332185005 0.771307464195358
0.295621883718292 0.792999348727032
0.285727019512572 0.797440835950221
0.259873449212031 0.809038441526723
0.303140912029483 0.789624393286673
0.265675629399026 0.806435995409127
0.279154989282118 0.800389003991297
0.273732563806407 0.802821710552835
0.260244842207225 0.808871894366517
0.264654010629154 0.806894303194702
0.261132168870384 0.808473897968957
0.295621883718292 0.792999348727032
0.269738940865989 0.804613275877891
0.283096264084263 0.798620194905929
0.27017032939862 0.804420178075621
0.322639737977494 0.780869317913253
0.292097730396481 0.794581970411272
0.263098380017403 0.807591910529473
0.284307768637073 0.798076712878134
0.272220787871159 0.803500101386725
0.375295478842124 0.757194733664169
0.291254602450536 0.794959982270114
0.274851010737792 0.802319715723002
0.28059615372367 0.799742479563601
0.267057356338177 0.805816492882327
0.283511693092452 0.798433013936095
0.29676027696838 0.792489326460242
0.280547359803191 0.799764397816556
0.262157635569635 0.808013932527653
0.280151423466226 0.799941943415547
0.315352242161277 0.784144127137026
0.273696698517262 0.802837756678505
0.260575519163013 0.808723539699959
0.28324349434056 0.79855411723905
0.279154989282118 0.800389003991297
0.260488727437936 0.808762462061959
0.276344792195224 0.801649370553218
0.262892042843767 0.807684517598953
0.260063219608887 0.808953324789165
0.262157635569635 0.808013932527653
0.283623943769098 0.798383472131173
0.27667012578993 0.801503857934284
0.266638915938875 0.806004058081803
0.275779964400612 0.801904032225325
0.259873449212031 0.809038441526723
0.27528571424402 0.802124892578697
0.298280285266305 0.791806277462614
0.333290347050809 0.776083092658522
0.266043987957103 0.806270897368736
0.276524826003805 0.801568878952981
0.269657412332201 0.804650124610789
0.278915178257268 0.800496609768544
0.268808545568681 0.80503094863972
0.259967785677702 0.808996133804525
0.266043987957103 0.806270897368736
0.270739137141669 0.804165076392145
0.268753753224335 0.805055410129482
0.292624414177337 0.794345510714649
0.259165973983517 0.809355747559828
0.270291366916765 0.804366033479066
0.274124284228966 0.802645675210059
0.277850115034769 0.800974268036463
0.273464911033833 0.802941799381185
0.274081132295712 0.80266516095264
0.349910923941367 0.768615624955083
0.263121405502877 0.807581700459672
0.262668179202412 0.807784913540333
0.290583279766996 0.795261779078703
0.268539486415718 0.805151256469614
0.262205535361228 0.807992479823909
0.267165154511235 0.80576818078065
0.372218846166773 0.758583084505695
0.276288221156899 0.801675291635744
0.270559353234935 0.80424531853946
0.271317399931399 0.803905353534759
0.284020771657711 0.798205527656559
0.34831380185164 0.769332717868248
0.259165629070882 0.80935590228762
0.259164493441994 0.809356411645397
0.333290347050809 0.776083092658522
0.261757597788529 0.808193310387858
0.26698901971514 0.805847273529748
0.345723847839821 0.770497023304763
0.293608814490977 0.793903314948361
0.271455917868405 0.80384381341579
0.276288221156899 0.801675291635744
0.321632913563034 0.781321154850668
0.260039772147893 0.808963838616228
0.263804210838258 0.807275501531885
0.299148778204633 0.791415120110141
0.278981960574427 0.800466645903982
0.283402409258407 0.798482785872312
0.287963293055827 0.796437477682333
0.283325101617878 0.798517724546817
0.292695509065743 0.79431212152099
0.318430361252979 0.782759944921249
0.269137227743351 0.804883498340311
0.261379317144745 0.808362951425209
0.287963293055827 0.796437477682333
0.260088441419423 0.808942011859655
0.316784772112071 0.783497729984856
0.274851010737792 0.802319715723002
0.26400021589791 0.807187593618863
0.305099994888148 0.788744468878361
0.284307768637073 0.798076712878134
0.299148778204633 0.791415120110141
0.261882242046141 0.8081375220354
0.319037480987812 0.782486227931742
0.264697861682173 0.806874424882068
0.306238242227019 0.788232681462422
0.277156952343325 0.801284967078681
0.275196442949312 0.802165547376937
0.259164493441994 0.809356411645397
0.32887398015492 0.778070345488356
0.283740313808617 0.798331224949962
0.349812157735022 0.7686613568501
0.259164493441994 0.809356411645397
0.278705556800573 0.800590170508709
0.328711336409574 0.778143375040137
0.27168042186744 0.803742591975564
0.312862710004262 0.785262328125262
0.262431153049414 0.807891305098004
0.295683057465323 0.792973498146044
0.290039719165061 0.795504204693182
0.280156174984127 0.799939774021194
0.275309157696917 0.802114221483284
0.26134384971245 0.808378861212073
0.389901865080723 0.750618835314486
0.264860765223326 0.806801527197899
0.27617587993208 0.801725206449199
0.278705556800573 0.800590170508709
0.290041114083888 0.795503578557782
0.304771104833091 0.788892312898795
0.259209533118844 0.809336209600445
0.264082824855698 0.80715058908488
0.289465066805227 0.795761879418319
0.293889421642499 0.793777811825237
0.260455595604312 0.808777286988333
0.268422351361644 0.805204242818877
0.259164493441994 0.809356411645397
0.27168042186744 0.803742591975564
0.276072530516235 0.801771562360913
0.293789774261844 0.793822146160986
0.262645582506047 0.807795131160758
0.299286293714826 0.791354286665987
0.272205914326372 0.803506588016705
0.307188054434284 0.787806813122412
0.280419921262534 0.799821485190186
0.258989651191335 0.80943483570575
0.284362046271727 0.798053490032938
0.297725563258843 0.792054757190943
0.275216018587997 0.80215676416801
0.308377732423611 0.787272759984961
0.278705556800573 0.800590170508709
0.258989651191335 0.80943483570575
0.345981493304787 0.770380331416005
0.277482916431207 0.801139067194378
0.264082824855698 0.80715058908488
0.312395864955606 0.78546702805041
0.325226244578391 0.779709815919372
0.317025123919512 0.783392561087142
0.277931510467239 0.800937109646141
0.304567671369075 0.788983681784929
0.259135338085003 0.809369486261375
0.26698901971514 0.805847273529748
0.336966750447933 0.774429118835142
0.274234754683643 0.802597383464412
0.266241259339966 0.80618232378247
0.280399797788328 0.799830905675297
0.266241259339966 0.80618232378247
0.268055622766919 0.805368721114804
0.335824183355143 0.774944036903345
0.292238245433377 0.794518151527567
0.283096264084263 0.798620194905929
0.270279078222567 0.804370880088621
0.264434880530679 0.806992445512711
0.309150451756955 0.786926501612152
0.282164082752845 0.79903923909787
0.264160137907791 0.807115916193415
0.284359481612359 0.798053679142459
0.31773797519012 0.783070190272682
0.280419921262534 0.799821485190186
0.27475247515031 0.802363957099423
0.335238952513588 0.77520687588943
0.26356389749499 0.807383275206807
0.262207280541208 0.80799166544195
0.281166779184856 0.799486364805629
0.258997114174746 0.809431486223175
0.271193204636431 0.803960901644673
0.263515599246851 0.807404949802611
0.28919399912586 0.795884636251764
0.260455595604312 0.808777286988333
0.262207280541208 0.80799166544195
0.291878218778237 0.794680268249507
0.270244211583593 0.8043865611986
0.262493190328922 0.807863420722384
0.270797072508218 0.804138531830282
0.280176952244281 0.799929758213082
0.284473098494323 0.798002037427001
0.273446960637342 0.802949842814999
0.304145226357402 0.789173983343318
0.282164082752845 0.79903923909787
0.280795473379747 0.799652967684392
0.262573152912786 0.807827698677072
0.328925570899418 0.778045468945491
0.273888716320972 0.802751659708329
0.269634526503061 0.804660137014859
0.268073620739019 0.805360670514972
0.284201646503417 0.79812408832702
0.286277939035417 0.797192746809827
0.312875870577396 0.785253483381284
0.331123830704645 0.777060728049251
0.268086526657338 0.805354404741518
0.272484470553587 0.803381535045095
0.325226244578391 0.779709815919372
0.266577884729749 0.806030942891534
0.280028278373358 0.799996896038321
0.261574273520166 0.808275572773054
0.31174918101507 0.78575732690669
0.272966637962665 0.803165276759095
0.280028278373358 0.799996896038321
0.364155763461109 0.762212070915309
0.272065881777354 0.80356934344316
0.27617587993208 0.801725206449199
0.265670590432479 0.806438232697307
0.298091760084985 0.791891344597983
0.286129723454663 0.797259334925971
0.306677950005699 0.788036588707958
0.282810020531942 0.798748272294201
0.271396960688186 0.803869885171035
0.262573152912786 0.807827698677072
0.266112528569291 0.806240106553988
0.286129169203909 0.797259583713783
0.2638755010515 0.80724347242308
0.289473111961427 0.795758738853455
0.259193175709567 0.809343549016203
0.269335504832327 0.80479420612406
0.273520054133143 0.802917040817167
0.285482052858428 0.797550587090355
0.297195377261081 0.792294028001255
0.280714219700705 0.799689262242573
0.293633646430273 0.793891637674259
0.27617587993208 0.801725206449199
0.33112376765139 0.777060756729281
0.282164082752845 0.79903923909787
0.274809548419083 0.802338637237549
0.267208077355573 0.805748819771499
0.266848601319165 0.805909693171943
0.271943795320441 0.803624136535718
0.267201619019868 0.805751267194813
0.270295172089596 0.804363594291799
0.31194124974977 0.785671083016662
0.282536699445927 0.798870740254329
0.270211782496018 0.804401137380227
0.261568939740752 0.808277920584179
0.336781783697694 0.774513473682498
0.383817905238303 0.753356446627092
0.262119110303649 0.808031119143208
0.290801457422876 0.795162576459133
0.260894698949663 0.808580372744195
0.274469119256531 0.802490912998108
0.269627512145079 0.804662931604112
0.325226244578391 0.779709815919372
0.340336927863407 0.772916843681272
0.380090891077427 0.755039462627604
0.26365938280288 0.807340441735508
0.281968711728968 0.799125885282017
0.336781783697694 0.774513473682498
0.284192237072099 0.798128312805762
0.271943795320441 0.803624136535718
0.274469119256531 0.802490912998108
0.269627512145079 0.804662931604112
0.264700311407002 0.806873620962182
0.271724456219044 0.80372298293895
0.30702717273103 0.787878412752127
0.280714219700705 0.799689262242573
0.2696069659925 0.804672150025553
0.297195377261081 0.792294028001255
0.258989651191335 0.80943483570575
0.274469119256531 0.802490912998108
0.27617587993208 0.801725206449199
0.275890345785197 0.801853932775592
0.326896055302651 0.778954759415556
0.262805777792268 0.807723129064348
0.275972412722242 0.801817065500682
0.285373265310839 0.797598964180987
0.26822489077779 0.805292296005346
0.306661515257852 0.788044985981057
0.299258943364671 0.791366051646143
0.335824183355143 0.774944036903345
0.265933017902708 0.806320337291809
0.28202316427523 0.799101649914364
0.382825506948125 0.753803307783168
0.288264707769842 0.796301821231985
0.299258943364671 0.791366051646143
0.268460219242025 0.805186727657304
0.273446960637342 0.802949842814999
0.378086480628201 0.75593591841026
0.279733458359972 0.800129029045644
0.383838553452966 0.753347126075266
0.273016962170164 0.803142388114949
0.304183933676091 0.789156351061766
0.258396842120205 0.809700741840922
0.25930183468338 0.809294811050959
0.25944489758042 0.809230632847977
0.272055421917939 0.803573959568553
0.268086526657338 0.805354404741518
0.295512756628765 0.793049383812276
0.292346054982756 0.794468975780812
0.260406195884737 0.808799490692011
0.302792730876795 0.789779422882331
0.270643689832443 0.804207579986485
0.291328024296103 0.794927068575816
0.382614690596476 0.753898321711899
0.260972244606416 0.808545597601024
0.265638027196812 0.806452661884346
0.279794992282996 0.800102782713798
0.270541031583192 0.804253617116487
0.312969106743749 0.785211217349191
0.28202316427523 0.799101649914364
0.258378865655814 0.80970880529732
0.27204512414723 0.803578570033152
0.275890345785197 0.801853932775592
0.287936424311063 0.796448435533777
0.290195966599901 0.795434879939997
0.259189077174456 0.809345382150326
0.260894698949663 0.808580372744195
0.290195966599901 0.795434879939997
0.285487215564245 0.797547738345737
0.280714219700705 0.799689262242573
0.259864193374357 0.809042564736139
0.304183933676091 0.789156351061766
0.29933296770421 0.791332824898153
0.268500848347628 0.805168501956372
0.281925964993556 0.799145257078051
0.270541031583192 0.804253617116487
0.26915029925895 0.804877172740883
0.287601878055606 0.796598657364489
0.275890345785197 0.801853932775592
0.268090243989432 0.805352754422519
0.273446960637342 0.802949842814999
0.322335729175669 0.781007027586722
0.272326449396987 0.803452684900381
0.264700311407002 0.806873620962182
0.280558217649514 0.799759574667422
0.27260618223127 0.803327220241837
0.269453404176982 0.804741178847551
0.275177225796094 0.802174100726126
0.325034943659963 0.779792069964422
0.26963381509695 0.804660890101152
0.322335729175669 0.781007027586722
0.276197972522982 0.801715950956739
0.268433813897137 0.805198785335625
0.275314917262728 0.802112211826866
0.270284752801668 0.804368158781068
0.266836677146774 0.805915482180882
0.258379314042641 0.809708604165032
0.272326449396987 0.803452684900381
0.266958558120912 0.805860861847785
0.260855082657728 0.808598149271126
0.261714967215064 0.808212541922546
0.306597741249636 0.788072991107911
0.309969943827322 0.786557975786236
0.265248516279912 0.80662776348126
0.264650239374804 0.806896061732784
0.269398054116205 0.804766035161372
0.279547716931426 0.8002132285725
0.258715572894043 0.809557781843755
0.258378865655814 0.80970880529732
0.258378865655814 0.80970880529732
0.268381863810097 0.805222010279566
0.265932022959555 0.80632077852431
0.272365905263345 0.803434999941705
0.262837632682336 0.80770882221664
0.285487215564245 0.797547738345737
0.327489545413238 0.778692227274296
0.267875371596396 0.80544918298782
0.344189771293292 0.771184165183095
0.36100187899397 0.763628804618348
0.272943979991816 0.803175800622406
0.27069003085117 0.804186790583323
0.259447078601348 0.809229695626177
0.259510976813188 0.809201016335328
0.288914630956436 0.796009601786756
0.263095601121205 0.807593160213509
0.283563126256966 0.798411839536822
0.337660207350875 0.774118728155921
0.302528919035246 0.789899768009433
0.294179337229017 0.793646141611769
0.266656347253173 0.805996157004847
0.266657509461709 0.805995635742801
0.294179337229017 0.793646141611769
0.285046758888334 0.797745780166791
0.262096220724251 0.808041575868276
0.297668892722958 0.792081312340403
0.309601902739282 0.78672440997497
0.268734873421463 0.805063605026384
0.276173874642713 0.801725941280982
0.259900515692471 0.809026274562361
0.280542149944254 0.799766777149209
0.292968474023712 0.794190582884785
0.286203886290594 0.797227365939007
0.265097434189951 0.80669529960658
0.296383945783567 0.792657472526701
0.297668892722958 0.792081312340403
0.332762399893971 0.776320325257872
0.285487215564245 0.797547738345737
0.338060682998883 0.773938805387232
0.284863954992877 0.797828765167636
0.262357443496678 0.807924267124867
0.309601902739282 0.78672440997497
0.273087902924055 0.803110520927842
0.267838428443436 0.80546574298832
0.291261223637983 0.794956177532029
0.329663872249035 0.777712113910908
0.274343965888857 0.802546907892444
0.270959075077957 0.804066116360691
0.262699794629417 0.807770710794713
0.267582671257579 0.805580390040388
0.33420250046497 0.775672638439486
0.260024834624506 0.8089705234811
0.298173933193332 0.791854511055536
0.306747246834711 0.788003332034913
0.258378865655814 0.80970880529732
0.329062974760474 0.777986938483644
0.270959075077957 0.804066116360691
0.274722334479485 0.802377717433647
0.258408409571893 0.809695555294116
0.262357443496678 0.807924267124867
0.270572350561463 0.804239360108752
0.342539454377473 0.77192624122332
0.261881990074787 0.808137532509373
0.263900343986685 0.807232329606725
0.267523675926903 0.805606877062544
0.264680285985193 0.806882298148201
0.279014546967347 0.80045215552053
0.350114221750141 0.76852249542853
0.27815671321029 0.80083691804809
0.27249681575719 0.803376048768807
0.296383945783567 0.792657472526701
0.265114525384327 0.806687654912961
0.264706744062409 0.806870561823335
0.27815671321029 0.80083691804809
0.265933017902708 0.806320337291809
0.336910979421703 0.774455356458847
0.279696599232004 0.800146138283174
0.260469761489283 0.808770984068376
0.258378865655814 0.80970880529732
0.272661512905438 0.803302087663415
0.268875216289957 0.805000663027973
0.278839096253154 0.800531263466469
0.268734873421463 0.805063605026384
0.293262741472381 0.794057954493963
0.329062974760474 0.777986938483644
0.271955409201697 0.803618920629054
0.273234943428613 0.803044961142031
0.292236390903396 0.794520238753465
0.279648532488075 0.800167697081862
0.338560262315114 0.77371425276132
0.340360730849185 0.772905774619655
0.334258312178165 0.775648631980221
0.344189771293292 0.771184165183095
0.266000811557499 0.806289925002038
0.268868424977481 0.805003708516546
0.334222437784612 0.775664769774766
0.344187656501664 0.771185123094673
0.268827266488075 0.805022014864186
0.26162158582256 0.808254328181376
0.264930247427907 0.806770238725034
0.269519331853468 0.80471228891183
0.261881990074787 0.808137532509373
0.352763162314973 0.76732847840358
0.260560645733391 0.808730254066254
0.264591082255447 0.806922425791423
0.293230529057999 0.794073254295798
0.291118193479347 0.795020372931967
0.300467042201834 0.790824622068015
0.273234943428613 0.803044961142031
0.269977605994036 0.804506321185449
0.268818069871974 0.805026261367063
0.291414371927869 0.794887455037932
0.284482742622234 0.797999282106571
0.278334295149906 0.800757249257761
0.332520117416881 0.776429215605767
0.263952778684517 0.807208600094015
0.330812917949219 0.777199719817794
0.345208767990149 0.770725117550931
0.285573253316661 0.797509255126926
0.296383945783567 0.792657472526701
0.323664190512243 0.780409649128427
0.266462590528969 0.806082780822521
0.270516562362397 0.804264509504323
0.281145060053436 0.799497366358342
0.274337516177083 0.802550169800923
0.258420272679651 0.809690233239286
0.346721660737675 0.770044927032031
0.258378865655814 0.80970880529732
0.340796476131076 0.772709978854139
0.300467042201834 0.790824622068015
0.259856760196901 0.809045901081695
0.273567094230839 0.802896697662105
0.270910501817661 0.804087365656248
0.273116801005221 0.803097705456191
0.300611159708945 0.790760492152455
0.357446603111232 0.765223847545782
0.357446603111232 0.765223847545782
0.297168291098797 0.792305652475449
0.356139138754019 0.765813911607785
0.333374529837031 0.7760458952821
0.3325771883498 0.776407594304395
0.328231245727404 0.778356628928105
0.346261301681865 0.77025191150074
0.327855579588183 0.778525141175987
0.325332415230535 0.779660214992698
0.350283505971532 0.768444785497224
0.352654200983573 0.767381331903043
0.328634732871551 0.778173796728906
0.35223570213461 0.767569420653724
0.325314550500124 0.779668384953449
0.328630709053423 0.778175603561186
0.327686630017599 0.778601221761834
0.330795060620627 0.777204114074593
0.330795060620627 0.777204114074593
0.304988352519653 0.788793506331753
0.347229086240003 0.769820241507988
0.33264245082446 0.776374861712581
0.350183132386132 0.768489474721598
0.380233539625426 0.754969704710561
0.285942009104248 0.797346335341223
0.299195792861387 0.791396970258547
0.29560921929445 0.793004659196297
0.272259045855681 0.803483398587846
0.269190108659458 0.804859802872459
0.322562799051918 0.780906235696965
0.295065887651108 0.793249466229664
0.285739616576983 0.797435252642071
0.269917791525692 0.804533444480721
0.295181537649207 0.793197539016
0.269917791525692 0.804533444480721
0.335228337849691 0.775211684120699
0.267973141563948 0.805405582261337
0.363886045537667 0.762331706910994
0.266671453009713 0.805989397585097
0.325184793276263 0.77972945402606
0.317325340008355 0.78325283766735
0.267973141563948 0.805405582261337
0.319140338354623 0.78243959146574
0.332745478420991 0.776328801650548
0.270280615004827 0.804370740470643
0.307957333463389 0.787463522656961
0.27137830500056 0.803878450051034
0.295198313488875 0.793190006902406
0.266598941512279 0.80602191185968
0.274944774088937 0.802278531797867
0.26821001693309 0.805299246506837
0.27011258097188 0.804446069785097
0.26821001693309 0.805299246506837
0.341140281661161 0.772557779357397
0.26821001693309 0.805299246506837
0.27704879158822 0.801334474555426
0.27137830500056 0.803878450051034
0.315168750699829 0.784224795925758
0.267106487236229 0.805794285756392
0.291264645963015 0.794955465581038
0.284843913975137 0.797837450348235
0.2685201485687 0.805160084404377
0.337904493987531 0.774011339967705
0.277034795301509 0.801340746088748
0.269205666450118 0.80485282809128
0.277016859776057 0.801348792331637
0.288588160965069 0.796157087764196
0.341141169497327 0.772557366063081
0.337580375553947 0.774157066340797
0.277016859776057 0.801348792331637
0.310808046053588 0.786180672914063
0.268866130754594 0.805005103433374
0.271379611537078 0.803877864282725
0.273742288641303 0.802818104426156
0.268747538429756 0.805058217504951
0.270549785476952 0.804249568304763
0.318680907566283 0.782645546348474
0.269639553924593 0.804657820142578
0.270531909662419 0.804258327748509
0.305370643984111 0.788622776947574
0.365745708358607 0.76149380545707
0.295563463080831 0.793025221390782
0.29425164056266 0.793615135803274
0.35858127412549 0.764714074069826
0.273180080179863 0.803070211286004
0.318680907566283 0.782645546348474
0.269225838366257 0.804843781921974
0.277540007138745 0.801113946605827
0.284709646701931 0.797897025875593
0.291363573322729 0.794910936040902
0.29386872825576 0.793786946705248
0.285217166673853 0.79766984005965
0.284843913975137 0.797837450348235
0.275797745025381 0.801895166291446
0.276875709831368 0.801411980736721
0.281705454080468 0.79924482551751
0.275279048799616 0.802128471827302
0.284843913975137 0.797837450348235
0.271734679327971 0.803718349221919
0.308513850769854 0.787212615018603
0.275279048799616 0.802128471827302
0.301571301222341 0.7903283896387
0.312231143442467 0.785543511878199
0.276048586618491 0.801782842399552
0.343164612148668 0.771643718701825
0.332041227542548 0.776645417310895
0.38855544400765 0.751228987224243
0.331317767126435 0.776971455375964
0.266963589161175 0.805858391458395
0.280863732939694 0.79962275886933
0.32585185667904 0.779424769451265
0.26821001693309 0.805299246506837
0.269625643268533 0.804664360977712
0.332041227542548 0.776645417310895
0.297492707292401 0.792161334465725
0.335844437474479 0.774937369901624
0.284824631485332 0.797845762225927
0.393501014667954 0.748998702797212
0.276013125796344 0.801798747361881
0.388535370277885 0.751239314628523
0.272546457800105 0.803353733516079
0.34635612707694 0.770209434031165
0.267236106007923 0.805736401403233
0.275173659262399 0.802175687898642
0.329751827187261 0.777673973148516
0.33094767869969 0.777136254138069
0.335979768441906 0.774876706958119
0.283656508542458 0.798370425119276
0.293403936764032 0.793995094433976
0.341511286130531 0.7723867466105
0.304477575153681 0.789023376613078
0.350700635672594 0.768255806413515
0.330544905083647 0.777317604710098
0.265965972680582 0.806305867359235
0.329751827187261 0.777673973148516
0.306623053914948 0.788061857773434
0.281230517597922 0.799458696380971
0.272388700180959 0.803424658622195
0.329751827187261 0.777673973148516
0.320873126542943 0.781663322128917
0.280889149992279 0.799611827758236
0.27318050405804 0.803070006571929
0.275168109557555 0.802179069704788
0.284843939803085 0.797837102125279
0.330853376732408 0.777178617163536
0.272232587133031 0.803495154936511
0.268257575222667 0.80527800068858
0.268432744273834 0.805199439217152
0.335979768441906 0.774876706958119
0.267292382559137 0.805711163691912
0.29303669281361 0.794159908278943
0.273370720326989 0.802984374096542
0.342658492990939 0.771871537332825
0.275168109557555 0.802179069704788
0.28010320658189 0.79996390671777
0.289590771520581 0.795707185692203
0.331068331352181 0.777082067152142
0.273370720326989 0.802984374096542
0.265137835864682 0.806677297474656
0.273377508031513 0.802981350238307
0.308755808635891 0.787105528135248
0.289567012227809 0.795717858784421
0.271583859110877 0.803786393468702
0.34635612707694 0.770209434031165
0.270428469991556 0.804304527114495
0.311798440854901 0.785740323513915
0.272822958454657 0.80323011518193
0.2804338680163 0.799815551019521
0.281288625098174 0.799432580279525
0.295809890883836 0.792915372506561
0.268384235460848 0.805221330110304
0.274412939573633 0.802517251454435
0.294137560071077 0.793665660416744
0.300928707681947 0.790616902132526
0.268384235460848 0.805221330110304
0.270428469991556 0.804304527114495
0.290989137115008 0.795079129944305
0.308755808635891 0.787105528135248
0.336320262064336 0.774722767872881
0.300928707681947 0.790616902132526
0.270428469991556 0.804304527114495
0.268384235460848 0.805221330110304
0.290989137115008 0.795079129944305
0.28037748502008 0.799840921257002
0.279406437726568 0.800276277828401
0.279406437726568 0.800276277828401
0.280640654511943 0.799722866437158
0.270328408794994 0.804349330969718
0.305515461189408 0.788560313497861
0.290178118423665 0.795443420384959
0.331249806701944 0.776999178412905
0.268384235460848 0.805221330110304
0.277646836073645 0.801066359445112
0.266889691143762 0.805891632714846
0.265110699284734 0.806689465876549
0.336231676033419 0.77476574301514
0.290588305651332 0.795258765699364
0.300803892179911 0.790674839060698
0.268125835255358 0.805337294851797
0.307361379010483 0.787729408150792
0.26490928605161 0.806779794757808
0.3251841206779 0.779729520407409
0.339742774310558 0.77318702570206
0.272873036187369 0.803208161282603
0.265252029055676 0.806626047566909
0.282667514184829 0.798813577451671
0.278076476914379 0.800873476205865
0.270328408794994 0.804349330969718
0.26689137633253 0.805890798691826
0.330416011136039 0.777373664456789
0.335304717200617 0.775181506954843
0.288370047825006 0.796254631376164
0.274775024850504 0.80235419452185
0.309541477513776 0.786750242464337
0.26490928605161 0.806779794757808
0.266889691143762 0.805891632714846
0.282934301032947 0.79869346415341
0.351761920778221 0.767783512759639
0.272873036187369 0.803208161282603
0.272094392429967 0.803556747169352
0.292933201632984 0.794206235866056
0.265252029055676 0.806626047566909
0.306504047997977 0.788113869061175
0.309789272618563 0.78663896363574
0.265072965555538 0.806706430193948
0.280466482134025 0.79980129453349
0.265593691074754 0.806472823092206
0.273871911270063 0.802759611019987
0.273125797753166 0.803094305546655
0.264909315360665 0.806779781612257
0.26469638163423 0.806875286629506
0.27078152051722 0.804145620915575
0.268363964057105 0.805230420868035
0.293493942795953 0.793954551761979
0.276711417805231 0.801485525265866
0.266889691143762 0.805891632714846
0.294096822080186 0.793683398191126
0.318553750564035 0.782703328204411
0.294096822080186 0.793683398191126
0.273035772067643 0.803135790306505
0.279955850837887 0.800031128213254
0.27481901078197 0.802334141379426
0.316153005543014 0.783783282646886
0.269576064817907 0.804687043774672
0.277217554364163 0.801259315377563
0.333915846981333 0.775803642742249
0.30977375620257 0.786645963079108
0.278180591408613 0.800826058589966
0.308782978498746 0.78709168442579
0.281159331839829 0.799490084233778
0.265015426810063 0.806732248312921
0.343117081585159 0.771667059326044
0.287947864445738 0.796443614726125
0.271338023954168 0.803895961649996
0.266889691143762 0.805891632714846
0.276016549410168 0.801797696332453
0.265037354260554 0.806722334940864
0.343117081585159 0.771667059326044
0.265933975727784 0.806320192937794
0.264445921368572 0.80698754915167
0.289507368908588 0.795742645548518
0.308218011907712 0.787345159535806
0.33315780781241 0.776144836343927
0.286745909344955 0.79698294242028
0.316740804828832 0.783519509184343
0.275907621377171 0.801846333013546
0.278048206531006 0.800885468873205
0.293869520731011 0.793785391857007
0.310003719401047 0.786543675734241
0.292445795619555 0.794424113108232
0.287934702921238 0.796449532418217
0.335774089650114 0.774967172411842
0.2715847876052 0.803785970074608
0.281372301234697 0.799394543015357
0.310181752771517 0.786463730065373
0.307143027155846 0.787827029188141
0.33315780781241 0.776144836343927
0.270328408794994 0.804349330969718
0.306553659234434 0.788091625987674
0.264445921368572 0.80698754915167
0.278180591408613 0.800826058589966
0.321050082953878 0.781584135065407
0.265060013869399 0.80671203670246
0.319346261739705 0.782351512434539
0.265973796781252 0.80630235592715
0.265789050143842 0.806385050549538
0.264446701002749 0.806987199479671
0.31349731976501 0.784976262322144
0.289495476329668 0.795747983409387
0.267902167450242 0.80543749803935
0.276109114718368 0.801755850403072
0.269853360364016 0.80456230361116
0.264851811652579 0.806805483896838
0.264445921368572 0.80698754915167
0.315505586491127 0.784074428489134
0.274143081949656 0.802637884690751
0.280621101928943 0.799730352318182
0.306123873753034 0.78828641719901
0.310181752771517 0.786463730065373
0.289495476329668 0.795747983409387
0.264445921368572 0.80698754915167
0.267079299155169 0.805806628223466
0.264600355168958 0.806918291274743
0.28518715843993 0.797682086163501
0.346056589528462 0.770347433674805
0.276115731032008 0.801752864785882
0.274398172292399 0.802522938070686
0.307142688678639 0.787827180319278
0.267008782088047 0.805838252729176
0.264445921368572 0.80698754915167
0.285762019043839 0.797424688949183
0.305515461189408 0.788560313497861
0.264445921368572 0.80698754915167
0.266274104696543 0.806167638830452
0.281410695794935 0.799376234272032
0.264851811652579 0.806805483896838
0.304138481372425 0.789175267491198
0.309429214821206 0.786802278894424
0.264445921368572 0.80698754915167
0.298163783740299 0.7918597006896
0.267404256119626 0.805660391703609
0.396426697388287 0.747678693262282
0.281754539078729 0.799222197383903
0.269853360364016 0.80456230361116
0.277126695414533 0.801298829300799
0.263205913958913 0.80754370361757
0.265003671963759 0.806737367221007
0.315711366613414 0.783981890298107
0.292225893749686 0.794523231192703
0.268588412331408 0.805129478453647
0.293869520731011 0.793785391857007
0.305218569322499 0.788691154359108
0.288072792530724 0.79638755211183
0.312855461437262 0.785263013832052
0.263383080188829 0.807464245840836
0.269810681875378 0.804581630468361
0.363347398905816 0.762574511998763
0.348488073238485 0.76925479183424
0.314305651271961 0.784613321136475
0.314367794498639 0.784586830531728
0.280510335154685 0.799780243401325
0.333749478010826 0.775876271615947
0.292445795619555 0.794424113108232
0.342907793062913 0.771761231507536
0.334011833260763 0.775758417465185
0.279349746360759 0.800301636005101
0.267404256119626 0.805660391703609
0.268720273094759 0.805070481083613
0.278117036457158 0.800854936466604
0.291421252779965 0.794884784960444
0.357112480693106 0.765377841413374
0.305218569322499 0.788691154359108
0.274671605305735 0.802400664832252
0.299706531273696 0.791166608116696
0.30532858851578 0.78864340331825
0.262556683173649 0.807834997714286
0.314752828010741 0.784413861100252
0.274676181304954 0.802398609810446
0.334666358514531 0.775463858708784
0.268720273094759 0.805070481083613
0.264189023226936 0.807102763539156
0.267404256119626 0.805660391703609
0.265003671963759 0.806737367221007
0.289483146562709 0.795753691209865
0.266189814443885 0.806205442780811
0.272349130203609 0.803442108265057
0.27941768722336 0.800271471893398
0.279803143642666 0.800097921922211
0.282377618662742 0.798944279302749
0.276471581822787 0.801593140274877
0.275502804208927 0.802027801203929
0.274223576203087 0.80260194871644
0.289302033621657 0.795834952762232
0.274321866324665 0.802557906429165
0.315711366613414 0.783981890298107
0.275502804208927 0.802027801203929
0.262262631937938 0.80796688369675
0.286745909344955 0.79698294242028
0.266682976472231 0.805984225966656
0.267108304827192 0.805793584879268
0.342907793062913 0.771761231507536
0.262887778811934 0.80768652553674
0.266189814443885 0.806205442780811
0.328452961857243 0.778258047477588
0.275976526818867 0.801815292427921
0.266882258629564 0.805894881677373
0.274733703565526 0.802372793284568
0.27124535693377 0.803937324490069
0.320850843270677 0.781671768293612
0.288996375058986 0.79597362958306
0.276942369189115 0.80138150670521
0.309073633159795 0.786960418488126
0.263998659314765 0.807188252662455
0.282165219303815 0.799038740729319
0.295171136289536 0.793200655853859
0.264189023226936 0.807102763539156
0.262505025737955 0.807858137434027
0.337282699909917 0.774293525931505
0.384584431621214 0.753017626507799
0.355555152077141 0.766077289070213
0.357839669449474 0.765044045709079
0.333614169432808 0.775940367509926
0.300302776862955 0.790899217021332
0.329895565143358 0.777610683121533
0.291879341602537 0.794680072808942
0.378017537290608 0.7559654362078
0.277672525660134 0.801055038451951
0.274147249920252 0.802636934170966
0.274147249920252 0.802636934170966
0.294711799721357 0.79340910682935
0.383575680520325 0.753463936360091
0.275967815802214 0.801819365257186
0.297912717992885 0.791971328233645
0.299973096396625 0.791046252721708
0.274147249920252 0.802636934170966
0.309716050449657 0.786672456983901
0.27163032116723 0.803765841568527
0.274147249920252 0.802636934170966
0.383585941836126 0.753463143305173
0.29385109106952 0.793795386010462
0.273255966728084 0.80303655818258
0.273255966728084 0.80303655818258
0.279196556994883 0.800370826895163
0.280562690485781 0.799757505554729
0.306992137964172 0.787894115808938
0.347583677565717 0.769660625201761
0.277586914925122 0.801092685194062
0.280562690485781 0.799757505554729
0.274099134396184 0.80265787906249
0.295926775217745 0.792863972359935
0.276874800613902 0.801412460382889
0.281417448511936 0.799374891692151
0.280781596058318 0.799659336475862
0.395560443001248 0.748071363452194
0.27163032116723 0.803765841568527
0.27163032116723 0.803765841568527
0.286751262893435 0.796982051296548
0.273255966728084 0.80303655818258
0.296276139089158 0.792705903061476
0.280659603920322 0.799714926958785
0.279958286572937 0.800029486191207
0.301085004749482 0.790547160545764
0.309990717767072 0.786550269558168
0.355492698434405 0.766109242492314
0.268668576652002 0.805093904198032
0.315998851319823 0.783852263557266
0.315174623803134 0.784220107931586
0.310094569812031 0.786503649995173
0.295719334408875 0.792956364241098
0.302461474767206 0.789928525948972
0.291776021117505 0.79472557863601
0.39586242066629 0.747935209539391
0.293580685668113 0.793916688710099
0.30579746591533 0.788431696295082
0.268703585950749 0.805078198367345
0.268557785694616 0.805143295393392
0.295584699285048 0.793015338423154
0.292232531232008 0.794521693973419
0.360389443467195 0.76389815862747
0.268703585950749 0.805078198367345
0.305705604535886 0.788472926975572
0.268703585950749 0.805078198367345
0.305705604535886 0.788472926975572
0.293580685668113 0.793916688710099
0.295719334408875 0.792956364241098
0.267900657838373 0.805438361316544
0.360320089952424 0.7639294847311
0.360303858526088 0.763936725672161
0.302656135126177 0.789841856842904
0.340158052211727 0.773003653443676
0.267900657838373 0.805438361316544
0.300734921589436 0.790703469433666
0.313586690963633 0.784934055022805
0.269811545497217 0.804581519063423
0.287842199568263 0.79649083951492
0.302622693141558 0.789856105303472
0.315573578448839 0.784042007038028
0.267900657838373 0.805438361316544
0.273075647866281 0.803117261608781
0.281726832471349 0.799236481548121
0.337967652492951 0.773978705652905
0.272384421430694 0.803427318580582
0.286968615487035 0.796883244971838
0.292230346054264 0.794521846907994
0.276371502985758 0.801638383447214
0.298453681280051 0.791728758183041
0.304131580362743 0.789178863541032
0.330644563785503 0.777270574352461
0.281254026541219 0.799447525146659
0.268703585950749 0.805078198367345
0.281998196013178 0.799113991790427
0.28701784867572 0.79686124289768
0.300545099653854 0.790788674718139
0.338097097617716 0.77392058882177
0.271758402539816 0.803707654543077
0.326183830207596 0.77927678369796
0.336080154189123 0.774826920267611
0.267853275680783 0.805459610989619
0.328320357822639 0.778317207841449
0.269815538341492 0.804579738092834
0.267853275680783 0.805459610989619
0.2945290755655 0.7934914530669
0.267853275680783 0.805459610989619
0.268137833925341 0.805331940677511
0.276371502985758 0.801638383447214
0.267853275680783 0.805459610989619
0.29171927743848 0.794750895168556
0.304131580362743 0.789178863541032
0.337486172764476 0.774195088188961
0.272660390420822 0.803303146209954
0.314701879320234 0.784434380030679
0.304131580362743 0.789178863541032
0.29171927743848 0.794750895168556
0.266533918596888 0.806051286491029
0.314021706371004 0.784739177083324
0.293664002215802 0.793878872330165
0.29277592710659 0.794276554469186
0.286990452144488 0.796873611087889
0.275074939293048 0.802220052972122
0.303289977041878 0.78955774679092
0.287599175334746 0.796600880611184
0.26596000465104 0.806308669655347
0.266453803668409 0.80608721962
0.338002457325294 0.773963070478113
0.275074914264067 0.802220064243325
0.292698856564947 0.794311264167728
0.269355122814203 0.804786162697852
0.272660390420822 0.803303146209954
0.266918284369752 0.805879062127464
0.268425256645787 0.8052027007065
0.325405025095424 0.779628177775673
0.26345786826788 0.807430924746321
0.266918284369752 0.805879062127464
0.285092399577892 0.797726882385467
0.27269133705386 0.803289219695374
0.271421313993572 0.803859651025156
0.286990452144488 0.796873611087889
0.337874922907554 0.774020378977656
0.306650717100305 0.788052473745565
0.367326129448058 0.760778533671171
0.370005588742204 0.759578340658126
0.314565581336655 0.784496346442166
0.261598976310271 0.80826460706246
0.28695207489589 0.796890041247867
0.265905257438812 0.806333306039819
0.261552163709722 0.808285601757602
0.272772514612085 0.803252846126408
0.263186433145284 0.807552648293706
0.265337373195497 0.806587904617947
0.268147037204449 0.805327776302067
0.26345786826788 0.807430924746321
0.269441106793845 0.804747342077966
0.265337373195497 0.806587904617947
0.367326129448058 0.760778533671171
0.261819554111764 0.808165681504378
0.283683597577803 0.798357909076103
0.278965672829287 0.800474480444559
0.267225755077394 0.805740823025668
0.262497751547122 0.807861364209641
0.266098580044892 0.806246449987264
0.26690307020964 0.805885874858437
0.264014926925256 0.807180850275581
0.283009309820114 0.79866009678556
0.298584499188198 0.791670946445183
0.2638940927294 0.807235047785245
0.290868805862179 0.795133360592138
0.348133457588975 0.769410806607908
0.271613752796782 0.803773380665772
0.266100493753231 0.806245592113119
0.262027003350745 0.808072639659234
0.282829127464448 0.798740365326671
0.283810245444675 0.79830109245192
0.274475624105713 0.802488691072971
0.26156409650648 0.808280248375713
0.277662147338615 0.801059605006236
0.337321267054263 0.774271842306241
0.269441284957541 0.804747262165268
0.269334822681727 0.80479514068793
0.272757912972567 0.803259325238826
0.276313441695478 0.801664328071812
0.283810318218118 0.798301060629825
0.262374561100586 0.807916620906331
0.267557116897136 0.805592337332117
0.264281821548757 0.807061113449585
0.26991870653833 0.804532684704562
0.264281821548757 0.807061113449585
0.26991870653833 0.804532684704562
0.264324092271656 0.807042446244728
0.274356533438732 0.802542168173537
0.274475624105713 0.802488691072971
0.264449002706726 0.806986139990129
0.284338153967732 0.798063947083283
0.269185211297734 0.80486158055297
0.27111988634738 0.803994069121696
0.267471447686523 0.805630753700568
0.279281075273442 0.80033233516713
0.269316798817151 0.804803023292012
0.261554996999548 0.808284331054077
0.263146592968215 0.807570334681582
0.261552163709722 0.808285601757602
0.26643261551024 0.806096821034358
0.283234807144431 0.798558613315278
0.26959834912136 0.804676376805974
0.29075984665396 0.795182223458286
0.270655270294823 0.804202485876701
0.263146592968215 0.807570334681582
0.271613752796782 0.803773380665772
0.275445724685512 0.802053082184636
0.279281075273442 0.80033233516713
0.261552163709722 0.808285601757602
0.262981263591339 0.807644677791405
0.268365992852445 0.805229483206646
0.288241292564976 0.796312199696897
0.315341224410628 0.78414612547534
0.268812948905579 0.805028821633874
0.284992527377019 0.797770664386063
0.263425421045841 0.807445269040976
0.264449002706726 0.806986139990129
0.302165279151829 0.790062241939288
0.261948646158466 0.808107780199121
0.262238843720462 0.80797763668929
0.302165279151829 0.790062241939288
0.275872359554701 0.80186169009915
0.306053608471325 0.788317441117197
0.265793246117247 0.80638331846616
0.272017677056433 0.80359134722866
0.263032664841329 0.807621583741276
0.265351625543413 0.806581512161049
0.277232163111477 0.801252442078661
0.277684694675172 0.801048248798103
0.279221770531727 0.800358979969072
0.324183982642216 0.780174535487203
0.302165279151829 0.790062241939288
0.273606573169473 0.802878182537834
0.321254699081533 0.78149322554201
0.2646915480703 0.806877587381469
0.273612629468964 0.802876009325126
0.261552163709722 0.808285601757602
0.290272124773688 0.795400755767689
0.263892473199691 0.807235965817255
0.261607848333003 0.808260627877759
0.262938400786733 0.807663724643045
0.270886064515523 0.804098745829675
0.270886064515523 0.804098745829675
0.27345799181995 0.802945284369828
0.26643261551024 0.806096821034358
0.263892473199691 0.807235965817255
0.275831582756744 0.801880068558456
0.261552163709722 0.808285601757602
0.312164683863089 0.785572975536623
0.291416305986297 0.794887294703103
0.269269215350909 0.804823874077794
0.263355733953571 0.807476533193574
0.277421535643152 0.801167011924914
0.266507144087988 0.806063247623575
0.2646915480703 0.806877587381469
0.260251915925325 0.808868727539579
0.266265459957363 0.806171633798483
0.275670026749382 0.801952460973939
0.272273979554852 0.803476405713546
0.305888657789364 0.788391640555885
0.281265978241273 0.799442456699107
0.268632155341735 0.80511024300196
0.264232684445324 0.807083397448164
0.266416248553994 0.806104035769958
0.265337373195497 0.806587904617947
0.268632155341735 0.80511024300196
0.292923117876976 0.794210880138167
0.263282123818638 0.807509699645704
0.291287063473056 0.794945876182007
0.284333740171997 0.798066295758257
0.28317305776303 0.798586487315528
0.264284415785336 0.807060197344995
0.275872359554701 0.80186169009915
0.263000498104918 0.807635988760626
0.262172658968536 0.808007282701402
0.262497751547122 0.807861364209641
0.297046121247689 0.792359349824827
0.284515014033966 0.797983803851592
0.264284415785336 0.807060197344995
0.258477560650255 0.809664527147558
0.275731587020869 0.801924838040915
0.263000306056354 0.807636074850444
0.292926797982317 0.79420924018561
0.262290941929707 0.807954198109268
0.262702820196618 0.807769447407763
0.276459132930398 0.801598479857358
0.273311926949013 0.803010825070234
0.283487258822084 0.798445522576744
0.265739828735185 0.80640738799347
0.260580770129336 0.80872122395467
0.272853826772585 0.803216365603781
0.290822051745423 0.795155634188557
0.266454820150406 0.806086609364064
0.261641378469373 0.808245422839169
0.260566043820766 0.808727829080105
0.262289107140929 0.807955021886652
0.261232307582927 0.808429045365884
0.283486708296653 0.798445769441337
0.272273979554852 0.803476405713546
0.265739828735185 0.80640738799347
0.287781904061858 0.796518437925627
0.278995586051794 0.800460946306154
0.258552508492355 0.809630909479334
0.265354521149669 0.806580210028665
0.261256359142125 0.808418258397911
0.263094961446802 0.807593630955157
0.266537478795773 0.806049335882196
0.262125453705539 0.808028399616563
0.26372926747457 0.807309174457883
0.29243820759185 0.794428384640247
0.263319924123224 0.807492521114048
0.277463862698928 0.801148474458388
0.271363071561848 0.803885772906836
0.26900075206144 0.804944597646067
0.339803172170735 0.773160228475091
0.276077072798368 0.80176985019769
0.258477560650255 0.809664527147558
0.272823476083336 0.803229921618152
0.264356516173422 0.807027783661094
0.380820866271891 0.75470384038761
0.369760475823322 0.759683189869029
0.387719896703846 0.751598112076471
0.387489629480862 0.75170193978854
0.387719896703846 0.751598112076471
0.317055838036909 0.783378084787511
0.321088709423521 0.781567340041287
0.33392949043266 0.775796252014793
0.382126082950226 0.754123077501435
0.340975007113333 0.772631975757472
0.314354292875547 0.78459075824455
0.32079346138946 0.781698614025988
0.333191047155605 0.776127952109965
0.339434488823495 0.773324650605062
0.36910977415476 0.759974589887701
0.340681485777151 0.772762248568657
0.323175918358098 0.780628877255673
0.333191047155605 0.776127952109965
0.325567859711256 0.779555637728878
0.309969812526443 0.786559014513557
0.319862801771464 0.782117317636868
0.38508070371516 0.752789733818033
0.312319136010263 0.785504456727292
0.330486804944555 0.777342734014992
0.300551436109468 0.790787935087809
0.290621526177745 0.795242765867287
0.339258920281872 0.773403525381502
0.330486804944555 0.777342734014992
0.330486804944555 0.777342734014992
0.330726007792824 0.777235753180881
0.325911173804261 0.779398643749439
0.315886661494059 0.783901826639696
0.32079346138946 0.781698614025988
0.324599979710529 0.779990245051213
0.292007459874385 0.794620618384408
0.338047462910934 0.773943283022056
0.350328525119628 0.768429248341012
0.342230900131144 0.772065668967523
0.336177522209862 0.774783234399156
0.304746229766741 0.788904375182425
0.290877890239494 0.795127672825246
0.306203132663661 0.7882502757815
0.377139059351564 0.756365384230172
0.390900970757445 0.750163409682918
0.292007459874385 0.794620618384408
0.330610348821052 0.777286051042345
0.390900970757445 0.750163409682918
0.286753411743884 0.796979488437625
0.367580755913839 0.760668746338547
0.340722957941828 0.772745272589097
0.324599979710529 0.779990245051213
0.335406987122602 0.775134343990157
0.35950833456558 0.764297842500476
0.324495747888591 0.780035045841486
0.338134877877644 0.773908422369835
0.290877890239494 0.795127672825246
0.304746229766741 0.788904375182425
0.281675945591384 0.799259154442972
0.338134877877644 0.773908422369835
0.390900970757445 0.750163409682918
0.290088199646742 0.795482216349122
0.324599979710529 0.779990245051213
0.38319927019185 0.753638224514147
0.340232392952292 0.772962502457437
0.33692648803547 0.774450260767879
0.33692648803547 0.774450260767879
0.329736383660149 0.777680914218464
0.290419767228846 0.795333073796757
0.276366339262062 0.801640033309821
0.330190108527283 0.777477402195298
0.339882862004652 0.773121963902287
0.31242753706514 0.785456371639559
0.344807108627194 0.770914413138248
0.278604749569045 0.800636918809312
0.276366339262062 0.801640033309821
0.277024355902102 0.801344886669408
0.346310224648937 0.77023502663269
0.330190108527283 0.777477402195298
0.275491055044087 0.802032715561413
0.276257120259324 0.801688978255578
0.39266901982848 0.749370321497894
0.318414056217517 0.782766515786775
0.278474717636904 0.800693858286156
0.324674421672971 0.779955828671901
0.388215744055176 0.75137585428451
0.276906574615484 0.801397715146185
0.347222583576485 0.769824561416344
0.279099010048504 0.800413902766911
0.369018918891585 0.760020875740828
0.313743099733727 0.784865020235745
0.290877890239494 0.795127672825246
0.342486733533204 0.771952573550628
0.310561882328531 0.786293286588829
0.277030732184038 0.801342028639468
0.275355883787881 0.802093342776954
0.275390053759589 0.802078018080071
0.329442216074161 0.777810946718089
0.32172185354556 0.781281278518702
0.347222583576485 0.769824561416344
0.34378650435997 0.771367705553298
0.32172185354556 0.781281278518702
0.378534419773119 0.755737637097026
0.290676753545482 0.795217950602114
0.275705507354906 0.801936894045069
0.333167184685354 0.776141511178841
0.3346817227727 0.775458269941727
0.293199119812928 0.794087912298322
0.279779212345687 0.800108796303721
0.314993643151213 0.784303637970438
0.289504762044594 0.795743981529334
0.378176048406251 0.755898202365412
0.284095705046887 0.798171776595044
0.38154773722567 0.754379698162779
0.313743099733727 0.784865020235745
0.309426045608418 0.786803089905907
0.281068559855084 0.7995306705815
0.37291032225695 0.758268663351755
0.38154773722567 0.754379698162779
0.37291032225695 0.758268663351755
0.310561882328531 0.786293286588829
0.334690049159285 0.775454521766498
0.289504762044594 0.795743981529334
0.290877890239494 0.795127672825246
0.290877890239494 0.795127672825246
0.373618237418445 0.757955178227391
0.288100378942459 0.79637419210589
0.3214477273965 0.781404679865912
0.285229482202167 0.797663133278476
0.289119801657996 0.795916737646826
0.299526440618119 0.791246735647636
0.287041538512042 0.796849448952206
0.280079418438441 0.799975017370876
0.334010390929286 0.77575956844772
0.285229482202167 0.797663133278476
0.3921474195888 0.749603641635328
0.317648228000325 0.783111499720316
0.38719268223964 0.751840122511615
0.308692997212631 0.787130837733674
0.289437055157608 0.79577428684815
0.290877890239494 0.795127672825246
0.324500311231414 0.780032764223918
0.289336552612361 0.795819474912083
0.373618237418445 0.757955178227391
0.28801214007935 0.796414958394065
0.380232890208037 0.754970432887135
0.321534114233829 0.781366307670118
0.363861575789128 0.762337964783838
0.289023222799533 0.795960992733052
0.279520532882111 0.800224677107872
0.282232814744391 0.799007745021231
0.279130627975243 0.800399611121599
0.290877890239494 0.795127672825246
0.359489924862409 0.764308533368079
0.365560889105189 0.76157355459289
0.357867439398649 0.765037176321901
0.294307547827007 0.793589378524393
0.288100378942459 0.79637419210589
0.365560889105189 0.76157355459289
0.275705507354906 0.801936894045069
0.326124817794334 0.779303818081472
0.273410216083271 0.802967002041311
0.273280599682292 0.803024911114239
0.294410237083634 0.793543269951891
0.281542894800153 0.799318236014506
0.382768654050919 0.753830463383986
0.395976599361263 0.747882279580083
0.372940231485464 0.758255813374353
0.294612804750761 0.793451930261669
0.315862913768352 0.783912599117877
0.356328031655253 0.765729708407893
0.284352341553003 0.798056421014756
0.382768654050919 0.753830463383986
0.382768182136661 0.7538306319111
0.367915586954381 0.760513760723414
0.286792072892003 0.796961417901406
0.268694076218572 0.805081680061823
0.3921474195888 0.749603641635328
0.273412851301058 0.802965819516095
0.356328031655253 0.765729708407893
0.295584303275802 0.793017123866864
0.311781777540311 0.785744497221562
0.273280599682292 0.803024911114239
0.280437912155162 0.799813207379022
0.278990490694711 0.800462622149278
0.273682519819511 0.802845014711939
0.295584303275802 0.793017123866864
0.285488732749636 0.797546093383232
0.268694076218572 0.805081680061823
0.293879647894244 0.793781501211283
0.280611434157066 0.799736012251249
0.268694076218572 0.805081680061823
0.295584303275802 0.793017123866864
0.344173550552668 0.771197537654405
0.272323743707212 0.803454098817908
0.322054537329817 0.781130256239175
0.268694076218572 0.805081680061823
0.383299686257149 0.753590674331966
0.268694076218572 0.805081680061823
0.315862913768352 0.783912599117877
0.344556924815844 0.771021204759242
0.277129747024892 0.801297372223952
0.268694076218572 0.805081680061823
0.310179154233719 0.786464390469251
0.381351501718365 0.754469634320556
0.315862913768352 0.783912599117877
0.277196296757514 0.801267515005364
0.275456050523728 0.802049530326109
0.32815886652713 0.778391566469983
0.269042824860896 0.804925235132753
0.271403958213768 0.803866888129952
0.268694076218572 0.805081680061823
0.323944466510997 0.780284457830291
0.310179154233719 0.786464390469251
0.280175383536041 0.799930906184278
0.269538932111649 0.804702663130689
0.276989972172762 0.801360259240139
0.286026822138087 0.797304668829265
0.268685090196956 0.805085715707653
0.283240054963555 0.798556845195818
0.301047440795408 0.790563344917797
0.340150278903848 0.773003900991485
0.298989663216674 0.791488338094687
0.268685090196956 0.805085715707653
0.286026822138087 0.797304668829265
0.298885424851811 0.791535800579826
0.268685090196956 0.805085715707653
0.277310314213246 0.801216549562585
0.268685090196956 0.805085715707653
0.281461950737828 0.799354490163981
0.276521504782163 0.8015703314146
0.33639735214643 0.774690170895754
0.280636921619255 0.799723487819328
0.263283046149789 0.807509116227681
0.274867743429126 0.802312130217196
0.286053349482945 0.797292764104042
0.278338810562065 0.800754976039941
0.312145249871129 0.785580991431337
0.286926330329857 0.796900908618217
0.276521504782163 0.8015703314146
0.394540322719376 0.748528983494918
0.339213191355997 0.77342209963459
0.263283046149789 0.807509116227681
0.286021039791192 0.79730726447103
0.269353531872758 0.804786433852428
0.278338810562065 0.800754976039941
0.321309577861986 0.781468676651852
0.287325974446986 0.796721612252221
0.276497540080941 0.801581555355767
0.279463892002168 0.800249818143128
0.275633791983356 0.80196852864096
0.283947179082428 0.798238348755067
0.268543663217592 0.805149713621151
0.264807186266427 0.80682544274604
0.280533995962042 0.79977061399372
0.287298460653172 0.796733959619928
0.270633577427717 0.804211671828515
0.267277462812568 0.805717348593415
0.263283046149789 0.807509116227681
0.264807186266427 0.80682544274604
0.263283046149789 0.807509116227681
0.263084606075916 0.807598126608574
0.275977645201948 0.801814374403216
0.264807186266427 0.80682544274604
0.263084606075916 0.807598126608574
0.27001016085532 0.804492140007907
0.280653920800125 0.799715839976138
0.26683501712945 0.805915859151715
0.339329394378066 0.773371698708996
0.265761826584936 0.806397163299254
0.279034076394419 0.800443046615451
0.264620430406996 0.806909211599982
0.281591132712381 0.799295276214789
0.267692114806995 0.805531348351464
0.284045916442208 0.798194438301279
0.275976858103572 0.801814727226085
0.265040857612417 0.806720684819311
0.308761749092722 0.787101828642445
0.275642856069718 0.801964536228324
0.323773523787886 0.780359500957215
0.272073739579948 0.803565606123586
0.369854580117218 0.759646197653289
0.263084606075916 0.807598126608574
0.271925935226213 0.80363257684339
0.347554361709862 0.769673562225698
0.316950210678781 0.78342446120862
0.264620430406996 0.806909211599982
0.265185623054053 0.806655744102173
0.275456050523728 0.802049530326109
0.267045487075113 0.805821864100299
0.267692114806995 0.805531348351464
0.266780340610699 0.805940763977803
0.269520478007135 0.804711125394183
0.268174438933869 0.805315188972464
0.263084606075916 0.807598126608574
0.263084606075916 0.807598126608574
0.271925935226213 0.80363257684339
0.278910036296241 0.800498303213684
0.338141236682397 0.773906540765129
0.269617624326697 0.804667657452386
0.268835870992627 0.805018367193089
0.263890333272682 0.80723661708699
0.272024380166894 0.803588209074718
0.281676936504027 0.799258870846975
0.263162815208497 0.807563043038608
0.263084606075916 0.807598126608574
0.263097012791531 0.80759256231464
0.272630601389157 0.803316088885768
0.31484635936618 0.78437159356381
0.294092864548237 0.793685715351878
0.263598890881898 0.807367434281818
0.289809535814125 0.795609029390989
0.285426676463742 0.797573912052555
0.286139636936146 0.797253954580773
0.271268069476043 0.80392724278649
0.277032848431782 0.80134083338452
0.262889443292582 0.807685654360737
0.269647320878776 0.804654336644476
0.263550433169878 0.807389188618487
0.27115609426458 0.803977308491446
0.2796872199826 0.800149544407782
0.31798376921013 0.782960579122155
0.385538382839113 0.752588568554077
0.265873168243155 0.806347216194134
0.268844381597551 0.805014405556976
0.26445483809325 0.806983580690991
0.262926032237133 0.807669240943674
0.280879107949562 0.799615493115127
0.34955353170359 0.768773090996924
0.270113734964868 0.804445286523324
0.27115609426458 0.803977308491446
0.345115318617481 0.770772776656128
0.266183668471463 0.806207936530316
0.262889443292582 0.807685654360737
0.268823881349729 0.805023437433676
0.270161102266326 0.804424053914019
0.327519759614982 0.778677028918067
0.270034295391349 0.804480533802893
0.345115318617481 0.770772776656128
0.875526538089563 0.255804587367358
0.899535478403204 0.217178177925858
0.899535478403204 0.217178177925858
0.899535478403204 0.217178177925858
0.899535478403204 0.217178177925858
0.869442514004551 0.26557247291045
0.899535478403204 0.217178177925858
0.899535478403204 0.217178177925858
0.89899921464736 0.218041098987153
0.878686738123679 0.250715716074949
0.899535478403204 0.217178177925858
0.899503245659007 0.217230043069408
0.896307468994551 0.222371374898329
0.899535478403204 0.217178177925858
0.896307468994551 0.222371374898329
0.899528222042046 0.217190143152201
0.898781645853911 0.218391644597918
0.900000944849966 0.216429007890023
0.900000944849966 0.216429007890023
0.899590570282003 0.217089640553744
0.899590570282003 0.217089640553744
0.899590570282003 0.217089640553744
0.896119069024654 0.222673045304542
0.873271876520836 0.259418034043231
0.86789283771528 0.268053147611077
0.902351619959701 0.212646679648199
0.317377386114386 0.783233833271543
0.903374025923514 0.210999254221991
0.903374025923514 0.210999254221991
0.302563943684293 0.789885039456154
0.87144318152695 0.262356356184883
0.897986021622216 0.219672913614657
0.906208720988883 0.206435135460994
0.897986021622216 0.219672913614657
0.90060942229612 0.215447341351236
0.916740264505001 0.189484680903964
0.906116106506623 0.206584210672118
0.916740264505001 0.189484680903964
0.919176543264629 0.185561594851478
0.368994312306394 0.760029676289942
0.869779574792176 0.265026678149398
0.906150944122337 0.20652814778013
0.919176543264629 0.185561594851478
0.87390217406933 0.258412413733081
0.368994312306394 0.760029676289942
0.901436474055278 0.214116718296749
0.879228544202317 0.249841254486375
0.896919641990116 0.221384047218382
0.898029224744999 0.219596699051793
0.897168471228985 0.220984268315161
0.896919641990116 0.221384047218382
0.919857795776057 0.184463062673138
0.896847327675702 0.221500465025921
0.907668698498593 0.204086189293948
0.919855746133154 0.184466363504214
0.921847258301102 0.18125800153739
0.921874717041615 0.181213793221172
0.8718215646805 0.261758782672822
0.904073002305542 0.209873682113156
0.871863248225903 0.261691765595288
0.87180844324095 0.261779884069426
0.868759286678602 0.266662091974659
0.904073002305542 0.209873682113156
0.869325745900101 0.265753025232777
0.87334793219115 0.259293873255788
0.910029965615244 0.200288558946797
0.896631003450413 0.221854608224567
0.898444262475323 0.218932377516013
0.897158781997041 0.221004330758843
0.897399429423276 0.220618179776767
0.896312236366511 0.222369560674534
0.897163291168442 0.220994497402046
0.899424542479841 0.217350824715906
0.895827261330144 0.223139718580559
0.895725806145293 0.223301909176344
0.911243262259808 0.198334606297964
0.913107080583505 0.195332911322191
0.899424542479841 0.217350824715906
0.897475846232621 0.220495529259864
0.913589008296309 0.19455630989307
0.875302912830604 0.256140059353209
0.912617423526042 0.196122592323387
0.907522935871395 0.204321672428999
0.915450132907466 0.191559119038779
0.911530345026635 0.197872255925923
0.910029965615244 0.200288558946797
0.915513914617569 0.191456446338168
0.90639504573082 0.206137513039241
0.908897263892994 0.202109284677071
0.90676827801461 0.205536636251472
0.916751256204678 0.189464610509299
0.91084160582375 0.198978375650618
0.908534575346209 0.202693224214024
0.914317692916427 0.193382919544761
0.907978688627715 0.203587972826487
0.871980966786942 0.261486619792555
0.898577201221866 0.218724192339889
0.912375385988166 0.196509245246529
0.910436993401499 0.199632964777288
0.914899832697383 0.192446090023658
0.904296004649086 0.209513838061926
0.913430703362437 0.194811499566873
0.915071613534539 0.192168543314446
0.91058800133582 0.199388074636847
0.914235177477797 0.193515750301495
0.896236693069826 0.222489756262658
0.915450132907466 0.191559119038779
0.911865373398922 0.197332088850385
0.915386671590873 0.191660922849833
0.912397506677198 0.196475157788655
0.916885524071109 0.189246131760524
0.901728321315499 0.213656306073327
0.909205662739061 0.201611094905141
0.908897264143811 0.20210928427319
0.870300806711388 0.264190875077419
0.913491245072391 0.194716469192165
0.904902101515496 0.208538890820185
0.875302912830604 0.256140059353209
0.87236233626853 0.260873635811727
0.876581870653967 0.254096877742814
0.876616062171867 0.254039668948303
0.874924670258439 0.256749416390061
0.913968535246462 0.193944985955554
0.902905652503336 0.211751012082619
0.872186313683952 0.261161023802737
0.915799251823903 0.190996891123659
0.912286051349401 0.196654208618927
0.874924670258439 0.256749416390061
0.878459700018305 0.251079378508625
0.903504472287034 0.210788580392463
0.909181683118505 0.201649705788095
0.898764435162743 0.218415844847171
0.875385390247916 0.256008637755496
0.911849504081874 0.19735544182868
0.916885524071109 0.189246131760524
0.913418607263231 0.194830743208379
0.908850838404731 0.202181433845517
0.915799251823903 0.190996891123659
0.909112491014242 0.20176590876116
0.89947474279949 0.217277520442823
0.897484043368169 0.220476765477931
0.908070883399867 0.203440156291687
0.870937112222733 0.263164762547112
0.911357893714932 0.198148262542929
0.908518731818413 0.202716681107119
0.878065996615994 0.251709769409643
0.91663134152095 0.189656769631415
0.912286051349401 0.196654208618927
0.906968246491068 0.20521539864746
0.912253941078408 0.196705920344317
0.914344543312687 0.193339682096368
0.91515938618655 0.192027943034486
0.878065996615994 0.251709769409643
0.911815216852215 0.19741064976379
0.898518855461658 0.218815422690717
0.911404492547682 0.198072262783697
0.877814248011258 0.252104543176723
0.877070054634052 0.253302412784273
0.906419529484597 0.206095302917117
0.903923896805177 0.210113236703784
0.909205662739061 0.201611094905141
0.90854919457229 0.202669574744309
0.91509317997389 0.192132662310752
0.872362845993216 0.260872815446527
0.877255415336816 0.253014966983684
0.870422586312347 0.263991919241547
0.915376754318286 0.191676852989291
0.910853880120458 0.198959037124375
0.868335312149486 0.267355040986518
0.906076491927136 0.206651326375409
0.91094169457867 0.198817680941159
0.911805656578554 0.197426398869408
0.871674898927725 0.261983315459573
0.906375837984004 0.206169886581042
0.915376754318286 0.191676852989291
0.91839513001851 0.186816716590014
0.906710465225511 0.205630371920086
0.908492613959426 0.202760526624801
0.91094169457867 0.198817680941159
0.912129305461311 0.196905096123511
0.875491845383163 0.255839236911415
0.915610934074378 0.191301686900598
0.912171486405377 0.196837131719881
0.903860482376183 0.210218802382218
0.875491845383163 0.255839236911415
0.876683396797837 0.253923152989119
0.870462942732342 0.263927097808129
0.908593338556972 0.202598557601326
0.908010953935495 0.203534348545116
0.907930067859863 0.203666009040439
0.916837501547227 0.189323458334714
0.905244420749955 0.207987140966094
0.918679863393385 0.18635819412318
0.906963023981419 0.205223802839237
0.875491845383163 0.255839236911415
0.918627604981661 0.186442352213248
0.908934769022668 0.202047210240987
0.91781982454788 0.187744494536554
0.871134992269486 0.262846229181964
0.900254189627717 0.216023450717104
0.871866862462639 0.261670643091522
0.875627392287548 0.25562637530751
0.876683396797837 0.253923152989119
0.918679863393385 0.18635819412318
0.916403886169241 0.190023034856887
0.905244420749955 0.207987140966094
0.871970508577977 0.261503600764379
0.915411360611255 0.191621122833057
0.86859086485361 0.266926441109844
0.916494184963844 0.189877661278675
0.875993360656217 0.255032508181853
0.912080868944641 0.196983810675948
0.913648997649738 0.194457772239755
0.910174387069596 0.200051180148402
0.871970508577977 0.261503600764379
0.913991938196363 0.193906244828014
0.90528480181652 0.207922132754349
0.870328134865318 0.264143852425076
0.916403886169241 0.190023034856887
0.914825565568642 0.192565661294524
0.908927013674616 0.202059696458985
0.913092730346569 0.195355613956988
0.874595374316905 0.257280317958356
0.871273417678695 0.262625740101372
0.871547695319478 0.262181155722534
0.911421596232662 0.198048304266405
0.876710587368174 0.253882161143082
0.877306578807143 0.252923643708035
0.900271586381204 0.215995399683356
0.913116149711037 0.195317919103721
0.872386971069518 0.260832792595196
0.87553020305355 0.255784887520484
0.914873306837201 0.192486168066571
0.876630038513052 0.254009913835131
0.918679863393385 0.18635819412318
0.917702519035952 0.187931664095481
0.906008520213261 0.206759121160765
0.918703340146728 0.186320385126329
0.919446913891613 0.185122964610841
0.916957502107399 0.189131856165073
0.913068850097446 0.195394054119114
0.912289828138151 0.196648126800131
0.915626240855135 0.191277682868807
0.875699679559885 0.255506163054265
0.918703340146728 0.186320385126329
0.90661129354047 0.20579032189666
0.867880317297876 0.268074731753957
0.91052228489184 0.199492780277959
0.917058961300686 0.188968991312455
0.909829809767063 0.200606888820743
0.91146584495211 0.197978048312201
0.919289689968681 0.185376191762088
0.876518947868956 0.254190933608436
0.909173115428331 0.201666275172682
0.867880317297876 0.268074731753957
0.919446913891613 0.185122964610841
0.91692562416433 0.189181529527902
0.909292986635558 0.201474206891998
0.877662305330383 0.252352168296933
0.917199905540701 0.188741590568864
0.914717175207142 0.192739140453897
0.877956904919348 0.251880536257303
0.917807933895869 0.187763643454831
0.868256507345933 0.267470573035628
0.91795359263604 0.187527739454258
0.910985365069068 0.198746952524584
0.920421416397628 0.18355320698276
0.916921776823409 0.189189274156712
0.912512345855826 0.196291602880297
0.91681335338658 0.189362384905659
0.870142664326829 0.264442770918323
0.919100732193768 0.185680529894102
0.912289828138151 0.196648126800131
0.87884968366635 0.250443299339592
0.91166675045651 0.197649844653668
0.91464031052102 0.192861434679752
0.910288636210784 0.19987069765838
0.916802830804081 0.18938091914916
0.878828312113463 0.250496007684796
0.91827910379125 0.187003569142128
0.916100859069885 0.190511104101675
0.877662305330383 0.252352168296933
0.913061159505556 0.195406309464244
0.902313576740059 0.212706443556532
0.92106343314114 0.182519325343245
0.922658568549259 0.179952371255878
0.909953869396912 0.200410355037088
0.912829104473532 0.195780615325784
0.919100732193768 0.185680529894102
0.91370177601521 0.194375372118348
0.868516518026739 0.267047067528596
0.920723815989704 0.183066276539773
0.917482280754462 0.188286755384894
0.915858673299829 0.190901720758813
0.910625372318976 0.199326370940106
0.911003246618208 0.198720374703159
0.921193710214689 0.182310257389939
0.916333620214606 0.19013531514289
0.917012182655887 0.189045081485167
0.911057880319612 0.19862916335555
0.874950644153327 0.256719028359888
0.910375623210053 0.19973107122543
0.904876010244667 0.208583161731131
0.91827910379125 0.187003569142128
0.904164448809718 0.209734976864609
0.919035685734153 0.185784757095423
0.907941518575898 0.203647635951045
0.92187929601971 0.1812066848624
0.916176038614726 0.190389055758148
0.920668411124191 0.183155401237086
0.917125560622951 0.188862316012887
0.87642396013916 0.254344343444725
0.919263513173964 0.185418322129216
0.871363200704238 0.262472912153842
0.906200968573423 0.206448570474296
0.912373459229166 0.196513153444159
0.919035685734153 0.185784757095423
0.919446913891613 0.185122964610841
0.916669992887278 0.18959474576125
0.870918468158625 0.263195928824881
0.902313576740059 0.212706443556532
0.922658568549259 0.179952371255878
0.91931756353131 0.185332435762531
0.906775267834521 0.205525845408269
0.918514607387881 0.186626178007902
0.921242006969366 0.182232796044696
0.915450412983757 0.191558791418187
0.874413988727734 0.257573309683677
0.906200968573423 0.206448570474296
0.87647848015449 0.254255483152852
0.913488534024103 0.194718053191308
0.907180780150899 0.204871678713955
0.917727715475246 0.187891711083923
0.875613850074595 0.255647236038471
0.903411983914921 0.210942931439362
0.877525736827084 0.252574653954091
0.918514607387881 0.186626178007902
0.921941309929616 0.181106839755306
0.919446913891613 0.185122964610841
0.918447333481113 0.186731936486323
0.90961750352212 0.200952140179468
0.874950644153327 0.256719028359888
0.875698107805366 0.255511361906741
0.920397817929105 0.183591221457755
0.879145921553317 0.249973810429957
0.87513527442998 0.256420283805293
0.910301855039749 0.199848156766985
0.910813566864935 0.199028107864676
0.910608697097134 0.199353849451983
0.919846395170688 0.184479400909757
0.868285444395864 0.267417379874824
0.868553251439425 0.266997613822008
0.921718903170624 0.181464785940289
0.920779757077797 0.182977281284287
0.921193710214689 0.182310257389939
0.921941309929616 0.181106839755306
0.916215578037006 0.190326621106992
0.916099697401861 0.190511941592846
0.907941518575898 0.203647635951045
0.875698107805366 0.255511361906741
0.919871398856306 0.184439165295798
0.916669992887278 0.18959474576125
0.87647848015449 0.254255483152852
0.921409222860478 0.181962078674199
0.920318595794141 0.183719857271417
0.910280811843175 0.199885530999898
0.922986823495283 0.179423690868298
0.919035685734153 0.185784757095423
0.907180780150899 0.204871678713955
0.918267743687867 0.187022880990637
0.868542637186135 0.267003354968044
0.910178702039023 0.200047428124537
0.91166675045651 0.197649844653668
0.919668916838794 0.184765135320404
0.869510871333512 0.265462270813351
0.915794565104865 0.191004410509149
0.911135753857124 0.198505750326833
0.873899740621275 0.25841434090421
0.876392205545459 0.254397949216712
0.907958276617161 0.203620652176294
0.868187865786645 0.267574202461723
0.92553552441429 0.175318237076247
0.914802366299289 0.192603162134734
0.918268299839662 0.187021982830941
0.917143413082798 0.188833565566579
0.91053925921438 0.19946521023027
0.912533138862142 0.196258740059886
0.914737066993532 0.192707104265111
0.916629557067941 0.189659522988325
0.917468244593381 0.188309750857449
0.923548875416527 0.178518345101465
0.925853739192799 0.17480566253983
0.876567006070394 0.254116911609023
0.920397817929105 0.183591221457755
0.925128904570163 0.175973212616204
0.915450412983757 0.191558791418187
0.917468244593381 0.188309750857449
0.911788575511314 0.197457144897022
0.899477405955829 0.217273448827865
0.871461995023058 0.262327375974167
0.916126684478568 0.190468508616927
0.920146477149601 0.183997776948499
0.871552944637118 0.26217271433333
0.913347321571396 0.194944297364127
0.876296750881029 0.254552591180163
0.925128905539824 0.175973211054358
0.87429316547314 0.257784253990551
0.876084816737439 0.25489071350086
0.916025427492444 0.190632610782376
0.925956117100664 0.174640755125111
0.916068283251454 0.190563369696811
0.871426888621879 0.262374510156274
0.925137553677658 0.175959346118559
0.922658568549259 0.179952371255878
0.925927891854753 0.174685914952054
0.899477388996487 0.217273476139619
0.912269758919016 0.196681395202303
0.926233757273374 0.174193528388714
0.87513527442998 0.256420283805293
0.922743377369489 0.179815772108115
0.920397817929105 0.183591221457755
0.911788575511314 0.197457144897022
0.921201112683187 0.18229722748418
0.87513527442998 0.256420283805293
0.87429316547314 0.257784253990551
0.916126684478568 0.190468508616927
0.921783289326077 0.181360042140446
0.910871745323898 0.19892997276982
0.911064246243884 0.198622668097408
0.920794111014035 0.182952782141634
0.899991195226533 0.216446286043819
0.926233757273374 0.174193528388714
0.923548875416527 0.178518345101465
0.905537087701503 0.207519545469448
0.923942614359818 0.177883859810931
0.922658568549259 0.179952371255878
0.926214631365793 0.174224337216659
0.922938634741306 0.179501228786522
0.875644893622543 0.255599203775619
0.923784237298947 0.178138955071208
0.92008889015721 0.184089305832014
0.915542491974826 0.191409855189367
0.910021939795515 0.200296849976694
0.926781973101115 0.173310356692199
0.920775901398316 0.182982822803885
0.924020774949446 0.177757187604057
0.913116868820749 0.19531661458831
0.917934720732587 0.187557977479752
0.914412653829719 0.193230054168807
0.899496626051651 0.217242531226785
0.92346609491899 0.178650571793743
0.920835648841352 0.182887449002284
0.92107393525968 0.182503396072393
0.916673550609697 0.189589100239781
0.87054247658284 0.263795757180104
0.917949395525085 0.187535786942304
0.873770945994699 0.258610945710333
0.919340675663258 0.185292924302176
0.916368915829485 0.190080261393776
0.927883547407381 0.171536022529579
0.918692419917282 0.186338814581369
0.909300112949349 0.201460135984068
0.921388041538638 0.181996182041251
0.913387683761798 0.19488006467614
0.924015093952369 0.177766338482245
0.926780493246461 0.173312739708062
0.911886606395743 0.197299127247306
0.919668916838794 0.184765135320404
0.871076735701244 0.26293717081387
0.923911604392409 0.177932941404932
0.867398310515131 0.268844016140678
0.87054247658284 0.263795757180104
0.919841377867147 0.184488551949152
0.924004068976386 0.17778409404575
0.925137553677658 0.175959346118559
0.920114615551665 0.184047691227398
0.924822579448281 0.176466799625887
0.919466129174598 0.185091999238133
0.918307423527281 0.18695951660402
0.920397817929105 0.183591221457755
0.913248315403423 0.195104554298895
0.924409015652671 0.177132635505663
0.872420221226162 0.26078011960991
0.923469982651425 0.178645263669783
0.92330132159302 0.178915956850149
0.877822952690806 0.252096475567749
0.920173292803339 0.183952459900983
0.925837034758778 0.174832586432364
0.912978590094748 0.195539233657732
0.921256594654739 0.182209348082511
0.912986843417645 0.195525945539518
0.878249181747596 0.251409722940706
0.923597100760269 0.178440395983578
0.923038107175029 0.179339731676162
0.910079640474402 0.200205794593722
0.922692571041031 0.17989662351346
0.914412653829719 0.193230054168807
0.897865815132293 0.219861975474391
0.871823325892525 0.261753266476112
0.926781973101115 0.173310356692199
0.919152056236393 0.185597923373856
0.913275270517002 0.19506114601105
0.870835291679089 0.263330109904914
0.913114979954231 0.195318064684348
0.925272332338296 0.175742159978333
0.912557866089049 0.196214758852894
0.918376449718307 0.186848002789192
0.92472634644354 0.176621581882996
0.921783713153399 0.181359359563858
0.869786498158645 0.265011928221273
0.909478131405238 0.201176167546079
0.878566297216948 0.250902658506084
0.922671788671781 0.179930107465202
0.92082125460607 0.18291063188335
0.926864769248134 0.1731769851389
0.924243139639469 0.177399784806301
0.923597533137886 0.178439699561417
0.924020774949446 0.177757187604057
0.924248768367732 0.17739075053552
0.871999003014131 0.261457150467445
0.915794565104865 0.191004410509149
0.878472384366208 0.251048621408119
0.921783289326077 0.181360042140446
0.926864769248134 0.1731769851389
0.920789555982409 0.182961639606358
0.929616302626999 0.168745110741638
0.920528296772881 0.183382733776792
0.871644681064687 0.262027207437007
0.912557866089049 0.196214758852894
0.914398367515735 0.19325277670561
0.907304607645425 0.204672812842051
0.923751069343534 0.1781917803119
0.925518644106611 0.175345007346946
0.913697394735924 0.194382981791348
0.929638280194482 0.168709714768412
0.868427660567294 0.267197725866534
0.917663536271594 0.187995360331259
0.913680923770225 0.194408135595581
0.924704617374796 0.176656195782931
0.907730324549023 0.203990001186165
0.923328273666686 0.178873219952341
0.929638280194482 0.168709714768412
0.869786498158645 0.265011928221273
0.929637581239147 0.16871083412522
0.874746987904053 0.257050376424375
0.927346732819998 0.172400690531301
0.929638280194482 0.168709714768412
0.914446171567349 0.193175925193899
0.920775563653305 0.182984129712453
0.928296957548942 0.170870215297776
0.922014989745147 0.180987466710087
0.922014989745147 0.180987466710087
0.913531994136877 0.194647855563201
0.925272332338296 0.175742159978333
0.915941418592999 0.190768373089093
0.906603408810426 0.205804481972612
0.923775073034575 0.178153120702544
0.92512359374595 0.175981736238943
0.91295387212013 0.195579107693454
0.914441185236309 0.193183954521359
0.915921293330228 0.190800738784464
0.907452290132567 0.204431723029017
0.9296367830367 0.168712126296004
0.923033527374445 0.17934650462682
0.919659222783868 0.184783658076989
0.920984890378394 0.182647680304928
0.89618242575925 0.222574389682394
0.925958042628331 0.174637517471147
0.921647748446621 0.181579267969925
0.924516523815633 0.176959114873083
0.929633044998566 0.168718144124522
0.924809385077988 0.176487621580006
0.916177528699861 0.190388125300792
0.92784822201733 0.171592917553289
0.912215455455347 0.196764950368533
0.929638269501972 0.168709731992808
0.91961094569254 0.184858735139238
0.922499634993387 0.180207402308599
0.929638280194482 0.168709714768412
0.87556475266293 0.255728696003853
0.92289116142889 0.179576494054867
0.919485498155582 0.185061708408311
0.915721119475975 0.191120652366817
0.921794777304102 0.18134232666304
0.915080668628053 0.192156250311527
0.926880909819001 0.17315056744753
0.923328273666686 0.178873219952341
0.925272332338296 0.175742159978333
0.929638280194482 0.168709714768412
0.925976041611336 0.174608504493726
0.926780493246461 0.173312739708062
0.920109644644891 0.184056088376737
0.878782035272252 0.250551690414397
0.875279616310242 0.256184204698352
0.920109644644891 0.184056088376737
0.900256590099965 0.216012778203326
0.929250302693341 0.169334623971761
0.923708858206109 0.178259739449338
0.877407088283871 0.252767825296793
0.92498582278607 0.176202565521836
0.912440048798271 0.196403399639609
0.91999127356609 0.184245308837325
0.909202742538765 0.201619708621383
0.927037502912705 0.172898791486371
0.915608211609945 0.191302307479621
0.875964765065024 0.255087601000824
0.929001106851971 0.169736041441403
0.913742298711361 0.19430960585445
0.905311394448376 0.207884408669662
0.921040227310097 0.182556659330035
0.92564430933064 0.175142980559549
0.922168473329703 0.180741441489355
0.929239960159365 0.169351284421214
0.927861491508124 0.171571455488131
0.924809385077988 0.176487621580006
0.922515424056769 0.18018212006991
0.921565173183706 0.181712760766978
0.915875747729641 0.190871491591526
0.929638280194482 0.168709714768412
0.924428398542267 0.177100163279653
0.923111750618198 0.179220598452264
0.917328244016945 0.18853516038379
0.915608211609945 0.191302307479621
0.924370566643397 0.177194613512896
0.920033004847709 0.184180530269726
0.916593156729122 0.189717581368147
0.918813270417662 0.18614339678744
0.899717955557324 0.216886141374433
0.875757385950584 0.255413964067019
0.913531994136877 0.194647855563201
0.920033004847709 0.184180530269726
0.923455915735494 0.178667173214014
0.918485008499369 0.1866705886967
0.910424388645807 0.199652221009477
0.92283244989139 0.179671050732416
0.923845809650299 0.17803997992699
0.929170426242928 0.169463311597383
0.920893631860163 0.182794001762838
0.925081469804836 0.17604956686517
0.921522680413369 0.181781861520191
0.876276518277861 0.254580192712119
0.91516260553341 0.192024160921471
0.927345238270751 0.172403097580058
0.908269202607607 0.203120506980644
0.927434546405353 0.172259359997036
0.929638280194482 0.168709714768412
0.924370566643397 0.177194613512896
0.929638280194482 0.168709714768412
0.919258495186294 0.185427792401672
0.929437395894562 0.169033291835349
0.920299246497191 0.183749810116636
0.906563631665798 0.205869180789826
0.91346806927258 0.19474883793401
0.930394573827775 0.167491492123084
0.928218668270434 0.170996317032509
0.930350764544488 0.16756210520456
0.916593156729122 0.189717581368147
0.922278400491237 0.180564611018448
0.929638280194482 0.168709714768412
0.91051298409749 0.199505632462877
0.909478131405238 0.201176167546079
0.921470799027891 0.181863804046088
0.918502665923017 0.186643078770964
0.919855806567989 0.1844658719485
0.924968291925088 0.176231775756495
0.872938011570184 0.259954503532085
0.875862464798736 0.255244765079874
0.911849497319965 0.197355678416991
0.876032061613992 0.25497468554965
0.908307332973892 0.203061414107152
0.918594168683263 0.186497189216781
0.923275918780121 0.178957098162198
0.927850530599194 0.171589111538012
0.925624695459612 0.17517376627572
0.916348958945592 0.190109784497071
0.923549703587248 0.178515948388659
0.928060631394603 0.171250897511563
0.868185990708996 0.267582287558602
0.922278400491237 0.180564611018448
0.919878769479226 0.184426990102539
0.917819360686344 0.187744826109186
0.921056311760511 0.182530302540545
0.912669289953226 0.196039847430527
0.899858036155751 0.216660383790687
0.874956023000345 0.256704613795102
0.916256289043992 0.1902591089749
0.874955487850303 0.256705471198517
0.913231587720444 0.195131408166172
0.930394573827775 0.167491492123084
0.917218027180312 0.188713332659709
0.929815230295058 0.168424709956322
0.928296957548942 0.170870215297776
0.909273586358749 0.201505413560696
0.904712308117748 0.208846256269505
0.91515840928016 0.192031130007386
0.878214682854793 0.251472407192214
0.921255041022001 0.18221230700543
0.879076266528806 0.250076862199921
0.874238675820565 0.25785787376557
0.922168473329703 0.180741441489355
0.930467806964621 0.167373535742195
0.924309590208795 0.17729306123563
0.903582593423659 0.210663717064917
0.921455493727647 0.181889932501065
0.925888991363611 0.174748119758395
0.922568516402228 0.180096742369013
0.869170059844886 0.265995922471795
0.869684206785653 0.265185099022321
0.929001106851971 0.169736041441403
0.927890416884778 0.171524925455471
0.875757385950584 0.255413964067019
0.91132124835846 0.198205892789616
0.914996669464848 0.192288976815339
0.929010532916937 0.169720858651143
0.92305952086098 0.179304910718867
0.930467806964621 0.167373535742195
0.871404811783947 0.262409729323264
0.906648619477117 0.205728915259653
0.919485498155582 0.185061708408311
0.920997247257996 0.182627544975314
0.904842297612745 0.208635586737285
0.93036579225398 0.167537847800589
0.900891121570854 0.214997137172988
0.875279616310242 0.256184204698352
0.872364591549086 0.260864554594567
0.915006246670024 0.192273546903853
0.903607712303303 0.210625178203074
0.895871414365497 0.22306776008002
0.875279616310242 0.256184204698352
0.929771099903445 0.168495688766435
0.91651209513336 0.189847063338629
0.929483419329182 0.168959156367276
0.916082604766135 0.19054035810967
0.868226756162555 0.267514435487801
0.920384635653194 0.18361299124168
0.926050462319295 0.17448807943737
0.918594168683263 0.186497189216781
0.87786209931168 0.252037114093858
0.904398765423989 0.209357928845169
0.927811426106348 0.171651908176865
0.903086101561594 0.211463693071643
0.91132124835846 0.198205892789616
0.923750429300533 0.178193628211121
0.920977997137217 0.182660363176198
0.923565354977191 0.178490940207569
0.916732548069397 0.189493111684073
0.927788559899995 0.171688858457578
0.875025725965358 0.256594152750621
0.924999235724424 0.176181944490988
0.909649201301271 0.200902956846034
0.92657561160059 0.173642632827354
0.922847471978319 0.179646854254284
0.928134701622192 0.171131401794045
0.916200411719549 0.190349109478655
0.924370566643397 0.177194613512896
0.922568519703715 0.180096737051609
0.903086100713292 0.211463694436885
0.928243435749 0.170956416160706
0.919978892931142 0.184267986530576
0.930467806964621 0.167373535742195
0.926565471232702 0.173658607693489
0.927857132232836 0.171578876537079
0.868228916598465 0.26751098576245
0.915723898883023 0.191116860694549
0.918096601743914 0.187298215147602
0.876759415360418 0.253809576070544
0.922638847064194 0.179983993074977
0.878437712617647 0.251106084534645
0.926109907354791 0.174393092882924
0.876867482481808 0.253634535735926
0.928304414185506 0.170858211798812
0.922568516402228 0.180096742369013
0.903110679395568 0.21142412011978
0.929880200446783 0.16832005886095
0.915310063965807 0.191782484679943
0.927030045550307 0.172910774435131
0.923845809650299 0.17803997992699
0.917199005018698 0.188744162035665
0.928234443536808 0.170970780299415
0.901687912195367 0.213714287319596
0.926679784018685 0.173475056620034
0.93059904804499 0.167162191755585
0.92491785329081 0.176313026112512
0.922750092167299 0.179804515959534
0.926081351771548 0.174438435783583
0.929004929829277 0.169729885152748
0.925888991363611 0.174748119758395
0.916200411719549 0.190349109478655
0.924180879492358 0.177499355820447
0.877472169750689 0.252667349813429
0.920765123878363 0.18300118550297
0.923275918780121 0.178957098162198
0.930467806964621 0.167373535742195
0.874638709906391 0.257219671924602
0.913148570554092 0.195262346171736
0.900943750669244 0.214912403616008
0.921897810458171 0.181177762470201
0.924909891730596 0.176325443795868
0.924216375027208 0.177442765829319
0.925293330738928 0.175707809318115
0.920622964348521 0.18323136366827
0.912351004772982 0.196549820652066
0.930811564687215 0.16681985434456
0.875472327069142 0.255874664067022
0.918783449196779 0.18619124017444
0.92491785329081 0.176313026112512
0.919838510463263 0.18449488596089
0.87601986719326 0.254995404390832
0.922750092167299 0.179804515959534
0.918783449196779 0.18619124017444
0.904398765423989 0.209357928845169
0.908805923583388 0.202254196297051
0.916247136393022 0.190273736591051
0.916732548069397 0.189493111684073
0.92808706307367 0.171208317498579
0.922667369974005 0.179938274678634
0.93081041877221 0.166821700029993
0.927185706429556 0.172659961342702
0.911450594705196 0.198000026221383
0.904895011123719 0.208551473516033
0.928198264787847 0.171029209739557
0.928739226032441 0.170157662271399
0.917818842428499 0.187745660820175
0.904447752447826 0.209271030795815
0.920623030417815 0.183231257317275
0.90726739839288 0.204732428586054
0.928484561792152 0.1705678480259
0.874638709906391 0.257219671924602
0.929847654205967 0.168372387685465
0.919637170112844 0.184818512300738
0.903495568997685 0.210805849541315
0.928867740599078 0.16995069591373
0.930881857657973 0.166706635090443
0.927185706429556 0.172659961342702
0.877472255637534 0.252667211864573
0.926588895537113 0.173621051049308
0.926891380208894 0.173134339006158
0.919532365920117 0.184986461557626
0.87598161284873 0.255058173030543
0.90413916889409 0.209766938040883
0.905975215461384 0.206811986612339
0.927185706429556 0.172659961342702
0.906619990007562 0.205773444018511
0.915551075037767 0.191400008327234
0.923696155321437 0.178280657884943
0.922764669053483 0.179781033577861
0.927050679007814 0.172877740495896
0.928483737059117 0.170569356022494
0.916201482530518 0.190347392442387
0.904692130908405 0.2088796829215
0.873673970634846 0.258767424875962
0.920406212151568 0.183580237697956
0.874402029599615 0.257596245337738
0.90410636706513 0.20982283115526
0.915013005875626 0.19226157606047
0.923822786648115 0.178076700566706
0.913564058367796 0.194594921067878
0.928193801749643 0.171036406573122
0.928276083375186 0.170903704372273
0.903950655266193 0.210072149574424
0.914968768542599 0.192335133093862
0.93037062066428 0.167530070861056
0.928757306191831 0.170128743961855
0.904242412489104 0.209601636977861
0.919439239670076 0.185137304541481
0.914747636483088 0.19269078310076
0.923696155321437 0.178280657884943
0.915439354255143 0.191577979395155
0.922764669053483 0.179781033577861
0.930881857657973 0.166706635090443
0.921413907465902 0.181955796425322
0.924909891730596 0.176325443795868
0.907039836151903 0.20509954201761
0.875579156533178 0.255700961445173
0.929360081935319 0.169157746719821
0.927760608833398 0.17173392101276
0.930881857657973 0.166706635090443
0.875126113558669 0.256430350534232
0.928874000194458 0.169940748319512
0.929785079851395 0.168473199478289
0.930888240172713 0.166696354542011
0.920577397321313 0.183303922198871
0.915758192467908 0.191064539833289
0.916790514415838 0.189402099201044
0.920639280634163 0.183204340564857
0.924216375027208 0.177442765829319
0.918415212878599 0.186786337252734
0.916640599455678 0.189642937610639
0.916241364040709 0.190283120504578
0.904242412489104 0.209601636977861
0.916328214308363 0.190146546631817
0.877208444457007 0.253079798254957
0.926104397594392 0.174401854234781
0.921478807101137 0.181851727535598
0.929784751352138 0.168473728573843
0.927760848834866 0.171733534480034
0.910892707717036 0.198895276870219
0.925022651520839 0.176143831096326
0.907122008352035 0.204967001296851
0.879497604172847 0.249409039218762
0.929890671105778 0.168303141086093
0.922857408430856 0.179631810644547
0.929784751352138 0.168473728573843
0.875804474100168 0.2553400211607
0.930577983146089 0.167196078106138
0.921478807101137 0.181851727535598
0.929887364177872 0.168308450914227
0.915439354255143 0.191577979395155
0.913807458790852 0.194205972675667
0.925888991363611 0.174748119758395
0.922529343875598 0.180160649395042
0.930888240172713 0.166696354542011
0.907110299431615 0.20498611338397
0.918886951434498 0.186025156588498
0.914395831777725 0.193258427288403
0.920811928645163 0.182925556538848
0.910661924306072 0.199266687029077
0.929784751352138 0.168473728573843
0.928483737059117 0.170569356022494
0.916296575873902 0.19019642758212
0.930888240172713 0.166696354542011
0.927458755508151 0.172220072683674
0.923696155321437 0.178280657884943
0.916640599455678 0.189642937610639
0.873940603485476 0.258338677917017
0.922053959931194 0.180926320986918
0.925888991363611 0.174748119758395
0.920906801579594 0.182772766786862
0.920729261061857 0.183058974407498
0.919978892931142 0.184267986530576
0.927504450973006 0.172146670037187
0.928485790327713 0.17056604879897
0.930888240172713 0.166696354542011
0.921100700161974 0.182459215605089
0.912037526326091 0.197051996326551
0.926588895537113 0.173621051049308
0.924218342102843 0.177439552426195
0.924780099088856 0.176534840224276
0.914395831777725 0.193258427288403
0.918525491394455 0.186607232738481
0.925513268276452 0.175354153779425
0.870112046935021 0.26448451757421
0.927976290175556 0.171386489910825
0.928521036639007 0.170509192626028
0.922440592828386 0.180301750661343
0.928485790327713 0.17056604879897
0.920628928194904 0.183220922708277
0.925996324001032 0.174575267387263
0.911230292627175 0.198352507723596
0.924058658826513 0.17769652380246
0.904262026877929 0.209570137499499
0.924909891730596 0.176325443795868
0.925073347475062 0.176062093640952
0.923748140811868 0.178196959451656
0.91800172208598 0.187450884580737
0.926588895537113 0.173621051049308
0.91978873701862 0.18457250646752
0.87007848163299 0.264538486816764
0.924998200976174 0.17618367727518
0.915042294721313 0.19221745930708
0.927926456128031 0.171466756940257
0.923020363376812 0.179368487963809
0.91820793730596 0.187119842314076
0.927089458100784 0.172815176690805
0.923020363376812 0.179368487963809
0.922440592828386 0.180301750661343
0.927199722142762 0.172637465834554
0.927076864824997 0.172834979151709
0.923602646050785 0.178430378703062
0.923664764314095 0.178331215264797
0.927944539786912 0.171437891580813
0.872428454764947 0.260777178019044
0.927585822649006 0.172015612990504
0.876270198153855 0.25459741444149
0.922709997745387 0.179867870708124
0.920465117445162 0.183485159099936
0.925971198047417 0.174616313331015
0.929360938850497 0.16915632526171
0.876727340381592 0.253862450613704
0.89569764744776 0.223356533523672
0.929368734561838 0.169143916075412
0.904774965103292 0.208749444595532
0.923303705136297 0.178913886703731
0.918236845628597 0.187072980291763
0.926349389888473 0.174007060820136
0.929277638384731 0.169290569633522
0.919068239176912 0.185733232705581
0.927495030236976 0.172161855253031
0.929087427582569 0.169596917320274
0.912295983389817 0.196635801711455
0.928231823058705 0.170975026128088
0.915911851010901 0.19081599867004
0.913807458790852 0.194205972675667
0.926352870720848 0.174001759704441
0.930888240172713 0.166696354542011
0.926718485354175 0.173412345800284
0.92976600306899 0.168503939785685
0.929552684995702 0.16884753435786
0.926718485354175 0.173412345800284
0.927654302365057 0.171905052689912
0.929013475098544 0.169716033485898
0.927587652827252 0.172012666248689
0.878500231643973 0.251006947309564
0.927445364511223 0.17224185046939
0.924760053778135 0.17656677426621
0.909735397707398 0.200764025957422
0.929573854262305 0.168813515903875
0.916296575873902 0.19019642758212
0.917999013634227 0.187455237797593
0.925857804926764 0.174798316776455
0.905900224982056 0.206934727001285
0.923087573372652 0.179259472531682
0.910898745697896 0.198889949795624
0.911906727114959 0.19726302730114
0.921462297193129 0.181877945260958
0.918066732008588 0.187346225574589
0.924686098586648 0.176685882561803
0.923562477794686 0.178495006020612
0.927873376459392 0.171552404228496
0.873685926222293 0.258747705116173
0.926588331319745 0.173621963512039
0.925602664095576 0.175209735987572
0.922360579164842 0.180430695814163
0.905900224982056 0.206934727001285
0.928819799649349 0.170028066857429
0.873293450847093 0.2593763482869
0.927864195682757 0.171567170321363
0.924946578813565 0.176266574469203
0.930728423363471 0.166953766087938
0.930468852276486 0.167371856797624
0.929812217728825 0.168429483104919
0.921364241439259 0.182035873418669
0.913807458790852 0.194205972675667
0.872419471236044 0.260790519127971
0.924584203457852 0.176849277322943
0.920281830821803 0.183780130708788
0.924193032352123 0.177479265289776
0.926735792808029 0.173384922390115
0.92702582392001 0.172917342171432
0.923101498110291 0.17923703050103
0.91219155148023 0.196806023993053
0.921781062319397 0.18136531669475
0.928819799649349 0.170028066857429
0.872207456684261 0.261131490255488
0.928257755005359 0.170933349379943
0.928415869003298 0.170678655651916
0.922258784909668 0.18059464235878
0.915582896637368 0.191346368789573
0.924059036833034 0.177695754085048
0.911502258582504 0.197914861675803
0.925996324001032 0.174575267387263
0.925405482286575 0.175526949037926
0.930888240172713 0.166696354542011
0.928988752240356 0.169755862533055
0.929195881500876 0.169422142299685
0.916443600968405 0.189960083938345
0.928546762092988 0.170467740910228
0.869791370733008 0.265011631633345
0.904799426387178 0.208702193528875
0.879314492492411 0.249696696837805
0.926006491912622 0.174558892596014
0.919535179205631 0.184980726516511
0.93036579225398 0.167537847800589
0.90969489746191 0.200823876787527
0.920587147672504 0.18328678550608
0.906689087686022 0.205660256966958
0.902244738441009 0.212820349454355
0.929841703743882 0.168382003432659
0.922709997745387 0.179867870708124
0.922225835989261 0.180647699892466
0.930854376204006 0.166750898284503
0.925287645292394 0.175717112241056
0.896475268330818 0.22209835446166
0.919058357231706 0.185748978569036
0.924380707961101 0.177177262939385
0.926493058659425 0.173775403318819
0.92677267544211 0.173325206943546
0.87942245580613 0.24953305490741
0.930888240172713 0.166696354542011
0.904839662989518 0.208637278878172
0.930848791356858 0.166759893834895
0.921208506593631 0.182286125275106
0.930841931485377 0.166770943249412
0.915594548429296 0.191327601070803
0.927303250300134 0.172470645765717
0.929854445330051 0.168361479115734
0.927082880724528 0.172825594499936
0.923947287767194 0.177874874178228
0.92373990194892 0.178210497202077
0.921091380137084 0.182476342502851
0.923937429675381 0.177892604486471
0.921300933796692 0.182137475294551
0.928745907054369 0.170147176320696
0.925761561423726 0.174953412740638
0.902244738441009 0.212820349454355
0.924584203457852 0.176849277322943
0.914027238906094 0.193851010502208
0.921107029314624 0.182449348934481
0.927554366767736 0.172066172640965
0.913197293290288 0.195190137916173
0.879269990492706 0.249768340646119
0.922908313355694 0.179548081576042
0.875482802413903 0.255862958012682
0.925115883319486 0.175993336751531
0.926448606146462 0.173846878941688
0.924894152867482 0.176350393484833
0.930888240172713 0.166696354542011
0.896412460430242 0.222197346381078
0.923122872789741 0.17920275540367
0.926303027875376 0.17408127699264
0.923519321352678 0.178564724730088
0.928218100965402 0.170997120986748
0.898378597679551 0.219037815894774
0.929271771467572 0.169299901281083
0.910402390855093 0.199689783914983
0.875991265526321 0.25503854178869
0.895723170277662 0.22330729544175
0.921498426551004 0.18181976823274
0.923562333171311 0.17849610162468
0.90103334639578 0.214764805744261
0.922674970790412 0.179924403245098
0.920327674871173 0.183706182573495
0.90078784198133 0.215156340113935
0.902241000045561 0.212823575347787
0.913353666152552 0.194935148006164
0.930457316319546 0.167390449898226
0.9180667414249 0.187346197059256
0.931012167184566 0.166496738800331
0.910374673543687 0.199732644712352
0.901517220619841 0.21398573889859
0.921950508125852 0.181091275823932
0.922690969405294 0.179900109671264
0.930079221696347 0.167999435474226
0.922851085817608 0.179640503745266
0.920869157461299 0.182834141720688
0.928663029020482 0.1702806522756
0.923562333171311 0.17849610162468
0.919736689083213 0.184657504475032
0.901572902325267 0.213896079917604
0.911848525393 0.197359799045015
0.91146704805629 0.197973904865225
0.913001727277973 0.195502316941095
0.899539432128567 0.217166561516535
0.921608322027078 0.181642832587451
0.926603496471851 0.173597629694928
0.924059036833034 0.177695754085048
0.912471732035046 0.196356979995565
0.901735203717718 0.213635466285222
0.920062442036065 0.184131834960391
0.927563519789343 0.172051514909735
0.930455004897143 0.167394173671087
0.923078550495001 0.179274134504363
0.930784139827801 0.166864019193483
0.913225109509933 0.195140409205708
0.905896203569531 0.206937044855035
0.907576382164976 0.204233059955734
0.923733384771607 0.178221428189328
0.915802755550961 0.190992828618075
0.917458900830242 0.188324511568209
0.925997382241052 0.174573610079529
0.878584062496545 0.250876096791783
0.920338708608351 0.183686928681264
0.898670098650498 0.21857859870569
0.926135724678535 0.174351010922613
0.919171740730484 0.185566935508352
0.920230188442125 0.183861642982904
0.928454568654721 0.170616521357869
0.913001727277973 0.195502316941095
0.898670098650498 0.21857859870569
0.923078550495001 0.179274134504363
0.931012167184566 0.166496738800331
0.929561165229571 0.16883395351531
0.930101320593296 0.167963840500498
0.930650246351175 0.167079686944219
0.921973600320715 0.181054655606491
0.926435855255076 0.173867611163575
0.925925281329229 0.174689596570386
0.900392261688906 0.215797042468936
0.920904394013797 0.182776251251568
0.907580279523325 0.204226773679014
0.930999844518299 0.166516586413553
0.918077470304448 0.187329126049373
0.926786844507363 0.17330237894017
0.923321009351909 0.178884977477999
0.923308150649099 0.178905343917865
0.929802592481174 0.168444984565919
0.900126291076635 0.216222891366554
0.918896428849364 0.186008884166921
0.915802755550961 0.190992828618075
0.913148561018139 0.195263419909332
0.918961189136986 0.185905498184831
0.928918428904395 0.169869240994443
0.9157455397816 0.191085022555302
0.905819409122832 0.207060509488434
0.908940513621995 0.202041308995297
0.927537647032011 0.172093102005135
0.921180038610999 0.18233442542367
0.924615426288665 0.176799869924057
0.924273175231852 0.177351506703589
0.921686209081766 0.181517458326085
0.349215250020529 0.768929342725755
0.356375289899197 0.76570426404484
0.395516927226693 0.74809330325223
0.380194425000762 0.754985806433468
0.380274968741491 0.754949684939936
0.366443910291245 0.761177530743939
0.352911637665122 0.767263516819712
0.372602578764025 0.758404060260791
0.301888814045532 0.790188420479351
0.372602578764025 0.758404060260791
0.301888814045532 0.790188420479351
0.329770379922013 0.777664442405277
0.3272118787062 0.778814926236684
0.307086075249005 0.787853240737642
0.303898708652398 0.789283666776727
0.300534905269201 0.790795287515678
0.306583701530035 0.788078779309713
0.380607969748906 0.754800069520405
0.306714555936744 0.788020040133259
0.307638983867901 0.787605024549129
0.303898708652398 0.789283666776727
0.300835522055711 0.790658390318439
0.336746763669745 0.774535447251441
0.306390016674702 0.788165467687713
0.315943935082889 0.783877311724157
0.303898708652398 0.789283666776727
0.322477725928115 0.780944057549002
0.357273952147512 0.765302827800973
0.362284740878988 0.763048361187034
0.365921635410755 0.76141016025725
0.346249804969108 0.77025989070287
0.357269866553826 0.765304582853965
0.347043732372778 0.76989978411881
0.347448667557445 0.769721938316378
0.365921635410755 0.76141016025725
0.356908963938714 0.765465327433687
0.303360698469555 0.789526393049887
0.31085253156947 0.786163326285325
0.349863380848953 0.768634477682655
0.322391093671744 0.780979544728757
0.349504267202926 0.768796070087773
0.302359799212593 0.789974340749975
0.357534966806628 0.765183618160036
0.303042820078747 0.789668058123138
0.313606233341367 0.784923909973762
0.310463134826717 0.786335928155043
0.282375359004454 0.798945166158996
0.332464052619021 0.776454369612026
0.33387746476567 0.775820327368248
0.334422639431101 0.775574361157686
0.274604542805432 0.802430263698239
0.294902067945077 0.793322507698178
0.304096080595085 0.789195215398696
0.356908963938714 0.765465327433687
0.276768474671801 0.80145914363003
0.283591022785868 0.798398202756998
0.280144295588663 0.799944229542508
0.27848699681144 0.800687887661536
0.396090651455425 0.747829128129047
0.267456150093323 0.805637116609338
0.279800438820655 0.800098845342758
0.274783538532688 0.802349991369184
0.267456150093323 0.805637116609338
0.27848699681144 0.800687887661536
0.276768474671801 0.80145914363003
0.274691406766234 0.802391276272777
0.283591022785868 0.798398202756998
0.271068280928984 0.80401715372044
0.267456150093323 0.805637116609338
0.274606589295442 0.802429352310285
0.267456150093323 0.805637116609338
0.347271092374045 0.769804402418946
0.353345840140934 0.767071203537291
0.395705226845942 0.748007224681473
0.333011443142212 0.776210161480741
0.267456150093323 0.805637116609338
0.273112307097783 0.803099580077005
0.321394026060951 0.781430147452657
0.355182615183505 0.766245767274288
0.266922045488303 0.805876722047009
0.274635225565442 0.802416527235046
0.271007884573789 0.804044238355923
0.269900735191949 0.804540905261726
0.308266425130404 0.787324125464225
0.273112307097783 0.803099580077005
0.276377556122773 0.801634630927039
0.270779289555353 0.804146782661888
0.271243599101497 0.803938773416301
0.355182615183505 0.766245767274288
0.300857835389693 0.790648303042849
0.266922045488303 0.805876722047009
0.279308248869845 0.800320242205788
0.26727422236346 0.80571870823712
0.261678313265531 0.808228837186689
0.273429159340121 0.80295740664635
0.332338109487938 0.776512568474364
0.274522002476534 0.802466990246046
0.386133130530784 0.752315880737359
0.267818685588232 0.805474516150533
0.369562492295765 0.759774198289092
0.267620441880174 0.805563447822989
0.273112307097783 0.803099580077005
0.291669012768091 0.794774438409496
0.284663213918139 0.797917406829158
0.271243599101497 0.803938773416301
0.264758596964325 0.806847281683716
0.369096366275631 0.759981136441355
0.268220196559422 0.805294397416915
0.371736225613738 0.758794811546103
0.309533182396112 0.786755807859223
0.261678313265531 0.808228837186689
0.313451214234179 0.784997166918971
0.282262044870281 0.79899489608943
0.264722475839465 0.806863482622124
0.308266425130404 0.787324125464225
0.275261300500978 0.802135513869236
0.264998032719102 0.806739741813363
0.365121383295574 0.761771351270149
0.276377556122773 0.801634630927039
0.271576274164664 0.803788731901923
0.267274466896479 0.805718633658313
0.262769672949619 0.807739312878557
0.368542812161627 0.760232989195824
0.282262044870281 0.79899489608943
0.262769672949619 0.807739312878557
0.268994118553378 0.804947563218687
0.395376461286588 0.748154077840904
0.271576274164664 0.803788731901923
0.261697278972856 0.808220330215545
0.268928922113984 0.804976374226963
0.364092701077932 0.762233699011156
0.261484129169321 0.80831594189871
0.364406498729119 0.762095532339051
0.264249664322836 0.80707546780263
0.369562492295765 0.759774198289092
0.343888552298512 0.771318784065413
0.269900735191949 0.804540905261726
0.262464968045006 0.807875978084504
0.274943417071168 0.802278588455888
0.28180562818363 0.799198997702051
0.267268585243459 0.805721271768679
0.261484129169321 0.80831594189871
0.302615235310674 0.78986071815948
0.274782269883355 0.80235055996777
0.343890769090125 0.771317784107436
0.365121383295574 0.761771351270149
0.261198417811522 0.808444117342161
0.278840958874022 0.80053080661092
0.261198417811522 0.808444117342161
0.261198417811522 0.808444117342161
0.271627388550042 0.803766660735584
0.308266425130404 0.787324125464225
0.269758073523539 0.804604961731079
0.267253790800794 0.805727909925394
0.287435528406194 0.796672578543478
0.268080866712185 0.805357184794524
0.259653947638123 0.809136877738312
0.265572106423147 0.806482456895061
0.37114456714046 0.759062873902201
0.269049536804148 0.804922669882085
0.271098218697131 0.804004226072856
0.276701225101523 0.801489184871566
0.278147142920106 0.800841503351029
0.284801612737547 0.797855306609065
0.2722998368734 0.803464511062335
0.278147195261979 0.800841473417556
0.263097575971177 0.807592238360322
0.273944489826986 0.802727133701218
0.270137689661183 0.804434636894896
0.26772770480207 0.80551567189935
0.333574696611235 0.775958559035394
0.264249664322836 0.80707546780263
0.271246336259179 0.8039373153815
0.271098218697131 0.804004226072856
0.299209831470509 0.791388122910182
0.262465117662043 0.807875910969147
0.273983170380641 0.802709456671361
0.269981510090383 0.804504677827873
0.265203583412636 0.806647645427055
0.27049202588256 0.804275927935757
0.310461413105528 0.786338178314993
0.281387979510911 0.799386399716124
0.259653947638123 0.809136877738312
0.268346495747599 0.805238015287215
0.273983170380641 0.802709456671361
0.269900735191949 0.804540905261726
0.262446506670185 0.807884260048355
0.26861239514455 0.805119046377834
0.265203583412636 0.806647645427055
0.262410819817086 0.807900244228497
0.262410819817086 0.807900244228497
0.262435783499617 0.807889071405747
0.28266433610597 0.798814207863057
0.263979698738411 0.807196637664563
0.299727537458182 0.791157065047088
0.30460407878653 0.788968618677042
0.283439239564909 0.79846656119148
0.273983170380641 0.802709456671361
0.262410819892062 0.807900244194864
0.276840319082583 0.801427289276334
0.27684686976327 0.801424972599828
0.259988085528475 0.808987003727435
0.270138603813549 0.80443407976919
0.259988085528475 0.808987003727435
0.263258787733566 0.807519881100328
0.265576346255673 0.80648055470804
0.268900454742286 0.804989471569049
0.265429545642356 0.80654637212901
0.299727537458182 0.791157065047088
0.26608796849007 0.806250993075339
0.277372741843952 0.801188904950683
0.273983170380641 0.802709456671361
0.278470422640635 0.800696697407279
0.300450974690129 0.790832369312627
0.271653106947379 0.80375474384874
0.260030497432324 0.808967979711251
0.263761029280328 0.80729472305669
0.274490412342392 0.802481422132788
0.266405058906024 0.806108898258361
0.301036239511584 0.790569523965396
0.264322410136679 0.80704309718421
0.278294496320605 0.80077504060677
0.26117542900501 0.808454390567768
0.268626362081434 0.805112808874058
0.275918947285634 0.801840791918461
0.265794591908272 0.806382774538097
0.264346430969111 0.807032307806462
0.262410819817086 0.807900244228497
0.269025821529831 0.804932982801268
0.264562471269724 0.80693543942751
0.271773380668637 0.803700264771114
0.263380077146687 0.807465496462531
0.283553460139515 0.798414852207934
0.263979698738411 0.807196637664563
0.271773380668637 0.803700264771114
0.272940997734115 0.803176618157459
0.280825933994761 0.799639521234952
0.278049356301363 0.800885145286893
0.259661582302309 0.809133453202948
0.280329000111698 0.799863395539269
0.259988644169316 0.80898675880847
0.317368338161899 0.78323956101114
0.266517813764843 0.8060582947223
0.259284748826283 0.809302472347804
0.264562471269724 0.80693543942751
0.284676651345678 0.797913895781144
0.317368338161899 0.78323956101114
0.28266433610597 0.798814207863057
0.265668200093199 0.806439332929211
0.275169943707001 0.802176514208944
0.300450974690129 0.790832369312627
0.284118745434221 0.798161721370244
0.2648603394268 0.806801562987698
0.268215268898878 0.805296447899195
0.275292313673505 0.80212233034524
0.274541680599566 0.802459337470622
0.304814135768106 0.788873032556694
0.280825933994761 0.799639521234952
0.271211462281992 0.803953548189493
0.280329000111698 0.799863395539269
0.26928610433319 0.80481608410659
0.269025821529831 0.804932982801268
0.272760708079852 0.803257270025595
0.304458717348395 0.789033182874653
0.262337689247426 0.807933039742793
0.2648603394268 0.806801562987698
0.278374733665883 0.800739677512555
0.268910210623432 0.804984758217577
0.275186185852531 0.802169949552587
0.305900759612197 0.788385793390802
0.271211462281992 0.803953548189493
0.289998960304685 0.79552259066187
0.261115958867354 0.808481066450496
0.266447821997374 0.806089717248912
0.27397158545102 0.802715406626001
0.263380077146687 0.807465496462531
0.333391337365291 0.776041616342796
0.272940997734115 0.803176618157459
0.275099533043265 0.802208824018032
0.298307860700757 0.791794565445786
0.324169949118959 0.780182084637253
0.259284748826283 0.809302472347804
0.27633358737791 0.801654418213672
0.305439654437498 0.788592185078193
0.274903473480615 0.802296024500957
0.262379206651409 0.80791452361331
0.260200588860223 0.808891667878031
0.276906381327101 0.801398160104307
0.268972177410273 0.804956906899587
0.259291349826221 0.809299512961551
0.299800711980499 0.791124471819964
0.268414600047635 0.805207049225284
0.264104421159961 0.807140633545723
0.272894936514434 0.803197626113296
0.274903473480615 0.802296024500957
0.259284748826283 0.809302472347804
0.262373821933563 0.807916832116502
0.279145972749869 0.800392732308326
0.268414600047635 0.805207049225284
0.27433334344173 0.802552271665392
0.281100110318448 0.799517719694025
0.262373821933563 0.807916832116502
0.258825473578513 0.80950848164587
0.26108332015889 0.808495707849739
0.264273279028111 0.807064890079383
0.274311714403425 0.802561976272246
0.28673110517041 0.796990683680232
0.276431745017648 0.801610435983224
0.282726266705527 0.798786442674409
0.296856972347793 0.792445407131485
0.261373941568662 0.808365473407277
0.259149287866685 0.809363246988847
0.361839552088368 0.763252358331568
0.281185012291487 0.799478682723387
0.288253076560624 0.796305719071084
0.307979582147397 0.787451185653098
0.261967919473511 0.808098942574124
0.263371397370846 0.807469609857404
0.266922080061915 0.805876651230298
0.258825473578513 0.80950848164587
0.300801378168717 0.790675571087322
0.282718587385275 0.798789166883906
0.261967919473511 0.808098942574124
0.286015361302237 0.797309838860952
0.300799959912974 0.790676207955097
0.266939825481086 0.80586869064248
0.300689393409555 0.790724799376484
0.284353940659129 0.798056184100269
0.261628254240589 0.808251431126777
0.278057234773727 0.800881293599117
0.284163308583338 0.798141714189688
0.330682988778621 0.777258316291698
0.266232184376907 0.806186422280976
0.258756861215006 0.809539258295011
0.263371397370846 0.807469609857404
0.271593019491474 0.80378144121719
0.319856441626964 0.78211886900419
0.261628254240589 0.808251431126777
0.262455589084917 0.807880151123398
0.284163131760636 0.798141797999504
0.276442313273586 0.801606633042348
0.27441604711542 0.802515279585587
0.267805537049979 0.805480751242746
0.261746928334641 0.808198049064085
0.284163131760636 0.798141797999504
0.264560969932871 0.806935842778845
0.288253076560624 0.796305719071084
0.329457281612309 0.777808637109905
0.261936719045336 0.808112966762521
0.260698987013199 0.808668118752959
0.272249661730845 0.80348659354684
0.264273279028111 0.807064890079383
0.264431270507353 0.806994022450138
0.268044662869926 0.805373386790054
0.304789189363452 0.788886398917539
0.346397772333829 0.770197358411705
0.32438452855968 0.780082838705171
0.322851721333625 0.780771730811739
0.32484299761211 0.779881451622635
0.324815408359662 0.779889574420279
0.323363542756072 0.78054197201787
0.32313143285696 0.780646258438197
0.353771830337871 0.766881455328915
0.326532852567756 0.779117384550092
0.330814011472975 0.777197198797838
0.323988815491575 0.780261340900569
0.323128336266046 0.780647662564502
0.358623752764655 0.764699488621561
0.31343051211233 0.78500192273702
0.351572322619491 0.76787263410776
0.321868824959727 0.781214116018275
0.319346405191648 0.782346758735742
0.344534704854769 0.771034544702037
0.354414370532971 0.766589308733241
0.321868824959727 0.781214116018275
0.351746798527676 0.767789484533992
0.326558750899103 0.779105757905345
0.316283869122322 0.783722397175121
0.350333972006183 0.768425445118678
0.320978626179765 0.781614290300411
0.339057300790733 0.773492814391433
0.382499978052008 0.75395510949835
0.324698820121187 0.779942389492887
0.31343051211233 0.78500192273702
0.329211691083538 0.777914474263212
0.323881271687978 0.780309383426769
0.323727379899797 0.780378235155341
0.311929627186997 0.785675862326236
0.31289099433076 0.785245336995894
0.333594036938538 0.775944460419656
0.320977457665219 0.781614821646816
0.310511745712975 0.78631417734865
0.299126533322985 0.791427160999538
0.320734786429067 0.781722121690291
0.323159485416137 0.780633592569226
0.321504288349842 0.781377518016312
0.324791448409004 0.779900004790206
0.320819207055591 0.781684211746391
0.315966626943024 0.783862644270623
0.316741724942365 0.783517572853648
0.324791448409004 0.779900004790206
0.316741724942365 0.783517572853648
0.316131192929239 0.783790239163548
0.31491555156549 0.784334690656509
0.307275810918864 0.787768780493885
0.320752141891774 0.781714327044664
0.325982868980707 0.779367563778062
0.314218613895078 0.784651820367727
0.319643227975348 0.782213427673818
0.31343270171784 0.785000939382097
0.316159681731438 0.783777475896935
0.311902164219166 0.785688773779967
0.312908994099299 0.78523748663492
0.313718734951063 0.784872939656845
0.312736645325584 0.785313702873873
0.323093772643911 0.780662600860333
0.310726428377408 0.786216647336205
0.310470683615058 0.786332621372249
0.299182945185702 0.791401837832139
0.302719589580777 0.789814237145219
0.322616454914721 0.780877889927488
0.314620889605647 0.784470066974931
0.316311109268385 0.783710953855888
0.324680313812759 0.779950061984194
0.299182945185702 0.791401837832139
0.314156961751616 0.784676052610457
0.317160108781793 0.783326564393654
0.319643227975348 0.782213427673818
0.355599022527881 0.766055269226882
0.311902164219166 0.785688773779967
0.314147704291322 0.784683317333144
0.3260024504752 0.779358759468304
0.299126533322985 0.791427160999538
0.315094737232433 0.784255629532009
0.311902164219166 0.785688773779967
0.321130613409562 0.781546344415273
0.332518683633843 0.776430663736518
0.302719589580777 0.789814237145219
0.328627092946911 0.778177288329504
0.323998795786799 0.780256154541801
0.319643227975348 0.782213427673818
0.335212906798737 0.775219938212424
0.321130613409562 0.781546344415273
0.312388025625241 0.785470621373115
0.317461547125164 0.783191079754117
0.341233097140821 0.772512462024905
0.30455788430846 0.78898919945215
0.320023254169175 0.782040574370097
0.316664135168742 0.78354952935653
0.325423997964784 0.779615092464714
0.335188874645783 0.775229723136916
0.35178362806472 0.767775606447302
0.310725798006984 0.786216930442242
0.314282091346612 0.784620525115113
0.324189558302414 0.780170478624863
0.317549280444497 0.78315167133407
0.313681412921825 0.784889729135406
0.324009761082485 0.780251436665308
0.310726428377408 0.786216647336205
0.322138921732014 0.7810902264575
0.316977135610498 0.783410031381919
0.32021337189787 0.781957918465644
0.337376358418851 0.774250374712952
0.327777779433521 0.778559618252986
0.312913980029893 0.785234905911136
0.311920054928484 0.785680461073203
0.314583400616938 0.784483898041209
0.332741578537089 0.776333572859279
0.317300157315756 0.783263565071325
0.315966626943024 0.783862644270623
0.311920289565301 0.78568035570683
0.33572566067073 0.774993292383065
0.319484716226256 0.782284531814969
0.342074033943035 0.772139449143171
0.315054083940075 0.784272971482375
0.287348847157087 0.796712881915187
0.323727379899797 0.780378235155341
0.345669042511226 0.770523214151275
0.318882216692298 0.782554143505467
0.329657916088016 0.777715860502882
0.322616454914721 0.780877889927488
0.342339906743458 0.772019130915502
0.316550780489973 0.783600214313755
0.298744966576075 0.791598177050469
0.327075233970252 0.778872707720096
0.320217196082339 0.781956216493221
0.304886717045911 0.788841728433571
0.321633404609428 0.781319334294073
0.316850437937606 0.783465583462585
0.319644199882966 0.782211376475218
0.322824205089739 0.78078396963791
0.320342892455369 0.781899769124455
0.314233310683 0.784642312926659
0.329820846823919 0.777639481839373
0.287348847157087 0.796712881915187
0.327616404025393 0.778631853416696
0.323143587094061 0.780640613297762
0.327075233970252 0.778872707720096
0.31536214077821 0.78413524316183
0.326697266695313 0.779043930093249
0.314592154652669 0.78448052037311
0.314103924040305 0.784701955978952
0.319011383639089 0.782496242260883
0.337746228925069 0.774078839882757
0.306663763863292 0.788043797574242
0.327089611532623 0.778867951843263
0.287032936215015 0.796854691148253
0.308486102333563 0.787222421524958
0.341441406855298 0.772422274185925
0.321633404609428 0.781319334294073
0.311855011868807 0.785711894475969
0.317549280444497 0.78315167133407
0.322187440737067 0.781068411308189
0.288589346874735 0.796156866347075
0.320396162438214 0.781873804909403
0.314929572421299 0.784328896016929
0.327666860334229 0.778607873883492
0.333765379788182 0.775871804707353
0.319644199882966 0.782211376475218
0.319916693324409 0.7820892729948
0.319835079750316 0.782125572675417
0.301463684042813 0.790379192866682
0.311139848192438 0.786032762129147
0.287632756957475 0.796585966761232
0.33800784472632 0.773961954519578
0.323509986912466 0.780474887314649
0.34906689774866 0.76899624921645
0.314919151810908 0.784333576038605
0.32912153025781 0.777954960841169
0.322028452287702 0.781139850112842
0.31019397928561 0.78645572407149
0.320622937586224 0.781771746013975
0.317135735478836 0.783338509203221
0.324583582941705 0.779993077156673
0.324724202311324 0.779931802000617
0.330902300967385 0.777155941131905
0.319404691607951 0.782320914284706
0.34906689774866 0.76899624921645
0.347579746456714 0.769662923174591
0.319992137794701 0.782057230340113
0.341441406855298 0.772422274185925
0.322983011189877 0.780712777464566
0.322253482585977 0.781039636446082
0.323503104932258 0.780478113037464
0.335281120843606 0.775188286272602
0.339713721002211 0.77319732094214
0.287632756957475 0.796585966761232
0.347579746456714 0.769662923174591
0.345893601045815 0.77042240162884
0.288589346874735 0.796156866347075
0.331976779052508 0.776676019557603
0.321918467467452 0.781190179682378
0.330584339106069 0.777299812866168
0.338739031579901 0.773637325070947
0.320688584854116 0.781742262353577
0.326782743342886 0.779009642083739
0.314876447721524 0.784352333045082
0.329140216731244 0.777949564575163
0.313123541614066 0.785140880975902
0.339774768769451 0.773170207727271
0.382048272068777 0.754157649994791
0.335172479243832 0.775237096726881
0.324724202311324 0.779931802000617
0.289197689649839 0.795884061228977
0.328313802964574 0.778317302529741
0.322983011189877 0.780712777464566
0.318048854993606 0.782928285156977
0.315473836951816 0.784084104406409
0.327666860334229 0.778607873883492
0.316320942927584 0.783704463617516
0.324640022702263 0.779968429071632
0.319015726261237 0.782493857964491
0.337904513060682 0.774009614534523
0.319278070117151 0.782378288987951
0.328313802964574 0.778317302529741
0.292854013023292 0.79424387500047
0.333185457164218 0.776130702294954
0.320688584854116 0.781742262353577
0.318613930579572 0.782677985034719
0.316296880610119 0.783714247619842
0.28656665462763 0.797064259768945
0.32063340500878 0.781767052444476
0.322983011189877 0.780712777464566
0.325676863590572 0.779506174643749
0.316382304313438 0.783676147369941
0.297852279330386 0.791998620801032
0.315477283617285 0.78408255648813
0.328313802964574 0.778317302529741
0.335809507156182 0.774949809118689
0.340550524895638 0.772822502271712
0.307323974080102 0.787746191633085
0.328889391016812 0.778058509446063
0.312495086171895 0.785427041963239
0.29870010258272 0.791617858959131
0.319000265931533 0.78250438041501
0.347687529243422 0.769617226857151
0.319105229969241 0.78245333591884
0.291936659276775 0.794654210555157
0.335852787366194 0.774931240602173
0.34691810954655 0.769958381001667
0.311308161347582 0.785955692200747
0.320707680288553 0.78173465824211
0.307366343790808 0.787727156358058
0.310601879780369 0.786273215162186
0.332212327769151 0.776567457646423
0.341122747979716 0.772565994381853
0.33800784472632 0.773961954519578
0.286728327127943 0.796992095260593
0.330512717932413 0.777331611618579
0.323835410319848 0.780333792520549
0.324624144656404 0.779974194227685
0.311308161347582 0.785955692200747
0.316449747346604 0.783645803943646
0.330291281023915 0.777427866699097
0.333981440671697 0.775774292981941
0.335997281073626 0.774866227392934
0.292025104788339 0.794614525352785
0.347788840878979 0.769567864107766
0.287555096870786 0.796620183526435
0.315242313897208 0.784192405058708
0.317087157264905 0.783362843746016
0.31811344820539 0.782900659970879
0.328510796863191 0.778230562179458
0.319066835300946 0.782471446727023
0.380253093092855 0.754967616370502
0.353804402874476 0.76686971224087
0.315849946565799 0.78391517156708
0.328857792732277 0.778074665711945
0.349146251239951 0.768958603451495
0.316382304313438 0.783676147369941
0.31557424776359 0.784039798872777
0.31301622240603 0.785189815756139
0.355292176642621 0.766197653826372
0.328510796863191 0.778230562179458
0.335172479243832 0.775237096726881
0.32650040304659 0.779135569939547
0.295425787124751 0.793087044829037
0.331053192195082 0.777090391161447
0.322459907223528 0.780950519503764
0.341663010709644 0.772323473563744
0.315729204616827 0.783970896911925
0.295425787124751 0.793087044829037
0.336916949699554 0.774453741027126
0.31273036631346 0.785318374672994
0.318384543203298 0.782780329247756
0.328733194476528 0.778131596226215
0.341663010709644 0.772323473563744
0.322113099132902 0.781104728485565
0.318101090298548 0.782907615124581
0.326581016584583 0.779100251667493
0.3031534826928 0.789618289577022
0.313314714012866 0.785055522392278
0.334889625081293 0.775363396347846
0.33996156699134 0.773083656567078
0.31499538269129 0.7843010326595
0.31848527594643 0.782733840346808
0.317401231479196 0.783223188003373
0.332477036747688 0.776449445679755
0.309486292004485 0.786774910121122
0.314348495827248 0.784592341772916
0.281165880471696 0.799486965914993
0.336916949699554 0.774453741027126
0.292025104788339 0.794614525352785
0.295733974651628 0.792950257343061
0.349090258397981 0.768983619594762
0.286922115847995 0.796904259421431
0.311155793618735 0.786025377258741
0.314898189842282 0.784345237067802
0.28117992178252 0.799480665700511
0.307582654356721 0.78763179637301
0.311916473341608 0.785687004368005
0.32584623750958 0.779426337565361
0.287808574319053 0.796506836572084
0.2905406990235 0.795280671590741
0.313919203057778 0.784782190264204
0.337105664485343 0.774372880265756
0.320707680288553 0.78173465824211
0.344951988406202 0.770847747206747
0.312377496081267 0.785476439376877
0.299844991194401 0.791103282972406
0.306857136359698 0.787955517932008
0.318704104287736 0.782635558054149
0.31623119069772 0.7837442642588
0.328478551784916 0.778245547545491
0.317952265821704 0.782973207886415
0.312384734184795 0.785473189232987
0.30801894537504 0.787432718297264
0.303783801936323 0.789335365581116
0.312354991953184 0.785486552225339
0.302920601505286 0.789724005591837
0.322864383628737 0.780767769429751
0.320394292436055 0.781874497056697
0.313362701476105 0.785032135956344
0.307463575551401 0.787682972211941
0.316287696762218 0.783721186574711
0.311115804592349 0.786043345946031
0.311155793618735 0.786025377258741
0.340283080794609 0.772942184333654
0.286922115847995 0.796904259421431
0.307463575551401 0.787682972211941
0.311155793618735 0.786025377258741
0.311611094981885 0.785820372009368
0.325583813988151 0.779543582044733
0.323413997818468 0.780520640005562
0.328733242746868 0.778131574532325
0.305105419160116 0.788740755359065
0.319649281942404 0.782211178905644
0.31390961066437 0.784788578876041
0.309395997239336 0.786813809479278
0.321414526956163 0.781418977356806
0.312516077981409 0.785415033304325
0.325583884678376 0.779543550289848
0.317952180735367 0.7829732460942
0.283507863561743 0.798436788176498
0.329678494265835 0.777706146098248
0.284715986030741 0.797894093500297
0.314180268034995 0.784668819369797
0.304792067145925 0.788881424680736
0.329132498300896 0.777951311329473
0.337105664485343 0.774372880265756
0.28543327418726 0.797572277183537
0.320144851457372 0.781991722254895
0.316528245430265 0.783612021897026
0.320534844175732 0.781813816252634
0.334060837045276 0.77573644004206
0.313695454991937 0.78488350856422
0.338860507679436 0.773582975230857
0.364839891480384 0.761898253321811
0.319245892368442 0.78239307142386
0.313308683659809 0.785058230490071
0.325629708447605 0.779526252183859
0.322864383628737 0.780767769429751
0.2774915602323 0.801135464360862
0.333724027088805 0.775892118151692
0.317562499518159 0.783148219328625
0.305091001549398 0.788747232990873
0.306476307307402 0.788124703311419
0.349885909458172 0.768626459886373
0.306902269844135 0.787935999637154
0.316222788267381 0.783748039853265
0.288953634839606 0.795990685617445
0.319822080390569 0.782133403406416
0.299466170401033 0.791275221072016
0.305105419160116 0.788740755359065
0.2774915602323 0.801135464360862
0.330510845780545 0.777331749956747
0.334060837045276 0.77573644004206
0.321353233793349 0.781444916789068
0.320352983977631 0.781893988285892
0.282891899660914 0.798712667127689
0.277336449416603 0.801205026775574
0.319247312945523 0.78239243276071
0.317299497746264 0.783267621389854
0.283283921913792 0.79853746577322
0.312516077981409 0.785415033304325
0.319426589572234 0.782311900025328
0.272341171741917 0.803446418830555
0.329132498300896 0.777951311329473
0.300092082730464 0.790992227281552
0.288585781954999 0.796158120205471
0.320352983977631 0.781893988285892
0.310501974061953 0.786317150755314
0.321646701697548 0.781313201669886
0.271427150843932 0.803856356792262
0.300009998279766 0.791030982840239
0.332895880107594 0.776261480230077
0.314224262678646 0.78464745615121
0.330969757925022 0.777125145593902
0.295911484552662 0.792870074537995
0.310501974061953 0.786317150755314
0.317500696765586 0.783175782224104
0.306378225771502 0.788170064391107
0.274012546864219 0.802695984554052
0.30467431162645 0.788936109589226
0.310682541016782 0.786236188994965
0.272382045528521 0.803428089390161
0.28772046170062 0.796545003594252
0.300033602942028 0.79101871126701
0.276200294596276 0.801714442772724
0.274000758160937 0.802701272884569
0.323477294294801 0.780490243029698
0.306825855612305 0.787969466982284
0.28772046170062 0.796545003594252
0.314400053473434 0.784568587120025
0.3328060905658 0.776301291103954
0.321099189034396 0.781557739762058
0.301900538865517 0.790182425727726
0.282648957369473 0.798820805492059
0.303155329044469 0.789616308424415
0.304443268355609 0.789039258988447
0.28731645668098 0.796727066322428
0.281448740179971 0.799360639039223
0.278778598209602 0.800557108372388
0.289813964021954 0.795605280300365
0.316958836939846 0.783417490288686
0.284434188449564 0.798019984621247
0.273019242789541 0.80314206122653
0.317746372841793 0.783066767455534
0.31061166921912 0.786271131295083
0.310884871735204 0.786147564235807
0.311091224687617 0.786052549826101
0.329132498300896 0.777951311329473
0.273958015497535 0.80272044143212
0.270465071594797 0.804288266897716
0.304461149423599 0.789029805668557
0.310797027976042 0.786184676234918
0.310348995670254 0.786390043296632
0.273019242789541 0.80314206122653
0.277549445320485 0.801109490254047
0.321646701697548 0.781313201669886
0.286898404367262 0.796914485020414
0.286922115847995 0.796904259421431
0.30074478362971 0.790702300991027
0.306296924346501 0.788206906217459
0.317737595095666 0.783070708631448
0.296893778039712 0.792428209299884
0.294765400078604 0.79338318431019
0.313308683659809 0.785058230490071
0.323477294294801 0.780490243029698
0.319698091637899 0.782189125801175
0.275532484821196 0.802014933372822
0.330846841277664 0.777183625202401
0.31587688107221 0.783907706207282
0.271427150843932 0.803856356792262
0.282648957369473 0.798820805492059
0.278223769282603 0.800806551534954
0.328157185248335 0.778391727569768
0.297367412814994 0.792215735428904
0.279284873731007 0.800330932153065
0.309004362376848 0.786991423380211
0.303017492686703 0.789681103425097
0.28965039971283 0.795680382280275
0.335508386101018 0.775087649244976
0.316519301289195 0.783614872877829
0.30776974301823 0.787546661723713
0.312430550496219 0.785456060784976
0.310088297801626 0.786504863316713
0.286747113116374 0.796982059909274
0.306825855612305 0.787969466982284
0.32532376048683 0.779661453593057
0.330376459806865 0.777392091623394
0.323732110255413 0.780377105148233
0.283027055856045 0.798652382784613
0.27545503032561 0.802049664093159
0.29413469549109 0.793666422182282
0.297367412814994 0.792215735428904
0.317515514407319 0.783170780990564
0.296713625303144 0.792509090241559
0.296556452771282 0.792581528522998
0.276216596352394 0.801707126336331
0.307059106064712 0.787865331281647
0.286644783534788 0.797027981914768
0.272021452164692 0.803589880131383
0.331568450229711 0.776856650275856
0.33427077821038 0.775645585667025
0.277429418853375 0.801163538344258
0.280749655696459 0.799674326632788
0.299315605889179 0.791342545016167
0.326880479615075 0.778962645045305
0.32908690901949 0.777971370991116
0.269665322325196 0.804646361550773
0.296554165260573 0.792582554235039
0.31587688107221 0.783907706207282
0.278460229918445 0.800701057361536
0.345665243454638 0.77052440738129
0.311167134593634 0.786020667795926
0.314034282466917 0.784733243091366
0.276222005192535 0.801704691427221
0.310348995670254 0.786390043296632
0.273019242789541 0.80314206122653
0.311435164222109 0.785898104702647
0.280445799329376 0.799809139079818
0.275603380657623 0.801982216571599
0.339671008184034 0.773215478835338
0.280466963557797 0.799800158256333
0.314493939203812 0.784526423867199
0.277286969602415 0.801227456629833
0.3081403510689 0.787381768097849
0.37645517285367 0.756674899468788
0.273177739048809 0.803071027573021
0.280697437899459 0.799696430188475
0.303999354674962 0.789238468226555
0.3081403510689 0.787381768097849
0.298477036383212 0.791718601221232
0.375343957348727 0.757170163774539
0.274288157377227 0.802572350553519
0.280359007665317 0.799848599352009
0.335508386101018 0.775087649244976
0.350971079443119 0.768141217586111
0.270603014717418 0.804225732696758
0.313226199535264 0.785095074128045
0.29686341235263 0.79244153716025
0.324073042813957 0.780226878313098
0.333883977414776 0.77581892217925
0.271940307039868 0.803625959761104
0.32844529807187 0.778259219075983
0.276707765659413 0.801486771777608
0.326135798792086 0.779296088760617
0.293857622338323 0.793791229994835
0.286548206253842 0.797072518343033
0.350519813058624 0.768341825809192
0.321882804844399 0.781207303273025
0.277014555736572 0.801349240027726
0.303103416723282 0.789640247840703
0.282346587610707 0.798956010314974
0.342978043254229 0.771729798756706
0.321431617369099 0.781409598720079
0.300886394617835 0.790637402759489
0.287590909682538 0.796603713188474
0.269685554060128 0.8046372858259
0.294688688852526 0.793417624112685
0.318379470803498 0.782783324176491
0.279691979831444 0.800147972631883
0.281918520201957 0.799148595085349
0.326884260466837 0.778961337665808
0.301156846850503 0.79051444692486
0.294438155446097 0.793530436090591
0.322606140057401 0.780884665986616
0.292103260654372 0.794578466708035
0.324420585813808 0.780067753695017
0.278611125851555 0.80063339110107
0.314377642501289 0.784579091829886
0.307580512685413 0.787631980680481
0.317970997698598 0.782962871760486
0.275765765643957 0.801910649423365
0.301648842529297 0.790294967101601
0.301308289538906 0.790448660340322
0.323732110255413 0.780377105148233
0.300335080189156 0.790883587982614
0.308276281865701 0.787319593664324
0.294387788477761 0.793551928150089
0.286460366240503 0.797110779862376
0.280105566577648 0.799962303193402
0.307666446600452 0.787593816574937
0.346228532740613 0.770269309895449
0.301842745710852 0.790205557807278
0.305277088411087 0.78866490150796
0.274288157377227 0.802572350553519
0.286103224586189 0.797271036074912
0.286581938364307 0.797056294409135
0.284730305072189 0.797888598906664
0.286971573148483 0.796882326832494
0.292367613786302 0.7944604974707
0.308276281865701 0.787319593664324
0.278712356146365 0.80058730986337
0.302787704164576 0.789782100878894
0.308969949368959 0.787009525108981
0.290705213179591 0.795206234303796
0.2793778797926 0.800288580230292
0.30778699337769 0.787538098414162
0.284228415103878 0.798112026246753
0.286103224586189 0.797271036074912
0.274288157377227 0.802572350553519
0.310620121810684 0.786265829021557
0.302076514079098 0.79010135324206
0.314686048792894 0.784440242723754
0.272117381574726 0.803546818272748
0.301004057538336 0.790582222694434
0.275773300588182 0.801905810428736
0.279046269173536 0.800437405502622
0.317679600337591 0.783093920287811
0.329552034620098 0.777761886458005
0.317654095533575 0.783108326173126
0.334446110672896 0.775566884153306
0.309190678062049 0.786907321667127
0.292247586285173 0.794513118399444
0.321560780995806 0.781351440012256
0.292844517757976 0.794245278187955
0.29686341235263 0.79244153716025
0.273373250628208 0.80298264719509
0.280255285269765 0.799895929753232
0.284730305072189 0.797888598906664
0.324389611905435 0.78008237155761
0.289273599879572 0.795849491561661
0.301511547687707 0.790355714884937
0.323292510448213 0.78057588598882
0.272117381574726 0.803546818272748
0.293797862002594 0.793817897007164
0.323201346158478 0.780615223150828
0.324890970282881 0.779857289069581
0.285978975790692 0.797327530252567
0.334611547344334 0.775492047704504
0.283395798914419 0.798485503775087
0.268958275744241 0.804963963430809
0.320379097524438 0.781883014910472
0.279951776171718 0.800032316860528
0.290192023677272 0.79543587664495
0.282213949403336 0.799016239939812
0.295080386099602 0.793243235753775
0.295848399161668 0.792897951307979
0.299990682953816 0.791038769772967
0.27969553680507 0.800146313462125
0.294940930460033 0.793304943492746
0.267087839195593 0.805802901214945
0.282213949403336 0.799016239939812
0.295848399161668 0.792897951307979
0.314446091330715 0.784546707095557
0.312770681606149 0.785300639069286
0.292213363878773 0.794528645399173
0.294883543351784 0.793330071926251
0.335690308217425 0.775006092611732
0.316759205288143 0.783507929070201
0.320974667389308 0.781618845870448
0.302847134730567 0.789756090829656
0.291711474080952 0.794754073265473
0.328989846752068 0.778017213430919
0.32158271550488 0.781341589168291
0.347840217115671 0.769546060602193
0.314028911593377 0.784734269273651
0.324890970282881 0.779857289069581
0.268757880024526 0.805053823788417
0.332195745253847 0.776576643062453
0.279103200272906 0.800412701907206
0.26770912674027 0.805524201318693
0.279268408323388 0.800338067492719
0.280011782987373 0.800004438382391
0.310154972971011 0.786472757879895
0.286088504041277 0.797277989259106
0.265197144108798 0.806650815258198
0.306806385025975 0.787979629035865
0.299934288642614 0.791062172569102
0.314196324961902 0.784661072941357
0.299390620227105 0.791306792902738
0.33737752131274 0.774249760486616
0.284201329064993 0.798124603025896
0.307228703641165 0.787788244501487
0.327890038213723 0.778510528812745
0.3436775148892 0.77141288196666
0.28541240842914 0.797581781178854
0.265213833134988 0.806643327954836
0.306341060354421 0.788187792564196
0.275387739877909 0.802079834118434
0.275109012477299 0.802204121727511
0.293585089597823 0.79391342741274
0.268550918879963 0.805146638194832
0.301444409878162 0.790385785318294
0.291660738882715 0.794777368801078
0.299152268884667 0.791414717901076
0.314162868411858 0.78467525855066
0.334611547344334 0.775492047704504
0.280127289446434 0.799953373433135
0.325245962006256 0.779698074471279
0.281656158627015 0.799266601532441
0.316534598172878 0.78361015328005
0.265693947860191 0.806427968596821
0.314086715680598 0.784711447510824
0.305035725245979 0.788773599795328
0.281946975570472 0.799136610969119
0.266639451182714 0.806003909055506
0.321543424299702 0.7813594239604
0.304222948978189 0.789138651816856
0.301295893926561 0.790453193620932
0.281946975570472 0.799136610969119
0.268452683941188 0.805190690170172
0.274187144189232 0.802617665904265
0.318516393017727 0.782724519917155
0.336832089014105 0.77449422265699
0.278471276457501 0.80069575431811
0.308870833285901 0.787054103145974
0.300453239408511 0.79083046160881
0.274187144189232 0.802617665904265
0.292844751452685 0.794245173895706
0.366011933446835 0.761370184342017
0.272194566531131 0.803512686029349
0.280340661224626 0.799856731937247
0.283634231790028 0.798378537573501
0.274794024664853 0.802346148358737
0.301592945671226 0.790319077112241
0.280316560270604 0.799867062638276
0.265197440434404 0.806650682199113
0.294544798394923 0.793485131100347
0.30778699337769 0.787538098414162
0.271943926475716 0.803623810520336
0.300149162793783 0.7909673335633
0.327048839065081 0.778887097129846
0.281656158627015 0.799266601532441
0.294051794155951 0.793705949704299
0.282584606433986 0.798850369414534
0.268535091217325 0.805153694331599
0.282797387945113 0.798754460903228
0.291045682135817 0.795053071954996
0.29619500059652 0.792742500089101
0.278498403181946 0.800683579718202
0.312034952607164 0.785630149220332
0.268502567371304 0.805168316593426
0.2886208177197 0.796141302609805
0.303483296976536 0.789471041156003
0.296183135762674 0.792747826502759
0.306456853846227 0.788135340824024
0.269965202199835 0.804512354895544
0.269620434573394 0.804666809621001
0.279090984873468 0.800417643431462
0.309299937040202 0.786860693919271
0.270355349306038 0.804337040541712
0.267087839195593 0.805802901214945
0.273260786417082 0.803034141576738
0.274095567942339 0.802658760397144
0.265186266147472 0.806655693851876
0.288844959749304 0.79604067981992
0.273493899425392 0.802928659517344
0.293155109769881 0.794107330761575
0.277339792311476 0.801203328710779
0.325396751312153 0.779630771884235
0.285690865946823 0.79745774563661
0.26543204380825 0.806545334622246
0.269204679317512 0.804853099584653
0.280573066907127 0.799752960585216
0.272918634191943 0.803187345662318
0.348544348592417 0.769227980595135
0.265186266147472 0.806655693851876
0.283634231790028 0.798378537573501
0.299378636731561 0.791313572617962
0.272312679233774 0.803458580905957
0.327366212233218 0.778747340337186
0.274095567942339 0.802658760397144
0.34757330219325 0.769666238748823
0.289181102523792 0.795890126197155
0.288660990087396 0.796123260528558
0.266137252623912 0.806229156903437
0.301592945671226 0.790319077112241
0.287600624034786 0.796600855276531
0.277334770483758 0.801205573011895
0.265186266147472 0.806655693851876
0.291830368082726 0.794702882796974
0.279648999123818 0.800167101814575
0.26507861263968 0.806703983945797
0.324540489119984 0.780013405582231
0.285277285641711 0.797641894382374
0.279219186725381 0.800360128791983
0.264262978858188 0.807069714896137
0.267044055502572 0.805822538521091
0.291045682135817 0.795053071954996
0.323179884983694 0.780627712653082
0.265693947860191 0.806427968596821
0.342499505595674 0.771942235465451
0.293155109769881 0.794107330761575
0.299378636731561 0.791313572617962
0.278176649129931 0.800827951550082
0.302572768678094 0.789879058474195
0.268095627328831 0.80535073381569
0.321261216367294 0.781490535966977
0.279219186725381 0.800360128791983
0.301687598724012 0.790276575409705
0.343770797994602 0.771370789917025
0.278959913863804 0.800476087201969
0.265156318976333 0.806669138410519
0.326841587110662 0.778981551891309
0.265168931348806 0.806663463721542
0.278553745276733 0.800659338894692
0.326833589191101 0.778983211213048
0.312243761323991 0.785538189515248
0.299378636731561 0.791313572617962
0.267458577339711 0.805636567593776
0.304713167737992 0.788918430833469
0.272918634191943 0.803187345662318
0.3018587183708 0.790199464720043
0.313563430174303 0.784944715697223
0.264263649793198 0.807069413729922
0.270922996333041 0.80408242590289
0.279246145861791 0.800348503113732
0.308070734952937 0.787412397625074
0.267087839195593 0.805802901214945
0.265638876829447 0.806452648353646
0.284844582480587 0.797836707416544
0.326056110747977 0.779331335030877
0.267458577339711 0.805636567593776
0.273094476917519 0.803107647794098
0.323852817554648 0.780326173354537
0.266994677502565 0.805844467923795
0.314008302466672 0.784743620836152
0.314151506337437 0.784680722885462
0.277756159566006 0.801016974818191
0.286042990565155 0.797300605276079
0.316601025546242 0.783579088479473
0.302145432445633 0.790071370030042
0.278186821545013 0.800823388695133
0.303630998198567 0.789403309035219
0.29617619871543 0.79275179668179
0.27046773679774 0.804286538494276
0.2815746365447 0.799303607110893
0.266994677502565 0.805844467923795
0.272918634191943 0.803187345662318
0.306635683120396 0.788055212323876
0.340084119967531 0.773033115793034
0.277201165080308 0.801266936735234
0.28592186451188 0.797352636958182
0.283327932897099 0.798516506482075
0.270127683808421 0.804439920152491
0.299378636731561 0.791313572617962
0.272218129467148 0.803501555734337
0.276446897266509 0.801604336959441
0.271541823253108 0.803804579015567
0.2815746365447 0.799303607110893
0.264261937588203 0.807070175802182
0.265685114707558 0.806431981984803
0.305035725245979 0.788773599795328
0.277058385218197 0.80132896344129
0.282182292673337 0.799030324390927
0.306528001133097 0.788103572533805
0.299378636731561 0.791313572617962
0.30549814589199 0.788565991122841
0.291864547926975 0.794685099994672
0.326056110747977 0.779331335030877
0.270194438314367 0.804409416117335
0.289538301606859 0.795729471215851
0.278186821545013 0.800823388695133
0.279124684941855 0.800402623411035
0.330267479862323 0.777444107974583
0.27737372774698 0.801187497751157
0.31763756001484 0.783119402471612
0.277058385218197 0.80132896344129
0.264261937588203 0.807070175802182
0.306704034644649 0.788024954046287
0.334825374216161 0.775395271726325
0.301592945671226 0.790319077112241
0.283662225698201 0.798366022001291
0.268005139499957 0.805391045857608
0.264824305386702 0.806817986288565
0.328408061532396 0.778279700904988
0.271541823253108 0.803804579015567
0.264572214920889 0.806930987799038
0.323859132527059 0.780323600304693
0.279124684941855 0.800402623411035
0.32215636045215 0.781086162281577
0.32215636045215 0.781086162281577
0.282182292673337 0.799030324390927
0.321622380331443 0.78132420893707
0.292308701712207 0.794487170085741
0.280641306175158 0.799722682864672
0.30907019616093 0.786963077092776
0.272738482622936 0.803268392087933
0.270675286676941 0.804193859247562
0.272156174536989 0.803529341796836
0.27973588120927 0.800128384735497
0.268180707384343 0.805312726518936
0.290870896891967 0.795131483865474
0.265648183350224 0.806448543989944
0.268430446228046 0.805200805316216
0.297693991750357 0.792069025036704
0.266081610077757 0.8062539448924
0.289991900750923 0.795524960542282
0.268036013119882 0.805377055946123
0.282286355449481 0.798983552082102
0.318546480868675 0.782707929695317
0.307560126337665 0.787640662441414
0.264199892621278 0.807098002196917
0.304950030010258 0.788812861253759
0.269866077543041 0.804556220002138
0.337213567820461 0.77432543918735
0.297625456788005 0.792100341716047
0.276887710216043 0.80140592164061
0.273260786417082 0.803034141576738
0.331805462424536 0.776750404846217
0.265101712725748 0.806693626510617
0.265049030657757 0.806717107347098
0.27709841315344 0.801311003454584
0.33995417713575 0.773092119555909
0.289858666546548 0.79558552227638
0.272753056266152 0.803261858156917
0.303806766261588 0.789324175685978
0.340093427988745 0.773028982438873
0.267072803873924 0.80580930221258
0.307633838320032 0.78760756922267
0.266721549022882 0.805966808949565
0.295419563952469 0.793089220749619
0.265361112328308 0.806577279883312
0.295853409739321 0.792895741760508
0.283561936350007 0.798411885650376
0.284937227546702 0.797794213497962
0.331805462424536 0.776750404846217
0.307560126337665 0.787640662441414
0.262922151132588 0.807670957110051
0.281171627879389 0.799484716905815
0.314392946148908 0.784572839198158
0.27767371366495 0.801053481872951
0.273005484195561 0.803148411316509
0.262845045743632 0.807705550676438
0.299968616929039 0.791048085844449
0.274794865043655 0.80234548030555
0.278245366007985 0.800797455424412
0.320423726419563 0.781865383805606
0.267489902487 0.805622414680337
0.339004337596927 0.773513110534215
0.282030577467686 0.799098809891323
0.280037044175231 0.799993242259846
0.280037044175231 0.799993242259846
0.271541823253108 0.803804579015567
0.305304055562536 0.788653648618484
0.283327452658926 0.798516721806126
0.30055515979394 0.790785207135381
0.285417021645001 0.797579539735761
0.282528433877015 0.798875291162393
0.266608083538733 0.806017831770534
0.276801452270304 0.801445436910205
0.277796644901771 0.800998572971259
0.311547705973109 0.785850967348737
0.288411003963928 0.796234626749919
0.266721549022882 0.805966808949565
0.273542708946688 0.802906752291218
0.287123853942389 0.796813606175412
0.26465866012214 0.806892200702813
0.283290311685959 0.798533763532519
0.335713469678029 0.774996251296823
0.283277287712882 0.798539633172014
0.264199892621278 0.807098002196917
0.270033131329279 0.804481332704592
0.305412971788629 0.788604695723584
0.330963679003347 0.777130279422933
0.26994861893895 0.804519039533782
0.298461593123693 0.791725354885976
0.280910412201502 0.799601537446233
0.338930980271514 0.773545562561352
0.340934898545096 0.772648745247153
0.289070422336662 0.795940126251772
0.268997404911112 0.804946507590576
0.28191470474014 0.79915065169634
0.340934898545096 0.772648745247153
0.267288609357838 0.805712754579855
0.263046594343333 0.80761511861889
0.274276183164498 0.802578256280903
0.272723256562291 0.803274763944708
0.326420278542086 0.779169215662778
0.272882837055589 0.803203299333056
0.272942443164421 0.803176414808402
0.263977557871955 0.807197543185536
0.311406015692368 0.785914347758587
0.265220509802842 0.806640077688887
0.289070422336662 0.795940126251772
0.340664269237125 0.772766562562828
0.309924335294389 0.786580572103984
0.267271903397942 0.805719946987727
0.270832754619405 0.804123252371922
0.276924072995986 0.801390554644886
0.272485287968569 0.803381497919949
0.262418708805682 0.807896787909024
0.290984151088186 0.795081590872181
0.303491639845887 0.789466639359795
0.299939672723207 0.791059935234469
0.29696886333955 0.792395109479263
0.277884770010616 0.800958945036421
0.266081610077757 0.8062539448924
0.328077256438616 0.778429447829276
0.339836829700713 0.773142862451936
0.269971711232063 0.804508668605025
0.331693922642884 0.776798700759577
0.295979414222134 0.792838141420259
0.264345323268319 0.807032666091954
0.273786645017129 0.802797596587548
0.280910412201502 0.799601537446233
0.297874394984966 0.791989492129894
0.279998513047029 0.800010964416842
0.273786645017129 0.802797596587548
0.289070422336662 0.795940126251772
0.310481028551608 0.786329694576557
0.271541823253108 0.803804579015567
0.280545356526834 0.799765719339378
0.265627516427059 0.806457341584729
0.282264736561922 0.798993105279347
0.331126211927704 0.777055053550215
0.342023860479117 0.772157178902075
0.283835300219655 0.798289299207344
0.27365398306657 0.802857394730832
0.326506602988636 0.779130443392269
0.262347005836575 0.807928951387936
0.277998696101401 0.800907630791225
0.333315402039524 0.776072015761677
0.295639289571029 0.792990611713659
0.283950221941124 0.798237505590571
0.266081610077757 0.8062539448924
0.341332247625816 0.772466373954811
0.267131358041103 0.80578291857806
0.291740374774216 0.794741469975427
0.33260651117655 0.776390146722836
0.318341580574584 0.782800118634335
0.3323938135312 0.776485803251101
0.319287686841213 0.782372886054596
0.340813392728221 0.772699747196454
0.297118408107949 0.792328009634568
0.297247613389703 0.7922695294726
0.290239585813785 0.795416335052458
0.282276723825403 0.798988518518033
0.268124248413997 0.80533769487197
0.328881256073944 0.778064123575115
0.30426718153493 0.789117383009516
0.282170035746227 0.799035576324945
0.265220509802842 0.806640077688887
0.290683121018414 0.7952145740261
0.307615090983841 0.78761653164883
0.272524456018942 0.803364433319269
0.287228309971666 0.796766879298798
0.271238773599857 0.803940793591493
0.336986305948883 0.774422084459602
0.262317614334002 0.807942135334406
0.282233880558671 0.799007681848108
0.292096955267133 0.794582195322176
0.333315402039524 0.776072015761677
0.277313951328599 0.801214580329026
0.276596724865508 0.801536792695737
0.336861309240292 0.774478253051333
0.263030142190977 0.80762250186629
0.264039323906597 0.807169991773278
0.27378467320887 0.802798481343104
0.265917196159545 0.806327476431053
0.264655355440416 0.806893564160956
0.278638480865862 0.800621089648197
0.296980939810787 0.79238902204331
0.339836829700713 0.773142862451936
0.303374519836574 0.789519367283835
0.326506602988636 0.779130443392269
0.280980043716653 0.799570013265199
0.268842258164805 0.80501597166769
0.274794865043655 0.80234548030555
0.310590249543747 0.786281093188513
0.276616815926163 0.801527856992122
0.289268100184176 0.795850302930864
0.293821140854961 0.793806646527502
0.297380633922592 0.792211075312783
0.292137944411658 0.794563019514282
0.334391767957853 0.775589075143112
0.334402721342434 0.775583757273001
0.323709143089646 0.780386226278685
0.339396041965436 0.773342049120424
0.269430490368203 0.804751482966268
0.263347203584273 0.807480298678334
0.26994951658847 0.804518419371369
0.342436777513927 0.771972735714046
0.26323483807002 0.8075307218562
0.287455947550407 0.796663828370943
0.296147796010489 0.792762497417412
0.279218014977148 0.800360235627238
0.273227965280035 0.803047994873465
0.334971050744898 0.775328253512391
0.272929033585601 0.80318198647728
0.354051745661146 0.766753216904456
0.286312784775367 0.797179004731748
0.310660289366274 0.786248671393983
0.279380710990436 0.800287201762427
0.265947119738276 0.806314047825901
0.27322413847616 0.803049712855966
0.264007403585763 0.807184155553833
0.270435331617724 0.804300763966058
0.308382270298138 0.787272101295685
0.281350113604109 0.799403727023517
0.336698123251771 0.774550964229201
0.263046594343333 0.80761511861889
0.274532780505007 0.802462971978134
0.264314029653859 0.807046546641151
0.341105539556233 0.772574154529688
0.316735809936135 0.783520932611753
0.279908963562738 0.800050785035447
0.265472165943674 0.806527089176275
0.342469706077088 0.771957939993761
0.303901722062137 0.789281278541057
0.282276723825403 0.798988518518033
0.339503949076686 0.773288155470417
0.266859429406161 0.805904906681776
0.275047575093666 0.802231292883522
0.298837176360713 0.791556770570981
0.262771285985236 0.807738632360727
0.338923630004556 0.773553717656598
0.277481064695768 0.80113959346843
0.311852173122691 0.785711963363017
0.278944473826513 0.800483281825988
0.341965575625526 0.772191608404893
0.329162893086334 0.777940154669863
0.326280562860986 0.779231595117252
0.312495848048159 0.785424004138267
0.299997089540727 0.7910342022431
0.263415452829429 0.807449707042402
0.291740374774216 0.794741469975427
0.382649775554093 0.753891455432372
0.280754799512493 0.799670820803167
0.266286525025165 0.806161774794465
0.266081610077757 0.8062539448924
0.273830902505434 0.802777200195891
0.264166423419389 0.807113051998409
0.265367121708278 0.806574444603121
0.281115062824673 0.7995091684859
0.299961929907327 0.79105086081788
0.328675804001212 0.778157459727358
0.295419563952469 0.793089220749619
0.27669184272098 0.801494326051942
0.271541823253108 0.803804579015567
0.306210708315886 0.788246773360518
0.261344557503208 0.80837860544233
0.290624848515876 0.795242535045398
0.272828500910952 0.80322717359821
0.327384931896596 0.778735320095733
0.297846594552773 0.79200184718084
0.333275339594073 0.776089827136424
0.312314665096144 0.785505259289103
0.266853764409009 0.805907642677702
0.342436374861938 0.771972914614748
0.263046594343333 0.80761511861889
0.319803200660135 0.782141399164863
0.278699157306821 0.800593866858136
0.292254292978424 0.794511382148675
0.266873868767493 0.805898425067379
0.33355525650253 0.775963934414609
0.319803200660135 0.782141399164863
0.272814009784513 0.803233672315386
0.326845015702532 0.778978126714909
0.304861324034068 0.788852437720745
0.288381038998507 0.796248645462919
0.280843691166429 0.799630640261944
0.28842046173242 0.796230824594715
0.262898883042674 0.807681393270419
0.318757279071725 0.782611578092092
0.291740374774216 0.794741469975427
0.310803829620228 0.786183780951448
0.299961929907327 0.79105086081788
0.284284036734866 0.798088144459021
0.276113166118145 0.801753286858738
0.276223579835576 0.801704512462992
0.262317614334002 0.807942135334406
0.273182187612221 0.803068547060607
0.333539157171381 0.775971169306679
0.308996519843271 0.786995784252938
0.270296628069197 0.804362779531
0.299421242861204 0.791295789807161
0.306804088875638 0.787982298348522
0.311492548918745 0.785875127935787
0.302008955259356 0.79013296988605
0.26845434101044 0.805189889254773
0.265886263089343 0.806341736292788
0.267061124004715 0.805814743222923
0.267846764933477 0.80546234132436
0.276066498230724 0.801774848577568
0.326424606314838 0.779166884382019
0.261237410070481 0.80842666389243
0.263030375056361 0.807622410605856
0.280516925581756 0.799777383778979
0.315047602118451 0.784280220353698
0.312314665096144 0.785505259289103
0.310407105228947 0.786362097609914
0.311492548918745 0.785875127935787
0.316228345375252 0.783747717390577
0.275427602027056 0.802061456732531
0.326765871856412 0.779013282978116
0.280022317799377 0.799999511246797
0.288387003744008 0.796246423567965
0.270971037802323 0.80406092756111
0.301934393749972 0.790166545336597
0.284284036734866 0.798088144459021
0.272699760748498 0.803284893847373
0.268338368337614 0.805241821258941
0.272600274075124 0.803329601038176
0.352241490952228 0.767564634041004
0.265483126122886 0.806522301544282
0.334222719306431 0.775664599664735
0.345783923225116 0.770469730477647
0.263934286807205 0.807217037683907
0.306047187426081 0.788318603041182
0.282428274409441 0.798921209915425
0.263415452829429 0.807449707042402
0.272600274075124 0.803329601038176
0.264278414948544 0.807062611248381
0.308996519843271 0.786995784252938
0.339503949076686 0.773288155470417
0.380423452866752 0.754881253704154
0.352038675494165 0.767661020271084
0.39459801335531 0.748497763584993
0.386985749255967 0.751925873252721
0.394501592350731 0.748541298663893
0.365032328196818 0.761819113509539
0.342936331059559 0.771745914954046
0.369156593495382 0.759953425941195
0.370659873931147 0.759276800304103
0.365211625467943 0.761729068686239
0.363965933505463 0.762293640273861
0.340576695171628 0.772809505092816
0.365211625467943 0.761729068686239
0.332303830746563 0.77652946731595
0.363965933505463 0.762293640273861
0.365211625467943 0.761729068686239
0.365223199154856 0.761723869324866
0.376494999527872 0.756654831914216
0.35484526783694 0.766395399894715
0.374528348847808 0.757539117972518
0.375953928374625 0.756900165075445
0.353169987155004 0.767151711073303
0.376494999527872 0.756654831914216
0.380688096013998 0.754770059318518
0.351716368176416 0.767804400850926
0.376191190347537 0.756794012501546
0.331539927034846 0.776872774797398
0.3811535447302 0.754563914982077
0.388425981135556 0.751282161982851
0.362428541321927 0.76298361618837
0.291156676319344 0.795004811811941
0.324091374966645 0.780217304728903
0.299975649463068 0.791045545042321
0.372904198569899 0.758275329979525
0.299975649463068 0.791045545042321
0.309096133504357 0.786949494394133
0.394584597111583 0.748502857464072
0.299975649463068 0.791045545042321
0.310956168280085 0.786115395436184
0.394820801086705 0.74839609569326
0.323839607070959 0.78033041946768
0.308539437722743 0.787199268391832
0.321746837803039 0.781268556537378
0.37466808705656 0.757477636948034
0.336877098487287 0.774473631347468
0.291461445376361 0.794865485413009
0.359513002864872 0.764296768973489
0.32742659316517 0.778717194439539
0.289075830080111 0.795937547542654
0.294483212033088 0.793511807126231
0.395127767453311 0.74826380021953
0.323996829170823 0.780258917230051
0.395127767453311 0.74826380021953
0.269771779372411 0.804598893131803
0.269537051592173 0.804704182062397
0.269999275472054 0.804496845922379
0.28623518477602 0.797212752042881
0.328490472384161 0.778239824475806
0.273514291771864 0.802919630293413
0.27096396456063 0.80406423564246
0.274638575148684 0.802415311624853
0.298760568367079 0.791590874126204
0.27685656416682 0.801421216661042
0.269769008581584 0.804600107689024
0.272905266862494 0.803192853896849
0.28623518477602 0.797212752042881
0.283219153740347 0.798566994252354
0.269769008581584 0.804600107689024
0.326402856580169 0.779178243591899
0.309099936731118 0.786948017420284
0.2719516718909 0.803621214382358
0.269264855609433 0.804826248689873
0.345655740446356 0.770529123790254
0.269264855609433 0.804826248689873
0.276857115300077 0.801420965841195
0.396451608743065 0.747670662879041
0.276857115300077 0.801420965841195
0.318108338582039 0.782903330847656
0.297974971421739 0.791942617803681
0.276484473074596 0.801587278887207
0.269046938403741 0.80492398142328
0.274638575148684 0.802415311624853
0.316696797406516 0.783536861373844
0.309099936731118 0.786948017420284
0.269769008581584 0.804600107689024
0.320369805983885 0.781889126383334
0.316686410521526 0.783541499224427
0.269359312707103 0.804783895093104
0.29876093493368 0.791590710485123
0.310675103393616 0.786241898203125
0.3169240462626 0.783435975383573
0.383551733802257 0.753476458090417
0.269046938403741 0.80492398142328
0.294223533578728 0.793627453240089
0.274621937013961 0.802423608952106
0.269046938403741 0.80492398142328
0.321386539962879 0.781431124351608
0.316686410521526 0.783541499224427
0.270477978977701 0.804282131501244
0.3029526214781 0.789708794722915
0.269666684224891 0.804646195571189
0.326196466581276 0.779269445745431
0.336836685793295 0.774491361996817
0.336760216793958 0.774522124907233
0.277269808211845 0.801234982810739
0.316713092139937 0.783530250186488
0.297197823444802 0.792292107553082
0.291713722303498 0.794753708226715
0.326402856580169 0.779178243591899
0.307270775989037 0.787769351018101
0.285635887306423 0.797480804070845
0.284276150624541 0.79809052941671
0.297974971421739 0.791942617803681
0.393347692501367 0.74906453694481
0.310652575732041 0.786251332658522
0.26893554269865 0.804973947066724
0.305488596539349 0.788572210441282
0.289888367738215 0.79557314608076
0.30138938749182 0.790412050672112
0.269109722547075 0.804895731346728
0.361862955356453 0.76323504429338
0.26893554269865 0.804973947066724
0.309821451593808 0.78662447768768
0.393347692501367 0.74906453694481
0.318082783666478 0.782916569640256
0.377242155236019 0.756316506158501
0.29795166129045 0.791953101082959
0.309358888658955 0.786832384986032
0.26893554269865 0.804973947066724
0.381933242584068 0.754206291354414
0.309247170489619 0.786882032964718
0.320477039494528 0.781841518690259
0.393806313005356 0.748855551368549
0.26893554269865 0.804973947066724
0.29096340626861 0.795090388094984
0.330156920539958 0.777490789142273
0.270164852440442 0.804422848791853
0.385761893596073 0.752481437298056
0.270454817995603 0.804292279865089
0.282913587257945 0.798702674145542
0.268935574532167 0.804973932783923
0.309411630096928 0.786808728074182
0.381658579728855 0.754337477276086
0.296650705741338 0.792538809588517
0.294471647921182 0.793515059910198
0.381933242584068 0.754206291354414
0.269998734248327 0.804497086412644
0.326398332897559 0.779180274472355
0.26893554269865 0.804973947066724
0.29795166129045 0.791953101082959
0.357058548546838 0.76540369496276
0.284650852223822 0.797923534127238
0.334007411166848 0.775763708241326
0.316216959016779 0.783754520319892
0.296650705741338 0.792538809588517
0.269033006864247 0.804930157928466
0.38050970022195 0.754845395238826
0.378959565760867 0.755543511159203
0.36999368555492 0.759582381857706
0.385761893596073 0.752481437298056
0.27577549701865 0.801904835986522
0.271106887758595 0.804000136654839
0.270239269379546 0.804388993366959
0.325188845081829 0.779723434552324
0.270086495918668 0.804457791717172
0.267517467676243 0.805609705253591
0.26893554269865 0.804973947066724
0.372724179337331 0.758349136543431
0.31032611393208 0.786399581754747
0.381658579728855 0.754337477276086
0.348330411638051 0.769327993610129
0.317748091474311 0.783065680673184
0.27577549701865 0.801904835986522
0.295873505942602 0.79288587211988
0.309658821360432 0.786696859708623
0.302387045468373 0.789963325900628
0.294441822906242 0.793528448634274
0.289935257766245 0.795550852110898
0.334964159921373 0.775334619510554
0.292653707404881 0.794330437134045
0.277978016888118 0.800917757287151
0.339681641658794 0.773212667908304
0.270315211898679 0.804355105274074
0.391998400919462 0.74966906407341
0.299878723083908 0.791088811719021
0.269175168996865 0.804866529067244
0.358001692328965 0.764977692359166
0.304076563321433 0.789204658303987
0.268938860532457 0.804972416428012
0.27577549701865 0.801904835986522
0.378371530125726 0.755808512192626
0.326694871049785 0.779047193715449
0.275327081251662 0.802106027241562
0.313276814804633 0.785073403017836
0.383742786994354 0.753391090634046
0.367442777700398 0.760730747116835
0.339068152692361 0.773488061167344
0.381703687886306 0.754308651636764
0.265897478834693 0.806336414609439
0.270902478329575 0.804091689481148
0.291949846918061 0.794647775252804
0.303729502417424 0.789360533715045
0.272725959029011 0.803273718544654
0.273496544332588 0.802927592285599
0.313718488855334 0.784873912699487
0.318370221878482 0.782785744864585
0.326694871049785 0.779047193715449
0.36999368555492 0.759582381857706
0.326676026657815 0.779055658069408
0.269282273094083 0.804818335839064
0.268774824388632 0.805046053042225
0.318370221878482 0.782785744864585
0.307848282667755 0.787510955351601
0.267571768722729 0.805585384031491
0.327878316751443 0.778516232389519
0.28298768845399 0.798670980797373
0.270139284250881 0.804433873541509
0.275771935992633 0.801906787536636
0.326676026657815 0.779055658069408
0.391998400919462 0.74966906407341
0.294345634303215 0.793571628827901
0.339136136924888 0.773457494463744
0.331613541148279 0.776835914173629
0.391998400919462 0.74966906407341
0.265897478834693 0.806336414609439
0.337382302717709 0.774244067074246
0.340514362700924 0.772835575529153
0.315372859870637 0.784134440340309
0.36999368555492 0.759582381857706
0.368426934360534 0.760280278616235
0.368916380607779 0.760059987051005
0.386187136335668 0.752285906093689
0.370810930013238 0.75920715725575
0.375870200364681 0.75692980783996
0.386520400726218 0.752135939498408
0.373559342262456 0.757970708359143
0.370534770434348 0.759331468389103
0.365672363786883 0.761519830743995
0.392061005509748 0.749645616813433
0.362297966532872 0.763039705040038
0.390857325557034 0.750182945069862
0.368620255837722 0.760193307278604
0.351367443174939 0.767957494643817
0.369245626828024 0.759912511868685
0.35437245593638 0.766604882615904
0.367219120630712 0.760823497252792
0.372409122581862 0.758488515978133
0.353508645576332 0.766995081138914
0.364306879834967 0.762140126228754
0.362297966532872 0.763039705040038
0.372756259943462 0.758332243523972
0.347753135314731 0.769581976442914
0.365393406557065 0.761645199372806
0.360208685569019 0.763981914377179
0.35346392582152 0.767014925384526
0.370851050716566 0.759189687061493
0.394461670488014 0.748559367262411
0.373559342262456 0.757970708359143
0.353074939618748 0.7671945331832
0.365771824580139 0.761482145123695
0.373557946772427 0.757971336377241
0.394220155341536 0.748668252585967
0.368066658771326 0.760442172151962
0.393926678723575 0.748800230895602
0.362297966532872 0.763039705040038
0.360208685569019 0.763981914377179
0.36219403516593 0.763088833014134
0.367133525386004 0.76086196644613
0.367964201975704 0.76048856447601
0.343955926624779 0.771293168457935
0.392779760017099 0.749317014836631
0.351916135237125 0.767710716600911
0.343749495248022 0.771385901501298
0.386899240974242 0.751969531078726
0.343553882031518 0.771473628026002
0.383227748320715 0.753617440570408
0.34200722020468 0.7721702108112
0.342070300488219 0.772139596341763
0.373156471220157 0.758151619090907
0.342598311213992 0.77190315446499
0.318480042866418 0.78273795865329
0.360444834573395 0.763875161727471
0.363871609136405 0.76233478833015
0.363423307245242 0.762536393871483
0.354800140517969 0.766415972890075
0.368572140518783 0.760222333435845
0.378056398517512 0.755953474698832
0.318242626930157 0.782845067502622
0.348824670151319 0.7691000236139
0.314357173198862 0.784587574383076
0.367739340554513 0.760596362009211
0.318480042866418 0.78273795865329
0.380528124321979 0.754841382812421
0.317008653053982 0.783396764526061
0.307329923202213 0.787743306091936
0.351530636843806 0.767889175279477
0.36536846529985 0.761660992272759
0.295058231242922 0.793253509808495
0.389147109629185 0.750950998002501
0.360222689427943 0.7639758400038
0.346085949596281 0.770335348408896
0.359653095605077 0.764236974978612
0.381047643088933 0.754602138901024
0.349461816510274 0.76881598596142
0.360222689427943 0.7639758400038
0.372602248703211 0.758406594757433
0.342017765913619 0.772161400972166
0.360499758585395 0.76385072652831
0.389124544479081 0.750961155360449
0.315070416006245 0.784267908506906
0.325464159442816 0.779600142256689
0.357992949874393 0.76498372444092
0.356389510392024 0.765703751260728
0.38930076151125 0.750881868300545
0.365104614771654 0.761781613884534
0.316867010181197 0.783460394796661
0.315092939837464 0.784257810362756
0.344702051147716 0.770956151024018
0.381276338235694 0.754497826255793
0.290046285672035 0.795501867564335
0.30768074661823 0.787585715760454
0.2985327542963 0.79169279111292
0.314367749040233 0.784587093514787
0.28654008277178 0.797075157662511
0.345174667327554 0.770743531999508
0.361598732345833 0.763356559792478
0.361324390525122 0.76348092296162
0.365104614771654 0.761781613884534
0.355188873501766 0.766242214509014
0.352963331796974 0.767243439462482
0.356426582671845 0.765681593847832
0.356008879180786 0.765872443396617
0.350754245712617 0.768237439083426
0.389124544479081 0.750961155360449
0.378310854454679 0.755840127727639
0.365104614771654 0.761781613884534
0.28509337038254 0.797726516488589
0.380476850453131 0.75486304207188
0.325864496641965 0.779422499859461
0.352203712951357 0.767585406670958
0.365290760903677 0.761698222810094
0.388601511143387 0.751196517120977
0.365104614771654 0.761781613884534
0.356008879180786 0.765872443396617
0.381762657582402 0.754284503694405
0.282865568275644 0.798723733978539
0.384387198246825 0.753094730167468
0.30253420692798 0.78989658629625
0.384068793039302 0.753242724161495
0.388103128411806 0.751427231745506
0.352635222073181 0.767393401267899
0.36732262933888 0.760780039864363
0.293011276664693 0.794171617502462
0.366358281679139 0.761217124469403
0.329829427826218 0.77763735794906
0.389124544479081 0.750961155360449
0.347419792847427 0.769735401036401
0.293828153265805 0.79380487529514
0.283932226669382 0.798246521970589
0.386585498553009 0.752113776537987
0.317044369626772 0.783381246670349
0.389117936142263 0.750964128794735
0.337183776778849 0.774333794351361
0.296344963460109 0.792675173350755
0.386426058317037 0.75217743895914
0.388111796727854 0.751426355718084
0.276086257267589 0.801766441341515
0.278996872798204 0.800460269675029
0.277802272770794 0.800996651737203
0.341992082756042 0.772174371319082
0.277802272770794 0.800996651737203
0.303355281035145 0.789528789156062
0.280253523417615 0.799897131888756
0.275893976131994 0.801852716809244
0.371266742500941 0.759006813093932
0.294057724545531 0.793701874285485
0.366877980980674 0.76098605726848
0.277910344741323 0.800948143607452
0.274910131413064 0.80229420814397
0.318375626119576 0.782784457437901
0.2756603914739 0.801957049929686
0.2756603914739 0.801957049929686
0.354580436052314 0.766517452822324
0.277802272770794 0.800996651737203
0.276833141154013 0.801431034539284
0.36572799760885 0.761500561373221
0.276833141154013 0.801431034539284
0.388423970824944 0.751286565857899
0.358258349614536 0.76485962282179
0.395365259607265 0.748161130994196
0.366349372075343 0.761222208166838
0.274999521319484 0.802253592524187
0.279278520658852 0.80033385110145
0.274952881709902 0.802274507471765
0.298974741226359 0.791494123679443
0.278075957779626 0.800873898410959
0.358530260882183 0.764741884888198
0.334865204407997 0.775377956564146
0.287652876562948 0.796575852737915
0.365712238230222 0.761507095166392
0.384363560140895 0.753110144351891
0.287968540951913 0.796435157916146
0.285251182334091 0.797654876273589
0.278875283808251 0.800514396682836
0.270460694539844 0.804289962335317
0.277283398856795 0.801229149195832
0.277283398856795 0.801229149195832
0.279498971959386 0.800235070406504
0.279810946505571 0.800095681922231
0.277747581052471 0.801020890117877
0.27479967542892 0.802344522805755
0.277747581052471 0.801020890117877
0.273098880550168 0.803106599964186
0.27017318971849 0.804419067288719
0.299779196889814 0.791134445872269
0.275931544405324 0.801835340606447
0.277489504450069 0.801136861871158
0.283458743594089 0.798457497223617
0.273688542869214 0.80284198653104
0.276782061269315 0.801453435687198
0.274373662885893 0.802534726411871
0.283087487183433 0.798624092220456
0.267250617659107 0.805729817774551
0.276121934786203 0.801749748943616
0.294515113396495 0.793496551525244
0.281320634103295 0.799418218746381
0.271407267502814 0.803864633647384
0.326735439915921 0.779028180035023
0.279080082154638 0.800421848199196
0.273871794692613 0.802759885563385
0.269171995978758 0.804868145894564
0.273816771707719 0.80278474165149
0.305396930872075 0.788612668204018
0.294205593030463 0.793636491816777
0.274373662885893 0.802534726411871
0.330334155808731 0.77741729944266
0.267250617659107 0.805729817774551
0.267250617659107 0.805729817774551
0.267250617659107 0.805729817774551
0.284024529546376 0.798203427101378
0.265950580502675 0.806312836560729
0.30539990878869 0.788611366205229
0.284954160897421 0.797786974432282
0.275525638919651 0.802017217515212
0.268399889717217 0.805214379788343
0.274373662885893 0.802534726411871
0.271281539969158 0.803921066411007
0.278734888861738 0.800577610955947
0.301506407651536 0.79035765493213
0.295500446595761 0.793054278548122
0.271598069115214 0.803779126485005
0.269264999977976 0.804826158849214
0.272039480059276 0.803582043615263
0.282001788339671 0.799111354351557
0.274373662885893 0.802534726411871
0.310992004045252 0.786101336099789
0.265950580502675 0.806312836560729
0.283154977720549 0.798593673955688
0.278734888861738 0.800577610955947
0.307650004170872 0.787601666973575
0.268399889717217 0.805214379788343
0.283291977580997 0.798533701382
0.283154977720549 0.798593673955688
0.301499939478609 0.79036137765953
0.265266173785082 0.806619732938661
0.264727264319918 0.806861475817776
0.28350108942311 0.798438683458329
0.265950580502675 0.806312836560729
0.274068464798513 0.80267156879352
0.27188966494998 0.803648832555936
0.312415549636156 0.785461565439894
0.318315939127753 0.782811544962576
0.28364452577509 0.798374319641805
0.30539990878869 0.788611366205229
0.264183161870136 0.807105501746815
0.272039480059276 0.803582043615263
0.265950580502675 0.806312836560729
0.267835163411728 0.805467129862657
0.272707033576896 0.803282244543961
0.272199198609616 0.803509869625766
0.310948947218094 0.786120469090168
0.282809857197304 0.79874900575625
0.318315939127753 0.782811544962576
0.264183161870136 0.807105501746815
0.268325604923126 0.805247118423012
0.264727264319918 0.806861475817776
0.307650004170872 0.787601666973575
0.267576167908972 0.805583796402535
0.267506289543889 0.805614530699178
0.265950580502675 0.806312836560729
0.329646808051636 0.77772327165879
0.284028947005296 0.798201443695835
0.313055294331017 0.785174839296394
0.264183161870136 0.807105501746815
0.264183161870136 0.807105501746815
0.278407953585028 0.80072393500685
0.310991245253771 0.78610145640865
0.267998511236747 0.805394505371567
0.2661330792861 0.806230992267633
0.318315939127753 0.782811544962576
0.267878310656072 0.805448031582686
0.267804505807654 0.80548139335891
0.267810216447468 0.805478780811925
0.281677411936928 0.799257113535547
0.324523439195687 0.780023456214651
0.2661330792861 0.806230992267633
0.27920985357898 0.800364965323778
0.264772026143261 0.80684140740046
0.264061619313495 0.807160013406128
0.264265093808757 0.807068754510897
0.317438637976942 0.783204899610285
0.272411186922775 0.803414638523786
0.265096450743954 0.806695909200321
0.265155935140356 0.806669205338717
0.27753903460823 0.801114457044401
0.277874666701294 0.800964931114389
0.26804896152802 0.80537170408148
0.335564288909055 0.775060702060824
0.326923652330845 0.778943899576103
0.264061619313495 0.807160013406128
0.275380405130686 0.802082927907859
0.279397364792179 0.800281547412768
0.284288820782077 0.79808593269887
0.284642675087125 0.797927338922157
0.283881890116141 0.798267410305637
0.264061619313495 0.807160013406128
0.267711394351003 0.805523064508841
0.326329468476911 0.779211085342218
0.281587899169149 0.799296557333678
0.270239335668899 0.804388935313332
0.277555338344326 0.801106236181613
0.265278154921363 0.806614416363115
0.276906465130554 0.801397891754993
0.335564288909055 0.775060702060824
0.274322769211195 0.802557406384845
0.264781923206039 0.80683696974154
0.263988281369532 0.807192904974273
0.263829018342976 0.807264412945392
0.285979359879263 0.797327020283636
0.267931913677558 0.80542403174379
0.313410128747114 0.785013825588237
0.270889250887515 0.804097439177407
0.285979359879263 0.797327020283636
0.305925175462411 0.788374790555779
0.282943518151657 0.798689133684919
0.294221283894345 0.793628418598009
0.329646808051636 0.77772327165879
0.265238230861769 0.806632292031952
0.312584667761045 0.785384326828785
0.265950580502675 0.806312836560729
0.278634425235096 0.800623036083741
0.288252974136342 0.796306993522523
0.272483956569152 0.803382554154386
0.265238230861769 0.806632292031952
0.268361731997087 0.805231603697941
0.287022785515427 0.796857726031509
0.265087634059087 0.806699853645056
0.271467534717827 0.803838131005639
0.275812069079741 0.801888953846927
0.282890153986139 0.798713337642932
0.26718710512646 0.805758026884847
0.272483956569152 0.803382554154386
0.294191828619178 0.793641722589478
0.31027460480795 0.786423749526933
0.269147952514905 0.804878744429471
0.273908421078462 0.802742822522665
0.275346545995944 0.802098098079564
0.274003791371244 0.802700836157452
0.279248623303672 0.800346387607622
0.284642675087125 0.797927338922157
0.289206818480754 0.795879009607969
0.288252974136342 0.796306993522523
0.268644089129904 0.80510498912115
0.305217450571596 0.788692205645777
0.283876770777123 0.798269707766135
0.31027460480795 0.786423749526933
0.350020711915871 0.768561458697376
0.263829018342976 0.807264412945392
0.354335913135522 0.766627732978408
0.295193078601798 0.793192538396461
0.263773408166617 0.807289357084671
0.29562309910817 0.792998132759665
0.264610337039126 0.806913877638772
0.351415106245204 0.76794171589528
0.283876770777123 0.798269707766135
0.289206818480754 0.795879009607969
0.265179514037578 0.806658626844827
0.305234562708516 0.788684519111361
0.273869842706039 0.80276085997167
0.296525806960647 0.792594120980136
0.283873584370275 0.798271069409734
0.268789204778862 0.805039712818234
0.354725033921774 0.766452895672472
0.311588064655514 0.785832512955793
0.269319071285792 0.804801787623878
0.283826660394564 0.798292128172869
0.28009552352855 0.799966814391447
0.265296871910997 0.806605993651956
0.283826660394564 0.798292128172869
0.268191258430104 0.805307601763161
0.272263736003618 0.803481361313319
0.312076076887278 0.785612946636133
0.275761793328054 0.801911967848616
0.296882590990053 0.79243281437696
0.306281593065154 0.788216272922022
0.26471370338484 0.806867618637749
0.375351832346466 0.757166735613465
0.314492282297935 0.784529377298036
0.335568427135769 0.775059324011078
0.370063961888365 0.759549404909634
0.391201857834584 0.750034228754686
0.32125960582533 0.781492379991243
0.384622056669349 0.752991914703992
0.319049315823664 0.782481029757204
0.340465484560032 0.77286269513759
0.318506999619642 0.782724589242385
0.327943443858987 0.778489255287948
0.318089258022749 0.782911209201197
0.333777963693374 0.77586459684746
0.334617265973539 0.775486745727111
0.334617265973539 0.775486745727111
0.350522334559103 0.768339401549608
0.339756911824891 0.773174769219356
0.333986764115546 0.775771176253449
0.38901656935277 0.751011715582803
0.339048006602012 0.773495869526838
0.313090296102315 0.785157818786235
0.38901656935277 0.751011715582803
0.286335689433676 0.797168339006326
0.318918080037238 0.782538986440282
0.302285959314343 0.790009422381985
0.320752560628902 0.781713841142
0.318280190071431 0.782825407081636
0.351908626530635 0.767719942052578
0.304857772315418 0.788855395765623
0.318918080037238 0.782538986440282
0.327313265800103 0.778768456886209
0.292471684052319 0.794415110719939
0.342292175564403 0.772036227164552
0.356519654427542 0.765642605938245
0.283904432184324 0.798259401302593
0.301157089387562 0.790514364745019
0.31996125226609 0.782071813520445
0.278804944997156 0.800546337004154
0.340742239481079 0.772736392457919
0.359801609639032 0.764168594498488
0.313090950217675 0.785157132052245
0.299723430078263 0.791158229097019
0.298651780551471 0.791638886616574
0.36618162743748 0.761302517555694
0.286335689433676 0.797168339006326
0.315417468891439 0.784113241223243
0.278804944997156 0.800546337004154
0.34953460230294 0.768780850812277
0.322072755937326 0.781122313793798
0.286335689433676 0.797168339006326
0.279264369519788 0.800340211904911
0.30275735105407 0.789797350748868
0.297596873479456 0.792112463384907
0.323211010493796 0.780611298914615
0.300815974005643 0.790667713938585
0.297692491590817 0.792071213044478
0.349952818199066 0.768595330286301
0.300718786213256 0.790711360357149
0.332594983440763 0.776392483616293
0.349679676727421 0.768715526601097
0.278804944997156 0.800546337004154
0.278804944997156 0.800546337004154
0.354651981927387 0.766479155105974
0.278056285954764 0.800882051057701
0.300283797488421 0.790906718110849
0.323211010493796 0.780611298914615
0.339901927182644 0.77311391589703
0.336805379301896 0.774507722185318
0.293004474950146 0.794174414456604
0.334562842488686 0.775514546269573
0.311151035455892 0.786030513614098
0.362576963271258 0.762916084827647
0.320462078666488 0.781848290864137
0.305536671438879 0.788550387758483
0.332662436555865 0.776363987016259
0.314003704718481 0.784746229194265
0.277726887139918 0.801029650183543
0.303803654900763 0.789329276000097
0.358977245317281 0.764537391504953
0.301241800776406 0.790476799672556
0.285821554775038 0.797398244816252
0.320462078666488 0.781848290864137
0.315563242652449 0.784045259614234
0.342092792607182 0.77212716656225
0.277213909572332 0.801260406927765
0.316858023135511 0.783463187862268
0.341180289479317 0.772538677584462
0.302482908525041 0.789920003616203
0.307418205384332 0.787702733865184
0.300828481480705 0.79066220693976
0.274451409330088 0.802499842736799
0.311151035455892 0.786030513614098
0.303108530299278 0.789638510839675
0.292264783293753 0.794506514702053
0.302482908525041 0.789920003616203
0.32459245523196 0.779991777382801
0.273108145061077 0.803101840187712
0.318467261147498 0.782744708074895
0.326523697187127 0.779125399267284
0.299832871933248 0.791109658043714
0.332699804186556 0.77634720607699
0.319365350675051 0.782337123993772
0.312253497756096 0.78553218624251
0.37787763595174 0.756029486058455
0.280472778856022 0.799797901608711
0.301233170004973 0.790480672803667
0.365806232964618 0.761465536279621
0.352214444924912 0.767575027057668
0.333366027295548 0.776048018905621
0.382634257319695 0.753894226432504
0.358858851295719 0.764592146892655
0.301241800776406 0.790476799672556
0.329693697565153 0.777700293209502
0.326223658978173 0.779256615240532
0.318902267655316 0.782549271516628
0.274451409330088 0.802499842736799
0.305536671438879 0.788550387758483
0.320243407018645 0.781943155730549
0.280451158290555 0.799807597954726
0.333366027295548 0.776048018905621
0.319882196254934 0.78210850496829
0.27968118946123 0.800152544398976
0.302396615294821 0.789958298299539
0.293114953294989 0.794125771062059
0.276247191527053 0.801694762136831
0.320578634840645 0.781796009910187
0.308834265707514 0.7870680336978
0.330390339935017 0.777386219582855
0.326223658978173 0.779256615240532
0.323618051299677 0.780427964483592
0.314514082584654 0.78451665095276
0.301252150015559 0.790472247239517
0.395538838803766 0.748074008952262
0.324573837320728 0.779999939510637
0.273240576135688 0.803042485281433
0.307226706081575 0.787789269377926
0.290790974779757 0.795167543153307
0.276560975584282 0.801554052301446
0.326474053062556 0.779144918475202
0.271671119718229 0.803746782533349
0.326629412656257 0.779077404551305
0.282400354215539 0.798932664273111
0.293114953294989 0.794125771062059
0.290449517236434 0.795320822709503
0.329174526903843 0.777932185976438
0.312082258557579 0.785608546700719
0.313526936358107 0.78495890192574
0.290329277983349 0.79537441204168
0.312819225317263 0.785277956023916
0.310351422749831 0.78638689099455
0.322703023695274 0.780842773279843
0.302196413632724 0.790049004760058
0.307935325560506 0.787470814262647
0.2746397318786 0.802414998614891
0.27968118946123 0.800152544398976
0.290862807960041 0.795136549459231
0.283859810700775 0.79827830354023
0.336258911991769 0.774748165501216
0.27712010544358 0.801302524939655
0.274451409330088 0.802499842736799
0.292522757787262 0.794392141587153
0.305580676887551 0.788529726055423
0.324845121864035 0.779877471524456
0.273643051409946 0.802861930010569
0.279711116488943 0.800139120564984
0.308697008392289 0.787128506118744
0.365806232964618 0.761465536279621
0.308469755219744 0.787230894786429
0.323452339159903 0.780506294767957
0.337445174839582 0.774215668216503
0.284319702592663 0.798071507501044
0.306735699301401 0.78801135942446
0.307756532163955 0.787551231280552
0.292522757787262 0.794392141587153
0.334904084795807 0.775361095722494
0.282323868238184 0.798967555930686
0.278081191365018 0.800870339500175
0.32130776194125 0.781468734743863
0.359689757524531 0.764215807566221
0.279613754258056 0.800182740634234
0.273318990451103 0.803007301702588
0.308661204881097 0.787146045970821
0.305331983645643 0.788641391963068
0.289350693367472 0.795815655879039
0.319814267013362 0.782136483941743
0.296179237960082 0.792749729619534
0.324830884114139 0.779884687596252
0.274120992570908 0.802647624111808
0.320346348880916 0.781899211242955
0.284780070167828 0.797865064824238
0.318871213983817 0.782561915634457
0.286985149982874 0.796875078474822
0.276974113547637 0.801367940288813
0.352813855796494 0.767308957606238
0.289662447658936 0.79567577173662
0.334269543283437 0.775646554646258
0.303078271275012 0.789652946054253
0.336353124414208 0.774705771479761
0.308834265707514 0.7870680336978
0.297788313353534 0.792027358069607
0.295788448634983 0.7929241895295
0.273099995401894 0.803105636900857
0.303781070910677 0.789336632082548
0.290862807960041 0.795136549459231
0.318213481558128 0.782857237842129
0.311102927701886 0.786050001785257
0.324476509119887 0.780043903353311
0.356114086209949 0.765828575914284
0.310214070966455 0.786448748975908
0.337455020932156 0.774211240356648
0.296481487781676 0.792613724570027
0.32309258574635 0.78066484123088
0.30123921285129 0.790478073403804
0.291730942754276 0.794746611645367
0.274688207846194 0.802392999822315
0.271554444542526 0.803799110224774
0.296096458203752 0.792786482921066
0.282981336050696 0.798672507107665
0.271554444542526 0.803799110224774
0.273230093611804 0.80304724292498
0.301252150015559 0.790472247239517
0.336258911991769 0.774748165501216
0.292300958744733 0.794489832126845
0.324476509119887 0.780043903353311
0.308661204881097 0.787146045970821
0.306890401259249 0.787941767673599
0.303854200944423 0.789304632097577
0.296902573013501 0.792423994839912
0.295788448634983 0.7929241895295
0.270178294435366 0.804416523482461
0.276790687103361 0.801450182693721
0.324560814288905 0.780006263180947
0.284319702592663 0.798071507501044
0.317917273776407 0.782991801205573
0.302004225233753 0.790133901965534
0.305294695262544 0.788657910372459
0.27720054098118 0.80126704761257
0.296902573013501 0.792423994839912
0.26565654450391 0.806444668591503
0.285921464020911 0.79735274551893
0.286985149982874 0.796875078474822
0.307740883207096 0.787559165426334
0.272037639196035 0.803582074650518
0.271464620516865 0.803839347705244
0.299446067072302 0.791283406351387
0.271554444542526 0.803799110224774
0.270178294435366 0.804416523482461
0.296714351527223 0.79250835137399
0.324038316116657 0.780240745857523
0.317532746120769 0.783162507966504
0.285921464020911 0.79735274551893
0.29218603323409 0.794542067202397
0.286091623380676 0.797276611725869
0.308013671048968 0.787436695605141
0.310015591700986 0.786540683393626
0.267312463783595 0.805701918724667
0.326799847102477 0.779001071747036
0.324078944529168 0.780221311691768
0.282834674872107 0.798738621315659
0.322235184753229 0.781049732228381
0.32271037279845 0.780836687813058
0.308550182149222 0.787195507985831
0.304702524165478 0.788923142416373
0.31735114012781 0.783245269692603
0.265655955009993 0.806444932896569
0.302607307721166 0.789864444077598
0.325566464052983 0.779558211866326
0.27405814901479 0.802675912642959
0.329030525872926 0.777998864603428
0.324560814288905 0.780006263180947
0.267312463783595 0.805701918724667
0.300738776786302 0.790702366882324
0.274619689284434 0.802423824936958
0.288735144033689 0.796090578674008
0.273099995401894 0.803105636900857
0.27891220780327 0.80049787576155
0.278787760817289 0.800553956801595
0.281231963879855 0.799457138571798
0.301352084893508 0.790427537275245
0.287082165659743 0.796832009398661
0.297867060289699 0.791992178947848
0.301386913474276 0.790412148871034
0.286546867341355 0.797072925147285
0.312124505006529 0.785592173133142
0.270178294435366 0.804416523482461
0.267504819218378 0.805615726840075
0.266028133582047 0.80627802153514
0.297867060289699 0.791992178947848
0.267843417790375 0.80546386520072
0.307260069724806 0.787773533595643
0.304078560386536 0.78920336763702
0.269893050985469 0.804543895703368
0.304058298302486 0.789212275447866
0.292724514899265 0.794300506061192
0.30533001207187 0.788642259988385
0.286072937046289 0.797285002334547
0.27429555917311 0.802569184189193
0.295389739117641 0.793103911871294
0.342756656595377 0.771830673667965
0.267040732579992 0.805823823125318
0.291037154235158 0.795057134125583
0.307996081536802 0.787443997642716
0.27377183459445 0.802804384070004
0.278963271096799 0.800474713796251
0.379678538985558 0.755220432380207
0.301366788821967 0.79042119132659
0.289033658425991 0.79595677177443
0.273099995401894 0.803105636900857
0.342506998987491 0.771939991286636
0.267836427958054 0.805466698354226
0.26803319951225 0.805378759314913
0.281236424315903 0.799455868250387
0.274609880308586 0.802428154659999
0.32623400119023 0.779256504340759
0.263200208676849 0.807546323813855
0.310625912967165 0.786263788800722
0.267650512060525 0.805550385894221
0.267746773221294 0.805507202888328
0.263200208676849 0.807546323813855
0.312726609316157 0.785321724459384
0.269443667702839 0.804745486713237
0.300441095758303 0.790836964983171
0.287863651879638 0.796481335307376
0.300440984330042 0.790837015576555
0.286424442803752 0.797127640284526
0.275637963727725 0.801967146999487
0.29173108231618 0.794746386021064
0.299197376499903 0.79139578569865
0.342506998987491 0.771939991286636
0.263200208676849 0.807546323813855
0.306145190405207 0.788275840039175
0.279028925156544 0.800445597301295
0.307744866622842 0.787556771992356
0.294583230133871 0.793467645440469
0.290541056436396 0.795279735811523
0.263200208676849 0.807546323813855
0.268784314133571 0.805041269925236
0.267650511531215 0.80555038613184
0.267696840178245 0.805529512650054
0.284153228010347 0.798147182133497
0.379817831361509 0.755157912858813
0.307996081536802 0.787443997642716
0.27193944726667 0.803626587054824
0.263006070135399 0.807633394170242
0.286454934274729 0.797113906604758
0.286846438143649 0.796938734715193
0.264284831130407 0.80705986214473
0.30990157205971 0.786590363528283
0.284153228010347 0.798147182133497
0.269893050985469 0.804543895703368
0.273099995401894 0.803105636900857
0.279323133276504 0.800313559633729
0.305151406649646 0.788723533691471
0.264463966329505 0.806979521417217
0.274614040218241 0.802426291518335
0.283932508593086 0.798245803926858
0.278903354278826 0.800501761512701
0.264284831130407 0.80705986214473
0.266447147966328 0.806090084878648
0.273549893098477 0.802903535083409
0.295330911413074 0.793130818673529
0.283932508593086 0.798245803926858
0.281048904845358 0.799539916590776
0.271846307835388 0.803668439739223
0.276658409528409 0.801508976179923
0.313274157322901 0.785073812447593
0.287863651879638 0.796481335307376
0.274198675365604 0.802612579497956
0.267650511531215 0.80555038613184
0.267066914104514 0.805812174689788
0.285732332658235 0.79743847968096
0.267295563341117 0.805709577572048
0.271079484334522 0.804011503938365
0.295330911413074 0.793130818673529
0.333424628355962 0.776023964945311
0.279178403140028 0.800378310466046
0.281123029156993 0.799506763645084
0.263011452262303 0.807630980566229
0.288187297101069 0.796336079397193
0.295318011583969 0.793136609347157
0.274814131921021 0.802337021491134
0.276658409528409 0.801508976179923
0.278903354278826 0.800501761512701
0.286034705151405 0.797302000716408
0.335645968837497 0.775026024202679
0.278903354278826 0.800501761512701
0.27193944726667 0.803626587054824
0.26308482263746 0.807598072763735
0.274723444318517 0.802377696265296
0.295330911413074 0.793130818673529
0.265655955009993 0.806444932896569
0.284902193725534 0.797810538189533
0.281048904845358 0.799539916590776
0.27193944726667 0.803626587054824
0.269558969756164 0.804694227560422
0.27258355338808 0.803337272502955
0.290538415179479 0.795280701268539
0.279705701767385 0.800143027166923
0.334186848685045 0.77567870901426
0.270544615864965 0.804251775431501
0.276439051319237 0.80160720616632
0.305602261938563 0.788519492586658
0.278452133133778 0.800703979031986
0.264160915259946 0.80711543398734
0.286034705151405 0.797302000716408
0.276439051319237 0.80160720616632
0.269836907276076 0.804569371232521
0.283752894537648 0.798326458411488
0.264463966329505 0.806979521417217
0.340569975569019 0.77281169049778
0.27258355338808 0.803337272502955
0.297052305038444 0.792357186455526
0.271077146492606 0.804012553421085
0.277293314027718 0.801223863558417
0.275326971130919 0.802107017279939
0.279837267029485 0.800082812204407
0.268916761699692 0.804981846848763
0.29469556361822 0.793415318014969
0.283917536969983 0.798251933331679
0.296375845403667 0.792661476928982
0.294725212700861 0.793401844391607
0.284899608013364 0.797811698326745
0.273501298409507 0.802926209293598
0.26302142053258 0.8076265080713
0.277971366908036 0.800919667960476
0.26712586134866 0.805785363403605
0.321060473429832 0.781578176924268
0.270331745649784 0.804347252400012
0.262737058211295 0.807754056472752
0.293311587127547 0.794036887004695
0.265667833086448 0.806439626011848
0.290864328381668 0.795134535933837
0.284724925270659 0.797890775134228
0.282069509508847 0.799081309430335
0.320471584305715 0.781843804974248
0.281672700401162 0.799259349180847
0.266956771219233 0.805861217852121
0.270412651370067 0.804310672343427
0.269979609937953 0.804506269714517
0.282848575362153 0.798731802595343
0.268638849418808 0.805106530290714
0.281672700401162 0.799259349180847
0.262737058211295 0.807754056472752
0.297066404641045 0.79235092377758
0.335504819410238 0.775092543776837
0.283823645418145 0.798294312017297
0.279916245742535 0.800047490105103
0.2790890321052 0.800418779012404
0.282416984881364 0.798926041574144
0.29241355305316 0.794440073778489
0.262737058211295 0.807754056472752
0.268891714329695 0.804993105031261
0.273897282121377 0.802747405970369
0.374680896184996 0.757465685626484
0.345482829576846 0.770606142231118
0.2759303429473 0.801836091924779
0.27944113422655 0.800260867037307
0.273876783868336 0.802757273273969
0.263565684192101 0.807382340742957
0.262813378411677 0.807719821663677
0.264460346758462 0.806980960775404
0.283862803322575 0.798277341655958
0.262737058211295 0.807754056472752
0.296979351709672 0.792390706108859
0.345482829576846 0.770606142231118
0.295172920478772 0.793200612985604
0.266447147966328 0.806090084878648
0.274954018435573 0.802273494735878
0.296780961824885 0.792479816227388
0.296375845403667 0.792661476928982
0.271203563320599 0.803955772043419
0.26272408347414 0.807759875612448
0.269979609937953 0.804506269714517
0.265196398246981 0.806651056625362
0.283349373667591 0.798507499148329
0.271084644773921 0.804009193717167
0.274783716989368 0.80234997658894
0.375477464289862 0.757107195496772
0.282632675577417 0.798829341831586
0.272793005294362 0.803242935030203
0.290775761073684 0.795174743222948
0.283929025352697 0.798248101538255
0.270839386854793 0.804119471828954
0.267928615103442 0.805425879137867
0.297011386678095 0.792376298813082
0.274253996906604 0.802588144549795
0.279328354542952 0.800311520873759
0.264497802666325 0.806964288955203
0.263746245961978 0.807301426594774
0.289098410611071 0.795927640473504
0.296979351709672 0.792390706108859
0.291083377348269 0.795036891666645
0.271203563320599 0.803955772043419
0.27300247120769 0.803149294369763
0.345120970206155 0.770767705799329
0.316358311020443 0.783690098305333
0.39586054993452 0.747938612174158
0.32672291153119 0.779034517744317
0.317026358921253 0.783392270086688
0.318545361068116 0.782708027040308
0.319669193898741 0.782202515960513
0.338901238886404 0.773565855507556
0.319669193898741 0.782202515960513
0.319669193898741 0.782202515960513
0.319669193898741 0.782202515960513
0.317026358921253 0.783392270086688
0.315268688456716 0.784178522056352
0.319669193898741 0.782202515960513
0.308995159119632 0.786997843665013
0.345752418288753 0.770482356832881
0.344986784794615 0.770826032034669
0.320721341671921 0.781734419219188
0.311009396335112 0.786093718257587
0.347598733212722 0.769652288307809
0.316189350745027 0.78376513862241
0.322221939623112 0.781057628285753
0.338901238886404 0.773565855507556
0.347866868847987 0.769530615419088
0.315097731444091 0.78425527207128
0.344689909430497 0.770959834555497
0.320151096772096 0.781985508871153
0.335995244696384 0.774866749705808
0.304456605252546 0.789034073536449
0.316843341020913 0.783470379524524
0.310320163263343 0.786403026717836
0.335965957332325 0.774879975097229
0.3093815831668 0.786822315109872
0.342107558159634 0.772121773952969
0.345340960023272 0.770667167219764
0.304456605252546 0.789034073536449
0.340436497045221 0.772870805129396
0.300221145574519 0.790933728065126
0.323995950542527 0.780258939017448
0.323995950542527 0.780258939017448
0.349701290227372 0.76870454912401
0.316815742774598 0.783482741239926
0.34328110441381 0.771593408280359
0.359179928031944 0.764444588115048
0.293356996198371 0.794016542087789
0.34924688834824 0.768908714728973
0.309594178014948 0.786729206942283
0.358780056457228 0.764626850490677
0.349956329043504 0.768589782628354
0.300221145574519 0.790933728065126
0.328471476233942 0.778252597878723
0.299233438505855 0.791376672396631
0.292195164433059 0.794537974787711
0.342633228695632 0.771884914826943
0.378080395411208 0.755941925291324
0.358600006881563 0.764709844414802
0.345218909220888 0.770722095521513
0.340058122647826 0.773041330440621
0.300117255539454 0.790982033398595
0.302478857134486 0.789922132129591
0.295389414420625 0.793105830120749
0.329843969548568 0.777630883414349
0.342975358368605 0.77173085198969
0.293908091371001 0.793768975310331
0.292199930920829 0.794535834206049
0.309594178014948 0.786729206942283
0.29925568630861 0.79136668526613
0.316262446215509 0.783735096561806
0.322212158851018 0.781059818018734
0.345815719533813 0.770453619297902
0.329843969548568 0.777630883414349
0.310606801592623 0.786272628961019
0.306956085427777 0.787910778987515
0.339981372904949 0.773075867601467
0.316262446215509 0.783735096561806
0.310606801592623 0.786272628961019
0.315500019361242 0.78407536384004
0.341804961070274 0.772255672665614
0.299233438505855 0.791376672396631
0.325024878122677 0.779796301786349
0.348142446692017 0.769409612011995
0.341105284239606 0.772574597703617
0.374574140617143 0.757521487600878
0.341817391716571 0.772250081231031
0.339027900719888 0.773503484388618
0.34669562872344 0.770057612758848
0.320005156604143 0.782050740988378
0.337274369902252 0.774295369202716
0.342632069538213 0.771885435439617
0.305956378080152 0.788358937317564
0.301245005183497 0.790475344459243
0.290486668026443 0.795304954492535
0.305400373473094 0.788610393359751
0.336698648531611 0.77455025691917
0.344696180906099 0.770957571194246
0.342632069538213 0.771885435439617
0.314325128809301 0.784603288711738
0.342465235737553 0.771960399831043
0.344342764388814 0.771116168693872
0.335521819448441 0.775081262517391
0.341231244925026 0.772514774656593
0.323836094172532 0.780332652242404
0.323418484201581 0.780520394898531
0.378253997458286 0.755860510779111
0.351028856975912 0.768110049163755
0.297803493568117 0.792020818871013
0.346203949015878 0.77027908639764
0.302478857134486 0.789922132129591
0.388977834882393 0.751037871792238
0.302478857134486 0.789922132129591
0.298606354511061 0.791660172130797
0.297222645169958 0.792281070886727
0.338226701337342 0.773863670303668
0.374159299222184 0.757706635246924
0.292199930920829 0.794535834206049
0.337129922703409 0.7743582806461
0.309404722782505 0.786809589609891
0.337760819332496 0.774074327671442
0.302530013440299 0.789899167968977
0.321324409638803 0.78146153819349
0.326273212896244 0.779238031220252
0.305956378080152 0.788358937317564
0.291800963456655 0.794715370694399
0.350377877266297 0.768401385482242
0.319449152862911 0.782298597814359
0.378045834105398 0.755954418706458
0.337291772510995 0.774283636291901
0.298552236750842 0.791684645303492
0.338235174614237 0.773859861856641
0.336698648531611 0.77455025691917
0.326954732913776 0.77892886673429
0.374159299222184 0.757706635246924
0.302592580769769 0.789870981632534
0.307165316475279 0.787816777491631
0.321465157376466 0.781396169499833
0.305221224924862 0.788688045868875
0.373675415652663 0.757924405712626
0.325150831368378 0.779739192039533
0.292415470225543 0.794439340715204
0.333724909677658 0.775886436945856
0.352833067594813 0.767299131687043
0.306300041670679 0.78820545903534
0.388977834882393 0.751037871792238
0.299092356831835 0.791439984297063
0.318482574445543 0.782736130003378
0.395241757784698 0.748211238244405
0.326251953316323 0.779245661334202
0.325150831368378 0.779739192039533
0.324735720164048 0.779925522767985
0.309025803347847 0.786979816544482
0.306612915494795 0.788066175349424
0.345815719533813 0.770453619297902
0.314388059194232 0.784575083407158
0.300426484328769 0.790843133603839
0.338903339421223 0.773559432608551
0.307408953375468 0.787705831162066
0.305163639463729 0.788715085868231
0.334760753967724 0.775422962849482
0.337675697710044 0.774111472220477
0.321465157376466 0.781396169499833
0.339487339037006 0.773297307780808
0.343144114899696 0.771651643654251
0.332320335629456 0.776520373108504
0.334760753967724 0.775422962849482
0.300334565671897 0.790884510650154
0.295155731839684 0.793209184977337
0.339216626061565 0.773419783332718
0.342818369684351 0.771801682926738
0.29556935792246 0.793023347925604
0.334685565768317 0.775456440086649
0.319009615622512 0.782501198000412
0.312330917888676 0.785499720023653
0.347107257978703 0.769875387691812
0.292208021805006 0.794531773141675
0.321466515530381 0.781395566044201
0.347660293737313 0.769623471870941
0.374797895149028 0.757421188004757
0.334045780218017 0.775744344593193
0.294008835134128 0.793723700952995
0.292484731354975 0.794408555264786
0.302109334118298 0.790088503642761
0.337291772510995 0.774283636291901
0.305255906855494 0.788673993110246
0.339343604609132 0.773365888523471
0.324735720164048 0.779925522767985
0.307590070530907 0.787624730600106
0.323760569987843 0.780366008036226
0.34092299365222 0.772653953737876
0.340711941885893 0.772747128969303
0.30568633058192 0.788479823157029
0.309404722782505 0.786809589609891
0.363641968758033 0.76243979855386
0.30051201449997 0.790804873334688
0.328243022249928 0.778349819836502
0.323760569987843 0.780366008036226
0.291800963456655 0.794715370694399
0.293356996198371 0.794016542087789
0.341294187313881 0.772487140785329
0.302991143783554 0.789690092386435
0.319201166699621 0.782411000648413
0.302109334118298 0.790088503642761
0.334131622079059 0.775709583410232
0.294555967860435 0.793478825227644
0.354559223613162 0.766524938555668
0.330644534111653 0.777274634483522
0.371430554434365 0.758931972229439
0.29344273456058 0.793977870120556
0.299439547337327 0.79128414923505
0.305640123492821 0.788501551283115
0.335252798310559 0.775202407372065
0.338226701337342 0.773863670303668
0.354559223613162 0.766524938555668
0.347765062563837 0.769576381459656
0.344975230705128 0.770835070554078
0.34466176028449 0.770973880033824
0.301159721160713 0.790514267793732
0.333432810080813 0.776021847107645
0.309221963333573 0.786891678238287
0.300830408254731 0.790662086296931
0.345531635153486 0.77058523229366
0.300473924388387 0.790821522364068
0.320932351514589 0.781634763152028
0.294555967860435 0.793478825227644
0.303719049405005 0.789363814377278
0.299233438505855 0.791376672396631
0.297803316222583 0.79202153114601
0.366591078365563 0.761108082705453
0.298643677752784 0.791641377399796
0.320090240560429 0.782013765014397
0.357212537169127 0.765333481250041
0.334834593217088 0.775390515942689
0.360711425186216 0.763756180263614
0.305864945215611 0.788400305423302
0.335418627531584 0.77512641348347
0.362725571609687 0.762850501831121
0.290212610065192 0.795428376851864
0.2926501773136 0.794333654753467
0.330847135577591 0.777182065010003
0.303147516211735 0.789620150626446
0.309868644721864 0.786603063050331
0.320090240560429 0.782013765014397
0.298886496797619 0.791532418420966
0.296262541065496 0.792712272399897
0.292837427274585 0.794249600921904
0.368088361976684 0.76044031767336
0.286772173924595 0.796971962000358
0.325371456571877 0.779642135280258
0.307532117896114 0.787650417124511
0.315416857398669 0.784113266259078
0.338159121330354 0.773897600918804
0.34410567221489 0.771222218193708
0.347387819308192 0.769748226829555
0.344906330579278 0.770863033449691
0.290212610065192 0.795428376851864
0.395987401615023 0.747880528438875
0.328876447361895 0.778067612191015
0.28851903227861 0.796188150402329
0.304697579884519 0.788923486173926
0.343051841776659 0.771697000284021
0.286772173924595 0.796971962000358
0.294298180371622 0.793593981110516
0.31088953405921 0.786144423354166
0.302955511942706 0.789706773815716
0.317487137560672 0.783181283915993
0.306500967662777 0.788115045853715
0.302206713262582 0.790044796699387
0.301574753876433 0.790328314302938
0.32156151832819 0.781350528970719
0.305440762274792 0.788591036137549
0.333432810080813 0.776021847107645
0.289963835567121 0.795539976442239
0.358743190269455 0.764646499626621
0.347387819308192 0.769748226829555
0.286772173924595 0.796971962000358
0.395987401615023 0.747880528438875
0.310898678870361 0.78614027820144
0.3127965843223 0.785290091163402
0.305951695683198 0.788362851617875
0.33431572770633 0.775623967032724
0.326294652886906 0.779229680632706
0.290579101836864 0.795263708251244
0.315787577050494 0.783944540727306
0.30971981020393 0.78666826408507
0.29175245411073 0.794735967986413
0.297774593550188 0.792033918009499
0.320519534594924 0.781818761099469
0.368088361976684 0.76044031767336
0.28851903227861 0.796188150402329
0.320204133607461 0.78196260772078
0.289537169861735 0.795729872010107
0.323718124614224 0.780384709438975
0.305255906855494 0.788673993110246
0.337193050268218 0.774330187568645
0.299124688662647 0.791427756783522
0.286833909288503 0.796943398066994
0.320090240560429 0.782013765014397
0.300943330661558 0.790611869144636
0.301574753876433 0.790328314302938
0.311735969394751 0.785766456220753
0.293284347531748 0.794049141181114
0.312634664691016 0.78536014434477
0.319201166699621 0.782411000648413
0.28851903227861 0.796188150402329
0.306384326828343 0.788166302391612
0.297348976447027 0.792223722566351
0.29455602290946 0.793477726648959
0.354834668646574 0.766398791669342
0.315797945306331 0.783939877923144
0.285868833995298 0.797377033499377
0.318330061442681 0.782802328477837
0.297743766069928 0.792047078267939
0.302888220392064 0.789737541780531
0.305242491948783 0.788680081238268
0.29283178591518 0.794251439729615
0.301574753876433 0.790328314302938
0.311634384090037 0.785808855628584
0.29175245411073 0.794735967986413
0.315621477998219 0.784019128878475
0.351441870182432 0.767926011059376
0.34118871967951 0.772534453994551
0.309928118317672 0.786577091231917
0.381757176539544 0.75428567145774
0.311074265459191 0.7860600340836
0.301437785224608 0.790389810849496
0.295440047136567 0.793081303382427
0.319310431831781 0.782361419543422
0.29913373947156 0.791422250236919
0.333257741772758 0.776099576536115
0.358743190269455 0.764646499626621
0.290421985745181 0.795332898665738
0.290891981935235 0.795122021576071
0.293427338388039 0.793984526520857
0.33431572770633 0.775623967032724
0.321785633886973 0.781254362168471
0.339059351093789 0.773491727205189
0.307587257127318 0.787630205699716
0.31928369425794 0.782373340994431
0.293776027117555 0.793828721144001
0.339059351093789 0.773491727205189
0.302717158221652 0.789814284289027
0.288239065326055 0.796312728176613
0.289926330371569 0.795555615313954
0.337248010844058 0.774305709527571
0.302489901440745 0.789914561824995
0.326383118615652 0.779185703983125
0.347917971266794 0.769510016824515
0.30917828996877 0.78691159399056
0.350760181232465 0.768232852744527
0.308864609621634 0.787054594550235
0.310806684256311 0.786182251097749
0.29913373947156 0.791422250236919
0.302888220392064 0.789737541780531
0.302453360495758 0.789932599049478
0.346913699745666 0.769959596579079
0.294711983762019 0.793407729396798
0.3116285121013 0.785811492755191
0.369581583007077 0.759771292951189
0.308864609621634 0.787054594550235
0.288597572029831 0.796151506836655
0.307970845980121 0.787457489328369
0.29283178591518 0.794251439729615
0.333711353000352 0.775894979768199
0.307804370288145 0.787530649527316
0.347641111497678 0.769634416744059
0.316923794871108 0.783436599454643
0.303645940136859 0.789397895755965
0.306436818862924 0.788143643855618
0.308010154359394 0.787438339127569
0.297705647927391 0.792063597385197
0.28960348544036 0.795700102028204
0.296944958639737 0.792405135404041
0.297677467103276 0.792075725350796
0.292889854376406 0.79422541691543
0.291541679674433 0.794830907932897
0.30935539079027 0.786835096298258
0.307868606599107 0.787499604356034
0.340314488336264 0.772928604857376
0.312962654493515 0.785213774466659
0.312459073860682 0.785440143323916
0.341384130058155 0.772449129838977
0.297512390945388 0.792150294227602
0.305702576183996 0.788474748643972
0.285057421807061 0.797740934184659
0.310357369887914 0.786383320485713
0.30935539079027 0.786835096298258
0.287297417286384 0.796736337685357
0.291062077782026 0.795045892215521
0.29068095328196 0.795217113506834
0.329317516747049 0.777865596888171
0.36834211748044 0.760324265905828
0.308982812676718 0.787001304112118
0.340139183668053 0.773008715754139
0.297968793268549 0.791944973030346
0.304045627353046 0.789217404462971
0.36834211748044 0.760324265905828
0.393411619910949 0.749041026402152
0.326001969694532 0.779359067569536
0.321345881574285 0.781448399531794
0.311550417722399 0.785850609482828
0.337500475844769 0.774191187224218
0.291670748773572 0.79477425746188
0.324824043174746 0.779888290956271
0.32590456257729 0.779402823541704
0.307125923629025 0.787835064301214
0.305107624281005 0.788740006454913
0.290421985745181 0.795332898665738
0.295953609793391 0.792850091592
0.323042427411544 0.780689268509904
0.294459269291523 0.793520883491571
0.309645709364169 0.786703344820949
0.303646050002758 0.789397846411885
0.304104560465001 0.789191859179845
0.302463478325891 0.78992852391169
0.288456247052512 0.79621572557837
0.303612209781434 0.789411134276875
0.28132889985223 0.799413830672722
0.311225044290417 0.785994392720059
0.310357369887914 0.786383320485713
0.329242135726232 0.777902698513418
0.316648649374544 0.783560176229199
0.31354713992979 0.784949665439469
0.288456247052512 0.79621572557837
0.309654032320956 0.786699365680567
0.281607736741306 0.799288720206365
0.317142954017899 0.783335021492238
0.298903263625777 0.791525720790416
0.301722718863612 0.790260143383348
0.293811809790802 0.79381135310736
0.296849144920525 0.792447806339683
0.296679304764752 0.792523911184116
0.3053152381194 0.788648138925412
0.315311694053245 0.784157037032415
0.288760000774555 0.796079388170292
0.314616504424048 0.784471161109823
0.317012366593123 0.783396468533484
0.281464588804589 0.799353418489095
0.308081568620199 0.787405205472831
0.309645709364169 0.786703344820949
0.304909440411599 0.788830326929006
0.284248515076231 0.798103720097833
0.289275759868095 0.795847661998026
0.295864216466485 0.792890820052716
0.314373240806645 0.784580843675091
0.32047607699588 0.78184191411267
0.315471835273443 0.784087278408988
0.279292932221175 0.800327313525077
0.289570431835517 0.795714781560527
0.299449159720668 0.791281059020046
0.30627855322824 0.788216357063785
0.295827155024005 0.792906562390999
0.286157638852951 0.797246260593783
0.300659300015033 0.790736795680117
0.315547599432501 0.784053854463399
0.279292932221175 0.800327313525077
0.306618862785281 0.788062989449112
0.302397017239175 0.789958144521588
0.309645709364169 0.786703344820949
0.318499765034788 0.782726978995521
0.31478132959481 0.784395687902637
0.285400457272534 0.797587159562853
0.301722718863612 0.790260143383348
0.308010154359394 0.787438339127569
0.284272922678863 0.798091696074226
0.326928166288705 0.778940081897563
0.311207443943661 0.78600374309565
0.322654049410513 0.780864812234882
0.314490288991477 0.784529668471591
0.283467403577509 0.798453648801967
0.316272358190674 0.783729591913976
0.299243617491371 0.791374445257538
0.299297127301502 0.791349981330736
0.303220866889181 0.789587942557856
0.282296909606321 0.798979303847593
0.31029634615952 0.786414415354016
0.321881860017647 0.781207755662137
0.291779614003625 0.794723633041873
0.299801032589885 0.79112180744068
0.303612209781434 0.789411134276875
0.281385328690393 0.799388527476985
0.290932215975952 0.795102867539149
0.279518994317402 0.800225867702811
0.299906795352158 0.791076452295063
0.288138841434398 0.796356884499314
0.294274385771644 0.793603373493122
0.279292932221175 0.800327313525077
0.284812147159506 0.797849762180633
0.29858764662417 0.791667430757543
0.293780431962357 0.79382542803602
0.279275475248941 0.800335096055399
0.314490288991477 0.784529668471591
0.279518994317402 0.800225867702811
0.292772914918096 0.794278690687493
0.319796410437749 0.782148571591851
0.291003442816576 0.795072488992596
0.284301154308649 0.798080033146143
0.315496974270632 0.784075920282574
0.308863019507519 0.787055134045976
0.321010082205383 0.781597467058712
0.281529978894699 0.799323457281281
0.299794094186362 0.791125801665772
0.283741385156527 0.798330165889072
0.310217727350113 0.786446509207403
0.288438536842588 0.796223072229376
0.283136759353567 0.79860258486187
0.296930528646954 0.792411295351645
0.33594208673244 0.774890380007649
0.298903263625777 0.791525720790416
0.300659300015033 0.790736795680117
0.286336404513571 0.79716750964685
0.311259366029003 0.785977676324881
0.291779614003625 0.794723633041873
0.319141033795317 0.782438427745615
0.289126002977819 0.795913903675752
0.289563115641472 0.795718160852355
0.286744935774271 0.796983579571279
0.283741385156527 0.798330165889072
0.302653583202803 0.789841901771471
0.294707207825091 0.793409391333759
0.298446002439117 0.79173158541928
0.33594208673244 0.774890380007649
0.282565849249457 0.798858737911053
0.30618213825933 0.788258890385396
0.291003445505324 0.795072487785961
0.279518989892932 0.800225869687769
0.310006664222514 0.786542527987323
0.287432576954736 0.796674857562058
0.352652453041656 0.767383050003497
0.300962034828478 0.790603346054546
0.279518994317402 0.800225867702811
0.305013978312709 0.788783383211305
0.332194417147719 0.776577454715473
0.282769342150445 0.798766435895313
0.282119048383317 0.799058610266912
0.295108623772597 0.793230071138644
0.283741385156527 0.798330165889072
0.312431117730827 0.785455539820467
0.295075910619313 0.793244080710114
0.300962034828478 0.790603346054546
0.31229971800685 0.785513212733477
0.308863019507519 0.787055134045976
0.321556569372908 0.781356249932466
0.303547126360226 0.789443218250593
0.302258803936751 0.790020764059862
0.337078835005626 0.774383126326338
0.302929194019715 0.789718887371031
0.288113798009735 0.796368491105622
0.334308828309733 0.775626580943152
0.279978726489427 0.800019350118408
0.295169922473124 0.793202165964157
0.296373280275567 0.792661921430152
0.294723983474001 0.793402167771432
0.284771703261909 0.797868270609011
0.289722451565794 0.795646374417441
0.352652453041656 0.767383050003497
0.29098225934489 0.795081967149159
0.281857566846378 0.799175550358133
0.312585808831033 0.785383947189826
0.313293864963623 0.785064685436432
0.289007974576722 0.795967256719132
0.300232153300709 0.790930221971483
0.298933116022849 0.791513532265254
0.289924479751172 0.795556033364326
0.282769342150445 0.798766435895313
0.306114067275124 0.788289932091926
0.287771028320527 0.796523469669906
0.286247962894677 0.797207181462201
0.315515219951233 0.78406851621328
0.29851491359627 0.791701024527922
0.300260002952987 0.790917878547802
0.284771703261909 0.797868270609011
0.278259240748017 0.800790758230014
0.310697133709337 0.786230059688894
0.315956628147144 0.783871349365922
0.278350443110171 0.80074940732297
0.283953976536234 0.798234926342296
0.282899021832364 0.798709384875316
0.311962410479308 0.785662452587908
0.309070497426394 0.786962146884198
0.320115351383203 0.782001868136486
0.312585808831033 0.785383947189826
0.302258803936751 0.790020764059862
0.314769797990967 0.784403333415211
0.300645539444787 0.790744830427772
0.299078077130868 0.791448385209377
0.288657159822452 0.796125527920612
0.288712849973423 0.796100474895599
0.284621693350642 0.797935291185139
0.299807386707172 0.79111969186762
0.390013424427474 0.750575464860742
0.295169922473124 0.793202165964157
0.27823817135216 0.800800226559517
0.305044232012047 0.788769681828657
0.329974866394075 0.777571147008028
0.29856207628428 0.791680042629759
0.303730668940654 0.789358414794291
0.292550588277119 0.79437847542067
0.282899021832364 0.798709384875316
0.279518994317402 0.800225867702811
0.310697133709337 0.786230059688894
0.278682793342455 0.80060071044952
0.306618862785281 0.788062989449112
0.316245412571507 0.783741159919982
0.293028572741956 0.79416413260693
0.298590170412273 0.791667293032633
0.287101085922206 0.79682391482839
0.322104183339793 0.781109498662937
0.278766195928347 0.80056319642586
0.310662599406011 0.786245058742043
0.302212276301105 0.790042719801886
0.279882621967478 0.800062467870791
0.319905002931128 0.782094457797329
0.33985948367788 0.77313679462051
0.28980146047913 0.795612291719499
0.306358971208349 0.788177651051452
0.312674781756887 0.785346244579978
0.281937808307482 0.799140156809683
0.305013978312709 0.788783383211305
0.306595713537561 0.788074411631756
0.301496427150969 0.790361407064665
0.296639216043883 0.792542804458188
0.300642911046547 0.790746008664836
0.27823817135216 0.800800226559517
0.310891421177686 0.786142714731524
0.30797171553229 0.787457123051037
0.340616614520229 0.772790688067894
0.310308953850606 0.78640463495513
0.294655456989267 0.793433347966616
0.285653532273282 0.797473447412977
0.298999434296312 0.79148271456027
0.290837492207421 0.795146671340698
0.287938981063596 0.796447717380166
0.278413996090686 0.800721152390366
0.312174640505001 0.785569619932704
0.296373280275567 0.792661921430152
0.288350841651688 0.796263114265347
0.304404980609249 0.78905683685996
0.284873423795559 0.797822359672646
0.298367908318348 0.791765519558953
0.326658331043597 0.7790614409311
0.286943778061516 0.796894119006388
0.30623501590172 0.788234244516572
0.279309916281148 0.800319449193808
0.28200009195971 0.799113044544144
0.335198055861628 0.775226875208743
0.297028192565682 0.792367361504386
0.302735550218899 0.789806085108018
0.296274518352636 0.79270658763044
0.310366875347569 0.786382007407675
0.300642911046547 0.790746008664836
0.324758071516881 0.779917931723271
0.31648440928498 0.783632283590893
0.290866227295901 0.79513381894563
0.286846538625756 0.796937275674936
0.283411643825755 0.798478465066089
0.28236946481637 0.798946814499848
0.29500241361124 0.793277081762678
0.306358971208349 0.788177651051452
0.285454287747989 0.797561867518409
0.287615001840566 0.796592246702901
0.284621693350642 0.797935291185139
0.337008967759546 0.774415954773308
0.301511806005747 0.790354501973837
0.28224515449209 0.799002523446883
0.371609081591229 0.758852927315439
0.288900246384764 0.796016509386678
0.331291610052923 0.776984071801637
0.27197533295103 0.803610491838089
0.335985634266327 0.774873214698716
0.283138786334238 0.798601249967255
0.27823817135216 0.800800226559517
0.291665034916125 0.794776414621818
0.334923054135067 0.775351135140806
0.306358971208349 0.788177651051452
0.284243925122338 0.798105079844285
0.290023251848995 0.795511824213322
0.29613625625116 0.792769525562054
0.291956409710425 0.794645028381617
0.302101731203551 0.790089725387302
0.298269630693733 0.791812140174599
0.279989978597065 0.800014264816513
0.293018392563264 0.79416694551481
0.292704999496564 0.794309002771749
0.301709376736208 0.790267039198632
0.29575345570166 0.792941098041443
0.29048810788873 0.795304620552918
0.301041894620146 0.790566188483057
0.269745472728285 0.804610966074124
0.301496427150969 0.790361407064665
0.271634046140411 0.803763437688385
0.278260459632283 0.800790159543379
0.306358971208349 0.788177651051452
0.269932015587854 0.804527088706331
0.327584808516426 0.778646020540543
0.280297618753148 0.79987616720295
0.28475399499701 0.797876185340138
0.28682559361323 0.796946736851805
0.321283652225162 0.78147655004685
0.293550931828212 0.793929538661214
0.280089037445993 0.799970766383732
0.271478438427537 0.803833566030253
0.282291705028596 0.798981643592144
0.288707689022987 0.796103055898386
0.294713928266139 0.793407418295777
0.295962506819755 0.792846136269439
0.284225535382602 0.798113333312277
0.29575345570166 0.792941098041443
0.301041894620146 0.790566188483057
0.269745472728285 0.804610966074124
0.305818642502266 0.788420994173786
0.305528334511815 0.788550611374702
0.30352174488285 0.789452146178785
0.368047141464681 0.760457492744282
0.27197533295103 0.803610491838089
0.266127157339026 0.806233282536815
0.306006177477094 0.788336933711232
0.297970347655186 0.791944302517631
0.281310246899097 0.799422118284221
0.284776082543212 0.797866577382721
0.272809971229247 0.803235239285442
0.279314894072901 0.800317217305357
0.310891421177686 0.786142714731524
0.304384139935088 0.78906450067604
0.314280384107105 0.784623810220436
0.297522963461223 0.792145045287611
0.304522539730685 0.789003563975372
0.285487371824739 0.797547491617414
0.304497147888604 0.789014812227594
0.302822629938342 0.789765146319803
0.272456880608694 0.803393703011818
0.316078681596517 0.783815487675825
0.322879710135729 0.780762619715537
0.266555122945793 0.806041405806546
0.293294410622711 0.794044505211595
0.2856272904181 0.797485234353594
0.303364081923415 0.789522953313705
0.290579413272425 0.795262856160651
0.272809971229247 0.803235239285442
0.266127157339026 0.806233282536815
0.317516579584566 0.783169611158219
0.266120270517228 0.806236371671655
0.306358971208349 0.788177651051452
0.287414354193012 0.796683218515214
0.280204167306782 0.79991803062286
0.272809971229247 0.803235239285442
0.309019594599343 0.786983245586736
0.298019679567422 0.791923999984723
0.266134074124972 0.806230176875395
0.26926914330364 0.804824373805572
0.292704999496564 0.794309002771749
0.279854807348441 0.800074849410019
0.281310246899097 0.799422118284221
0.31801428451936 0.78294803479093
0.31757086650498 0.783146247547552
0.303935326332664 0.7892660378802
0.277141842672669 0.80129178152969
0.317516579584566 0.783169611158219
0.27823817135216 0.800800226559517
0.292901551375095 0.794220700432765
0.305399608449807 0.788611375607967
0.268330513558711 0.8052451606557
0.281710385471395 0.79924254173282
0.293157827198144 0.794106117995746
0.279032410655727 0.800443585362551
0.303100620127619 0.789641720461232
0.289450582008101 0.795770794670419
0.329409368687212 0.777825504434002
0.268330513558711 0.8052451606557
0.299054442245544 0.791459446776624
0.317941576386848 0.782978746008799
0.285855522295593 0.797382194826773
0.288513070274686 0.796189078585754
0.280293261123694 0.799877735270898
0.376650821514664 0.756585228444999
0.373624916947293 0.75794841172816
0.376179664702766 0.756796152595235
0.37596202636514 0.756894018634528
0.281601558033644 0.799291724740994
0.376650821514664 0.756585228444999
0.287595605832166 0.796601991436568
0.281601558033644 0.799291724740994
0.281584031578015 0.799299280180787
0.281524925300709 0.799326086695049
0.277007647137623 0.801353422336825
0.277007647137623 0.801353422336825
0.290761678157495 0.795180879453427
0.278381376317484 0.800736452678564
0.279701045684616 0.800143762993343
0.27635199229839 0.801646456208835
0.272489634482539 0.803379306457426
0.264014496915343 0.807181081503564
0.30830296756463 0.787309110667441
0.271983342176869 0.80360729847959
0.273215629923764 0.803053787855051
0.265713062148478 0.806419320851832
0.274622446564446 0.80242335740366
0.26612431235658 0.806234990526976
0.306120138827416 0.788289005961719
0.264034228105454 0.807172235877824
0.331707107017653 0.776794671977035
0.2690386246602 0.804927872201631
0.268674424203183 0.805091130856745
0.263212815725644 0.807540654880897
0.268027697892635 0.805381074217671
0.263859428024919 0.807250645597328
0.274622446564446 0.80242335740366
0.265658507998882 0.806443788405376
0.279483465545965 0.800242216726741
0.298747254022874 0.791597849623698
0.322469415852052 0.780946335171388
0.271681122153597 0.803742041465591
0.286044064560294 0.797298138640577
0.370108595186504 0.759527695926945
0.268522144044172 0.805159301028834
0.264804978464573 0.806826600504347
0.279345113806734 0.800304259746655
0.345387780088828 0.77064381162353
0.339997026173935 0.773067632059383
0.274499081068651 0.80247792709443
0.26612431235658 0.806234990526976
0.330925635276202 0.777148645685694
0.264804978464573 0.806826600504347
0.34538576970585 0.770644715749424
0.344825660189727 0.770896565279731
0.266080441357148 0.806254665023696
0.268780162177787 0.805043493595652
0.268948394370473 0.804968464832562
0.268166212914371 0.805319218540398
0.263212815725644 0.807540654880897
0.271669270526053 0.803747402948444
0.270041933037349 0.804477959842619
0.265974641884145 0.806301752743174
0.269636996102478 0.804659415701941
0.272494354593313 0.803377305066529
0.267842505279088 0.805464216870664
0.2712125233644 0.80395214105192
0.286294708100346 0.797185421837891
0.263273965735988 0.807513231349379
0.284486583615158 0.797996632712352
0.274499081068651 0.80247792709443
0.281207484540764 0.799467712937174
0.267893260700367 0.805441368713847
0.271260724886338 0.803930495121277
0.276529343442515 0.801566966889044
0.270844869562884 0.804117738064418
0.329279508251511 0.777888441854893
0.281207484540764 0.799467712937174
0.278246611808565 0.800796203135032
0.264822209880039 0.806818871708718
0.269193767136617 0.804858100868136
0.263177919726507 0.807556305809333
0.280246330709158 0.799899275361526
0.263449585979789 0.807434446449606
0.269193767136617 0.804858100868136
0.267229555638948 0.805738794659733
0.266632224004016 0.806007212128335
0.275298608011848 0.802120484354323
0.269193767136617 0.804858100868136
0.271260724886338 0.803930495121277
0.264520259989286 0.806954265638992
0.263708469702089 0.807318305438337
0.271484764173566 0.803830824892402
0.287468392265222 0.79665862036072
0.269517268849691 0.804712806335851
0.314251927120904 0.784635706586459
0.295839923084854 0.792901805542437
0.268055239948114 0.80536894284052
0.263860431219294 0.807250066003619
0.314597261994376 0.78448024525576
0.269197696218332 0.804856201160868
0.281216151035684 0.799463620711647
0.317498784841277 0.78317771652067
0.353136339235984 0.767166435121168
0.281598443733372 0.799292664965423
0.292110649976832 0.794576975945452
0.266080441357148 0.806254665023696
0.267902863371438 0.805437267663564
0.277283480666281 0.801229070712362
0.353133458187497 0.767167756811169
0.278331988959584 0.800758131706456
0.317498784841277 0.78317771652067
0.301282409714603 0.790459136624937
0.274667205669875 0.802402401097324
0.343311337345715 0.771582832718287
0.276314196702244 0.801663863269808
0.347624589620441 0.769641939294268
0.269517268849691 0.804712806335851
0.316544630207461 0.783605244507592
0.343311337345715 0.771582832718287
0.261901315252197 0.808128896816749
0.277258601485598 0.801240210359489
0.263177919726507 0.807556305809333
0.261901315252197 0.808128896816749
0.314251927120904 0.784635706586459
0.26446297830568 0.806979796642444
0.297519402966427 0.792149113468082
0.276028921364515 0.801791816251028
0.269517268849691 0.804712806335851
0.265463357829251 0.806531257393181
0.271220145427733 0.803949560307041
0.278404931704647 0.800725364025833
0.343311337345715 0.771582832718287
0.284345394067869 0.798060004675632
0.280283486951343 0.799883621705881
0.272249331673381 0.803487708062157
0.270769579964542 0.804151502512856
0.269369464919446 0.804779030617162
0.272459641962497 0.803393693806247
0.262024847883858 0.808073479282108
0.261901315252197 0.808128896816749
0.278331988959584 0.800758131706456
0.338044903978717 0.773947831033827
0.278007877340942 0.800903487716613
0.265463357829251 0.806531257393181
0.316972822080577 0.783413718956321
0.272596630264322 0.8033314588199
0.261942796629203 0.808110287150764
0.26539798818174 0.806560369144162
0.261373830416282 0.808365490932928
0.291790390011441 0.794720098418686
0.318291129043173 0.782822652076061
0.277732010779303 0.801027161234329
0.267270469514352 0.805720548422914
0.287914121840721 0.796457652917307
0.269541324519374 0.804701878729277
0.289610404746053 0.795698079458603
0.26914172302023 0.804881337238319
0.265463357829251 0.806531257393181
0.288570186968756 0.796164444398547
0.26778150196199 0.805491642427115
0.395195387901007 0.7482287118735
0.279513379140011 0.80022823778573
0.263257760613351 0.807520506068015
0.27393298123614 0.802731655934581
0.270680910320288 0.804190952587058
0.265463357829251 0.806531257393181
0.266479442537333 0.806075474398242
0.286988778366596 0.796874145772762
0.272436569084081 0.803403539140586
0.273682309135162 0.802845048637197
0.276028921364515 0.801791816251028
0.2843298759648 0.798067369616307
0.309545251446112 0.786748548844701
0.269231067313296 0.804841175341384
0.263230055777075 0.807532932292287
0.264448259397768 0.806986411590257
0.323256115654845 0.780593947951339
0.265795670086272 0.806382133442253
0.280051390565185 0.799987692841555
0.279547527442785 0.800213546268709
0.268492653672677 0.805172425422325
0.269395711548539 0.804767125716068
0.280051390565185 0.799987692841555
0.277639453839162 0.801069555216161
0.307811296925921 0.787529287663437
0.272267441732222 0.803478822597106
0.36029684837892 0.763944962479181
0.281840847132706 0.799183409403175
0.31332159409642 0.785053249052281
0.268456689258462 0.805188535294214
0.269448029451796 0.804744021004089
0.267229555638948 0.805738794659733
0.29176251929829 0.794731202911762
0.309679685965661 0.786687840072767
0.267035419028973 0.805825906617323
0.261408269595794 0.808350045555294
0.26246687198265 0.807875244207765
0.271870604383251 0.803656850680264
0.289684258482554 0.795663807909415
0.281822272893105 0.799193216870937
0.261881487309888 0.808137789716814
0.266885381829882 0.805893331133685
0.318088492691603 0.782913211666577
0.308851297547746 0.787059856463486
0.26286417824654 0.807696986387839
0.303877165137584 0.789295713282197
0.278515266433594 0.800676045460936
0.2825313487987 0.7988747406944
0.26286417824654 0.807696986387839
0.263695348365816 0.807324154449498
0.27594649527226 0.80182840342476
0.303877165137584 0.789295713282197
0.261373830416282 0.808365490932928
0.284265339853111 0.798095596773383
0.280908886117097 0.799602246109294
0.267117907206191 0.805789318690002
0.270368335965673 0.804330823456825
0.27811384845178 0.800855792983916
0.269373529101081 0.80477693461403
0.375137436638803 0.757266142696093
0.261894807701368 0.808131828132673
0.280485927153984 0.79979123069389
0.263298175696911 0.807502399360446
0.27858814735962 0.800643009085708
0.266623110002479 0.806010970578932
0.286673740568896 0.797015482392488
0.267117907206191 0.805789318690002
0.299426898847608 0.791291907522703
0.264286835264369 0.807058855310317
0.296991276002971 0.792384977992495
0.270886743444925 0.804098509897417
0.268257591296108 0.805277846205252
0.263561724922924 0.807384130012343
0.323497073192439 0.780486570743391
0.293588235076835 0.793912673250906
0.263128891407079 0.807578281500973
0.293588235076835 0.793912673250906
0.303877165137584 0.789295713282197
0.277452239171492 0.801152768904284
0.278115033616823 0.800855309908922
0.261291281358101 0.808402508515913
0.288330748512677 0.7962710217215
0.261183339557317 0.808450917984423
0.33021530786174 0.777463582093375
0.280515915612238 0.799779496762111
0.264987738900957 0.806744613382843
0.277452239171492 0.801152768904284
0.332325303082533 0.776514582475652
0.265425546740969 0.806548218426551
0.264325780112625 0.807041388418578
0.26369801687418 0.80732318531812
0.327972853919801 0.778476056646804
0.269437517416501 0.804748229688233
0.277475616740257 0.801142276560079
0.279381737060446 0.80028680856942
0.281477260395843 0.79934675304942
0.263128891407079 0.807578281500973
0.274157198151873 0.802631615705269
0.300312180966752 0.79089460220352
0.269449028391642 0.804743112625505
0.297062162128904 0.792352906357877
0.267693895281025 0.805530477995788
0.263217278092118 0.807538610975372
0.333622959535043 0.775931565509429
0.276872143987288 0.801413424769916
0.26123042356459 0.80842979033046
0.265418201122498 0.806551509510904
0.299627632565279 0.791201845516785
0.275559922294617 0.802002337042274
0.332616936906771 0.776383561466234
0.261183339557317 0.808450917984423
0.274613094084767 0.802426972303112
0.267702270030092 0.805526898809319
0.283482358891703 0.798447237954014
0.260858674999821 0.808596546098117
0.332466218292259 0.776451390098711
0.305550708030579 0.788543961114195
0.272473647169704 0.803386466696666
0.288525308782167 0.796185485667454
0.283056586105608 0.798638505300336
0.313881926530409 0.784801167287361
0.27151616882296 0.803816665542839
0.264439966532561 0.806990159630601
0.278983986237977 0.800465461859168
0.28384623390173 0.798284133891559
0.269302448035427 0.804809646032364
0.297189369559819 0.792295812657315
0.306121129264403 0.788289003698094
0.262219561340814 0.807986095914882
0.274142147586546 0.802638355129196
0.26571135595256 0.806419845808357
0.333622959535043 0.775931565509429
0.274860658719504 0.802315474888418
0.276872143987288 0.801413424769916
0.279255724676847 0.800343366466882
0.267458614344231 0.805636093549688
0.267297719087524 0.805708342408265
0.274840395602395 0.802325053201473
0.301971504500101 0.790148698968699
0.276290584713383 0.801673909152525
0.261574807406505 0.808275395597063
0.272089284857771 0.803559072508581
0.31035121828314 0.786388943078908
0.272153218626103 0.803530233731945
0.272702432824498 0.803283985984732
0.278101572968194 0.800861409107754
0.29822058279553 0.791832899476793
0.301971504500101 0.790148698968699
0.270510595623888 0.804267502177211
0.324940222297561 0.779832962773437
0.318865659336317 0.782566007212754
0.267142036143085 0.8057784939755
0.297184573709536 0.792297974293785
0.317400647945638 0.783224548908294
0.273056698487611 0.803125028753902
0.332466218292259 0.776451390098711
0.300382232748493 0.790863160426891
0.266485281588094 0.806072716812134
0.333622959535043 0.775931565509429
0.332371664607189 0.776493778353293
0.284907642975521 0.797808087954239
0.291237432415094 0.79496737589865
0.304369387349022 0.789072782386963
0.261844531989411 0.808154392568945
0.313104929856161 0.785152073231629
0.267702270030092 0.805526898809319
0.265722953219868 0.806414644264177
0.270691071003562 0.804186050203275
0.333614399667427 0.775935419412977
0.276290590968028 0.801673906333161
0.28106483361506 0.799531695694092
0.266221238951511 0.806191167850295
0.325340667439761 0.7796552340684
0.305211655196427 0.788694375065529
0.267581391539936 0.805581052631511
0.287841017581878 0.796491791896377
0.300586599192808 0.79077170993403
0.281563675408808 0.799309150352998
0.305618042290672 0.78851113728247
0.267640874292085 0.80555442876397
0.265503139552715 0.806513307861008
0.32735660320195 0.778748499126597
0.265779136294367 0.80638946911892
0.272573862047187 0.803341709277382
0.295069472338445 0.793246316020216
0.26308932214455 0.807596005865864
0.282061814353797 0.799085546141144
0.298096418960827 0.791889888247984
0.270533536998166 0.804256838110473
0.281700212449318 0.799247772982242
0.26817326285507 0.805315712828894
0.314523030419927 0.784512584874585
0.292827878961953 0.794254836113071
0.267602411668477 0.805571670783568
0.280262375706307 0.799892631420809
0.304403877694237 0.789057301541777
0.302354734075272 0.789977597977506
0.291524449852846 0.794838686922238
0.262748078040383 0.807749054248196
0.269239036921513 0.804838083859179
0.276058754697037 0.801777904638323
0.274827478152264 0.802330528895928
0.269239545138618 0.804836998836191
0.276726950514527 0.80147862366392
0.266739117836476 0.805958851785368
0.321043289274845 0.781588215704983
0.262822749435869 0.807715580908834
0.276002531888263 0.801803307845331
0.271724646686628 0.803722122649364
0.285404283705903 0.79758498001984
0.299922366644382 0.791071018106985
0.280122521246647 0.799955960634704
0.281817886674697 0.799193597092525
0.298096418960827 0.791889888247984
0.275806347907971 0.801890857655191
0.327525354299923 0.778672688142015
0.270100404065106 0.804451477642376
0.359091301725898 0.764489350178534
0.282333868464454 0.798962091758277
0.280363530592379 0.799846188154989
0.271988000982239 0.803604533679267
0.280789793635873 0.799655192140614
0.264439966532561 0.806990159630601
0.268518811366377 0.805160780035615
0.264554605746225 0.806938733559112
0.30306970575104 0.789656308134677
0.26188894069795 0.808134454712608
0.278939701324683 0.80048588846493
0.281481935454903 0.799344932261421
0.263217278092118 0.807538610975372
0.273024059027587 0.803139939290998
0.260858674999821 0.808596546098117
0.271449888748975 0.803845576444581
0.324940222297561 0.779832962773437
0.261057105956228 0.808507543948198
0.316445546104864 0.783649366625214
0.311937590369693 0.785673760353864
0.263695897261946 0.807323943418964
0.268347997283718 0.805237208559749
0.266705647106363 0.805973860871535
0.286191281791453 0.797231999818409
0.270566310253765 0.80424211711048
0.286178401133422 0.797237562045817
0.31762183150214 0.783120331251934
0.260858674999821 0.808596546098117
0.321043289274845 0.781588215704983
0.271449888748975 0.803845576444581
0.265503139552715 0.806513307861008
0.309892695652994 0.78659306208488
0.260922564013949 0.808567896103298
0.317118991990378 0.783348952367786
0.319355934279675 0.782342161683265
0.263695897261946 0.807323943418964
0.280677606005422 0.79970577883921
0.27028976917786 0.804366747134319
0.26188894069795 0.808134454712608
0.260825612385383 0.808611376406168
0.280985880428977 0.799568326586419
0.272023850580526 0.803588916745857
0.294801294987145 0.793366749720636
0.271119038107185 0.803994328321113
0.263533858781784 0.807396624814675
0.345308940207454 0.770682329693903
0.265241334046301 0.8066306041274
0.26878221978401 0.805042571439851
0.271599772727419 0.803778317578044
0.27111211709117 0.803997137904236
0.260825612385383 0.808611376406168
0.267363279151827 0.805678849263834
0.320619785953839 0.781774031872737
0.275441546275741 0.802054894923675
0.273073787010489 0.803117361975209
0.319254887792122 0.782387432122061
0.261228551479923 0.808430659669666
0.265890546292953 0.806339495361433
0.32678790813111 0.779007119999073
0.278100168137167 0.800862575466013
0.30306970575104 0.789656308134677
0.263240509523285 0.807528191495965
0.320725240707283 0.781726670105234
0.312366940211268 0.785482599931342
0.292827878961953 0.794254836113071
0.260825612385383 0.808611376406168
0.321207243055579 0.781510201214096
0.304403877694237 0.789057301541777
0.273059998178913 0.803123548482722
0.272117640536171 0.803546302279981
0.300545039266617 0.790790179923066
0.263119840817197 0.807582288822946
0.260825612385383 0.808611376406168
0.30065808805259 0.790738334914873
0.266727897865932 0.805963883937
0.317457322258674 0.783196960222871
0.270623493134852 0.80421639241086
0.271269460236227 0.803926531246748
0.284224097990308 0.798114024062601
0.329525519170865 0.777772777395345
0.267497353610409 0.805618719471008
0.27378001319779 0.802800063813409
0.264257187465768 0.807072130940484
0.2646408959064 0.806899958163777
0.271437882357353 0.803851205368441
0.27653200741611 0.801565834163125
0.352321349073768 0.76753588498687
0.281563903244884 0.799309048449827
0.263533858781784 0.807396624814675
0.324217331395582 0.780161801412503
0.284508450067532 0.797988341663809
0.328970167155542 0.778024028675325
0.260949854253435 0.808555656020992
0.265241334046301 0.8066306041274
0.261657163491087 0.808238409136636
0.268912353535674 0.804984157783619
0.28262515946696 0.798832728680131
0.278100168137167 0.800862575466013
0.277384210200998 0.801183741804962
0.352321349073768 0.76753588498687
0.27543070110381 0.802060030581098
0.278086237495806 0.800868825293328
0.273073787010489 0.803117361975209
0.26188894069795 0.808134454712608
0.29059842343649 0.795254122088715
0.270397570023071 0.804317475357064
0.271823367214568 0.803678226812256
0.266189971554461 0.80620506333466
0.359091301725898 0.764489350178534
0.301001582413785 0.790586616327348
0.272149517799651 0.803531948107003
0.276363108958359 0.801641334555644
0.296756657900395 0.792490894132972
0.327259296388203 0.778795012949276
0.277370033821514 0.801190633368248
0.286008844605517 0.797315346593243
0.265241334046301 0.8066306041274
0.260842681064412 0.808603720565935
0.26573995843234 0.80640709159741
0.260825612385383 0.808611376406168
0.292025592657069 0.794613121550109
0.273101994442448 0.803104716698933
0.277884347469946 0.800959349188954
0.2635509185754 0.807388972359158
0.275836785640879 0.801877515974609
0.278100168137167 0.800862575466013
0.278491231914038 0.800686898547151
0.263532270298031 0.807397337311932
0.283312458810961 0.79852407428336
0.303672182404676 0.789384615804668
0.285363877644628 0.797602504757375
0.315267291350024 0.784179490940095
0.287401252531621 0.796688656485131
0.316161112860389 0.783777306107905
0.265263544336013 0.806620638499393
0.267413724619129 0.805656234801442
0.261553632988685 0.808284867038138
0.276315376411471 0.801663692326898
0.269676126486485 0.804641700826509
0.2889697894737 0.795984324575142
0.283222370512889 0.798565362891719
0.260825612385383 0.808611376406168
0.260825612385383 0.808611376406168
0.293614437353468 0.793899796084467
0.282524885066159 0.798876641029809
0.260990851238334 0.808537247546486
0.301002287071267 0.790586300105233
0.289232461683374 0.795868305402987
0.324766059310791 0.779912016577666
0.260825612385383 0.808611376406168
0.261160571273234 0.808461151258847
0.275673737710597 0.801950724496724
0.260837749979656 0.808605932994453
0.265263544336013 0.806620638499393
0.272053805345792 0.803574940230054
0.31747443311852 0.783188524973886
0.279426772886745 0.800267153772386
0.272149517799651 0.803531948107003
0.273050763907248 0.803127812988334
0.262625366786377 0.807804132616488
0.317726894783612 0.783073818460871
0.263535765658331 0.807395768104544
0.30069688314782 0.790723011360313
0.273101994442448 0.803104716698933
0.261702123400263 0.808218226701441
0.27140432813603 0.803866507989185
0.303672182404676 0.789384615804668
0.389871214650907 0.750637916637914
0.305401901179443 0.788609697795287
0.275953405457002 0.801825549770483
0.270236095476148 0.804390187458918
0.260825612385383 0.808611376406168
0.334437204774751 0.775571981773356
0.274203197860742 0.802610939690743
0.26950170181618 0.804719703812822
0.307498116688907 0.787668447588911
0.356465463397226 0.76566841699268
0.355356151603697 0.766164695884601
0.368319189945785 0.760338144574915
0.35488004635789 0.766378676102873
0.359811638352973 0.764159617715358
0.356465463397226 0.76566841699268
0.384780049001459 0.752922293735913
0.359811638352973 0.764159617715358
0.347398857510249 0.769741484272633
0.36240653666947 0.762990960560505
0.359840662188165 0.764146565663935
0.354861232164945 0.766387023387323
0.353285395741991 0.767095533082975
0.368319189945785 0.760338144574915
0.354148541425606 0.766706124607569
0.347398857510249 0.769741484272633
0.359840662188165 0.764146565663935
0.348460635430176 0.769262288434084
0.362099848603149 0.763130005895978
0.361578417347105 0.763366842405606
0.351211606590597 0.768025971883416
0.35754382345148 0.765179342207007
0.361578417347105 0.763366842405606
0.383649882139358 0.753439383751098
0.363549158554477 0.762476063056842
0.37244051995773 0.758474195238514
0.354224582078752 0.766672046445246
0.359270834132786 0.764402778156949
0.35672423966232 0.765549051216756
0.34846063538402 0.769262288454823
0.348549246245684 0.769222363526925
0.322416305633305 0.780968154889788
0.367506261994654 0.760700363197002
0.357059586874698 0.765397930382649
0.387593992350293 0.751658526762308
0.344668559256917 0.770967510981093
0.363474127909397 0.762511613269804
0.348549246245684 0.769222363526925
0.322416305633305 0.780968154889788
0.32511404317826 0.779757928599986
0.357552161833184 0.765175515942451
0.3480495824868 0.76944719456589
0.363062265120284 0.762699127472367
0.351211606590597 0.768025971883416
0.354731189826564 0.766445494500092
0.332200804776587 0.776572576084088
0.352418190809377 0.767483615357014
0.359916418378313 0.764112464002089
0.365125401524339 0.761768498207555
0.359840662188165 0.764146565663935
0.361566630212976 0.763371969998096
0.351246088339905 0.76801048032734
0.361643571202881 0.763336438101259
0.3651132848579 0.761781443160416
0.357596708490838 0.765160630186886
0.35309446850015 0.767179753488631
0.361566630212976 0.763371969998096
0.366241668161945 0.761272595731868
0.37244051995773 0.758474195238514
0.343805136010204 0.77136272373968
0.362250333686059 0.76306122876319
0.344500713260387 0.771042756687871
0.349013568970355 0.769014703024084
0.342912505920138 0.771756732880753
0.344668559256917 0.770967510981093
0.322691382800855 0.780845585572892
0.349778911617581 0.768671625187539
0.371983523061454 0.758690556006518
0.349160636167248 0.768948603772897
0.371839649890916 0.758749590459089
0.337453625393935 0.77421433898739
0.327577947002248 0.778650095730933
0.343977161944269 0.771280356072908
0.359653648353666 0.764230553562881
0.351090964818954 0.768080520509575
0.365481053488092 0.76160837329978
0.358871517548926 0.764581965789209
0.372056213824536 0.75865225346674
0.349778911617581 0.768671625187539
0.322691382800855 0.780845585572892
0.349349996977639 0.768868389360789
0.362371483722751 0.763006736006314
0.366878875709457 0.760983515481606
0.352418190809377 0.767483615357014
0.358251699827912 0.764861492243564
0.376535792106121 0.756636080254662
0.376890500621851 0.756478232290286
0.365481053488092 0.76160837329978
0.352418190809377 0.767483615357014
0.331065358519117 0.777084614533359
0.357152104758809 0.765356585711686
0.355867602970771 0.765934853221831
0.357187185348698 0.76533733830384
0.376889249490211 0.756478796145724
0.372056213824536 0.75865225346674
0.377263441342196 0.756308534599408
0.359233968817307 0.764422022150112
0.35872595854717 0.764653084826888
0.331065358519117 0.777084614533359
0.368480631903047 0.760258722198536
0.371526012537446 0.758891429415981
0.360034886803403 0.764059810077611
0.369282736466601 0.759900150060123
0.35461964540653 0.766494836324076
0.358964305482302 0.76454115262169
0.332673559787112 0.776362990277106
0.370468828409814 0.759369937732511
0.391165167860313 0.750042993778699
0.356491575006496 0.765654009704784
0.35435713597441 0.766613555170748
0.36773730140193 0.760596994146685
0.330237309256978 0.777456626335153
0.362094500882342 0.763133517851864
0.330237309256978 0.777456626335153
0.357542018307034 0.765179440161961
0.335114611475405 0.775265582011746
0.356961429611612 0.765442730345622
0.391165167860313 0.750042993778699
0.391165167860313 0.750042993778699
0.366362649174836 0.761210751180864
0.337340832351618 0.774262005644568
0.372226834499199 0.758576836162789
0.385177249988999 0.752745084014386
0.328887660855223 0.778063290931591
0.322670011856728 0.780854869027619
0.346257011347199 0.770253414864704
0.372820148057563 0.75831099432741
0.370114227318564 0.759525945797547
0.345098130632971 0.770773368360418
0.322344249446198 0.781001167378419
0.381536595186883 0.754384971456298
0.391944658769884 0.749693090927149
0.359594637656639 0.764257913858533
0.391165167860313 0.750042993778699
0.344640476525869 0.770985155888611
0.360475333193194 0.763861792781274
0.391165167860313 0.750042993778699
0.340257379640103 0.772950006592463
0.358964305482302 0.76454115262169
0.362719110457221 0.762853528567041
0.348532156809977 0.769229863319761
0.382570978478989 0.753925515199323
0.333863644014232 0.775824107501251
0.362945397411406 0.762750907844469
0.34836281017059 0.76930599000344
0.333816203166821 0.775849907948859
0.347481062572907 0.769702959756172
0.391165167860313 0.750042993778699
0.360016426812922 0.764067704235742
0.34631912381986 0.770226852814597
0.322344249446198 0.781001167378419
0.366111708499378 0.761327215748982
0.392877586782781 0.749273254828301
0.366919099601814 0.760967525902829
0.325885116793555 0.779412278451473
0.361790187306106 0.763270122237777
0.358964305482302 0.76454115262169
0.359774544638249 0.76417676076372
0.335737090866229 0.774986601909385
0.388044707318624 0.751449934519937
0.309199810906796 0.786905713185488
0.34631912381986 0.770226852814597
0.355867602970771 0.765934853221831
0.32345767141089 0.780501964420292
0.3730236063151 0.758216005881372
0.359774544638249 0.76417676076372
0.35156028785477 0.767874091549602
0.333863644014232 0.775824107501251
0.362200808076395 0.763085483163455
0.356135418279592 0.765814440422563
0.33381945784084 0.775843958858545
0.371663762211161 0.75883037937846
0.337692830756342 0.774102747417362
0.359774544638249 0.76417676076372
0.367775867954192 0.760577115177732
0.347481062572907 0.769702959756172
0.31935574005001 0.782342258460237
0.392308979159319 0.749528791455725
0.364885299804676 0.761877284990965
0.353173828946749 0.767148225860285
0.368858879224255 0.760093237907432
0.369122211181807 0.759973542033264
0.335700858470703 0.774997934194199
0.393585410756495 0.748954305919212
0.350533166259917 0.768330770001124
0.365312824095629 0.761684617947529
0.320323303826117 0.78190891987999
0.368226551831517 0.760378200763333
0.362341615528817 0.763021610683799
0.379456680782289 0.755321681095168
0.33536365280339 0.775153033047828
0.352457931061635 0.767467433088829
0.357436006613562 0.765228428893976
0.389972457481617 0.750582204643233
0.392877586782781 0.749273254828301
0.389972457481617 0.750582204643233
0.369496999550874 0.759803612867973
0.386453844527318 0.752169055838008
0.356986377501187 0.765431922929426
0.330672091797525 0.777259147304403
0.353451641110832 0.767022981601808
0.389972457481617 0.750582204643233
0.309199810906796 0.786905713185488
0.375135533264246 0.757266746427136
0.366114730649118 0.761325048624835
0.353451641110832 0.767022981601808
0.367775867954192 0.760577115177732
0.36974834462896 0.759691664409227
0.317447349941044 0.783201695336875
0.368602631562518 0.76020726531593
0.336748188211289 0.774529993934875
0.365581413435767 0.76156329779169
0.369496999550874 0.759803612867973
0.392198163515426 0.749580057702277
0.319025143945794 0.78249156848999
0.392589028965186 0.74940328285507
0.355999689349068 0.765875533449126
0.342136592102891 0.772104970766495
0.33536365280339 0.775153033047828
0.347481062572907 0.769702959756172
0.358967076517928 0.764539549762692
0.372423115003129 0.758486595214721
0.367129287370545 0.76087019293796
0.360184580716117 0.763994272669164
0.329920183179381 0.777598759157073
0.350436307583446 0.76837504368151
0.321690210187326 0.781294332433839
0.394302397227762 0.748635014892655
0.357976544543832 0.76498609281782
0.35568058674725 0.766018914415905
0.350421601755955 0.768381636317106
0.386514206736601 0.7521409029574
0.357976544543832 0.76498609281782
0.36834018706414 0.760325854166454
0.336493827461362 0.774643567279107
0.350271266945891 0.768449441416226
0.287480789162742 0.796652775388577
0.338838483882061 0.773587644607943
0.295211197670083 0.79318422198832
0.32536300296346 0.779645095402323
0.356986377501187 0.765431922929426
0.394210574994281 0.748676361389003
0.394302397227762 0.748635014892655
0.379453149529767 0.755328158873173
0.330636659882563 0.777278913384434
0.287575599944546 0.796610188478507
0.360884155999023 0.763677730055835
0.349318942811106 0.768876677824724
0.336748188211289 0.774529993934875
0.345342201940891 0.770664265426338
0.318911268919778 0.782543661425939
0.300923401559838 0.79061812111036
0.316364980717243 0.783686431267714
0.324029946934984 0.780243829043098
0.287825485248146 0.796498318407732
0.311083575089727 0.786057787418418
0.347992466662382 0.769477303740445
0.350569488218962 0.768315789761266
0.324029946934984 0.780243829043098
0.359256070761526 0.764408703755057
0.336748188211289 0.774529993934875
0.3234295809104 0.780515091870583
0.305983195862132 0.788347456334081
0.351536472848027 0.767884359208463
0.323488081088765 0.780487521789301
0.285581213665235 0.797505147939175
0.338450149498949 0.773764748454647
0.321344488349922 0.781450752492404
0.347992466662382 0.769477303740445
0.359133220766159 0.764466040994188
0.324204630520841 0.780165566998685
0.287480789162742 0.796652775388577
0.344564695153939 0.771020737144033
0.287825485248146 0.796498318407732
0.372970875511722 0.758241158434439
0.325333583107047 0.779658306431757
0.344135214721929 0.77121143381203
0.350344655697505 0.768416277484096
0.287849175374776 0.796487682149802
0.344010266880771 0.771266325674576
0.347979323094267 0.769478982866219
0.344335108486835 0.771116716127619
0.315552253236999 0.784050012554682
0.28536724127287 0.797601156084027
0.288664203742569 0.796121635923107
0.368540731911129 0.760236149604992
0.389972457481617 0.750582204643233
0.336768113609545 0.774521029584251
0.331488113812624 0.776893049238428
0.364283059310114 0.762152606204845
0.333209385985926 0.77612060296895
0.371197628896976 0.759041831233809
0.287480789162742 0.796652775388577
0.396684552415688 0.747561943595416
0.368540731911129 0.760236149604992
0.298245121929327 0.791821680103715
0.351932454177377 0.767702599205733
0.283830301620512 0.798290866688768
0.359609405654164 0.764251175591473
0.288664203742569 0.796121635923107
0.373045045498714 0.758208712613605
0.322909507232935 0.780746401208528
0.297770925084182 0.792034562715655
0.283830301620512 0.798290866688768
0.315015961414067 0.784290297413094
0.395910989780483 0.747907456438612
0.380960509947161 0.754640863042749
0.288664203742569 0.796121635923107
0.389972457481617 0.750582204643233
0.283830301620512 0.798290866688768
0.324799425988066 0.779898636725019
0.286668739909771 0.797018038140603
0.358913315660849 0.76456437518461
0.366825543714699 0.761007648407189
0.363199562913516 0.762634115396364
0.283862840741556 0.798276167869591
0.313785259264205 0.784844237521038
0.285838533894747 0.797389991617706
0.288266540784675 0.796300100070787
0.283689484095087 0.79835591700412
0.318167832800317 0.782875199093324
0.332455590161965 0.776457729782952
0.395910989780483 0.747907456438612
0.369367014194577 0.759863817278702
0.369848782859111 0.759648015508893
0.363446921227029 0.762522755266856
0.375139201075365 0.757266058125103
0.33648249003198 0.774650657996334
0.283689484095087 0.79835591700412
0.281894053276228 0.799160024369844
0.363643691109186 0.762438721923992
0.350748315469845 0.76823839321252
0.332029426357662 0.77664992725363
0.365475355750569 0.761615756529589
0.328049599771337 0.778437287002741
0.32920831062822 0.777918346899368
0.283689484095087 0.79835591700412
0.339446590246528 0.773315582696705
0.324799425988066 0.779898636725019
0.289744494677578 0.795638111554681
0.31558441415148 0.784034833963619
0.325986188278814 0.779364532933071
0.348786086929479 0.769118345068326
0.303080829437468 0.789651590802006
0.358900958951215 0.764569940424532
0.325986188278814 0.779364532933071
0.359908322660849 0.764119631644658
0.28190291477941 0.799156025252532
0.355679697176762 0.766019363355791
0.288782837126077 0.796068269315962
0.355453285494453 0.766121165442738
0.283689484095087 0.79835591700412
0.327013585396375 0.778902035210166
0.34719042731129 0.769833301694385
0.334508489844683 0.775535437474427
0.288266540784675 0.796300100070787
0.306713857846634 0.788022095203768
0.364580439308364 0.762016053722118
0.358245958987371 0.764862597474899
0.365475355750569 0.761615756529589
0.348991420189194 0.769024562158476
0.3776388234176 0.756138800758355
0.361148961210066 0.763560810600601
0.370698963689202 0.759264924295402
0.367305676772866 0.760791553580056
0.326675232243325 0.779056652388752
0.359622682520355 0.764243216733452
0.325303141747969 0.779671868717652
0.326825969876807 0.778987718640445
0.369848782859111 0.759648015508893
0.368540731911129 0.760236149604992
0.325303141747969 0.779671868717652
0.288394068010311 0.796242874710141
0.386808265763362 0.752012302957695
0.313402771358853 0.785014919440249
0.339420230326665 0.773327440770151
0.359173418408688 0.764448620137359
0.322804543989324 0.780794900506068
0.272302125005953 0.803463538069632
0.386808265763362 0.752012302957695
0.284146357677989 0.79814906759908
0.376110213564562 0.756827079728914
0.284146357677989 0.79814906759908
0.325303141747969 0.779671868717652
0.299621289928681 0.791204194151017
0.315118691325976 0.784245439353289
0.272302125005953 0.803463538069632
0.325739857742679 0.779473997631753
0.27483646675521 0.80232687809992
0.284570691403118 0.797959156513707
0.372682661566594 0.758369900971467
0.282573008045348 0.798855823491458
0.324434047852378 0.780064854630543
0.323471943947006 0.780495419553135
0.272300295229153 0.803464385712592
0.315387949582275 0.784124992317573
0.281802990363642 0.799201477778675
0.272453637512073 0.803395594165313
0.341817853578239 0.772249848476481
0.323771528895029 0.780360938131266
0.341817853578239 0.772249848476481
0.274831363415634 0.802329167057655
0.288731691019628 0.796091476326496
0.342658039972186 0.771872210932287
0.272453637512073 0.803395594165313
0.39632757881395 0.747722092186949
0.366650072546721 0.761088812397193
0.281542391157373 0.799318731013252
0.320413687935255 0.781868472789065
0.271945316802613 0.803623622281481
0.281542391157373 0.799318731013252
0.275195670402967 0.802166088743497
0.275420486558334 0.802064891004736
0.280877030774082 0.799617065850167
0.282573008045348 0.798855823491458
0.385918598878586 0.752410278707984
0.369096195279688 0.759981773074199
0.330901736749721 0.777158744695529
0.27493643270831 0.802281602588833
0.320413687935255 0.781868472789065
0.282573008045348 0.798855823491458
0.275420486558334 0.802064891004736
0.309082123055493 0.786955603235627
0.323771528895029 0.780360938131266
0.275420486558334 0.802064891004736
0.289150567616458 0.795903499333146
0.368521419450102 0.76024550836772
0.316155828495275 0.783778845952491
0.362132718691875 0.763114582310393
0.335337439005041 0.77516341867026
0.272708877822043 0.803281161362784
0.271945316802613 0.803623622281481
0.274330817832029 0.802553719998266
0.327646103019289 0.778620929449125
0.318799226849924 0.78259581160577
0.335331815552012 0.775166758944915
0.290703286910899 0.795206503820004
0.287713912610781 0.796548217680954
0.38831022559321 0.751330034074508
0.28795059626802 0.796441747374865
0.371292681903441 0.758996506023567
0.290791318112195 0.79516702854393
0.274246953822156 0.802591326897393
0.28836227711173 0.796258363653749
0.373089373053651 0.75818507521818
0.279973287346133 0.800022003706308
0.282573008045348 0.798855823491458
0.324549585213095 0.780009236961564
0.345454636919695 0.770617424075132
0.273739401148838 0.802818832064867
0.277227938213307 0.801253829840057
0.271851501453283 0.803665722787193
0.279878720365626 0.800064915196462
0.282620203425316 0.798834629259766
0.271945316802613 0.803623622281481
0.282742540565692 0.798779061281374
0.371699223924543 0.758809422300386
0.284469732474863 0.798004729583091
0.270868382413817 0.804106395167501
0.282839434634306 0.798736287924923
0.274632013622686 0.802418409611201
0.275168455023309 0.802177912291945
0.271607115014594 0.803774941021986
0.351592749571099 0.767858193296941
0.273739401148838 0.802818832064867
0.269720493172245 0.804621352770402
0.331037184335305 0.777095059947442
0.377535830447114 0.756182210051355
0.269720493172245 0.804621352770402
0.28069637534386 0.799697573706682
0.331037184335305 0.777095059947442
0.300728114537217 0.790706750470954
0.366289854102009 0.761243027606397
0.279878720365626 0.800064915196462
0.275225574328342 0.802152285263743
0.271851501453283 0.803665722787193
0.358987800204419 0.764532990790286
0.283448247070292 0.798463450195031
0.368411725350383 0.760291370848798
0.275640269198176 0.801966523705162
0.273739401148838 0.802818832064867
0.271872041632175 0.803656506980206
0.279878720365626 0.800064915196462
0.269718173453971 0.804622393637433
0.294056476319985 0.793703430255832
0.371498790486744 0.75889959772778
0.303044478440341 0.789666343695459
0.279878720365626 0.800064915196462
0.275168455023309 0.802177912291945
0.272040267783379 0.803581061910092
0.294056476319985 0.793703430255832
0.292381105296604 0.794455234034791
0.269718173453971 0.804622393637433
0.273818355761044 0.802783324528079
0.371699223924543 0.758809422300386
0.275640269198176 0.801966523705162
0.302382390006927 0.789964695170487
0.270307157457835 0.804358167592065
0.271281419090676 0.803921333791165
0.292381105296604 0.794455234034791
0.286875362889813 0.79692530618289
0.294523038344189 0.793493621639147
0.271658788530528 0.803751833433993
0.269718173453971 0.804622393637433
0.281432598162393 0.799366269439049
0.368410227893943 0.760292045386685
0.271919841209611 0.803634991193974
0.282656874815823 0.798819743386032
0.273872835277175 0.802758880405998
0.276956960421028 0.801375375795853
0.280164987538318 0.799936345439595
0.292549184888257 0.794378630653096
0.270236195745652 0.804390045721087
0.316032730021907 0.783838170031152
0.28159756677063 0.799293015844766
0.369787510297041 0.75967282358438
0.335629790545235 0.775033161811314
0.269321040587886 0.80480051805418
0.271140702761607 0.803984233846673
0.271658788530528 0.803751833433993
0.270397081781298 0.804317850113464
0.341582182739272 0.772354467722888
0.321324426005521 0.781460201452784
0.269322627808804 0.80479980604682
0.286875362889813 0.79692530618289
0.36765618294393 0.760628591817423
0.282656874815823 0.798819743386032
0.274022003133581 0.802692122515209
0.270422494111717 0.804306865593121
0.292549184888257 0.794378630653096
0.335629790545235 0.775033161811314
0.282656874815823 0.798819743386032
0.36937547086995 0.759858008585849
0.283633219250228 0.798379801063851
0.316032730021907 0.783838170031152
0.276360591359707 0.801643510278203
0.280164987538318 0.799936345439595
0.273701915344963 0.802835607459162
0.271302605247013 0.803911650256544
0.294715779258928 0.793407357558405
0.273874065959605 0.802758202527982
0.268987252220236 0.804951175978355
0.369481560679533 0.75980962099904
0.263774114361112 0.80728888264113
0.271227333148788 0.803945472602564
0.287773399833629 0.796522462893504
0.276360591359707 0.801643510278203
0.271076676940947 0.804012888476993
0.346323733418925 0.770224059643625
0.263703559011614 0.807320554843375
0.273343451838477 0.80299640419893
0.269969038441724 0.804510074512897
0.273701915344963 0.802835607459162
0.272040267783379 0.803581061910092
0.27073788321743 0.80416542769442
0.263073703661287 0.807603088692156
0.273243895978557 0.803041238788456
0.311501153402105 0.785872979424179
0.3694837975613 0.759808614692201
0.271978763607366 0.803608805495519
0.367507523289564 0.760696888032525
0.277225956245273 0.801255259828242
0.272047494923172 0.80357794202511
0.271095330310893 0.804005679443588
0.26537855224885 0.806569234677005
0.263774114361112 0.80728888264113
0.346861583559216 0.769987400074609
0.272039989082068 0.803581201764829
0.288572888210805 0.796163410077132
0.263073703661287 0.807603088692156
0.306743698064177 0.788007680536184
0.274022397942173 0.802692001595251
0.279162770503758 0.800385497925339
0.272047494923172 0.80357794202511
0.27494735675382 0.802276502261601
0.273231324162041 0.803046866897184
0.264993375363474 0.806741988662268
0.273590263143002 0.802885696914683
0.26537855224885 0.806569234677005
0.263073703661287 0.807603088692156
0.287900142641165 0.796464629022743
0.281680453817885 0.79925644754665
0.270422494111717 0.804306865593121
0.263847671403874 0.807255887295158
0.273919419895249 0.802738295775247
0.263072426283271 0.807603662295128
0.319740839889684 0.782171682083795
0.271216712494202 0.8039503932717
0.272178761150512 0.80351870281726
0.264859901671134 0.806801852441555
0.278661577571345 0.800611253459765
0.272063395745624 0.8035701053153
0.32247209930845 0.780944509090742
0.263072426283271 0.807603662295128
0.262870432770315 0.807694264096809
0.275680966656041 0.801947497830117
0.262870432770315 0.807694264096809
0.263575584104413 0.807378004197492
0.270128818783479 0.804438906114044
0.28988786588228 0.795574765704
0.275051908439242 0.802229845659649
0.307140685510702 0.787830547809402
0.26324448322982 0.8075265059836
0.269505871036501 0.804717845942989
0.26569445243672 0.80642777496316
0.2633050908844 0.807499336231818
0.28172086533463 0.799237400995973
0.276025325084944 0.80179365186765
0.260951892069473 0.808554765011654
0.270424607134531 0.80430569913193
0.262024561423842 0.808073685082862
0.279563504540963 0.800205930667684
0.283480576641311 0.798448955538357
0.269270729811679 0.804823328198379
0.877989162352732 0.251835169881783
0.380479720405992 0.754862441304815
0.250582100123793 0.845460354507811
0.878506633190326 0.25100193153075
0.87802713395735 0.251775424628266
0.234731473929566 0.853602538902946
0.234731473929566 0.853602538902946
0.876855172629359 0.253659322485677
0.876855172629359 0.253659322485677
0.877855447136568 0.252051337125018
0.195067330559318 0.873993249517717
0.195067330559318 0.873993249517717
0.240301772994933 0.850735568914152
0.195067330559318 0.873993249517717
0.193538153512987 0.874777913258831
0.877777596870764 0.252179543505134
0.877777596870764 0.252179543505134
0.193538153512987 0.874777913258831
0.188018148374758 0.877610179104505
0.195067330559318 0.873993249517717
0.25102467274071 0.845224966076611
0.228034158796727 0.857039680678887
0.245171867170103 0.848226215633587
0.193538153512987 0.874777913258831
0.227030300366652 0.857556634122622
0.227982673703612 0.857064836848802
0.254171532143724 0.843607048056245
0.23947660035402 0.851155953566222
0.193538153512987 0.874777913258831
0.254171532143724 0.843607048056245
0.237026188415609 0.852416029246601
0.23947660035402 0.851155953566222
0.254105327316763 0.843630930606615
0.237026188415609 0.852416029246601
0.237026188415609 0.852416029246601
0.197907737420293 0.872533566107859
0.386744310430957 0.752043447278192
0.237421383212726 0.8522138066202
0.207950410661423 0.86736289181934
0.335841362803029 0.774938721841263
0.332297011500687 0.776529917212971
0.314506351811795 0.784522031092081
0.32920685894365 0.777918381291875
0.324796873291095 0.779899023079672
0.314420402056382 0.784560636320183
0.390684004081554 0.750259770348749
0.336374962878797 0.774699068738258
0.391578717642585 0.749856726239826
0.360199851789573 0.763989022899753
0.311034777150209 0.786079695912504
0.346576971123007 0.770114997402521
0.331910216745355 0.776706276383134
0.377906133545343 0.756021908847929
0.328905390754872 0.778056969043879
0.344421297586879 0.771082474793495
0.347781684237281 0.769573435932665
0.311803362219969 0.785735858506362
0.32632310382528 0.779217004239581
0.336394737723535 0.774692589570305
0.377093884366528 0.756387405259323
0.318471096687275 0.782741929793538
0.292982411385061 0.794183807023861
0.288878072515657 0.796026400655088
0.379444904894051 0.755331170098571
0.325670532226536 0.779511212844857
0.307303600633146 0.787756091092835
0.342014223472798 0.772166158062679
0.358004424687997 0.764977109742211
0.306832455347728 0.787968126057831
0.33402494428762 0.77575448099905
0.306685773053096 0.788033332729002
0.288952796013115 0.795992864607593
0.327744393695172 0.7785773206867
0.288895626056998 0.796018533954807
0.289391218713872 0.795796002406149
0.336016200546334 0.774857012323699
0.358616125883822 0.764700709547383
0.307303600633146 0.787756091092835
0.298509626230838 0.791702690719258
0.292982411385061 0.794183807023861
0.297360626587 0.792218562511656
0.28889544197661 0.796018609659893
0.333063122645701 0.776186351642784
0.307304750057859 0.787755573676591
0.292982411385061 0.794183807023861
0.27613655500147 0.801743402421584
0.360618219508156 0.763801833881902
0.35679162189826 0.765522088099741
0.293482588596687 0.793958604244315
0.327744393695172 0.7785773206867
0.296219562840134 0.792732434432171
0.288899318172982 0.796016775188067
0.327744393695172 0.7785773206867
0.27613655500147 0.801743402421584
0.289391218713872 0.795796002406149
0.327744393695172 0.7785773206867
0.27613655500147 0.801743402421584
0.305121787001274 0.788733692697184
0.27613655500147 0.801743402421584
0.330884023124775 0.777166179026549
0.300711152247205 0.790714955719392
0.277226037235996 0.801254695558839
0.355788947250892 0.765975474849246
0.293482588596687 0.793958604244315
0.277824423652012 0.800986246086265
0.29370713856592 0.793857797420836
0.291272544035143 0.794949933169427
0.298509626230838 0.791702690719258
0.330827159364731 0.777190497917345
0.27613655500147 0.801743402421584
0.366054519296619 0.76135511431849
0.317607167715287 0.783130523650929
0.282340094881952 0.79895997513748
0.317607167715287 0.783130523650929
0.276136332161677 0.801743500606396
0.282456380455265 0.798907814331816
0.27613655500147 0.801743402421584
0.282597438724369 0.798844511105732
0.30781002580852 0.78752959054833
0.282340094881952 0.79895997513748
0.331278795084936 0.776987606313963
0.29217266343938 0.794547325417716
0.301566526639203 0.79033141452538
0.310166091804711 0.786469366716738
0.30781002580852 0.78752959054833
0.300674480902972 0.790729391486452
0.319524299790053 0.78226685722007
0.300976608286949 0.790595130366351
0.277822113169803 0.800987282652255
0.377391610080177 0.756255250069751
0.281218980295697 0.799463122009861
0.281218980295697 0.799463122009861
0.314243896562473 0.784638533176293
0.295213066145687 0.793182660049375
0.304801302493774 0.788878763490636
0.30781002580852 0.78752959054833
0.311431250395367 0.785902203396451
0.377391610080177 0.756255250069751
0.377391610080177 0.756255250069751
0.319805735225838 0.782140216679445
0.347998553965654 0.769472899530251
0.347636574980778 0.769636852942869
0.284368003145269 0.798050341907421
0.29702374473448 0.792369357747702
0.309847694469423 0.786612441760731
0.328624513472382 0.778181782171621
0.289723028314664 0.795646272154929
0.281218980295697 0.799463122009861
0.355778865068284 0.765978755473017
0.307164395015091 0.787817250071969
0.311926169970544 0.78567959974886
0.297188305463191 0.792295985953602
0.295927458214903 0.79286141546703
0.332446191704003 0.776464407206545
0.279453813215329 0.800255094192465
0.277112569477689 0.801305602365143
0.328414717214221 0.778272785777479
0.293568640085552 0.793920886117015
0.28265516713734 0.798819854548656
0.290324098353655 0.795377884039894
0.328696220513216 0.778149323036091
0.32193700221654 0.781181990090593
0.28549768758375 0.79754200248119
0.290387634125465 0.795349192735536
0.29071034949921 0.795202396681329
0.281218980295697 0.799463122009861
0.315265008136667 0.784182929957149
0.308663019809737 0.78714493274859
0.291742838164014 0.794740268402642
0.294023247655068 0.793717323549443
0.275114380171392 0.80220202323382
0.321867865407659 0.781216079569374
0.310619558695496 0.786266114658461
0.295173243944267 0.793199407250166
0.33376154266145 0.775873386066011
0.299246639651538 0.791371511424809
0.317917290072427 0.782989048785967
0.353294506627989 0.767094045382785
0.29217266343938 0.794547325417716
0.291677868596653 0.794769071259097
0.326308166274877 0.779223550967949
0.281218980295697 0.799463122009861
0.328427973149932 0.778266828709537
0.333327049587899 0.776068529826196
0.274906932649915 0.802295124504419
0.295965162202522 0.792844498465806
0.326851640541524 0.778978060672202
0.297641166093545 0.792093530882303
0.276136332161677 0.801743500606396
0.30284681163087 0.789757279522317
0.312005606256938 0.785642834489322
0.29856261832102 0.79167977364915
0.314702306914201 0.784433415160251
0.316682749809822 0.783543405776381
0.34343416818607 0.771524282776314
0.343859416547194 0.771332071339643
0.31082990491237 0.786173757634528
0.277822430478122 0.800987139871294
0.353323541566638 0.767080795841574
0.320433629816447 0.781858431273108
0.326620984715101 0.779078794949195
0.320741095441644 0.781720015140961
0.281697123321068 0.799248836041744
0.290110217663773 0.795472280403956
0.319991118038892 0.782058299175774
0.278987163635116 0.800464166760211
0.317216729309706 0.78330381491193
0.272975676620692 0.803161035938064
0.299775932498966 0.791135970646012
0.283819715565344 0.798296622040074
0.339385923264544 0.773344992482511
0.277441454542404 0.801157502029918
0.319914976782858 0.782091178019691
0.285978477305064 0.797327826093169
0.285386996893368 0.797591721455843
0.289831994720827 0.795596713087179
0.284694138418241 0.797902893964826
0.334978252675013 0.775325492403337
0.302076026157705 0.79010189566869
0.340128623252605 0.773015120481183
0.340128623252605 0.773015120481183
0.33376154266145 0.775873386066011
0.280605839462213 0.799738055487563
0.355778865068284 0.765978755473017
0.310279811253834 0.786419104883644
0.313647804734088 0.7849065882773
0.283179013882322 0.798583382629059
0.329538304071974 0.77776905471098
0.305110024212333 0.788739851343192
0.346523084776756 0.77013892383278
0.284595589523268 0.797948333014715
0.278565169078561 0.800653666801448
0.352330296480663 0.767528915059124
0.290350231439962 0.795364651581629
0.289159476306982 0.795898828529151
0.334558218436911 0.775516223160976
0.277458267817492 0.801150341973947
0.291139608430282 0.795011377726098
0.298664369407142 0.791633242025074
0.344147967694922 0.771205217595407
0.307164395015091 0.787817250071969
0.277860821301732 0.80096991635429
0.281697123321068 0.799248836041744
0.293048619587788 0.794155842390283
0.30318138112812 0.789607096853238
0.311845468044707 0.785715517987082
0.343234063962705 0.771615156704696
0.27275353968573 0.803261017988649
0.272719597339783 0.803276239847546
0.280497984832554 0.799786434450913
0.272721282124578 0.803275495155857
0.285017441827249 0.797757802887099
0.331282063364823 0.776986128753548
0.331139348649238 0.777050589674304
0.283824992730874 0.798293948019292
0.297133821908885 0.792322132742234
0.305032946163542 0.788774269401783
0.302076026157705 0.79010189566869
0.3111163396293 0.786042397776805
0.308690697249033 0.7871318840251
0.272719597339783 0.803276239847546
0.281521690352932 0.799326392864134
0.280756518493167 0.799670305186603
0.281656244469085 0.799266311706462
0.274664035332273 0.802403594375191
0.286585740221716 0.797054350772544
0.282230957075396 0.799009440306521
0.294823368313718 0.793357016678007
0.29609741584291 0.792785153652337
0.27291465984756 0.80318880432105
0.285017441827249 0.797757802887099
0.272719597339783 0.803276239847546
0.291324779353575 0.794928943254679
0.277896521225107 0.800953630042663
0.287811001857071 0.796505835419234
0.317917290072427 0.782989048785967
0.279156379745486 0.800388573891208
0.299967307097609 0.791048442684883
0.303043611025752 0.789667361954628
0.288309355876892 0.79628175872683
0.30434622654826 0.789083087158786
0.320080847834487 0.782016575147164
0.274906932649915 0.802295124504419
0.282892971190833 0.79871143457344
0.307584165965831 0.787631182210814
0.324187306023118 0.780173845894215
0.280666979192615 0.799711240742869
0.28593258113513 0.797347141237056
0.300614481767309 0.790758194223903
0.272864077195277 0.803211105337208
0.334827029183236 0.775393180709009
0.288542406984099 0.796177326817635
0.33888845859562 0.77357219976826
0.283819715565344 0.798296622040074
0.33323977982708 0.776107972686145
0.32018816425644 0.781968410284755
0.309289621758023 0.786866561353612
0.300659198279103 0.790738013354379
0.291251147790388 0.79496167561438
0.283819715565344 0.798296622040074
0.32877506455113 0.778113172325028
0.277458267817492 0.801150341973947
0.296143512297866 0.792765496882301
0.303006446115058 0.789683804939207
0.331552817779164 0.776864701571218
0.300614481767309 0.790758194223903
0.26864568549162 0.805103977731283
0.285714782490532 0.797445099568398
0.274875408786424 0.802308472325356
0.287679654400952 0.796563339341029
0.374250303935224 0.757663232507464
0.303043611025752 0.789667361954628
0.288682799226259 0.796114329490955
0.341726428064317 0.772290913252677
0.27877286699462 0.800560542890746
0.316288221985262 0.783721016501868
0.284715949067606 0.797894789908072
0.275798146181023 0.801894350849659
0.288915289835561 0.796009376538735
0.307823901562877 0.787520908727683
0.316560299100878 0.783597802763638
0.309216988826439 0.786895935873999
0.281157175811465 0.79949015284624
0.299854928883629 0.791098716577208
0.290589498647682 0.795258566850179
0.275927792873629 0.801837082023502
0.303425950878352 0.789495961779995
0.291251147790388 0.79496167561438
0.324855454442539 0.779870340377546
0.293893810037048 0.793773819005863
0.318878378935044 0.782556372967248
0.331477288106173 0.77689970980664
0.28582713513467 0.797395429657892
0.271161600078745 0.803975471285781
0.271705917001752 0.803731040360731
0.332055593583242 0.776640338780897
0.300922006560065 0.790619971973277
0.300010888386167 0.791029221464858
0.325740791520858 0.779472682169863
0.278185778106318 0.800823978263094
0.321594913368244 0.781339607355995
0.303260386601241 0.789570367184975
0.270218773067024 0.804398269989219
0.300000128222396 0.791033921033627
0.30445101485581 0.789038942453287
0.344647573433442 0.770984704857709
0.329966115944167 0.777578027787095
0.289676253897933 0.795667192336833
0.287921703997198 0.796455789563437
0.301914013014462 0.790173492544176
0.275927792873629 0.801837082023502
0.301465753876212 0.790376566963827
0.324187306023118 0.780173845894215
0.274800725794629 0.802342270478811
0.308036561809904 0.787424767722706
0.268985804225382 0.804951450461756
0.30174017966954 0.79025296149504
0.315632119785337 0.784015867326138
0.307299303009357 0.787758330753692
0.365098484379802 0.761783563574815
0.279726769048122 0.800132195110725
0.29337260248729 0.794009204876958
0.271293862416774 0.803916158649411
0.327950891560121 0.778482323431032
0.271692748789001 0.803737661896895
0.272755306527867 0.803259956823336
0.34285475975181 0.771787336399145
0.287517751670754 0.796637275464971
0.309216988826439 0.786895935873999
0.300400101351887 0.790855867833511
0.326253322800478 0.779244613899488
0.282531682875028 0.798874638041299
0.267244438725751 0.80573225422529
0.287560825624816 0.796616839540485
0.277249208462323 0.801244206802201
0.301232150411684 0.790481235120417
0.31684911926484 0.783469044472714
0.272975676620692 0.803161035938064
0.271692748789001 0.803737661896895
0.265666124632141 0.806440107852856
0.320846276936684 0.781674164404839
0.300312923016009 0.790893398429371
0.265666124632141 0.806440107852856
0.289621936290824 0.795692899878876
0.282803614068546 0.798752652084652
0.332480658786284 0.776449430880044
0.301231049152398 0.790481728281979
0.265769417797683 0.806393768382744
0.274766154160579 0.802358093589817
0.272330955805777 0.803450269892472
0.286280063500334 0.797192105224194
0.300258614873374 0.790918408380525
0.292770361141832 0.794279557934469
0.288276506598766 0.79629483668702
0.26536371804674 0.806575838145876
0.29973070991822 0.79115477019065
0.270429552014039 0.80430353162652
0.274788590170031 0.802348280984574
0.275546395745582 0.802007305678998
0.272983970618909 0.803157339483894
0.293038563955998 0.79415811946293
0.265769417797683 0.806393768382744
0.268606048006861 0.805121720825996
0.271031114918919 0.804033235010062
0.343279413276021 0.771594424328135
0.268454938897281 0.805189023519015
0.289745897508054 0.795636004559814
0.267986083109025 0.805399863570069
0.273304429140196 0.803013851784408
0.301232150411684 0.790481235120417
0.272908401592626 0.803191102488608
0.307298437674863 0.787758491852348
0.269816723274242 0.804578786385568
0.335767919045824 0.774973139367149
0.304828134441985 0.7888660155255
0.27918934595927 0.800374940104572
0.270634552662893 0.804211148481019
0.27530011895147 0.802118425516579
0.326191409731957 0.779275719273137
0.347223923754167 0.769820272497232
0.289745897508054 0.795636004559814
0.294322074088858 0.793582370285942
0.304837602110257 0.788860243268038
0.310916878117269 0.786134279080583
0.329952335326756 0.777584152620034
0.310548861088207 0.786297383888484
0.313284907464786 0.785068339456122
0.28369997000851 0.798350113122809
0.353662962562723 0.766930448383796
0.335092440656847 0.775273606346408
0.271163987962905 0.803974371498003
0.335092440656847 0.775273606346408
0.291007808398917 0.795069362149462
0.327806402239063 0.778550353461569
0.301681198795126 0.790279980473957
0.339684189069156 0.773210514013047
0.273305664945867 0.803013297282242
0.265349392523353 0.80658226142124
0.281868480864275 0.799170361536884
0.302082838663712 0.7900985370741
0.273304429140196 0.803013851784408
0.329084517233385 0.777973946802859
0.273140709623023 0.803087251497217
0.31320413332984 0.78510461223044
0.32807898955874 0.77842506216198
0.275641289584191 0.801965367532883
0.275473202334339 0.802040432090107
0.328698900805683 0.778146867365757
0.297548654203512 0.792133914539202
0.317396263564855 0.783225571321108
0.295570466698545 0.793022008983641
0.267244438725751 0.80573225422529
0.265171760679627 0.806661949607695
0.297629311368976 0.792097391939662
0.290137880196426 0.79545989578769
0.294488404915137 0.793507604788167
0.294322074088858 0.793582370285942
0.294115758473352 0.793674790790313
0.326181873846617 0.779277520069257
0.290185564846012 0.795440333981529
0.309637793507349 0.786706729282184
0.334694845972509 0.775452627823803
0.294473548679263 0.793514263070341
0.331832996988879 0.776739544797254
0.268321641883047 0.805248825176898
0.269149596315904 0.804878302210387
0.29042122081008 0.795332901774768
0.290048463846342 0.795500296275248
0.290665104018611 0.795224046130357
0.271755020910945 0.803708812690705
0.26817154509802 0.805316351537835
0.329086326475474 0.777973132659349
0.293053333088925 0.794151779360878
0.294488404915137 0.793507604788167
0.265770015408135 0.806393588970175
0.308144788223114 0.787376743321126
0.275051443383103 0.802230094248184
0.26817154509802 0.805316351537835
0.30131658043999 0.790443000290538
0.298271476026082 0.791809061352421
0.312992109605191 0.78520020040006
0.341385765260833 0.772447246946078
0.273321185455383 0.803006343537098
0.380013213012809 0.755073271693246
0.304003914894465 0.789236333440865
0.290296895540405 0.795389250337711
0.32984846709853 0.77763013036899
0.324276200705141 0.780136484542385
0.281032650437493 0.799547405447728
0.275075984918908 0.802219098554141
0.328905737798341 0.778053606960381
0.267505284224166 0.805615373747018
0.295451733535344 0.793074985254496
0.304830675922808 0.788865587966028
0.331412150541853 0.776927938950334
0.268117088425276 0.805340630819691
0.299359616221387 0.791323142798175
0.293183691516184 0.794093138811085
0.277654223902124 0.801062144705908
0.275051443383103 0.802230094248184
0.272081432143949 0.80356219302165
0.316986865850999 0.783408714359149
0.330637672568314 0.777277271174954
0.317396263564855 0.783225571321108
0.273321185455383 0.803006343537098
0.287696026009547 0.796556749594673
0.292184351942939 0.794542981046113
0.293650909464433 0.793884536173051
0.302501402655346 0.789911598651485
0.299347390016423 0.79132755707477
0.269149596315904 0.804878302210387
0.266068790027883 0.806259425337874
0.303915961406688 0.789275836649985
0.38008522281588 0.755040826867742
0.341871159177359 0.772229147247368
0.302946422405009 0.789710976662153
0.268117088425276 0.805340630819691
0.32931620091259 0.777870137726873
0.298410376399346 0.791747473961709
0.282028028525137 0.799099368219672
0.291382750604426 0.794902060302034
0.297984740433998 0.791937757875832
0.294851049401148 0.793344599285579
0.298700411763933 0.791617272010191
0.287696026009547 0.796556749594673
0.296652893022007 0.79253688869879
0.295141752023819 0.793215779887278
0.297447403535533 0.792179263300355
0.302184713241032 0.790053784158344
0.309563871576607 0.786739445808954
0.275034176614889 0.802237439237359
0.270291585666376 0.804365114211011
0.307854842243246 0.78750620047953
0.270801346100398 0.804137528731501
0.300712782776732 0.790714161329154
0.277654223902124 0.801062144705908
0.292184351942939 0.794542981046113
0.289053037599882 0.795947323544026
0.305028476366165 0.788776039397302
0.296652893022007 0.79253688869879
0.292184351942939 0.794542981046113
0.265171760679627 0.806661949607695
0.30810728273459 0.787393619384876
0.308141373693034 0.787381446015022
0.282177779432794 0.799033045424175
0.311114890042441 0.786046320831908
0.2671476937333 0.805775693623841
0.265219903973535 0.806640363630012
0.302946422405009 0.789710976662153
0.302234256638169 0.790030302985027
0.29242176534192 0.794434502820511
0.285723304002637 0.797442032964067
0.265171760679627 0.806661949607695
0.265144744994861 0.806674067722154
0.272082956571758 0.803561509172356
0.277396864262916 0.801177543249486
0.295451733535344 0.793074985254496
0.274968780060415 0.80226681484774
0.272138767563941 0.80353654685634
0.311114890042441 0.786046320831908
0.292244443411936 0.79451585666809
0.301111476178856 0.79053502127927
0.329598934169676 0.777742391011653
0.266556042155845 0.806041074292797
0.290010450588184 0.795518110207416
0.267441951208616 0.805643520564193
0.290272863286267 0.795398949938189
0.293374808091984 0.794008924329168
0.288282710677426 0.79629301435049
0.282959179623529 0.798682446073912
0.274471949720426 0.802489671702462
0.302234256638169 0.790030302985027
0.295168442422213 0.793203925775544
0.340571025269256 0.772811190999481
0.265936399221479 0.806318813995392
0.268133091747146 0.805333577779485
0.272138767563941 0.80353654685634
0.268133091747146 0.805333577779485
0.309718893983396 0.786670808912492
0.281949001457605 0.799136113324682
0.321614019579865 0.781329463598448
0.290242930501801 0.79541430868007
0.290743677333394 0.795189267401968
0.27661352475756 0.801529071142695
0.267058330191064 0.805815609231445
0.295168442422213 0.793203925775544
0.272950285445631 0.803172752655556
0.269922261080395 0.804531345189345
0.30351794408476 0.789454400667825
0.270141240353982 0.804432929546587
0.297077838119026 0.792344646861725
0.304769434804996 0.788892499578208
0.308140569404814 0.787381532183456
0.271027048396242 0.804035404140449
0.305760365728809 0.788448130215708
0.266409295483369 0.806106684511141
0.295474458240681 0.793067111448147
0.279676842587027 0.800154671111051
0.271503862730657 0.803821506869869
0.30351794408476 0.789454400667825
0.284171627125957 0.798138511818388
0.273298987892936 0.803016591619339
0.276654437532055 0.801510719019078
0.273298987892936 0.803016591619339
0.268472618193858 0.805181181043606
0.295056768170314 0.793253850204118
0.288207396012377 0.796328288033662
0.273677508807503 0.802846989259018
0.305846134971859 0.788410745960125
0.274950699375688 0.802274885480303
0.339738137017722 0.7731894238535
0.270404877318203 0.804314752715649
0.271471485017759 0.803836065039439
0.273677508807503 0.802846989259018
0.323808127872543 0.780344692649951
0.296900372982735 0.79242554845121
0.275214277344462 0.802156971691472
0.322597329871717 0.780888986358806
0.279439678463042 0.800261633074436
0.290731124633326 0.795194341212015
0.304769434804996 0.788892499578208
0.31432577632849 0.784602687559199
0.286210479145027 0.797224271943835
0.268586861961964 0.805129920360015
0.345000952975624 0.770822977940037
0.266717332980728 0.805968575792373
0.272675669727797 0.8032956874954
0.292510375782649 0.794396885016871
0.266819029794778 0.805922943122789
0.296896476404742 0.792427328441827
0.367456633757188 0.760729100327977
0.270404877318203 0.804314752715649
0.267441951208616 0.805643520564193
0.303482546238654 0.789471355831381
0.30098638384083 0.7905926614665
0.286210479145027 0.797224271943835
0.301672526327097 0.790282845622491
0.274091074612312 0.802661102129763
0.281669719044863 0.799261003947596
0.288882071693477 0.796024094468201
0.266715367041 0.805969457069428
0.331638500813916 0.776826811900747
0.274700858310615 0.802386686708027
0.300393460127143 0.790856566167602
0.300756785349111 0.790693508834979
0.267068562289372 0.805811025209815
0.282794240187238 0.798756020166539
0.298285612465931 0.791803797029579
0.270048298330129 0.804474320997903
0.277930504503652 0.800937725765799
0.268816069878807 0.805027778334499
0.267927559706572 0.805425911758901
0.315880735616074 0.783903247697429
0.273600123449106 0.802880578618424
0.291845792065645 0.794693345668641
0.282277585620126 0.798987822846404
0.288314962411645 0.796278619314035
0.269656076861219 0.804650329605535
0.298956463577352 0.7915011029535
0.266425504543559 0.806099418591358
0.277930504503652 0.800937725765799
0.293936108318252 0.79375541179849
0.288054970530073 0.796394825671243
0.266488022589278 0.806071373889203
0.275143560471757 0.802188060202589
0.296031954305982 0.792815175287156
0.307276763363009 0.787768094104831
0.262539519664735 0.807842683660724
0.293625168630998 0.793895718689223
0.26571630046037 0.806417691182101
0.268006216329104 0.805390536693539
0.325215869087851 0.779712234159022
0.282575885229343 0.798853680283871
0.295812495976833 0.792913689684747
0.284413753432411 0.798029869330204
0.324139045020213 0.780194496693258
0.267484808809012 0.805624182479422
0.265105112220892 0.806691842219809
0.26575261571532 0.806401405156256
0.273545170814207 0.802905530130214
0.312772425773101 0.785300589041075
0.267705760123919 0.805525229659241
0.266997127256189 0.805843214370495
0.274703726910391 0.802385405225715
0.28440589372549 0.79803218046499
0.277813132259624 0.800991072926223
0.302397325712744 0.789957679355113
0.311573924954342 0.785839080905778
0.283642830051634 0.798375477159268
0.358894359321094 0.764572525800274
0.305211751992178 0.788693888676321
0.270702274662375 0.804180906502965
0.303469911941344 0.789475554765619
0.268816069878807 0.805027778334499
0.285278951655241 0.797640783373136
0.293103369425332 0.79413034709216
0.282575885229343 0.798853680283871
0.327499475031332 0.778682610912731
0.292049370027616 0.794602146484432
0.269322865047625 0.804799755413825
0.264753091771732 0.806849733509541
0.275033422813588 0.80223772917693
0.272138767563941 0.80353654685634
0.262539519664735 0.807842683660724
0.298651628527198 0.791639738693107
0.288314962411645 0.796278619314035
0.3527039593389 0.767358003172231
0.272060744234964 0.80357154497889
0.262814443049204 0.807719369606049
0.264617090385422 0.806910748127674
0.266087944426387 0.806251019726733
0.267705760123919 0.805525229659241
0.285278951655241 0.797640783373136
0.26343553657173 0.807440740422382
0.27519285126389 0.802166133099815
0.262539519664735 0.807842683660724
0.276677850457603 0.801500079960868
0.282295341986127 0.798979669199475
0.2926288690122 0.794341819100027
0.310144614944759 0.786480728632125
0.280196121808958 0.799921600607481
0.309090855370462 0.786953738506932
0.262539519664735 0.807842683660724
0.266113763235033 0.806239351173329
0.290877164856232 0.795127794208343
0.310365518388038 0.786382038398439
0.31374348939127 0.784863131284063
0.262094612024544 0.808042220153444
0.267705760123919 0.805525229659241
0.266087944426387 0.806251019726733
0.292619818849162 0.794346668571268
0.315301206249534 0.784163553376495
0.3527039593389 0.767358003172231
0.312353099500147 0.785488529866785
0.275090635208247 0.802212208082058
0.284303648322992 0.798078470917505
0.266539706827439 0.80604846121936
0.282448986325785 0.798910700019067
0.274216237397444 0.802605680418387
0.272218886840723 0.803501038112685
0.262066746986584 0.808054707404215
0.299435629583014 0.791288148509452
0.29707654208188 0.792347174209767
0.228194106476248 0.856958498054946
0.223412372032016 0.859418611909071
0.223895178323511 0.859170502441764
0.223428271943773 0.859408111299016
0.252999317618316 0.844204545751433
0.223412372032016 0.859418611909071
0.24098784848354 0.850383942221692
0.223412372032016 0.859418611909071
0.24098784848354 0.850383942221692
0.221849753523647 0.860217385893653
0.238375104088698 0.851724049492582
0.221849753523647 0.860217385893653
0.238375104088698 0.851724049492582
0.867543907916803 0.26861424177916
0.867829015550783 0.2681586459472
0.1903024796883 0.876434111508624
0.1903024796883 0.876434111508624
0.231590220231373 0.855211565595654
0.221956118002641 0.860162604474578
0.25331881922258 0.844047471872381
0.221854037305512 0.86021517939171
0.18704541350581 0.878107182156975
0.189841851016512 0.876670681029289
0.224938428109181 0.858642113855959
0.185823640614774 0.878734619754602
0.18704541350581 0.878107182156975
0.919539768696605 0.184975542216763
0.919416537045419 0.185173997147415
0.902418974767615 0.212540560791922
0.919539768696605 0.184975542216763
0.919539757862664 0.184975559926409
0.221554530212158 0.860369181107708
0.919539754787241 0.184975564621437
0.902418974767615 0.212540560791922
0.185823640614774 0.878734619754602
0.188604464087997 0.877306366784033
0.187142649687824 0.878057032545255
0.185835491579833 0.878728533727694
0.189831076678798 0.876676214217433
0.915090203010948 0.19214129501797
0.919760964061714 0.184619265878256
0.224938428109181 0.858642113855959
0.222139366356981 0.860068092034978
0.919760964061714 0.184619265878256
0.18571389543957 0.878790961808127
0.194933546191457 0.874051155212013
0.919760964061714 0.184619265878256
0.18571389543957 0.878790961808127
0.25450556202123 0.843432263880019
0.185829347632926 0.878731644913856
0.185540197944771 0.87888017274673
0.183415091978668 0.879971668384191
0.919760964061714 0.184619265878256
0.193294395787788 0.874899714303076
0.919760964061714 0.184619265878256
0.249899715334237 0.845793245281556
0.919760964061714 0.184619265878256
0.178791366928608 0.882347100326899
0.213845211635362 0.864335276979293
0.919760964061714 0.184619265878256
0.249941948110725 0.845771462919103
0.919760964061714 0.184619265878256
0.919760964061714 0.184619265878256
0.192232476086192 0.875443891026344
0.249508987841567 0.845994046507489
0.188500439843243 0.877359567573916
0.185829347632926 0.878731644913856
0.188781015787395 0.877215476853893
0.919760964061714 0.184619265878256
0.213372368739323 0.864577030698949
0.237841883414789 0.852001523857659
0.183017747346612 0.880175839659935
0.919636826863366 0.184819735077642
0.243008929774235 0.849338012164979
0.190497680899464 0.876335659354684
0.177477333150798 0.88302195968392
0.239186795543932 0.851315813561491
0.183196881442972 0.880083741533486
0.188627988089618 0.877293942986684
0.177008144109935 0.883263402028722
0.239182941537021 0.851317794628396
0.244705438552986 0.848461361710272
0.188500439843243 0.877359567573916
0.189797395842977 0.876693677069113
0.2345343491551 0.853695483297212
0.179640272330603 0.881910750974661
0.212724987472182 0.864909566115055
0.245110986050021 0.848255653581379
0.2345343491551 0.853695483297212
0.380799999023005 0.754716544544852
0.380717217815716 0.754753781328155
0.355964083158522 0.76589236642066
0.356470030987348 0.765663278157381
0.335785351809701 0.774961504530935
0.294041127538884 0.793707892284857
0.340468512961994 0.772855250310733
0.293899556599196 0.793771435475274
0.316771007434929 0.78350198399781
0.294041127538884 0.793707892284857
0.337650812741268 0.774123271356962
0.31765414115896 0.783105363069481
0.382678131979006 0.753875329785878
0.338029205580535 0.773953277109622
0.316849497077192 0.783466767859943
0.332048992262035 0.776641177213719
0.357925038616273 0.765014246389732
0.382678131979006 0.753875329785878
0.336792103719022 0.774508225785513
0.317721392168386 0.783075159473145
0.348293053607549 0.76934202883225
0.307075716151468 0.787857342201315
0.294041127538884 0.793707892284857
0.302846218596746 0.789757307421775
0.312047328392657 0.785623626052528
0.335785351809701 0.774961504530935
0.326634977873113 0.779071934331741
0.343522163533293 0.771485791465362
0.280401985398734 0.799830562053894
0.326634974789025 0.779071935697403
0.294041127538884 0.793707892284857
0.312045360725722 0.785628347363115
0.293700741708835 0.793860877846041
0.279685186725382 0.800150822674189
0.326634977873113 0.779071934331741
0.279685186725382 0.800150822674189
0.288012972046303 0.796413938756695
0.280065023527478 0.799980360640714
0.289201824812537 0.795879674548578
0.323463618814517 0.780496336101438
0.287200482221965 0.796779021066483
0.286698285770518 0.797004449220131
0.33231537488924 0.776523865290273
0.279685186725382 0.800150822674189
0.272044951464516 0.803579371128176
0.293670092693894 0.793875069609338
0.300753217710736 0.790695865845636
0.28751816101145 0.796636222614158
0.278616529364547 0.800630411398892
0.269521866451087 0.804710525064344
0.278540019657378 0.800664802150798
0.291389191783536 0.794899718150401
0.320531257183126 0.781815079058902
0.293670092693894 0.793875069609338
0.360345358896644 0.763921458472751
0.280512470100803 0.799779602256988
0.270023702693422 0.804485481529734
0.311573584403799 0.785841392830449
0.278540019657378 0.800664802150798
0.282435993230777 0.79891760095272
0.281982954404808 0.799121012659028
0.324568921525742 0.780002665066943
0.279129083999198 0.800400753646805
0.289481895002056 0.795756024550759
0.269521866451087 0.804710525064344
0.324668361639835 0.779958056911675
0.324580285105189 0.779997596888943
0.363992449862053 0.762280271792322
0.321851031735562 0.781225786391539
0.304082094199728 0.789201777214487
0.276572893218117 0.801547153445683
0.270023702693422 0.804485481529734
0.309633635418514 0.786708466145968
0.351004439770669 0.768122512213536
0.325698981862301 0.779493778762507
0.320801803889146 0.781692989262864
0.316511111030227 0.783620684719596
0.300589323436919 0.790769263698989
0.277221018773255 0.801256374072648
0.29326601681611 0.794055979055376
0.269521866451087 0.804710525064344
0.283191155853092 0.798578047777154
0.280704940777252 0.799693368179169
0.291103177135982 0.795027666039128
0.281982954404808 0.799121012659028
0.272044951464516 0.803579371128176
0.31199498928345 0.785651582183697
0.331778914732166 0.776759950004693
0.27207275026685 0.803566908135523
0.336818208134678 0.774500033508179
0.281402303871501 0.799380029933506
0.30248636524682 0.789917440472919
0.304082094199728 0.789201777214487
0.289804757979182 0.79561034005474
0.291103177135982 0.795027666039128
0.269833786200134 0.804570575937914
0.27005424531494 0.804471685277658
0.305479994675549 0.788574444695378
0.269968339272181 0.804510224714749
0.273579212844003 0.802890509048065
0.269548853928194 0.804698419226641
0.282580593505815 0.798852417246808
0.304082094199728 0.789201777214487
0.266452391278086 0.80608749229616
0.280512470100803 0.799779602256988
0.333874165542058 0.775821983223584
0.305543590589359 0.788545542898891
0.279429562175015 0.800265783834903
0.327420779695836 0.778719997927575
0.320801803889146 0.781692989262864
0.277064364124661 0.80132686657479
0.289972033077534 0.79553618897121
0.280500031829985 0.799785281116021
0.27683740660799 0.801428515150854
0.278540019657378 0.800664802150798
0.369827802381884 0.759656801844151
0.268755114046959 0.805054518239491
0.273059041553597 0.8031241994317
0.27207275026685 0.803566908135523
0.274665726289051 0.802403242013432
0.266452391278086 0.80608749229616
0.273059404061482 0.803124035967429
0.284400082548553 0.798035400336586
0.266452391278086 0.80608749229616
0.266612915687626 0.806015480935501
0.360985534678336 0.763636567763208
0.27207275026685 0.803566908135523
0.285759165143686 0.797425212731716
0.292861183339209 0.794237144497724
0.289692114097869 0.795661636415505
0.268036866490893 0.805376701765358
0.282555914579346 0.798862638955102
0.28823792382758 0.79631318336031
0.275310307736226 0.802113544100948
0.391733556621789 0.749795083711293
0.27207275026685 0.803566908135523
0.286169015313926 0.797241233772285
0.275007380072369 0.802249432766491
0.268053110666701 0.805369425096146
0.286236411212976 0.797210993100968
0.298216924291201 0.791836037380788
0.279718756353996 0.800135654130736
0.279394030313853 0.800281636434147
0.266416446627101 0.806103609629283
0.280046492639544 0.799989261461767
0.269164802984164 0.804870721145343
0.278034205827202 0.800891706723603
0.27480577972893 0.802340098068009
0.272727946001474 0.803273083890425
0.315015197231201 0.784290965147287
0.270965079413941 0.804062915048801
0.275323626246524 0.802107724493629
0.266416446627101 0.806103609629283
0.27005424531494 0.804471685277658
0.267002341609828 0.805840779594333
0.277599990120038 0.80108610376458
0.268842835462342 0.805015233352898
0.275871107275347 0.801862103540403
0.309631324028777 0.786712455454725
0.269357747313564 0.804784215770128
0.29064591815608 0.795231449990908
0.268872876465919 0.805001579168204
0.265870451993497 0.806348589727613
0.269357747313564 0.804784215770128
0.284858475952625 0.7978302935609
0.275634582364964 0.80196795554194
0.27207275026685 0.803566908135523
0.268901447153555 0.804988865616502
0.284016902719148 0.798207551109614
0.292536043354108 0.794385181670852
0.268755114046959 0.805054518239491
0.305967813275902 0.788356618992286
0.298449001190371 0.791731222628382
0.275642626329003 0.801964636115659
0.275129175277613 0.802194985384643
0.278500137891897 0.800682360117295
0.298449001190371 0.791731222628382
0.289733673319757 0.795640860239728
0.266959538613617 0.805859973857538
0.307482203446132 0.78767450997867
0.289627745022145 0.795689815457393
0.277028232125586 0.801343258099531
0.270965079413941 0.804062915048801
0.282553519712614 0.798863376096028
0.278356451695571 0.80074675484781
0.287240794140384 0.796760378799778
0.284678997524586 0.797909593209333
0.344683359674104 0.770965310688282
0.284334501527386 0.798064761157841
0.280007923216318 0.800006068003956
0.268654351175133 0.805099876867547
0.312756076656165 0.785306967245892
0.275554675042224 0.802003812830243
0.268928892633774 0.804976552460166
0.265870451993497 0.806348589727613
0.284177372941947 0.798134624586807
0.3481528226517 0.769402338233751
0.287286274129156 0.796740708626688
0.290425696783982 0.795330673575808
0.284177372941947 0.798134624586807
0.266441857316132 0.806092170331707
0.270474655207624 0.804283177426229
0.265873522493378 0.806347212340697
0.313761484155188 0.784855734802868
0.268254830478263 0.805278883435516
0.264635529644365 0.80690243641321
0.285759165143686 0.797425212731716
0.278864243996753 0.800519060211664
0.30460217799121 0.788969133274633
0.272846432105259 0.803219993738499
0.292680959353244 0.794320065462261
0.275554675042224 0.802003812830243
0.287286274129156 0.796740708626688
0.264372300496255 0.807020518428545
0.268928892633774 0.804976552460166
0.287286274129156 0.796740708626688
0.2889143881562 0.796010303529742
0.269229321014847 0.804841610639163
0.283413676360328 0.798477420795947
0.276814193997773 0.801439476747103
0.296477557759828 0.79261441346154
0.280388002336985 0.799835470242169
0.279316830642711 0.800316438932715
0.296470867786494 0.792618196610902
0.277180550790502 0.801274478893645
0.271808583617499 0.803684835559822
0.269360132908714 0.804783069434936
0.268931155162229 0.804975440618426
0.28283668367019 0.79873728976791
0.27241600523315 0.803412664358885
0.292680959353244 0.794320065462261
0.284039051401611 0.798197875630112
0.269976464716067 0.804506696414946
0.305055242608869 0.788765654817963
0.266460878952437 0.806083706746529
0.28354040931754 0.798420502360114
0.281502221181766 0.799335614984352
0.282563477148138 0.7988587572409
0.270624732400522 0.804215864450127
0.301253737224252 0.790470676730289
0.29672206923272 0.792505217317312
0.266460878952437 0.806083706746529
0.363522733387964 0.762495241118653
0.281418262414363 0.799373328480224
0.264372300496255 0.807020518428545
0.307184283356239 0.78780802349851
0.279815089572768 0.800092419484821
0.266460878952437 0.806083706746529
0.264371557729673 0.807020851615223
0.281379166491105 0.7993903987251
0.27097426662535 0.804058654794943
0.31528945566199 0.784170046850769
0.279610282445003 0.800184862155128
0.264372300496255 0.807020518428545
0.30107457845246 0.790551953449301
0.267391806488459 0.805665989867106
0.265425096005143 0.80654826419955
0.265184439633051 0.806656280401419
0.268931651678516 0.804975351842962
0.29899245595137 0.791485837358517
0.279512079186164 0.800229038691918
0.271345506793136 0.80389243067349
0.275094598898768 0.802211015187171
0.349488055057433 0.76880123617049
0.279294036573177 0.800325904590735
0.267391806488459 0.805665989867106
0.31528945566199 0.784170046850769
0.302340349593731 0.789982912781355
0.292106991983863 0.794577777909806
0.273016713712488 0.803142832894206
0.270715446351335 0.804175289824969
0.271712446190557 0.803727735661299
0.277530046408759 0.801117940879895
0.292106991983863 0.794577777909806
0.270352538458031 0.804337777343422
0.306265056194277 0.788223043967055
0.28047791911651 0.799795862277686
0.270436854132299 0.804299941811056
0.301202565021031 0.790493658997837
0.281917266278652 0.799150414807088
0.267483692090958 0.80562471812892
0.302507958890091 0.789909299969334
0.274731820024113 0.802373190223339
0.270352538458031 0.804337777343422
0.301141183275601 0.790521302491536
0.275460675816089 0.802046672803613
0.28226032678515 0.798995065301557
0.305790118854247 0.788435496912313
0.266646103000134 0.806000729114034
0.26904569538206 0.804924061230565
0.272680204919836 0.803293985114692
0.274961114415887 0.802270595804794
0.279234602150979 0.800353081751963
0.307507744558252 0.787665942702205
0.264371557729673 0.807020851615223
0.268258044341161 0.805277467164997
0.295478406632637 0.793063210152723
0.303352194027578 0.789529825288316
0.305790118854247 0.788435496912313
0.279594860389603 0.800192033831578
0.272357260532903 0.803438655851142
0.268931009213515 0.80497550609107
0.306739892972378 0.788010607769533
0.291087893322912 0.795034056796973
0.307780648202234 0.787542342304197
0.307780648202234 0.787542342304197
0.264371557729673 0.807020851615223
0.268931155162229 0.804975440618426
0.302509750669521 0.789908495450592
0.302640294517359 0.78984989919236
0.267864639480933 0.80545384587546
0.302507958890091 0.789909299969334
0.294863872658285 0.793338912735138
0.270782885123532 0.804144711970361
0.307780648202234 0.787542342304197
0.306092921843981 0.788299644418416
0.285287930940722 0.797637283892334
0.265235656145053 0.806633157589937
0.284811281352125 0.797851243695639
0.286598880789014 0.797048684345078
0.269197109114467 0.804856242295515
0.290239627607729 0.795414655592424
0.263401886552792 0.807455816440757
0.264371557729673 0.807020851615223
0.2925825601651 0.794363897047249
0.278139676955282 0.800843907287765
0.324977543557465 0.779821072353924
0.324257197201904 0.780141043449641
0.310106651313041 0.786496018770799
0.276814193997773 0.801439476747103
0.281971345667656 0.799125237720223
0.301485196506552 0.790368039156592
0.266646103000134 0.806000729114034
0.276814193997773 0.801439476747103
0.309205420768151 0.786901020801397
0.274209170056023 0.802607530357539
0.285714070909344 0.797445196903245
0.284700830065356 0.797900409062685
0.276814193997773 0.801439476747103
0.287644312285742 0.796579423191753
0.291377302037743 0.794904882747342
0.275867374210552 0.801864540923355
0.296705933469311 0.792511879103299
0.264564315267685 0.806934369041021
0.275404366098024 0.802071526423243
0.301868670885552 0.790195326815192
0.29211066823097 0.794576843532229
0.262082609781426 0.808047537417665
0.28259624339297 0.798844755058451
0.265075735878792 0.806705005374396
0.285918866572343 0.797353225296492
0.309294076245312 0.7868624275216
0.265945976076848 0.806314732565097
0.271946593828193 0.803623085029504
0.262757719480965 0.807744691743394
0.261979242780318 0.808093931939644
0.267839705423409 0.805465030522738
0.27551446222447 0.802022367731303
0.28941531212141 0.795784814033403
0.285662106752732 0.797468403382003
0.283781257906973 0.798312730061763
0.300588525573464 0.790769719922077
0.262443709817969 0.807885593333765
0.303118396354579 0.78963423065228
0.282772291388935 0.798765516905841
0.28179456436824 0.799204977845092
0.270718216859311 0.804174289321821
0.282323882440927 0.798966858080141
0.311289616774808 0.785965520468317
0.278096896532232 0.800863686291285
0.262863057809361 0.807697552309225
0.320342101996905 0.781902032431289
0.267839705423409 0.805465030522738
0.272558792018293 0.803348888112403
0.286405815545853 0.79713478951415
0.27951980380724 0.800225053030755
0.311074167025112 0.786062779590095
0.29220137221232 0.794533978297523
0.282372469593184 0.798945615866231
0.284381163123986 0.79804355001149
0.298193332109463 0.791845212228794
0.311074167025112 0.786062779590095
0.278777563473435 0.800557731457214
0.298121725269672 0.791877446496518
0.285662106752732 0.797468403382003
0.270039001445168 0.804478949300705
0.306194224390443 0.788253671291473
0.275971076852783 0.801817672543259
0.289035857275274 0.795955541631239
0.269034049943953 0.804929237426906
0.294830117418066 0.793353691377706
0.264105834660742 0.807140027019472
0.264938262528427 0.806766653168782
0.263740806016066 0.807303770308667
0.288170545513919 0.79634400859397
0.28387796595796 0.79826933722654
0.274961114415887 0.802270595804794
0.274379737118464 0.80253179104021
0.294830117418066 0.793353691377706
0.291377302037743 0.794904882747342
0.293924512872577 0.793760738208071
0.294830117418066 0.793353691377706
0.270022947748066 0.804486196723152
0.348244519671811 0.769365590596257
0.2616802049138 0.808228012592631
0.27476950092663 0.802356573324863
0.285554204818155 0.797518917989679
0.289511374951988 0.79574253321464
0.277858792038351 0.800970179773826
0.281688075359952 0.799252421374176
0.281826284241352 0.799190888714347
0.272558792018293 0.803348888112403
0.296489294777304 0.79260891822984
0.267573100676874 0.805585071866581
0.269034577807857 0.804929001422294
0.265945976076848 0.806314732565097
0.278036939971042 0.800890981142037
0.294830117418066 0.793353691377706
0.282582480753213 0.798850940570244
0.283232225135613 0.798560656479849
0.31300004889664 0.785196515919874
0.281688075359952 0.799252421374176
0.264455824515246 0.806983046224944
0.348244519671811 0.769365590596257
0.30644218263496 0.788141409447698
0.305319309373449 0.788644146649194
0.274525059837874 0.802466307144208
0.287165491718807 0.796794945635437
0.288146137665894 0.796353908467685
0.270869310405016 0.80410585319677
0.294023362023875 0.79371568477786
0.261872696128587 0.808141671049748
0.27639695386045 0.801626622234465
0.304808166858383 0.788877669020199
0.265230057478162 0.806635711018594
0.263594707688874 0.807369421630044
0.30529600291105 0.788656896374882
0.286923757314247 0.796902660717721
0.276774240670266 0.801457079234907
0.283071151359725 0.798632091072625
0.2616802049138 0.808228012592631
0.276736094432793 0.801474211651928
0.280955240151232 0.799581194958039
0.269378587063578 0.804775247028304
0.321472078657526 0.781392704825503
0.290575372493801 0.795265603393408
0.265883752616112 0.806342708671863
0.284381163123986 0.79804355001149
0.261697705966302 0.808220161189687
0.265883752616112 0.806342708671863
0.26801217147618 0.805387778558142
0.261673263165113 0.808231158862499
0.304487473538555 0.789020028720488
0.266155237861497 0.806220779953366
0.283076641580837 0.79862941966317
0.262263353177126 0.807966529837978
0.287103465647025 0.796822548563765
0.291752932328536 0.794735242914513
0.296657084965272 0.792533877790442
0.30644218263496 0.788141409447698
0.287121996597565 0.796814027881224
0.296325130941438 0.792682863943582
0.304487473538555 0.789020028720488
0.30644218263496 0.788141409447698
0.295995927329523 0.792830831585612
0.296456890344811 0.792624821356909
0.296844255076934 0.792450193766854
0.266155237861497 0.806220779953366
0.272452333423672 0.803396647709373
0.283646692072147 0.798373887315281
0.329580773614589 0.777750735506762
0.292902003182373 0.794219785063711
0.283646692072147 0.798373887315281
0.296735222158631 0.792500119340068
0.290575372493801 0.795265603393408
0.312015430414292 0.78563982898827
0.262035681573092 0.808068620364035
0.281634115640191 0.799275787860097
0.27816650980043 0.800832317720437
0.261873316867971 0.808141430303922
0.27476950092663 0.802356573324863
0.27003828563391 0.804479307388885
0.269691533219103 0.804634205239829
0.27476950092663 0.802356573324863
0.264455824515246 0.806983046224944
0.268289634105666 0.805263594075361
0.27668715436699 0.801495614269925
0.310689898608138 0.786233798256077
0.29313524404908 0.79411549221133
0.278446497449435 0.800706531517128
0.294741840044406 0.793394709705176
0.267555605538182 0.805592541209387
0.302166305173448 0.790061508319798
0.277823507852624 0.800986709344162
0.291716494282256 0.794751633861948
0.261708618811364 0.808215300279119
0.277453580910438 0.801152210096387
0.271230639139589 0.803944035970343
0.292570926466397 0.794367831622702
0.280955240151232 0.799581194958039
0.264455824515246 0.806983046224944
0.277875988617265 0.800962351193103
0.300845099457924 0.790654282071857
0.276858321557364 0.80141905859014
0.30642696461119 0.788148243293684
0.283646692072147 0.798373887315281
0.269034049943953 0.804929237426906
0.272453159325685 0.803396247428554
0.300318787041582 0.790890692812516
0.291406207689543 0.794892200762681
0.283646692072147 0.798373887315281
0.262181661203659 0.808003110940579
0.293331500781021 0.794028128429969
0.274779305313458 0.802352173599321
0.27668715436699 0.801495614269925
0.303152944928709 0.789618661781479
0.277868092813744 0.800966269613616
0.299423090780391 0.791294114480621
0.312932084508211 0.78522951248443
0.280879957526601 0.79961418530814
0.300318787041582 0.790890692812516
0.28324943131256 0.798551661330991
0.278657212111274 0.800611921975379
0.271493381310317 0.803826594635358
0.267310781947632 0.80570261696851
0.291441719187443 0.794875667590113
0.267331461202879 0.805692917475568
0.307019741691308 0.787883202421804
0.307312423239991 0.787750793847177
0.276813602211921 0.801439578274669
0.261711610734051 0.808213959750175
0.261673263165113 0.808231158862499
0.285998432163052 0.797317387278163
0.283967615646327 0.798229424082816
0.277020541476887 0.801346068009409
0.280879957526601 0.79961418530814
0.264455824515246 0.806983046224944
0.272983135132816 0.803158286542665
0.26715599552066 0.805771994473426
0.266248684223164 0.806179021262044
0.30642696461119 0.788148243293684
0.355762448923726 0.765983140427163
0.276644419220115 0.801514863566317
0.2656611178019 0.806442509482985
0.310066142796271 0.786513694072873
0.274006107976229 0.802698582851928
0.298442435689008 0.791732782373925
0.280734673748933 0.799679376675583
0.263184241613804 0.807553472913863
0.274893717124623 0.8023009050948
0.2766979929068 0.801491078499403
0.286890596602169 0.796918092853746
0.267787045509597 0.805488660142496
0.265564174831826 0.806485998194062
0.270310346486313 0.804356761931441
0.291441719187443 0.794875667590113
0.270488808523324 0.80427696741765
0.283293554233989 0.798531904745834
0.283774070966906 0.798315240311565
0.304986393620903 0.788794672377515
0.263696052993983 0.807323818495682
0.261629303672292 0.808250861994142
0.314338043986131 0.784596862411658
0.269600436515103 0.804675361187315
0.264212273909462 0.8070922703436
0.261238000807529 0.808426389360124
0.263226803406396 0.807534389050361
0.269034049943953 0.804929237426906
0.302419895433506 0.789945972926587
0.267816971214509 0.805475234750348
0.287770474112226 0.79652371500967
0.269600436515103 0.804675361187315
0.286890596602169 0.796918092853746
0.280262939523341 0.799891635511995
0.277962692389004 0.80092379672921
0.282238805185561 0.799006237896933
0.368103452767324 0.760437598767568
0.262888398641991 0.807686165399901
0.267817418900712 0.80547503391224
0.269600436515103 0.804675361187315
0.292815110642801 0.794258482713091
0.265887374284436 0.806341076146317
0.261821811959354 0.808164527630436
0.275435718048864 0.802057581956406
0.261447115792801 0.808332604466464
0.270335980125831 0.804345401046091
0.261798421308795 0.808175018658882
0.31934265591909 0.782351694648124
0.33480520045921 0.775402230804998
0.264065304069704 0.807158221412337
0.276217739784408 0.801706252557757
0.273946844331958 0.802726121319324
0.264191185268412 0.807101745495066
0.27716797202691 0.801279989696074
0.305796798158974 0.788432647713847
0.290712809071745 0.795202277857793
0.293174704729125 0.794098128207794
0.265443107781851 0.806540327135409
0.288225969305059 0.796318654006486
0.338338498802818 0.773816172620702
0.273693247943883 0.80283998445597
0.277073861394057 0.801322210205905
0.264184688786613 0.807104657826979
0.264139999332461 0.807124854159286
0.261266116951327 0.808413782865106
0.262669046245025 0.807784537723891
0.274362475117301 0.802539185415919
0.283370634242002 0.798497284552082
0.265426020238367 0.806548008594453
0.270206621799838 0.804403218899245
0.270580219533457 0.804235834610938
0.286585694638078 0.797055987974998
0.277440118729505 0.801157957540876
0.275833563053787 0.801878751051074
0.270552305106971 0.804248101482392
0.282982214748147 0.798671316768246
0.299561196072192 0.791232696320555
0.261181768814833 0.808451604135808
0.308033346700347 0.787426344831683
0.262779851566873 0.80773484737534
0.261181768814833 0.808451604135808
0.30119619243861 0.790497547541263
0.262669046245025 0.807784537723891
0.283370634242002 0.798497284552082
0.308033346700347 0.787426344831683
0.261176195233442 0.808454105933389
0.291803722653698 0.794712870027288
0.264459815052087 0.806981338785953
0.260204174764725 0.808890083162815
0.265123565953977 0.806683673140308
0.277534770087345 0.801115853680555
0.260544106810393 0.808737590805394
0.278398897190223 0.800727913568631
0.264065304069704 0.807158221412337
0.30226580740528 0.790016564824121
0.37494567317437 0.757346400228629
0.371040986509205 0.759106173961433
0.370114218513982 0.759526486493
0.362953919769681 0.762745173317099
0.378964757925793 0.755541572435968
0.340700041491134 0.772754142115114
0.341945334338129 0.772194265520916
0.369136275062609 0.759963492297959
0.365755561376831 0.761483750719357
0.345223947352014 0.770719727202864
0.314830261797704 0.784374732975709
0.371465372806658 0.758912588079943
0.393545135553097 0.748980314539157
0.361343157265834 0.763474664108316
0.371465372806658 0.758912588079943
0.371573160701332 0.75886862194125
0.310810809568762 0.786179083781846
0.362677338860956 0.762871502888921
0.362197915539143 0.763087184488545
0.365121630427995 0.761771280099673
0.362677338860956 0.762871502888921
0.353252796467439 0.767111717260834
0.369123535014212 0.759971752285684
0.373676810470358 0.757924402637689
0.382841578664862 0.753792142447638
0.35377383755734 0.766877124296334
0.361704785819739 0.763309643810264
0.336691704731753 0.774554307520233
0.360599015868809 0.763806436059055
0.370797980532822 0.759218947475632
0.363536068193978 0.762486883616363
0.352000764283745 0.767673186667252
0.35377383755734 0.766877124296334
0.343199018638663 0.771630487330298
0.332834449553929 0.776291012230836
0.330174098647908 0.777484056276714
0.393397907746087 0.749044072496029
0.345786433935895 0.770467344837276
0.312288002093767 0.785516385181986
0.318602003154168 0.782679909854735
0.38513739964012 0.752768845418157
0.345457938482918 0.770614440793932
0.346405523376773 0.770189085981584
0.357139562145187 0.76536360433162
0.314830261797704 0.784374732975709
0.330622479534711 0.777282168145268
0.360207476439083 0.763985296169125
0.333115429171394 0.776162636954422
0.335619350779998 0.775039124187166
0.33028814209724 0.777432399701176
0.330622479534711 0.777282168145268
0.335673964789809 0.775014592446272
0.330521136222705 0.777327365584619
0.356837824650698 0.76549942861213
0.356837824650698 0.76549942861213
0.327934877109198 0.778489655255683
0.388175668840368 0.751397253028268
0.372314538942134 0.758536364468509
0.348149743082426 0.769407429667291
0.356197279756061 0.765787105151428
0.388175668840368 0.751397253028268
0.342498034221918 0.771944985754427
0.386097164499529 0.752333366451983
0.288290613914101 0.79628989425765
0.343809456277462 0.771355110541657
0.312075012451129 0.785615067905475
0.343809456277462 0.771355110541657
0.315139660892879 0.784240816646446
0.292916609642228 0.794214085533697
0.28811121727859 0.796371001658301
0.280983051938433 0.79956908827115
0.340310886652636 0.772930771510424
0.361287349679536 0.763498012429488
0.312074238290637 0.785615199081305
0.317897207538897 0.782998541358741
0.292857482426358 0.794240506020763
0.280920793130385 0.799597115205006
0.300275915333766 0.790911391051852
0.281235297899148 0.799455882497464
0.325574717291901 0.779550179635184
0.369582513557345 0.759763818321454
0.322080132273617 0.781118580958436
0.33833886432592 0.773813345141578
0.291576913322724 0.794814838393619
0.280920793130385 0.799597115205006
0.32160976574853 0.781331622252658
0.298866366372039 0.791544018022436
0.29603776255816 0.792812853442529
0.332858655577463 0.776278548695517
0.280920793130385 0.799597115205006
0.306475265362195 0.788126939246779
0.387258725556248 0.751809122294913
0.295066109361645 0.793248963763874
0.296017480268469 0.792822029158006
0.306494349672973 0.788122444411851
0.296011014041173 0.792824868298737
0.361287349679536 0.763498012429488
0.282629773359612 0.798829900141426
0.28015498220761 0.799940617116429
0.34263738182618 0.771881798437238
0.278969111172093 0.800472612808484
0.304252368214574 0.789124943409682
0.293760227845602 0.793835108973597
0.31470768588585 0.784432563183302
0.340310886652636 0.772930771510424
0.278946398777231 0.80048280179328
0.307815594461895 0.78752847710796
0.309960746148179 0.786564624986871
0.29890590656389 0.791524916706643
0.327886320032106 0.778515554354119
0.334941780114926 0.775340229909478
0.294795912865205 0.793369465550101
0.292857482426358 0.794240506020763
0.323872274210711 0.780316064883692
0.33685615524029 0.774483286383601
0.297514317544082 0.792150075641596
0.325613582916856 0.77953431148398
0.284916525626536 0.797803805155265
0.298954774375358 0.791502982571887
0.346232436689525 0.770267204902622
0.332008860525901 0.776659746170144
0.294318647571029 0.793583678346253
0.297299955870155 0.792246449519504
0.299949646899754 0.791057010117721
0.303769512895691 0.789341592568005
0.305541726561318 0.788547415916444
0.274354909796463 0.802542870686525
0.331854050247569 0.776729866390494
0.292227193449967 0.79452302234027
0.361496483118162 0.763406138881306
0.331302541683917 0.776978427075476
0.329038750638833 0.777997538609159
0.293310818432085 0.794037220995708
0.290720687493137 0.79519913178883
0.353281544378009 0.767100269892183
0.320994137617895 0.781608333404136
0.297514317544082 0.792150075641596
0.278969111172093 0.800472612808484
0.289426745819049 0.795779006235332
0.273492342723175 0.802929921441644
0.279618091780849 0.800181595444386
0.355410772186906 0.766139354888895
0.299916286634022 0.791071309174324
0.354650146581833 0.766484388155127
0.311150732541347 0.786030699498984
0.274310230907445 0.802563029199302
0.297987332531721 0.79193721478222
0.306539944411487 0.788098076970371
0.297597778920104 0.792112347093343
0.284542412024237 0.797972171407295
0.331302541683917 0.776978427075476
0.354615848365205 0.76650207335635
0.311150732541347 0.786030699498984
0.361496483118162 0.763406138881306
0.304252368214574 0.789124943409682
0.282104540436302 0.799065060587809
0.292198041556785 0.794536111275042
0.393861076964464 0.74882956539376
0.346482590199999 0.770154404637582
0.385319843601556 0.752678430996938
0.29890590656389 0.791524916706643
0.297030682046182 0.792366068018658
0.298740190203861 0.791599197487707
0.279409267275109 0.800275358366372
0.346515340445149 0.77013967382609
0.291504400774144 0.794846983372424
0.323402527235049 0.780524894048416
0.284336262678757 0.798063968573108
0.295952773401949 0.792852242570798
0.305049590960831 0.788768471263949
0.299110047484762 0.791432867492557
0.297030682046182 0.792366068018658
0.297798801728967 0.792023776552536
0.324741912283577 0.779925040885218
0.29834634215683 0.791776826327669
0.27790387720747 0.800951048981198
0.370336773008149 0.759429782803725
0.315467292026427 0.784092140455269
0.284542412024237 0.797972171407295
0.287755557724761 0.796530287977422
0.2947301387328 0.793399958687415
0.29586782457396 0.792890279381645
0.284021580231176 0.798204530812129
0.297798801728967 0.792023776552536
0.30179267788892 0.790231516678159
0.291084671019629 0.795036708327667
0.295321395953745 0.793134115990943
0.273681395613448 0.802845092354202
0.285217457481842 0.797668267667683
0.297244386315904 0.792270676778632
0.327401457732757 0.778732977219874
0.292079029430725 0.794589757064262
0.300900154478772 0.790628894345893
0.282728297816721 0.798786304902022
0.389607637775056 0.750754044808698
0.300900772398166 0.79062861669315
0.316331787300138 0.783701491925823
0.305901036318977 0.788385721537058
0.333311484929641 0.776075483663202
0.277883909869018 0.800960224494003
0.273492342723175 0.802929921441644
0.300900154478772 0.790628894345893
0.27649222519681 0.801584342129321
0.282791380323942 0.798756592662685
0.28722193339013 0.796769298583667
0.299581105299329 0.791221228331285
0.288099702852563 0.796375681981793
0.298003921251206 0.791930704781936
0.271700074562189 0.803733338505019
0.311924434481104 0.785680020439245
0.315289864621558 0.784168635626259
0.285901131054033 0.797362198431376
0.390898536814914 0.750171970183899
0.306270286581291 0.788218594389587
0.271081812213851 0.80401070169839
0.32306579549267 0.780677366304362
0.316940543912084 0.783429226599402
0.280103758969924 0.799963432985232
0.280153797423865 0.799941541622472
0.284222332280726 0.798114932969281
0.29882682424921 0.791559465191351
0.271069413185283 0.804016163917137
0.299581105299329 0.791221228331285
0.304815003711891 0.788870898298727
0.324355191832777 0.780099686118736
0.299591777583476 0.791217403205912
0.271069413185283 0.804016163917137
0.323454462706559 0.780502281943878
0.282168888714032 0.799037499465244
0.311150732541347 0.786030699498984
0.29311110967644 0.794126049844645
0.314232973995331 0.784643434389017
0.314222056725349 0.784648125075276
0.286367575842012 0.797152479195543
0.318383237251072 0.782781414632779
0.27175445826056 0.803709505308132
0.278609223241119 0.800633754197938
0.275628777811301 0.801970780471082
0.276249274785234 0.801692077126245
0.275539401736396 0.80201147185824
0.360814508904647 0.763709247438962
0.298683567596546 0.791625416505149
0.274655889976124 0.802407325909074
0.29311110967644 0.794126049844645
0.281196067645854 0.799473274950742
0.285884249100271 0.797369263706366
0.340914016486391 0.772657280747818
0.300900154478772 0.790628894345893
0.289489178869383 0.795751681292271
0.271141143152023 0.803983986828123
0.316940543912084 0.783429226599402
0.298003921251206 0.791930704781936
0.307072409652417 0.78785899837035
0.315930112158607 0.783882399846355
0.295129990742533 0.793220189684106
0.288097212592997 0.796376799902509
0.302160378414497 0.790065698361766
0.280153797423865 0.799941541622472
0.299809469041955 0.791119271329284
0.301994622907137 0.790138422650349
0.283945903907323 0.798238531137499
0.271069413185283 0.804016163917137
0.340228336565691 0.772968001763403
0.357968985787581 0.764986708500079
0.272518932289685 0.803365837745828
0.30607296253071 0.788307871554822
0.308945468351313 0.787020088171025
0.352557673539032 0.767426445181905
0.309241075373064 0.786886038853175
0.269296201446664 0.804811598020307
0.298378513119882 0.791762346764759
0.277738625775738 0.801024428488161
0.29404669097845 0.79370613087449
0.350180480813559 0.768490008347862
0.297728874473164 0.792053863516217
0.341018103783552 0.772612455304639
0.274955638358998 0.802273450701196
0.296305756251293 0.792691763240794
0.280454120158341 0.799807564309453
0.283794971290002 0.798307858622966
0.345815322481316 0.770457802873836
0.342856469663957 0.771787222191009
0.289522179195488 0.795736885868373
0.286367575842012 0.797152479195543
0.343095315097055 0.771678882057856
0.302124332218922 0.790082646113101
0.30005319099664 0.791010528205377
0.295184479072398 0.793195277205368
0.361825962922801 0.763255652614292
0.269840203828058 0.804567565092222
0.341018103783552 0.772612455304639
0.350301944568922 0.768435373408991
0.271069413185283 0.804016163917137
0.272518932289685 0.803365837745828
0.282323353729858 0.798967665800269
0.270068891672976 0.804465015439021
0.319951040849359 0.782075776658565
0.296502772438797 0.792603254612103
0.291084671019629 0.795036708327667
0.273547623612915 0.802904107561767
0.310979363670691 0.786105924809474
0.345815322481316 0.770457802873836
0.276486651205548 0.801585468624025
0.274955638358998 0.802273450701196
0.342649099051335 0.771880381647484
0.278293781997444 0.80077649842864
0.281257367177028 0.799445876216676
0.300078908986929 0.7909985556169
0.290290426225937 0.795392829744476
0.305216585582229 0.788692688311754
0.287492702228176 0.796647459795405
0.312752478267499 0.785308356188172
0.281196067645854 0.799473274950742
0.295118411409005 0.793224344390224
0.27645294772581 0.801600610293682
0.287478591450828 0.79665379915548
0.341649938391416 0.772328397023618
0.274416546215142 0.802514629766348
0.287637447280823 0.79658262779927
0.302849430528541 0.78975550292806
0.270068891672976 0.804465015439021
0.270068891672976 0.804465015439021
0.278310276642995 0.800767909233298
0.307018998824477 0.787883975023423
0.273547623612915 0.802904107561767
0.274955638358998 0.802273450701196
0.280454120158341 0.799807564309453
0.278671534079159 0.800605548522688
0.275254590063124 0.80213851767342
0.27922808130657 0.800355346665367
0.306141932033972 0.788276618250226
0.296734784896107 0.792500711626139
0.312752478267499 0.785308356188172
0.271850387332256 0.803665813436699
0.281689921051164 0.799251151635026
0.269295596256939 0.804811869528867
0.274380781392866 0.802530678880009
0.289769986758764 0.795627413844168
0.28722193339013 0.796769298583667
0.271400354343211 0.803867524903969
0.289537051386524 0.795730355195959
0.279585631419372 0.800196108937143
0.31905416249591 0.782479045983624
0.273547623612915 0.802904107561767
0.306170853123981 0.788264310375802
0.314998864485881 0.78430068511015
0.287989871345673 0.79642529053532
0.282269433439898 0.798991255367948
0.281423623404573 0.799370606649751
0.273547623612915 0.802904107561767
0.269295596256939 0.804811869528867
0.30179471682256 0.790227898560039
0.279399881465449 0.80027903466724
0.283894830935991 0.798262051297481
0.271850387332256 0.803665813436699
0.300045137139755 0.791013492655235
0.27645294772581 0.801600610293682
0.321296773536995 0.781471481598444
0.283684358565053 0.798357248534153
0.298505593533575 0.791705294108711
0.279399881465449 0.80027903466724
0.271812011134198 0.803682998651326
0.301710369218199 0.790266659038591
0.2900129452123 0.795517341976922
0.270586381067257 0.804232827630267
0.274348787908791 0.802544898145685
0.296677683022106 0.792525192016645
0.277663499752061 0.801059157213356
0.282782349843767 0.798760512912911
0.280906881979155 0.799602673345504
0.298367426885087 0.79176731515029
0.311197274021717 0.786008120340863
0.290171282006222 0.795445650323155
0.283140356846419 0.798600790240737
0.366244822751196 0.761268543488662
0.272080368344727 0.803562621156459
0.301758894179044 0.790243667728263
0.296349197067391 0.792672185666247
0.311678235250921 0.785791512538752
0.283684358565053 0.798357248534153
0.271882917539739 0.803651220755655
0.337593118867005 0.774151186958016
0.268664569244484 0.805094932281044
0.299545348059041 0.791238850953364
0.281594283036597 0.799293996293969
0.293057508666717 0.794150243993212
0.272488011665937 0.803379519514641
0.278568153442085 0.800651668479618
0.282748724228631 0.79877657592296
0.279883535156382 0.800062212350402
0.285605225362967 0.797494279158664
0.268608764345376 0.80511996682242
0.268619168498574 0.805115311810601
0.288743673715897 0.796087129545098
0.270627168685024 0.804214506826236
0.308757398073293 0.787103688984369
0.272912436759404 0.803189263222837
0.28722193339013 0.796769298583667
0.284139250064368 0.798152029490404
0.275694292823719 0.801941298112504
0.366244822751196 0.761268543488662
0.275254590063124 0.80213851767342
0.30115363104712 0.79051784923896
0.279795275726249 0.800101829465044
0.316178153304389 0.7837724250487
0.301347105744478 0.790429900136338
0.273725182631906 0.802824701307864
0.302849430528541 0.78975550292806
0.28722193339013 0.796769298583667
0.273363580802061 0.802987069722387
0.304361113920606 0.789077576155074
0.279686495331249 0.800150148872451
0.285258275140999 0.79765152438019
0.281372438541728 0.799393807192754
0.285281484337451 0.797639500586065
0.365879154895808 0.76143321321958
0.290259513385543 0.795406290500194
0.270068891672976 0.804465015439021
0.274351516413085 0.802543674011738
0.284435854920054 0.798018987613704
0.311283258375631 0.785970023154165
0.273150278776539 0.803082521757319
0.326066063406145 0.779330472041552
0.291084671019629 0.795036708327667
0.27645294772581 0.801600610293682
0.278892815267566 0.800507397366962
0.275300397249695 0.802118113584002
0.285534300477516 0.797526203754725
0.270173608337636 0.804417905671385
0.274011073352513 0.802696922951567
0.289287617090687 0.795841537632013
0.2754752079671 0.802039292754945
0.286963011355506 0.796885712151892
0.280659287434235 0.799715776512874
0.287187889695169 0.796784644904381
0.289118203243843 0.795918402357593
0.278260325342634 0.80079026136494
0.274389720058746 0.802526521212256
0.284576671145051 0.797955929207517
0.281773856799832 0.799213238318427
0.325994231398128 0.779362510624784
0.284738879710187 0.79788380622997
0.303751504759643 0.789351799045476
0.294533998499513 0.793487069627849
0.271690191143786 0.803738404909319
0.288988127730876 0.795976669081916
0.293476601731379 0.793962903239448
0.269263079136212 0.804826510624821
0.27680753162887 0.801441472109839
0.281653423133981 0.799267747687359
0.301230533447303 0.79048329891596
0.325857146516543 0.779423917349103
0.300235168049239 0.790927825683535
0.268632246221921 0.805109433034694
0.29742700471591 0.792189759240034
0.27143537235675 0.80385180068904
0.2758789074077 0.801858091824426
0.356877143286211 0.765482192180862
0.27814952736293 0.800839913919033
0.272887645809642 0.803200324754879
0.272832814658428 0.803224995524215
0.270240855187914 0.804387734580333
0.272161883468799 0.803526054506284
0.26976002013586 0.804603392821778
0.274269350011391 0.802580523936022
0.28258244322756 0.798850978368269
0.290655635925097 0.79522846010379
0.276353197572024 0.801645352861915
0.312157413789891 0.785574975090666
0.296733570144554 0.792500849684603
0.268632732092208 0.805109214476031
0.374030767536354 0.757763527084053
0.280858303914229 0.799624603703713
0.290625070252462 0.795242180984426
0.290259513385543 0.795406290500194
0.277700338453664 0.80104279201864
0.297149155404268 0.792312969581569
0.284274653297303 0.798090852512948
0.272076202096747 0.803564496210415
0.268608764345376 0.80511996682242
0.268558990479615 0.805142313268672
0.27680753162887 0.801441472109839
0.321857565887193 0.781219000300259
0.370139133757135 0.759516961050868
0.271060469962433 0.804020133115621
0.283061750633239 0.798635838280933
0.295817120686361 0.79291113880089
0.302903353162092 0.789733092312428
0.276561247481607 0.801551987761212
0.273912944931933 0.802740611618954
0.293476601731379 0.793962903239448
0.318957276750123 0.782521796739834
0.29506881194034 0.793248311480477
0.274430895273151 0.802508738900885
0.273835704914466 0.802774894402034
0.309121298391424 0.786939846909609
0.268558990479615 0.805142313268672
0.31467459045091 0.784444683369843
0.273363580802061 0.802987069722387
0.27563851390451 0.801966908140052
0.290655635925097 0.79522846010379
0.290203231042463 0.795430140241324
0.306567838890207 0.788088504415779
0.279937033030586 0.800038307169939
0.284646298053615 0.797925967554454
0.313013681606075 0.785192276788832
0.300416745448054 0.79084643930289
0.287034441750354 0.796854115486547
0.272624238503464 0.803319012995085
0.2772416086796 0.80124690442931
0.274325737848216 0.802555208782762
0.286256820944769 0.797201204652233
0.283753000302993 0.79832558844377
0.268558374662103 0.805142593935817
0.292084832259328 0.794585761149913
0.283523178150092 0.798429449079255
0.297850529017155 0.7920004135705
0.314866521206111 0.784361738480426
0.303949787337788 0.789261722196856
0.295988985795476 0.792835290314744
0.270240855187914 0.804387734580333
0.287192807476687 0.796782225676202
0.275300420867053 0.802118102948596
0.293476601731379 0.793962903239448
0.278438538393805 0.800709820508372
0.322920303441609 0.780742987628929
0.362606603896789 0.762906402292318
0.285852497237164 0.797383511395077
0.289975153378451 0.795532515663019
0.300523836140406 0.790798386936813
0.280899525521472 0.799606107500107
0.29429289859217 0.793596488784038
0.290393407863325 0.795344775677042
0.32217215394784 0.781077604593577
0.386549705699223 0.75212581416854
0.278107767253538 0.800858704761774
0.290430470278879 0.795329117778077
0.271149489719844 0.803980101079835
0.280760797001297 0.799669174590774
0.284091106161648 0.79817366152013
0.273363580802061 0.802987069722387
0.288524446181262 0.796186242449054
0.268617486278882 0.805116073739689
0.301263973057576 0.790468033157296
0.287806382491958 0.796507217299667
0.312648319671875 0.785356802742555
0.304891072406758 0.788837935338259
0.275234886737417 0.802147423908554
0.280572944840102 0.799753508083217
0.290186501780225 0.795438347728582
0.277725305739135 0.801030237326721
0.274891915263251 0.802301132210275
0.300416745448054 0.79084643930289
0.313164292525533 0.785123214893449
0.314822721786887 0.784378155246699
0.30366837165675 0.789386439723596
0.267603653120066 0.805570899788315
0.321173820970542 0.781529087368167
0.275395139896733 0.80207586281205
0.293052590051273 0.794152954360483
0.27244229817683 0.803400614794067
0.284833220792955 0.797842132836498
0.273334024569777 0.803000021369656
0.268700647996238 0.805078751688085
0.27488108041824 0.802306049646983
0.289677391656523 0.79566683178951
0.292917136222225 0.794212084217967
0.271618379650554 0.80376991203171
0.269740639182091 0.804612088230464
0.313456425887772 0.784992144008223
0.281254661240101 0.7994461650202
0.272645629333417 0.803309038720772
0.288123787039969 0.796364799294738
0.293129438779662 0.794117173782997
0.277154204489172 0.801286845119739
0.276069904168733 0.801773238617731
0.314626573847291 0.784466263405151
0.27181125121612 0.803683539861194
0.308899231997578 0.787037959907001
0.296651185983856 0.792538354137335
0.290699037102664 0.795208135474315
0.272954484435092 0.803170203172135
0.268710158341281 0.805074510935936
0.323648741054945 0.780414287250102
0.27122313967036 0.80394743006107
0.321067041040652 0.781577097864119
0.284091106161648 0.79817366152013
0.27147463165844 0.803834119685889
0.268886999128153 0.804995176953265
0.267690079977424 0.805532108915843
0.274894328965452 0.802300537397209
0.271460340424139 0.803840531221689
0.275642598303149 0.801965221238963
0.285534300477516 0.797526203754725
0.323648741054945 0.780414287250102
0.275490513821714 0.802032723297376
0.300360550138732 0.790871730214093
0.294206277246006 0.79363425309092
0.291492839611699 0.794854521432993
0.26854475058726 0.805148716517018
0.273455864640511 0.802945560788833
0.308687614919438 0.78713244114014
0.383669399514405 0.753422771440262
0.333897488814812 0.775811483370396
0.266722901080275 0.805966059075821
0.276175518883956 0.801725493189745
0.269495714051731 0.804722273920143
0.273302958807761 0.803013880227723
0.27034268792458 0.804341999064361
0.27417794652748 0.802621603095631
0.301500200887414 0.790361177385903
0.275276148331475 0.802128911788392
0.268435846932745 0.805197748030965
0.308899231997578 0.787037959907001
0.272920591312416 0.803186038656503
0.279590484784609 0.800193086516755
0.300355889206062 0.790873844204335
0.290699037102664 0.795208135474315
0.2814136295261 0.799375404185892
0.332203428021938 0.776570338492022
0.283656722536778 0.798369117179779
0.269637722570244 0.80465859183339
0.285942116050201 0.797345733918955
0.266722901080275 0.805966059075821
0.266169322003047 0.806214239637817
0.264386264614525 0.80701412777353
0.33157401425746 0.776852765003878
0.27286224883851 0.803212211048319
0.277317403831534 0.801212757301149
0.267603653120066 0.805570899788315
0.280320939855117 0.799866097612154
0.281525217333185 0.799325047722681
0.281527797770346 0.799324488326818
0.270723201633254 0.80417128799165
0.363631247136291 0.762447715152525
0.288692240542882 0.796109091014703
0.300468512199954 0.7908231757884
0.281876725230465 0.799168036919257
0.280946674415306 0.79958543573972
0.305203939585747 0.78869988086897
0.274133928740529 0.802641047051536
0.272586855037085 0.803335501007671
0.273353352123926 0.802992140920499
0.292728499407992 0.794299131406525
0.300967388515379 0.790599286434871
0.308899231997578 0.787037959907001
0.28701419254594 0.796862021565998
0.275479719778803 0.80203756613727
0.277897872754659 0.800952603717635
0.303615678350125 0.789410135694584
0.306856265780952 0.787956883463944
0.27689053098114 0.801405258777762
0.27482428943528 0.802332074198111
0.300346512843412 0.790877976321743
0.30366837165675 0.789386439723596
0.29927415147304 0.791359983639482
0.275254745329943 0.802138512320842
0.267566081169807 0.805587754982651
0.271501303554279 0.803822152434935
0.279570542814265 0.800202036553624
0.268558374662103 0.805142593935817
0.264386264614525 0.80701412777353
0.285942116050201 0.797345733918955
0.27034268792458 0.804341999064361
0.272586855037085 0.803335501007671
0.278877871984038 0.800513377676036
0.354372397258519 0.766611852935151
0.306558337784436 0.788089001176503
0.288784199550141 0.796068201559879
0.26474010725085 0.806855387131589
0.286076820144045 0.797282909287543
0.307664566122223 0.787595264174328
0.284533856726739 0.797975176175648
0.292175173015713 0.794547238804928
0.268739105469058 0.805061832768332
0.305555010474755 0.788541778055034
0.267594593212059 0.805575011036293
0.279185545655875 0.800375539142017
0.292379791916627 0.794456125272103
0.348666524124829 0.769173375623888
0.296167963838323 0.792754414481156
0.284992151481398 0.797770838678554
0.273924038799295 0.802735544335201
0.276309752980315 0.80166573643881
0.31441320614514 0.784562058805959
0.293028602371493 0.794162604534035
0.294776208850896 0.793378106428126
0.300461030421795 0.79082651528391
0.269175212274064 0.80486591128856
0.275568625986709 0.80199804968142
0.26854133359678 0.805150118074712
0.286764198600934 0.796974467088542
0.333765326153134 0.775872050590513
0.290732051552348 0.795193296346885
0.288510271521551 0.796191927579586
0.279882128276051 0.800063095220953
0.314899810203053 0.784343552385483
0.330664332310854 0.777261673603245
0.273353352123926 0.802992140920499
0.305629254575047 0.788507727533291
0.30366837165675 0.789386439723596
0.264241321036567 0.807079264898632
0.30445204855213 0.789036133296151
0.288823492445461 0.796050959032587
0.267566081169807 0.805587754982651
0.296375631932511 0.792661806020143
0.288510271521551 0.796191927579586
0.268054160719375 0.805369010346
0.268470683287432 0.8051820984455
0.269072176640293 0.80491195563856
0.275158280603701 0.802182746199717
0.307950282139366 0.787464356756433
0.295318340100833 0.793134985245436
0.320296616698129 0.781921719693316
0.333509474412081 0.775985308646891
0.271697745436588 0.803734520086456
0.265115105714434 0.806687155374139
0.265841280956315 0.806361412731881
0.277246737704826 0.8012447654637
0.265020722484034 0.806729514731338
0.313843838209495 0.784817781102498
0.31040681481406 0.786363078238141
0.306917878657137 0.787927572581587
0.313195987503235 0.785109245266876
0.272662655568877 0.8033017836238
0.295318340100833 0.793134985245436
0.268748665176558 0.805057265063303
0.313195008048697 0.785109320980643
0.277387941929578 0.801181939035238
0.315916045234261 0.783888157131568
0.290901116142065 0.795117573866233
0.294755044694489 0.793389152825399
0.285430243843912 0.79757255807408
0.290778761678757 0.795173131930937
0.293028602371493 0.794162604534035
0.312305184134971 0.785510373436759
0.302758738254236 0.789796608781203
0.352795284782075 0.767314111336334
0.273337064840371 0.802999576638728
0.307950282139366 0.787464356756433
0.270724500601179 0.804170697918033
0.312441848897703 0.78544924417666
0.313195008048697 0.785109320980643
0.294755044694489 0.793389152825399
0.28372447172198 0.798339625292786
0.26854133359678 0.805150118074712
0.271500932265265 0.803822466535288
0.290384924606004 0.795351659568421
0.271697745436588 0.803734520086456
0.278343920062567 0.80075255271109
0.295468067081948 0.793067675986883
0.309961611257679 0.786562815185446
0.28950710120118 0.795743611803019
0.332203428021938 0.776570338492022
0.275840123948768 0.801875743718863
0.266313099447477 0.806149829926994
0.320845573800792 0.781676263889596
0.265767078492508 0.80639470395891
0.267756287990131 0.805502666631443
0.274870370618712 0.802311863557156
0.285507362818568 0.797538007977024
0.286101625975292 0.797271738476273
0.28491285836794 0.797805599299887
0.274812533867194 0.802337178382438
0.323702442058882 0.780388355309028
0.270698179260478 0.804182505810152
0.289104871747759 0.79592435491895
0.285093575923718 0.797724096041383
0.313208825330806 0.785103530779576
0.265760625055506 0.806397600503262
0.273008436926742 0.803145980335312
0.269959812491232 0.804513889487136
0.320769940054566 0.781707811882965
0.26744747591292 0.805640945477799
0.293183644198091 0.794094028919658
0.282179893086137 0.799032129725849
0.285093575923718 0.797724096041383
0.303862662997725 0.789299110577491
0.27451584277357 0.802470261507762
0.271080875797286 0.804010782205775
0.281876725230465 0.799168036919257
0.265583160239868 0.806477348261128
0.304179063197363 0.78915857600814
0.280130193253208 0.79995202261257
0.266846758224397 0.805910543225092
0.274662033725303 0.802404684601006
0.266443691843388 0.806091191743462
0.269278009646852 0.804820035230379
0.30184229960554 0.790206491641298
0.323677064669714 0.780399773370159
0.275498459868069 0.802028928646091
0.282181080623355 0.799031597450162
0.268159403984545 0.805321939652325
0.300784655708466 0.79068057361791
0.284434928515307 0.798019804723469
0.280572944840102 0.799753508083217
0.278225477103705 0.800805645641411
0.281058344945791 0.799535607957313
0.278466855607333 0.800698690385368
0.302676505530966 0.789832351300259
0.268599629516397 0.805124276459817
0.314297889893909 0.784616354300949
0.367695347344982 0.760616916705846
0.375145920717186 0.757263557828948
0.367634522098676 0.760644211121358
0.376554828690657 0.756630013977116
0.373726479160613 0.757902088944582
0.35732614731938 0.76528059452772
0.375145920717186 0.757263557828948
0.365340799834761 0.761673602852095
0.320992410637178 0.781610863125345
0.373526345096289 0.757996422817437
0.362960725988405 0.762743219333576
0.387675908329689 0.751621492900071
0.382374439704542 0.754008788274712
0.286540705443301 0.79707389281675
0.301091828880373 0.790543530410847
0.286569148578777 0.797061117888682
0.282091208162283 0.799072133775971
0.281117646742178 0.799507331632657
0.287319365550049 0.796724379484347
0.301091828880373 0.790543530410847
0.281800055013661 0.799202718900286
0.281117646742178 0.799507331632657
0.281150916650493 0.799492409187575
0.374096790670375 0.757728676966444
0.276998044230009 0.801355906352103
0.318992286263862 0.782506975910224
0.281117646742178 0.799507331632657
0.308874491087923 0.787052181847982
0.280425297078175 0.799818023974182
0.285634767181893 0.797480849233055
0.379269720049034 0.755410270380071
0.36291921323257 0.762763235481863
0.283090144136532 0.798622191391625
0.278241808751526 0.800798636985556
0.275691311665219 0.801942223484231
0.280056721412569 0.799983645718212
0.301848769997849 0.790203627616617
0.286679441215101 0.79701155600336
0.283090460089026 0.798622050005214
0.275691311665219 0.801942223484231
0.280702803231845 0.799695332995006
0.277163402814518 0.801282034222372
0.280479058196891 0.799794059361361
0.386754863307584 0.752035450265661
0.314951130167324 0.784322613982755
0.278241808751526 0.800798636985556
0.287319378747649 0.796724373578019
0.276003200479709 0.801802277298044
0.274227894216433 0.80259883084794
0.281197833712236 0.799471401742768
0.275483986727019 0.802035349369042
0.273112405048183 0.803099384006948
0.29466704611921 0.793426767063176
0.280346089372428 0.799853785362342
0.292695102921426 0.794314818431015
0.280056721412569 0.799983645718212
0.313489562087665 0.784977382295879
0.275745686586648 0.801918018899027
0.302601581720222 0.789865319397655
0.277171650253865 0.80127799529478
0.282503249987497 0.798885717044818
0.284937642196901 0.797793363995659
0.273112405048183 0.803099384006948
0.285693135171877 0.797454171300336
0.291214715402843 0.794976202203525
0.287084779866334 0.79682951090558
0.280744156564131 0.799675199327915
0.276231429063572 0.801700868359967
0.313489562087665 0.784977382295879
0.282996687760437 0.798664133657101
0.273171238763854 0.803072979333426
0.285072770999024 0.797732584378425
0.280056721412569 0.799983645718212
0.284937642196901 0.797793363995659
0.277169477109419 0.801278983741256
0.274431306797996 0.802507568291102
0.280384231049868 0.799836686248286
0.282854299925579 0.79872819605316
0.272782248410401 0.803247570596532
0.284348362386649 0.798057705316239
0.33397418886739 0.775777755190959
0.370532616392578 0.759339402833941
0.276652742590748 0.801510838177507
0.292841891270635 0.794247909585852
0.272782248410401 0.803247570596532
0.298182063775862 0.791849879919536
0.325745955994125 0.779472401044278
0.386616972319618 0.752099079044089
0.280836709316991 0.799633472128548
0.291747904447421 0.79473900335801
0.272782248410401 0.803247570596532
0.30108278798353 0.790549744483619
0.383386487106222 0.753553044967626
0.386850456363087 0.75198818702734
0.274591672428663 0.802435619209701
0.28191174431899 0.799151025842486
0.313732781465081 0.784870221624963
0.276400685531932 0.80162404263988
0.27272866643539 0.803271631696685
0.275483986727019 0.802035349369042
0.278593834227784 0.800640677099259
0.27272866643539 0.803271631696685
0.280056721412569 0.799983645718212
0.291765833716445 0.794728692245191
0.34702087762495 0.769913910984034
0.28191174431899 0.799151025842486
0.386237251973756 0.752269861040302
0.387587348314238 0.751662932007796
0.268373124144491 0.805225687386181
0.293335398898936 0.794026253659276
0.272648278387459 0.803307698016444
0.276970270330853 0.801369316442902
0.298182063775862 0.791849879919536
0.285360373274682 0.797603344842212
0.288681708393603 0.796114630946409
0.282841816190976 0.798734195086651
0.278593834227784 0.800640677099259
0.284245656413465 0.798104044072125
0.363539877590505 0.762480020329301
0.281474151348134 0.799347379565173
0.386616972319618 0.752099079044089
0.272876111951433 0.803205312613639
0.26854556441963 0.805148330109835
0.270797822321519 0.80413794809561
0.2849566232741 0.797785905649069
0.315697633069139 0.783985371360225
0.293706816667592 0.793857985254436
0.27253234892409 0.80335958683782
0.277236428700326 0.801249046328706
0.273213270962349 0.803054193825585
0.309612716695923 0.786721960829456
0.283715073102352 0.798341833637959
0.268510827477745 0.805163884622616
0.285909498687806 0.797356886761149
0.318311267537968 0.78281452045862
0.271098995773261 0.804002774311983
0.288255076652604 0.796304621035481
0.302374014597078 0.789968148199484
0.269569825855337 0.804688849427348
0.272391385879305 0.803423839642479
0.362572434555844 0.762921073187384
0.273213270962349 0.803054193825585
0.268373124144491 0.805225687386181
0.270234790747198 0.804390676398408
0.266293520211631 0.806158580878924
0.268373124144491 0.805225687386181
0.284145935565753 0.798149098171496
0.285636307297986 0.797480758016572
0.315700065909079 0.783984272920207
0.284231911930507 0.798110233108338
0.293555690615993 0.793926489341165
0.278593834227784 0.800640677099259
0.272391627573468 0.803423731359883
0.294101517780898 0.793681240178688
0.288565700440973 0.796165372219718
0.286680255029105 0.797011494470422
0.362572346309478 0.762921112835879
0.313214973370242 0.785103191574663
0.313137497816911 0.785137495694999
0.362572434555844 0.762921073187384
0.268717422159732 0.805071233059323
0.266293520211631 0.806158580878924
0.302494777348529 0.789914153223592
0.269596265905089 0.80467698107086
0.273782921698204 0.80279961359781
0.280286166231567 0.799880693740858
0.287958469277799 0.79643748635091
0.333901012303333 0.775808897525215
0.291765833716445 0.794728692245191
0.298989148087913 0.791488855413141
0.275627948308302 0.801970907835125
0.278848428055185 0.800526817449005
0.274227894216433 0.80259883084794
0.27869586261086 0.800594268675401
0.280847708258108 0.799628500267016
0.282146678403617 0.799046655268604
0.266293520211631 0.806158580878924
0.272391627573468 0.803423731359883
0.289339885910952 0.795817907727845
0.291638191301173 0.794785994751563
0.26958655470449 0.804681336889823
0.270254637445824 0.804381653446407
0.276112753592662 0.801753363724507
0.27015288737509 0.804427304252215
0.291105815365897 0.795025188070495
0.303810267262671 0.789324028772438
0.267119570866041 0.805787983264574
0.281532086031194 0.799322451563725
0.286680255029105 0.797011494470422
0.359045483072603 0.764508664715182
0.318537957071329 0.782711727998495
0.270605738302394 0.80422411608639
0.382934668189896 0.753761268432087
0.282252524631096 0.798999436198276
0.268373124144491 0.805225687386181
0.39463069892824 0.748490176965977
0.263104273742991 0.807589220239473
0.292959268217042 0.794193523001987
0.266155263512076 0.80622061571122
0.274274116963928 0.802578316865806
0.267091837074591 0.805800416838567
0.292000074552465 0.794623535778845
0.283304601465082 0.798526120371419
0.270656872225567 0.804201163859373
0.27593532679475 0.801833792407252
0.273515996157162 0.802918309575824
0.279680243018593 0.800152733453288
0.286067254667745 0.797287540620378
0.27869586261086 0.800594268675401
0.347827150890405 0.769553594968102
0.271860029858199 0.803661247081486
0.277797692374269 0.800998353380828
0.282186803697257 0.799028611767008
0.301641212864364 0.790297478885574
0.272725724363567 0.803274006057313
0.28793725479477 0.79644818752171
0.294989901822458 0.793282412903528
0.272526189408735 0.803362484111774
0.304109742735577 0.789189555043554
0.286680255029105 0.797011494470422
0.277694749942951 0.801043514474955
0.265485745905814 0.806521076608362
0.263912534001456 0.807226632437032
0.280208922998686 0.79991552525975
0.306362902921432 0.788177537834064
0.286626423400523 0.797035769133169
0.266289067772176 0.806160577321389
0.275628919887661 0.801970471858513
0.281845748000679 0.799181360635343
0.263912534001456 0.807226632437032
0.26558494090986 0.806476436869601
0.269721511667536 0.80462078924326
0.283058508722584 0.798636513695543
0.26951509042378 0.804713418175265
0.275628919887661 0.801970471858513
0.276467984711148 0.801594497342106
0.281813710441619 0.799195691184261
0.284906469103564 0.797808438892956
0.276594951782788 0.80153697752831
0.298735153899197 0.791601484113627
0.278863580166495 0.800519530400906
0.27869586261086 0.800594268675401
0.263104273742991 0.807589220239473
0.291471440790411 0.794861076440096
0.264078023523107 0.80715239658089
0.288846354164713 0.796040297636365
0.272095908034677 0.803555554069722
0.268961756722836 0.804961518257087
0.313732781465081 0.784870221624963
0.295813366400101 0.792912436845223
0.275260437536265 0.802135785955516
0.302273860244142 0.790013407966349
0.271098995773261 0.804002774311983
0.270840657610471 0.80411875301671
0.282480537027414 0.798895747538746
0.291078627916701 0.795037388597808
0.288942775106038 0.79599579724104
0.262037438245133 0.808067739212078
0.265732295888028 0.806410470094073
0.280683118057276 0.799702624154444
0.280828524237413 0.799637467541439
0.274400713158725 0.802521512022552
0.280964626436364 0.799576033250549
0.284708669121108 0.797897212680471
0.265632888420249 0.80645491343906
0.293230605685722 0.794071900760585
0.280396138531788 0.799831282916317
0.27434042615034 0.802548400215577
0.289840304496405 0.795593544714899
0.268291243475319 0.805262450650862
0.264078023523107 0.80715239658089
0.263442446068111 0.807437518871419
0.2708637684865 0.804108277386827
0.272934029917878 0.803179510041146
0.282950535094378 0.798685365097303
0.28683423712384 0.79694313556352
0.283018440078475 0.798654839415291
0.276228039983312 0.801701516689278
0.292032724080087 0.794608881730051
0.28014084681719 0.799945832652216
0.333904836620712 0.775808621834729
0.283701470953009 0.798348343188464
0.343140282079752 0.771661859595924
0.277707640576405 0.801037965873786
0.280211574614618 0.799914139532835
0.276479203007196 0.801588984169334
0.323523787386925 0.780470055435604
0.290116620205442 0.795469445681649
0.267119570866041 0.805787983264574
0.268291243475319 0.805262450650862
0.276228039983312 0.801701516689278
0.263442446068111 0.807437518871419
0.264429173327653 0.806995057072123
0.263463769688454 0.807427907410169
0.28184440787679 0.799181929170993
0.272013923907744 0.803592241497717
0.293220739705501 0.794076330895084
0.263442446068111 0.807437518871419
0.340087833693733 0.773029042860416
0.287845980861076 0.79649004438447
0.286497446457571 0.797094122314072
0.269658141510464 0.804649209616461
0.308215555380433 0.787346169013313
0.366570179734301 0.76112202788314
0.27136981128288 0.803881809477322
0.283018440078475 0.798654839415291
0.278071969913082 0.800874525010805
0.26424096636682 0.807079408197241
0.297337323988928 0.792228347594905
0.268772336387776 0.805046492936999
0.278745234499626 0.800572162706036
0.280395778983527 0.799831444257961
0.302494940178075 0.78991408008314
0.287253798927128 0.796754204114743
0.267119570866041 0.805787983264574
0.283132758049146 0.798603544835842
0.272300345003887 0.803463808152887
0.270690369304427 0.804186119052802
0.284422771545843 0.798024992102948
0.26940125533548 0.804765144265518
0.271452658242167 0.80384402546872
0.302494909337703 0.789914093867921
0.269100592737792 0.804899324066447
0.268763287687216 0.805050552419672
0.302494777348529 0.789914153223592
0.282280599073332 0.79898611201712
0.291069864582327 0.795041416149428
0.287287550083065 0.796739725721676
0.286497446457571 0.797094122314072
0.281744504274465 0.799226424446541
0.277262623710735 0.80123751844328
0.29382401680603 0.793806114059608
0.276681083351435 0.801498095517394
0.295526993898858 0.793040914206941
0.286991580048055 0.796872163058692
0.293234712370187 0.794070741698019
0.26424096636682 0.807079408197241
0.287320502322839 0.796724330926503
0.27348275864624 0.802933185405831
0.275260307479973 0.802135831023444
0.292032724080087 0.794608881730051
0.282961078247262 0.798681070138812
0.292032724080087 0.794608881730051
0.265043290283149 0.806719633561601
0.265732295888028 0.806410470094073
0.269274679333174 0.80482113736982
0.396425205667218 0.7476826686839
0.276321953630359 0.80165954276711
0.277620303353191 0.801077160207893
0.27348275864624 0.802933185405831
0.291423246691157 0.794884031331238
0.2910993178386 0.795027989102344
0.268635183656703 0.805108284657489
0.276916261765017 0.801392904025
0.265258206805897 0.806622963757066
0.270690369304427 0.804186119052802
0.28474237198367 0.79788158683829
0.276479203007196 0.801588984169334
0.282418014040267 0.798924471111068
0.267974497972178 0.805404557417943
0.264034511259207 0.807171915604672
0.263331713504515 0.807487245787834
0.265486749618156 0.806520442673987
0.267684535957549 0.805534458843373
0.27112897896595 0.803989391407059
0.29489471458286 0.793324553757525
0.27486482698462 0.80231331217801
0.27434042615034 0.802548400215577
0.283424749766313 0.798472845245398
0.286346630898643 0.797161797934009
0.265269974122546 0.806617681412613
0.273897196615637 0.802747628937713
0.279053086016777 0.800434581066064
0.281074899258369 0.799526759401178
0.26791185238367 0.805432604230369
0.302198162367174 0.790046433504469
0.285571360476084 0.797510378518672
0.274938452421553 0.802281020898829
0.336011959115116 0.774861140973501
0.291090038939965 0.795032277494415
0.273678349511599 0.802846147907467
0.290232679427843 0.795417124587614
0.262948141796668 0.807659233113426
0.27347619728671 0.802936139650504
0.281074899258369 0.799526759401178
0.271745436754963 0.803712821285324
0.29515738901315 0.793206726756271
0.282079685611262 0.79907637761277
0.282391735313685 0.798936230063775
0.278769017929145 0.800561197062741
0.314181511701719 0.784666228156169
0.27802283336911 0.800896544606867
0.283549679813902 0.798416846546796
0.267493781567002 0.805620244832302
0.264057374014185 0.807161789110116
0.335862260974809 0.774928439999785
0.288017210854482 0.796411312820642
0.278559534362347 0.800655519161955
0.294124058567459 0.793671236088392
0.38978866756 0.750672449042471
0.264865544106796 0.806799270890242
0.294341146034544 0.793573317229146
0.27194603262834 0.803623130708702
0.27347619728671 0.802936139650504
0.265494983124074 0.8065167319138
0.282573873861506 0.798854937533319
0.302198162367174 0.790046433504469
0.262037438245133 0.808067739212078
0.285979784204501 0.797326060246046
0.281074899258369 0.799526759401178
0.290955128074891 0.795092829806135
0.282401617542141 0.79893144900679
0.264182049256459 0.807105868251276
0.267881814830321 0.805446316522475
0.287075906129268 0.79683586056318
0.361629043390371 0.763341971822711
0.288802819510292 0.796060121421106
0.264236558009997 0.807081385891718
0.272189035321934 0.803514165234219
0.273478823868664 0.802935333849441
0.291205276292447 0.794981052529683
0.288403063523656 0.796238095231842
0.361446262266034 0.763424198604909
0.267433561257838 0.805647361440708
0.269145158985701 0.804879301166983
0.262037438245133 0.808067739212078
0.283457035678763 0.798458244046604
0.285854565460068 0.797382490669438
0.262948141796668 0.807659233113426
0.311647452239882 0.785803749779752
0.261928882160536 0.808116480417892
0.272189035321934 0.803514165234219
0.263649092648898 0.807344927167255
0.39348375794541 0.74900599898115
0.261928882160536 0.808116480417892
0.286298999441064 0.797182942271272
0.362342022887807 0.763020951401223
0.304025973219382 0.789226873721707
0.272894444187574 0.803197712744425
0.356643457963838 0.765588629951779
0.308080794094717 0.78740701642817
0.361446262266034 0.763424198604909
0.393946429346579 0.748796766184011
0.296500858699678 0.792605011011522
0.267394781248115 0.805664513977105
0.392146620236591 0.749610411115125
0.283507898437496 0.798435592462871
0.28727450048594 0.796744572655767
0.286418636028815 0.797129150604268
0.263649092648898 0.807344927167255
0.303319689955698 0.789543108975453
0.274561682955292 0.802449371016029
0.287741229331916 0.796537850230838
0.313659808222905 0.784900401950186
0.276495513197621 0.801582081002349
0.376117849546067 0.756827028040663
0.304159603167406 0.789166898434991
0.285016877936035 0.79775881806515
0.313659808222905 0.784900401950186
0.293402003353289 0.793996425199586
0.376117849546067 0.756827028040663
0.306351339230254 0.788183669957045
0.261928882160536 0.808116480417892
0.360792493998832 0.763718290563379
0.285914711606136 0.797355685329521
0.279777351511736 0.800109219131649
0.36550696314417 0.761597900713268
0.274451485706885 0.802498822838464
0.269529739670716 0.804707018199247
0.267743577244747 0.805508211787929
0.275712612082476 0.801933013711233
0.288342193881917 0.796265386635599
0.287522094643459 0.796633540443038
0.291910004843063 0.794664719135081
0.267031931800637 0.805827344158425
0.267119570866041 0.805787983264574
0.372268912288094 0.758555871477994
0.270216885246559 0.804398724380835
0.261928685328076 0.808116568707261
0.278613790327671 0.800631121121424
0.269461182198996 0.804737601341584
0.269747490746592 0.804609189854532
0.280017909531026 0.800001388816301
0.264904016762398 0.80678186045938
0.264893347782733 0.806786862964496
0.273784691491221 0.802797958202809
0.290456638743486 0.79531687173308
0.359016740704137 0.764519790536512
0.259624266122597 0.80915022387208
0.285914711606136 0.797355685329521
0.282082043911427 0.799075203966629
0.278589555972756 0.800641997832722
0.305721608425631 0.788468311269715
0.310297106688895 0.786413234242125
0.278687807564543 0.800597912915862
0.263713985929227 0.807315821625625
0.352631974993145 0.767393879472387
0.280235204405051 0.799904309159395
0.313559587314553 0.784945457606351
0.312588445156271 0.785381294586635
0.275171442756793 0.802176301206243
0.310869550578998 0.786154549800285
0.263711947907571 0.807316736244171
0.306351339230254 0.788183669957045
0.264170456359822 0.807111066022158
0.305721608425631 0.788468311269715
0.276317221090689 0.801661529601462
0.32797020260936 0.778477782975046
0.259792185933841 0.80907490964551
0.272972210416577 0.803162822859736
0.304082991486132 0.789200442859787
0.276406421757208 0.801621755225024
0.319589085423446 0.782240023072919
0.268280507624031 0.805267395308121
0.270768867912456 0.804151880974613
0.279782916110006 0.800107361919441
0.272894444187574 0.803197712744425
0.26494239968056 0.806764891535145
0.266526004315626 0.806054213094542
0.267031931800637 0.805827344158425
0.290352452836623 0.795363635983402
0.364271768226633 0.762157271387432
0.36775917694253 0.760584060843617
0.276254865908902 0.801689776941562
0.263838766267052 0.807259786609418
0.265329162917887 0.806591119503392
0.272784579648261 0.803246976124771
0.270521979937808 0.804261660759408
0.296500858699678 0.792605011011522
0.260541362933394 0.808738893479642
0.262120261537533 0.808030627088617
0.276912833968822 0.801394414551507
0.264030766781511 0.80717389237556
0.295973721916448 0.792841436417122
0.262631564406194 0.807801285477112
0.335862260974809 0.774928439999785
0.274302953129266 0.802565478703759
0.290989291797763 0.795077491182909
0.259624266122597 0.80915022387208
0.377872816094326 0.756032898156933
0.273069251375818 0.803119767279266
0.268914171194289 0.804983157446171
0.275599561849201 0.801984175984646
0.308938377589866 0.787020380829828
0.283670819018998 0.798363042047616
0.312557275891656 0.785396953385567
0.262633598187032 0.807800448907452
0.262631564406194 0.807801285477112
0.268207401223479 0.805299930790395
0.277817866785851 0.800988305110478
0.289122186684513 0.795916027807367
0.259811800185024 0.809066115530387
0.259624266122597 0.80915022387208
0.268915967542764 0.804982211223916
0.261928685328076 0.808116568707261
0.266211586783579 0.806195850334005
0.268176711906332 0.805313860196497
0.287638297034641 0.796581285180761
0.280563761037162 0.799756726557625
0.272973656565028 0.803161719181829
0.308773662047952 0.787095050959655
0.370578685304853 0.759320657970449
0.267319744255801 0.805698445610688
0.279988191306834 0.800014474629915
0.259804644229541 0.809069290618235
0.271414081317366 0.803861657811276
0.36866977016619 0.760181479497467
0.273234220056444 0.803045652747106
0.278264878243842 0.800787913564052
0.26294068565866 0.807662671784396
0.259624266122597 0.80915022387208
0.281927309022229 0.799144888710606
0.27328162778408 0.803024698680665
0.259624266122597 0.80915022387208
0.277688061720023 0.80104657443297
0.285847262239668 0.797385690782011
0.284689180815892 0.797905860505389
0.259624266122597 0.80915022387208
0.282749194800509 0.798776463221966
0.272189035321934 0.803514165234219
0.282897040548314 0.798709469255011
0.263651861369724 0.807343612163813
0.28727450048594 0.796744572655767
0.284322848399467 0.798070419409812
0.259624266122597 0.80915022387208
0.262950056439794 0.80765846850898
0.292658908642289 0.794329808816582
0.279530032889922 0.800220302428369
0.266664233016909 0.805992371265787
0.266211586783579 0.806195850334005
0.281927309022229 0.799144888710606
0.273814886197666 0.802785382566229
0.26234598384587 0.807929501828753
0.262872365952421 0.807693428404571
0.279711374295475 0.800138939558259
0.263294809646361 0.807503986929627
0.279561601468476 0.800205997506377
0.279988191306834 0.800014474629915
0.28618521673941 0.79723383618168
0.312630035193191 0.785362245704037
0.301178326158758 0.790506891027153
0.264865544106796 0.806799270890242
0.259368132249892 0.809265105140841
0.365494880736808 0.761606621055869
0.276554900733151 0.801554758611156
0.274451485706885 0.802498822838464
0.279380299065853 0.800287275170639
0.285781211544831 0.797415692885766
0.259368132249892 0.809265105140841
0.268794921526877 0.805037217463116
0.259486275434394 0.809212116719861
0.262457374749337 0.80787954600539
0.271675638152947 0.803744237098517
0.282270636453917 0.798990710776705
0.302690934346401 0.789825256389453
0.267123761304687 0.805786308754204
0.279493705298154 0.800236966748443
0.277251725280829 0.801242254324884
0.279475982600058 0.800244314879848
0.272285399062026 0.803471278677353
0.286828571387924 0.796944841737825
0.266145761564679 0.806225014862634
0.285508488959447 0.797536885624776
0.277962962128233 0.800923407304229
0.281895357236277 0.799158875409772
0.291549986648013 0.794826372827693
0.26997568548639 0.804507011475775
0.27325325706976 0.803037443574125
0.25908146823265 0.809393677119216
0.263390664865204 0.80746081586341
0.272196739612857 0.803510764529453
0.288754229759482 0.796080504548347
0.262293977539906 0.807952826293142
0.27442314015923 0.802511824502896
0.291288651979991 0.794943141345425
0.275031958118275 0.802238402751093
0.283409145103345 0.798480619965985
0.268815084770726 0.805028294277253
0.286560658522823 0.79706528274226
0.391874089146286 0.749723450446941
0.278935236623079 0.800487686386993
0.263680197198531 0.807330901026517
0.387299832400963 0.751783862824237
0.274363537186605 0.802538229232223
0.282270636453917 0.798990710776705
0.260541362933394 0.808738893479642
0.306960742902501 0.787908434821711
0.264722758227453 0.806863328435317
0.268252931752631 0.805279677220234
0.27911354324937 0.800407128870443
0.270378153440594 0.804326467951385
0.275814679298291 0.801887205925941
0.276552090406353 0.801556019806294
0.386775216252002 0.752020319573853
0.291465038397443 0.794863762267002
0.279550196265525 0.800211384266865
0.363285968817351 0.762599995435294
0.266411939410419 0.806105617249421
0.292026719460465 0.794611532643127
0.281016244210437 0.799553478905768
0.293840941745612 0.793798818773298
0.281577348953431 0.799302187839736
0.271439838136704 0.803850094111233
0.276615179910197 0.801528514970192
0.281040753435463 0.799542370933024
0.263351240832458 0.807478541356487
0.279502375049536 0.80023246086535
0.388724204773582 0.751142358920309
0.284490513826417 0.797996361647839
0.264847014355141 0.80680754827081
0.292026719460465 0.794611532643127
0.2607447263106 0.808647676592074
0.284447993858768 0.798012847902061
0.383436700608242 0.75352347763484
0.358746450845197 0.764646423180308
0.359152852925615 0.764457153904404
0.270620239542175 0.804218316065925
0.28462412468065 0.797933815649613
0.279331022689565 0.800310601581092
0.265533860058552 0.806499495555645
0.270620239542175 0.804218316065925
0.268724367748048 0.805068444715287
0.276562935624804 0.801551741391844
0.285435015508236 0.797570549967352
0.271662361412927 0.803750632810825
0.269299585834042 0.804810454910695
0.263613440615477 0.807361065382462
0.278212520782068 0.800811425302369
0.358746450845197 0.764646423180308
0.275031958118275 0.802238402751093
0.272222878093987 0.80349931719852
0.25916580429245 0.809355851131937
0.279331022689565 0.800310601581092
0.264865544106796 0.806799270890242
0.358746450845197 0.764646423180308
0.283196963793184 0.798574736002154
0.271886080921756 0.803650318345709
0.274602610902332 0.802430887496258
0.312403560938759 0.785464270135882
0.269299585834042 0.804810454910695
0.323015790256151 0.780702931423237
0.262590931066286 0.807819631106358
0.262293977539906 0.807952826293142
0.274602610902332 0.802430887496258
0.262462416557825 0.807877270069035
0.291140379687805 0.795009636736514
0.269279645515319 0.804819612442806
0.274753041065921 0.802363726296037
0.268924643372001 0.804978369819381
0.268720986409266 0.805069782445611
0.298363654187253 0.791768219552992
0.274602610902332 0.802430887496258
0.288772153994157 0.796072411723318
0.298850940158296 0.791548759301151
0.277836448539147 0.800980153089174
0.273225805873172 0.803049456467313
0.323015790256151 0.780702931423237
0.266411939410419 0.806105617249421
0.287940962033905 0.796446091440989
0.273020526241539 0.80314174658165
0.263354489113756 0.807477157578959
0.277076463207641 0.801321145025398
0.265533860058552 0.806499495555645
0.282423673414328 0.798921288095565
0.275716189697456 0.801931243141511
0.30192050017272 0.790172161764725
0.268214234750033 0.805297618008082
0.25908146823265 0.809393677119216
0.291140379687805 0.795009636736514
0.297412824073611 0.792194910485449
0.28301492616035 0.798656444148771
0.270054057933315 0.804472565442998
0.279533672365546 0.800218397897361
0.260491682677621 0.808761158065349
0.285786382666061 0.797413727031824
0.278212520782068 0.800811425302369
0.267149344362146 0.805774816047608
0.355888157423825 0.765924225506601
0.260491682677621 0.808761158065349
0.275117345241311 0.802200245194015
0.262293977539906 0.807952826293142
0.270144747884899 0.804431267845888
0.268120792068682 0.805339073186867
0.261405824490722 0.808351201775716
0.273382845601802 0.802978557277841
0.26068421952898 0.808674795640558
0.287940962033905 0.796446091440989
0.327179191378296 0.778828894525668
0.2607447263106 0.808647676592074
0.275741440502001 0.80192003655867
0.288635338304249 0.79613386205724
0.272285399062026 0.803471278677353
0.275306739245426 0.802115305952954
0.279907078525773 0.800051721066808
0.27931836303995 0.800314747967073
0.281555215267563 0.799311469684976
0.25908146823265 0.809393677119216
0.274121419262813 0.802647374882484
0.26142408048073 0.80834301403228
0.259575627452086 0.809172026068632
0.262293977539906 0.807952826293142
0.327179191378296 0.778828894525668
0.268214234750033 0.805297618008082
0.25908146823265 0.809393677119216
0.298116510711672 0.791879137759071
0.367157758045968 0.76085993908082
0.276504423439063 0.801578011015639
0.26068421952898 0.808674795640558
0.318425905988406 0.782760592268315
0.276394104655786 0.801627486822241
0.278212520782068 0.800811425302369
0.266290858037324 0.806160226231249
0.281611837344003 0.799286164080613
0.308628172350579 0.787160456910687
0.277341593348051 0.801202465437704
0.287914097751196 0.79645812940244
0.324518603579719 0.780025379430795
0.304943984096924 0.788813601560126
0.306888291257144 0.78794180846308
0.267955998509445 0.805413036090606
0.259083368223236 0.809392824954888
0.290554592955624 0.795274484348137
0.261133679427146 0.808473206393647
0.30472051823919 0.788913985718095
0.273136782009371 0.803088680517718
0.260480381436765 0.808766242425664
0.301629402723812 0.790302319357764
0.323015802838511 0.780702925766952
0.349561234591372 0.768772605331651
0.306139637776417 0.78827744273222
0.269062360778018 0.804916532514393
0.281895357236277 0.799158875409772
0.275741440502001 0.80192003655867
0.260149775426203 0.808914526920723
0.288072993925966 0.796386804787674
0.285508488959447 0.797536885624776
0.258863080456809 0.809491627541615
0.306888291257144 0.78794180846308
0.25908146823265 0.809393677119216
0.297412824073611 0.792194910485449
0.302713800776716 0.789815976751246
0.314037215231561 0.784730299688971
0.266937825694368 0.805870051568903
0.266884360475352 0.805893618576587
0.267948131250066 0.805416562643309
0.278140830344582 0.800843399991645
0.279454911198577 0.800254457006561
0.269891467614502 0.804544727131133
0.266743885151746 0.805956606518338
0.290667791686451 0.79522391682175
0.293307778855807 0.794037498855192
0.271367728027102 0.803882577805626
0.327462883962896 0.778701071441388
0.266884360475352 0.805893618576587
0.263680197198531 0.807330901026517
0.269748948464757 0.804608525156022
0.293298003303692 0.794042322485605
0.330229573283392 0.77745862684147
0.278277961371471 0.800781874689747
0.265347542907567 0.806583068570437
0.312620022824062 0.785366745379
0.286476781403542 0.79710472757705
0.260877733564223 0.808587991407596
0.306162294153228 0.788267721308259
0.274111302575082 0.802652283729485
0.306247902982039 0.788229285173393
0.282092832876688 0.799070173125252
0.265753043316821 0.806401190000741
0.304264409466141 0.78911924355918
0.311124913481549 0.786039216588774
0.275945183842663 0.801828482648509
0.270201508209981 0.804405549671416
0.268590250447678 0.80512842697624
0.266196614909451 0.806202190830116
0.258919975556265 0.809466108086687
0.263680197198531 0.807330901026517
0.298487837966239 0.791712658652646
0.258843438400096 0.80950043791857
0.277510261193935 0.801126793456906
0.264304626143339 0.807050746757563
0.282545451767974 0.798868136163998
0.258962095067568 0.809447216970883
0.262293977539906 0.807952826293142
0.27931836303995 0.800314747967073
0.261343282118434 0.808379170095286
0.29335583036604 0.794017269294719
0.300969833136307 0.790598007370575
0.261389897049361 0.808358275774629
0.27708404381699 0.801318035069752
0.275820823095518 0.801884424855206
0.261974691468019 0.80809592940743
0.305857302515401 0.788403451539071
0.267655671318042 0.805547809204736
0.298882351879903 0.791537245070054
0.278552181846647 0.800659380077984
0.27299735429739 0.803151547409008
0.292114840985222 0.79457287620037
0.324538807650136 0.78001557254785
0.314003323284105 0.784746461204002
0.260620548104294 0.808703346465395
0.315952650928919 0.783873024055356
0.286452589400875 0.797115434836271
0.278462440860212 0.80069882935591
0.263706726287331 0.807318946788644
0.288015145704122 0.796412946941878
0.265466097049233 0.80652982213872
0.276562935624804 0.801551741391844
0.258961672356585 0.809447406567783
0.291288651979991 0.794943141345425
0.286942462773641 0.796894382253676
0.268925706583243 0.804977959660505
0.327724177352549 0.77858392083527
0.263362798269029 0.807473357567157
0.349527650437476 0.768785918033525
0.305259936795164 0.788671708562924
0.27422403964305 0.80260126313058
0.312676083286642 0.785341384468438
0.272405425759164 0.803416925324254
0.258843438400096 0.80950043791857
0.277433093046357 0.801160676128087
0.272779647509053 0.803249184828422
0.265295562919979 0.806606387430008
0.27931836303995 0.800314747967073
0.260877733564223 0.808587991407596
0.29335583036604 0.794017269294719
0.267655671318042 0.805547809204736
0.278384059364864 0.800734870416674
0.281008531716037 0.799557350651621
0.300791922227722 0.790677975180118
0.262293977539906 0.807952826293142
0.267056152069872 0.805816671094955
0.277433093046357 0.801160676128087
0.2798924596605 0.80005760936211
0.261794558747077 0.808176729970255
0.279079084379587 0.80042211674927
0.30686771947632 0.787950864221852
0.275574480707961 0.801995216463313
0.258843438400096 0.80950043791857
0.346353748950851 0.770216869392129
0.269254150395141 0.804830601727869
0.27926980431254 0.800337241957121
0.279755249781426 0.800118666095535
0.296410634804903 0.792644178265994
0.258997991669728 0.809431116727642
0.261891633654649 0.808133180573586
0.304523196914254 0.789002486916062
0.286979689696032 0.796877761635877
0.279324298356998 0.800313201242549
0.261717706914526 0.808211188867474
0.262842111315235 0.807706843612678
0.278369390677097 0.800741438701429
0.258645723869944 0.809589117942677
0.291280084219807 0.794948260023302
0.305857302515401 0.788403451539071
0.280335622132926 0.799858948737409
0.265720771740443 0.806415761773452
0.285211784608053 0.797670584788914
0.276192897753762 0.801717493325776
0.258921532901227 0.809465407232407
0.262368107762622 0.807919509132232
0.29019645476658 0.795433742585642
0.314281775459669 0.784622612587409
0.277945694256391 0.800930702434991
0.268590250447678 0.80512842697624
0.27687197832474 0.801413471801291
0.274181543772804 0.802619985033494
0.266125396201468 0.806234189778079
0.276262024749164 0.801686511180482
0.269686303055673 0.804636878766575
0.264700593979962 0.806873350694057
0.275781422784791 0.801901925693042
0.271168274513102 0.803972011288308
0.267622731508397 0.805562410885858
0.258897446398563 0.809476212850574
0.273097197154159 0.803106809181943
0.261753153292338 0.808195305298868
0.287410335286896 0.796684390382556
0.259040170926076 0.809412197824642
0.264306259562924 0.807050015527101
0.280770327722519 0.799663472681998
0.264233481196002 0.807082931253042
0.267303909043601 0.805705553952559
0.266061403627718 0.806262764570333
0.291294266927544 0.794940636507198
0.292306757321067 0.794487311606642
0.27101324411787 0.804041635340066
0.27461715945154 0.802424660070121
0.273164007640479 0.803076313625584
0.280335622132926 0.799858948737409
0.29175011156256 0.794736032421653
0.304943984096924 0.788813601560126
0.306888291257144 0.78794180846308
0.268064752925704 0.805364120010173
0.269683308290454 0.804638220930606
0.259379756499713 0.809259894938366
0.283734144892815 0.798334388421355
0.26325572233546 0.807521444494084
0.280770327722519 0.799663472681998
0.285860880724549 0.797380339187239
0.263123853157748 0.807580489960456
0.27537326214885 0.802085328426293
0.289558842060403 0.79571994780079
0.258645723869944 0.809589117942677
0.274986616622489 0.80225847885895
0.285271861450829 0.79764328356599
0.291902719261965 0.79466860822669
0.271406918363257 0.803864982353061
0.271202887431311 0.80395638315794
0.270155343086465 0.804426099777339
0.280745896143571 0.799674828457467
0.319553672967518 0.782257141192774
0.263208843640298 0.807542372875044
0.272121595404066 0.803544299717964
0.290629976905129 0.795240636092961
0.267056152069872 0.805816671094955
0.275887819423088 0.801854241045134
0.259259402554276 0.809313859128272
0.270755101629519 0.804157268818002
0.275465962216398 0.802043723475749
0.274226350284846 0.802600246891325
0.27687197832474 0.801413471801291
0.258765404043453 0.809535436513362
0.276826176296442 0.80143359632397
0.326324272709811 0.779215047698725
0.277552874840905 0.801106999121655
0.28106671675522 0.799531208648128
0.325271048335561 0.779690625577301
0.262131047576539 0.808025820433881
0.26429451403655 0.807055303253121
0.267056152069872 0.805816671094955
0.258616346656963 0.80960229390376
0.29940661375953 0.791300477992492
0.278238681179434 0.800800167404125
0.261292914336116 0.808401726404368
0.266369289805212 0.806124731605829
0.276678488115209 0.801499581105496
0.264134558976901 0.807127179467163
0.272427542574099 0.80340702488429
0.285197583211186 0.797676664189252
0.285271861450829 0.79764328356599
0.264196725336386 0.807099320618582
0.277109119271032 0.801306695926808
0.285812358435546 0.797400800273095
0.277635823722919 0.801070358287326
0.278713317669882 0.800586595708862
0.270158365840727 0.804424743177996
0.280616384761596 0.799732730357471
0.272881596789892 0.803203492981836
0.282065857263352 0.799084080627695
0.264072105947833 0.807155108437467
0.299138325801286 0.791419644353213
0.277783264156772 0.801004535487272
0.25926903873309 0.809309552987312
0.264290119838692 0.807057253392185
0.284584872766461 0.797951619256266
0.292277505759296 0.794500344889804
0.277599617686223 0.801086725824783
0.285812358435546 0.797400800273095
0.275337046990409 0.802101499108142
0.291517950201856 0.794841470533013
0.26548407694853 0.806521681405794
0.274094364791201 0.802659195675737
0.267223716113973 0.805741402396532
0.267234987807978 0.805736413764339
0.299103726581365 0.791436397621929
0.264916411392023 0.806776500777555
0.284626766112806 0.797932816797357
0.29395006050861 0.79374914990392
0.264581096114637 0.806926787431878
0.277401551195984 0.801175474051534
0.271536684403914 0.803806634917508
0.318244359126051 0.782843100756097
0.27233181571378 0.803449961712994
0.272797843919546 0.803241019387819
0.269837747484878 0.804568610401678
0.270755101629519 0.804157268818002
0.29940661375953 0.791300477992492
0.314173235271598 0.784672055009305
0.288575333347468 0.796160458922733
0.259579403350338 0.809170362790703
0.265080993892424 0.806702520931481
0.292963415455045 0.794192619731178
0.27985005890763 0.800076626673961
0.267324320361044 0.805696345638909
0.275285763393686 0.80212427070623
0.343709884925922 0.771405396271029
0.272795760297318 0.80324195199349
0.300638157032396 0.790747587460146
0.279815790927221 0.800092326126471
0.286401028551277 0.797138371104904
0.293119133267426 0.794122710126199
0.314842761961365 0.784372857867936
0.271536684403914 0.803806634917508
0.333297251499494 0.776079029129161
0.33639627919463 0.774691575700445
0.298884249929036 0.791536821026012
0.315936905592884 0.783879337536138
0.28707996271468 0.796833721372196
0.28707996271468 0.796833721372196
0.283853900316457 0.798280695435194
0.289468266906306 0.795761750832775
0.298631322827631 0.791650343722577
0.298884249929036 0.791536821026012
0.283912224200546 0.798254552445191
0.283853900316457 0.798280695435194
0.283355259838083 0.798503521870257
0.283355259838083 0.798503521870257
0.38351050151772 0.75349744062125
0.288132932144311 0.796360751229543
0.38351050151772 0.75349744062125
0.279031615042833 0.800444948893784
0.279031615042833 0.800444948893784
0.279208287708308 0.800365454860184
0.288132932144311 0.796360751229543
0.279031615042833 0.800444948893784
0.29001984360675 0.795513631870035
0.288174523611508 0.796341907794111
0.290018571302583 0.79551420076904
0.271875556995643 0.803655366892645
0.28870277166511 0.796105737763451
0.297155307614687 0.792310769133652
0.287415938983374 0.796681548891141
0.297216126984739 0.79228348492986
0.35635545367914 0.765714240208982
0.283497238838385 0.798440363341878
0.356546959641314 0.765628151647208
0.290077722722984 0.795488757350694
0.287415938983374 0.796681548891141
0.278175196742943 0.800829599096608
0.271297667346331 0.803914467558178
0.279208287708308 0.800365454860184
0.291892491445401 0.794674428987211
0.284198068781087 0.798127203166972
0.286408802600549 0.797134063741983
0.300494926518638 0.790812708546177
0.293271631016904 0.794054780213539
0.289106130290857 0.795922708736831
0.271297667346331 0.803914467558178
0.355659413692582 0.766028127279667
0.285732309976307 0.797439276321961
0.272426653507217 0.803408163139072
0.271297667346331 0.803914467558178
0.274420831131377 0.802513378373687
0.271666427169095 0.803749071824119
0.283977798820266 0.798225006301517
0.355413486904556 0.766138721944985
0.272426653507217 0.803408163139072
0.279208287708308 0.800365454860184
0.327134105463231 0.778850118999077
0.300695493243573 0.790723705249593
0.288410705078208 0.796236647078855
0.341260475767101 0.772504902196204
0.354839913166586 0.766396974561666
0.287573851850706 0.796611184051538
0.271297667346331 0.803914467558178
0.291479445175313 0.794858482518567
0.271289913943083 0.803918237315791
0.288623608068339 0.796140211412828
0.371935878366826 0.758710462660432
0.271289913943083 0.803918237315791
0.286408802600549 0.797134063741983
0.279208287708308 0.800365454860184
0.300372359180711 0.790866053642133
0.340491138032757 0.772846871433731
0.300977404926633 0.790594477077904
0.286039752142932 0.797300808891567
0.274420831131377 0.802513378373687
0.285835037100361 0.797391186307606
0.30174126023992 0.790251914622066
0.367939278490573 0.760509676314333
0.299578200630101 0.791222624256118
0.355413486904556 0.766138721944985
0.274420831131377 0.802513378373687
0.277177197111356 0.801277151895133
0.273966330826885 0.802717400303094
0.379952550702985 0.755093933463848
0.272980974311066 0.803159014415317
0.311862516397472 0.7857098111776
0.361179736772644 0.763548529480923
0.270971893263227 0.804060608200122
0.361877727418483 0.763233789179318
0.277411337058924 0.80117220668249
0.275919229199748 0.801840703985618
0.273424749708359 0.802960047519665
0.360459673299496 0.763871683711746
0.277177197111356 0.801277151895133
0.269199333809181 0.804855511336596
0.331396339596472 0.776935220791044
0.272426653507217 0.803408163139072
0.331396339596472 0.776935220791044
0.292456940007 0.794420403606396
0.278045089595366 0.800887261128824
0.269172357230625 0.804867615789579
0.378916170211033 0.755562760893413
0.274420831131377 0.802513378373687
0.279109761187062 0.800409157826036
0.336627733605359 0.774582872130857
0.269172357230625 0.804867615789579
0.37748917947469 0.756203483028436
0.268576166517911 0.80513499228501
0.324513749109153 0.780028442999252
0.33586239477123 0.774926658040298
0.379955152377427 0.755092758996585
0.274475045947328 0.802488888325324
0.269199333809181 0.804855511336596
0.269980468368647 0.804505067280162
0.275956375462719 0.801824269925519
0.27741310411322 0.801171169756253
0.273810623569877 0.80278733372357
0.269648490951834 0.804653934589841
0.272255199470804 0.803485065127369
0.270258465795601 0.80438051159711
0.279109761187062 0.800409157826036
0.280805017416447 0.7996491005205
0.29777877954949 0.792030264159786
0.269236158270272 0.80483892793823
0.308669201613816 0.787142880133202
0.28062773501782 0.799728143194749
0.272673609634646 0.803296860245042
0.280805017416447 0.7996491005205
0.280146743613036 0.799944115610216
0.270971893263227 0.804060608200122
0.272288752656368 0.803469534494014
0.29777877954949 0.792030264159786
0.294952764751344 0.79330036873642
0.27002680263201 0.804484424734943
0.360285741951371 0.763948829191732
0.282920195106886 0.798700737314402
0.274368905943878 0.802536518306182
0.294819153587527 0.793359773197953
0.272322586199278 0.80345436217294
0.283636857770869 0.798376952545294
0.320642990818296 0.781766490016477
0.360966066408159 0.763644391086968
0.294819153587527 0.793359773197953
0.274475676522427 0.802488605440801
0.307947514473034 0.787466860628461
0.32351159600299 0.780474568196473
0.283453936217497 0.798460764634435
0.278489484422117 0.800687629184293
0.277831147397937 0.800983422079767
0.272288752656368 0.803469534494014
0.274742162806474 0.802368761314576
0.344043461428181 0.771249345481472
0.275029338082957 0.802240066489889
0.339434814888991 0.773324301902102
0.282804670499225 0.798750726124304
0.316035938220916 0.783833369398959
0.314929379269624 0.784330465170711
0.363520086568881 0.762495901976664
0.270109706498621 0.80444688393033
0.32746358321129 0.778700874827062
0.363520086568881 0.762495901976664
0.28249604947756 0.798889258071247
0.338301264858308 0.773830058708418
0.279600292072737 0.800188685850376
0.275881455524965 0.801857259596458
0.323111827170325 0.780654448981252
0.268452816014905 0.805190465832205
0.270109706498621 0.80444688393033
0.316051873099116 0.783826206101488
0.36512492067937 0.761770765785919
0.26877557881175 0.805045542204347
0.289197769301941 0.795883721764494
0.33655873634907 0.774613413304504
0.268388701946265 0.805219219654701
0.272404597031947 0.803417543208582
0.290926128741376 0.79510705992993
0.337232533104475 0.774309330141486
0.339434814888991 0.773324301902102
0.360966066408159 0.763644391086968
0.360966066408159 0.763644391086968
0.275919229199748 0.801840703985618
0.270109706498621 0.80444688393033
0.360300919864483 0.763944150327604
0.274304518259219 0.802564521065748
0.316677009755932 0.783546466463375
0.31628137433039 0.78372317500995
0.268094574599243 0.80535103393274
0.283204591173971 0.798572478834852
0.326730849493199 0.779028193543781
0.274912889776923 0.802292391714153
0.289983716323241 0.795530638533212
0.388909853085809 0.751063323672724
0.326743859538896 0.779022364166504
0.370777164657921 0.759225108721003
0.268094574599243 0.80535103393274
0.283729663494635 0.798338182839459
0.267258548226223 0.805726117626006
0.327324298763943 0.778763532313294
0.270109706498621 0.80444688393033
0.332333029447701 0.776512578570429
0.316333492408049 0.78370029794996
0.359665920990944 0.764228627478889
0.302781836835506 0.789784383681055
0.279941020876329 0.800035944358095
0.272296201467334 0.803466407499192
0.267721427543535 0.805518459322105
0.28419734937016 0.798127540101446
0.286404241636319 0.797136485982647
0.284463364737893 0.798007828800977
0.359665920990944 0.764228627478889
0.338914764926471 0.773555040395466
0.317266019392333 0.783281498593085
0.360966066408159 0.763644391086968
0.282699255328118 0.798798882173517
0.288800701688174 0.796061430639127
0.278676857939028 0.800602905939125
0.313277933833456 0.785072863640189
0.360966066408159 0.763644391086968
0.281153988771106 0.799492227981851
0.306173228245556 0.788261425190747
0.339237291890128 0.773410088973443
0.273858830874311 0.802764504545923
0.357180455467339 0.765345668101548
0.278676857939028 0.800602905939125
0.299266393935006 0.791362422872574
0.303037718119989 0.78966924759016
0.268103744971842 0.805347020371004
0.308326154786473 0.787294982082924
0.287473900515184 0.796656543184041
0.316108152209535 0.783800921639019
0.330178600163285 0.777481500676116
0.28482425172112 0.797846153207052
0.337505662541594 0.774186409145322
0.281153988771106 0.799492227981851
0.268452816014905 0.805190465832205
0.295796095323825 0.792920741086199
0.316795678452909 0.783494786846132
0.325599800010761 0.779538583451839
0.304545339624408 0.788993431634459
0.353972919524136 0.766785050895822
0.394643891218961 0.748481742615545
0.344400086943264 0.771088617307202
0.344704764997763 0.770951905228737
0.368136378819974 0.76041404042201
0.344400086943264 0.771088617307202
0.3438498852245 0.771336153403698
0.342378411012698 0.771997493361978
0.342221674855823 0.772067924530199
0.36720807512134 0.760831390706111
0.368136378819974 0.76041404042201
0.357765925671556 0.765083494990178
0.338318562752675 0.77382500144353
0.336022981435144 0.774856308852029
0.395078554763322 0.748284289064144
0.334712888102102 0.775443734751919
0.343377637602724 0.771548606852204
0.391317732521805 0.749976715030592
0.343352344312701 0.771560393722727
0.369710985776474 0.759704586962214
0.391266869346529 0.749999583951078
0.367542463707313 0.760681272094944
0.378921099031334 0.75556043451177
0.369858330565228 0.759638278721793
0.369857882338815 0.759638480434175
0.369710985776474 0.759704586962214
0.349960693310196 0.768587440917269
0.365715882150448 0.761502596214305
0.380443740456498 0.754876972277978
0.367838133027381 0.760548783710364
0.369609127227008 0.759750364347894
0.367191915021998 0.760838535501529
0.378851003453794 0.755593996130431
0.370670736799469 0.759273300131147
0.378851003453794 0.755593996130431
0.380558256704455 0.754825507658907
0.394885614653409 0.748372126466611
0.377754872992115 0.75609147785369
0.356763734795216 0.765531487358624
0.368328214347195 0.760330544859309
0.340167235980058 0.772992301220029
0.374169646027952 0.757697027148881
0.369962415485681 0.759595242822871
0.37560029457306 0.757051941945331
0.34000899894402 0.773064456953732
0.336304996569045 0.774729291360848
0.335322866980812 0.775169239996782
0.343167876543706 0.771643594172286
0.343103348759628 0.771672613683862
0.348516728775071 0.769238591678741
0.33627162178966 0.774743150806937
0.394255872781594 0.748655625470885
0.362628312587206 0.762892693049794
0.344815192036176 0.770901850924415
0.33530592857976 0.775176865247283
0.354391102698252 0.766596013166177
0.327260781297802 0.778793242585857
0.344815192036176 0.770901850924415
0.334657175748104 0.775468219871092
0.336167228322405 0.774790103727678
0.333059355990584 0.776186657904917
0.346567085643198 0.77011646819331
0.329064414308562 0.777983481774035
0.346567085643198 0.77011646819331
0.336167228322405 0.774790103727678
0.381686920488654 0.754318419370602
0.328919882655507 0.778046979292382
0.332806095197166 0.776300571729619
0.333059355990584 0.776186657904917
0.327711543708233 0.778588755135438
0.313252052176866 0.785082897189144
0.287871449093664 0.796477983229919
0.278391187765953 0.800733029268868
0.352262217758238 0.767557138593991
0.352132146688874 0.767614838605487
0.275990625575992 0.801809260223329
0.355604647430696 0.766054091372342
0.352262217758238 0.767557138593991
0.375329379653677 0.757177375830184
0.375555378709655 0.757077594061103
0.291030848410935 0.795059299143215
0.309156300153516 0.786924747589167
0.373365147498545 0.758060986391653
0.349717749925223 0.768701819697927
0.333849911044955 0.77583242850335
0.372519087582893 0.758441997888786
0.274117394561717 0.802649510755511
0.373141185082323 0.758162218457978
0.284466830384957 0.798006499877835
0.372543458513361 0.75843100147055
0.274076241726118 0.802667986791876
0.274397458186748 0.802523808934645
0.372634587925707 0.758389701471535
0.278831048745949 0.800534499626904
0.278831048745949 0.800534499626904
0.275019173342331 0.80224494717383
0.370360643681074 0.759418691147929
0.274075626868892 0.80266825553482
0.284031914113741 0.798201141765713
0.33778288108617 0.774067305853567
0.283984865060476 0.798222265845251
0.274075626868892 0.80266825553482
0.282444963370171 0.798912566996156
0.390367322124122 0.750408398879924
0.273995197632603 0.802704326027831
0.273995197632603 0.802704326027831
0.320204063974381 0.781964161339514
0.289075639345067 0.795939080512587
0.286876925775292 0.796924797013459
0.273995197632603 0.802704326027831
0.384592320244071 0.753008054906711
0.27223281778374 0.803494990560034
0.272266684807656 0.80347977490459
0.271913321949342 0.803638281058699
0.272266684807656 0.80347977490459
0.288862788798624 0.796034491118037
0.271913321949342 0.803638281058699
0.275450729757334 0.802051463979923
0.288296236485383 0.796288791624263
0.271913321949342 0.803638281058699
0.273201104558172 0.803060532325897
0.274725939720276 0.802376633090388
0.270083716605707 0.804458823041416
0.271186095007675 0.803964320855603
0.270694984007975 0.804184676166139
0.271186095007675 0.803964320855603
0.270083716605707 0.804458823041416
0.288296236485383 0.796288791624263
0.287994563404069 0.796421693161598
0.270083716605707 0.804458823041416
0.321735285676207 0.781276283040587
0.287994563404069 0.796421693161598
0.269475728401249 0.804731517179173
0.26999691862251 0.80449776301518
0.287343599535112 0.796715990144226
0.26785222531112 0.805459995590052
0.286402675141765 0.797138026098659
0.267668477994835 0.805542484949625
0.270824553027739 0.80412669665092
0.267798501722682 0.805484186599536
0.325836611237695 0.7794349854529
0.286402675141765 0.797138026098659
0.266648230083038 0.805999470982971
0.267328827876893 0.80569477434453
0.277334691577665 0.801205596266526
0.270083716605707 0.804458823041416
0.265209066719175 0.806645078584418
0.26785222531112 0.805459995590052
0.278866735042011 0.800518472889064
0.275590027967722 0.801989266254786
0.281659234397451 0.799265654815123
0.269271618158933 0.804823081905907
0.273162244509969 0.803077706612038
0.392883438001031 0.749268945317929
0.39660840608699 0.747589421197451
0.349380114870259 0.768851408200074
0.350561393479204 0.768320110656203
0.379158046553868 0.755453619493353
0.36661537333844 0.761096446395555
0.349396764447874 0.768843905920912
0.39660840608699 0.747589421197451
0.38212866978094 0.754116287392711
0.349380114870259 0.768851408200074
0.379412740017521 0.755338973113046
0.37899070759781 0.755533919941111
0.387887213526705 0.751520591131167
0.329501938516952 0.777785736911005
0.382885897895555 0.753772803024982
0.377233693920956 0.756318241677678
0.349284473317594 0.768894401941719
0.387806085190137 0.751557135072081
0.329501938516952 0.777785736911005
0.370307982436535 0.75943399426895
0.372115154560595 0.758620924281453
0.379047857253115 0.755502632490055
0.377934248282996 0.756007556218581
0.347287967474727 0.769794859327485
0.34845025248976 0.769269159341209
0.382885897895555 0.753772803024982
0.39282728284019 0.749294249123488
0.391100053505199 0.750071070331013
0.37883039814531 0.755600548260754
0.329108494532735 0.777962382557453
0.329483876877143 0.777793837553942
0.386885639932962 0.751970693734075
0.383858669727976 0.753335891546805
0.330788488057318 0.777208159502898
0.329130434689644 0.777952639003481
0.329468952705246 0.777800431647332
0.357159807570724 0.765354318089178
0.355094065357008 0.766283185777746
0.393871066794877 0.748823735106354
0.395317130042399 0.7481716607967
0.357284266012579 0.765297416748762
0.380097569909346 0.755029575815108
0.37420559286795 0.757684945396009
0.376961223143024 0.756440715102949
0.386308626389571 0.752230670806045
0.315716163266166 0.783977262843815
0.378330495341367 0.75582688563397
0.351442935770197 0.767923083347442
0.347433481274385 0.769726774464858
0.352586617554494 0.767417146686153
0.314197010505452 0.784660498791128
0.376998723017543 0.756426268142302
0.32556987790807 0.77955111212325
0.347520791259602 0.76969053894241
0.336508938485761 0.774639342312783
0.383914008793993 0.753310240249503
0.370307982436535 0.75943399426895
0.318294860886284 0.782819574862394
0.323329098394915 0.780557378907911
0.341075634685362 0.772584615464964
0.341570748425167 0.772361256875822
0.360139180903313 0.764016338950104
0.386885639932962 0.751970693734075
0.374756142135099 0.757433795213615
0.331262054708576 0.776996514669805
0.327433493114774 0.778714165910622
0.390257950076339 0.750453311339833
0.376998723017543 0.756426268142302
0.346223517442406 0.770272302811561
0.336824949048162 0.774496085148833
0.37843358185393 0.755781598535018
0.354521154385549 0.766541843503193
0.379047857253115 0.755502632490055
0.327433493114774 0.778714165910622
0.323394200752003 0.78052812237156
0.379047857253115 0.755502632490055
0.330712714773565 0.777242129651222
0.366192553919473 0.761288794642017
0.358540837193836 0.76473401590971
0.382485651711262 0.753961280781893
0.395581208024891 0.748058294304901
0.336101990520071 0.774819217696432
0.349331991749688 0.768873060122806
0.36557081985888 0.761570824493748
0.327433493114774 0.778714165910622
0.37843358185393 0.755781598535018
0.323329098394915 0.780557378907911
0.316175938235096 0.783772438764477
0.365813302228185 0.76146332255862
0.308087334368373 0.787402899445173
0.363144189963675 0.762656765430364
0.327433493114774 0.778714165910622
0.366307783291871 0.761240992661912
0.378727117921044 0.75564386923389
0.336838754911082 0.7744898815153
0.316345719303156 0.783695763750092
0.330809543815428 0.777199756209665
0.374095635800774 0.757734422441363
0.321714212397941 0.781284190227704
0.351835841823368 0.767747774970972
0.318731501048428 0.782625314471099
0.371297473494212 0.758989251722071
0.352588086066845 0.767410420974526
0.344807191205137 0.770905553455252
0.353862740966758 0.76683630535064
0.341407478601474 0.772437476475238
0.334109004589656 0.775715291377013
0.393890475201587 0.748814997605394
0.346779390525007 0.770019560345249
0.310433423132235 0.786348799159612
0.346300267125603 0.770236288988784
0.314197010505452 0.784660498791128
0.373140517287012 0.758162346195777
0.32079503815117 0.781696225054769
0.346844289981687 0.769993778400248
0.364682525870998 0.761970409034422
0.304195779677144 0.789149701527612
0.313539273635003 0.784955850307483
0.391470217824993 0.749907891580006
0.379864789759292 0.755132448162672
0.323394200752003 0.78052812237156
0.368738687006044 0.760144101055642
0.338162461162 0.773893105770033
0.373002071520708 0.758228106154907
0.329983106504683 0.77757012011998
0.335925706324482 0.774898184900253
0.310433423132235 0.786348799159612
0.388723553207946 0.751147404976622
0.324367357076547 0.780090920126877
0.374519413887452 0.757542314716516
0.310433423132235 0.786348799159612
0.318294860886284 0.782819574862394
0.313179558371297 0.785115916372511
0.31827625955731 0.782826905310289
0.378816745479944 0.755603535396144
0.332354710552827 0.776504459104156
0.324367357076547 0.780090920126877
0.358540837193836 0.76473401590971
0.391470217824993 0.749907891580006
0.338421612022089 0.773776023571198
0.324796588990552 0.779899631769974
0.381833327663818 0.754246507977749
0.321714212397941 0.781284190227704
0.340065633944985 0.77303691724096
0.346300267125603 0.770236288988784
0.323775290641604 0.780356860729107
0.353621836739944 0.766944098994887
0.358396092267586 0.764798797899057
0.376149055620355 0.756815565738916
0.337269346253577 0.774297132857223
0.311483837575712 0.785876825881133
0.37308455174019 0.758189209060466
0.377077478773626 0.756394556321908
0.39106186915616 0.750090583161957
0.319257407117008 0.782385412609025
0.318710572386584 0.782633114285844
0.354888736966563 0.766372854980614
0.367631062936802 0.760646280566377
0.378180804981947 0.755891778150503
0.307348971302037 0.787735993795989
0.379880244223537 0.755124678420949
0.309640579255725 0.786705343467016
0.329808955242931 0.777649689904216
0.324112816051212 0.780205016450568
0.372086115249126 0.758633991503605
0.361889509861542 0.763230958418802
0.337269346253577 0.774297132857223
0.317578015123085 0.783142659945818
0.350561393479204 0.768320110656203
0.311483837575712 0.785876825881133
0.32171354470962 0.781284490209014
0.322581873537362 0.780893854949699
0.377083418306974 0.756389606963993
0.377043571483021 0.756404400969051
0.313664960296879 0.784899884275471
0.298732410445651 0.791603056577431
0.319590576987646 0.782236579848868
0.304195779677144 0.789149701527612
0.323329098394915 0.780557378907911
0.337914284342173 0.774004456678239
0.38779479287973 0.751563196487654
0.327037066657806 0.778893261851896
0.360134275934187 0.764017189439679
0.324855122286444 0.779872034693317
0.372389036935265 0.758497704365959
0.354270749403328 0.766651937214725
0.358396092267586 0.764798797899057
0.309640579255725 0.786705343467016
0.315796111078928 0.783942136405889
0.288079424606502 0.79638350385056
0.298732410445651 0.791603056577431
0.32754028551147 0.778667608578459
0.318676482575257 0.782649394028208
0.313619354859366 0.784918388720766
0.295114635417215 0.793225745421314
0.377204051785218 0.756332617050583
0.379630730925141 0.755237010666885
0.294459586575222 0.793520054044842
0.376149055620355 0.756815565738916
0.304432659981009 0.789043400433414
0.300763404876538 0.790691626279653
0.341994338919874 0.772173888492433
0.310229068947726 0.786442413245008
0.318765105190729 0.782607593114261
0.288079424606502 0.79638350385056
0.301525991109812 0.790349936786553
0.300648463358429 0.790742541929254
0.316656218119151 0.783556255871507
0.32079503815117 0.781696225054769
0.306256619291143 0.788224457596214
0.294391887112061 0.7935504376556
0.32210108318611 0.781109953034747
0.327627512095223 0.778627872760245
0.327756525610802 0.778569859533295
0.354270051064067 0.766652251188661
0.38779479287973 0.751563196487654
0.349756459919273 0.768680854755975
0.301636823977592 0.790299331709626
0.341783948870479 0.772264694802859
0.309840584783628 0.786615525618559
0.376895195634002 0.756474842722916
0.320941779473988 0.781632378746206
0.354270051064067 0.766652251188661
0.321727243698768 0.781276582584866
0.311831511154965 0.785723109474959
0.310483530502118 0.786326187033027
0.290303500154808 0.79538549835358
0.298732410445651 0.791603056577431
0.303686392455091 0.789379095083702
0.288079424606502 0.79638350385056
0.346956768169436 0.769944707647604
0.299086835052527 0.791442860678939
0.361220119931463 0.763527384137964
0.295813399888937 0.792912089286539
0.324169649019567 0.780183671007701
0.374095635800774 0.757734422441363
0.387656232559038 0.751625637329828
0.298732410445651 0.791603056577431
0.313323327498697 0.785052482919396
0.292314721089729 0.794482299880421
0.317030776654357 0.783388717553346
0.319590576987646 0.782236579848868
0.310837462071223 0.786167264258382
0.283398007081931 0.798484301269432
0.33552143098658 0.775083961540438
0.303712162491208 0.789367298101447
0.315418304959652 0.784112816245
0.308875583225043 0.787047331798865
0.360399500932889 0.763896523498181
0.29064538057551 0.795231954130306
0.300745739942513 0.790698856672303
0.322581873537362 0.780893854949699
0.326350467682044 0.779200391394796
0.312320317464682 0.785502367300799
0.336978479738624 0.774422567083028
0.351859496355976 0.767736153161124
0.331262054708576 0.776996514669805
0.283398007081931 0.798484301269432
0.336408238815941 0.774683225199616
0.35748662567145 0.765209181528387
0.374745187098844 0.75743833885503
0.289207993737951 0.795876770797134
0.296608594184935 0.792555575502412
0.324615610610063 0.779978487427718
0.317168866274048 0.783325742837919
0.320673208746589 0.781751818567181
0.350066203048276 0.768544030913541
0.321759270209556 0.781264526120268
0.310170039941854 0.786466209264856
0.292282949720675 0.794496559301886
0.303803958731434 0.789326407132322
0.314658982015825 0.784451312169386
0.326402447238637 0.779180006289356
0.295741010807195 0.792944583772612
0.310677833819468 0.786239452718317
0.33114084366121 0.777049160784963
0.344271542632621 0.771147154651297
0.298732410445651 0.791603056577431
0.308445681466698 0.787241470666917
0.281310287331884 0.799421115133614
0.313641953173597 0.784906974946899
0.333766469919591 0.775871782046043
0.297994635592463 0.791934671919302
0.379630376737891 0.755238351423995
0.288079424606502 0.79638350385056
0.313321689089701 0.785053198395623
0.352075642317111 0.767638825263373
0.323674136083032 0.780403322037274
0.370832771343827 0.759207152097185
0.296309583875445 0.79268897844282
0.338514694623962 0.773734156277847
0.281310287331884 0.799421115133614
0.390674985538765 0.750268940082735
0.321558534080317 0.781354700830488
0.361269599395877 0.763505296727145
0.374933020300895 0.757353812064261
0.320673208746589 0.781751818567181
0.282860463309183 0.798725519731589
0.281310287331884 0.799421115133614
0.329983106504683 0.77757012011998
0.332475898194952 0.776450795161598
0.32316513461256 0.780632297768371
0.313321689089701 0.785053198395623
0.288167606532568 0.796344030834107
0.314658982015825 0.784451312169386
0.347026039758709 0.769912793484658
0.298813058572312 0.791567080130746
0.305181930822113 0.78870687079064
0.29646011414073 0.792621820958719
0.325611169935281 0.779534394839109
0.343407710702553 0.771537994545603
0.289207993737951 0.795876770797134
0.303142138881756 0.789623407541739
0.336418853024654 0.774678219620001
0.306256619291143 0.788224457596214
0.314475267408987 0.784534737930741
0.364682525870998 0.761970409034422
0.34646464490607 0.770163390925552
0.301636497791918 0.790299351260226
0.287210301721174 0.796773608926287
0.283398007081931 0.798484301269432
0.290542670342567 0.795278145165243
0.297672162387873 0.792079219571616
0.279911226169885 0.800048926338456
0.319487826604639 0.782283294312011
0.361875103818849 0.76323491284825
0.324615610610063 0.779978487427718
0.300066041665705 0.791002665126391
0.279787083228607 0.800104638951299
0.314475267408987 0.784534737930741
0.317168866274048 0.783325742837919
0.346273700652136 0.770249646291183
0.324425198156973 0.780065523464184
0.289994237733777 0.795523840655358
0.355643815302909 0.766037056949129
0.329494652959564 0.777789516947894
0.279039108678509 0.800440359590835
0.299066165123901 0.791453184252199
0.304432659981009 0.789043400433414
0.312813160163882 0.785279977911478
0.352587376151764 0.7674170130323
0.310638587846334 0.786258484762261
0.288316428690743 0.796277137906996
0.322854882907808 0.780770066073233
0.294206872524945 0.793633414797243
0.307348971302037 0.787735993795989
0.317270107048625 0.783280679672178
0.35052879306194 0.768335291812062
0.352266612561228 0.767553161248203
0.297720031614231 0.792057667296676
0.287210301721174 0.796773608926287
0.29064538057551 0.795231954130306
0.333201224477101 0.776125025831422
0.296309583875445 0.79268897844282
0.340396459524217 0.772891543556756
0.300498332665474 0.790810378563256
0.334265802694902 0.77564677845263
0.288315513459728 0.796277548677998
0.328194596869541 0.778376012001383
0.374933020300895 0.757353812064261
0.330145572465646 0.777498546252393
0.301661597252492 0.790286424033711
0.323430804495669 0.780512832406153
0.283398007081931 0.798484301269432
0.354271104860262 0.766651781380464
0.346871706984492 0.769982142901563
0.353213516357851 0.76712850611636
0.342491672352243 0.771948147514371
0.291389792647174 0.7948975398722
0.294439231540134 0.793529388065849
0.287210301721174 0.796773608926287
0.347798447181439 0.76956490511099
0.290230514713597 0.795417766456642
0.370687120527961 0.759268690485368
0.316826830780434 0.783477475206136
0.285617286339816 0.797488557237678
0.326999770296142 0.778910649636926
0.342491672352243 0.771948147514371
0.35038294385585 0.768400852493834
0.280651936421239 0.799716598824117
0.361231208500063 0.763523576688547
0.323537292669346 0.780464802035032
0.296309583875445 0.79268897844282
0.342679380807641 0.77186332863143
0.313845680412033 0.784817779465178
0.32650629962689 0.779132236714833
0.333250421552827 0.776102954607879
0.279043782477196 0.800438259834173
0.381511941284112 0.754390947301691
0.291369625689618 0.794906591023901
0.319517234587774 0.782270091167791
0.294125169294885 0.793670085549227
0.364870276764144 0.761885778958865
0.288401472607718 0.796240083273517
0.346414401606571 0.7701865806543
0.355803265542916 0.765965832006191
0.301747052592462 0.790248043195953
0.279039108678509 0.800440359590835
0.357790910003747 0.765069888910717
0.315947219289282 0.783875488203709
0.286768709697695 0.796973169818617
0.357882457488273 0.765029377502006
0.278694845042992 0.800594779551087
0.310174341546378 0.786465882936126
0.279083902986875 0.800420249813181
0.284978450655993 0.797774824639766
0.293872943147902 0.793783652472758
0.30467609863923 0.788933620128684
0.319394628311089 0.782325224345608
0.329872767304062 0.77762117656618
0.319487826604639 0.782283294312011
0.311863728185499 0.785705658095589
0.304155865003611 0.789167644294693
0.292486332634331 0.794405327562384
0.284978450655993 0.797774824639766
0.278638778823704 0.800619950609826
0.298631396862038 0.791648320659855
0.332950223684553 0.77623512755525
0.311895696790134 0.78569319526713
0.312813160163882 0.785279977911478
0.307352756896107 0.787732445167136
0.287791345640656 0.796512958683466
0.280680859327049 0.799703621845235
0.312813160163882 0.785279977911478
0.281104273602978 0.799513443940551
0.310888404970494 0.786145083794506
0.327820855572448 0.778540724659123
0.321869048467243 0.781211919237544
0.314573384813119 0.784488856114719
0.324288987612366 0.780127076531761
0.347905333769727 0.769515632139144
0.297279760939055 0.792255663972309
0.319394628311089 0.782325224345608
0.284102120201129 0.798168035424302
0.310564953186564 0.786289251693439
0.268982176850794 0.804952388669971
0.364719276760462 0.761950636421161
0.278345529438185 0.800751534734223
0.294722266127885 0.793402633162181
0.38029163978827 0.754947099406337
0.307009031252187 0.787886579343467
0.281129995978105 0.799501897972868
0.297279760939055 0.792255663972309
0.354680091686415 0.766472449349801
0.302347195938987 0.789979538573669
0.278345529438185 0.800751534734223
0.298546680217246 0.791686358776606
0.324961986882372 0.77982433110753
0.361239953850983 0.76351761866909
0.347658533612951 0.76962566374293
0.290810179621769 0.79515750332018
0.282842259709335 0.798733687593953
0.333981703195958 0.775773538716278
0.32057931470052 0.781793139284414
0.290555140817227 0.79527393771401
0.291474265699934 0.794859791591399
0.323293523149559 0.780575729547697
0.333485346441973 0.775994352980679
0.280364501707813 0.799845728361985
0.307401837284963 0.787713205142025
0.312468944948105 0.785434624577542
0.349946094740951 0.768597191150706
0.289327102286728 0.795824030178739
0.337431580465461 0.774222758172021
0.280679697395856 0.799704013501835
0.294771220007448 0.793380788866592
0.302020672377473 0.79012630237552
0.301455828507716 0.790381066534935
0.374556904912804 0.757522899526199
0.290975651277955 0.795083672873104
0.286816883770409 0.796951531532739
0.315120183868456 0.784244804360256
0.358120370452339 0.764924837932164
0.27834202976253 0.800753088107362
0.336567274527689 0.774611558737553
0.337428708818104 0.77422610982531
0.329872767304062 0.77762117656618
0.374137454998376 0.757711485860507
0.396297328574677 0.747742029884802
0.2794627852765 0.800250394539927
0.348274244284342 0.769349026973028
0.345205537918622 0.770727689455943
0.321869048467243 0.781211919237544
0.328718538978595 0.778142770497091
0.365911416523418 0.761419239072901
0.386601591314392 0.752104318797773
0.288423555371684 0.796229130033457
0.294799753449797 0.793368383973378
0.286816883770409 0.796951531532739
0.365911416523418 0.761419239072901
0.305123288546126 0.788733525780506
0.363171619882684 0.762650595549731
0.301455828507716 0.790381066534935
0.278186836894256 0.800822730320462
0.303142138881756 0.789623407541739
0.316635814281849 0.783565164151836
0.269252449381442 0.804831139475277
0.298524093053602 0.791697032480428
0.298136661108068 0.791870526342764
0.313761857196918 0.784854825622626
0.279911226169885 0.800048926338456
0.363445850505728 0.762527230655886
0.282829249806823 0.798739539955486
0.325911858877606 0.779397341881107
0.268982176850794 0.804952388669971
0.358350975079446 0.764818617528423
0.319155712163819 0.782435683021252
0.312399642949256 0.78546543477235
0.387910231899939 0.751515275914224
0.296351549798934 0.79267018697459
0.343381890799717 0.771547164619257
0.318387586375074 0.782776791656541
0.303566171223424 0.789433042214597
0.309050395647059 0.786970933234927
0.295870394601084 0.792888045474385
0.315047976625807 0.784276502208948
0.298737867498244 0.791600528704115
0.326488235530345 0.779138421211698
0.294799753449797 0.793368383973378
0.273290185110005 0.803019710952362
0.286152778741349 0.797248088956571
0.297139494747059 0.792319012021065
0.35145692172046 0.767919986448301
0.313344992778448 0.785040557824765
0.273120853967287 0.803095714966568
0.284102120201129 0.798168035424302
0.368576939753312 0.760215041222498
0.285674255641849 0.797462909389192
0.308289224681397 0.787313898737765
0.300498332665474 0.790810378563256
0.295870394601084 0.792888045474385
0.282893409094178 0.798710515944902
0.339352812144966 0.773360397791924
0.33250735424176 0.77643469456096
0.303555477426003 0.789437850606223
0.296507156207119 0.792601871355238
0.32057931470052 0.781793139284414
0.350781352169358 0.768223875481414
0.308603716857544 0.787171485449989
0.292054631070636 0.794599377303362
0.291483857058589 0.794857048221377
0.278186836894256 0.800822730320462
0.318559453282587 0.782701988168502
0.268982176850794 0.804952388669971
0.268982176850794 0.804952388669971
0.325166418935319 0.77973267388025
0.281330591705969 0.799411892233233
0.291195047713304 0.794986518787404
0.344040004601463 0.771255065436884
0.268982176850794 0.804952388669971
0.284447215410439 0.798013148430353
0.305197682406387 0.788700422641629
0.299510824872129 0.791252988728739
0.269252449381442 0.804831139475277
0.370509804360293 0.759344292764635
0.281325596549078 0.799414372332693
0.269252449381442 0.804831139475277
0.277673729338178 0.801052958898266
0.329221666936906 0.777911749942258
0.269023089860901 0.804934034073522
0.287063850860046 0.796839760306546
0.2965055411587 0.792602596131872
0.281587020645123 0.799296953008446
0.273967994844099 0.802715640330421
0.311543279381526 0.785850992119068
0.284444533404461 0.798014352115401
0.305119987012322 0.788735010870912
0.272259819782538 0.803481993352428
0.268508957721952 0.805164741519944
0.280084394248917 0.799971215081639
0.280631266239903 0.799726024959645
0.28914349583778 0.795905638887097
0.269252449381442 0.804831139475277
0.295926893949086 0.792863485236284
0.325166418935319 0.77973267388025
0.296507156207119 0.792601871355238
0.272259819782538 0.803481993352428
0.293337137210387 0.794024112588324
0.308483195597832 0.787226435084923
0.387910231899939 0.751515275914224
0.284995691149768 0.797768041022462
0.292902040050936 0.794219263083817
0.284474771742604 0.798000781144357
0.272134010274185 0.803538439839871
0.300477519678521 0.790820173105553
0.292525196336202 0.794387896432686
0.304434681792633 0.789043003124178
0.310448087249636 0.786342687113312
0.287679125342286 0.796563545915189
0.322123733909876 0.781097359327893
0.273645970206247 0.802860155399752
0.387910231899939 0.751515275914224
0.386601591314392 0.752104318797773
0.277633954679257 0.801070736051937
0.292494833263672 0.794403294736369
0.269252449381442 0.804831139475277
0.332939638874461 0.776241328828843
0.274920973919047 0.802288042391475
0.326438487838202 0.779159195524753
0.305026409398117 0.78877844794444
0.325198230231227 0.779718831680074
0.277922188302429 0.80094160106786
0.317213392542925 0.783306352621456
0.269740715996805 0.804612068854131
0.302015847008048 0.790128372729796
0.296508448766889 0.792601289483573
0.281619597887763 0.799282454456778
0.279592614851375 0.800192045019845
0.291050128796919 0.795052002285
0.325046503355049 0.77978793643268
0.291555737195279 0.794823964833779
0.384146625300194 0.7532083475092
0.279569081572733 0.800202477476553
0.281112262813221 0.799510189006274
0.281354310831034 0.799401552887901
0.273301257818174 0.803014787401686
0.305954420547183 0.788361005266702
0.323821347880426 0.780337980993711
0.308483195597832 0.787226435084923
0.286365119491149 0.797153241667983
0.281587020645123 0.799296953008446
0.336617430204836 0.774586737433434
0.268471598778405 0.805181545603383
0.286963613533592 0.796884430545186
0.293959155556819 0.793745199007198
0.274920973919047 0.802288042391475
0.307553462955071 0.787642365021889
0.325316450029377 0.779665858421975
0.273634327212351 0.802865410271041
0.305295298743109 0.788657405958332
0.272134010274185 0.803538439839871
0.280156594253379 0.799939420596259
0.280362626189263 0.799846402839477
0.279659120396106 0.800162235125157
0.350420019240732 0.76838883715602
0.275556755548891 0.802002809623209
0.347109181520442 0.769872641689704
0.309303454805469 0.786856645849073
0.272163256348861 0.803525315667973
0.270191408333618 0.804409870555369
0.387910419590226 0.751515191445475
0.38765394927472 0.751630645040657
0.308248150007548 0.787331730771645
0.293959155556819 0.793745199007198
0.315107904456817 0.784248766327799
0.285643127794573 0.797477579312685
0.348086180805984 0.769433474861466
0.291332712269735 0.794924795729889
0.30668679033961 0.78803307957519
0.286478732714031 0.797102061155077
0.315107904456817 0.784248766327799
0.343060756532773 0.771693530238785
0.290087448118014 0.795482900826744
0.29000055147648 0.795522117981101
0.392041568484386 0.749652754351196
0.277333240287769 0.801205601542593
0.281084969837137 0.799522424220587
0.322123733909876 0.781097359327893
0.314949436642127 0.784323543178741
0.318011526195056 0.782948278148612
0.320655412115875 0.781759417274916
0.38765394927472 0.751630645040657
0.293965329103552 0.793741881623803
0.302444516202604 0.789935479936905
0.27017073525779 0.804419145018672
0.340877597440871 0.772672315718987
0.286779104028654 0.796967783411015
0.330187179816554 0.777477403109551
0.268483050745277 0.805176406210375
0.312932533658908 0.785227312923824
0.287772245035526 0.796522822168909
0.307042692223893 0.787872679774049
0.276779289178362 0.801454554582412
0.269927994516428 0.804528050896649
0.29119157514521 0.79498730131682
0.279363298581255 0.800295063151098
0.336617430204836 0.774586737433434
0.30701438522913 0.787885143675413
0.326853786453251 0.778974808354711
0.285643127794573 0.797477579312685
0.328443239078576 0.77826224965376
0.275244957187638 0.802142753995607
0.308553776839548 0.787193117728204
0.299346856059879 0.791327634535517
0.306472448244001 0.788127898234354
0.282904871219064 0.798706629254743
0.287540231053756 0.796626416001965
0.317456254523398 0.783196981997265
0.351158461533878 0.768052717057333
0.299872581703762 0.79109320719234
0.296429557195876 0.792637652200657
0.281111164054139 0.799510682150997
0.323821347880426 0.780337980993711
0.296668172716432 0.792528546694409
0.389855158001431 0.750638296822981
0.289636135853933 0.795685875125298
0.324872399235611 0.77986611803926
0.294854162596383 0.793344569017663
0.299155689798556 0.791413144565176
0.293471898498695 0.793963397791235
0.30401892575525 0.789229726325674
0.307683604731531 0.787583842500031
0.305295298743109 0.788657405958332
0.309303454805469 0.786856645849073
0.309116465917635 0.7869406255981
0.315677475125498 0.783994254011044
0.289636135853933 0.795685875125298
0.311372208658172 0.78592778273458
0.351691961073976 0.767812941543447
0.299979569055284 0.791043664730001
0.290751156666045 0.795184318212619
0.330981603706568 0.777120700087235
0.31060707509071 0.786271186739781
0.269740715996805 0.804612068854131
0.336617430204836 0.774586737433434
0.314650814069866 0.784457199199334
0.295870394601084 0.792888045474385
0.296294090701579 0.792696930767736
0.279659120396106 0.800162235125157
0.330141512304008 0.777499395971168
0.313820692838354 0.784828566177632
0.321571786327733 0.781348756542766
0.328777256918109 0.778108441041271
0.29533004215744 0.793130941647067
0.3063465364717 0.788184742232379
0.284511915817894 0.797984540018339
0.287971843871461 0.796433117481928
0.280473097310814 0.799797041091359
0.290856523477664 0.795137293802019
0.2872611249312 0.796751737085566
0.284444533404461 0.798014352115401
0.335261738906396 0.775197345591046
0.285262317365709 0.797648187757607
0.310865190801716 0.786155059901334
0.301557227879514 0.790335545782684
0.291284342931598 0.794946719268988
0.308560441121311 0.787190135437568
0.292115573445407 0.794572629380546
0.280768454261509 0.799664789807582
0.289757210939316 0.7956313008707
0.288860135944221 0.796034527655795
0.282893409094178 0.798710515944902
0.317495536408096 0.7831793335454
0.270287431033689 0.804366777600085
0.299544522598434 0.791239404127579
0.296634152527555 0.792544331447769
0.275940162962689 0.801831490984858
0.27554282634614 0.80200905962902
0.318491839263739 0.782728735606861
0.280949622958727 0.799583157417208
0.305295298743109 0.788657405958332
0.299486972193466 0.791264298541862
0.323981637120585 0.780266540634888
0.278489615277065 0.800687082426345
0.289375013347852 0.795802803467311
0.270531917500737 0.804257090410939
0.28521818398301 0.797668003947923
0.276657159469754 0.801509371250842
0.280956392195589 0.799580000311081
0.333296707035507 0.776079802112391
0.280518350252247 0.799776688709018
0.357744915896919 0.765096802318046
0.325989234012935 0.779363140909302
0.318767864659841 0.782604721520724
0.307553462955071 0.787642365021889
0.281112262813221 0.799510189006274
0.286264091404557 0.797198294257335
0.311969573767559 0.785659726015183
0.287971843871461 0.796433117481928
0.290751156666045 0.795184318212619
0.280473097310814 0.799797041091359
0.3552581155843 0.766208120666939
0.317206469569371 0.783309851554808
0.306275574787792 0.788216514477675
0.325306340637789 0.779669171587514
0.308377366654819 0.787273262903591
0.305676107749572 0.788487233049527
0.278883828975127 0.800510220674324
0.288001057772377 0.796419325974007
0.287705293901124 0.796551240641084
0.29213385422534 0.794565986094698
0.318617776525649 0.782672190380539
0.362970500714388 0.762737419764948
0.320861625886236 0.781664872482637
0.289373377374411 0.795803537594349
0.322731411835809 0.780829000702264
0.283818595672355 0.798297442755707
0.270155145281963 0.804426121457374
0.287498034842133 0.796644946533385
0.275761853882973 0.80191120122672
0.322514287373816 0.780922626912587
0.389448540747208 0.750821504873139
0.29598322468936 0.792836505774441
0.30483373781623 0.788864462134945
0.276645801627789 0.80151471499841
0.2786936679003 0.800595533372746
0.308377366654819 0.787273262903591
0.274629784823635 0.802418937898601
0.301893006377025 0.790184762666788
0.296046270634294 0.792808249971255
0.296406719334879 0.792647009252419
0.32611749018189 0.779306149473499
0.284981943965674 0.797773760154438
0.316073517017912 0.783817370317171
0.267362546643106 0.805679063436322
0.366403507034372 0.761193248299097
0.285455799419903 0.797561349634814
0.268471598778405 0.805181545603383
0.320861625886236 0.781664872482637
0.277430055226371 0.801162254067672
0.296169983041255 0.792751961871879
0.275364318289712 0.802089543347845
0.292758365392088 0.794283944730735
0.307068452304833 0.787859233545771
0.285058228942466 0.797740402970008
0.288055894368177 0.796393913424747
0.308560441121311 0.787190135437568
0.275494678272041 0.802030966569485
0.279111010461065 0.800408287891261
0.31721007798288 0.783308229895888
0.325244266384042 0.779699305675618
0.301907116498898 0.79017736416901
0.280776177434686 0.799660880884516
0.300580242260548 0.790773905932373
0.267424583766118 0.805651224084659
0.359526894383273 0.764288596884958
0.29270158987814 0.794309422641152
0.268471598778405 0.805181545603383
0.31204053560275 0.785628643189257
0.288055894368177 0.796393913424747
0.284748210688575 0.797878543156844
0.279852274455571 0.800075789094349
0.385931885171544 0.752405504189447
0.315273166040608 0.784176565474499
0.364486730266436 0.76205678495427
0.304779654991881 0.788889374471188
0.331608032782857 0.776836900913784
0.306035848469553 0.788323538535766
0.285540969674693 0.797522659069651
0.268639556361519 0.805106131226982
0.332786317148346 0.776309785912477
0.304142429082893 0.789175088928693
0.292758365392088 0.794283944730735
0.301958107364091 0.790155491314511
0.273469841575283 0.80294014868829
0.276635041758265 0.801518926835067
0.286161490816027 0.797244637202491
0.283313025700415 0.798523744888103
0.364486730266436 0.76205678495427
0.298021048798259 0.791923051149842
0.286367957580204 0.797152411978798
0.357360732978257 0.765265810657335
0.283886084253528 0.798265395923808
0.29339325588128 0.793998976223519
0.268757920288132 0.805053014286736
0.303121192103986 0.789632023862532
0.306956265767599 0.787910519968558
0.301543118809006 0.790341569145343
0.331608032782857 0.776836900913784
0.316400425042942 0.783670548177866
0.276635041758265 0.801518926835067
0.292477323989492 0.794410980035012
0.273108789660054 0.803101060154931
0.381988591579846 0.754183090921188
0.318324035173441 0.782806327419762
0.34385593406797 0.771332282285929
0.280622732656281 0.799729859967943
0.31719960649258 0.78331175040072
0.267362546643106 0.805679063436322
0.299754544932449 0.791142980503314
0.275364318289712 0.802089543347845
0.29285969852564 0.794239593371674
0.285223573113947 0.797665240234232
0.306695036825658 0.788028073741044
0.280677781070847 0.799705052872277
0.287222405715127 0.796768034733673
0.301929078190435 0.790167379938566
0.277191843122946 0.801269606049909
0.288974792641416 0.795982644381456
0.273514528836981 0.802919310076995
0.271091709504722 0.804006122452274
0.29213385422534 0.794565986094698
0.299981943279732 0.791042543714668
0.306087139991353 0.788301410239774
0.362513682491097 0.762943274953912
0.3618868389166 0.763231703748563
0.27887618886053 0.800513648283573
0.280671234392601 0.799708096973201
0.267355599816169 0.805682182200191
0.277430055226371 0.801162254067672
0.327492327980994 0.778689832128073
0.320029387792865 0.782039849894181
0.283886084253528 0.798265395923808
0.306695036825658 0.788028073741044
0.305434495255699 0.788595193331438
0.291678923491937 0.794768053931489
0.275369873671338 0.80208705054224
0.304652916397106 0.788944394844169
0.385626452310839 0.752543363993135
0.285905245626666 0.797360103885698
0.280622732656281 0.799729859967943
0.366403507034372 0.761193248299097
0.267355599816169 0.805682182200191
0.314958258242287 0.784318281988007
0.278148617734464 0.800840011225715
0.291957634551756 0.79464392609426
0.278456260095305 0.800701782589799
0.317073979027166 0.783368087854536
0.304233613106746 0.789133758344637
0.277430055226371 0.801162254067672
0.284803258665056 0.797854021866856
0.332656530122885 0.776370872256553
0.298159512576154 0.791860932388501
0.316944169325965 0.783425244306535
0.270574634970066 0.804238305707596
0.29128734714418 0.794943809527877
0.287484233611356 0.796652248492691
0.356284158524717 0.765752095099652
0.319445875650631 0.782304026992252
0.288058060676522 0.796393222211066
0.277387364288467 0.801182051998295
0.286540316418306 0.797074824876533
0.287779679479313 0.796518525818691
0.297115356853396 0.792329052142692
0.291724122087799 0.794748721319295
0.284351382444904 0.798056828625369
0.285223573113947 0.797665240234232
0.300115839855785 0.790982095900869
0.265592118696333 0.80647322921979
0.283258333835648 0.79854739942985
0.271591880428789 0.803781670788774
0.28457118506836 0.797958047229702
0.332513539855945 0.776434148136487
0.288435273483803 0.796223456975324
0.323318686807034 0.780561986379493
0.268757920288132 0.805053014286736
0.285897752530855 0.797363104264298
0.296163832211799 0.792757008963693
0.324217718104325 0.780161155815467
0.302124390244487 0.7900813366534
0.280232979999942 0.799906631585867
0.272134010274185 0.803538439839871
0.315273166040608 0.784176565474499
0.270961089716808 0.80406471593865
0.280865096634594 0.799621109849062
0.307123389679295 0.787836178604406
0.282525458989747 0.798876454215476
0.336668199372356 0.774573884410686
0.301599281263006 0.790315631201929
0.289585187337887 0.795707898242849
0.291797508120354 0.794715784150298
0.315627784818419 0.784016207220357
0.309226016729039 0.786891010225869
0.320700262767666 0.781738631439704
0.288837163455706 0.796043264404759
0.302832181707154 0.789761400445876
0.270010796314886 0.804490881149308
0.313487442020826 0.784980617294442
0.277930196310962 0.800938464999214
0.275680640030996 0.801947747652772
0.296163832211799 0.792757008963693
0.268745229350634 0.805058967030882
0.283258333835648 0.79854739942985
0.303867787825605 0.789297510280877
0.294904267303235 0.793320270392331
0.366318938368545 0.761231040587094
0.306065929929588 0.788311044216176
0.286009203369074 0.797313087179261
0.336369564220776 0.774700770963334
0.310950828217982 0.786117920678324
0.27064532791856 0.804206205703356
0.275681278235515 0.801947461331595
0.284931825198231 0.797796242866289
0.346472380674225 0.770160631136848
0.279990494362376 0.800013491589774
0.279258695150963 0.800342187408023
0.289011998014363 0.795965112374467
0.325640342232827 0.779520772501273
0.303121192103986 0.789632023862532
0.30411239626523 0.789187772848812
0.306884064601286 0.787942972642895
0.332513539855945 0.776434148136487
0.265669668428428 0.806438440843215
0.318485493386198 0.782733738746473
0.288192402722954 0.79633247834973
0.303114843769118 0.789634874694222
0.293357975908345 0.794014712673126
0.357341452436014 0.765275941843155
0.286029002850917 0.797304203098985
0.29758423111482 0.792119419703692
0.265592118696333 0.80647322921979
0.298108414924365 0.791884281753855
0.318983805499721 0.782513409404732
0.318061007046023 0.782923316908047
0.325630898137324 0.779525014917161
0.300303480419171 0.790899077060639
0.289585187337887 0.795707898242849
0.308651688355322 0.787150458412225
0.283759636222543 0.798322369558945
0.277387364288467 0.801182051998295
0.357341625961929 0.765275870569624
0.270646316083788 0.804205761439925
0.302907345705494 0.789729012494306
0.291231897472406 0.794968283910598
0.319446994520408 0.782300824888477
0.316417919527005 0.783660994690721
0.288192402722954 0.79633247834973
0.270646316083788 0.804205761439925
0.301431130479128 0.790390275603657
0.318055644415693 0.782925727177214
0.268592750790428 0.805127662926472
0.284237047320969 0.798108801114377
0.270665349216535 0.804197213781043
0.304318156760419 0.789095102119667
0.315626521625978 0.784016775211177
0.274808264072 0.802339372340576
0.281386751538823 0.799387122615423
0.27151297401107 0.803816984884296
0.301431130479128 0.790390275603657
0.301543596416324 0.790341206875505
0.312546735430979 0.785400716341429
0.276914368914074 0.801393955676915
0.286029002850917 0.797304203098985
0.295655977928847 0.792984521295509
0.302464881166594 0.789926834293415
0.297971246628112 0.791943367414107
0.358239843920152 0.76486597962554
0.315181689509182 0.784216979899539
0.269781520499631 0.804593742196468
0.308592525234327 0.78717783403378
0.370425772194401 0.759383008574831
0.297615605083018 0.792103892513284
0.300955523768631 0.790604707332946
0.310733397041569 0.786215647341783
0.265592118696333 0.80647322921979
0.306616401549295 0.7880632003937
0.267367339516981 0.805676915809322
0.278727818253338 0.800580139676399
0.366404563883462 0.761192796505199
0.315197671759449 0.784212183876351
0.265861352068912 0.806352453312794
0.265592118696333 0.80647322921979
0.267355599816169 0.805682182200191
0.293293794842025 0.794045684657669
0.357907810181667 0.765016553913706
0.37251343642014 0.758445111470243
0.30528457047933 0.788661019052743
0.277419900284758 0.801168077945327
0.302391696144709 0.789959515185915
0.30401552256023 0.789231451338721
0.265049759742271 0.806716848861687
0.270382929563226 0.804324389023833
0.295655977928847 0.792984521295509
0.266347578078356 0.806134378377816
0.325614472588845 0.779530706315195
0.315365547145793 0.784135131304688
0.312546735430979 0.785400716341429
0.287448184096096 0.796666405941766
0.291349238194015 0.794916877442842
0.283763665522683 0.79832056120569
0.266348222703606 0.806134089500349
0.306065929929588 0.788311044216176
0.35737030407146 0.765258246305828
0.265049763710567 0.806716847729821
0.284802189370681 0.797854811031954
0.30528457047933 0.788661019052743
0.277611894759594 0.801081945111678
0.266160199020347 0.806218434575745
0.295489210105834 0.793057783748356
0.317255511332155 0.783289262443183
0.265117860840651 0.806686013259295
0.286721368128074 0.796993475451146
0.285594988069196 0.797498283011463
0.277531429487455 0.80111754699556
0.287956128092877 0.796438506602053
0.27037490165644 0.804327990064807
0.364424138725206 0.762084839402889
0.297833344971455 0.792005227833869
0.29058376581497 0.795260301457685
0.285133669270743 0.797705949341439
0.356992929532187 0.765430074310033
0.306135220572526 0.788278768321435
0.315216681124963 0.784201268762103
0.266348222703606 0.806134089500349
0.270843021951411 0.804118261480402
0.300955523768631 0.790604707332946
0.292433565674445 0.79442959428447
0.265049759742271 0.806716848861687
0.356660950810978 0.765577413436836
0.303909878606093 0.789278194623679
0.276111212086184 0.801754324433436
0.315181689509182 0.784216979899539
0.320888153376141 0.781654288352806
0.292916875693629 0.794213724670043
0.291349238194015 0.794916877442842
0.27758278896234 0.801094505643459
0.285300609192808 0.797631854621411
0.315841107541516 0.783920319422057
0.311949601422698 0.78566884168728
0.27728096218561 0.801230411964632
0.276028815769452 0.80179210892319
0.278727818253338 0.800580139676399
0.35744241523907 0.765225840900881
0.298757529908053 0.791591930039847
0.33836267304859 0.773805448872554
0.301454200833997 0.790381215747009
0.281784845074524 0.799208567481504
0.354538844603146 0.766535080207601
0.303114845957786 0.789634765666661
0.265077512207867 0.806704402165814
0.315341356083861 0.784145274430628
0.36648071045291 0.761158497099829
0.298432359898701 0.791736973601919
0.271810683652867 0.803683813739998
0.367969549340719 0.760486972388189
0.266364678854762 0.806126712758186
0.305130746507047 0.788731252390418
0.293548340318407 0.793929926841057
0.35684003581985 0.76549559798618
0.297692665866703 0.792070743933135
0.306135067494286 0.788278836000567
0.309556668524098 0.786744845899235
0.303353035489913 0.78952904904202
0.275594614465945 0.801986001955013
0.266364678854762 0.806126712758186
0.26869994281091 0.805079581378019
0.312546735430979 0.785400716341429
0.27074606758762 0.804161734453405
0.349346319084606 0.768868624498474
0.338359007263362 0.773807029740278
0.315199164937168 0.784209183906002
0.307846490203125 0.787512322442706
0.278727818253338 0.800580139676399
0.282134539589587 0.799052147483168
0.275279522009439 0.802127393320224
0.306557414695347 0.788089086305496
0.311904609919047 0.785687705768964
0.297692665866703 0.792070743933135
0.306135220572526 0.788278768321435
0.318633739030323 0.782667522316453
0.35684003581985 0.76549559798618
0.306557414695347 0.788089086305496
0.297496216911465 0.792158188154899
0.302154788380901 0.790066648831413
0.266364678854762 0.806126712758186
0.316704353082289 0.783534514251495
0.294545653969337 0.793481930281415
0.268853328370651 0.805010855474136
0.273494651996815 0.802928434340802
0.278727818253338 0.800580139676399
0.272627786877692 0.803317245667855
0.356122322029396 0.7658191919549
0.315857596086813 0.783914267025296
0.278727818253338 0.800580139676399
0.294545079617682 0.793484431196815
0.273992397661753 0.802705366723128
0.3116666369618 0.785794573869822
0.289208186264045 0.795876652638091
0.304112232878802 0.789188325462308
0.278767284228938 0.800562409011609
0.28082644198228 0.799638919484739
0.302282342619727 0.790009524950723
0.270675966734425 0.804193066793298
0.337335293624077 0.774269199269543
0.356122322029396 0.7658191919549
0.301370289430167 0.790419541136433
0.294517569316784 0.793496008883412
0.310516707171914 0.786310906825088
0.324321840080796 0.780115373458715
0.295437689142065 0.793082118937905
0.343739319190808 0.771386757624802
0.312546735430979 0.785400716341429
0.304112232878802 0.789188325462308
0.296834300058507 0.792453660942654
0.300206698528132 0.790939943016563
0.307846490203125 0.787512322442706
0.278971407532692 0.800470845582471
0.300206698528132 0.790939943016563
0.283759636222543 0.798322369558945
0.278726988110626 0.800580513927843
0.316990680390546 0.783405942261576
0.300178706281501 0.790952215487113
0.266364678854762 0.806126712758186
0.326692778948987 0.779048526904738
0.268936198996127 0.804973133402443
0.281196784354399 0.799472830233937
0.3561470691259 0.765808662326953
0.290476814349669 0.795308734369917
0.288192402722954 0.79633247834973
0.302225869208492 0.790035347173115
0.264865029258359 0.806799700121591
0.266352580694866 0.806132139950458
0.273553422996385 0.802902186433482
0.300654682661892 0.790740190872757
0.268222157163852 0.805293816065059
0.267195655920398 0.805754328981909
0.359097912211835 0.764481142770041
0.355868138948599 0.765934041195998
0.284568473847172 0.797959670301996
0.362044689596263 0.763156109579305
0.321760592699353 0.781263578382851
0.303887324635504 0.789289754768092
0.28102200358469 0.799551178712007
0.306042964671716 0.788320109087301
0.313079124885633 0.785163264481829
0.270675966734425 0.804193066793298
0.266329111963466 0.806142810595695
0.273992397661753 0.802705366723128
0.308598788460404 0.78717263128549
0.334922168844745 0.775352450859636
0.265074267012482 0.806705861779985
0.362296233879125 0.763041644271308
0.315010245806212 0.784293959478213
0.296320656566561 0.792685630715894
0.280790237953863 0.799655075556491
0.284071931817304 0.798182162166524
0.298641728649851 0.791644490453943
0.271114988385627 0.803996017468005
0.308946182902049 0.787017520661625
0.305130746507047 0.788731252390418
0.332532744344995 0.776428253614796
0.299065872523521 0.791453548960265
0.288993865182102 0.795974972063905
0.272787855619676 0.803245441032286
0.302225869208492 0.790035347173115
0.355057376012574 0.76629913978185
0.326005352940619 0.779358091202744
0.356788654472361 0.76552480655358
0.262061164493012 0.808057258268699
0.266329111963466 0.806142810595695
0.305088816348308 0.788749973891692
0.263632859194188 0.807352291397654
0.313506842232276 0.784970815735294
0.280790237953863 0.799655075556491
0.361682744625223 0.763320213118096
0.267195655920398 0.805754328981909
0.315754736962082 0.783959234518642
0.268683043053641 0.805086991503176
0.364505629033737 0.76205023840031
0.274636126152067 0.802416209134179
0.26133672710326 0.808382185570212
0.276864968041342 0.801416512951989
0.311387966542287 0.785921823324655
0.266796632550087 0.805933060315177
0.30139817088604 0.790406686428239
0.266934403297173 0.80587144272727
0.364505629033737 0.76205023840031
0.27262211012891 0.803319790700756
0.272520008189056 0.803365559303289
0.267049522416717 0.805819610616057
0.266112558375996 0.806239830316983
0.284067323068018 0.798184000590766
0.26354446804649 0.807391918486233
0.294056514505082 0.793703049065032
0.315738700190033 0.783966818876884
0.293947787465853 0.793750089478468
0.276864968041342 0.801416512951989
0.296100893724892 0.792784633167683
0.300338429974083 0.790882943361239
0.299025277195796 0.791471295305449
0.353050399966371 0.767202309713292
0.26133672710326 0.808382185570212
0.311658166323727 0.785798828302711
0.26133672710326 0.808382185570212
0.275833172525236 0.801878959848318
0.284862326429483 0.797828911708316
0.284289318016381 0.798085603717327
0.308119870902556 0.787388932479508
0.262076076544544 0.808050570149356
0.308946182902049 0.787017520661625
0.316010348773945 0.78384654336773
0.285068612573363 0.797735239679858
0.381348851096219 0.754472558338933
0.279481165024144 0.800242947950221
0.283782635138854 0.798311650866432
0.29637656105089 0.79266076704391
0.27289510000005 0.803196974232292
0.30398913926665 0.789241894138638
0.316010348773945 0.78384654336773
0.345582151592384 0.770558520622443
0.267162507393691 0.805768812163305
0.26465288572186 0.806894730235585
0.305393237240998 0.788613387056708
0.262489869385283 0.807864960976309
0.272294538564646 0.80346651793446
0.28560692743738 0.797493366293346
0.296320656566561 0.792685630715894
0.355327121882081 0.766176099133322
0.267049522416717 0.805819610616057
0.26133672710326 0.808382185570212
0.306088174005245 0.788299806889579
0.262116146960252 0.808032649182326
0.310547753453545 0.786299174316446
0.313937927937844 0.784778301708115
0.30139817088604 0.790406686428239
0.265074267012482 0.806705861779985
0.347703548123837 0.769610584570588
0.28587645019043 0.797372256755942
0.28869944407612 0.796106466551279
0.302624489372072 0.789854583724137
0.297418149916564 0.79219321287071
0.265300098304383 0.806604415520245
0.299284383212001 0.791356262179528
0.261115206591158 0.808481535144438
0.284588094205569 0.797950933781351
0.271114988385627 0.803996017468005
0.261012896840264 0.808527433521065
0.262489869385283 0.807864960976309
0.280421949521607 0.799820681034581
0.261507743676718 0.808305476908861
0.27265650008212 0.803304022412525
0.284185893540937 0.798130916645149
0.313183679593145 0.785112943044296
0.297909725394681 0.791972396776861
0.268336795097703 0.805242403519348
0.305393237240998 0.788613387056708
0.302452160501788 0.789932981559175
0.261011724348798 0.808527959800862
0.304076569105464 0.789203776975104
0.30398913926665 0.789241894138638
0.282428806852801 0.798921202146743
0.263547632017737 0.807390499074494
0.313112793863508 0.785146032069076
0.279481165024144 0.800242947950221
0.28056298481374 0.799757256814041
0.291695799335301 0.794762338171507
0.280719849717837 0.799686390752021
0.303289857219905 0.78955892169787
0.27508915533049 0.802213400428711
0.282816298755029 0.798747429970196
0.335296043156456 0.775184634626257
0.304076569105464 0.789203776975104
0.262783550189422 0.807733328580184
0.300578864987711 0.790775994441859
0.286329281781369 0.797169700662285
0.277160199703447 0.801283761820333
0.263547632017737 0.807390499074494
0.26354446804649 0.807391918486233
0.293541389293391 0.793933479515835
0.294916080188609 0.79331733708501
0.284498914111587 0.797991208290526
0.282428806852801 0.798921202146743
0.283147295382734 0.798598795562985
0.315010245806212 0.784293959478213
0.277086291634854 0.801316316271144
0.271710363834521 0.803728983151474
0.314934779152993 0.784326638856362
0.274576367009944 0.802442757147802
0.260999266046938 0.808533549277565
0.263547632017737 0.807390499074494
0.283147295382734 0.798598795562985
0.266112558375996 0.806239830316983
0.27508915533049 0.802213400428711
0.270761638118833 0.804154650597043
0.260916073555736 0.808570861077446
0.292384086757438 0.794452880566963
0.309057674950297 0.786967701576984
0.28587645019043 0.797372256755942
0.26664283739967 0.806002163186728
0.306040678721768 0.788321155646549
0.321214294559464 0.781508076851165
0.270445328946366 0.804296523501027
0.267182217231923 0.805759998396709
0.295576025244634 0.793021735776789
0.277638710055946 0.801069937140256
0.268683043053641 0.805086991503176
0.264173525259289 0.807109957077891
0.306227920459173 0.788237078641993
0.306945083568752 0.78791524239882
0.273746996741193 0.802814833582642
0.314611975039231 0.784471719759946
0.268127218383017 0.80533608577316
0.26508454256775 0.806701101231503
0.289526232628351 0.795735807956566
0.2986238798099 0.79165187341488
0.261899008934802 0.808130015722532
0.312546735430979 0.785400716341429
0.261062476167045 0.808505134773198
0.280851399480996 0.799627645991816
0.275206587803043 0.802160471455021
0.260883358981154 0.80858553905893
0.270513960347904 0.804265480232255
0.306788644158252 0.78798616398153
0.265033631666396 0.8067238549637
0.311380879593887 0.785925006213154
0.300003398391971 0.791032248002553
0.305265689014146 0.7886700632353
0.27289510000005 0.803196974232292
0.277638710055946 0.801069937140256
0.320268873109686 0.781930544783859
0.294901812276701 0.793322673900421
0.345550431916965 0.77057038665306
0.291695799335301 0.794762338171507
0.287191939826427 0.796782635725635
0.280290228838002 0.799879531909246
0.315243003640493 0.784188181924823
0.284588094205569 0.797950933781351
0.312655530772073 0.785351546552671
0.273746996741193 0.802814833582642
0.281714570284718 0.799240480426563
0.291779518317357 0.794723740324779
0.306096458342516 0.788296083295768
0.273746996741193 0.802814833582642
0.294881889477775 0.793332052560153
0.273506109050946 0.802922932414369
0.290940128164635 0.79510067382192
0.262706628161997 0.807767808449715
0.298330109101005 0.7917842271975
0.315454451788444 0.784093298201937
0.296988975220857 0.792386223228138
0.260883358981154 0.80858553905893
0.28225389391931 0.798998457080313
0.290940128164635 0.79510067382192
0.266112558375996 0.806239830316983
0.29873188528814 0.791604089386911
0.372754397479097 0.75833463206042
0.300131331263248 0.790974817412459
0.26602788941158 0.806278198353429
0.301683197085297 0.790278154266095
0.273510362102019 0.802920949513379
0.295948138841333 0.79285233392178
0.270357288348211 0.804336015630736
0.306287126645343 0.788212049003036
0.275336019274156 0.80210255307788
0.268472981368691 0.805181122540341
0.267333605152922 0.805692084447873
0.260889090371756 0.808582971329967
0.264205997810773 0.807095220407184
0.267609534358135 0.80556892049187
0.28225389391931 0.798998457080313
0.315102151440787 0.784253523784779
0.291779518317357 0.794723740324779
0.270836891490069 0.804120809588027
0.264443845048959 0.806988554780115
0.274837296383672 0.802325931203895
0.282224010627814 0.799011327750065
0.297055256695102 0.792356498071246
0.290372224659407 0.795356832862301
0.316291898294543 0.78371831187702
0.301700380193017 0.790269403862725
0.291942924682808 0.794650411590106
0.264307494017661 0.807049709012067
0.282016801996068 0.799104314939539
0.272168252015352 0.803523496479992
0.280490471873601 0.799789690374519
0.274864805777292 0.802313623235903
0.290137708180043 0.795460699385954
0.285347974916324 0.797610218562982
0.265691670138204 0.806428981758144
0.268728138813592 0.805066765010021
0.263868361421161 0.807246658947324
0.261894590055937 0.808131997565849
0.296103957169691 0.792783684643541
0.272179617273218 0.803518554214768
0.264339311394535 0.807035459673485
0.273506109050946 0.802922932414369
0.283157664109354 0.798592693229682
0.267175220457502 0.805763267852361
0.280485371816977 0.799791975405285
0.360381361608271 0.763905763406911
0.282004171454329 0.799110263924816
0.272428580393243 0.803406990663845
0.270145498094106 0.804430998420893
0.306287126645343 0.788212049003036
0.312655530772073 0.785351546552671
0.270798417521538 0.804137816285692
0.313311243397689 0.78505691961298
0.275231433943444 0.802149574801234
0.295735033470925 0.792948348704286
0.292401931686647 0.794444962249609
0.287191939826427 0.796782635725635
0.320253331441385 0.781940156326361
0.300519022555159 0.790801073674059
0.357002262760986 0.765426022941519
0.27751174471425 0.801125980994557
0.266046039293475 0.806269973548441
0.320008931151485 0.782048408610991
0.313353738070268 0.785037838406064
0.264573814142437 0.806930300867126
0.305804511900582 0.788429244044442
0.325060951600327 0.779780037705829
0.282353707676577 0.798953946633058
0.313816482564011 0.784830592520737
0.264776238996899 0.806839535495049
0.285822110233888 0.79739751224804
0.260885342259308 0.808584649460911
0.288581129562521 0.796159530655619
0.267139180433756 0.805779612061574
0.274463485105362 0.80249513810125
0.283615277880169 0.798387680750613
0.37098439618758 0.759133216612483
0.287714856331667 0.796547631550346
0.313850171621376 0.784815465998463
0.261520264914695 0.808299888814779
0.311521355859772 0.785860938734868
0.280355160712647 0.799851768559585
0.302838207218145 0.789759671134025
0.278782893658247 0.800556470109817
0.271710363834521 0.803728983151474
0.325060951600327 0.779780037705829
0.359947961143138 0.764100313253204
0.314065657276875 0.784718728812476
0.291535222857501 0.794833581732329
0.314709601111175 0.784430477877096
0.264776238996899 0.806839535495049
0.282648638185023 0.798821874710335
0.339026722369821 0.773504947383521
0.274198340570476 0.802612836375845
0.288598412737308 0.796150547986709
0.267558280251221 0.80559169805488
0.302552459113636 0.789888767371455
0.313892721884907 0.784797114827685
0.277376248883614 0.80118705984041
0.303138183338195 0.78962553652957
0.282098815091142 0.799068564977915
0.260883358981154 0.80858553905893
0.282098815091142 0.799068564977915
0.305748387464661 0.788454097301911
0.26610148417433 0.806245108529141
0.260855255969062 0.80859814540914
0.312624206542417 0.785365644956619
0.311059320346037 0.786069076136014
0.308620656126472 0.787166112323555
0.260883358981154 0.80858553905893
0.266600195805388 0.806021298354836
0.321578876328018 0.781345092630497
0.298817962017892 0.791564822660395
0.306987346906498 0.787897785066419
0.289926618714783 0.795555194380439
0.262783824299885 0.807733198832229
0.290548386403326 0.795277425745669
0.282098815091142 0.799068564977915
0.277911519749461 0.800947525079804
0.278276164666399 0.800782638216911
0.321036707802562 0.781588549597853
0.271124818947739 0.803991392136626
0.333827849412256 0.775841828014274
0.317778030603082 0.783053883452361
0.305878277984691 0.788395185645505
0.288924433868154 0.796004899387423
0.296084388944176 0.792792705831651
0.298435719777415 0.791734502113366
0.263520774883566 0.807402545602409
0.306406242987008 0.788158444681051
0.318809965194217 0.782589670197375
0.27766987933244 0.801056092372953
0.264028479008435 0.807174758777266
0.271124818947739 0.803991392136626
0.265705900206235 0.806422728196365
0.338806424199275 0.773604235996227
0.315745369412809 0.783965374895088
0.304385747149311 0.789064064523643
0.280869980365974 0.799620079061052
0.260047700221322 0.808960290010595
0.268791852892985 0.805037974597759
0.30973565036653 0.786663368321934
0.27336319085892 0.802987436150672
0.262651963105956 0.807792336137249
0.260047700221322 0.808960290010595
0.262229623149432 0.807981737037056
0.314607964385607 0.784477639333525
0.333304199522612 0.776077549736841
0.288924433868154 0.796004899387423
0.289353556334722 0.795812188575409
0.320607632742101 0.781781230135666
0.263527279216846 0.807399662491497
0.278653690057831 0.800614308585392
0.299155067138239 0.791413153527541
0.260047700221322 0.808960290010595
0.260047700221322 0.808960290010595
0.268147384926236 0.8053274113712
0.30887178187817 0.787053595631626
0.266473530497263 0.806078202540996
0.281955985410053 0.799132851373057
0.3038208975337 0.789319097370811
0.286255839137514 0.797203420923503
0.260948630103647 0.808556244544195
0.261923167397196 0.808119186455948
0.310853754362711 0.786162322300237
0.338809494830296 0.773602068168576
0.29880241427603 0.791571731753408
0.328388382769151 0.778286556202439
0.266684682112051 0.805983444649615
0.263997788957126 0.807188668194846
0.369299113103978 0.759897767721807
0.283953561870985 0.798235780472542
0.266711707602251 0.805971195499892
0.293317386917586 0.794034259285469
0.333827849412256 0.775841828014274
0.316879820272934 0.783456237948387
0.260047700221322 0.808960290010595
0.332821558130174 0.776295146490351
0.27033093860761 0.804347792124803
0.261046056467514 0.80851251372188
0.30031018872902 0.790895398713324
0.281446052734563 0.799361615883688
0.285445317965128 0.797565926725178
0.278296707829101 0.800774607974417
0.306712207592979 0.788022811897445
0.316879820272934 0.783456237948387
0.261255612465333 0.808418574464484
0.29880241427603 0.791571731753408
0.27033093860761 0.804347792124803
0.319164509527909 0.782430488022149
0.278800023230098 0.800548053234671
0.266971509822714 0.805854755978706
0.331331268137372 0.77696474343553
0.331331268137372 0.77696474343553
0.331331268137372 0.77696474343553
0.329875351162568 0.777618817641216
0.334200315254241 0.775676915175896
0.332841701212558 0.776287133485053
0.316934041288837 0.783430166190372
0.291235424557977 0.794967659165042
0.290924257004001 0.795107357900534
0.294256480627466 0.79361137617684
0.292014145772789 0.794618233398509
0.290924257004001 0.795107357900534
0.334408145353592 0.775581205688201
0.331331268137372 0.77696474343553
0.329875351162568 0.777618817641216
0.285623143464798 0.797485536886283
0.285623143464798 0.797485536886283
0.291928598122115 0.794656660385807
0.293897823403161 0.79377280525261
0.301017222657044 0.790577845466637
0.285629572963849 0.797482651930811
0.329940596035501 0.777589466288838
0.285629572963849 0.797482651930811
0.285609499547861 0.797491662223838
0.32883377507016 0.778088832000421
0.329874848790995 0.77761904364452
0.339277463181671 0.773394995303008
0.324929378151696 0.779840215206402
0.303826065411222 0.789315257595658
0.275167074039177 0.80217907870715
0.285110258834383 0.797715707028017
0.329955142675242 0.777582929378106
0.319480854773124 0.782287433000309
0.28437360428549 0.798046294220831
0.291928598122115 0.794656660385807
0.291857231757743 0.794688869235282
0.340652063381508 0.772778872550478
0.284111605430847 0.798163889212405
0.293897823403161 0.79377280525261
0.273994897399072 0.802704773080371
0.333343613452865 0.776058429318619
0.284718476588909 0.797893669352449
0.301997485063471 0.790136899225775
0.284898421959348 0.797812242043158
0.297564785556605 0.792126784797069
0.351175554100361 0.768044233510256
0.297087023213777 0.792341683620008
0.31898443308398 0.782511813833813
0.333343613452865 0.776058429318619
0.321272265886633 0.781483975080628
0.286862846911931 0.796929834785406
0.351175554100361 0.768044233510256
0.275167074039177 0.80217907870715
0.291857998282694 0.794688525270767
0.299728656643096 0.791156439136241
0.286416376603225 0.79713175395925
0.287040879729503 0.79684993346956
0.335275296328959 0.775190798212981
0.29572778646904 0.792952086880928
0.332495433829928 0.776441456446799
0.291085696158458 0.795035397676373
0.335275296328959 0.775190798212981
0.302685244789795 0.789829157520998
0.301997485063471 0.790136899225775
0.287350788258873 0.796710878517341
0.286416376603225 0.79713175395925
0.287350788258873 0.796710878517341
0.349420671742482 0.768831790140473
0.321304669827057 0.781469871377465
0.283199962542681 0.798573107786383
0.287231392305358 0.796764415491389
0.286363078029588 0.797155689456155
0.321272265886633 0.781483975080628
0.287350788258873 0.796710878517341
0.293897823403161 0.79377280525261
0.325982251212216 0.779369520922819
0.274829946144283 0.802330264037911
0.302808226827337 0.789772483425601
0.331032277681147 0.777100650514587
0.27098470247385 0.804054630180475
0.343253731741558 0.771606976661255
0.276761656201171 0.801463563345781
0.270801404483313 0.804136846769891
0.301298650367983 0.79045023160657
0.270871541396858 0.804105390807733
0.27098470247385 0.804054630180475
0.270801404483313 0.804136846769891
0.281552527916033 0.799312702728569
0.275513664150216 0.802022789709867
0.271053097444268 0.80402391802048
0.317845252007189 0.783020374281836
0.272210269161241 0.803504814102839
0.270904942933734 0.804090412213959
0.319228018409142 0.78239880708744
0.274445078180737 0.802503270194024
0.277296837718728 0.801222878513641
0.270801404483313 0.804136846769891
0.270344655958662 0.804341328947591
0.286912848497404 0.796908487235581
0.323028538282862 0.780693675570449
0.278021173377505 0.800897347900268
0.343253731741558 0.771606976661255
0.272210269161241 0.803504814102839
0.30860792471723 0.78716857723653
0.290327570841592 0.795374795280166
0.271673543736225 0.803745360576626
0.266622710053596 0.806011169253242
0.27311062926459 0.803100350574022
0.270344655958662 0.804341328947591
0.272622012342302 0.803320035246839
0.332710552679832 0.776342084322522
0.31284720749978 0.785266917380996
0.342808420471657 0.771807242536402
0.27141731503992 0.803860318404979
0.298855131731099 0.791548581700575
0.271608520863198 0.803774451420595
0.291149392690377 0.795006014411472
0.326598492299133 0.779090694620873
0.27311062926459 0.803100350574022
0.286136933864005 0.797257423227939
0.343328631249819 0.771573319407284
0.267874943508792 0.805449490391557
0.299873631573099 0.791091291850289
0.2961977984387 0.792740107227649
0.272335697911699 0.803448218227325
0.271550340683389 0.803800704750747
0.330706254409533 0.777245490621002
0.32488400848255 0.779859399174872
0.293927546223294 0.793759634347592
0.267874943508792 0.805449490391557
0.312818755513048 0.78527946069165
0.313821867404815 0.78482786407761
0.293927546223294 0.793759634347592
0.340414136611435 0.772881560928121
0.269546879129069 0.804699271639773
0.269725952267227 0.804619074710286
0.343328631249819 0.771573319407284
0.308600246954285 0.787172091188428
0.278430662414785 0.800714922550638
0.303066385452011 0.789657074852993
0.288545324644652 0.796175431472935
0.272182645711422 0.803517647539997
0.305167582621425 0.788714846518554
0.278430662414785 0.800714922550638
0.296239988578139 0.792721172185304
0.305151946840681 0.788721865918942
0.27311062926459 0.803100350574022
0.278430662414785 0.800714922550638
0.269546879129069 0.804699271639773
0.343108272358526 0.771672503042862
0.349216197773236 0.768926545250539
0.33078744031903 0.777208642531697
0.296240656291633 0.79272087162667
0.305167582621425 0.788714846518554
0.311383340245732 0.785923674615595
0.278430662414785 0.800714922550638
0.293667346505018 0.793876434183953
0.270858185972413 0.804111112035848
0.338851316660569 0.77358755627487
0.290160386725029 0.795450325147811
0.296252762956808 0.79271543808838
0.278563395220497 0.800654259129163
0.270387585659185 0.804322169671199
0.342795051134663 0.771812897038881
0.278644567663333 0.800617778477907
0.26791168823189 0.805433010587095
0.266622710053596 0.806011169253242
0.290133565327717 0.795462275189457
0.27558317223074 0.801991130505739
0.266686288218628 0.805982656332402
0.267013386537744 0.805835981450158
0.266230762544943 0.806186931181659
0.270820762997091 0.804127686963531
0.282547426619688 0.798866544465534
0.278393063416773 0.800731439982723
0.272339892612585 0.803446447578357
0.307020352418549 0.787881643173596
0.272704848307171 0.80328330480967
0.264883065320536 0.806791408273894
0.31411152528124 0.784698253235411
0.266771876177639 0.805944133479668
0.344480763945627 0.771053587386388
0.290133565327717 0.795462275189457
0.268436173634914 0.805197709054384
0.270100414616604 0.804451415431296
0.277678000765715 0.801051577774476
0.276566891402578 0.801549876236556
0.323014756732904 0.780702989458978
0.300420526946296 0.790845937474844
0.2900860216035 0.795483644132714
0.266103222056996 0.806244017983611
0.270344655958662 0.804341328947591
0.354735772308542 0.766443918986396
0.344473827941559 0.771056713459806
0.344480763945627 0.771053587386388
0.290133565327717 0.795462275189457
0.272159161305925 0.803528176561417
0.278393063416773 0.800731439982723
0.266771876177639 0.805944133479668
0.299766116508418 0.791139363821556
0.278393063416773 0.800731439982723
0.326616757371801 0.779083484247899
0.290133565327717 0.795462275189457
0.33225229358538 0.776552685211899
0.335847487001136 0.774934008718656
0.28574190064638 0.797433790881315
0.354486206028049 0.766556083409776
0.295156525855037 0.793208821024061
0.302944311588369 0.78971343823783
0.27461616612672 0.802425901832051
0.293233625333664 0.794071099629969
0.289991306013215 0.795525970698042
0.265966130413623 0.806305551037471
0.270108552778714 0.804447477924428
0.275458408274845 0.802048068025376
0.33328569043478 0.77608615829489
0.293849217798292 0.793796770358275
0.296167608850889 0.792755178470833
0.264756382940327 0.806848238704653
0.272159161305925 0.803528176561417
0.302479585762463 0.789921185010833
0.273595044590583 0.802883626817263
0.314458845745312 0.784541562236919
0.275337912981032 0.802101477377369
0.293643708024953 0.793886670655844
0.340010009525182 0.773063748186989
0.297947361155532 0.791956012492544
0.331436422941131 0.776918205618556
0.273589436229458 0.802885783651644
0.275141708319844 0.802189091158274
0.307302932390125 0.787758240295693
0.331197889504473 0.777027187957401
0.303505850706127 0.789460177535309
0.290833617160758 0.795148347874964
0.27066907949106 0.804195877479559
0.342212363424642 0.772072810717715
0.270108552778714 0.804447477924428
0.268622061306837 0.805114440813997
0.275784180098729 0.801901230445949
0.28897815740311 0.795981342161369
0.273589436229458 0.802885783651644
0.307302932390125 0.787758240295693
0.282485363214409 0.798894113561173
0.275378078358076 0.802083017228005
0.273589436229458 0.802885783651644
0.288875531208947 0.796027326675862
0.344915569442586 0.770858127049409
0.341352823681751 0.772459424331039
0.269667303662648 0.80464550131163
0.340309297395682 0.772931014365222
0.275388243082085 0.802079366265497
0.273979117507082 0.802711529271737
0.268313826965286 0.805252631144226
0.304014254907949 0.789232196163714
0.265966130413623 0.806305551037471
0.268007755204993 0.805389921250979
0.339535311572681 0.773279948588189
0.305421750738955 0.78860331649238
0.290133565327717 0.795462275189457
0.27548669436374 0.80203486470921
0.271393824499146 0.803870865697644
0.336205608895191 0.774774142862126
0.27810428965207 0.800860427479742
0.282485363214409 0.798894113561173
0.313020108104458 0.78518963890484
0.299791875941478 0.79112982614939
0.339891591591611 0.773119045144069
0.267369837075926 0.805676071258244
0.286556777248613 0.797067827880096
0.326742378328007 0.779025733691555
0.375655262235912 0.757030823808128
0.288383858842123 0.796248393251831
0.296927022567742 0.792413773323177
0.336439444310035 0.774666854667282
0.326893577666789 0.778958019444676
0.284528579616652 0.797977586234369
0.375749276871917 0.756988427039566
0.353319959780224 0.767080806523961
0.284791742069578 0.797859510669069
0.300191806000089 0.790947686744141
0.27810428965207 0.800860427479742
0.297104157190324 0.792334160091895
0.355769091615563 0.765981919778263
0.266017700835665 0.806282383476652
0.321757238588107 0.781265795632408
0.270568585398347 0.804240841052019
0.27084694144673 0.804116152196566
0.353428099563671 0.767030581384752
0.360512804724069 0.763849374964343
0.278253884299818 0.80079327728134
0.327239324311417 0.77880253308613
0.274855694441821 0.802317878596052
0.375749276871917 0.756988427039566
0.331979192305625 0.776675585849731
0.324377729550245 0.780087823835894
0.273032519858899 0.803135791143697
0.322968671680325 0.780720195026229
0.27195761351037 0.80361861204123
0.27430091869676 0.802567672226965
0.315602120693488 0.784028623899719
0.282354376245192 0.798952949123751
0.336037537260004 0.774849983382766
0.34356505498077 0.771465944158831
0.309132194684681 0.786937405263181
0.343336782303097 0.771569614168213
0.372539837662724 0.75843883709968
0.287787014752751 0.79651570126662
0.304966711250371 0.788803544027161
0.326742378328007 0.779025733691555
0.291037242022012 0.795056873274162
0.281122705072685 0.799506803268958
0.310575066747859 0.786287833062205
0.310575066747859 0.786287833062205
0.33328569043478 0.77608615829489
0.267496017366771 0.805619474755342
0.309133060493539 0.786937018633142
0.274290185284012 0.802571351084133
0.33802149717647 0.773960512690631
0.287251261197886 0.796756059434757
0.26974660760929 0.804609921586834
0.30262090519698 0.789858373424717
0.283417794862051 0.798476316895819
0.302220180000426 0.790037758491018
0.27046258060892 0.804288509432125
0.279136524426775 0.800396957146165
0.274364540428247 0.802537982563337
0.340128872091987 0.773010443578762
0.374061582061386 0.757751858482544
0.340841650689482 0.772692724203621
0.337303024044905 0.774281341378439
0.266017700835665 0.806282383476652
0.308092642590742 0.787401112427909
0.343240671303061 0.771615150659382
0.321489514410395 0.781385130577042
0.288533267974136 0.796181756822116
0.287905909808534 0.796462211873934
0.325671214474412 0.779509973514703
0.27432692386533 0.802554897760213
0.278270217978031 0.800785994259422
0.296338331996906 0.792677502627995
0.305099474915256 0.788746987377943
0.278068228941222 0.800876592049374
0.309359550247005 0.78683201214635
0.26730803321233 0.80570389776492
0.281294495254622 0.799428970591867
0.379308766806005 0.755391622251393
0.277961988937293 0.800924259914468
0.319988986004254 0.782061427164699
0.308061770520358 0.78741479401648
0.34887228594873 0.769079574972214
0.322828125408459 0.780783791064846
0.325671214474412 0.779509973514703
0.335889625975169 0.774916455882699
0.284264354113732 0.798095742188515
0.274290185284012 0.802571351084133
0.27841376211736 0.800721960729418
0.285354422375205 0.797607932100531
0.275784180098729 0.801901230445949
0.325671214474412 0.779509973514703
0.379308766806005 0.755391622251393
0.338280754322015 0.77384078169417
0.312779592305538 0.785295970417288
0.321508615525596 0.781376675995496
0.389757355965653 0.750681326069978
0.28382613917417 0.798292861451583
0.267590491364506 0.805576901346157
0.332946889727556 0.776239595892234
0.277938034014137 0.800934467671019
0.272298045524117 0.803464930208954
0.316724928686347 0.783523834490379
0.269912354934081 0.804535553943476
0.299911020914666 0.791073242742229
0.271486905974069 0.803828817793009
0.335889625975169 0.774916455882699
0.264388702777874 0.807013216592314
0.276298087954594 0.801670752114954
0.276303227667931 0.801668176411526
0.317419449478767 0.783211783603234
0.264467688519965 0.806977764276693
0.2700499936288 0.804474054699051
0.264388702777874 0.807013216592314
0.301920747490178 0.790171325995731
0.264375373169537 0.807019197021225
0.3448669964614 0.770878608585383
0.318914675999909 0.782540216096954
0.270386315778765 0.804322682082895
0.39004492000734 0.750555885406456
0.293172314528214 0.79409866743059
0.335202347299992 0.775225252328456
0.294131033357969 0.793669251248225
0.288149768793845 0.796352624071388
0.327143519551551 0.778844835161515
0.318914675999909 0.782540216096954
0.273959135477241 0.802719781008879
0.32326576200209 0.780587663218556
0.271226698809316 0.803945610717454
0.274414416902613 0.802515703476784
0.344442771376569 0.77107249940286
0.317907990011146 0.782991997515839
0.376340988739384 0.756724206065031
0.276397802508409 0.801625989438579
0.279198667909221 0.800369316689004
0.275784180098729 0.801901230445949
0.264756382940327 0.806848238704653
0.265277504662343 0.806614452336121
0.316923733819869 0.783438498660674
0.299509586639936 0.791255076921345
0.322828125408459 0.780783791064846
0.302267974847308 0.790016541906125
0.266793875560109 0.805934470806413
0.273541115753337 0.802907356257697
0.274960414970918 0.802270600656688
0.354534705818326 0.766535916516986
0.268415870986643 0.805206557873414
0.272513686211856 0.803368229031842
0.272245499252396 0.803488699237447
0.28639670346424 0.797140551553182
0.307966480516032 0.787457490390979
0.274960414970918 0.802270600656688
0.264406261521017 0.807005342571593
0.384175487633531 0.753195080911006
0.309468453309897 0.786782827590227
0.269557290170411 0.804694613663232
0.276642869948734 0.801515959063662
0.278078585130731 0.800871405524119
0.307966480516032 0.787457490390979
0.272245499252396 0.803488699237447
0.265277504662343 0.806614452336121
0.270200023805843 0.804406239044646
0.339023879831387 0.773507081571714
0.277702059913433 0.801041634946228
0.33588726398291 0.774918984331935
0.281732762967902 0.799233201536338
0.267720255472932 0.805518908020517
0.310550737004727 0.786295301449953
0.298349437099023 0.791774659840593
0.293780316641776 0.79382669251599
0.348531350544662 0.769235856992058
0.264993324551451 0.806742093820539
0.339579243519664 0.773257176954988
0.270200023805843 0.804406239044646
0.354287715434987 0.766646733114877
0.266728266953003 0.805963838849634
0.274378578680664 0.802532213933501
0.325671214474412 0.779509973514703
0.275609300986882 0.801979676157566
0.274017380193329 0.802693719468626
0.356005223596484 0.76587355816888
0.268415870986643 0.805206557873414
0.285483035263875 0.797550432272023
0.316724928686347 0.783523834490379
0.266298924129528 0.806156414437197
0.336775554051861 0.774520948169609
0.278626989907744 0.800626458129084
0.277277984394167 0.801230987198171
0.315650807897287 0.784009134283548
0.266728266953003 0.805963838849634
0.35450575705982 0.766547108497294
0.302030278037133 0.790122035446066
0.28117392775108 0.79948348872576
0.299533023147315 0.791245070607719
0.389331410843933 0.750871385967814
0.266298924129528 0.806156414437197
0.289199665310698 0.795883649578539
0.378462044451252 0.755774365239822
0.270125642734641 0.804440292307493
0.290181045477466 0.795441876678322
0.266911858158265 0.805881397233746
0.265277504662343 0.806614452336121
0.274449380975 0.802500452943156
0.301532049897123 0.790346501729349
0.298349437099023 0.791774659840593
0.273342464685057 0.802996512959789
0.273541115753337 0.802907356257697
0.351270348661486 0.768005503846415
0.301880693865434 0.790190740466446
0.273541115753337 0.802907356257697
0.264375373169537 0.807019197021225
0.337712103532834 0.774098832724089
0.272245499252396 0.803488699237447
0.275060654656689 0.802226310501057
0.300509076696924 0.790806593544339
0.298349437099023 0.791774659840593
0.336542429142413 0.774624352049038
0.275420090461035 0.80206515480681
0.266835423386597 0.805915574663585
0.267335040758065 0.805691525718686
0.288565934853165 0.796165257000623
0.266277748487019 0.806165917201835
0.293345642456783 0.794020816694998
0.279300169100663 0.800325419460246
0.277440887222267 0.80115770215063
0.298062873121798 0.791903520265572
0.275060654656689 0.802226310501057
0.272245499252396 0.803488699237447
0.273313421217639 0.803009508112576
0.265245115210212 0.806628904838498
0.296517229935995 0.792598287559883
0.29926005736698 0.791365776927844
0.266278436617332 0.806165608460276
0.346239815868804 0.770264723071505
0.267331326311726 0.805693190948225
0.276203660174866 0.801713603346674
0.344359242479892 0.771106283810774
0.273487090325874 0.802931600062368
0.276912022922379 0.801395731363517
0.268959272398349 0.804962872030881
0.28285121977153 0.798729932105324
0.293082827814822 0.794139370908613
0.264677376337408 0.80688373829295
0.277961192266188 0.800924659808391
0.272245499252396 0.803488699237447
0.327371131601824 0.778744638322025
0.275243110829587 0.802144019381875
0.264302726441976 0.807051777028609
0.285440857568632 0.797568007611375
0.384175487633531 0.753195080911006
0.30336343826097 0.789524589702411
0.277961192266188 0.800924659808391
0.28084174210644 0.799632362263984
0.384521023521041 0.753039099658934
0.351270348661486 0.768005503846415
0.28285121977153 0.798729932105324
0.274088896314389 0.802661550190582
0.279585366641491 0.800196498044428
0.298982678523673 0.791490285728718
0.302816165773724 0.789769476768186
0.280912635207449 0.799599925569432
0.26616535349348 0.806216244154955
0.288322247291637 0.796275428959208
0.273214221704355 0.803054064534282
0.28018445583808 0.799927274269516
0.293345642456783 0.794020816694998
0.264064874717548 0.807158377618824
0.283622281599458 0.798384061144424
0.274088896314389 0.802661550190582
0.30282889064982 0.789763781985951
0.28404240117577 0.798195994109008
0.2933804384269 0.794005196594215
0.296517712680378 0.792598070935733
0.308641274408364 0.787153203618933
0.322933450259207 0.780740095943038
0.30282889064982 0.789763781985951
0.278993383423399 0.800461427884169
0.28990620189096 0.795564734234384
0.268959272398349 0.804962872030881
0.295739123183604 0.79294632009787
0.28404240117577 0.798195994109008
0.275017589792825 0.80224531764905
0.277990105046223 0.800911697898772
0.272592713733946 0.803332630381884
0.270386315778765 0.804322682082895
0.26400393633968 0.807185711164892
0.290532078610275 0.795284667773951
0.290103853101317 0.79547555069222
0.285442345693231 0.797567339215344
0.330992174408268 0.777116683654067
0.26616535349348 0.806216244154955
0.281126019620247 0.799504231277348
0.287248151050582 0.796757664730099
0.286782457772896 0.796965973128085
0.268976505400045 0.80495538828014
0.292140958805652 0.794562792277155
0.330992174408268 0.777116683654067
0.289064652904131 0.79594164524346
0.27315519953117 0.803081042882093
0.286800162390297 0.796958567624272
0.30282889064982 0.789763781985951
0.292291818512796 0.794493179430539
0.268415870986643 0.805206557873414
0.293824472850926 0.793805630986241
0.274192636014106 0.802615001421316
0.322819606066975 0.780791249447991
0.266157537616494 0.80621963944448
0.266365473389915 0.806126432975757
0.284370407186688 0.79804807124905
0.286278557448568 0.797192613994659
0.292876208584112 0.794231828318745
0.270636437715695 0.804210469510704
0.273951190606904 0.802723453722146
0.272291830731288 0.803467892731009
0.268497774330473 0.805169813343141
0.279069750636151 0.80042780525747
0.284370407186688 0.79804807124905
0.272829344048371 0.803226802518415
0.291005265069521 0.795071614479208
0.265922811062731 0.806324875361111
0.288975924119768 0.795981466321882
0.32293305729515 0.780740402337904
0.270386315778765 0.804322682082895
0.308641274408364 0.787153203618933
0.298062873121798 0.791903520265572
0.264906611063443 0.80678083084604
0.271801477335261 0.803687861067622
0.297408164158784 0.792198372617337
0.278496075588336 0.800684923827577
0.269661023218082 0.80464803757939
0.265656646241884 0.806444401422316
0.276225421670929 0.801703755449958
0.287090440268781 0.796827936875151
0.277616641277015 0.801078670504335
0.275871014174298 0.801863670228984
0.278496075588336 0.800684923827577
0.26495272701075 0.806760152955806
0.264886957765486 0.806789672809956
0.285636912632225 0.797480249229831
0.279447705067383 0.80025803245992
0.283034521804056 0.798648507732082
0.296688939581717 0.792521219338272
0.278443636221525 0.800708466064238
0.275748274306796 0.801917292853741
0.265245115210212 0.806628904838498
0.271770360658611 0.803701794775563
0.269074503900357 0.804911075930983
0.269093102335348 0.804902953318308
0.296688939581717 0.792521219338272
0.272536169763155 0.803358358347629
0.286536209653217 0.797077177086111
0.268356733414224 0.805233089020665
0.277296040129742 0.801222900813196
0.277065255425654 0.801326117411614
0.266365473389915 0.806126432975757
0.268415870986643 0.805206557873414
0.26400393633968 0.807185711164892
0.283246768079984 0.798553465796023
0.268681776773833 0.805087314191717
0.287897586967559 0.79646617551211
0.270647253369012 0.804205623068321
0.336974471346455 0.774427716051766
0.278395759805825 0.800729428660085
0.287264642573186 0.796750197992178
0.275108555610944 0.802204216913655
0.305042917070154 0.788769700550532
0.26372214731232 0.807312171089999
0.344840847259652 0.770892188886427
0.274440768198465 0.802503646138165
0.274435881556335 0.802505876193012
0.266269003644974 0.806169709717058
0.278395759805825 0.800729428660085
0.291678178150403 0.79476895252037
0.277616641277015 0.801078670504335
0.277616641277015 0.801078670504335
0.284605410201616 0.797943503825852
0.271025664586409 0.804035872616618
0.289469312763228 0.795760824363345
0.305042917070154 0.788769700550532
0.344903584414788 0.770863968848674
0.338118328404133 0.773916074426107
0.266722508567994 0.805966357797626
0.290809606945901 0.795158764568722
0.267931140149415 0.805424142303552
0.287897586967559 0.79646617551211
0.268267636947854 0.805273556225925
0.287897586967559 0.79646617551211
0.274192636014106 0.802615001421316
0.305704291485917 0.788473728281242
0.324605328306425 0.779990138395294
0.266201863678845 0.806199827720988
0.285564216616538 0.797513333330178
0.280324438665317 0.79986511596179
0.271025664586409 0.804035872616618
0.344517592155464 0.771041313561933
0.271357176639764 0.803887070414126
0.287739899206839 0.796537903091275
0.291678178150403 0.79476895252037
0.272245499252396 0.803488699237447
0.264093328474661 0.807145666615921
0.268078852035214 0.805357866095724
0.334840099905921 0.77538875543567
0.269784098905211 0.804592699769357
0.284345782631043 0.798059777326903
0.292579127183119 0.794365513115018
0.291346862987724 0.794917599670117
0.269784098905211 0.804592699769357
0.27589281029627 0.801852834186619
0.264020823535757 0.80717818688583
0.355166782686668 0.766252819297057
0.268196915825304 0.805304890714615
0.360529112114444 0.763837905000069
0.293693158011723 0.793864834758181
0.290604504084951 0.795250797093796
0.293840293092729 0.793799571919585
0.284345782631043 0.798059777326903
0.274232195123158 0.802597491432486
0.27589281029627 0.801852834186619
0.263717884975154 0.807314116231922
0.292579127183119 0.794365513115018
0.295811182831874 0.792914966107287
0.294695735986276 0.793414827870629
0.307062041447143 0.78786505172586
0.269516083839672 0.804712965088271
0.308352641919648 0.787283219913211
0.275397296135321 0.802074872517884
0.271893966524769 0.803646562157764
0.25446497949341 0.843441721966065
0.245396514349535 0.848107357137459
0.252957055518411 0.844217518643275
0.24751189096278 0.847018677018289
0.248775558235297 0.84636840520492
0.252398182514548 0.844503818089826
0.253356362327056 0.844012523671484
0.253473345812686 0.843951889595185
0.245649063678593 0.8479774910555
0.215861845243127 0.863294781603279
0.254826198074879 0.843254957722191
0.216220148373338 0.86311069379494
0.243665502058954 0.84900416445202
0.215866637630389 0.863292316370889
0.216220148373338 0.86311069379494
0.246171885640472 0.847713609639055
0.231228979316238 0.855396126451112
0.254228850992194 0.84356242876268
0.25430867051156 0.843530440578742
0.215524889504321 0.863468854214029
0.249004793058565 0.846250802654022
0.243665502058954 0.84900416445202
0.22962584941966 0.856218617872067
0.21395391499294 0.864275944930847
0.220582550009223 0.860871714483988
0.256260310002521 0.842517046796046
0.252787634843303 0.844308575067566
0.243182221692064 0.849248967507992
0.256304486467697 0.842499942448129
0.227811684311533 0.857150520019784
0.220663972012781 0.860827181108565
0.241819340241089 0.849948269262032
0.215411025178589 0.863528902092915
0.255546782092104 0.842886021745614
0.215934724371601 0.863257637445703
0.247391595827192 0.847083126857561
0.220663972012781 0.860827181108565
0.21395391499294 0.864275944930847
0.223720678792873 0.859256527141073
0.21395391499294 0.864275944930847
0.216220148373338 0.86311069379494
0.212090897359692 0.865232324253551
0.243096956666217 0.849292757131856
0.213423747126799 0.864548305942378
0.253730324385153 0.843822253393533
0.216220148373338 0.86311069379494
0.226883153460822 0.857628654765964
0.226860302148638 0.857643466595018
0.219106034532315 0.861626580597274
0.218314268015132 0.862033813642288
0.254964164811851 0.843184135000655
0.25566857502579 0.842823490159142
0.226477254600585 0.857839228028768
0.172397739934518 0.885632674811905
0.213416234624919 0.864552167614347
0.223528171207807 0.85935307956564
0.246833682032856 0.847367658367831
0.225026308705748 0.858590396315861
0.248239508489068 0.846644378350865
0.24605606554459 0.847765024479208
0.223285299195401 0.859478456078849
0.220666517047857 0.860825872615493
0.248626463604371 0.846444000158955
0.177000802898376 0.8832664761195
0.232573275953194 0.854707495083575
0.220146682407444 0.86109261040369
0.252593815060651 0.844410040072443
0.212094510671453 0.865230466887664
0.228298993306377 0.856900114808587
0.212090897359692 0.865232324253551
0.243971685737727 0.848840501552585
0.230381475168759 0.85583338260227
0.170499786578135 0.886607138890228
0.228298993306377 0.856900114808587
0.187140003238876 0.878059891952495
0.213034675234712 0.864748652531383
0.190300920955751 0.876437398359181
0.175176258246084 0.884205976869049
0.244032068821048 0.84880859423344
0.215895284399414 0.863276652272056
0.212374156642334 0.865087588524278
0.212036413744339 0.865261401787903
0.232370737663484 0.854805907509172
0.188148637013304 0.87754334028303
0.218873588947266 0.861746637562276
0.170499786578135 0.886607138890228
0.227634403104021 0.85724197803059
0.203490968833111 0.869663744419589
0.203857179407537 0.869463738243672
0.216355943200431 0.863040846779334
0.252593815060651 0.844410040072443
0.193302087507703 0.874896155097853
0.241502730193601 0.850111372707252
0.226116965473097 0.858025762495565
0.2482780971131 0.84662467142374
0.231228979316238 0.855396126451112
0.190300920955751 0.876437398359181
0.170499786578135 0.886607138890228
0.251965757500851 0.844732614262578
0.193639600873788 0.87471670422776
0.252900573329287 0.844250056089837
0.251690753534918 0.844873966212567
0.201192445788002 0.870842458820865
0.25224715378075 0.844587372246015
0.170499786578135 0.886607138890228
0.21571560466331 0.86336791988375
0.229081388586915 0.856498610260887
0.256047745255804 0.842633963497056
0.172397739934518 0.885632674811905
0.24828889633428 0.846619038253317
0.230043221625629 0.856006916715552
0.248085270756189 0.846726111840076
0.199786152562899 0.871555956084902
0.249936021187425 0.845772554715778
0.187140003238876 0.878059891952495
0.24122912757305 0.850252183572828
0.242942673929817 0.849380537053228
0.231879290548156 0.85506146337072
0.244073881425605 0.848788386693525
0.212036413744339 0.865261401787903
0.218314268015132 0.862033813642288
0.174342323455312 0.884634163060203
0.187140003238876 0.878059891952495
0.225436322102667 0.858390507707571
0.204488882274798 0.869141307134795
0.230043221625629 0.856006916715552
0.252623828613164 0.844388172538713
0.220515217694696 0.860903613202415
0.176517699006117 0.883518241671961
0.206481127747215 0.868117610944382
0.203294595547308 0.869764430983929
0.225583419398247 0.858294646187408
0.199812941620427 0.871542197898743
0.187263958415848 0.877995245004407
0.227884526246941 0.857112499880373
0.212036413744339 0.865261401787903
0.220515217694696 0.860903613202415
0.187263958415848 0.877995245004407
0.207119524709192 0.867789377703939
0.228582503987973 0.856753465476436
0.252704263061665 0.844346856781801
0.226764028424662 0.857688633763284
0.215031378455664 0.863727798877675
0.207119524709192 0.867789377703939
0.201192412614204 0.870842475838574
0.168756323288512 0.887502648827202
0.246706140771667 0.847435316702841
0.227382041982299 0.857376600710523
0.250976955009005 0.845239657261507
0.223357495488327 0.859441323973079
0.204809263233133 0.868977354112141
0.208061707378509 0.867303848664098
0.206824915433596 0.867942805670981
0.219944619431996 0.861195005819147
0.203294595547308 0.869764430983929
0.248377565847945 0.84658164825413
0.228582503987973 0.856753465476436
0.227382041982299 0.857376600710523
0.240922829504164 0.850414021235468
0.176706806250796 0.88341764828037
0.201192445788002 0.870842458820865
0.21153689214531 0.86551814853996
0.183099989928444 0.880137989593265
0.205005528336073 0.868876892477211
0.184635401834091 0.879351339168663
0.168756323288512 0.887502648827202
0.205005528336073 0.868876892477211
0.210493530004173 0.866054120824108
0.165113174728641 0.889372708933034
0.201192445788002 0.870842458820865
0.226108663651545 0.858026191303436
0.217989892901504 0.8622008930334
0.206014948432107 0.868357003670533
0.18529275216706 0.87900802513783
0.168756323288512 0.887502648827202
0.240875906731377 0.850438286554554
0.17026652415076 0.88672712206456
0.217989892901504 0.8622008930334
0.210683601344859 0.865956463659866
0.220230697165364 0.861049263634273
0.224557020830406 0.858829384894678
0.167624486613819 0.8880825274783
0.204678438030605 0.86904459257338
0.204809524550165 0.868977215590346
0.188049540721144 0.877594324986073
0.207590420978784 0.867546083129748
0.199395619309724 0.87177047115746
0.23132171304132 0.855348317800068
0.220289097699764 0.861016271216923
0.199395619309724 0.87177047115746
0.198382573344965 0.872286112643
0.210846959634459 0.865870641744632
0.175176258246084 0.884205976869049
0.174950769853475 0.884322070681707
0.210507020285589 0.866045362954215
0.253025206731461 0.844182496337728
0.219933132057401 0.861200698388687
0.163687438923884 0.890104473410455
0.17308063290398 0.885280831383488
0.175534684971016 0.884021544710885
0.167640708766911 0.888074221819763
0.2374040166947 0.852217830771345
0.194435988771526 0.874311352565944
0.205256309749069 0.86874708288804
0.25104167116799 0.845205076413306
0.160903168879698 0.891533188882763
0.248793007909077 0.846368018439854
0.160354222486372 0.891816300218505
0.210305379678987 0.866151577295982
0.208474199516286 0.867091019905991
0.224690792012929 0.85876075309208
0.211971025448143 0.865294989601928
0.20124025447079 0.870817907186008
0.163992781116854 0.889947679337889
0.166052833355658 0.888889993670489
0.249044237172788 0.846238655876615
0.167897232312353 0.887943441317061
0.185897510941477 0.87869537139436
0.248810778470808 0.846358892237213
0.162691470435165 0.890614810405872
0.198475442237167 0.872238714300808
0.210305379678987 0.866151577295982
0.242984492535624 0.849354091822965
0.211746844287622 0.865409994772378
0.187798704323944 0.877724077985423
0.222690850869503 0.85978930768546
0.194910554584738 0.874062539192554
0.187798704323944 0.877724077985423
0.187798704323944 0.877724077985423
0.211746844287622 0.865409994772378
0.255979627038431 0.842669739490318
0.223332787607295 0.859459292293357
0.165991451905078 0.888921510146413
0.211817842097795 0.865373520646023
0.160657397847789 0.891659398230301
0.159971669887605 0.892012726954426
0.165883431163743 0.888977250850967
0.171653844812832 0.88601390497513
0.157905860478194 0.89307344922886
0.17317821358427 0.885232040068629
0.23929109017093 0.851246440113426
0.213195851270635 0.864666014956994
0.231784282046845 0.85510935768049
0.176581786359737 0.883484598771433
0.209524214241721 0.866552058096889
0.191474160095095 0.875833721893153
0.193909472810095 0.874584236102996
0.200314548325594 0.871293429372083
0.23490125933647 0.853502911702177
0.162691470435165 0.890614810405872
0.211333558614813 0.86562241768905
0.163852392335687 0.890019794448701
0.211217674082776 0.865680186762659
0.183035049492106 0.880169045392271
0.217957339093888 0.862219251280356
0.254174169180996 0.843598573463896
0.193762827353994 0.874658265198541
0.200314548325594 0.871293429372083
0.238874738445025 0.85146029412702
0.242699572004482 0.849504969419014
0.222690850869503 0.85978930768546
0.199873426333147 0.871520998011652
0.157235565951412 0.89341756448235
0.209495880509526 0.866566645136704
0.166052833355658 0.888889993670489
0.209524214241721 0.866552058096889
0.174950769853475 0.884322070681707
0.157235565951412 0.89341756448235
0.18798313054085 0.877629074341572
0.255948308276954 0.842685807849211
0.169846747284116 0.886939976556113
0.168876833782536 0.887440645830372
0.189384266714196 0.876908846805871
0.255948308276954 0.842685807849211
0.191383816639853 0.875884095074637
0.160903168879698 0.891533188882763
0.160675758933984 0.891651293600485
0.153725506264523 0.89521939390627
0.170707720361698 0.886500448973669
0.170454016868755 0.886630999731814
0.234798873951919 0.853555679454574
0.174887250172455 0.884355574921939
0.16746336312624 0.888164128944194
0.238483246323351 0.851662401045549
0.237101939733928 0.852371007075975
0.168876833782536 0.887440645830372
0.170454016868755 0.886630999731814
0.168876833782536 0.887440645830372
0.170976748697846 0.886362035850046
0.164393530773496 0.889742253905139
0.167511867031509 0.888139233697375
0.167398116313345 0.888199516615046
0.227692665942653 0.85721048549094
0.238874738445025 0.85146029412702
0.170531733250752 0.886589904956263
0.209680767188998 0.866483041876328
0.179827760231841 0.881815048781541
0.242592382016922 0.84954795907357
0.173589320698219 0.885021181034892
0.161110251191738 0.891426842059069
0.237101939733928 0.852371007075975
0.18639941165237 0.87844437418983
0.175244245129981 0.884171407241434
0.172442665834124 0.885610132706375
0.170860769660687 0.886422095890775
0.157235565951412 0.89341756448235
0.204381222348883 0.869198995572217
0.239287822021213 0.851247704041422
0.166052833355658 0.888889993670489
0.159971669887605 0.892012726954426
0.158036401088946 0.893006429231629
0.241336307755706 0.850194510373059
0.183035049492106 0.880169045392271
0.156415161422802 0.893838054104111
0.198203909096262 0.872378508194134
0.253324485915798 0.844027552289903
0.177534844910389 0.882996648693329
0.206758537515646 0.8679778670744
0.23075547875046 0.855636157049446
0.17259703700697 0.885530488479725
0.164989815295856 0.889435538583759
0.183382416202698 0.87999027177179
0.168221597543017 0.887777077009508
0.184684140373453 0.879324056670509
0.225280059116637 0.858458793566728
0.161634341351929 0.891157644615859
0.179963054948598 0.88174566210831
0.155584786703009 0.894264505489423
0.156215303938397 0.893940639683063
0.188940138080891 0.877136162791378
0.185403294701455 0.878953239731018
0.238079250459075 0.851873221248567
0.181064810893314 0.881184905331583
0.161201331594834 0.891380062861674
0.177222400510399 0.883151767717216
0.170631674197943 0.886538601143845
0.183108130551541 0.880130203696399
0.161826134641886 0.891059290293914
0.201506897753194 0.870673037943391
0.179862826426769 0.881796967571745
0.18676673326245 0.878253097263341
0.167995960347146 0.887891076525318
0.159081031071401 0.892469211680396
0.179862826426769 0.881796967571745
0.16831393627459 0.887729660896065
0.154164401988444 0.894994009965377
0.168490978244671 0.88763878242584
0.153760328622173 0.895201499498584
0.237000520525202 0.852424102421008
0.184499116574331 0.879416022759082
0.211264116463737 0.865664312827064
0.211361846865575 0.865612772846086
0.179431559407286 0.882022995657406
0.168177980824117 0.887798784737595
0.154121235240191 0.895016214392578
0.158270414656337 0.892886212259888
0.162053197353607 0.890942644906541
0.170156527745739 0.886782627024421
0.239553564628682 0.851111360871517
0.205817160040846 0.868461577717607
0.170738112478985 0.886482391152205
0.153725506264523 0.89521939390627
0.241158025829898 0.850285960766876
0.167005948399235 0.888400953734096
0.177205092907132 0.883163604896309
0.156605441427887 0.893740340946245
0.158636970377996 0.892697291812041
0.198119675479598 0.872421734467483
0.226472396572719 0.857839926436343
0.155982455306765 0.894060299291349
0.167636098684095 0.88807743409425
0.177874429285737 0.882818189546553
0.249957784742728 0.845759380134546
0.155982455306765 0.894060299291349
0.170738112478985 0.886482391152205
0.239553564628682 0.851111360871517
0.161847161878204 0.891049115263794
0.162361347801325 0.890784925202536
0.17952705199494 0.88196851000116
0.166035279263995 0.88889720447908
0.253096560902981 0.844149549924236
0.161110251191738 0.891426842059069
0.156510099295854 0.893789333474554
0.218103785784936 0.862141610725401
0.163078839822636 0.89041662154448
0.171593252706959 0.886044910462875
0.17952705199494 0.88196851000116
0.170738112478985 0.886482391152205
0.250862627331149 0.845293785851547
0.189670942474143 0.876759637381093
0.161180960883119 0.891391506624022
0.180625715398431 0.881403843390683
0.158979727473007 0.892521233749083
0.156510099295854 0.893789333474554
0.168106696898979 0.887835758997866
0.166629751571764 0.888591920455937
0.169381177245935 0.887181611690956
0.159081031071401 0.892469211680396
0.153173220903091 0.895503014366031
0.186240452732552 0.878523753235263
0.17032708366715 0.886696093229192
0.1671739650794 0.888313620367557
0.161876565965343 0.891033133547632
0.180601195014547 0.881416433814032
0.241333739019301 0.850195836650428
0.209106025545986 0.86676826309323
0.177622530485068 0.882951816197846
0.245720826567478 0.847942545630808
0.223339007224225 0.859450850068777
0.158979727473007 0.892521233749083
0.1671739650794 0.888313620367557
0.171222480009208 0.88623306108653
0.241382402369676 0.850170797595514
0.160918586210415 0.891526234409796
0.245696905601622 0.847961888346692
0.160359557423508 0.891813028783029
0.186240452732552 0.878523753235263
0.164797751905492 0.889533804848724
0.155416136495975 0.894351050360262
0.177518801011642 0.883005197703194
0.177647977669092 0.882935937898676
0.158950168285976 0.892536411885512
0.163973580704615 0.889957298404404
0.174678163581291 0.884461665453681
0.176875688908501 0.883330898421438
0.168581614229197 0.887592114155377
0.166583750822825 0.888615734110378
0.155603980858163 0.894254646915632
0.180883850891071 0.881271742543617
0.192272437899501 0.8754294151179
0.185403294701455 0.878953239731018
0.178180122120425 0.882661330437021
0.159207501290252 0.892404312861924
0.180888941926145 0.881270732400201
0.167000550695075 0.888401789661472
0.168359679720922 0.887704890529858
0.181424341110071 0.880993799612213
0.169257779114117 0.887242467339
0.153173220903091 0.895503014366031
0.166035279263995 0.88889720447908
0.164280658556191 0.889798730838361
0.171593252706959 0.886044910462875
0.171509571994154 0.886088092102945
0.162361347801325 0.890784925202536
0.177243446557325 0.883140401516555
0.17100491392295 0.886345405845626
0.180181109924038 0.881633952073902
0.167110171705538 0.8883467660809
0.177398523127197 0.883062850561291
0.173905478260053 0.884857165133189
0.170248479377611 0.886737050579147
0.155603980858163 0.894254646915632
0.162361347801325 0.890784925202536
0.158950168285976 0.892536411885512
0.248576828337734 0.846479002919914
0.152446450516903 0.895876197226057
0.169215702148665 0.887264589571507
0.189368610974052 0.876917000097627
0.180274277376519 0.881586056802505
0.248576828337734 0.846479002919914
0.165823293256539 0.889006078780313
0.244491815468413 0.84857967389449
0.241906940691689 0.849907614195509
0.179356565248385 0.882059840935627
0.152915656316147 0.895635091814788
0.173905478260053 0.884857165133189
0.158730228421075 0.892648970247967
0.189368610974052 0.876917000097627
0.158606723642577 0.892712864730632
0.160569287832168 0.891704458565475
0.177058337145164 0.883239998350008
0.171921664290497 0.88587561702211
0.177058337145164 0.883239998350008
0.159616043421696 0.892194938773088
0.180450407340732 0.881496160928275
0.165823293256539 0.889006078780313
0.162336649723276 0.890797176591962
0.154592739811997 0.894774003001011
0.253191888968932 0.844116741452056
0.160569287832168 0.891704458565475
0.248573727346404 0.846480566840666
0.162490573007066 0.890718616671557
0.162361347801325 0.890784925202536
0.198756907340195 0.872095804927989
0.160595441505697 0.891691484518269
0.174785480095324 0.88440445493676
0.189015647249752 0.877094822764137
0.161693034098134 0.891128063350779
0.248573727346404 0.846480566840666
0.225717607391175 0.858242227826676
0.238451111813495 0.851682099360581
0.171476964070728 0.886104213920513
0.196641208737291 0.873183934566998
0.155603980858163 0.894254646915632
0.23661452137945 0.852625974515988
0.153112017650353 0.895534533517435
0.160718134977634 0.891628782546635
0.167342464766248 0.888228698130622
0.173866873765805 0.884876969792815
0.152446450516903 0.895876197226057
0.162490573007066 0.890718616671557
0.245311552209563 0.848154334339841
0.155650670005331 0.894230655303245
0.166746672652545 0.888534495091071
0.167028806186178 0.88838931540898
0.172201770842921 0.885730985167627
0.152413925242236 0.895892903261067
0.152367419421419 0.895916781369393
0.246646040418775 0.847464590514577
0.165659029313027 0.889090997927195
0.23722349690044 0.852312792462556
0.191607455190111 0.875763605641988
0.246997304678841 0.847283871816373
0.154332809241072 0.894907712213038
0.171593992464223 0.886043356416918
0.183380467788726 0.879991173295968
0.165246791874978 0.889303238809928
0.176859816487183 0.883339796496791
0.161488485916364 0.891232713285202
0.241799556447096 0.849958883344122
0.214148746547227 0.8641759027572
0.174595757127581 0.884502625131649
0.173740754070271 0.884943951966297
0.169521573091629 0.887108224114284
0.165246791874978 0.889303238809928
0.155634109055367 0.894239158611869
0.228657905443243 0.85671611405399
0.153981462736546 0.895087885834203
0.183221169951996 0.88007269282679
0.173460108859006 0.885086366094126
0.158606723642577 0.892712864730632
0.169521573091629 0.887108224114284
0.188666790908951 0.877274366309104
0.175192953685912 0.884197372021445
0.169659969626718 0.88703863386123
0.159702773674829 0.892150790153718
0.214148746547227 0.8641759027572
0.234677741585758 0.853624568009585
0.169474856824967 0.887131821245155
0.153981462736546 0.895087885834203
0.184644210075433 0.879342410504678
0.157716162043912 0.89316994838309
0.180876332972461 0.881275089914104
0.16309858282859 0.890407349106852
0.152844039067299 0.895672282713997
0.157210108705066 0.893430004979548
0.169978572897959 0.886871962016631
0.162490573007066 0.890718616671557
0.157716162043912 0.89316994838309
0.153273754840681 0.895451632617216
0.198462254940675 0.872240812976239
0.157725751532571 0.893164856212791
0.166321030944311 0.888752747838627
0.162656975943219 0.890632643283205
0.158503869199662 0.892765685427472
0.175324286592724 0.884128665557874
0.170611831845822 0.886546971750488
0.158343544603237 0.892847671502473
0.212522245074649 0.865011682649405
0.222642048412177 0.859810976492228
0.174809177639274 0.884393709441421
0.177976847677082 0.882764214022557
0.152367419421419 0.895916781369393
0.17083849481381 0.886432584679942
0.188298852483625 0.877465540064999
0.233042678449558 0.854463028466002
0.234773563774278 0.853575133125413
0.169280438059637 0.887233685571774
0.228508796908052 0.856796619004194
0.182757341900551 0.880313612466547
0.172909396113532 0.885367999556555
0.152283056254634 0.895960113574461
0.230774522564302 0.855629098201695
0.167407091755253 0.888195660976962
0.15362154532637 0.895272733891052
0.169162661840757 0.887293042623041
0.176475167707581 0.883537543527162
0.177398523127197 0.883062850561291
0.152575077701466 0.895810134186112
0.155650644419537 0.894230668440437
0.245659405005393 0.847976468186783
0.160595441505697 0.891691484518269
0.233493484350052 0.854229844306157
0.169027307390961 0.887360924802622
0.158309239443182 0.892865291393216
0.184962825497788 0.87918021682576
0.240078352704765 0.850847258701094
0.185067539793041 0.879120490488539
0.18486799561366 0.87922980649082
0.173231252342159 0.885203940428925
0.160295545081515 0.89184570658904
0.15441976286267 0.894862822664422
0.152283056254634 0.895960113574461
0.234771559831391 0.853576162903775
0.178931773027353 0.882275372922683
0.234773563774278 0.853575133125413
0.169883957518839 0.886921057889255
0.230774522564302 0.855629098201695
0.158988659997094 0.892516315000244
0.209194983131018 0.866723522434589
0.181239898161316 0.881092183876568
0.153709283114381 0.89522767911715
0.155650670005331 0.894230655303245
0.186429154572123 0.878423797303024
0.23722349690044 0.852312792462556
0.188838058851285 0.877187780302416
0.199883483693087 0.871510544020448
0.178762483102737 0.882364507344715
0.211866177095501 0.865349601596288
0.232474139084149 0.854756198089683
0.173591879215222 0.885020302128081
0.219168106253929 0.861601358096559
0.163451127630027 0.890225602050954
0.23722349690044 0.852312792462556
0.215457142474205 0.863504254271815
0.16405349133832 0.889915684072034
0.182757341900551 0.880313612466547
0.152283056254634 0.895960113574461
0.197683886984564 0.872644223087219
0.152259936770856 0.895971972438375
0.188190570898049 0.877516734393926
0.165214774048686 0.889320178841346
0.18486799561366 0.87922980649082
0.15807731161332 0.892984402777144
0.238032126398923 0.851907810539199
0.162822086321608 0.890547876007168
0.171080374352327 0.886308333363576
0.228018068273105 0.857047952175333
0.158596604588431 0.892717843232896
0.227652675515678 0.857235226475925
0.255878748843782 0.842731336494386
0.152259936770856 0.895971972438375
0.22678628538005 0.857680475731094
0.168892296083602 0.887430135391953
0.162784977068161 0.89056693327986
0.234255719943764 0.853840147029616
0.155516075259404 0.894299771793456
0.17904572211759 0.882219447078147
0.194030349709059 0.874517165144743
0.237348735694117 0.852256543917128
0.22039758503205 0.860970153523051
0.152124587768781 0.896041538687914
0.153936771941299 0.895110814018727
0.17539600014466 0.884092609662483
0.161255095241904 0.891352871304068
0.179628214646366 0.881919874783169
0.184973949649565 0.879170219379894
0.173726685536455 0.884949942386864
0.175359613650535 0.884109956840028
0.1880012166556 0.877614094171304
0.157999670960375 0.893024342067506
0.161397068567093 0.891279566805303
0.171734535878481 0.885972989166847
0.173216467227479 0.885213585335608
0.163737270405638 0.890077354045789
0.216355777070417 0.863042495529384
0.183116877467887 0.880125075879987
0.164522379652362 0.889674064549937
0.152468783730885 0.895864843368071
0.211473944260204 0.865552276330238
0.166092842580763 0.888870445394592
0.155346189006274 0.894387245965059
0.16308606802245 0.890413736438788
0.160891959162831 0.891539418019091
0.15588495299634 0.894110513849202
0.185866684736942 0.878710349233318
0.174640331337183 0.884478172266233
0.166163938490098 0.888833940045638
0.152090782625371 0.896058892496816
0.180550167741433 0.881446312324337
0.17040605983174 0.886654408882627
0.175829508602083 0.883868889554432
0.175548294912957 0.884012965379557
0.166161095384313 0.888835399373386
0.163099610728453 0.890406781984771
0.180181910481155 0.881633165197614
0.20415606935085 0.869319704432586
0.16902254783187 0.887363856734835
0.216322859515004 0.863059461727034
0.157885269212719 0.893083866842376
0.183113460885207 0.880126831277289
0.172839384780637 0.885404755102895
0.157213216756028 0.893428347289188
0.156308156072942 0.893893337276056
0.242873214781993 0.849407553323339
0.196764809433383 0.873112825239819
0.160295545081515 0.89184570658904
0.162822086321608 0.890547876007168
0.193832165888091 0.87461875033207
0.174729599523235 0.884432224462413
0.154710011537985 0.894713636267705
0.178770885015894 0.88235853889602
0.154270028073313 0.894939839300865
0.16902254783187 0.887363856734835
0.166092842580763 0.888870445394592
0.161121871101398 0.891421360899491
0.170104889193305 0.88681095148256
0.1880012166556 0.877614094171304
0.152203884876217 0.896000813438069
0.180550167741433 0.881446312324337
0.152468783730885 0.895864843368071
0.1967712368373 0.873109522720415
0.158928420725656 0.892547419322633
0.245539011583946 0.848034513175714
0.220653660938896 0.860833093885187
0.216322859515004 0.863059461727034
0.18299753134041 0.880186310851365
0.16902254783187 0.887363856734835
0.180550167741433 0.881446312324337
0.234255719943764 0.853840147029616
0.199398106417233 0.871759812232469
0.182999337134072 0.880185383242646
0.184914475972841 0.879199186056043
0.247212023894605 0.847173004456771
0.161121871101398 0.891421360899491
0.203831492802233 0.869482287554747
0.242526890201283 0.849587156648881
0.172809913757097 0.885417668511497
0.194111534333771 0.874476788869837
0.186099681128536 0.878594497103463
0.182998798877453 0.880185659606427
0.214220041686831 0.864139455639513
0.152214910253615 0.895995147420007
0.165253269339442 0.889299831660086
0.220085440404125 0.861124760282096
0.162685731886004 0.890619336594259
0.239496931073175 0.851145133992043
0.180550167741433 0.881446312324337
0.238796077856687 0.851503713166946
0.158283228215368 0.89287890321247
0.2551675860353 0.843078019832675
0.154270028073313 0.894939839300865
0.171540521778174 0.88607364869631
0.169367336644079 0.887186792640181
0.245851780605163 0.847873474497722
0.168512628007429 0.887625260251222
0.242873214781993 0.849407553323339
0.220703737543627 0.860807435536833
0.245730021614014 0.847941185899995
0.226191262139605 0.857983909702701
0.162233575057955 0.890851465857565
0.202857961742597 0.869978580383203
0.166682272066282 0.888564649793258
0.252093622712496 0.844669144960203
0.238140141316817 0.85184276899752
0.244269839415044 0.848689157274258
0.155643169193321 0.894234727572591
0.242764283983025 0.849464904902595
0.255554555541147 0.842878840710803
0.163109565769443 0.890401722535641
0.160812937690991 0.891580000383595
0.248032197856533 0.846754887031197
0.171540521778174 0.88607364869631
0.234198346572921 0.853869631942294
0.240916655604198 0.850414699379058
0.173821662147485 0.884898444893862
0.165687777801369 0.889075436165964
0.163632701050762 0.890132160393254
0.178770885015894 0.88235853889602
0.171500087994816 0.886090977309448
0.174595030086934 0.884502758363165
0.158797482487178 0.892615089792402
0.237937499146616 0.851946179778407
0.219600751413677 0.861377426155986
0.24136858921004 0.85018106558457
0.158999932100034 0.892510689179514
0.166352184359528 0.888735512356036
0.16131777383132 0.891320139945894
0.159708675981742 0.892147055875669
0.239998653602392 0.850890111186824
0.152090782625371 0.896058892496816
0.245539011583946 0.848034513175714
0.236686639797841 0.852590311578086
0.169212349252564 0.887266913259607
0.182776611247735 0.880299261445027
0.237516396291123 0.852163205154575
0.237370032014627 0.852238820817072
0.152127945176427 0.896039811056932
0.235097855457196 0.853406751853141
0.194076215559277 0.874493629059372
0.168957480527946 0.887395890036533
0.163646308297881 0.890126146767903
0.179637997274531 0.881910901001865
0.16438250646261 0.889748044950129
0.250697050919717 0.845386162103698
0.252469065134102 0.844469032084357
0.256006116447478 0.842657437863458
0.174127725222908 0.884744934375155
0.180710789142918 0.881364773127283
0.205844658291661 0.868446172205152
0.162625274931504 0.890648947154419
0.179359035718621 0.882057549128017
0.202804118507683 0.870008982963256
0.185584718156877 0.878860196047772
0.242764283983025 0.849464904902595
0.219605690374553 0.861374887471058
0.165723164368205 0.889058539060763
0.256006116447478 0.842657437863458
0.158683421533843 0.892672992324306
0.244373652337249 0.848636969787778
0.152176988079249 0.896014620843828
0.194076215559277 0.874493629059372
0.234198346572921 0.853869631942294
0.157984335319063 0.893032502464407
0.152090782625371 0.896058892496816
0.168480378506077 0.88764182472855
0.164471322415489 0.889702585279914
0.179578183118485 0.881942262240548
0.152297894409739 0.895952621908345
0.183052300634441 0.880155471782651
0.155346189006274 0.894387245965059
0.172839384780637 0.885404755102895
0.151555838187779 0.896333586836724
0.166477317859259 0.88867186299838
0.192755295320264 0.875175620086297
0.162868442510542 0.89052535904906
0.184703141039873 0.879309124492212
0.158683421533843 0.892672992324306
0.184365079160817 0.87948116324434
0.174124671576375 0.884745439673443
0.16133024558751 0.89131373716981
0.155450602048953 0.894333624806319
0.177521943469233 0.883000037779004
0.191985587934105 0.875571069587363
0.234841856446059 0.853538344138506
0.256010541271106 0.842656435839785
0.162868442510542 0.89052535904906
0.172839384780637 0.885404755102895
0.178002802155305 0.882752125373498
0.16141739974906 0.891269005414135
0.184667906288072 0.879333273295267
0.18240679427513 0.880489944908497
0.179134926803912 0.882170164399122
0.177712564656844 0.882903073626994
0.169775899560779 0.886978973936523
0.186022347719081 0.878635369107658
0.164471322415489 0.889702585279914
0.180488419364007 0.881479973440789
0.167775197453883 0.888006773543158
0.240475718195107 0.850648387888276
0.16131777383132 0.891320139945894
0.17638398094898 0.883586890448901
0.178467014226973 0.882515767333394
0.186022347719081 0.878635369107658
0.25527949530824 0.843026198731121
0.156252174746201 0.893922452385009
0.179588610882241 0.881941713226473
0.215317622993122 0.863572835444294
0.231856360785134 0.855074812404298
0.171689566695291 0.885994472546538
0.164385225783664 0.889746569912744
0.158670320148365 0.892679720532228
0.167948142781766 0.887917945417906
0.17616051171444 0.883700360641435
0.234092879172847 0.853922545614922
0.256010541271106 0.842656435839785
0.235078324782441 0.853416822926256
0.170449349236667 0.886631816705213
0.191696889075151 0.875714812641986
0.219607610137781 0.861373898964323
0.151970534726033 0.896120641165509
0.179458860720445 0.882006207309839
0.154743664330951 0.894696729867919
0.219605673660954 0.861374896077158
0.166840684462727 0.888485536318081
0.16929654488383 0.887223976597511
0.178467014226973 0.882515767333394
0.179458860720445 0.882006207309839
0.151703516406475 0.896257758878898
0.16929654488383 0.887223976597511
0.234272168884733 0.853832104989189
0.174124671576375 0.884745439673443
0.165428848523717 0.88921098059626
0.173411104379367 0.885110075015091
0.158528851549381 0.892752970563403
0.246033401374719 0.847786702631625
0.21425946284759 0.864122631282204
0.173411104379367 0.885110075015091
0.200560084937067 0.871159429104418
0.23821969003436 0.851804281996344
0.154564348551449 0.894788797242477
0.163178006480806 0.89036482325967
0.152297894409739 0.895952621908345
0.152654467924086 0.895769565452661
0.256010541271106 0.842656435839785
0.238323792004446 0.851755469664768
0.159294354250558 0.892359640544366
0.221685989994819 0.860300316665386
0.201498144558779 0.870679324946733
0.192667383485904 0.87522296948703
0.173198870297187 0.885220007144138
0.170809347411052 0.886446952780535
0.215126325133633 0.86367434969859
0.158065717640108 0.892990790856673
0.245805815999454 0.84790481425084
0.159367900236475 0.892322516377914
0.164981375375769 0.889440239243426
0.151422448441214 0.896402073771283
0.172831536710116 0.885407940700869
0.17405486811132 0.884782677136581
0.220187849885908 0.861087023901799
0.163236432727444 0.89033481879614
0.152261953142845 0.895971027701012
0.171772780853681 0.88595219997197
0.244544992143684 0.848549161817693
0.163236432727444 0.89033481879614
0.162556411403073 0.890684098485454
0.162333824824156 0.890799594656418
0.177795354915425 0.882862793839034
0.151423195894264 0.896401690229573
0.1671488356615 0.888327214771041
0.19187908629917 0.875625320311931
0.156381738658845 0.893855602390685
0.214575590550261 0.863960132124673
0.244545234267833 0.848549037252319
0.211103297284045 0.865747797357373
0.153447855605033 0.895362206531114
0.161441032370449 0.891258514106947
0.180658977021502 0.881384960204193
0.239814850526131 0.850982100703859
0.151982339333063 0.896114543598891
0.24516085945803 0.848229840321825
0.198198612834114 0.872387658782503
0.162803976186211 0.890557110021725
0.180148983760433 0.881651613451096
0.174052129491651 0.884784580137894
0.155952589746473 0.894076376606351
0.24014165372335 0.850812988313851
0.158540931543864 0.892746498629069
0.151514286193708 0.896354913933788
0.151422448441214 0.896402073771283
0.191178055439981 0.8759848717429
0.154561731345062 0.894790320789355
0.166863692080888 0.888472679445881
0.211990303251102 0.865290816314401
0.151421924557369 0.896402342812069
0.238869918338093 0.851467226739659
0.147982742902678 0.898168418215964
0.152662197248394 0.895765598043876
0.23871147072501 0.8515487025988
0.174933939989614 0.884328758517316
0.154368760089826 0.894889123790571
0.191178055439981 0.8759848717429
0.16127748490308 0.891341954399124
0.148351100101815 0.897979278083988
0.151421924557369 0.896402342812069
0.238869918338093 0.851467226739659
0.165262499262193 0.889295952328708
0.185171861721423 0.87907099360497
0.154368760089826 0.894889123790571
0.19688163097536 0.873051512590028
0.153894979285441 0.895132467249735
0.170460313869187 0.886626175697231
0.154572026726305 0.894785038951517
0.156381738658845 0.893855602390685
0.161868198965591 0.89103866276037
0.245805815999454 0.84790481425084
0.197259707366975 0.872857206820953
0.182815744206764 0.880277135605769
0.155528345955688 0.894293994619057
0.199219183576582 0.871857267284776
0.163678397136371 0.890109279194033
0.171772780853681 0.88595219997197
0.198198612834114 0.872387658782503
0.182661202290797 0.880361762141258
0.184025901276917 0.879655792401347
0.174675181947311 0.884464567305292
0.18284455108059 0.880266258506338
0.155766311689561 0.894171586626306
0.149891264847328 0.897188373724433
0.207091455966337 0.867812476582177
0.151935531558976 0.8961387005739
0.147960023851285 0.898180045199492
0.19187908629917 0.875625320311931
0.199219183576582 0.871857267284776
0.153063290955603 0.89555968215452
0.178885125524323 0.882299053255596
0.151001647676658 0.896618164465098
0.173926091745834 0.884847043403772
0.154757804002866 0.894689537200068
0.17001591498649 0.886853401788766
0.168234509483284 0.887770513692554
0.182661202290797 0.880361762141258
0.158524428421608 0.89275497381522
0.164239226573763 0.889821173592504
0.174999605317083 0.884294764524557
0.158045120096793 0.893001097431191
0.147527231743436 0.898402276589005
0.16062739785216 0.891674669195998
0.155577335541537 0.894268547259117
0.147527231743436 0.898402276589005
0.161464947517333 0.891245019885787
0.153059077146103 0.895561852896011
0.168556661397614 0.887603664163568
0.238869918338093 0.851467226739659
0.160506765069345 0.891737694417315
0.147992109408276 0.89816359863726
0.154764852900581 0.89468591813211
0.147744365643373 0.898290777980376
0.188228201408848 0.877499638621607
0.183535843152296 0.87990712687852
0.147493519422864 0.898419584060914
0.163816829213563 0.89003838398491
0.217353420250243 0.862535633986733
0.160579078898836 0.891700628308391
0.158045120096793 0.893001097431191
0.206152283634811 0.868291755736858
0.170001372821449 0.8868608644978
0.166477583802585 0.888671726292992
0.179955979417261 0.881747138591743
0.235943615010635 0.852980596645449
0.153210228426074 0.89548423824303
0.159372125746579 0.892320347770761
0.161176499998985 0.891393819807046
0.207782589398327 0.867449720674819
0.151324497254874 0.89645252178538
0.160578844011154 0.891700746650287
0.161176499998985 0.891393819807046
0.243378433976048 0.849148579175216
0.163236432727444 0.89033481879614
0.182661202290797 0.880361762141258
0.167602848011271 0.888094322179155
0.159496726529217 0.89225636553567
0.15172146342987 0.896248515869187
0.152528069133028 0.895834355572445
0.235943615010635 0.852980596645449
0.178718721921549 0.882387639211372
0.155456525026873 0.894330678112946
0.173926091745834 0.884847043403772
0.170832530916528 0.88643518040672
0.14875798992842 0.897770307042675
0.179214148358404 0.8821301475248
0.180213242843295 0.881614985008924
0.167825289351017 0.887977501556069
0.149992505159578 0.897136405766327
0.189282632008565 0.876955373301215
0.194120359069646 0.874468799037042
0.154569428366927 0.894786268890868
0.176876915320556 0.883328429009497
0.159367900236475 0.892322516377914
0.188285403697331 0.877471348323901
0.152162758245754 0.896021928965162
0.147493519422864 0.898419584060914
0.197754744173628 0.872609572270404
0.165959712497311 0.888938185680208
0.19187908629917 0.875625320311931
0.180213242843295 0.881614985008924
0.156376449088076 0.893858319250816
0.184968624625307 0.879176604691289
0.185473723817991 0.878917317393458
0.181182517080888 0.881120813646064
0.190517878006413 0.876326989062698
0.155207953922892 0.894458523149313
0.190517878006413 0.876326989062698
0.196875098728505 0.873059997154464
0.189884377312627 0.876652361505235
0.159001677576767 0.892510559556403
0.159957756558982 0.892019735821459
0.184421723836784 0.879452425572831
0.229721654337167 0.856181879587805
0.190916196739783 0.876116396110278
0.147490558444874 0.898421104422893
0.16852125337894 0.8876216163616
0.232587130482758 0.854706494863734
0.17508322195311 0.884249864208764
0.195862347802089 0.873577158265926
0.149992505159578 0.897136405766327
0.165011996517438 0.889424591532601
0.394860861815599 0.748385717671188
0.393463274434046 0.749015305431209
0.393463274434046 0.749015305431209
0.393463274434046 0.749015305431209
0.34793700123057 0.769504207932566
0.346281785163406 0.770247962413502
0.353264427290287 0.767109716894048
0.347829613901634 0.769548151450581
0.3532360486809 0.767122411531527
0.375398362439193 0.757147098997751
0.366726354378154 0.761048167066544
0.394860861815599 0.748385717671188
0.373665084193183 0.757928561444953
0.341912327444798 0.772213216975674
0.384287671644785 0.753145278851901
0.376928700386296 0.756458969421581
0.346429782287498 0.770180929822821
0.3532360486809 0.767122411531527
0.3532360486809 0.767122411531527
0.299550356329682 0.791236318414277
0.299550356329682 0.791236318414277
0.3532360486809 0.767122411531527
0.299550356329682 0.791236318414277
0.362782992075848 0.762820409473606
0.299550356329682 0.791236318414277
0.299550356329682 0.791236318414277
0.392671373320626 0.749369610607035
0.299550356329682 0.791236318414277
0.39261318192562 0.749395816608541
0.392649601466073 0.749379413359597
0.395475453016143 0.748103639107268
0.394943481278509 0.748344794748561
0.395528296989557 0.748079989183912
0.395475453016143 0.748103639107268
0.315428790160048 0.784105701684036
0.331483325444498 0.776898986485896
0.376414522232298 0.756691786183801
0.298597490278162 0.791664395658241
0.296096690297881 0.79278605169069
0.284878534503695 0.797822259954608
0.38889100332249 0.751069309660503
0.38843579333141 0.751277701166827
0.27510054138837 0.802208387017182
0.296101858224086 0.792784410753136
0.311825896412849 0.785723473072207
0.335449549559242 0.775115714710112
0.33399070149737 0.775770436318603
0.331757225316304 0.776776398803759
0.31167864829289 0.785789646565837
0.312278122574749 0.785520890071848
0.380652951865866 0.754786965935794
0.298597490278162 0.791664395658241
0.378544806326655 0.755737079550149
0.276312022681657 0.801665344340365
0.382221558365521 0.754078995865006
0.274409323442934 0.802518434134648
0.27377421935261 0.802802990259099
0.335125764039959 0.775259287973657
0.276312022681657 0.801665344340365
0.308340191130607 0.787288369362443
0.277274255585903 0.801232497863418
0.298597490278162 0.791664395658241
0.276312022681657 0.801665344340365
0.276305940722809 0.801666967544991
0.366105567980294 0.761330900772662
0.31167864829289 0.785789646565837
0.274525085818706 0.80246614134268
0.277274255585903 0.801232497863418
0.275005811649819 0.80225014336137
0.335125764039959 0.775259287973657
0.272236223431445 0.803493401628942
0.27105866087168 0.804021664682866
0.275586159192643 0.801989776365397
0.280380241139001 0.79983946195102
0.270948023318384 0.804071347613243
0.276186620291401 0.801721436141259
0.278940825714821 0.800485295539566
0.312865735741573 0.785262152279444
0.281861820216561 0.799174393717163
0.273768339002627 0.802805631597836
0.288890037086442 0.796020139262467
0.297000207752824 0.792380806033477
0.297000207752824 0.792380806033477
0.272236223431445 0.803493401628942
0.276305940722809 0.801666967544991
0.277941445738898 0.80093374951968
0.303565236401693 0.78943346574807
0.27020738438658 0.804403004420865
0.273380191369015 0.802980257849146
0.381719850428182 0.754307921992023
0.273374241434698 0.802982368241359
0.331770271219683 0.776765176120281
0.293440866275732 0.793978734516222
0.287049293961984 0.796848247828605
0.28226702748021 0.798992976265591
0.278940825714821 0.800485295539566
0.284653717392933 0.797922176190824
0.288133189891536 0.796360553184478
0.274712008703716 0.8023821255407
0.280897369379183 0.799607322486103
0.272236223431445 0.803493401628942
0.280803671002008 0.799649856521974
0.381719850428182 0.754307921992023
0.274529143583895 0.802464608081723
0.301857289004505 0.790199857392291
0.275025215621526 0.802241449160518
0.271006440715684 0.804045168183614
0.337140252438299 0.774353388467504
0.272546121863601 0.803353889605767
0.273160212245857 0.803078565933666
0.284331829027733 0.798066543991761
0.277465155672861 0.801147401670123
0.280997606209388 0.799562415946621
0.273768339002627 0.802805631597836
0.280342682047779 0.799856266811903
0.272165447117601 0.803525138253585
0.301083567432081 0.790548517185097
0.271765123384519 0.803704574716605
0.304173377128412 0.78916147708762
0.305612308944277 0.788515657043135
0.278940825714821 0.800485295539566
0.28628210505341 0.79719074572965
0.271765123384519 0.803704574716605
0.273791426915292 0.802795257408312
0.275025215621526 0.802241449160518
0.281959752861487 0.799131386428157
0.287396305720243 0.796690466571382
0.304178161532857 0.78915932234693
0.281960259123609 0.799131159581772
0.272561316828539 0.803347450329789
0.273774459592043 0.802802882353238
0.277822667499319 0.800987073162549
0.301017427629517 0.790577020804609
0.28388932583317 0.798263951699436
0.301857289004505 0.790199857392291
0.318143790004713 0.782886947347783
0.301017427629517 0.790577020804609
0.30142408355132 0.790395450007171
0.279088358474415 0.800419826206801
0.279088358474415 0.800419826206801
0.319275346270355 0.782379362017929
0.284925673813369 0.797798899635087
0.291999782788843 0.794626051572273
0.288873223506468 0.796028130743789
0.272036651575041 0.803582757289739
0.27020738438658 0.804403004420865
0.288685262879137 0.796111778553054
0.287193197107359 0.796781881043707
0.275029842426523 0.802239379500999
0.31543998567311 0.784102546596999
0.267432984015957 0.805647881316015
0.311691129591843 0.785784106695818
0.277533429579726 0.801116603960313
0.284421173877145 0.798025304818682
0.266405278281378 0.806108781197777
0.292300844369148 0.794490969028364
0.278052180635791 0.800884372893
0.293579032830057 0.793917586468298
0.30381627486782 0.789322200440319
0.313926980409399 0.784781171510821
0.294306402838227 0.793589791740916
0.284388035856612 0.798040176719235
0.273136700647675 0.80308935056706
0.265835331320686 0.806364406284394
0.267660391655944 0.805545671151451
0.322866940849516 0.780765416254767
0.312285049758972 0.785517191057872
0.283811010350711 0.798300850484773
0.278268218990224 0.800786814041477
0.317720593913981 0.783077404273919
0.272036651575041 0.803582757289739
0.30381627486782 0.789322200440319
0.29978228182492 0.791132178843118
0.275025215621526 0.802241449160518
0.289517907887067 0.795740146847433
0.304376546419352 0.789067684243108
0.272564668140977 0.80334600960857
0.350474814479896 0.768357859878243
0.273136700647675 0.80308935056706
0.313926980409399 0.784781171510821
0.333040875300288 0.776200502530633
0.312285049758972 0.785517191057872
0.277430019522083 0.801162874502592
0.267901655819418 0.805437756959494
0.27020738438658 0.804403004420865
0.286873255699683 0.796925734293686
0.294975475946704 0.793289170053668
0.265783876534313 0.806387482334362
0.318198705661485 0.78286216727126
0.270588733288249 0.804231961003517
0.265852702159583 0.806356615501125
0.275827899253549 0.801881261562632
0.27313881766269 0.803088375460966
0.296361606142208 0.79266715000697
0.295101939451338 0.793232435681933
0.267901655819418 0.805437756959494
0.297874076233827 0.791989848591762
0.307121009293371 0.787837090149666
0.298784234524188 0.791579533328193
0.280595146472565 0.799742930362664
0.292426992259341 0.794434437860981
0.31548668064282 0.784078675450832
0.270601031318029 0.804226440089822
0.265771719742626 0.806392933633409
0.296085845436564 0.792790708435103
0.283814829911383 0.798298180196259
0.269680780535443 0.804639802922596
0.275849114338604 0.801871742537927
0.312782085187221 0.785295289482359
0.27313881766269 0.803088375460966
0.265770893231422 0.806393304252983
0.267359649867116 0.805680774315085
0.315007666014125 0.784297143802108
0.272954412875045 0.803170962653939
0.297778408259697 0.792031242149819
0.265770893231422 0.806393304252983
0.297503662330566 0.792154337774216
0.275134975337291 0.802192967208282
0.314185074097749 0.784663652518568
0.272647191328087 0.803308669129507
0.269129786559657 0.804886662068465
0.345478273208319 0.770609405303267
0.265770893231422 0.806393304252983
0.265770893231422 0.806393304252983
0.282396925955057 0.798934221747167
0.296361606142208 0.79266715000697
0.265750152642752 0.806402443782221
0.282581436295879 0.798850998027659
0.271963930071634 0.803615373807615
0.285393526374755 0.797588847827701
0.265750152642752 0.806402443782221
0.31548668064282 0.784078675450832
0.28165842620541 0.799266036106594
0.282670649776046 0.798811456333715
0.298398978597938 0.791753288636022
0.267398889499437 0.805663066124888
0.282993935613835 0.798667191603021
0.271427261367656 0.803856134160899
0.279891208545838 0.800058672093916
0.270711227288194 0.804177405072759
0.265750152642752 0.806402443782221
0.289445927695589 0.795770888427588
0.31548668064282 0.784078675450832
0.283790243723708 0.79830928041061
0.295626664928145 0.792997072230039
0.265750152642752 0.806402443782221
0.286020353554267 0.797307810925554
0.345478273208319 0.770609405303267
0.268439953670843 0.805196106894894
0.288820209058446 0.796053929989535
0.290218306183231 0.795424788574351
0.314394519933995 0.784569631728224
0.272030275350056 0.803585633413454
0.267339396838795 0.805689826392999
0.270601031318029 0.804226440089822
0.326782669119983 0.779009664584336
0.299640511594956 0.791197210537293
0.269599768799417 0.804675773412786
0.302542280443155 0.789891430418783
0.265155267632991 0.806669351929429
0.277393798310917 0.801179258183168
0.267034804605905 0.805826221130084
0.265399854015126 0.806559763591098
0.273384307952468 0.802978249160894
0.300357883987798 0.790873286130944
0.28165842620541 0.799266036106594
0.294673742165992 0.793425535612946
0.278372406427384 0.800741386277537
0.28165842620541 0.799266036106594
0.31548668064282 0.784078675450832
0.282993935613835 0.798667191603021
0.265155267632991 0.806669351929429
0.286078273052314 0.797282487494169
0.29478548142261 0.793375110037721
0.27174183301555 0.803715131924071
0.267772828767782 0.805495222563374
0.276382375112511 0.801633196750293
0.273394518516112 0.8029739566499
0.343589976771431 0.771453818322978
0.288099471524808 0.796376021316983
0.267024148414804 0.805831053277283
0.306444376710873 0.788140630795065
0.277199631631369 0.801267147042358
0.267120306562003 0.80578789110786
0.266373836384912 0.806122805372261
0.286509602747729 0.79708913022336
0.306444376710873 0.788140630795065
0.305581173759858 0.788528386948474
0.365896266066864 0.7614242530374
0.290520513894625 0.795291116735158
0.270286703907508 0.804367909448974
0.276839537394496 0.801428199137284
0.300357883987798 0.790873286130944
0.301774526569952 0.790237460665145
0.265155267632991 0.806669351929429
0.265155267632991 0.806669351929429
0.271925585535854 0.803632646608276
0.268762825569412 0.805051359612238
0.304881105161706 0.788843554967966
0.282062566441687 0.799085262658203
0.269611375160388 0.804670764598784
0.292624319306927 0.794345620088406
0.271519074559276 0.803814809912385
0.279985741871569 0.800016163916417
0.313904662694032 0.784789620096753
0.303534107800969 0.789450309292411
0.265149214329506 0.806672066549563
0.265224196170812 0.806638433447289
0.306444376710873 0.788140630795065
0.313305888425697 0.78505841695074
0.265342175005345 0.806585507848681
0.27308375217058 0.803112773287213
0.296611267906165 0.7925545549429
0.274127981308212 0.802644706815528
0.31548668064282 0.784078675450832
0.306444376710873 0.788140630795065
0.300986000907584 0.790592662261327
0.314202003584217 0.784656049880995
0.26514759519381 0.806672792629897
0.27029963257114 0.804361766782501
0.367061734745048 0.760901822180325
0.31091779294788 0.786132275350169
0.27574524834909 0.801919713580216
0.27029963257114 0.804361766782501
0.276735978044082 0.801474759361233
0.287657277712691 0.796573577172049
0.26514759519381 0.806672792629897
0.265342175005345 0.806585507848681
0.267815083140195 0.805476142523748
0.322958788455194 0.780723847755602
0.265021910673275 0.806729170168236
0.319757997956234 0.782162353413343
0.268156312811555 0.805323098923605
0.280520711727071 0.799776613056064
0.272395688984403 0.803421027859322
0.286213415633528 0.797221428948296
0.267562295107005 0.805589742049187
0.271427973311083 0.803855505783699
0.304881105161706 0.788843554967966
0.265342175005345 0.806585507848681
0.272175522418446 0.803519796248967
0.31548668064282 0.784078675450832
0.28287447051269 0.798720543479789
0.282408763414152 0.798930144278514
0.269620694982419 0.804666590643086
0.267562295107005 0.805589742049187
0.278916098718176 0.80049600043524
0.334648809741747 0.775473495071556
0.280690918619393 0.799698944675467
0.268498953961363 0.805169653143605
0.265342175005345 0.806585507848681
0.28287447051269 0.798720543479789
0.274821577387249 0.802333380400849
0.272914917234013 0.803188706446203
0.270854933035622 0.80411256647007
0.273031203705337 0.803136421369794
0.268501596095064 0.805168467972699
0.299962926870619 0.791049744932757
0.281941621165931 0.799137994195782
0.265021910673275 0.806729170168236
0.274454983715036 0.802497293358002
0.368931560393372 0.760058455180856
0.282255800161776 0.79899840928464
0.264926624554851 0.806771839277078
0.30752127252698 0.78765733190185
0.287946015079418 0.796443986919507
0.272932381348771 0.803180780716078
0.270902539725384 0.804091296288261
0.280787398502074 0.799657122676679
0.37650434839303 0.756649426045043
0.273194257226234 0.803062851456719
0.287995993780005 0.79642156956059
0.333495780719525 0.775991728628677
0.268194866547409 0.805305937276577
0.268501596095064 0.805168467972699
0.269793684860115 0.804588974663624
0.265023878470665 0.806728208888217
0.269479923494678 0.804729477996161
0.300282084375214 0.790908725721074
0.271437297015594 0.803851320052511
0.276000261037316 0.801804985909099
0.274240143464073 0.802594160675754
0.272588002738696 0.803335291921074
0.274240143464073 0.802594160675754
0.264916885223855 0.806776205593212
0.305158689818904 0.788718962530406
0.303385059852988 0.78951617079455
0.284382620945545 0.79804315037414
0.274240143464073 0.802594160675754
0.356647505322485 0.765585361110487
0.306606433740382 0.788068215141835
0.327868405019517 0.77852190119347
0.383736949220531 0.753398595178892
0.271437297015594 0.803851320052511
0.280549652932142 0.799763811358587
0.348416419237695 0.769288377908886
0.267471686727985 0.805630392871957
0.279670377543333 0.800157715697243
0.293250431745028 0.794062995868146
0.267134022812652 0.805781821034412
0.267562295107005 0.805589742049187
0.278916098718176 0.80049600043524
0.267033024475378 0.805827116203033
0.273664329375306 0.8028518928683
0.27014237389429 0.804432301688156
0.281510088195549 0.799331441087962
0.273385544801151 0.802977464237591
0.272588002738696 0.803335291921074
0.286281011937685 0.797191238129792
0.282237656624748 0.799006514094687
0.352062903586241 0.767646823409736
0.376778005727133 0.756526788250072
0.295111402895346 0.793228493760223
0.282986370404412 0.798671204067016
0.287586632531289 0.796604950573576
0.378553141975382 0.755726356818377
0.273978996613708 0.80271181387646
0.270257839020414 0.804380527795611
0.339967884764983 0.773082340661149
0.268870460113064 0.805003058180842
0.287873158750439 0.7964764977785
0.272588002738696 0.803335291921074
0.308210569663699 0.787348614960546
0.28758801599146 0.796604329579253
0.268305253533431 0.805256598894626
0.282343813277299 0.798958163575518
0.282986370404412 0.798671204067016
0.268333887866406 0.805243546382518
0.378380759050061 0.755805161735972
0.272588002738696 0.803335291921074
0.328853246981241 0.77808078544464
0.279663480616756 0.80016144223303
0.285304305927001 0.797630300529533
0.275402730598763 0.802071865810042
0.269479990576393 0.804729447937036
0.275062696754952 0.802224437137429
0.264908007633189 0.806780187471854
0.287623178139074 0.796588914145418
0.27029963257114 0.804361766782501
0.271346424143857 0.803892319906671
0.285777441578998 0.797418010335577
0.277022920364523 0.801345730726374
0.291784116886979 0.79472239786759
0.336427478168193 0.77467432213791
0.27367806165325 0.80284636342517
0.275492472772727 0.802031595171353
0.319733439490711 0.782173908513376
0.265402138456434 0.806558635539258
0.273678013907884 0.802846384842981
0.332011261404522 0.776659063480473
0.325967628298252 0.779374100221523
0.39583487114647 0.747949466868422
0.275715588169901 0.801931744297259
0.308837551430987 0.787066078507366
0.286951394564916 0.796890506125801
0.265341489714488 0.80658567802343
0.39583487114647 0.747949466868422
0.269390558288723 0.804769910662778
0.265914954528177 0.806328496734048
0.287078094308108 0.79683379161941
0.264908007633189 0.806780187471854
0.386572087718464 0.75212383764869
0.271346424143857 0.803892319906671
0.325967628298252 0.779374100221523
0.269390558288723 0.804769910662778
0.26264004775993 0.80779762729827
0.265177154697426 0.806659598711506
0.33624042045843 0.774758422567122
0.265916396656119 0.80632785011788
0.334249772231139 0.775651263471097
0.386572087718464 0.75212383764869
0.305636313983252 0.788504094970705
0.268842427362155 0.805015372662897
0.276261754595827 0.801687699709934
0.282121725733679 0.799058424583172
0.267033024475378 0.805827116203033
0.263947979140799 0.807210805797886
0.29754417649638 0.792137300120322
0.280788274029952 0.799655239184933
0.266501204917691 0.806065650297349
0.275902782514249 0.801848967424137
0.264249603712631 0.807075489073942
0.286873205906886 0.796926409349925
0.263009586705516 0.807631861989817
0.28228032422479 0.798987768249461
0.278126787067143 0.800849555669521
0.265990266318587 0.806294823832728
0.269390558288723 0.804769910662778
0.270986160010204 0.804054003576329
0.266510795164983 0.806061504284755
0.336430931616031 0.774672073175437
0.262971190600406 0.807649080769231
0.319721864924694 0.782178799152892
0.31973187990754 0.782174417551617
0.314324312007165 0.784603632346161
0.871658755982384 0.262006278697475
0.31871372077077 0.782631529664339
0.322900172454579 0.780749106999623
0.353678553259636 0.766921353367502
0.31973187990754 0.782174417551617
0.319951354652704 0.782073446922355
0.31871372077077 0.782631529664339
0.876795662011797 0.25376329237774
0.314324312007165 0.784603632346161
0.895777670357513 0.223225121152613
0.323031555723787 0.780691992664474
0.333453077997121 0.776011080698402
0.317283572600024 0.783276345625085
0.316517026731055 0.783618263347898
0.344098820267542 0.771224450059391
0.874810986801996 0.256944427924673
0.871360678433388 0.262498317324168
0.343666193536932 0.771419434365438
0.905525912127604 0.207539674779217
0.323123838089714 0.78065055863363
0.874810986801996 0.256944427924673
0.900007908654703 0.216424521631094
0.900007908654703 0.216424521631094
0.311675028717699 0.78579275652548
0.868556797785362 0.266988865684144
0.902898786504819 0.211771269267911
0.878697717743131 0.250689847510591
0.324960439618166 0.779828039223339
0.320997092050094 0.781605586159283
0.87641424365523 0.254370119094232
0.343177940044409 0.771638805093771
0.873634624818703 0.258825912911643
0.314014189289375 0.784742128130226
0.901369621881456 0.214223876835611
0.868921437444574 0.266417406723887
0.897767391037406 0.220027163429774
0.320997092050094 0.781605586159283
0.904613612844239 0.209008255608614
0.869651394843544 0.265232960803999
0.915162534328615 0.192026496222154
0.869143401164047 0.266051069867526
0.343177940044409 0.771638805093771
0.904953445944075 0.208461578111323
0.87480227417688 0.256949926642071
0.3436673328869 0.771418922129757
0.915162591714002 0.192026403772635
0.86799500275512 0.267893645054317
0.912867268851632 0.195721438451048
0.344295662689821 0.771138647090176
0.318698341700712 0.782639858176955
0.358740050059889 0.764648166986736
0.905546303131219 0.207506790915893
0.900292069263337 0.215958915702919
0.867995867649675 0.267892253554511
0.878586341591351 0.250867090070873
0.314017880161144 0.784740476795296
0.900361834981477 0.215846179796673
0.323559610889026 0.780454060167032
0.344295662689821 0.771138647090176
0.873202774001014 0.259520423777628
0.873204285212722 0.259517966470338
0.873122172186264 0.259651204303072
0.89827748286073 0.219208595409362
0.906345035749588 0.206220331984573
0.314017880161144 0.784740476795296
0.310625614657551 0.786265763186804
0.867869333196614 0.268094210494149
0.874714363066863 0.257099776553887
0.878861864284904 0.250433138452706
0.36454596826901 0.762030575025245
0.366856187414023 0.760993549834638
0.904139031695627 0.209767391850635
0.896571327188697 0.221946474914409
0.900367223119577 0.215837514823823
0.87759669376376 0.252465132409893
0.868696229778787 0.266764913912261
0.901001845944853 0.214816084713843
0.323559610889026 0.780454060167032
0.902795254302452 0.21192894022874
0.326261378039548 0.779243463852074
0.901001845944853 0.214816084713843
0.906783148328182 0.20551260185233
0.900361834981477 0.215846179796673
0.879048215225213 0.250132066224004
0.303878812021438 0.789293664102416
0.878209454385823 0.251478061476854
0.906413513175955 0.206104751837235
0.282053881456587 0.799089024773211
0.900294519411613 0.215952173071054
0.282053881456587 0.799089024773211
0.897138039315612 0.221036689468657
0.902971231012353 0.211644636860766
0.902566359274809 0.212299457479577
0.28325476912984 0.798550246830109
0.905830320448128 0.207047441256814
0.916604203481965 0.189702515199476
0.879537080118574 0.249343896083381
0.899672676675744 0.216955467253164
0.293487158077236 0.793958081781398
0.878291956661495 0.251348383725117
0.92018801148362 0.18392974829605
0.283314399230873 0.798523497042773
0.900916693551986 0.214952963576433
0.282199133467311 0.799023664930091
0.900774439952618 0.21518197306642
0.878921272800519 0.250334394686519
0.282489602318682 0.798893517428046
0.922203014988784 0.180685894387814
0.909954765635163 0.200408408055033
0.903144981681686 0.211369634427774
0.87810760258124 0.251640274510018
0.282199133467311 0.799023664930091
0.924710037459487 0.176647537892632
0.277251137271475 0.801244123425307
0.271652649286806 0.803755361236089
0.909954765635163 0.200408408055033
0.267466871602749 0.805632724070548
0.87909767443789 0.2500517170161
0.920472775113114 0.183472801550473
0.922203014988784 0.180685894387814
0.925091605438165 0.176033593962773
0.920256045428469 0.183820310612987
0.919072164456845 0.18572680792047
0.922175086128576 0.180730877490849
0.924504989172652 0.176978434253609
0.267466871602749 0.805632724070548
0.922175086128576 0.180730877490849
0.267466871602749 0.805632724070548
0.267466871602749 0.805632724070548
0.272610434664704 0.803325947832153
0.2671856868167 0.805758866597809
0.2671856868167 0.805758866597809
0.924909713323942 0.176326564954851
0.902948633596298 0.211682194549799
0.908036831440711 0.203496613396048
0.267665111901344 0.805543780002491
0.922178701357054 0.180725053869579
0.912360042429429 0.196534682508182
0.908036901516544 0.203496500723259
0.924895781554396 0.176349026799953
0.2671856868167 0.805758866597809
0.268071257989047 0.805361615229858
0.925091605438165 0.176033593962773
0.33142534798602 0.776921778670111
0.26935969038659 0.804783876847915
0.270518593152174 0.804264053181414
0.922175086128576 0.180730877490849
0.267219137609314 0.805743824992401
0.925091605438165 0.176033593962773
0.272131121369995 0.803540566487217
0.269644965263862 0.804655936211177
0.919072164456845 0.18572680792047
0.92404405703999 0.177720926891173
0.268071257989047 0.805361615229858
0.270518593152174 0.804264053181414
0.924884976383455 0.176366435493468
0.269084831356301 0.804907051245902
0.916796671669193 0.189392127963859
0.922190521031712 0.180706599972149
0.271575943661314 0.803789599917341
0.918570565461974 0.1865340379309
0.925091605438165 0.176033593962773
0.925091605438165 0.176033593962773
0.919072164456845 0.18572680792047
0.925107153825101 0.176008554657918
0.902622657152536 0.2122120580039
0.28647821090814 0.797104113562204
0.919072164456845 0.18572680792047
0.924886091524151 0.176364643847187
0.920779465552958 0.182977800564831
0.37323497324351 0.758126031902811
0.37879544199586 0.755619031533493
0.37879544199586 0.755619031533493
0.317743022724062 0.783068444010424
0.307199437048158 0.787804963215074
0.306659929627425 0.788045647352318
0.378850205215305 0.755594322834578
0.378850205215305 0.755594322834578
0.380338644881671 0.754923860310056
0.323353836341132 0.780547251170569
0.352444474198991 0.767474563817103
0.31637579526835 0.783681488182528
0.30419108738179 0.7891536458072
0.320953744148856 0.781626178103824
0.31177745307914 0.785745956256035
0.320942456333509 0.781631247417248
0.31177745307914 0.785745956256035
0.312088326450986 0.785607844335986
0.317442282333206 0.783202615430868
0.311627546109606 0.785816019190334
0.356318441981433 0.765735585126275
0.311627546109606 0.785816019190334
0.314779008449956 0.78439802503318
0.30168631739845 0.79027736459219
0.311041210971781 0.786076946166947
0.312088326450986 0.785607844335986
0.285271374870681 0.797645162158406
0.285845967038144 0.797387296978694
0.32261045253891 0.780881343748233
0.346415121993604 0.770185533568289
0.2854971171571 0.797544957287024
0.286277156177735 0.797193677349035
0.390337195005648 0.75042703837065
0.319167961075658 0.782428213576302
0.311764852135513 0.785750350688451
0.298152181216296 0.791865621271894
0.283588044038765 0.798401085372207
0.311764852135513 0.785750350688451
0.309190564169941 0.786909364395409
0.321413440771009 0.781421191960195
0.289379571807796 0.79580087364046
0.321451037632663 0.781403147822061
0.307159472180012 0.787821620604833
0.391499373481167 0.749899760289372
0.390337195005648 0.75042703837065
0.32220817235706 0.781063116748392
0.388629898167971 0.751191591386468
0.30638782402085 0.788166160310555
0.314336556928441 0.784600162615951
0.292900725874176 0.794222271920944
0.391499373481167 0.749899760289372
0.390337195005648 0.75042703837065
0.338782348771515 0.773617204545069
0.321451037632663 0.781403147822061
0.3035022030738 0.789462947526415
0.321453279160769 0.781402141196505
0.291526235491857 0.794838454554958
0.277144309063023 0.801290907089619
0.279357494880382 0.800298497802884
0.275066752097281 0.802223016285339
0.291526235491857 0.794838454554958
0.279450879703416 0.800256636088109
0.290504197962881 0.795297309138355
0.339565932049467 0.773264414708372
0.273534968543857 0.802910339410732
0.284882786215327 0.797818769481334
0.296199267460547 0.792739804504003
0.383432554186423 0.753532672078263
0.27739799218161 0.801177027558961
0.381420285694078 0.754436759074057
0.274019030232629 0.802693295744228
0.296199267460547 0.792739804504003
0.276376621380064 0.80163542467223
0.288301182686167 0.79628518055102
0.310345311742027 0.786391579904954
0.275065331520778 0.802223455725247
0.326801279411457 0.779000396998712
0.291201089668943 0.794984099375023
0.287070988739687 0.796836802003786
0.27540483603963 0.802070902830949
0.303746583102372 0.789352403257365
0.273764859509535 0.80280663385482
0.307449608602048 0.78769068629582
0.289760935778056 0.795630380604313
0.309098977213572 0.786948196297856
0.274019030232629 0.802693295744228
0.317482627594465 0.783184749980411
0.316788039647457 0.783496273444698
0.282907811343621 0.798705273696216
0.276684748163279 0.801497431997962
0.317482627594465 0.783184749980411
0.30814945946021 0.787375515387743
0.303746583102372 0.789352403257365
0.276020710055433 0.801795659884679
0.325433618869808 0.779611867534262
0.273534968543857 0.802910339410732
0.284057140834689 0.798189453514915
0.276684748163279 0.801497431997962
0.282892483450164 0.798712235723173
0.309421280155216 0.786805259151755
0.307489259410712 0.787672822605209
0.282089624404696 0.799072890828354
0.317482627594465 0.783184749980411
0.303290961734852 0.789557241441715
0.280772626121738 0.799662683312358
0.272953844606096 0.803171107011637
0.299290242894982 0.791353503870776
0.272820186941687 0.803231061767324
0.372613878775629 0.758403482031034
0.313575182429951 0.784939888847685
0.32082852948765 0.78168317067538
0.307777153773797 0.787544524852876
0.293491026835325 0.793955565513088
0.272820186941687 0.803231061767324
0.309421010533422 0.78680538015347
0.320425087133971 0.781863406098446
0.361372792953609 0.763462401864114
0.27655774195262 0.801554400999798
0.275068696779476 0.802221806446045
0.343695365656539 0.771408374751604
0.275189005166467 0.802169047495482
0.278224141335346 0.800806304438747
0.300231469111356 0.790932017465988
0.284890034747122 0.797815902326622
0.273639289663433 0.802863287265698
0.297404935338087 0.792198915680662
0.274721152035006 0.802377724868928
0.271669251032683 0.803747901120759
0.295861759000077 0.792892639328367
0.280139828097712 0.799947389807888
0.283213150000571 0.798568241347946
0.289223348706896 0.795872002615096
0.283813216712615 0.798298651660746
0.31274721937132 0.785311070864359
0.273115514000953 0.803098576996602
0.294993115175788 0.793281564051916
0.294993115175788 0.793281564051916
0.300854492309161 0.790652414898775
0.297594584937902 0.792113747646092
0.312624126471037 0.785366415451595
0.271382861573161 0.803876330416649
0.320844402857398 0.781677063789921
0.304389880007296 0.789063061429224
0.274721152035006 0.802377724868928
0.280139828097712 0.799947389807888
0.275290282846031 0.80212285093455
0.285092193125008 0.797727027032591
0.309042081213472 0.786975004717974
0.319189524663755 0.7824170214067
0.296386554469921 0.792655920756559
0.31589689714492 0.783895415900992
0.276859306029046 0.801419047567595
0.372176529866488 0.758598653224484
0.284890034747122 0.797815902326622
0.310105287151672 0.786497483399098
0.273802560246922 0.80279003945898
0.304334204982019 0.789087073766949
0.28791673852677 0.796457075271765
0.311454107639214 0.785890351024513
0.275392335037806 0.802077065414243
0.347769988838452 0.769575570212384
0.275765902214195 0.801910054908745
0.276859306029046 0.801419047567595
0.276818109757358 0.80143776933009
0.31589689714492 0.783895415900992
0.306119065181877 0.788289738506643
0.278538118085898 0.800666326468387
0.312475691124032 0.785431875378142
0.273802560246922 0.80279003945898
0.303290961734852 0.789557241441715
0.265031626694561 0.806724774793938
0.378703096472234 0.755660395072406
0.303294768775931 0.789555512412089
0.275242733485854 0.802144183185797
0.305342042540331 0.788636237171165
0.284890034747122 0.797815902326622
0.276823267538235 0.801435219042574
0.273879465582788 0.802755536689754
0.27561425814653 0.801977486758372
0.271382861573161 0.803876330416649
0.273879465582788 0.802755536689754
0.276435256575134 0.801609763287097
0.287963907691349 0.796436997478627
0.352039585560862 0.767658168800839
0.298498028999884 0.79170771053108
0.310105287151672 0.786497483399098
0.269384810396831 0.804772371621695
0.268635674883506 0.805108187073454
0.308153455718912 0.787373705214313
0.272741408862431 0.803266602952879
0.276859306029046 0.801419047567595
0.279821431266424 0.80008975536098
0.276859306029046 0.801419047567595
0.336841019905208 0.774486791439128
0.273879465582788 0.802755536689754
0.329161927826956 0.777941133079131
0.279477013559785 0.800244252752326
0.277830401388892 0.800984018470178
0.313518732849087 0.784964792067933
0.308153455718912 0.787373705214313
0.265031626694561 0.806724774793938
0.271176267337499 0.803968061297277
0.26906671785525 0.804914894938873
0.305649468344249 0.788498297042462
0.275001902963273 0.802252216983009
0.272002584284013 0.803597363603782
0.282188452168123 0.799028513438967
0.294293919602899 0.793596149589736
0.329161927826956 0.777941133079131
0.266460357876978 0.806083968281137
0.277956502426749 0.800926805227901
0.272002584284013 0.803597363603782
0.266543141079041 0.806046834725776
0.274902946715679 0.802296611562151
0.268635849113538 0.805108108958384
0.296613484249638 0.79255344454581
0.279132501901146 0.800398906882496
0.268699192980077 0.805079693477136
0.274090509047178 0.802661125716771
0.281145481043118 0.79949582294905
0.278853573692616 0.800525592181143
0.272125420231389 0.803542334195983
0.28372652712166 0.798339567520817
0.276029171557642 0.801790715365465
0.269384810396831 0.804772371621695
0.269435176495464 0.804749738768224
0.265079329320293 0.806703381528261
0.276763780895114 0.801461707434004
0.272992933394135 0.803153147276117
0.286996047288851 0.796870616694406
0.260651203204137 0.808689629694622
0.280366954356362 0.799845042030572
0.272145126144755 0.803533489166097
0.276032353594525 0.801789839649905
0.271382608894152 0.803876478667039
0.278189729709227 0.800821250201643
0.265031626694561 0.806724774793938
0.278200139856195 0.80081658187045
0.279132501901146 0.800398906882496
0.284028354513975 0.798202099540862
0.280256422911336 0.799894718502592
0.267921372160713 0.805428593539515
0.280366954356362 0.799845042030572
0.302126314844941 0.790080453522759
0.295651505226084 0.792986296466852
0.278189729709227 0.800821250201643
0.277847005513402 0.800975384512976
0.286397920205364 0.797140011401547
0.266543141079041 0.806046834725776
0.274041882816763 0.802682686081421
0.267921372160713 0.805428593539515
0.281145481043118 0.79949582294905
0.31209286647236 0.785605282511406
0.271746956522945 0.803712111166254
0.308496256933291 0.787220197537645
0.272203559763575 0.803507272977607
0.297888731374057 0.791982296910413
0.294953786342422 0.793299182343912
0.317774988774624 0.783054739912221
0.268635674883506 0.805108187073454
0.274824239241788 0.802332992304949
0.278189729709227 0.800821250201643
0.285264107776281 0.797646680987859
0.27178798140528 0.803693987018138
0.261414376606016 0.808347339262517
0.275819653929955 0.801884703119343
0.265031626694561 0.806724774793938
0.276032353594525 0.801789839649905
0.316380983911618 0.783681360243798
0.281321222191081 0.799416971643971
0.266543760116439 0.806046508328706
0.280313703183576 0.799869398153158
0.268589109074203 0.805128851552122
0.27429079352662 0.802570831392526
0.266543760116439 0.806046508328706
0.260885000714973 0.808584779458322
0.271136440209937 0.803985930927903
0.311212053653869 0.786000653581737
0.274193393215166 0.80261478987457
0.270744083263099 0.804162880178232
0.278189729709227 0.800821250201643
0.278719472183369 0.800583553582825
0.265031626694561 0.806724774793938
0.284640080837842 0.797927605699453
0.31738108622476 0.783231567398689
0.261414376606016 0.808347339262517
0.317774988774624 0.783054739912221
0.276859306029046 0.801419047567595
0.299522079783649 0.791249053883736
0.289342038152636 0.795817582226714
0.261414376606016 0.808347339262517
0.296356633398349 0.792669877834069
0.260647658487181 0.808691204542212
0.279684855755684 0.800151173408716
0.261588498556323 0.808269269906025
0.311410977233065 0.785913705574438
0.266673658783697 0.805988113809143
0.280711556494839 0.799690597430506
0.321990244611433 0.781160599862477
0.260704711726482 0.808665633675037
0.302353163716109 0.789978660891914
0.293316561677523 0.794035298885999
0.274403657332191 0.802520220228361
0.26835809831092 0.80523246139568
0.278538970635913 0.800665124106404
0.264820607296792 0.806819327692733
0.299055359239439 0.791458379772272
0.263181093688904 0.807554910228188
0.261029666384489 0.808519879688624
0.27088859794373 0.804098010051107
0.272997940257476 0.803150724600792
0.316615898995787 0.783574185523511
0.275819653929955 0.801884703119343
0.299128784971827 0.791425407438088
0.284829186676478 0.797842939265087
0.268589109074203 0.805128851552122
0.276137184414072 0.801742234314723
0.261620898080604 0.808254739375858
0.268668141380238 0.805093974175696
0.290508459921147 0.795294356890665
0.260187573804799 0.808897564313241
0.270201074992177 0.804405626104965
0.290854366914306 0.79513917498304
0.277466356486809 0.80114672690386
0.271199605933611 0.803957887920042
0.288487491104868 0.796202006594252
0.279650537426558 0.800165949827516
0.323378043060812 0.78053660585203
0.272554151812609 0.803350756919857
0.277096097344189 0.801312576697569
0.272997940257476 0.803150724600792
0.280711556494839 0.799690597430506
0.27468559815844 0.802393534945804
0.264749328612534 0.806851525664091
0.306578105752456 0.788080047313887
0.261856393890404 0.808149115474978
0.274831962082865 0.802328063161173
0.264330539622558 0.807039342818663
0.260187573804799 0.808897564313241
0.272554151812609 0.803350756919857
0.304017855463644 0.789230494344844
0.323209590234432 0.780612301006577
0.272859650543514 0.803213153509831
0.304186886269723 0.789154385899249
0.297665454056188 0.792082714906154
0.264907041188398 0.806780586815913
0.284044230785489 0.798195277634843
0.274965016246001 0.80226826350346
0.28390573840888 0.798256880736535
0.269342915977096 0.804790847997743
0.275915595638397 0.80184165117537
0.260187573804799 0.808897564313241
0.280260352071211 0.799892667439936
0.274975573638387 0.802263582945491
0.270131128756365 0.804437016415423
0.26613958264209 0.806227872782823
0.270408609882001 0.804313199462076
0.299670286869712 0.791181859512349
0.269371473003904 0.804778033222373
0.275613055336222 0.801977750743497
0.260721772518223 0.808657966869735
0.265079329320293 0.806703381528261
0.311861331996297 0.785711246459545
0.283113638321909 0.798613142105757
0.26499360847278 0.806741897051739
0.278538970635913 0.800665124106404
0.282196405726144 0.799024120792466
0.280616235532461 0.799733000169557
0.267772604895985 0.805495325076013
0.281721271426409 0.799237230469849
0.323787001701289 0.780352518725624
0.272809574656537 0.803235611277604
0.260169860040752 0.808905509538433
0.271199605933611 0.803957887920042
0.277842848468083 0.800977878414008
0.27948944897231 0.800238654763652
0.275377899477532 0.802083439045426
0.285982854783127 0.797324808193236
0.268720658668405 0.805070281653604
0.282246310480749 0.799001726393393
0.276744507940884 0.80146978958479
0.281049021345459 0.799539731168144
0.30183097403917 0.790211797119032
0.278082586818269 0.800869411872755
0.280616235532461 0.799733000169557
0.286670058708683 0.797016409173667
0.261355302470861 0.808373865329092
0.266920204547136 0.805877703467727
0.26794492312666 0.805418075377342
0.260170684324792 0.808905139875695
0.274403657332191 0.802520220228361
0.260071531804329 0.808949614716715
0.270833701298747 0.80412184541595
0.273365147533547 0.802986083055135
0.287337516031382 0.796717727100984
0.268554204888716 0.805144970198763
0.283119062221943 0.798610087064769
0.265198570278573 0.806650018925323
0.31176404189218 0.785754330271814
0.26499360847278 0.806741897051739
0.292343624181998 0.794470893635427
0.264330539622558 0.807039342818663
0.297584402474317 0.792119146320513
0.26958411189306 0.804682576726168
0.382799503525684 0.753817670173175
0.286373763462846 0.797148929057706
0.27296522980689 0.803166325874591
0.289342038152636 0.795817582226714
0.265198570278573 0.806650018925323
0.270833701298747 0.80412184541595
0.307210802370394 0.787798871221332
0.267943432981072 0.805418739653749
0.288123963563403 0.79636461221536
0.276776533635578 0.80145540987797
0.275593091308529 0.80198796274178
0.269941060914707 0.804522532053649
0.287068075087632 0.796838261245062
0.274597920088845 0.802432929649605
0.290100499506155 0.795478070172589
0.268554204888716 0.805144970198763
0.268297497533215 0.805260073538316
0.278538970635913 0.800665124106404
0.277948961698347 0.800929375808117
0.299925153623929 0.791069519943954
0.290656959105559 0.795227047276769
0.326336059703711 0.779209887671776
0.278430724936949 0.800713693133957
0.26852021709474 0.805159730554002
0.291502780231761 0.794847032249358
0.276776533635578 0.80145540987797
0.281112940501416 0.799510070676922
0.270305256199415 0.804359086407336
0.26837773939262 0.805223981033177
0.26658877445951 0.806026361087344
0.267987529759308 0.805398828220072
0.265198570278573 0.806650018925323
0.26852021709474 0.805159730554002
0.294537054750911 0.793486574770101
0.287097630964083 0.796825311241229
0.275681502579666 0.801946839339268
0.291802509163849 0.794713838965193
0.264249133700385 0.807075705406577
0.293006721235023 0.794173586177516
0.275593091308529 0.80198796274178
0.280600065627627 0.799740405486604
0.272597013413791 0.803331268828229
0.26658877445951 0.806026361087344
0.272394058753522 0.803421717788935
0.277748703486102 0.801019163353231
0.290850037009112 0.79514038899272
0.283700944276187 0.798349343019092
0.260174465015602 0.808903448233836
0.26958411189306 0.804682576726168
0.306655253622419 0.788047723646843
0.270073486697892 0.804463203570733
0.26305990301539 0.807609395602263
0.27744847170482 0.801153941120282
0.264489838916047 0.806968016251129
0.312041447958365 0.785628562651982
0.294671484192189 0.793426317380337
0.277678585616629 0.801050626438195
0.266983536702024 0.805849267562799
0.266931331903936 0.805872540070586
0.347630428226668 0.769640949000892
0.29586186669848 0.792892521427428
0.277597900286068 0.801087559863305
0.287097630964083 0.796825311241229
0.289308510638053 0.795832286029735
0.277284334622696 0.801227623852654
0.293222534537586 0.794075952116746
0.268393337064499 0.805216927291214
0.318575163609273 0.782693588850792
0.2731421931604 0.803085986802888
0.263476623903392 0.807422408756594
0.263903448492426 0.807230926919155
0.276885566955611 0.801406939066298
0.270035086769758 0.804480465734426
0.265198570278573 0.806650018925323
0.261614283123749 0.808257699553418
0.301696291686394 0.790271922188104
0.293544412086506 0.793932957215192
0.297184311088874 0.792298243897273
0.35319059334707 0.767140708244651
0.378397389353872 0.755796744825346
0.354905028973084 0.766370382151853
0.297990419646537 0.79193583386766
0.368113045872924 0.760429310582298
0.343121246281546 0.771666080302309
0.377752429956106 0.756092738672869
0.301521525353237 0.790353123426581
0.359666399134926 0.764222118355184
0.322746159677458 0.780822543010291
0.393736048872224 0.748889600172155
0.283444435581848 0.798465111085095
0.351356824689735 0.767966289947122
0.377067084450571 0.756395435555193
0.278856133753261 0.800523995221515
0.30312533527067 0.789630157418209
0.276375428719691 0.801636697490061
0.312671360249315 0.785347640154872
0.380366150253397 0.754915086426631
0.303400651876275 0.789507796442372
0.377752429956106 0.756092738672869
0.373979806522185 0.757786334437968
0.274783851260311 0.802349860940246
0.393857578071056 0.748834745505421
0.276695710658956 0.801492582378156
0.358912343086505 0.764569623213396
0.345288295900341 0.770689143836656
0.292323464414588 0.794479731554173
0.277153412088694 0.801287269889322
0.310618378241968 0.786267184668479
0.296495356985063 0.792607509384515
0.381557597709748 0.754373428697372
0.295178717757524 0.793197931657783
0.29050782761148 0.795296088660269
0.296495356985063 0.792607509384515
0.374978417080862 0.757336964194182
0.282037345647466 0.799095859581081
0.378250191426852 0.755864683045321
0.292276535139582 0.794500778673705
0.277804595755604 0.800995304049137
0.303653072126441 0.789395107746347
0.302407080198872 0.789952880862618
0.320176424822403 0.781974992170032
0.279775873301497 0.800112281245562
0.321420927734315 0.781416050351508
0.292323464414588 0.794479731554173
0.327652831929059 0.778617828794966
0.268950522370233 0.804967108114885
0.386375248212888 0.752205080649194
0.37320636648166 0.758137421436348
0.276124013799883 0.801748442608466
0.302439990885568 0.78993835211302
0.304885200712385 0.788842943436
0.271686224637697 0.803739795117146
0.29673882239806 0.79249805197932
0.388671891828088 0.751171322770589
0.296455848183969 0.792625171121294
0.386375248212888 0.752205080649194
0.374978417080862 0.757336964194182
0.363373150515677 0.762560875717311
0.282763027507139 0.798770141555809
0.337062053367565 0.774389285161902
0.270513716357459 0.804266310342952
0.271290739801236 0.803917159221894
0.292179164331711 0.794544342027633
0.305995532895598 0.788342846722628
0.389559721928515 0.750771498756274
0.280599351339759 0.799741560550671
0.369647904969521 0.759734449425457
0.378153269966882 0.755908695802335
0.299654419824683 0.791190395609988
0.372553199787078 0.75842743479568
0.311859144980413 0.785711391473776
0.378555622167012 0.755725381207616
0.279834108726212 0.800085868230223
0.296507130450788 0.792602391172053
0.374978417080862 0.757336964194182
0.270273065670843 0.804373607423868
0.268809187599467 0.805030510496182
0.291513222059689 0.794844315518076
0.318398172747762 0.782774515393578
0.273684721489925 0.802843252081993
0.29407034022523 0.793695432773682
0.278473514357774 0.80069491803554
0.273930107577184 0.802733703205103
0.293600906384634 0.793905307997124
0.295553868158793 0.793029768895467
0.343824709737639 0.771353271101991
0.270346170856121 0.804340812237135
0.298715710984879 0.791611861286719
0.294651997235983 0.793434813594818
0.305712589908905 0.78846936293224
0.303262481956201 0.789569232304439
0.277804595755604 0.800995304049137
0.354030449646861 0.766763108849435
0.343824709737639 0.771353271101991
0.274130653924428 0.802643550431722
0.278021160814273 0.800898139287866
0.275913067076543 0.8018434623061
0.278071384338975 0.8008752334675
0.273892288375659 0.802749596760059
0.375305345021232 0.757190760738631
0.290802183789765 0.795162213423593
0.274028322791242 0.802689657005126
0.291976349138999 0.79463545779357
0.275913067076543 0.8018434623061
0.290631810680501 0.795240242920337
0.292179164331711 0.794544342027633
0.276575939731716 0.801545661458403
0.284517327330228 0.797983248095297
0.268622862510043 0.805114157871508
0.381630048682099 0.754342029337708
0.281846735673799 0.799181191356606
0.3692331681952 0.759926806618704
0.293956478793762 0.79374653203557
0.271686224637697 0.803739795117146
0.276612108391935 0.801529430392214
0.305827717267119 0.78841730092336
0.291485808101259 0.794855693084692
0.278021160814273 0.800898139287866
0.280720530469383 0.799686286665319
0.267121936229423 0.805787269096931
0.270346170856121 0.804340812237135
0.278019405323001 0.800898928431116
0.273173919681844 0.803072411559192
0.326962209671874 0.778926876580626
0.263141002999931 0.8075727995362
0.315571972013517 0.784044507777962
0.295559827139812 0.793027081738411
0.272431474583364 0.803405690535024
0.288388798015667 0.796245508942952
0.291184913529654 0.794991353029791
0.355985248083262 0.765884215847702
0.303416355162464 0.7895003209044
0.304126462615285 0.789181224247917
0.354094106153493 0.766735853591996
0.270346170856121 0.804340812237135
0.280720530469383 0.799686286665319
0.284517327330228 0.797983248095297
0.272217099076161 0.8035018389477
0.263141002999931 0.8075727995362
0.268540549925429 0.805151122170441
0.31304764254374 0.785176404181351
0.270523327738606 0.804261240194451
0.291073396054483 0.795039818887672
0.31304764254374 0.785176404181351
0.381630048682099 0.754342029337708
0.277368941802162 0.801190930808011
0.263141002999931 0.8075727995362
0.270973653284904 0.804059600891557
0.295348250541635 0.793122129272134
0.31304764254374 0.785176404181351
0.267121936229423 0.805787269096931
0.264538815653987 0.806945883127194
0.304371860654778 0.789071044875469
0.27258862602931 0.803334833905417
0.262406542041227 0.80790224128273
0.264538815653987 0.806945883127194
0.304534016514016 0.788998423767093
0.270573016178465 0.804238961221961
0.377315521508066 0.756283554578422
0.267121936229423 0.805787269096931
0.29703396319569 0.792365507003913
0.268020921960836 0.805384022204131
0.291519864784467 0.794840225065224
0.305827717267119 0.78841730092336
0.289787360204213 0.795617628001723
0.30808441720369 0.787403773265011
0.293734764808978 0.793847006999006
0.275993641700893 0.801806920171796
0.270806126936492 0.804134981731829
0.275993641700893 0.801806920171796
0.262102224878744 0.808038742134623
0.270123139453177 0.804441078943574
0.307279036913363 0.787767884685688
0.300709706636729 0.790717213135029
0.306079701726941 0.788305037047813
0.264538815653987 0.806945883127194
0.275797356205832 0.801895378378834
0.296751790010003 0.792491029454802
0.294333890966213 0.79357640766379
0.29407034022523 0.793695432773682
0.272384659318675 0.803426551742142
0.289183197366031 0.795888766947026
0.295587369628972 0.793014665155054
0.26370787844595 0.807318431001364
0.298514311210661 0.791701363485476
0.268644468052468 0.805104416971551
0.275309515719703 0.802114066064317
0.267679988980326 0.80553660078033
0.292850012954341 0.79424448501244
0.26402467557417 0.807176507142286
0.26901513180142 0.804938131122871
0.275038683237606 0.802236455288923
0.277182262778714 0.801273947789242
0.261734064851783 0.80820387679627
0.305827717267119 0.78841730092336
0.391238466893878 0.750013189884122
0.282923796935602 0.798697375534609
0.272417376590553 0.803412020365586
0.263986149576916 0.807193740400561
0.271339480547075 0.803895381313354
0.26173531249439 0.808203317126903
0.270123139453177 0.804441078943574
0.262707044470672 0.807767359237106
0.289239197335707 0.795863714457695
0.27463483832503 0.802417532360466
0.292088397014697 0.794585130498289
0.279334701439114 0.800308164367798
0.29063301654306 0.795238073018205
0.265520928351418 0.806505456214388
0.294263308899956 0.79360803314373
0.266034760611501 0.80627489515961
0.271713785525669 0.803727462974422
0.294475258974459 0.79351296961316
0.298514311210661 0.791701363485476
0.263005585191324 0.807633545918938
0.389489265483655 0.750808010587974
0.383688528809125 0.753415368741702
0.317606352861155 0.783132476759089
0.270128983684967 0.804438313847022
0.287925931804622 0.796452887441491
0.265610080758741 0.80646540233058
0.381630048682099 0.754342029337708
0.267121936229423 0.805787269096931
0.381681752764499 0.754319695563083
0.29737520875592 0.792211439132022
0.273418830759888 0.802962329632348
0.261228610949594 0.808430575526646
0.267085928490615 0.805803326004188
0.283005882048002 0.798661534018914
0.299589347401524 0.791218138659313
0.272315829966403 0.803456924626465
0.267296304635354 0.805709052871564
0.300824009681712 0.790663841129751
0.273581588950264 0.802888968283339
0.300556128561828 0.790784228996782
0.264643795984937 0.806898791607547
0.278019405323001 0.800898928431116
0.277958599865516 0.800925445971147
0.261228610949594 0.808430575526646
0.294467230121227 0.793516576081883
0.268360620323423 0.80523188364775
0.369726646065365 0.759700934105341
0.269342295967113 0.804790993959533
0.271481729369941 0.803831553918089
0.27103018736952 0.804034091349235
0.273504161759576 0.802923708455583
0.372510309473952 0.758450253785922
0.273975299406262 0.802712594979963
0.265243987232782 0.806629818186322
0.261196104315948 0.808445152281303
0.274648182357389 0.802410957201036
0.276247105874971 0.80169520790298
0.314888735324448 0.784350658777351
0.273801087174196 0.802790842072514
0.282839011197108 0.798737203730902
0.269679505440243 0.804640016679877
0.268360749134317 0.805231825870695
0.266034393944065 0.806275059624076
0.267296304635354 0.805709052871564
0.269211317808306 0.804850052302788
0.294315657290167 0.793584629954859
0.262705005980153 0.807768273742038
0.278019405323001 0.800898928431116
0.272523196014162 0.803364815428613
0.275568645257769 0.801997493271983
0.277744994128871 0.801021707573765
0.265889098451875 0.806340455729582
0.267362914346508 0.805679041145321
0.291580441809754 0.794812872907326
0.305407153790793 0.788606377788174
0.300828585000822 0.790662089245691
0.309243113544954 0.786883530313321
0.278789955377972 0.800553452507682
0.271147897590412 0.803981632404426
0.264773817192933 0.806840260762024
0.293027362643329 0.794164890100662
0.264464352648302 0.806979328057454
0.272523196014162 0.803364815428613
0.291421644134317 0.794884214044247
0.309007383350539 0.786989332886042
0.273185588443581 0.803066750920147
0.280274517655492 0.7998861455669
0.294394898809127 0.793550391243569
0.278789955377972 0.800553452507682
0.302566493275439 0.789883280234151
0.38017773269865 0.755001636111924
0.275313258354081 0.802113203428751
0.291454406478677 0.794869510570417
0.270123139453177 0.804441078943574
0.310470964188345 0.786332239366097
0.269233384018166 0.804839782001056
0.267362914346508 0.805679041145321
0.272811927328263 0.803234254723098
0.286979657292467 0.796878199395508
0.302773806270026 0.789789849595848
0.282839011197108 0.798737203730902
0.263550530071421 0.807389017342963
0.267362914346508 0.805679041145321
0.29436712160744 0.793563032023309
0.263203465320283 0.807544725141789
0.282839011197108 0.798737203730902
0.261199693351498 0.808443542350619
0.300847343997155 0.7906537262054
0.311868238974198 0.785704089310875
0.384370897814005 0.753105181467927
0.29774187876925 0.792047872670998
0.269233384018166 0.804839782001056
0.388644196897094 0.751186779230534
0.275313258354081 0.802113203428751
0.266054579315542 0.806266139386841
0.270543738196735 0.804252072023368
0.263166852121379 0.807561151437029
0.276892560296782 0.801403679600001
0.2937394053154 0.793845942797477
0.305409451280474 0.788605337180724
0.329938199583483 0.777591968513393
0.267877200658558 0.80544820297808
0.297556726554576 0.792131677379362
0.291887278289436 0.794676830672118
0.271679269053429 0.803743534129086
0.272728153686109 0.803272905041855
0.278575265116647 0.80065050923055
0.282449528380945 0.798910635628871
0.361280629626459 0.763501888100245
0.387608207714332 0.751646242365403
0.388365484000043 0.7513120768672
0.272827146962229 0.803228174328209
0.269233123782362 0.804839898789361
0.308222188032606 0.787341786633389
0.265733035863 0.806410090400499
0.268690936252312 0.805083570043176
0.261472411477931 0.808321226864227
0.269159907578877 0.804873287221628
0.276354417274147 0.801644961231739
0.307714818874156 0.787570797666041
0.329938199583483 0.777591968513393
0.277111349415227 0.801306084773235
0.311730189418018 0.785766806135059
0.302664142368712 0.789838102521908
0.38762739358437 0.751637531623842
0.268674460799308 0.805090930611901
0.310470964188345 0.786332239366097
0.277631770320453 0.801072154596004
0.302664142368712 0.789838102521908
0.311705865732353 0.785777752895841
0.268102846912075 0.805347307499342
0.262462822670463 0.807876947798424
0.277480528030531 0.801140674074307
0.307202990790968 0.787803093341563
0.274378495959464 0.802532517873426
0.267877200658558 0.80544820297808
0.308141820987613 0.787377875879523
0.261196104315948 0.808445152281303
0.261200525457386 0.80844316908435
0.38762739358437 0.751637531623842
0.311705865732353 0.785777752895841
0.2706484570213 0.804205458074608
0.276691799362418 0.801494885412664
0.32233980416333 0.781003090121404
0.287988693189774 0.796426375841275
0.269044722934115 0.804924409784566
0.312223939870274 0.785543530425859
0.269145043684572 0.804879429631486
0.286031696399825 0.797303812947854
0.271522521919324 0.803812968874339
0.274171930061694 0.802624163154844
0.261015928353993 0.808525970739188
0.270065419491566 0.80446706353262
0.277819695468653 0.80098748615029
0.269244873790078 0.80483471622887
0.307202990790968 0.787803093341563
0.330553010653548 0.777312887132858
0.274206856817371 0.802608454864795
0.26479355679259 0.806831406237649
0.286553533326119 0.797068715097352
0.302013240074292 0.790130262943468
0.282446959269718 0.798911703707474
0.262633977727048 0.807800178773971
0.271522521919324 0.803812968874339
0.261015928353993 0.808525970739188
0.306706184146719 0.788023645532586
0.309704722004911 0.786676503797763
0.268661078148623 0.80509681639405
0.263214020727493 0.80754021862696
0.268102846912075 0.805347307499342
0.263882053881941 0.807240329530194
0.26479355679259 0.806831406237649
0.263664812429673 0.807337780167858
0.261015928353993 0.808525970739188
0.309133138751135 0.786936351650636
0.271309478688996 0.803909269224951
0.305733980874699 0.788459569683758
0.261015928353993 0.808525970739188
0.271091297094057 0.804007042399454
0.261967183298624 0.808099324489286
0.266231476053895 0.806186801763447
0.262957244856032 0.807655115170978
0.272792148963089 0.803243015897997
0.271272862590856 0.803924850272263
0.269027992570027 0.804932038842256
0.262111682655011 0.808034464543283
0.264050317771312 0.807165027731857
0.289083359402004 0.795935154419646
0.312603768245573 0.785377959564171
0.293301384058387 0.794041488534559
0.260621535531911 0.808702872147997
0.274408639035698 0.802518684550407
0.260587687181174 0.808718053582312
0.27135338692929 0.803888725403588
0.300852688733444 0.790653425468475
0.28503546063799 0.797750217866719
0.298585916240042 0.791670142858874
0.264474081166163 0.806974916819699
0.265008568220365 0.806735166692608
0.264512440299102 0.806957708531206
0.260500011383408 0.808757380828361
0.269141226408819 0.804881483126685
0.271683230497925 0.803740813931583
0.280301583221972 0.799874230881274
0.282446959269718 0.798911703707474
0.273317042128362 0.803007938158044
0.282445630876138 0.798912299911765
0.269752387482183 0.8046074361418
0.263561049495109 0.807384589689818
0.268630908569836 0.805110349768274
0.268102846912075 0.805347307499342
0.273317042128362 0.803007938158044
0.265757691755722 0.806399089925755
0.267058214006032 0.805815887325669
0.265602444796206 0.806468888084837
0.277120269555609 0.801302454496782
0.285377759442991 0.797596559933381
0.284291089165777 0.798084819876691
0.2896751786597 0.795669256224968
0.293559169221679 0.793925948944453
0.362098724337955 0.763132018331922
0.261686340829951 0.808225259602242
0.307933437345765 0.787474270946245
0.265008568220365 0.806735166692608
0.334031350157994 0.775753240743483
0.274048643259043 0.802680240525412
0.270689435492424 0.804187149023808
0.281811604491256 0.799197018681621
0.386584620564549 0.75211423362515
0.285843307278643 0.797387676478527
0.264613788821485 0.806912296685657
0.285252501579885 0.797652781168791
0.262259245960639 0.807968229665908
0.285377759442991 0.797596559933381
0.298724531701995 0.79160787767385
0.271683230497925 0.803740813931583
0.264613788821485 0.806912296685657
0.297672933252845 0.792078664383243
0.292768689100476 0.794280777565799
0.274904865424234 0.802295575753628
0.284051261334467 0.798192146474968
0.269006581373904 0.804941601052432
0.267058214006032 0.805815887325669
0.260500011383408 0.808757380828361
0.278217813272348 0.800808751276292
0.271589945090201 0.803782478065224
0.334031526176278 0.775753160273237
0.272453675984339 0.803395042325837
0.262093955870865 0.808042465703108
0.295788096343185 0.792924651918488
0.303259917986103 0.789570839364286
0.271280120705957 0.803921416601295
0.272979906194916 0.803159910221624
0.274904865424234 0.802295575753628
0.28377081496199 0.798317718823878
0.268623172839814 0.805114063372918
0.262957244856032 0.807655115170978
0.274964005376787 0.802270546599114
0.268386737872904 0.805220279624337
0.260425514540268 0.80879079744706
0.261664865816821 0.808234892446093
0.268102846912075 0.805347307499342
0.270053148085608 0.804472568275723
0.317642849365839 0.783115262144126
0.304437939704573 0.789041534843677
0.26116898332484 0.808457310066438
0.285636673635257 0.797480382448384
0.301659450417052 0.790289713462259
0.272979906194916 0.803159910221624
0.266110939276037 0.806240866308276
0.266710236672792 0.805971843976491
0.261686340829951 0.808225259602242
0.268822381567753 0.805024229331914
0.262309002061147 0.807945970541991
0.310980420122024 0.786103068371936
0.286360640879862 0.797156187247848
0.274679630111182 0.802397513920882
0.269595272261175 0.804677443433505
0.271578178333356 0.803787758121414
0.284992952636824 0.797769348174643
0.264613788821485 0.806912296685657
0.312380846272011 0.78547504916223
0.346859259012014 0.769989496016112
0.277414490502514 0.801169783240688
0.263825175411476 0.807265893573233
0.270196063590704 0.804407807759297
0.271931004400948 0.803629859016424
0.264694445601448 0.80687598611994
0.27385513033858 0.802767361128446
0.27911545164336 0.800406490443393
0.295616224323597 0.793002067496038
0.297531390666677 0.792142501517793
0.271062339158042 0.804019703683503
0.285636673635257 0.797480382448384
0.266025467391145 0.806278839241729
0.277414490502514 0.801169783240688
0.27161045831846 0.803773843581044
0.276520333181042 0.801570855104585
0.267201041885219 0.805751989700016
0.285013226558956 0.797759535417412
0.275734188735956 0.801923473657721
0.260406029650439 0.808799537259619
0.277414490502514 0.801169783240688
0.262817540317388 0.807717879522906
0.27664022510378 0.801517795258241
0.278104863245925 0.800859983187762
0.25985340516057 0.809047425042526
0.272940233117768 0.80317695344401
0.266019325725077 0.806281592612763
0.270955195106187 0.804067746665089
0.292382475701077 0.794454345965755
0.27753273543071 0.801117370388556
0.285636673635257 0.797480382448384
0.268102846912075 0.805347307499342
0.287076409296673 0.796834266352402
0.25985340516057 0.809047425042526
0.303268792545669 0.789566822972837
0.272727033927512 0.803273330819321
0.268054538681134 0.805369001989577
0.267688965076657 0.805533178869537
0.275319534144248 0.802109563326259
0.311475051893196 0.785882872856526
0.276672738118746 0.801503263546895
0.396488265836708 0.747648725150346
0.396488265836708 0.747648725150346
0.396548963258346 0.747621316385339
0.364503050475031 0.762054047930153
0.38871128855342 0.75115069271369
0.366504236165536 0.7611452519929
0.364879857673688 0.761884574317304
0.38837767754708 0.751306034337491
0.389071470984049 0.750987491183228
0.389821225515724 0.750649959406679
0.389071470984049 0.750987491183228
0.385648201440218 0.752532609572643
0.38112096842588 0.754570180422741
0.321110299361143 0.781556293786545
0.385979994534101 0.752383391483298
0.386415070819627 0.752187642135436
0.386415070819627 0.752187642135436
0.370779468874707 0.759224340101205
0.366580901334958 0.761116245306062
0.301020284287844 0.790575440340101
0.393466390236909 0.749014389261196
0.340553674918573 0.772819721790696
0.393466390236909 0.749014389261196
0.370720622975365 0.759254020445146
0.393466390236909 0.749014389261196
0.393466390236909 0.749014389261196
0.307170072122096 0.787814568714255
0.307170072122096 0.787814568714255
0.394893097672283 0.74836836997177
0.325566598282421 0.779557664651227
0.369633851609682 0.75974098235284
0.280328862547153 0.799864217761433
0.270875192206796 0.80410332442209
0.37143912567809 0.758928585062997
0.271927595023221 0.803631188034355
0.271041216204839 0.804028945550654
0.272224282974235 0.803498092712018
0.325446094962285 0.779610788232112
0.269879279122745 0.804550148475635
0.271074721761467 0.804013930224661
0.268671339533049 0.805092082658001
0.373800411267063 0.757866100595737
0.28835468575403 0.796261392633989
0.269459554458534 0.804738441011984
0.275009702680033 0.80224878718667
0.268729764495329 0.805066022857435
0.272166227342694 0.803524384298607
0.268697818593973 0.805080205876299
0.271705114159612 0.803731237675085
0.272095488427428 0.803555943934605
0.284504825450566 0.797988506786881
0.273753223617223 0.802812805103469
0.282328057737349 0.798965103041077
0.268671339533049 0.805092082658001
0.345905147072557 0.770418587542403
0.268874713176728 0.805000784729882
0.275009702680033 0.80224878718667
0.344551697988216 0.771022762186053
0.280264491005887 0.799890721878565
0.344991702684646 0.770824926285456
0.275196390172573 0.802166071478948
0.270132812385382 0.804436416288277
0.272866187990768 0.803210392961776
0.270875192206796 0.80410332442209
0.271718479470144 0.803725126025348
0.268671339533049 0.805092082658001
0.269879279122745 0.804550148475635
0.274949023879906 0.802276003765789
0.344770292806501 0.770924445496013
0.273346364008813 0.802994964483714
0.267903984869762 0.805436269524543
0.395842793816371 0.747946909634822
0.287762657852304 0.796527149477906
0.268646107349046 0.805103239095909
0.267929260231127 0.805424961132816
0.268201826231074 0.805302683204298
0.301078509547765 0.790551470251297
0.267903984869762 0.805436269524543
0.267737994837246 0.805510747937978
0.271706727641058 0.803730514904648
0.287626895864611 0.796588086563086
0.275311387081864 0.802113509528161
0.268893417387951 0.804992354127748
0.304403084715919 0.789060075646821
0.268650488478171 0.805101489097255
0.269898619620208 0.804541471265253
0.279004975937476 0.800457436544163
0.348457330401182 0.769265815924738
0.271705114159612 0.803731237675085
0.283201557555191 0.798573062019243
0.333661508385738 0.775915425338276
0.30440096973814 0.789061016872694
0.359449569260575 0.764325514850588
0.272360410407294 0.803437353306128
0.272378703699964 0.803428622665897
0.267737994837246 0.805510747937978
0.269937501920331 0.804524029089401
0.268850950753903 0.805011404012173
0.332779988691475 0.776311478187342
0.272957735860357 0.803169346227878
0.275000876718306 0.802252419891371
0.269908782323912 0.804536911361098
0.269348973579478 0.804788455321055
0.351104826880152 0.768076344886036
0.281277294551384 0.799436629083172
0.267737994837246 0.805510747937978
0.272711960216473 0.803279537352025
0.274409640169931 0.802517679613799
0.267684091753164 0.805535025003943
0.267737994837246 0.805510747937978
0.365416701036569 0.761637857805036
0.272453169674459 0.80339562939384
0.267737994837246 0.805510747937978
0.269609410780749 0.804671208305521
0.27496674087784 0.802267739408025
0.30408918580639 0.789198445093383
0.283246861439343 0.798552313151539
0.285157926145952 0.797695193316436
0.267684091753164 0.805535025003943
0.279676519410321 0.800155955012711
0.269423681790925 0.804754989304709
0.268619088874425 0.805115627577732
0.343036197111114 0.77170558334396
0.295970437768781 0.792842432349677
0.26736000436981 0.805680405596653
0.273237505540134 0.803043559730728
0.283330216322056 0.798514949597572
0.266883417008598 0.80589429643296
0.272462932252652 0.803391147662055
0.332188352659452 0.77658063926754
0.271181004576618 0.803966399729387
0.269267810645197 0.804824824637841
0.268308527960024 0.805254694290151
0.28287514896291 0.798719064354113
0.274409640169931 0.802517679613799
0.275179226277365 0.802172456658969
0.267843759441775 0.805463617741301
0.2809147252546 0.799599171390037
0.270608799410388 0.804223186919177
0.269301255587931 0.804809774574697
0.284499976901709 0.797990934856144
0.274541467886569 0.802459578544578
0.352123223789792 0.767620771011553
0.27882557463143 0.80053633613567
0.281742769458411 0.799227206976258
0.283514621336311 0.79843184598576
0.288724518530808 0.796095652444648
0.35540171271899 0.766148582304535
0.269423681790925 0.804754989304709
0.264024257769606 0.807176745671925
0.274409640169931 0.802517679613799
0.292507727918097 0.794397234162711
0.273883042122622 0.802753894365605
0.273827418391079 0.802778949108736
0.27882557463143 0.80053633613567
0.275197329919742 0.802164334606622
0.26813147639596 0.805334296379483
0.2687834445263 0.80504202989078
0.267308333747822 0.805703581579491
0.264189565776153 0.807102561540982
0.273883042122622 0.802753894365605
0.268966810048073 0.804960017597822
0.351532168016915 0.767887089557475
0.265757096407742 0.806399280616492
0.37510821846628 0.757282117620487
0.269683831226564 0.804638038725302
0.272386311688088 0.803426163567343
0.268966810048073 0.804960017597822
0.271894006285936 0.803646462753201
0.274871246716855 0.802311007515779
0.303453590168199 0.789483691125095
0.315103173286191 0.784251675481143
0.374965644923391 0.757342255118455
0.264024257769606 0.807176745671925
0.264949096939813 0.80676187427204
0.280873651409162 0.799618465934361
0.316595875326704 0.783580713046617
0.282559429076992 0.798860737306013
0.266108063768068 0.806241925277684
0.280933183178845 0.799590871827232
0.267473778763464 0.80562942666915
0.276863117650185 0.801417455785768
0.295589019368304 0.793013374659027
0.264949096939813 0.80676187427204
0.294212479230994 0.793632067137476
0.269851478874216 0.804562900305126
0.352710638306894 0.767356680378541
0.2687834445263 0.80504202989078
0.270937004127289 0.804075600837949
0.304864705022535 0.788849406495041
0.266412729854273 0.806105504936664
0.317220661805462 0.783300099505846
0.294034201495299 0.793712173251142
0.270070614244452 0.804464415324477
0.269851478874216 0.804562900305126
0.306590801869133 0.78807586858259
0.282875804244019 0.798718770455519
0.296569329056062 0.792576208598171
0.266644672339279 0.80600134265656
0.2941868371278 0.793644126183814
0.265757096407742 0.806399280616492
0.316595875326704 0.783580713046617
0.264024257769606 0.807176745671925
0.274730524003137 0.802374147978005
0.274871246716855 0.802311007515779
0.283151746659183 0.798595136071385
0.281213910292349 0.799464585668648
0.270526482574672 0.804259902078134
0.268516672694864 0.805161865448884
0.285901968805374 0.797361739145604
0.265757096407742 0.806399280616492
0.305568202990335 0.788535073171898
0.269752399585176 0.804607194659804
0.282559429076992 0.798860737306013
0.27245975921402 0.803393368613192
0.266623846279003 0.806010681437119
0.265757096407742 0.806399280616492
0.26950699366258 0.804717356112588
0.264024257769606 0.807176745671925
0.268255763383223 0.805278461160626
0.264024257769606 0.807176745671925
0.273560557146453 0.802898940205576
0.268516672694864 0.805161865448884
0.302575011418187 0.789876734316967
0.286018478394573 0.797308679593453
0.271386318344769 0.803874310068436
0.265008528683026 0.806735247328941
0.270615381308185 0.804219890940632
0.267590161868972 0.80557751553708
0.271674170734378 0.803744861980199
0.285801230527697 0.797406615714532
0.274016095787215 0.802694524881118
0.270366994149457 0.804331357818254
0.272948209697851 0.803174020082153
0.354596417618305 0.766502459836179
0.296950511935212 0.792403898340087
0.276049629310275 0.80178240569053
0.284956350984284 0.797786450966481
0.267624600263261 0.805561940510558
0.264024257769606 0.807176745671925
0.311473225290611 0.785885512513165
0.272241473652992 0.803490620421177
0.281183974230597 0.799479372464615
0.264576940381177 0.806928806542825
0.297734408878659 0.792050267151201
0.292734783596573 0.79429488947502
0.26950699366258 0.804717356112588
0.28443810527431 0.798018720948009
0.298845135689327 0.791552931617849
0.270366994149457 0.804331357818254
0.264024257769606 0.807176745671925
0.268238512892136 0.80528621167369
0.274045109348523 0.802681923895843
0.297709565632559 0.792062561916661
0.343876811111725 0.771327284988679
0.298634915203422 0.791646862168639
0.271183080535077 0.803965581993676
0.315891979576422 0.783897748535097
0.264807898330556 0.806825257099596
0.303775421454978 0.789340523034303
0.268098669803389 0.805349219892194
0.322480652198874 0.780943354136265
0.272243622733017 0.803489660460317
0.26639682822195 0.806112548943963
0.274389315985363 0.802527123281911
0.295370895669129 0.793111352717391
0.270366994149457 0.804331357818254
0.266644672339279 0.80600134265656
0.326526479772574 0.779122021906585
0.28780075314687 0.796510189127788
0.306316159875805 0.788197892280826
0.306664483139565 0.788040964929225
0.317694008022019 0.783087767349532
0.263987420974002 0.807193248494773
0.264024257769606 0.807176745671925
0.295373948905569 0.793109983816805
0.286877888860773 0.796924241969125
0.301548613418816 0.790339648849581
0.295224067053144 0.793177273058105
0.265179868997813 0.80665833058606
0.292727783476844 0.794299826859698
0.343876811111725 0.771327284988679
0.273496844339016 0.802927184466574
0.280054273029938 0.799986426930233
0.373281733089665 0.758102636307339
0.373227348373565 0.758127419218064
0.312189006792548 0.785562946385445
0.283082189206402 0.798627589460991
0.28024610166108 0.799900709824106
0.379098637451965 0.755483328000547
0.294246813045204 0.793616050641674
0.276836032527904 0.801429575253224
0.283082189206402 0.798627589460991
0.28119932736902 0.799471247187712
0.276836032527904 0.801429575253224
0.28119932736902 0.799471247187712
0.279460790045305 0.800252106635546
0.285046672978076 0.797746368522859
0.348818347861267 0.769106353757777
0.276836032527904 0.801429575253224
0.347501039417812 0.769697041377848
0.352578139865707 0.767418877847313
0.276385887124958 0.801631475914472
0.340424862950882 0.772876888605151
0.343077898747077 0.771687117395727
0.337398161908085 0.774237304754058
0.29631693337176 0.79268723693751
0.307112800339916 0.787841462408392
0.27771086977733 0.80103712746772
0.286605320513282 0.797046617686636
0.275255905735878 0.802138323594453
0.340424862950882 0.772876888605151
0.331001490636495 0.777112995073985
0.277401013601123 0.801176093166697
0.348818347861267 0.769106353757777
0.319030955368384 0.782490238852692
0.340355611522345 0.772908001528672
0.275255905735878 0.802138323594453
0.287548950419096 0.796623822441477
0.27771086977733 0.80103712746772
0.275562341637744 0.802001832931067
0.304965828739494 0.788805123784596
0.318692859725473 0.782640036921685
0.284915360930022 0.797805018625401
0.330519551031843 0.777329138313432
0.284915360930022 0.797805018625401
0.299770105733127 0.791137722096585
0.284915360930022 0.797805018625401
0.285643061432605 0.797478709512095
0.307112800339916 0.787841462408392
0.281624405432816 0.799281553960318
0.300251369291386 0.790920933561108
0.337948135072786 0.773988347990982
0.281178587468733 0.799482677097381
0.299770105733127 0.791137722096585
0.306145009537764 0.788276375951256
0.300882335041487 0.790637635509122
0.275935896324953 0.801833172148903
0.27241674225182 0.803412207547189
0.338770587270848 0.7736211039061
0.288626459915268 0.796139253623755
0.298870374496111 0.791541939384336
0.359946048225763 0.764103694260692
0.306145009537764 0.788276375951256
0.27241674225182 0.803412207547189
0.27241674225182 0.803412207547189
0.300529417727964 0.790796417476621
0.309317348682808 0.786852124825049
0.300727268210693 0.790707722617517
0.280895589612241 0.799608189171598
0.288739298244695 0.796088889953536
0.300159686936921 0.790962348248858
0.275935896324953 0.801833172148903
0.300882335041487 0.790637635509122
0.272233599247482 0.803494381565468
0.284467153326531 0.798005941736725
0.302857590478044 0.789751332640876
0.280895589612241 0.799608189171598
0.296195627522281 0.792742486081392
0.285557546319734 0.797516013721971
0.283992737800414 0.798218251441154
0.279899368890859 0.800054466981262
0.272233599247482 0.803494381565468
0.272801218915408 0.803239731096845
0.272233599247482 0.803494381565468
0.300125111671476 0.790977901405099
0.275562341637744 0.802001832931067
0.30381829333575 0.789321837443056
0.272233599247482 0.803494381565468
0.281070213789992 0.799529637830709
0.293041025001009 0.79415778968725
0.271604343373204 0.803776629690939
0.273309521008068 0.803011742342813
0.271604343373204 0.803776629690939
0.270796627045631 0.804138690978943
0.358115102835367 0.764928688605438
0.270721074165676 0.804172782648155
0.302110515013526 0.790086615790916
0.270721074165676 0.804172782648155
0.280241894246295 0.799901218133456
0.271557352903724 0.803797726561955
0.271805712864819 0.803686325144193
0.270721074165676 0.804172782648155
0.272801218915408 0.803239731096845
0.381024035095444 0.754614391122524
0.279189669758068 0.800374266354555
0.272801218915408 0.803239731096845
0.364706488887172 0.761957129513585
0.361261368682824 0.763508281487874
0.281793839593248 0.799205792337635
0.359612839318839 0.764249150532336
0.270103736945172 0.804449757880811
0.28334806132921 0.798508587289378
0.356584897883003 0.765610172406125
0.324513399632945 0.780029078935534
0.275562341637744 0.802001832931067
0.281044866811939 0.799541100150926
0.277040369202641 0.801338661331029
0.355862464190902 0.765934892669037
0.277349363972169 0.801199544114433
0.272441158506816 0.803401110969358
0.281223255064137 0.799461178915996
0.268999837385104 0.804945114574147
0.274926208758775 0.802286081186073
0.268999837385104 0.804945114574147
0.270528761454366 0.80425905090301
0.363031724923391 0.762712801843585
0.272572643609406 0.803342265407816
0.267353931317884 0.805683279745577
0.295149497223309 0.79321238671761
0.273680077138051 0.802845271338443
0.269078505452109 0.804909633393761
0.272441158506816 0.803401110969358
0.269763064497052 0.804602376795966
0.315173199629503 0.784222058860157
0.29667310698374 0.792527710962189
0.276956908221663 0.801376296966246
0.317540026510631 0.783159793579317
0.284221904357945 0.798115710927702
0.273514284413469 0.802919843932863
0.296465450605505 0.792620366154143
0.280662747565487 0.799712357815068
0.282735584775484 0.798782588125923
0.303393698499232 0.789511161407233
0.32422438644751 0.780160297020156
0.299547677607571 0.791237440274469
0.282735584775484 0.798782588125923
0.306055021450837 0.788317332426705
0.266401687087337 0.806110352078088
0.273960471245097 0.802719646056495
0.30308704549552 0.789649808642522
0.266227478219452 0.80618849713703
0.284527690614284 0.797978648795437
0.268395406114225 0.805216012172275
0.274830491587517 0.802329646675825
0.273296261849448 0.80301762020401
0.282672268888877 0.798811036639551
0.270077016112508 0.804461702984563
0.275535304896903 0.802013420414624
0.27966786261014 0.800158974908144
0.284527690614284 0.797978648795437
0.26538243427976 0.80656741728122
0.284580562463234 0.797954232486424
0.30308704549552 0.789649808642522
0.279532033971027 0.800219661311289
0.278691388470908 0.800597158716297
0.29594261288609 0.792855111921568
0.30308704549552 0.789649808642522
0.384217193093695 0.753176240633732
0.358075499883128 0.764942625245284
0.276883145249034 0.801407944982556
0.385451683622393 0.752619813205376
0.264974328851561 0.806750467699054
0.280371734714655 0.799842738425448
0.265535591777162 0.806498714939115
0.269078505452109 0.804909633393761
0.279409722025463 0.800274879682603
0.267353931317884 0.805683279745577
0.268765379887205 0.805050049347133
0.268395406114225 0.805216012172275
0.278398002975388 0.800728699694475
0.282677344313204 0.798808262579863
0.384554384411498 0.753024364768874
0.276883145249034 0.801407944982556
0.26802253634327 0.805383447086587
0.307942601089856 0.787470564541427
0.276883145249034 0.801407944982556
0.283438779013342 0.79846776399148
0.265913605163987 0.806329174730466
0.266180595154587 0.806209376918506
0.276883145249034 0.801407944982556
0.306055021450837 0.788317332426705
0.277034860011329 0.801339918522429
0.374168065969441 0.757700642012752
0.284580562463234 0.797954232486424
0.278398002975388 0.800728699694475
0.27301937413855 0.803141900016832
0.265792530907421 0.806383500887864
0.313176932374013 0.785121128561068
0.267353931317884 0.805683279745577
0.276666808344805 0.801505397361326
0.304503062147543 0.789013379849744
0.283631252667143 0.798380186914094
0.28497093248743 0.797779312232727
0.383268034071941 0.753598672774668
0.277510264025011 0.801126408297973
0.275674708760582 0.801950245964282
0.273985631598467 0.802708236202845
0.282570013876337 0.798856529187776
0.315471769111834 0.784088811959473
0.279794763785659 0.800102788570032
0.266184142261196 0.806207789506644
0.265033535471102 0.806723926549269
0.264989989471829 0.806743443443705
0.304234812159708 0.789132602820608
0.277784966011489 0.801003733705269
0.36696396802791 0.760948789769645
0.26932978381739 0.804796953875287
0.304389925772135 0.789063031471738
0.284776774452947 0.797866443780332
0.267353931317884 0.805683279745577
0.284967310706982 0.79778123277887
0.321262113127151 0.781489853848312
0.288680898025757 0.796115851708816
0.267488486908126 0.805622941276828
0.279794763785659 0.800102788570032
0.280716698845781 0.799687927973761
0.266791836154496 0.805935334430212
0.265908335328411 0.806331583915717
0.290770467451687 0.795176623328197
0.266659823107587 0.805994677902324
0.265908335328411 0.806331583915717
0.281393120014 0.799385303448409
0.271520860050851 0.803814610479786
0.267247060810361 0.805731169848089
0.277396638258562 0.801178119415785
0.270416434704584 0.804309484461003
0.383965764919448 0.753289067170158
0.280716698845781 0.799687927973761
0.264966892529376 0.806753795214733
0.282915854273021 0.7987011863206
0.294914143442351 0.793317362760037
0.270767904278686 0.804151918299077
0.28886456798521 0.79603208737069
0.270388959612593 0.804321724801675
0.280716698845781 0.799687927973761
0.294914143442351 0.793317362760037
0.291948480362601 0.794648471051026
0.276666808344805 0.801505397361326
0.280526376200422 0.799773522964808
0.264966892529376 0.806753795214733
0.386530195438267 0.752134619074116
0.296702669796923 0.792513762073979
0.295384960330652 0.79310630945153
0.280742146760211 0.799677413611317
0.28497093248743 0.797779312232727
0.281973106055836 0.799124272183978
0.264966892529376 0.806753795214733
0.269270610061756 0.804823524040776
0.280650713471889 0.799718364177967
0.381329338438037 0.754474119136407
0.26488526515581 0.806790409686186
0.275789967926007 0.801898539944798
0.264966892529376 0.806753795214733
0.270430938402951 0.804302870055804
0.280284378830205 0.799881843240514
0.282615861603166 0.798836073445217
0.264974328851561 0.806750467699054
0.280742146760211 0.799677413611317
0.384239478427023 0.75316624193376
0.296238588763451 0.792723333638709
0.264444776714493 0.806988046898575
0.26686242516083 0.805903656816866
0.281822615448749 0.799191668746766
0.296498730481375 0.792607189118019
0.264974328851561 0.806750467699054
0.330746449604002 0.777229119206076
0.282210221278857 0.799017859232045
0.321262113127151 0.781489853848312
0.262444143726878 0.807885457337628
0.288589675678248 0.796156828932351
0.281023842943908 0.799550028384369
0.262834069084583 0.807710613107464
0.286045281824243 0.797297168493265
0.272503025046386 0.803374338462044
0.264216460691108 0.807090411994417
0.291185311843361 0.794989710970263
0.274832331731416 0.802327890568843
0.364005605339174 0.762275334149893
0.3320085438869 0.776661924940434
0.267488486908126 0.805622941276828
0.267703279832264 0.805526344059379
0.291948480362601 0.794648471051026
0.272570863887759 0.803343710944107
0.288589675678248 0.796156828932351
0.282558675158716 0.798861739815406
0.267317821074854 0.805699450526273
0.31525313520272 0.784185695988482
0.271920917439282 0.803634840062871
0.277998673636933 0.8009087632695
0.26686242516083 0.805903656816866
0.270027832863262 0.804484278636002
0.27210726431535 0.803551206079999
0.361914217321721 0.763219844591637
0.296570050241147 0.79257331234598
0.275131136216495 0.802194109429481
0.305795499214161 0.788432999845926
0.282615861603166 0.798836073445217
0.26686242516083 0.805903656816866
0.276168611413367 0.801729341225272
0.292077934487841 0.794591098517064
0.2649741600494 0.806750543018374
0.281023842943908 0.799550028384369
0.262369458637723 0.807918956206263
0.269651384517762 0.804652858604044
0.285901996941161 0.797360563606441
0.267769665834735 0.805496566431105
0.292451918778742 0.794422839082897
0.268705472822239 0.805076739402115
0.275131136216495 0.802194109429481
0.265645284234097 0.806449732971287
0.369948587025584 0.75960288465045
0.262831680958571 0.807711686451513
0.291324192484177 0.794930215492496
0.305789323151532 0.788435772969354
0.367791605199987 0.760573984029741
0.264157177553379 0.807117003448619
0.295088826537004 0.793238625167119
0.263237316620227 0.807529769243943
0.266409171699315 0.80610696627641
0.269592896778298 0.804679092140537
0.271506344248131 0.803820576352024
0.275743415369544 0.801919938458514
0.271506344248131 0.803820576352024
0.264515697644353 0.806956238612806
0.262369458637723 0.807918956206263
0.291324192484177 0.794930215492496
0.263244349269312 0.807526615502912
0.271961789653661 0.803616385917905
0.283348814524353 0.798508319566211
0.272811797288816 0.80323461375085
0.269888599308349 0.80454665991006
0.293780778705408 0.793825218012422
0.275608307648484 0.801980546079028
0.300421707691681 0.790843806101394
0.265645284234097 0.806449732971287
0.264157177553379 0.807117003448619
0.26686242516083 0.805903656816866
0.268459754200892 0.805187547978207
0.303564769986832 0.789437805142478
0.267310602003525 0.805702673988643
0.271506344248131 0.803820576352024
0.262537941204993 0.807843376613244
0.362627454722422 0.762895779852828
0.275600797219 0.801983509866111
0.26463483871569 0.80690278433212
0.362146954784219 0.763111379701519
0.324008765389614 0.780255332014645
0.262369458637723 0.807918956206263
0.26563171851274 0.806455822626644
0.266040339981759 0.806272298618485
0.265032100088488 0.80672465080597
0.262620076095168 0.807806515919214
0.321097309324632 0.781564325367728
0.371552174338279 0.758880840252062
0.274741694384103 0.802368778381474
0.268801374037345 0.805033999180992
0.263616643441566 0.807359442616364
0.268990232053515 0.804949463109016
0.287992405623884 0.796423296621836
0.273555656735405 0.802901275157655
0.361950107132583 0.763201569245867
0.262369146711526 0.807919096001359
0.263614799201484 0.807360259672196
0.27844375910296 0.800707969130918
0.265293510908783 0.806607519723782
0.263851852915131 0.80725405544395
0.273485304784417 0.802932644353418
0.276737758328576 0.801473477573283
0.376373701749873 0.756709456156668
0.291425331373882 0.794882589776513
0.277573850160062 0.801099050627581
0.371351500620039 0.758971177662045
0.267349994077504 0.805685072134481
0.273904106806762 0.802744827726484
0.27844375910296 0.800707969130918
0.266040339981759 0.806272298618485
0.340697891394023 0.772755717710118
0.278239883384096 0.800799253328277
0.268714257485359 0.805073411644793
0.340326502761515 0.772922573686158
0.274279295771113 0.802576207645725
0.275925424051729 0.80183797527109
0.291324192484177 0.794930215492496
0.319880169905822 0.782109355134153
0.26463483871569 0.80690278433212
0.338078263134429 0.773934552025027
0.330295815368621 0.777427594695727
0.330164264807254 0.777486653708771
0.329985187866498 0.777567108243391
0.331587283451954 0.776847534902826
0.396204966499304 0.747775612528967
0.324764219559435 0.779914345870705
0.332520598559994 0.776428453342269
0.331467761381966 0.776901200191319
0.358021144218935 0.764964454091049
0.395160537188874 0.748245681751989
0.330275821823303 0.777441175946964
0.366720834503614 0.761054978139556
0.354315833414222 0.766632278629892
0.332068292837713 0.776633601399906
0.353783944467966 0.766871453474722
0.343731700368918 0.771389642455712
0.330747371745144 0.77722475837785
0.356132849088625 0.765815210281541
0.364085114043448 0.762240886508098
0.355049245273314 0.766302582969873
0.354315833414222 0.766632278629892
0.348935882646271 0.769050492474984
0.341758884383945 0.77227591927618
0.341288556036868 0.772488650523474
0.338156635636154 0.773899352924222
0.348935882646271 0.769050492474984
0.332520598559994 0.776428453342269
0.337780913526579 0.77406834494435
0.343731700368918 0.771389642455712
0.359913246494718 0.764114880899833
0.364085114043448 0.762240886508098
0.394732130284852 0.748438819200344
0.395788297788525 0.747964033469285
0.339228009335129 0.773413586089125
0.288311468591643 0.796280533106409
0.288293141232352 0.796288882381717
0.395530930194019 0.748078490011414
0.318094814334417 0.78290961577658
0.367991262202149 0.760484073235738
0.29650985436826 0.792600672794908
0.304873873381677 0.788846087083168
0.376277651523689 0.756759111622893
0.395530930194019 0.748078490011414
0.308497186648542 0.787219894375965
0.335796714728896 0.774956880417203
0.364082664399912 0.762241988868433
0.275284848847708 0.802125592721144
0.335537468276466 0.775073290031599
0.345529441823969 0.770587844895089
0.369402570098484 0.759847640467483
0.371013039765315 0.759123715857019
0.368671563701175 0.760179873740405
0.364082664399912 0.762241988868433
0.335796714728896 0.774956880417203
0.280192378855396 0.799923797379027
0.364728626698215 0.761944266646808
0.369961299520993 0.759596496205801
0.290141767832997 0.795458496025952
0.35373502093576 0.766893598288028
0.369402570098484 0.759847640467483
0.359826238250639 0.76415542273159
0.364082664399912 0.762241988868433
0.279722847816656 0.800134533077155
0.275284848847708 0.802125592721144
0.280192378855396 0.799923797379027
0.293302458415713 0.794040404853647
0.288297162711893 0.796288348211967
0.355996690188134 0.765878536892094
0.296035408950552 0.792813833765815
0.307183282475653 0.787810320191511
0.272978764590488 0.803160008201352
0.357625634829216 0.765147344930206
0.291420883222606 0.794887161144522
0.275284848847708 0.802125592721144
0.323931562837356 0.780287463548545
0.272978764590488 0.803160008201352
0.272920228442566 0.80318698429806
0.304277925367678 0.78911453344795
0.324065629501798 0.780227193338641
0.273948258561758 0.802725691965343
0.340315185061883 0.772928183431608
0.275284848847708 0.802125592721144
0.296035408950552 0.792813833765815
0.324065629501798 0.780227193338641
0.278330212796935 0.80075934082014
0.275885238123747 0.801856455408419
0.337895648391906 0.77401502543863
0.270517422688763 0.804264296655621
0.335058466151905 0.775290498388334
0.340315185061883 0.772928183431608
0.266813667704024 0.805925623911638
0.288445640974883 0.796221110232453
0.338729689814085 0.773642118456495
0.266813667704024 0.805925623911638
0.285766727080221 0.797422958933475
0.266657817074062 0.805995542533794
0.266813667704024 0.805925623911638
0.353501815524767 0.766997507039124
0.267693516256543 0.805531084196108
0.272920228442566 0.80318698429806
0.340315185061883 0.772928183431608
0.26657059290449 0.8060346567851
0.284122035488668 0.798160615091741
0.353501815524767 0.766997507039124
0.266434855137522 0.806095530927854
0.3102460228407 0.786435225410304
0.292690919273175 0.794315880456029
0.348840794630177 0.769095110699005
0.3010342065205 0.79057024128026
0.267574624620658 0.805584377966299
0.276104393617595 0.801757665570852
0.266434855137522 0.806095530927854
0.326355990529923 0.779200333703788
0.266434855137522 0.806095530927854
0.300536306693585 0.790795281157765
0.275419945322316 0.802065719071836
0.353999310181095 0.766772963651138
0.297469530001377 0.792170844793548
0.28361049843419 0.798391026229561
0.38717373990533 0.751848130959462
0.27261153084525 0.803325058646075
0.326355990529923 0.779200333703788
0.269443143785917 0.804745742308779
0.272605946162565 0.80332756820834
0.336960103224485 0.774432742118888
0.265972249849113 0.806302689784886
0.292705484588431 0.794307565568233
0.275288539807776 0.802123674531356
0.265972249849113 0.806302689784886
0.266143548706652 0.806225913243431
0.269157721838212 0.80487409052358
0.283672247193512 0.798362609237614
0.301550875569856 0.790338598948685
0.286563554929097 0.797064955830013
0.265972249849113 0.806302689784886
0.358288964040013 0.764848656147259
0.325716833489785 0.779487378763506
0.292936702608262 0.79420367318908
0.273744704508806 0.802816688169631
0.270687963991562 0.804187597767493
0.273743888745802 0.802817054020882
0.265268859393379 0.806618213573862
0.291732691952241 0.79474561826024
0.279298115382943 0.800325468030145
0.331308410850267 0.77697515080405
0.272849711397318 0.803218283829968
0.270220605285844 0.80439721824691
0.27109016100982 0.80400764757939
0.274235331320164 0.802597258997411
0.269641562920783 0.804656627566668
0.364353968122237 0.762117078827877
0.38717373990533 0.751848130959462
0.301994016213715 0.790139968522032
0.269835440294646 0.804570438212935
0.29167245868491 0.794772905837677
0.32721310810771 0.778813789750308
0.266411010504165 0.806106323401344
0.271958497450569 0.803617574224882
0.272849711397318 0.803218283829968
0.276864048632939 0.801416788583034
0.267693516256543 0.805531084196108
0.363021120758202 0.762718089687938
0.268497399078941 0.805169821163525
0.28893335281849 0.796001670810975
0.267816283143943 0.80547552071177
0.266465841324423 0.806081739835035
0.289771934707792 0.795626196746317
0.272197994677416 0.803510203245851
0.276533611404125 0.801564972936146
0.265665621519147 0.806440674106413
0.324210051723919 0.780162196884549
0.266344904052171 0.806135965625144
0.296289776492145 0.792698519786907
0.272980655745394 0.803159430574743
0.274235331320164 0.802597258997411
0.269534748943961 0.804705591942743
0.326260840314085 0.779243727307272
0.265268859393379 0.806618213573862
0.364145192312531 0.762212288456172
0.295061230796475 0.793251010822558
0.271519021026199 0.803815123247615
0.265268859393379 0.806618213573862
0.289771934707792 0.795626196746317
0.287892079538598 0.796469343742971
0.389568967350338 0.750765753377906
0.265477022404574 0.806524834440696
0.271288095320801 0.803918693393354
0.296289776492145 0.792698519786907
0.265969250545683 0.806304484167777
0.271288095320801 0.803918693393354
0.265960977668848 0.806308097419521
0.266070817366219 0.806258468201538
0.28153595296498 0.799320321432421
0.267180685652993 0.805760601444384
0.390070954434847 0.750538957935918
0.272980655745394 0.803159430574743
0.390070954434847 0.750538957935918
0.264203863875242 0.807095929420732
0.267180685652993 0.805760601444384
0.30876436365036 0.787099562852329
0.296997642291671 0.792380848544618
0.268277159314469 0.80526920627709
0.26944010490538 0.804748004443533
0.390553529643978 0.750321496131093
0.265268859393379 0.806618213573862
0.269835440294646 0.804570438212935
0.390401242044642 0.750391011669471
0.390073520346069 0.750537802737697
0.271958497450569 0.803617574224882
0.269835440294646 0.804570438212935
0.274950030336088 0.802275266588505
0.271958497450569 0.803617574224882
0.270975920746901 0.804058524994055
0.295528410644496 0.793040152787722
0.267181420485194 0.80576027174997
0.288099193962899 0.796376725746301
0.26842725215365 0.805201977438112
0.269906797474912 0.804537731152917
0.327916824530582 0.778498233197332
0.340625545053755 0.772788474362798
0.265268859393379 0.806618213573862
0.390070954434847 0.750538957935918
0.26842725215365 0.805201977438112
0.264203863875242 0.807095929420732
0.269376606951883 0.80477640903121
0.266060863553241 0.806263321516071
0.264711574064521 0.806868197492812
0.303961265488369 0.789254831921824
0.273420033601765 0.802962131892662
0.296559943576414 0.792577405764817
0.327660575834835 0.778613542184339
0.274296205286706 0.802569170359487
0.293319536362229 0.79403218969076
0.264203863875242 0.807095929420732
0.288099238331188 0.796376705739377
0.290028439527611 0.79550984991941
0.265489311101558 0.806519411295863
0.263993166634232 0.807190444216787
0.295623955439729 0.792997248213131
0.271288233159784 0.803918265981102
0.265457360038266 0.806533733983617
0.265658663526915 0.806443596576021
0.382406466930921 0.753993308617723
0.311405224307748 0.785914798270035
0.266060863553241 0.806263321516071
0.30209274175905 0.79009552046392
0.295528410644496 0.793040152787722
0.267180685652993 0.805760601444384
0.30209274175905 0.79009552046392
0.296664263714954 0.792530184449524
0.370651905301077 0.759279222412378
0.272053090005853 0.803575216674147
0.269487625702937 0.804726619708283
0.288099193962899 0.796376725746301
0.266060863553241 0.806263321516071
0.323439960089522 0.780511544351201
0.30209274175905 0.79009552046392
0.263421481837296 0.807446885706072
0.301767512551909 0.790238772155193
0.267622203665129 0.805562870491341
0.266944240173425 0.805867070704495
0.284824913733847 0.79784550760124
0.272740475933988 0.803266700390379
0.301267478978414 0.790464497555379
0.306924337170421 0.787924031189886
0.271744178647068 0.803713362319554
0.272201924211368 0.803508229441107
0.266060863553241 0.806263321516071
0.307236938062996 0.787783684414095
0.270038513921246 0.804479129831733
0.27289229145933 0.803198573926931
0.271744178647068 0.803713362319554
0.26955059470972 0.804698292099241
0.30319158612967 0.789599365423956
0.28765124590489 0.796576136939751
0.303106716680032 0.789639191916152
0.268535336585853 0.805153241170731
0.272404031223557 0.803417611208367
0.278096605891404 0.800864109204942
0.268527856744304 0.805156596562107
0.298014039321038 0.791925232339946
0.270146609701536 0.804430636974889
0.295988550931557 0.792835428729747
0.267153855780366 0.805773235890998
0.264083549078211 0.807149894375049
0.278096605891404 0.800864109204942
0.30642826126429 0.788146837081507
0.301767512551909 0.790238772155193
0.266823918816005 0.805921226619395
0.301286054631529 0.790458800459486
0.275301446836105 0.80211751722309
0.269161444399392 0.804872283008611
0.295110897505275 0.793229832581133
0.282581325759849 0.798851775385423
0.307902351736292 0.787484892673298
0.295988550931557 0.792835428729747
0.380689920971722 0.754768671047884
0.268527856744304 0.805156596562107
0.267741642857285 0.805509607149615
0.263684328836002 0.807329167971057
0.269181432713985 0.804863266684551
0.307902351736292 0.787484892673298
0.282814037068817 0.798747817859535
0.275708416168995 0.80193660535398
0.301487295768754 0.790367240970403
0.299302262301813 0.791348148847606
0.277981730474732 0.800914944826351
0.276785955163782 0.801452072930217
0.30642826126429 0.788146837081507
0.2798404431398 0.800081184979943
0.264079713703261 0.807151614929808
0.313281272218389 0.785071773980829
0.281335690079776 0.799410605442522
0.274341348830937 0.802548253236297
0.28604358560473 0.797298282377247
0.263421481837296 0.807446885706072
0.269390558741915 0.804769796084489
0.264178091222546 0.80710748006833
0.278046327815531 0.800885974193146
0.275872651664857 0.801861358375349
0.272097847372143 0.803555523587294
0.275722004902077 0.80192921880169
0.264178091222546 0.80710748006833
0.318525226519585 0.782718758617331
0.310439047161399 0.786348044310583
0.280590276233864 0.799745297736548
0.274365770853016 0.802537296660761
0.32475173267089 0.779920029370403
0.272097847372143 0.803555523587294
0.263835308972482 0.807261248480433
0.277981730474732 0.800914944826351
0.263734216764523 0.807306601221342
0.305745736847739 0.788454758649325
0.263039651284147 0.807618333923975
0.280689828557667 0.799700628073645
0.278332746544557 0.8007578614476
0.292258420004432 0.79450947911181
0.26722796945895 0.805740047999234
0.266652125414318 0.805997964555911
0.325488851092509 0.779588994249689
0.264712392539813 0.806867786854093
0.270140646099865 0.804433312541315
0.313281272218389 0.785071773980829
0.28890658832471 0.796014152535505
0.2798404431398 0.800081184979943
0.318385778459627 0.782780063946142
0.274341348830937 0.802548253236297
0.395822802609669 0.747954836579884
0.275843789923785 0.801874331602652
0.263039651284147 0.807618333923975
0.266564475291981 0.80603728151871
0.275872651664857 0.801861358375349
0.277981730474732 0.800914944826351
0.264654059082406 0.806893954124937
0.295097571384896 0.793235385975754
0.273397169893016 0.802972555867566
0.294736640909754 0.793396629669159
0.273430449337086 0.802957140056486
0.291213312571318 0.794978685456564
0.276908542255805 0.801397356848227
0.3043269467398 0.789092313469321
0.297160974036521 0.792308522189739
0.328336952061261 0.778309447218381
0.262596713042675 0.807816936776788
0.269181432713985 0.804863266684551
0.283707978903785 0.798345909890383
0.266060863553241 0.806263321516071
0.262557317105596 0.807834608013313
0.262556164055348 0.807835091916283
0.262556164055348 0.807835091916283
0.262468469114307 0.807874426574497
0.339868707202987 0.773128468976876
0.295193139196806 0.793191752939753
0.276265275356499 0.801684927568926
0.270146609701536 0.804430636974889
0.273198625582143 0.803062076927708
0.26878156383852 0.805042692978001
0.27512106876756 0.802198471345108
0.271251029114676 0.803934847608043
0.287544770454295 0.796623896298697
0.334852297609915 0.775382503784248
0.278332746544557 0.8007578614476
0.330865114190386 0.777173893829896
0.331208446900969 0.77701651543342
0.294913775692094 0.793317934520657
0.291600788986825 0.794804665931909
0.261073154465312 0.808500340505746
0.337339676919735 0.774265525627773
0.287544770454295 0.796623896298697
0.26140791443577 0.808350176905668
0.297385121374614 0.792208645038969
0.297160974036521 0.792308522189739
0.261266043413104 0.808413822900229
0.26878156383852 0.805042692978001
0.328717954288964 0.778143227117863
0.292258420004432 0.79450947911181
0.266942488778967 0.805867854977853
0.266600562260373 0.806020951259982
0.277799780531712 0.800996951122261
0.265030210039234 0.80672542251843
0.260576521579963 0.808723105882793
0.261168802462466 0.808457457962439
0.265373762494961 0.806571318294825
0.263492169312881 0.807415288998111
0.27444696288865 0.802500850416926
0.273711022892253 0.802831624149533
0.285537989738835 0.797525817675688
0.264323336443776 0.80704256844421
0.26878156383852 0.805042692978001
0.271251029114676 0.803934847608043
0.291899897874768 0.794671219210505
0.268230454797017 0.805290009992375
0.301360310778199 0.790423146402648
0.272388348796176 0.803424676208471
0.263492169312881 0.807415288998111
0.269585769784277 0.804681840110932
0.27463502305574 0.802417294364096
0.27120113910703 0.803957173571448
0.30089675413193 0.790631943570012
0.273842037752642 0.802772988760362
0.265373762494961 0.806571318294825
0.268045666647048 0.805372755050359
0.271111088096937 0.803997573736149
0.264537892394315 0.806946164258812
0.261697063028207 0.808220515009624
0.278682643836713 0.80060188514917
0.262582770154649 0.807823193696778
0.265314439496789 0.806598156812604
0.270868133836484 0.804106498591375
0.297699911833686 0.792067378480911
0.288752531951142 0.796082291151589
0.277257415160713 0.801241691736729
0.371543981722837 0.758882703620497
0.270469437200345 0.804285626285287
0.269881958207716 0.804548913650871
0.269585769784277 0.804681840110932
0.268247802514595 0.805282069710934
0.260576521579963 0.808723105882793
0.30089675413193 0.790631943570012
0.279664617733557 0.80016106375957
0.263082295207977 0.807599134702889
0.273842037752642 0.802772988760362
0.272359033090068 0.803437402292106
0.260576521579963 0.808723105882793
0.277347645231127 0.801199866358691
0.262647877529257 0.807794088880679
0.320572690841674 0.781798594481016
0.274175059065269 0.802623281316228
0.264537892394315 0.806946164258812
0.267126813109367 0.805785133093029
0.274047331498621 0.802680592608658
0.262675996568841 0.807781475539999
0.300036767566012 0.79101652510286
0.264526908390283 0.80695112345107
0.291747496820027 0.794739686824016
0.26712041187768 0.805787853666756
0.260546152179171 0.808736727099535
0.331134634771921 0.777053584520407
0.263211320788968 0.807541212558652
0.278400713503533 0.800727381191144
0.296556654272962 0.792580832164114
0.263492169312881 0.807415288998111
0.266863242493654 0.805903276340556
0.294104588711072 0.793680952306085
0.273855371089211 0.802766132451357
0.26902213043653 0.804935262514351
0.278504066494024 0.800681474364247
0.272160699765064 0.803526733526515
0.266966463324657 0.805856910892288
0.278335532576775 0.800756630384207
0.271532987502179 0.803808739538495
0.297587711097144 0.792116336385688
0.300036767566012 0.79101652510286
0.266091673495667 0.806249647937937
0.298609548007943 0.791658294242299
0.298379999207683 0.791760753421214
0.266177801054553 0.806210635453511
0.271640554716122 0.803759795528347
0.266640867579753 0.806003209574746
0.288980826457455 0.795979931684151
0.271389181513859 0.803872719548158
0.260700022195472 0.808667729411677
0.259996980278133 0.808983046574642
0.262590541680274 0.807819804551582
0.264880525495965 0.806792739121414
0.290985341405356 0.795079850989325
0.272443614771 0.803399428414465
0.279972072841743 0.800022188247989
0.29428613539774 0.793599005541911
0.304541371083103 0.788994351080879
0.272443614771 0.803399428414465
0.261526653589792 0.808296964858207
0.277115364460066 0.801303354102093
0.294972260807211 0.793291557543557
0.264880525495965 0.806792739121414
0.266966463324657 0.805856910892288
0.263684826753476 0.807329071087026
0.262238555984402 0.807977693234432
0.260716440683707 0.808660384562964
0.279173498624612 0.800380014903416
0.263617925137374 0.807358949184065
0.263632941796987 0.807352260733694
0.269881958207716 0.804548913650871
0.270835719242302 0.804120942607199
0.263907834389679 0.807228873050206
0.271431486558453 0.803853745951006
0.29246018898885 0.794417755309276
0.289384845011286 0.79579942947965
0.322298853411598 0.781021520331824
0.268247802514595 0.805282069710934
0.311666244914949 0.785797416176305
0.267771618976901 0.805495745058509
0.263254771742376 0.807521890415152
0.28502882802811 0.79775303345642
0.262779357442867 0.807734978388485
0.271579283431834 0.803787610651787
0.271547725874936 0.803801584415945
0.385538943095835 0.752588400234604
0.266406642123689 0.806108180175876
0.28361147195452 0.798389296392336
0.2621933296414 0.807997973619578
0.270982859441041 0.804054932617704
0.270349760978236 0.804339953302343
0.282539507264174 0.798870104422783
0.29407335886714 0.793694458610493
0.275228192319711 0.802150952168962
0.294201321988159 0.793637066171288
0.267771618976901 0.805495745058509
0.283588985882593 0.798400647645634
0.261711613277127 0.808213924036015
0.280334031812124 0.799859784646357
0.28502882802811 0.79775303345642
0.273459116615262 0.802944239829716
0.341257834915703 0.77250610965473
0.289261947970485 0.795853830239615
0.289050392409975 0.795949327111848
0.283994146069878 0.798216830398836
0.265050187536549 0.806716598326112
0.259992507503038 0.808985052692964
0.274419441227777 0.802513804986944
0.302979389770382 0.789696256978144
0.297255201170379 0.792265988067279
0.279173498624612 0.800380014903416
0.279173498624612 0.800380014903416
0.388670109988059 0.751177668900154
0.271502620300904 0.803822013244873
0.263907834389679 0.807228873050206
0.288297699267325 0.7962871246969
0.388565925431425 0.751216453807406
0.270349760978236 0.804339953302343
0.260869315183393 0.80859181987768
0.320477627783389 0.781841263173516
0.276734608109476 0.801475218991399
0.262246878438754 0.807973985778945
0.267563017928398 0.805589472319614
0.268687496586889 0.805084802385475
0.279168989361156 0.800382035253217
0.289111639864248 0.795922075457929
0.279173498624612 0.800380014903416
0.3006798280215 0.790729099087431
0.303839495824861 0.789309758460134
0.314385582711946 0.784576038148359
0.276106975014716 0.801757154142145
0.341450009146066 0.772418599637172
0.303839495824861 0.789309758460134
0.275794028525391 0.801896933397705
0.328460897155308 0.778255445375642
0.266846452606577 0.805910933497734
0.274076791062664 0.802667834581761
0.260466370114763 0.80877251763657
0.283994146069878 0.798216830398836
0.267038571214751 0.805824543859426
0.259992507503038 0.808985052692964
0.322454153938741 0.780956031007606
0.273245784267088 0.803040116154492
0.271639993363164 0.803760381959299
0.351945626446799 0.767702377465273
0.278194755792687 0.800819566992995
0.259992507503038 0.808985052692964
0.269054405293141 0.804920800190874
0.289110553474944 0.795922547352541
0.276934418604695 0.801385654896286
0.263442683520216 0.8074374164041
0.293575732479973 0.793917827010027
0.276754856789756 0.801465704212114
0.296601412455353 0.792560013825321
0.329755495088677 0.777670686101296
0.26453485081809 0.806947547042004
0.264918794961021 0.80677526771887
0.266913809435443 0.805880695175336
0.334641223114264 0.775475384797719
0.259950948338146 0.809003691473967
0.27768544475965 0.801047795636883
0.261505808841198 0.808306290867109
0.297574647420895 0.792123091464373
0.322454153938741 0.780956031007606
0.265561306483599 0.806487252788321
0.329761983236669 0.777667769925578
0.264144830028062 0.807122672644473
0.299953306714424 0.791055668211444
0.2716645295677 0.80374927008644
0.259690014892416 0.809120736103967
0.26891477602158 0.804982868390395
0.269117137814938 0.804892238716245
0.265399844386554 0.806559865929531
0.265710905460773 0.806420130520207
0.292975716694571 0.794187098533565
0.261532206738149 0.808294415559215
0.278188396728856 0.800822420259267
0.276026275261084 0.801792714095626
0.277813711197613 0.80099027579332
0.269217147032449 0.804847382404335
0.270238667569498 0.804389288131968
0.261505808841198 0.808306290867109
0.310214264800168 0.786448702762683
0.267115553879132 0.805789874053013
0.285310748234732 0.797626274057852
0.266168245565155 0.806215020078933
0.276116513753505 0.801752726417222
0.26353942172193 0.807394042782434
0.281643352920132 0.799273013741593
0.306327246128937 0.788196945102678
0.2716645295677 0.80374927008644
0.306327246128937 0.788196945102678
0.271398172780473 0.803868764224336
0.269455164088374 0.804740466972211
0.267858924092767 0.805456493980208
0.292603725174271 0.794353995882002
0.261413175051563 0.808347790434574
0.274240879400831 0.802594093878703
0.274477490434719 0.802487741779859
0.269825768975882 0.804573900261594
0.275832907629946 0.801879677142864
0.265182482914989 0.806657169602686
0.287893217730842 0.796467885541436
0.315907659744253 0.78389180627892
0.278217540107471 0.800808966705304
0.263005314556844 0.80763362488118
0.344473957717163 0.771055823599297
0.377935350941437 0.756003353581522
0.273370757733469 0.80298420341213
0.261576994010679 0.808274434176502
0.267308503776112 0.805703253683276
0.287745293401735 0.796534270352899
0.262761806155569 0.807742851582251
0.270981936371714 0.804055315355919
0.259417647649843 0.809242915112017
0.277809106501543 0.800992344836456
0.27854258185374 0.800663221409237
0.281727389310712 0.79923444347091
0.268468213480658 0.805182881819199
0.276936701116416 0.801383652239442
0.268002168678077 0.80539227460221
0.26353942172193 0.807394042782434
0.2716645295677 0.80374927008644
0.267858924092767 0.805456493980208
0.259236048741009 0.809324360317378
0.923401435173118 0.178754868453703
0.910592832401842 0.19938288372838
0.907008009325311 0.205149200860487
0.914673078584545 0.192813764976255
0.923401435173118 0.178754868453703
0.905844007384283 0.207023616272561
0.923401435173118 0.178754868453703
0.914673078584545 0.192813764976255
0.907073759860758 0.205043334613099
0.923414817583104 0.178733310707569
0.923414817583104 0.178733310707569
0.923414817583104 0.178733310707569
0.913222173916127 0.195147923356361
0.915512106625956 0.191458987463487
0.923136452929862 0.179181804768561
0.920592898372435 0.183277472588451
0.907408301498619 0.204504809030349
0.923414817583104 0.178733310707569
0.923414817583104 0.178733310707569
0.922766694586463 0.179777141503022
0.876612216837555 0.254043724484063
0.876998709767097 0.253422374067881
0.923414817583104 0.178733310707569
0.29882162058586 0.791564524105167
0.29882162058586 0.791564524105167
0.923414817583104 0.178733310707569
0.922395838530024 0.180373725416099
0.913442057146021 0.194793811514938
0.923410318627913 0.178740558129006
0.924946673375999 0.176265938837536
0.301891086645753 0.790186716372419
0.915504320064214 0.191471527694524
0.905848304458285 0.207016696595324
0.922522716258465 0.180170195785677
0.902644400611219 0.212177145064394
0.924946673375999 0.176265938837536
0.909897874767362 0.200496318080881
0.915512106625956 0.191458987463487
0.924946673375999 0.176265938837536
0.922395838530024 0.180373725416099
0.921451707451344 0.181894035230333
0.905500609487642 0.207575222585648
0.924076511335064 0.177669035719886
0.925495618489034 0.175382911985906
0.919008023855666 0.185830415371679
0.921451707451344 0.181894035230333
0.919008023855666 0.185830415371679
0.922493278329597 0.180217613829539
0.922182231546342 0.180718095965465
0.925495618489034 0.175382911985906
0.918988197094647 0.185862354802149
0.927069842600969 0.172847188572075
0.916123321498516 0.190473816131109
0.919005012566049 0.185835261731231
0.927432943913473 0.172262293603595
0.924076511335064 0.177669035719886
0.916193058546848 0.190364814590407
0.91884508780469 0.186091565229759
0.910913617789555 0.198864552699732
0.912775114884886 0.195866457498259
0.917816768938841 0.187746578198807
0.919643120936819 0.184806760131092
0.915251077905081 0.191878207343202
0.910481235846935 0.199559759602814
0.924076511335064 0.177669035719886
0.922101121256117 0.180848402165798
0.927432943913473 0.172262293603595
0.919643120936819 0.184806760131092
0.912993930121204 0.195513075474884
0.87358972022952 0.258910806206123
0.925631651786872 0.175162561596039
0.925917877923937 0.174701789385646
0.927432943913473 0.172262293603595
0.909043405013793 0.201876586531204
0.922090452403477 0.180866118409594
0.927296476282752 0.17248212934012
0.922493278329597 0.180217613829539
0.925275987542859 0.175735168189557
0.926055873748134 0.174479473727908
0.309490304152743 0.786774015642564
0.922493278329597 0.180217613829539
0.913678730022605 0.194411033107379
0.926619333873299 0.173572828521814
0.927432943913473 0.172262293603595
0.907360618109501 0.204584764071144
0.867618263161222 0.268490972520909
0.913817321587466 0.194188037442089
0.867623016658347 0.268483387763778
0.910913617789555 0.198864552699732
0.923281244670807 0.178947737726659
0.913002588356529 0.195499135777107
0.926957264608984 0.173028443762384
0.868834261674326 0.266544085766418
0.912756171839837 0.195898188337287
0.92742756629191 0.172270955854608
0.896202722075503 0.222532844642884
0.913817321587466 0.194188037442089
0.912756171839837 0.195898188337287
0.917013423401378 0.189043569362529
0.917013426206327 0.189043564846881
0.927185006476422 0.17266170269744
0.870650276381056 0.263633655635628
0.922800810064309 0.179721410513264
0.927432943913473 0.172262293603595
0.927432943913473 0.172262293603595
0.896202722075503 0.222532844642884
0.919251329998352 0.185439098719197
0.918510034382972 0.186630258703162
0.925420248701856 0.175504487156145
0.914369690766059 0.193297860169271
0.922430180734667 0.180320321069628
0.908788283773404 0.202287144839148
0.90370512026082 0.210469811556678
0.907189075460218 0.204865615136506
0.926248570925804 0.174170005078853
0.867685312622449 0.268390924384437
0.302904629585203 0.78973067828432
0.923591015051961 0.17844889128091
0.291997377404541 0.794626058175483
0.90370512026082 0.210469811556678
0.912352191247764 0.196549098944146
0.302904629585203 0.78973067828432
0.922388896371519 0.180384826763466
0.927432943913473 0.172262293603595
0.923958716745307 0.177858468895843
0.90370512026082 0.210469811556678
0.92362357266707 0.178396268415718
0.907893844268279 0.203728212871516
0.927432943913473 0.172262293603595
0.925732792547379 0.175001016228021
0.916637305899373 0.18964631210497
0.923133082246853 0.179186363705585
0.908581706384145 0.202617710270835
0.927432943913473 0.172262293603595
0.907822060215623 0.203843743939696
0.906774000734383 0.205529197974359
0.922765533095569 0.17977839215391
0.307880891735576 0.787498503555396
0.927429466967809 0.172267894698663
0.90554883974 0.207499868498547
0.927432943913473 0.172262293603595
0.922373591705895 0.180411700411704
0.918510034382972 0.186630258703162
0.927106888353681 0.172787522974713
0.906774000734383 0.205529197974359
0.27874012898246 0.800576010023674
0.915542923146231 0.191409181200397
0.927432943913473 0.172262293603595
0.911158999942323 0.19846788484512
0.925820335716017 0.174860033719263
0.927106888353681 0.172787522974713
0.924148454753579 0.177552855667435
0.307880891735576 0.787498503555396
0.307880891735576 0.787498503555396
0.923804877440978 0.178106273759257
0.918601060600645 0.186483684222415
0.917013423401378 0.189043569362529
0.915542923146231 0.191409181200397
0.919361388420708 0.185259831709431
0.927432943913473 0.172262293603595
0.918057770120448 0.187359012112219
0.918059063082662 0.187357741456333
0.906774000734383 0.205529197974359
0.917997568133504 0.187458515383508
0.92721978558881 0.172605480318444
0.906774000734383 0.205529197974359
0.867339940773492 0.26894322183397
0.914761255191798 0.192669657907314
0.922930777197285 0.179512118682968
0.906774448515947 0.205528476925257
0.923293981277424 0.178927522179643
0.92525079498663 0.175775698782004
0.9273834439023 0.172342007804012
0.927432943913473 0.172262293603595
0.922373591705895 0.180411700411704
0.911569228395219 0.197809109968602
0.922913493792843 0.179539950685733
0.922446992827827 0.180293467845331
0.919361388420708 0.185259831709431
0.919361388420708 0.185259831709431
0.927697993960142 0.171835334238345
0.925991631889192 0.174583934864857
0.919361388420708 0.185259831709431
0.919361388420708 0.185259831709431
0.27800166658616 0.80090727532222
0.919361388420708 0.185259831709431
0.919701326863342 0.18471248883554
0.284255499985803 0.798100871963113
0.869988537139726 0.264689231044359
0.927732497912748 0.171779665072119
0.911569228395219 0.197809109968602
0.919703822299297 0.184708467622866
0.927694997286118 0.171840160265683
0.869937546390565 0.264771192218521
0.922373591705895 0.180411700411704
0.868941676980881 0.266372893715212
0.277195958548833 0.8012686790429
0.276265025199652 0.801685848761969
0.927732497912748 0.171779665072119
0.925514569079781 0.175352380386672
0.924540104988198 0.176921983072222
0.272027086195834 0.803586881600796
0.926041660918225 0.174503334139992
0.271896980501333 0.803645232970897
0.925567617557937 0.175267127647198
0.86920580585699 0.265948152883371
0.918616521698359 0.186462469009241
0.927732497912748 0.171779665072119
0.922373591705895 0.180411700411704
0.272024813994 0.803587998392999
0.299365668520931 0.791320774078767
0.927700313437612 0.171831597339581
0.284255499985803 0.798100871963113
0.325681768486842 0.779505687468989
0.269690616781286 0.804635755858173
0.26946678659292 0.804736117457233
0.271821032073026 0.803680364757327
0.265262655985697 0.806621405868084
0.265099291733191 0.806694682409859
0.333273705571607 0.776091957215258
0.266394166710997 0.806114049960036
0.264909722512269 0.806779722262535
0.264899396599706 0.806784353255871
0.266390343368304 0.806115764729613
0.264933714608227 0.806768962077132
0.274957819293295 0.802272246160338
0.264406953915147 0.807005196251232
0.267699246712064 0.805528322097331
0.275845064083777 0.80187429125922
0.266658768663325 0.805995138879856
0.264406953915147 0.807005196251232
0.271888338141908 0.803650157557771
0.264406953915147 0.807005196251232
0.265765632347273 0.806395824921169
0.264406953915147 0.807005196251232
0.265264879710659 0.80662032398848
0.275524505048634 0.802019338085245
0.273846837567001 0.802771808727058
0.265780540107977 0.806389149184952
0.266842786232318 0.805912500097401
0.264220710368079 0.807088720513969
0.273846837567001 0.802771808727058
0.264406953915147 0.807005196251232
0.264406953915147 0.807005196251232
0.265421276001277 0.806550222973397
0.279775736730409 0.800112362833543
0.34188911332018 0.772223570304707
0.264375696413655 0.807019165437113
0.297311360447189 0.792241835054149
0.273106686392532 0.803103163757091
0.265112406633954 0.806688896281296
0.265765632347273 0.806395824921169
0.26406237355603 0.807159760707465
0.264684732112232 0.806880656936709
0.278252786252162 0.800794705367584
0.262984278838321 0.807643194685701
0.267803306913904 0.8054819839022
0.26406237355603 0.807159760707465
0.263709574654633 0.807317876124894
0.270302357917433 0.80436153796681
0.270734378951681 0.804167726389638
0.266609114382847 0.806017419230974
0.276157855583182 0.801735243785245
0.314116614484129 0.784697077013172
0.269789576047208 0.804591254086769
0.261448562581526 0.808332056119965
0.272355486904804 0.803440258619473
0.263886042268323 0.807238675739951
0.271794032297625 0.803691999492651
0.263141828617812 0.807572523250757
0.266746116404249 0.805955862346389
0.262984278838321 0.807643194685701
0.274201806621061 0.802612230473292
0.268411332867251 0.805208627227366
0.265274701952626 0.806615808887632
0.261448562581526 0.808332056119965
0.264106859033674 0.807139754818595
0.301873272463829 0.790193197759738
0.326903202576107 0.7789511641442
0.26399457357695 0.807190194438671
0.264265726738574 0.807068505213621
0.264106859033674 0.807139754818595
0.390094663249477 0.750529086882674
0.262082017320134 0.808047948884602
0.267161954541499 0.805769565832363
0.275622230612038 0.801974760226486
0.265582522294931 0.806478104693718
0.263199009231432 0.807546875487883
0.261455069892453 0.808329134468839
0.262907230450299 0.807677748840213
0.269154280766222 0.804876122570564
0.265058907777292 0.806712759076582
0.261391188436956 0.808357787055525
0.265360640947935 0.806577439172394
0.261142056038917 0.808469463217848
0.264936589970666 0.806767437327539
0.263322622017376 0.807491442508603
0.264857725520015 0.806802852687297
0.267924998516652 0.805427502647242
0.261826362708042 0.808162572194835
0.271564608228986 0.803795018056333
0.263199009231432 0.807546875487883
0.265459104807035 0.806533305126297
0.282204842553187 0.799020901310775
0.275966516335995 0.801820731903259
0.265668089846211 0.806439579473569
0.261191218067552 0.808447413813251
0.276675015549767 0.801502280547539
0.268118657622745 0.805340206051456
0.264199539267549 0.807098146719365
0.264199539267549 0.807098146719365
0.265969935449161 0.806304349492062
0.264475959250803 0.806974217931819
0.312362116091287 0.785485906666594
0.273864600862441 0.802762292722327
0.275299376452881 0.802119755098195
0.261788022601306 0.808179735731006
0.271794032297625 0.803691999492651
0.269799439943365 0.804586681330798
0.265644745648011 0.806450147010153
0.272272945008985 0.803477247540354
0.261142056038917 0.808469463217848
0.264061873672749 0.807159890009258
0.303450132825371 0.789485830085994
0.269320218209513 0.804801296192859
0.261142056038917 0.808469463217848
0.265285116054568 0.806611291478624
0.261143136403562 0.808468977977463
0.261356595932664 0.808373239895661
0.275299376452881 0.802119755098195
0.267292363315019 0.805711273378586
0.267265054922994 0.805723219222686
0.262066085504544 0.80805509433855
0.265493745810724 0.806517729912102
0.266317002054501 0.806148701661204
0.26534747015373 0.806583322208117
0.265969935449161 0.806304349492062
0.264731462162333 0.806859407862215
0.265475594361265 0.806525879149104
0.262103577265262 0.808038279410681
0.264042742175726 0.807168466892855
0.262621985364057 0.807805772220766
0.264587900320422 0.806923867418991
0.301259454423286 0.790468233113074
0.273605355922734 0.802880109535817
0.299400151234861 0.791302842797057
0.267789381047558 0.805487840234993
0.261562136773619 0.808281051085114
0.282779775197098 0.798763100024901
0.266145210326632 0.806225508513985
0.265414711591663 0.806553111593136
0.267766827204118 0.805498265538835
0.264902266678844 0.806782873952647
0.271089329931292 0.804007901325812
0.29990021017277 0.791079317208737
0.262733777852921 0.807755638794212
0.261142056038917 0.808469463217848
0.261142056038917 0.808469463217848
0.264894839618921 0.806786204425226
0.26198711575025 0.808090510220923
0.261142056038917 0.808469463217848
0.265358566434432 0.806578106417319
0.274201806621061 0.802612230473292
0.26067965231717 0.808676853515537
0.282038324880565 0.799095076311595
0.268021136848263 0.805383808643336
0.263183540729759 0.807553743138492
0.270853818028723 0.80411384409077
0.261385254835523 0.80836036110736
0.273106686392532 0.803103163757091
0.26359051874705 0.80737129004984
0.311346795120826 0.785940883766093
0.288536191378039 0.796179826805768
0.265358566434432 0.806578106417319
0.270173248476672 0.804418214269775
0.29990021017277 0.791079317208737
0.321265775654703 0.781486742192582
0.299366948911099 0.791318663929926
0.26705144697292 0.805818977719323
0.263591529768858 0.807370836826888
0.296369602745912 0.792663737422072
0.2944025207114 0.793546411370998
0.266573339591975 0.806033400539955
0.26057426143577 0.808724122863226
0.265358566434432 0.806578106417319
0.266766311965048 0.805946828865954
0.26246989782645 0.807873844239342
0.270173248476672 0.804418214269775
0.265728194401542 0.806412402095005
0.261092777536333 0.808491540595665
0.268151504250615 0.805325269242212
0.291833684278547 0.794700457487979
0.292646619674496 0.794333897940136
0.34915145582746 0.768954636014953
0.283627767957508 0.798382532299139
0.301212629660032 0.790491228734925
0.264222649640181 0.80708775938649
0.260570931377789 0.808725616418843
0.260969038939593 0.808547051426774
0.26705144697292 0.805818977719323
0.267154553896227 0.805772583746036
0.260570931377789 0.808725616418843
0.284007386940661 0.798212014193669
0.2944025207114 0.793546411370998
0.2944025207114 0.793546411370998
0.26688655670384 0.805893213747965
0.301229203794952 0.790483761164473
0.262595680863049 0.807817575377019
0.302506447974249 0.789909627363155
0.272172687650061 0.803521146980482
0.264930220702562 0.80677033776023
0.263623592262772 0.807356425994643
0.266250704391163 0.806178450977197
0.267169075468146 0.805766069469447
0.266219772161462 0.80619216597667
0.26533240893806 0.806589952406766
0.283627767957508 0.798382532299139
0.282800154948716 0.79875395336572
0.267030529690154 0.8058283733241
0.260648702121321 0.808690735072614
0.266255275620061 0.806176251970775
0.264651401056251 0.806895489905327
0.297555158037451 0.792131878363502
0.261807888276477 0.80817087990478
0.267168598148095 0.805766284161793
0.274551628415941 0.802455069194325
0.264932087318122 0.806769599245738
0.329663853669805 0.777714974898733
0.270271289209859 0.804374557495776
0.269329335987374 0.804797275834186
0.261385254835523 0.80836036110736
0.261530289641825 0.80829531139951
0.263623592262772 0.807356425994643
0.274551628415941 0.802455069194325
0.321413568905585 0.781420638477926
0.262699780090031 0.80777076761956
0.274596648536 0.802433928859255
0.291253617936806 0.794961085881147
0.260724728182888 0.808656631752514
0.275362075936958 0.802091515947386
0.260570931377789 0.808725616418843
0.302271044461176 0.790014823030987
0.269543740172346 0.804701168129269
0.31351132835948 0.784969430706605
0.260570931377789 0.808725616418843
0.264097167671191 0.807144052047797
0.2606490617319 0.808690574728296
0.269543740172346 0.804701168129269
0.366325481186025 0.761227742363088
0.261972886992206 0.808096828935713
0.260570931377789 0.808725616418843
0.308229182343565 0.787339838166375
0.26144908641944 0.808331748782584
0.289848183536616 0.795591015336831
0.273245734394338 0.803040764923227
0.311347716218327 0.785939768282951
0.267528565950954 0.805604832715699
0.312831236281362 0.785274968873242
0.260570931377789 0.808725616418843
0.267168598148095 0.805766284161793
0.264808530074338 0.806824943588465
0.266772133835676 0.805944102062546
0.260481998684232 0.808765503698793
0.270044229025791 0.804476042835294
0.277030153683992 0.801343080029548
0.366325482443853 0.76122774184374
0.260655771429904 0.808687565648619
0.267709880286133 0.80552358113021
0.26173576791466 0.8082031646958
0.269281004986511 0.804818720528685
0.26618521026083 0.806207315667694
0.262781275397269 0.807734182522081
0.266595148916679 0.806023437284134
0.26173576791466 0.8082031646958
0.26579916399384 0.806380802849092
0.260478261400091 0.808767180059158
0.264097167671191 0.807144052047797
0.270183875439683 0.804413411850697
0.264097167671191 0.807144052047797
0.262764217506121 0.807741834234668
0.264342519241609 0.807033990785927
0.261971232175367 0.808097512111131
0.271444126802723 0.803848895992482
0.276797705542617 0.801446864728085
0.271444126802723 0.803848895992482
0.266772133835676 0.805944102062546
0.280148042572942 0.799943651497821
0.267367785189619 0.80567691533763
0.260478261400091 0.808767180059158
0.261821481329113 0.808164712833626
0.264097167671191 0.807144052047797
0.263779819334743 0.807286406233274
0.325716624383083 0.779487758302461
0.267225646494269 0.80574100912985
0.262446408277424 0.807884389694057
0.272435823014308 0.803404325647453
0.270510487561495 0.804267620120132
0.260655771429904 0.808687565648619
0.259813963919788 0.809065119738299
0.267029005415091 0.805829193655328
0.263779819334743 0.807286406233274
0.270370032751986 0.804329827947015
0.276739159869186 0.801473149498247
0.357893531273075 0.76502803334612
0.263779819334743 0.807286406233274
0.260250818294667 0.808869182511532
0.26579916399384 0.806380802849092
0.276797705542617 0.801446864728085
0.265123154550606 0.806683991360565
0.264810101639809 0.806824125129504
0.260933230244334 0.808563084284331
0.265696949628772 0.806426621552046
0.264814756971761 0.806822037480569
0.260252869046961 0.808868227168662
0.260250818294667 0.808869182511532
0.265754895077871 0.80640064580126
0.259813963919788 0.809065119738299
0.262243508812463 0.807975415014367
0.271210196773039 0.803953857601991
0.270023476524122 0.804485858580287
0.271539982007186 0.803804973173974
0.269122351693401 0.804890623582571
0.267747848868245 0.8055066543665
0.263795443626768 0.807279233585456
0.265255344773154 0.806624677153449
0.311218348782308 0.78599947624334
0.277050077160465 0.801334193430975
0.29041879318307 0.795335194009562
0.275029247970395 0.802241313952357
0.270683572771761 0.804189036102093
0.263834636344162 0.807261698793905
0.264660477981661 0.806891405366106
0.2632308076408 0.807532620099542
0.308890456593788 0.787044477672374
0.29041879318307 0.795335194009562
0.269254923009925 0.804830282947856
0.263266784574163 0.807516371558696
0.264393585523396 0.807010999681019
0.2599732794392 0.808993659572945
0.270375678583875 0.804327297001765
0.262794641097439 0.807728188651078
0.264480666588128 0.806971976571346
0.264444680840358 0.806988211909251
0.259993575985899 0.808984559410915
0.259813963919788 0.809065119738299
0.393704649336949 0.748910357519265
0.263737600498554 0.80730527977686
0.281382741984161 0.799389883275152
0.259819816214234 0.809062494929987
0.34008352773857 0.773033715643526
0.260028509639659 0.808968890999986
0.270873162935868 0.804104139338142
0.264482577716392 0.806971119351763
0.262781275397269 0.807734182522081
0.26579916399384 0.806380802849092
0.324293887436742 0.780126182510967
0.275192381742339 0.8021673271255
0.259813963919788 0.809065119738299
0.260933230244334 0.808563084284331
0.267488074054615 0.805623235052173
0.308890456593788 0.787044477672374
0.25941196207247 0.809245423994489
0.25987760533274 0.809036588276262
0.26579916399384 0.806380802849092
0.328130877215575 0.778404635337503
0.298663584867146 0.791634493971058
0.267970742787344 0.805406632025531
0.311822730071649 0.785725892528824
0.311822730071649 0.785725892528824
0.299947724910918 0.791057183573972
0.310796936661246 0.786186482898117
0.306325565312684 0.788197028045194
0.287742800974984 0.796536077424695
0.287709967207167 0.796550858020708
0.311823472555085 0.785725559191662
0.287742800974984 0.796536077424695
0.316582787767383 0.783588991753513
0.290806385821466 0.795160434486121
0.291890190871418 0.794676658560385
0.285483227166464 0.797549639192861
0.305915970237242 0.78837934064819
0.287742800974984 0.796536077424695
0.287742800974984 0.796536077424695
0.28830364881541 0.796284460076448
0.287742800974984 0.796536077424695
0.324269365829002 0.780137039506135
0.284087950687879 0.798175290626707
0.288357640499299 0.796259862634661
0.284087950687879 0.798175290626707
0.291987530032314 0.794630574347582
0.288357640499299 0.796259862634661
0.286082350092857 0.797280071045464
0.281864290767828 0.799173297102604
0.277122292425625 0.801301265206326
0.281936103516726 0.799141048882586
0.28462898279066 0.797932465222534
0.277348722929813 0.80119963345039
0.30762784906001 0.787611392518129
0.277122292425625 0.801301265206326
0.289544564248707 0.795726437874151
0.30303507533926 0.789672160001868
0.277348722929813 0.80119963345039
0.324269365829002 0.780137039506135
0.284141997964716 0.798151283664835
0.27648652108357 0.801586232890755
0.30303507533926 0.789672160001868
0.277348850642222 0.801199575597474
0.280001272465274 0.800008793756521
0.281719041727011 0.799238758955262
0.287110001480166 0.796818965800692
0.302189394836074 0.790053602103721
0.271702342886105 0.803732761251776
0.319208234767524 0.782408737793151
0.291114981850948 0.795022921760812
0.281279237650164 0.799436013677586
0.279999493978927 0.800009593600638
0.301824313177264 0.790215378181831
0.315165372938426 0.784225506343359
0.289556269922536 0.795721183313581
0.282194227980786 0.799024827239837
0.296386390485764 0.792656357412113
0.289544564248707 0.795726437874151
0.275929725846759 0.801836366339589
0.282994546600396 0.798666036363469
0.29332732508496 0.794030139808341
0.284087950687879 0.798175290626707
0.274384105413881 0.802529647461371
0.282196669219349 0.799023728549818
0.285468641249041 0.797555516845771
0.271702342886105 0.803732761251776
0.285468641249041 0.797555516845771
0.279999493978927 0.800009593600638
0.267955131780221 0.805413476948651
0.288088823898036 0.7963801170919
0.286210828874773 0.797223632829984
0.291114981850948 0.795022921760812
0.291114981850948 0.795022921760812
0.276309238916428 0.801665879582695
0.290659214899114 0.795225922281203
0.284141997964716 0.798151283664835
0.282306267534872 0.798974561574404
0.263784345801532 0.807284322367232
0.263784345801532 0.807284322367232
0.275496092216499 0.802030661813652
0.290453084062912 0.795320479450677
0.263774924191938 0.807288547825175
0.276971638558897 0.801368516782462
0.284579906884201 0.797955012597058
0.290453084062912 0.795320479450677
0.276713624372574 0.801484789255113
0.271123395218493 0.803992623088074
0.292521325324925 0.794392365814722
0.268717241721809 0.805071537092245
0.279999493978927 0.800009593600638
0.270013418144453 0.804490327057655
0.294827415312373 0.793354755029918
0.28463089091417 0.797931493988746
0.276215507024919 0.801707972822053
0.276440729726914 0.80160704720892
0.273284919503049 0.803023204468702
0.341966421463069 0.772186849674082
0.271631036094223 0.803764419627222
0.278228549511186 0.800805385163417
0.268659710153197 0.80509735585647
0.26779440660636 0.805485580751653
0.286276957492969 0.797193886733002
0.294827415312373 0.793354755029918
0.279999493978927 0.800009593600638
0.280998493256236 0.799561702030084
0.330336020276738 0.777411025495986
0.276196963760036 0.801716476914067
0.302229303168972 0.790034318578539
0.311018350467331 0.786088057224001
0.294827415312373 0.793354755029918
0.286082350092857 0.797280071045464
0.276196963760036 0.801716476914067
0.274396108496233 0.8025243799988
0.320832325103395 0.781682446596774
0.267164118941865 0.805768598137446
0.281643381559713 0.799272790576074
0.263774924191938 0.807288547825175
0.320821379863748 0.781684129484358
0.274245538971169 0.802591519780391
0.360302855926764 0.763943176475996
0.28708028594647 0.796832240503815
0.268476278140082 0.80518018385692
0.266588812706951 0.80602626342864
0.265996283493374 0.806292060942258
0.271569630702599 0.803791961660126
0.279163862981109 0.800385178770764
0.267996328269811 0.805394982284305
0.266843116998464 0.805912459670625
0.350686243666874 0.768266474382358
0.267688010387854 0.805533237818543
0.360302855926764 0.763943176475996
0.302229303168972 0.790034318578539
0.382975483604899 0.753740017562539
0.302128986783055 0.790079618194111
0.263466146428448 0.807427040509411
0.283564608472732 0.798410493213004
0.304180444856663 0.789157251193919
0.268830713683705 0.805020992884822
0.285746599768059 0.797430703628648
0.382975483604899 0.753740017562539
0.284306952341815 0.798077506405025
0.263466985482602 0.807426664177615
0.299646238112981 0.791193998819479
0.272099389758426 0.803554386542518
0.32007709108916 0.782020561718454
0.301036181077313 0.790570068225202
0.265716654243729 0.806417445662994
0.275428730576242 0.802060824498178
0.270555708042783 0.804246971029443
0.352559190563073 0.767424091032703
0.27002482466061 0.80448521365492
0.268441172462063 0.80519589234343
0.310859044248039 0.786159388328706
0.278495160683269 0.800684966983836
0.290532754396799 0.795284291518046
0.287456284780469 0.796663480568755
0.307949792888773 0.78746505988615
0.325011410696275 0.779804272825887
0.311197764701187 0.786007017673496
0.267719302027332 0.805519167924562
0.275538134592531 0.802011527569741
0.334215992194175 0.775667201309816
0.275676692587245 0.801949319858655
0.299289558446852 0.791353802222617
0.290422601613354 0.79533232914724
0.264939951868141 0.806766095358942
0.271570635592224 0.803791510939556
0.333438305952345 0.776019065294722
0.31424386468255 0.784639909145076
0.291085816228704 0.795034949761984
0.283293473619164 0.798532016384685
0.265591443088468 0.806473606995118
0.277068538587179 0.80132555638369
0.298010804906662 0.791926690805969
0.264739331910279 0.80685599316887
0.275998228454672 0.801805980845373
0.282766964817836 0.798768163791324
0.29024162345238 0.79541452125103
0.271569630702599 0.803791961660126
0.271569630702599 0.803791961660126
0.310952766954912 0.786117269831135
0.318909599664599 0.782544668429256
0.291134423007055 0.795013021846505
0.26809632874916 0.805350571804173
0.378865349788287 0.755590741252859
0.28782170351958 0.796499449688772
0.276895144429057 0.801402522262917
0.290560337853586 0.795270775369559
0.263461110974615 0.807429298705855
0.276802310649144 0.80144442452784
0.282766964817836 0.798768163791324
0.311474716850766 0.785885014340112
0.358222906890921 0.76487760629519
0.282913688890257 0.798702628007948
0.283565759794923 0.798410370576975
0.263327050802514 0.807489415084294
0.321225589701679 0.781504084984989
0.273742796045684 0.802817171296559
0.263847828001724 0.807255806354438
0.263638359159692 0.807349788413974
0.275998228454672 0.801805980845373
0.263351506007324 0.807478445318018
0.306282592306255 0.78821425122195
0.263847828001724 0.807255806354438
0.287050649310345 0.796845809017522
0.310226138077923 0.786443613356322
0.316469964187873 0.783640000289301
0.311474716850766 0.785885014340112
0.346949050050478 0.769947103026533
0.276543323929827 0.801560423908019
0.286131622948139 0.797259311671389
0.285204814336803 0.797675662770861
0.28708028594647 0.796832240503815
0.263609904550159 0.807362535098774
0.325413286822954 0.779622447930423
0.270098244260805 0.80445213004744
0.385394703173038 0.752647397505036
0.346388798266006 0.770199266205376
0.263847828001724 0.807255806354438
0.287886357730198 0.796470204885505
0.286131622948139 0.797259311671389
0.262480999339322 0.807868887294071
0.319801499642644 0.782144557181232
0.284306952341815 0.798077506405025
0.266843116998464 0.805912459670625
0.262988277412229 0.807641364562613
0.270717440656053 0.804175035443824
0.270513464514675 0.804266415903482
0.360460576559437 0.763871335150063
0.276368977526824 0.80163900503812
0.294036207608147 0.793709852043517
0.375586092489659 0.75706508570765
0.265254442362142 0.806625145630494
0.289489077168116 0.795752330164579
0.320279459266317 0.781929962214444
0.328440627816895 0.778263064792982
0.274166977877796 0.802626907960933
0.303462756441432 0.789478358292429
0.263847828001724 0.807255806354438
0.313445322559935 0.784998582038983
0.262392183007872 0.807908724477791
0.316473243045625 0.783639809420189
0.269525975526944 0.80470873868156
0.27551540805176 0.802022000023315
0.264191858750231 0.807101533347152
0.298417501898889 0.791743502429274
0.313445322559935 0.784998582038983
0.262920357302212 0.80767183217889
0.30431493512569 0.789100215996094
0.32836363041758 0.778297111969152
0.282076694487176 0.799077490472888
0.267634632540073 0.805557251423841
0.271405196007318 0.803865423130027
0.268855192972207 0.805010186551005
0.27368905387796 0.802841328456933
0.292777922447612 0.794274595273902
0.32836363041758 0.778297111969152
0.284306952341815 0.798077506405025
0.334005560896762 0.775764591175401
0.284800818649562 0.797855493592913
0.287886357730198 0.796470204885505
0.278860513909593 0.800523558595343
0.313445322559935 0.784998582038983
0.283377395547538 0.798494706259923
0.273742796045684 0.802817171296559
0.270098244260805 0.80445213004744
0.312334346732427 0.785498010051792
0.296912860951305 0.792418880000001
0.345175208652235 0.770740422470972
0.319092366994694 0.782462246287535
0.262392183007872 0.807908724477791
0.298417501898889 0.791743502429274
0.348599250264329 0.769198872222309
0.265282797968742 0.806612450425597
0.264375775692274 0.807019030843078
0.273742796045684 0.802817171296559
0.262927550031003 0.807668605819024
0.335816224304531 0.774949176337449
0.273702690267931 0.802834929531323
0.27886820894034 0.800517754291526
0.354398777327177 0.766591441457469
0.262392183007872 0.807908724477791
0.27886820894034 0.800517754291526
0.265282797968742 0.806612450425597
0.295918984350346 0.792865789720917
0.354738863264657 0.766438467537985
0.359493696858318 0.764301006714893
0.306919298335019 0.787927362076412
0.29689725817384 0.792425887181183
0.293890613631882 0.793775214930085
0.268584239480034 0.805131596801243
0.267634632540073 0.805557251423841
0.290769838714389 0.795177163066946
0.263824553959467 0.807266254351175
0.274584253261663 0.80243955190651
0.265282797968742 0.806612450425597
0.293264369103224 0.794057449551105
0.375222105564067 0.757229269218866
0.314301132933714 0.784615297866002
0.276543323929827 0.801560423908019
0.339956153995358 0.773089468737684
0.266822429415867 0.805921509329945
0.265133977934665 0.806679231365204
0.266903757402934 0.805885361576079
0.293679343780007 0.793870050176224
0.271329267560235 0.803899711904716
0.273642822332925 0.802861935918339
0.274698672255036 0.802388311459398
0.312334346732427 0.785498010051792
0.269190653978316 0.804859114717034
0.298326428953071 0.791784524949013
0.264149179480016 0.807120670563458
0.29874969012458 0.791594624480521
0.270087541855276 0.804456931851952
0.282575497027825 0.798854703924366
0.28171730061396 0.799239664642079
0.274698672255036 0.802388311459398
0.269716093090677 0.804623531360374
0.276546852981608 0.801558855704191
0.281991538232145 0.799116550276245
0.283574955934801 0.798405747001182
0.295356641953877 0.793118053311892
0.334845587825845 0.775385408114497
0.307380325744928 0.787720371480106
0.37331431430382 0.758088638499669
0.344432851366626 0.771074095654729
0.267634632540073 0.805557251423841
0.281187306109844 0.799477506236007
0.317005352070008 0.783400765648601
0.276543323929827 0.801560423908019
0.284766332702783 0.79787134538601
0.396390695530297 0.74769396356935
0.274005484459883 0.802699415926527
0.370204024694112 0.759485859967755
0.32950101822843 0.777789160199446
0.375586092489659 0.75706508570765
0.277105628287204 0.801308059861701
0.315996129716226 0.78385364713745
0.308727785171039 0.787116024621018
0.298943299437994 0.791507145906995
0.26413304582348 0.807127906511136
0.274992504752934 0.802256545872144
0.274005484459883 0.802699415926527
0.278795678820254 0.800550140100424
0.262392183007872 0.807908724477791
0.283484962538209 0.798446132891942
0.267634632540073 0.805557251423841
0.330629601447982 0.77728085940955
0.277719142019764 0.801032825890173
0.283481905781276 0.798447505472611
0.348320961447379 0.769331541783604
0.269622386460347 0.804665585028525
0.345611273749041 0.770543167692302
0.281449165049355 0.799359878575341
0.349186541838577 0.768940924658796
0.262392183007872 0.807908724477791
0.296511956103604 0.792598928657501
0.330988905762536 0.777118105459881
0.283504487452579 0.798437517757175
0.280124931173087 0.799953697150903
0.262937577333863 0.807664109525089
0.343680626556477 0.771411110960654
0.290769838714389 0.795177163066946
0.270098243050281 0.804452130590561
0.371337572407484 0.758977450711229
0.344894893440105 0.770866896112223
0.26990237703944 0.804540003022512
0.295359198517854 0.793116905534851
0.322491822589502 0.780935933058215
0.286052556443894 0.797294091955434
0.318023674116988 0.782939115036598
0.265010144350114 0.806734464069042
0.349186541838577 0.768940924658796
0.268327880807265 0.805246451273401
0.319612512521653 0.782225423336418
0.274282964030343 0.802575226071115
0.31149840463099 0.78587322176688
0.267634632540073 0.805557251423841
0.264172021034345 0.807110423872294
0.349186541838577 0.768940924658796
0.296912860951305 0.792418880000001
0.262392183007872 0.807908724477791
0.270094728417752 0.804453706167841
0.283213615267657 0.798567918644951
0.298326428953071 0.791784524949013
0.274728933973355 0.802375139453713
0.379123999394602 0.755476247794794
0.318203091778283 0.78285831477079
0.290769838714389 0.795177163066946
0.278255009480859 0.800792417378098
0.296912860951305 0.792418880000001
0.317008645406562 0.783396927437479
0.374351241077739 0.757622505013558
0.323302028668878 0.780571032849464
0.279043727887308 0.800439635150019
0.316926332183645 0.783433857713282
0.262392183007872 0.807908724477791
0.268560347056522 0.805141961696145
0.317008645406562 0.783396927437479
0.292221398064198 0.794524617584201
0.267356817293442 0.805681848318903
0.313802711545131 0.784834946944174
0.269622557629515 0.80466557859168
0.269073899924888 0.804911399662365
0.302080856868368 0.790098716585874
0.284550364167701 0.797968009772256
0.266786514412949 0.805937604633908
0.319758846251058 0.782159705566548
0.262177790780016 0.808004891190298
0.326144535830455 0.779293929168908
0.269829789379097 0.804572539090601
0.266786514412949 0.805937604633908
0.290965036532247 0.795088464815979
0.340740279987652 0.772739570825747
0.314315310218806 0.784604746433996
0.26497898675349 0.806748497407817
0.34138629062929 0.772445985497915
0.270098244260805 0.80445213004744
0.27478734738765 0.802348846411316
0.337282922890231 0.774291657834207
0.34138629062929 0.772445985497915
0.341389398829603 0.77244479213582
0.290965036532247 0.795088464815979
0.275817746641131 0.801886831944592
0.314431867411904 0.784554325891702
0.264149179480016 0.807120670563458
0.276452615193391 0.801601675886811
0.272064459475745 0.803570015792742
0.292614512144122 0.794349996780363
0.267677949057352 0.805537821949494
0.277201338048182 0.801266872492375
0.324220611146301 0.780160871970569
0.314431867411904 0.784554325891702
0.290618605687155 0.795244667715843
0.311933762858961 0.785674805542853
0.265010144350114 0.806734464069042
0.274282964030343 0.802575226071115
0.303053153475591 0.789663776029092
0.296912860951305 0.792418880000001
0.305133597079213 0.788729704518539
0.297090548695343 0.792339330015828
0.273794420538181 0.802794279892089
0.266319442949025 0.806147114131956
0.265010144350114 0.806734464069042
0.273984465746946 0.802708628726127
0.271351650678697 0.803889823850305
0.312018943849681 0.785637831168921
0.340348767325162 0.772916399141398
0.327905566398819 0.778500073081992
0.283213615267657 0.798567918644951
0.278967139989228 0.800472997253078
0.264307230110254 0.807049781886943
0.315086594951753 0.78425823360464
0.375051972492499 0.757300970718616
0.269494502771179 0.804722690135722
0.319612512521653 0.782225423336418
0.265826641087695 0.80636810408286
0.283326807155461 0.798517161431682
0.297072416582505 0.792347435342057
0.279123440931571 0.80040286407467
0.302652315093694 0.789842897141547
0.285399974284912 0.797587377475186
0.268487950685984 0.805174417439007
0.276441799077086 0.801606680755561
0.290246804970076 0.795411543497103
0.317097818155858 0.78335677126623
0.269624151662623 0.804664550162887
0.309475048607527 0.786778861812692
0.309473669454502 0.786782540303353
0.266786514412949 0.805937604633908
0.317411609654096 0.783217080972994
0.277398484637268 0.801176964290089
0.27548147590211 0.802036706512784
0.271351650678697 0.803889823850305
0.264198123902572 0.807098848788631
0.270952955300258 0.804068706339991
0.278927522926568 0.800490717598361
0.262177790780016 0.808004891190298
0.277398484637268 0.801176964290089
0.307133049009664 0.787830936759543
0.283213615267657 0.798567918644951
0.316069841441425 0.783819876563294
0.27202594167038 0.803587316053759
0.262172248638805 0.808007376426075
0.272599285903434 0.803329928479733
0.263849113888493 0.8072552664051
0.300014510020142 0.791027472814083
0.299221851912017 0.791382928138643
0.277919332653676 0.800943158933644
0.266117039595234 0.806237873915746
0.265826641087695 0.80636810408286
0.262172248638805 0.808007376426075
0.384485509662761 0.753054513873373
0.268487950685984 0.805174417439007
0.263238744785482 0.807529024497869
0.26966339609907 0.804647206665234
0.334290324041541 0.775630946577011
0.262172248638805 0.808007376426075
0.34580670093406 0.770458213952753
0.277324797079262 0.801209946303503
0.27202594167038 0.803587316053759
0.262962540530605 0.807652969762492
0.275259854278375 0.802136436539252
0.262172248638805 0.808007376426075
0.266705083431761 0.805974287281098
0.343914695938894 0.771311206874533
0.271917084302193 0.803636147050895
0.277524558698081 0.801121116019807
0.266705083431761 0.805974287281098
0.26966339609907 0.804647206665234
0.270516008235172 0.804264721134222
0.296751707539439 0.792491334660594
0.278377717800615 0.800737409228575
0.262118433026865 0.808031511804123
0.269422035485874 0.804755164412431
0.281030884016555 0.799547749540498
0.271873304585088 0.803655782782156
0.270879107980853 0.80410179220552
0.307006979594815 0.787889088215125
0.307133049009664 0.787830936759543
0.296823129789791 0.792459261697537
0.352821117686885 0.767303895435594
0.262118433026865 0.808031511804123
0.308308176794877 0.787305021815224
0.263210933945606 0.807541410545491
0.262118433026865 0.808031511804123
0.277492565623673 0.801134571224652
0.274380071045222 0.802530832596408
0.289836121767108 0.795596026707491
0.26918080559752 0.8048643281357
0.262059464846593 0.808057898649824
0.317573726078534 0.783144300716807
0.30500136697294 0.788788515511481
0.277948408148341 0.800930254027536
0.295164685959313 0.793204209057328
0.268511088974364 0.805163865484694
0.266366034397558 0.806126261087169
0.291044561385276 0.795054151681156
0.283336081141379 0.798513366670182
0.266705083431761 0.805974287281098
0.272599285903434 0.803329928479733
0.269467976551443 0.804734520062197
0.325825195912401 0.779439035128526
0.268304180676656 0.805256648681524
0.264476852159197 0.806973707006523
0.278763283163116 0.800564748958201
0.266504202277354 0.806064260959709
0.370501239671569 0.759353404406243
0.272731081102233 0.803270821008593
0.263658547037331 0.807340645216545
0.384485509662761 0.753054513873373
0.263801720048709 0.80727644374115
0.299426780926306 0.791292273722945
0.268175218549617 0.805314518700276
0.348416599864838 0.769286254225352
0.352449464146261 0.767474189052795
0.370622010574342 0.7592970005221
0.270155593862562 0.804426075302037
0.27548147590211 0.802036706512784
0.270940480514938 0.80407396391363
0.355928456378693 0.765907222436203
0.276550175552615 0.801558794762157
0.264389234124499 0.807012973047996
0.266366034397558 0.806126261087169
0.271356148392222 0.803888465602041
0.271278947785881 0.803922580154391
0.387435613494124 0.75172721710801
0.384838215335465 0.752894217625467
0.360651319456742 0.763781918002278
0.392768533760068 0.749320411482768
0.384838215335465 0.752894217625467
0.356054414871579 0.765850954763717
0.391146336585891 0.750058868319905
0.396869622349291 0.747471041589361
0.396869622349291 0.747471041589361
0.280484772509814 0.799793568783338
0.272965125687566 0.803166916851403
0.263430771143653 0.807442953272209
0.263430771143653 0.807442953272209
0.272965125687566 0.803166916851403
0.278364351445231 0.800744646666047
0.263430771143653 0.807442953272209
0.263430771143653 0.807442953272209
0.26778895949698 0.805488373126033
0.269197014336276 0.804856546992149
0.263430771143653 0.807442953272209
0.263430771143653 0.807442953272209
0.263430771143653 0.807442953272209
0.269104549089932 0.80489855177242
0.26778895949698 0.805488373126033
0.267832492564863 0.805469015709026
0.278673487859916 0.800605137860307
0.267801067815642 0.805482943553629
0.265315409988879 0.806597777086809
0.278147766881361 0.80084139440532
0.276817351150323 0.801438536884526
0.263193477013864 0.807549385405409
0.262663087363489 0.807787285499521
0.276498463347582 0.801580867219481
0.262663087363489 0.807787285499521
0.268082183809632 0.805356869642154
0.269605743522548 0.804673206150306
0.262663087363489 0.807787285499521
0.273966812615161 0.802716785366352
0.266958312676145 0.805860948343994
0.262125898650127 0.808028203831767
0.267754150587569 0.805504051677482
0.268119369754942 0.805340198848719
0.262320001969146 0.80794114578825
0.271635045485147 0.803763306427067
0.266583163719868 0.806028966090721
0.278675653809786 0.800604781117313
0.283174778910904 0.798586071525315
0.261862617481608 0.80814628925581
0.265876479483955 0.806346106956948
0.295612928663865 0.793003201516386
0.293206234310681 0.794083645660478
0.350238327075169 0.768470370774806
0.265315409988879 0.806597777086809
0.263407746393608 0.807453195830556
0.281346535171855 0.79940646051685
0.268624697311873 0.805113637186934
0.261920752701094 0.808120214026084
0.263430771143653 0.807442953272209
0.271622157758547 0.803768874437773
0.27979056395608 0.800103912078686
0.271045101277711 0.804027648362294
0.271188694220571 0.803963515712294
0.261862617481608 0.80814628925581
0.27988771686945 0.800060492791215
0.270435266582419 0.804301373270671
0.277201688725204 0.801265036345128
0.265424265339134 0.806548961101607
0.265788080562605 0.806385823103912
0.267575524299786 0.80558401999762
0.278406770756767 0.800725123424014
0.278521954686005 0.800673506460208
0.273652613478418 0.802858030761846
0.268624697311873 0.805113637186934
0.26556840893045 0.806484155888435
0.261287419373865 0.808404256892284
0.282590480393702 0.798847822822006
0.264016351493852 0.807180300673817
0.261362616442829 0.808370525320627
0.264806747668569 0.806825851284661
0.261559419800918 0.808282260111027
0.272767767530024 0.803254985223026
0.307046423123029 0.787872625806053
0.278460544069701 0.80070100821824
0.270092010753288 0.804455284846302
0.266958328476852 0.805860941258536
0.262199197514474 0.80799532967222
0.263432348223844 0.807442247568966
0.270919188041803 0.804084418804335
0.264296401122349 0.807054511982731
0.262199197514474 0.80799532967222
0.28171046744598 0.79924226914165
0.345891828965549 0.770427052321563
0.273322567823796 0.803006147833459
0.260697099098865 0.808669064907291
0.267941324233062 0.805419929592547
0.27198396001726 0.803606061725547
0.261287419373865 0.808404256892284
0.279644949763024 0.800169616365897
0.263432348223844 0.807442247568966
0.29351745955337 0.793943687107968
0.260696536523224 0.808669317292468
0.261287934499847 0.808404025922649
0.295605809410118 0.793006346820794
0.265294487663825 0.806607133976401
0.280113575106573 0.799960489487405
0.290652479124593 0.795229719253776
0.263142564833851 0.807572241699602
0.266407734533962 0.806107805398899
0.269309407570884 0.804806179000593
0.269994551039465 0.804499295322556
0.276663381256405 0.801507062840392
0.278585147587488 0.80064543899877
0.267939071170256 0.805420668010485
0.260696536523224 0.808669317292468
0.267505991709867 0.805614645356957
0.263142564833851 0.807572241699602
0.261506662524799 0.808305939434075
0.310943290719578 0.78612126933546
0.264869097899494 0.80679790253042
0.263189857053308 0.807551129047191
0.264851672680327 0.806805683203468
0.277589682621596 0.801092047717868
0.268094614063995 0.805350951307085
0.260696536523224 0.808669317292468
0.264972296391282 0.806751640133804
0.269131820674735 0.804886134811311
0.28690543156039 0.796910900438745
0.260696536523224 0.808669317292468
0.260696536523224 0.808669317292468
0.265550516813223 0.80649212651943
0.264491252323473 0.806967389749061
0.260696536523224 0.808669317292468
0.271887800630039 0.803650184289359
0.29419483930391 0.79364039919073
0.273179092258847 0.803070697174447
0.265465613775361 0.80653038081192
0.268096705963971 0.805350005870349
0.295423731112231 0.793087252579121
0.310943290719578 0.78612126933546
0.277589682621596 0.801092047717868
0.261362325346032 0.808370696770302
0.266325047818471 0.806144683328653
0.263733591453471 0.807307188130062
0.279240636279384 0.80035065034112
0.264743259785826 0.80685437100865
0.272818720704403 0.80323195754194
0.271887800630039 0.803650184289359
0.293653578086473 0.793882613367721
0.310531361712132 0.786307256671828
0.350419603707668 0.768390072429472
0.266407734533962 0.806107805398899
0.275152626167979 0.802184521395838
0.284565224636165 0.797961090305281
0.268443153916403 0.805195045620412
0.281758395367103 0.799221716104072
0.260649303473029 0.808690504426902
0.284565224636165 0.797961090305281
0.270881231084031 0.804101241968683
0.308407239681421 0.787260587918775
0.28690543156039 0.796910900438745
0.289436605902081 0.795774763454242
0.260649303473029 0.808690504426902
0.274707550178566 0.802384461381507
0.269133985895753 0.804884692942963
0.303131704557821 0.78962671538525
0.263733591453471 0.807307188130062
0.290397634093709 0.795342822080957
0.292587094451048 0.794360717677005
0.262191764215949 0.807998711049889
0.269091113153706 0.804903959004225
0.294031820975882 0.793712697459497
0.279508421108879 0.800230258632196
0.278433001128294 0.800713547085665
0.274707550178566 0.802384461381507
0.269299033503304 0.804811204360023
0.263733591453471 0.807307188130062
0.272961973154883 0.803167720269885
0.310531361712132 0.786307256671828
0.295423731112231 0.793087252579121
0.337246537677099 0.77430779200909
0.270931827308418 0.804078733963462
0.260646435775091 0.808691789009673
0.295502207791684 0.793052104518294
0.269580217153812 0.804684611880047
0.290394947902707 0.795344028019275
0.272004883720249 0.803597225914067
0.28970586421906 0.795653912615739
0.277009640953193 0.801351120623651
0.294160766078533 0.793654936466345
0.26066187726608 0.808684860854553
0.261945130602439 0.808109361799433
0.28568377219606 0.797458871680363
0.277009640953193 0.801351120623651
0.26642096003738 0.806101873807962
0.308517540365317 0.787211064735115
0.266877161170386 0.805897276334025
0.282183308475597 0.799030005523587
0.292820769696366 0.794256276749763
0.262567811333602 0.807830104087855
0.260646435775091 0.808691789009673
0.27102109049442 0.80403836228695
0.262567644186535 0.80783017905019
0.273064077353202 0.803121417197111
0.263109481966801 0.807587093820699
0.27686700101073 0.801416022075352
0.293246304152063 0.794065290477266
0.262615175198773 0.807808822186275
0.27676335990141 0.801462339490978
0.263792591385723 0.807280660377473
0.26285891577372 0.807699356733845
0.276098700722493 0.801759887548894
0.292790611250124 0.79426981041518
0.266407734533962 0.806107805398899
0.269984198567114 0.804504107521629
0.284851140095781 0.797832853120842
0.27102109049442 0.80403836228695
0.292240793072143 0.794517306913952
0.260752785029595 0.808644091281402
0.322946736166841 0.78073095868058
0.281667597618709 0.799261986937157
0.25954532764411 0.809185637749484
0.299472855878119 0.791269440397604
0.293612122198159 0.793901797859948
0.284116678932841 0.798162879228817
0.266292429971504 0.806159261877738
0.28503345125091 0.797751878351656
0.280751190675917 0.799672291777277
0.264293955490147 0.807055804662558
0.273064077353202 0.803121417197111
0.294031820975882 0.793712697459497
0.281372066926409 0.799394776613983
0.264293955490147 0.807055804662558
0.293037155649735 0.794158715153644
0.261966325406671 0.80809980795629
0.269595096595124 0.804678316906769
0.293087310866034 0.794136219763333
0.283339323690099 0.798511884196468
0.271632401978251 0.803763728040897
0.273022982270615 0.803140105168125
0.294246374900675 0.793616681595478
0.274030786640219 0.802687783752958
0.273276066735421 0.803026467020635
0.271884497966392 0.803650328533445
0.269153019344047 0.8048762189042
0.269299033503304 0.804811204360023
0.262567644186535 0.80783017905019
0.272972586080509 0.803162545248808
0.295502207791684 0.793052104518294
0.293012191777686 0.794171158930832
0.274158495047467 0.802630733331578
0.318536773462549 0.782713417249791
0.281480247568691 0.799345361812773
0.281956119279609 0.799131790076308
0.273866286629322 0.802761995969642
0.293012191777686 0.794171158930832
0.266138786589706 0.806228403949421
0.262567644186535 0.80783017905019
0.261060701417277 0.808505975985297
0.274158495047467 0.802630733331578
0.263893827783049 0.807235149232055
0.290887506126804 0.795123126118269
0.269974063379713 0.804507542336487
0.262937348600135 0.807664269154957
0.265918395327701 0.80632720888967
0.318974388827587 0.782516273381952
0.271046790023765 0.804026417110903
0.272252571132802 0.803485128821693
0.293919666174837 0.793763814865944
0.269973713237267 0.804507699412422
0.295364712118601 0.793113627817279
0.269974063379713 0.804507542336487
0.272972586080509 0.803162545248808
0.275867649760807 0.801864335937416
0.261396269739926 0.808355515366818
0.265928119225238 0.806322849240566
0.302483459423489 0.789918621128503
0.260018465057948 0.808973450306854
0.25954532764411 0.809185637749484
0.272972586080509 0.803162545248808
0.280724434106265 0.799684298872952
0.2881250244982 0.796364484706083
0.269776119778649 0.804596793205868
0.267726746230487 0.805515948208538
0.274158495047467 0.802630733331578
0.264293955490147 0.807055804662558
0.275805293860833 0.801892526240075
0.269576449222801 0.804686890197288
0.301093882840337 0.790542362392963
0.261953885113227 0.808105430361476
0.271046790023765 0.804026417110903
0.314849119048489 0.784367000973904
0.266070356143964 0.806258779787248
0.268273331913975 0.805270533687574
0.291435556623672 0.794878073294875
0.2881250244982 0.796364484706083
0.269252276033241 0.804832389636199
0.283915824509997 0.798252411203436
0.278367215121862 0.800742390875634
0.298153215651193 0.791863258791498
0.28986544782501 0.795583527388369
0.272972586080509 0.803162545248808
0.271046790023765 0.804026417110903
0.302483459423489 0.789918621128503
0.282294087884681 0.798981500323357
0.279202001741147 0.800367417560662
0.298861064653227 0.791545983808191
0.29484753948956 0.793345804957075
0.336542719998541 0.774621158077266
0.264675161034052 0.806884897419879
0.272073122085964 0.803566196567428
0.269474958618512 0.80473178064265
0.300383970418328 0.790861757951588
0.27948411058602 0.800241875074594
0.25954532764411 0.809185637749484
0.310692772050814 0.786232820856378
0.262703432018691 0.807769082642733
0.312429460398108 0.785456142311138
0.259857752400532 0.809045519237341
0.295290699611968 0.79314858991455
0.282338682537377 0.798960066288873
0.272672397218742 0.803297139794281
0.32935542308652 0.777850903447787
0.25954532764411 0.809185637749484
0.270693369013237 0.804184950018983
0.281429107696187 0.799368422438417
0.266031871943513 0.806275962667157
0.267726746230487 0.805515948208538
0.281630287258917 0.799278104413125
0.286579447052605 0.797058803205658
0.285794102460978 0.797410930494067
0.326241576358305 0.779249572270103
0.27128565431884 0.803919259043705
0.298153215651193 0.791863258791498
0.271623164160821 0.803768449996755
0.264959060742764 0.806757578961561
0.262907592976323 0.807677625614539
0.265983835719845 0.806297582504207
0.286854407201613 0.796933095600419
0.262937348600135 0.807664269154957
0.279522829830697 0.800223790266525
0.264114090119769 0.807136546248049
0.262937348600135 0.807664269154957
0.282218656689066 0.799014390429843
0.284122432698164 0.798160112484171
0.280267948453535 0.799889748717309
0.270154786718152 0.804426606799197
0.259611990955297 0.809155737260611
0.281538230015193 0.799319610561507
0.261394786627803 0.80835618049769
0.262576544919022 0.807826075411184
0.276727742616261 0.801477228705741
0.267509555975138 0.805613202600343
0.303496133228838 0.78946398278647
0.338755114772859 0.77363418954841
0.264705679466805 0.806871229646194
0.263127554277544 0.807578999975829
0.270501451990838 0.804270993560017
0.266153803801859 0.806221398964483
0.310228017878463 0.786442471517658
0.312153460028728 0.785578298649575
0.279207393370532 0.800365714648823
0.280753079675172 0.799671900997139
0.264114090119769 0.807136546248049
0.286497086753526 0.797095156985031
0.307195153081728 0.787805934083668
0.268793137360586 0.805037350988257
0.284885677798758 0.797817396876352
0.278028471061481 0.800894644928378
0.290343863597658 0.79536757593002
0.274348729155683 0.802545131186606
0.294615493946318 0.793451918947243
0.270693369013237 0.804184950018983
0.284510613004988 0.79798585192306
0.280508393026038 0.799782100301866
0.328936386180457 0.778040590302255
0.271822177871182 0.803678747683782
0.330590000478454 0.777296322231206
0.269250055367246 0.804832678957395
0.273620810530679 0.802872356436213
0.272676189794899 0.803295686099699
0.278028471061481 0.800894644928378
0.268384298691269 0.805220807629516
0.312153460028728 0.785578298649575
0.284883713391841 0.797818278372499
0.274064053712961 0.80267260003419
0.261297652482902 0.808399692921633
0.291625501619873 0.794793133790901
0.283282930001279 0.798537846857015
0.264966748843802 0.806754145113582
0.269458065673897 0.804739265040177
0.25954532764411 0.809185637749484
0.297307158679109 0.792242502690143
0.280987967116713 0.799566534620262
0.27911939697497 0.800404958771358
0.267420791064427 0.805653063025107
0.329946863541728 0.777585216566177
0.281538230015193 0.799319610561507
0.288879750645039 0.796025848707072
0.312153460028728 0.785578298649575
0.262902025453472 0.807680143730995
0.268405690486019 0.805211913983295
0.274066203630694 0.802671623440788
0.27911939697497 0.800404958771358
0.277552135010398 0.801108290694595
0.264975650747155 0.806750152356262
0.280987967116713 0.799566534620262
0.267614607265812 0.805566113296777
0.328009708048249 0.778456550772848
0.331096144829618 0.777069596355708
0.301624197174656 0.790304844756186
0.298916842882658 0.791520379869248
0.279976977854518 0.800020523716083
0.25816776930851 0.809803483988205
0.305795447457781 0.788433144843796
0.262902025453472 0.807680143730995
0.267608078760118 0.805569066793709
0.272190847477056 0.803513351577207
0.297304700308682 0.792243606189888
0.280992525322432 0.799564489567994
0.314727532022512 0.784421962520509
0.27971673158386 0.800136571869276
0.287137251494948 0.796808003386651
0.284885677798758 0.797817396876352
0.265642839169457 0.806450820960732
0.290343863597658 0.79536757593002
0.267420791064427 0.805653063025107
0.284885677798758 0.797817396876352
0.329268426879922 0.777890378557321
0.281309685945425 0.799422205017909
0.290904650488168 0.795116786500186
0.277552135010398 0.801108290694595
0.297304700308682 0.792243606189888
0.336675633186729 0.77456616115836
0.34312408958158 0.771664236941906
0.261292602495195 0.808402009180139
0.264644691954488 0.806898579543682
0.261299086476513 0.808399049691952
0.263448410542862 0.807434932191258
0.266352975622157 0.806132125655868
0.262553579039605 0.807836314503964
0.263196881522858 0.807547849640254
0.267420791064427 0.805653063025107
0.34029164012397 0.772938748429468
0.268350825251825 0.805236229481154
0.265566694394285 0.806484965328142
0.26737314785722 0.805674467460986
0.294077859244555 0.793692222818877
0.259857752400532 0.809045519237341
0.29071465439624 0.795202086310872
0.25832641433324 0.809732328715434
0.348952516601042 0.769043386527834
0.262742987229029 0.807751363766456
0.297307972818276 0.792242136078953
0.307996079121012 0.787445156201351
0.267132655921659 0.805782704856738
0.299232544010065 0.791378684468717
0.270348939921042 0.80434034571947
0.284612361372302 0.797939216194158
0.268740770160593 0.805061056398309
0.290750514801138 0.795186109880932
0.298269955581676 0.79181115415712
0.263435888403205 0.80744065794632
0.285139494856883 0.797703865242041
0.263448410542862 0.807434932191258
0.281309685945425 0.799422205017909
0.298917013754777 0.79152030316596
0.266093237491808 0.806248508328906
0.300409364030382 0.790850008553461
0.265566694394285 0.806484965328142
0.265566694394285 0.806484965328142
0.258162748634191 0.809805736195576
0.265870846112211 0.806348306511368
0.273431912108957 0.802956476284594
0.285002461573143 0.797764191485393
0.368876560599755 0.760087805980841
0.262599691117169 0.807815634265288
0.270067337766139 0.804466616706331
0.27280262257686 0.803239337748835
0.267048996441051 0.805820233480507
0.268350825251825 0.805236229481154
0.261133025570834 0.8084734602499
0.27971673158386 0.800136571869276
0.301624197174656 0.790304844756186
0.263448410542862 0.807434932191258
0.258162748634191 0.809805736195576
0.283717429278071 0.798341808292837
0.288130654952184 0.796361651012444
0.265566694394285 0.806484965328142
0.275921790313231 0.801839047286546
0.296896030835372 0.792427676695931
0.285672155931082 0.797465152261345
0.290765058995634 0.795179030956792
0.271471131433164 0.80383717283266
0.282209149708467 0.799018976761148
0.282209149708467 0.799018976761148
0.271471131433164 0.80383717283266
0.263343068166715 0.807482137330293
0.284368133693312 0.79804945514049
0.280992525322432 0.799564489567994
0.265331079228666 0.806590455533152
0.259479442506416 0.809215184599506
0.268503255389141 0.805167886509877
0.258163225278116 0.809805522344272
0.381741823792324 0.754287493059197
0.262734247108312 0.807755318627738
0.259997439259003 0.808982870610246
0.263301860542574 0.807500659917132
0.268787027784055 0.80504034448796
0.275157591083527 0.802182842276371
0.313707371226869 0.784880339832769
0.265476411211953 0.806525501350674
0.278250552034038 0.800795393482658
0.276766251371447 0.801460484871446
0.266412210611163 0.806105509297162
0.273161447667675 0.803078538549934
0.906910821368784 0.205305473028881
0.872304744814627 0.260969558709811
0.906631828345198 0.205754515468659
0.905996520733478 0.206777035725859
0.900390829824934 0.215798696186136
0.906136901980238 0.206550955753314
0.906397871593036 0.206130668370677
0.907208406559571 0.204826845310538
0.907208406559571 0.204826845310538
0.875318241575803 0.256129324660975
0.900390826975496 0.215798700759805
0.869674565992726 0.265200337915163
0.90721113557178 0.204822454019348
0.908119391515349 0.203360362896795
0.900390829824934 0.215798696186136
0.905996520733478 0.206777035725859
0.900390829824934 0.215798696186136
0.869674565992726 0.265200337915163
0.903229878787416 0.211234979202501
0.908119391515349 0.203360362896795
0.900390866406093 0.215798636569704
0.279968356754859 0.80002531312913
0.908119391515349 0.203360362896795
0.908339898385626 0.203004977582913
0.279968356754859 0.80002531312913
0.900391149640497 0.215798180432128
0.900391149640497 0.215798180432128
0.900391149640497 0.215798180432128
0.908745313823619 0.202352698201641
0.904185033921422 0.209696727589587
0.903646721049393 0.210563322527847
0.279968356754859 0.80002531312913
0.908745313823619 0.202352698201641
0.280216696997359 0.79991390875093
0.279968356754859 0.80002531312913
0.900590596356164 0.215479345661293
0.909461658922094 0.201198174401863
0.908745313823619 0.202352698201641
0.908663135376881 0.202484642855738
0.899071956379949 0.217924439973217
0.907849513124225 0.203794841353295
0.905065934377161 0.208276061361734
0.909461658922094 0.201198174401863
0.908194968108537 0.203237728085171
0.871000708227183 0.263070342601344
0.907305816344483 0.204670392066897
0.905066252708996 0.208275548812896
0.908568870790985 0.20263522421398
0.909412190185525 0.201277730142878
0.871000708227183 0.263070342601344
0.909316683943488 0.201431468440522
0.899071956379949 0.217924439973217
0.872225759676706 0.261100731609569
0.902142391747739 0.21298605523222
0.909461658922094 0.201198174401863
0.909423457718752 0.201259700507179
0.872225759676706 0.261100731609569
0.907886911698844 0.203734408529049
0.909461658922094 0.201198174401863
0.909461658922094 0.201198174401863
0.907305816344483 0.204670392066897
0.909824132016088 0.200614607917795
0.90231423389914 0.212705175141033
0.276762007573967 0.801463395354179
0.278702710620096 0.800592064137946
0.909321182191836 0.201424021446468
0.909931272360975 0.200441921126218
0.909929382915311 0.200444961097914
0.909931272360975 0.200441921126218
0.909274041045039 0.201499841365051
0.91000260545678 0.200327261677425
0.278273130009955 0.800784430826834
0.907975429943057 0.203591660914414
0.904389625884521 0.209364040792443
0.91000260545678 0.200327261677425
0.90987951484155 0.200525431376525
0.903648433058064 0.210561979436008
0.906633313066735 0.205751696499795
0.907020464753378 0.205128206677255
0.899593678750712 0.217085651549395
0.908171484476198 0.203274040396911
0.904930693084231 0.208491422122488
0.908171484476198 0.203274040396911
0.902645245662738 0.212175833629394
0.276762007573967 0.801463395354179
0.276762007573967 0.801463395354179
0.905685537833608 0.207278032061151
0.9079972650358 0.203556478711836
0.279888115995406 0.800060479755058
0.906633313066735 0.205751696499795
0.276762007573967 0.801463395354179
0.276762007573967 0.801463395354179
0.902825487500112 0.211885642438894
0.913189079041923 0.195201277429691
0.367004356187276 0.760925440505708
0.9079972650358 0.203556478711836
0.342602331214787 0.771898242128166
0.367004356187276 0.760925440505708
0.277518417509822 0.801123569061747
0.905587550367734 0.207433912281746
0.872254210892546 0.261045687764728
0.90209672077489 0.213055051295731
0.90834500461034 0.202997550196981
0.903470409386726 0.210845048490994
0.907012196998341 0.205141666796559
0.920823093689874 0.182907753735628
0.920008211544109 0.184220171264137
0.912666972941313 0.196040798301124
0.914970522900724 0.192333069687308
0.274112149859371 0.802651716488058
0.920826229303311 0.182902703203653
0.920008211544109 0.184220171264137
0.910935315755288 0.198827692682256
0.920826229303311 0.182902703203653
0.273284249416473 0.803023313552235
0.903470409386726 0.210845048490994
0.277587562863456 0.801092510113185
0.902565205153236 0.212301101255122
0.914798491510788 0.192610136903378
0.920580584380647 0.183297824396451
0.917069316375575 0.188953623561979
0.905587550367734 0.207433912281746
0.877260659985941 0.252998491761936
0.273284249416473 0.803023313552235
0.273284249416473 0.803023313552235
0.905587550367734 0.207433912281746
0.904467835605257 0.209236156116679
0.27164717821365 0.803757436414358
0.920580582976826 0.18329782665534
0.923968316243129 0.177841731057956
0.872508150854768 0.260636194756394
0.290333042961937 0.795373092127678
0.907012196998341 0.205141666796559
0.920148999686485 0.183993142374193
0.907747659120974 0.203956432664706
0.921469599146417 0.181864998503496
0.920148999686485 0.183993142374193
0.907828751454153 0.203830835041981
0.902716312581335 0.212055128540187
0.904346545669683 0.209431160348484
0.917319596684425 0.188549521583844
0.917270084344641 0.188629566526124
0.913877603734457 0.194092999445876
0.920148999686485 0.183993142374193
0.900995260146652 0.214824621693172
0.921469599146417 0.181864998503496
0.906281813372165 0.206320059629989
0.922221086324009 0.180655062729105
0.902627147426333 0.212201029760427
0.290333042961937 0.795373092127678
0.922221086324009 0.180655062729105
0.900995260146652 0.214824621693172
0.389521120581258 0.750788841491468
0.281364585721732 0.799399733364908
0.280626836813714 0.799728925506471
0.275079192408342 0.802217811566848
0.280626836813714 0.799728925506471
0.275079192408342 0.802217811566848
0.288990167008332 0.795975847325377
0.2797688899769 0.800115492981195
0.280626836813714 0.799728925506471
0.274997661670583 0.802254397604714
0.269769821753707 0.804599620239459
0.272079408740134 0.803563363548428
0.26982524036969 0.804574756786558
0.278810762614802 0.800543824571943
0.280626836813714 0.799728925506471
0.272079408740134 0.803563363548428
0.26980649214217 0.804583171256207
0.270211576022874 0.804401513010209
0.279808380536241 0.800096113104093
0.276210465241566 0.801710369584691
0.270334853565229 0.804346101888308
0.272578152250588 0.803339673309435
0.279808380536241 0.800096113104093
0.271699500611217 0.803734200062172
0.269652241021522 0.804652502526546
0.269652241021522 0.804652502526546
0.319013846113009 0.782496130974837
0.269652241021522 0.804652502526546
0.271444519565113 0.803848626997723
0.279808380536241 0.800096113104093
0.279808380536241 0.800096113104093
0.279808380536241 0.800096113104093
0.269937168230494 0.804524679408108
0.269653572355056 0.804651905346487
0.269812607216972 0.804580538727079
0.273030761828829 0.803137192240486
0.269652241021522 0.804652502526546
0.273030761828829 0.803137192240486
0.269380291869263 0.804774477953492
0.271444519565113 0.803848626997723
0.289177758861223 0.795893520889561
0.289177758861223 0.795893520889561
0.272533367873411 0.803359533183631
0.26844043551232 0.805196022024884
0.27478670634906 0.802349510219848
0.267605376678449 0.805570587666161
0.278053656110705 0.800882798618599
0.271411930632221 0.803862947749523
0.348665935926369 0.76917350996558
0.276571046919163 0.80154879665999
0.278681118985636 0.800602160984475
0.276373740621297 0.801637270718267
0.267605376678449 0.805570587666161
0.267605376678449 0.805570587666161
0.267094629637836 0.805799495182081
0.28686607291716 0.796929103987127
0.270261558664494 0.80437921929371
0.271411930632221 0.803862947749523
0.271052832123611 0.804024730728705
0.347467383024624 0.769712323293107
0.276260804449672 0.801687973421904
0.268863501044624 0.805006171194523
0.301236418800046 0.790478817365464
0.292155151412603 0.794554348287833
0.267094629637836 0.805799495182081
0.292155151412603 0.794554348287833
0.275667850974533 0.801953471906171
0.296117813589652 0.792775604017259
0.281273294664054 0.799438305193607
0.267046152442365 0.805821242527376
0.292291048328266 0.794493202403307
0.281273294664054 0.799438305193607
0.268922714814411 0.80497935150798
0.266481870535991 0.806074388369114
0.266481870535991 0.806074388369114
0.278244542155458 0.800798426127371
0.278244542155458 0.800798426127371
0.321216508872118 0.781506998596628
0.268065602660368 0.805364000897837
0.273839236292157 0.802774113486802
0.321534191067673 0.781364836956907
0.29276615291862 0.794282518507426
0.267916663440533 0.805430861074072
0.266505169717653 0.806063935878367
0.276656727913578 0.80151007273532
0.265726903060718 0.806413091643055
0.263060933708114 0.807608758074419
0.275316941741256 0.80211132169339
0.262824768461081 0.807714689935343
0.268883401912645 0.804997246851652
0.266475012690824 0.806077460596366
0.266109017184782 0.806241326871199
0.307644964351056 0.787601877560237
0.267637074690303 0.805556267409051
0.308023763411808 0.787431217459767
0.2705610927324 0.804244964420228
0.27965400588138 0.800164764371545
0.275733567855934 0.801924658281555
0.270820055978335 0.804128794706288
0.283307379899025 0.798525407051035
0.268863501044624 0.805006171194523
0.26601499333799 0.806283863524936
0.29276615291862 0.794282518507426
0.288335212279012 0.796270005416499
0.292599760723588 0.794357424919597
0.307654562179431 0.787597633245255
0.275996973310139 0.801806588066266
0.2964040073039 0.79264721096453
0.274678627155328 0.802397979439147
0.265491762126825 0.806518386156332
0.278244542155458 0.800798426127371
0.269610623563256 0.804671042355845
0.262824768461081 0.807714689935343
0.282512374695949 0.798882477058121
0.265655555596827 0.806445045814198
0.262824768461081 0.807714689935343
0.266803431624415 0.805930349355219
0.266113634629671 0.806239422985571
0.274695924863278 0.802389684153605
0.297261022824817 0.792265477311347
0.271732480365234 0.803719618068774
0.269610623563256 0.804671042355845
0.274629687690369 0.802419482637395
0.272777811225995 0.803250170665602
0.286503603632669 0.797091071574844
0.26282323612565 0.807715377149424
0.263018961223024 0.807627583459113
0.267380267200578 0.805671456198759
0.272530543968795 0.8033609066625
0.265483891907885 0.80652191639255
0.270859783773842 0.804110610664751
0.275996973310139 0.801806588066266
0.26527267739559 0.806616642664177
0.26527267739559 0.806616642664177
0.26935375148241 0.804786249258903
0.269022731396051 0.804934522652393
0.267580424400133 0.805581540321496
0.284788687144369 0.79786227036816
0.300963985351073 0.790602789117589
0.298085282494865 0.791895007246099
0.283331437170389 0.798514696746428
0.297261022824817 0.792265477311347
0.324441149468167 0.780060453891217
0.27678743541031 0.80145085697277
0.301645472501874 0.790296084044366
0.270859783773842 0.804110610664751
0.268473788067046 0.805180910994403
0.303412443069559 0.78950326733662
0.277592313762643 0.801089933264559
0.267375488364996 0.805673600001654
0.284636030730706 0.797929189322231
0.268613484696109 0.805118219291228
0.293353129770955 0.794018418767941
0.298304218175885 0.791796419427715
0.309328636037218 0.786844970287741
0.26911657447609 0.804892410569968
0.273813080498539 0.802785499914664
0.298376001871017 0.791762913097215
0.324441149468167 0.780060453891217
0.269022731396051 0.804934522652393
0.267244413071793 0.805732349833082
0.274629687690369 0.802419482637395
0.265780686023093 0.806388919489816
0.267853824228053 0.805458881319744
0.267853824228053 0.805458881319744
0.262679129980841 0.80778003060637
0.267113487291311 0.805790948342222
0.264516185372538 0.806955985148199
0.306607003861172 0.788067915503061
0.270459315332336 0.804290472000248
0.270378777953055 0.804325882213291
0.324570616946753 0.780000950029963
0.292625233342611 0.794345322235462
0.282240255219859 0.799004204479501
0.342374349246588 0.772000346835424
0.262847868191157 0.807704329196716
0.272521845960607 0.803365156072418
0.263681156561721 0.807330541943152
0.293306919811236 0.794039171026837
0.27209269913516 0.803557197579312
0.267113487291311 0.805790948342222
0.267510889923801 0.805612645479767
0.329861892077116 0.777629512611282
0.265697550562187 0.806426162182646
0.280981846780035 0.799569999793317
0.27345408668336 0.802946754251897
0.324458990566409 0.780051072092896
0.265823198564167 0.806369841204498
0.271272573952266 0.803924977170627
0.283997410178095 0.798215890848454
0.264311598960238 0.807047857088675
0.262679129980841 0.80778003060637
0.276221810497866 0.80170554446695
0.272018812649235 0.803590687849397
0.306194022019481 0.788254155298031
0.276221810497866 0.80170554446695
0.274451123777898 0.802500001452129
0.265823198564167 0.806369841204498
0.293353129770955 0.794018418767941
0.300700459569253 0.790721259600363
0.280981846780035 0.799569999793317
0.262672161633268 0.807783155648193
0.279919445975405 0.800046626879146
0.27542602734075 0.802061552751585
0.262672161633268 0.807783155648193
0.305717783172266 0.788468782308837
0.265267670791287 0.806619033959037
0.267599182394828 0.805573197465539
0.276869973152814 0.801414586230244
0.268523794208694 0.805158129887641
0.300064524648042 0.791005859588223
0.268327969688444 0.805246184165526
0.281726918556317 0.79923558181518
0.2840182429294 0.798207516779603
0.264384458144876 0.807015112640831
0.282660445372815 0.798816038059207
0.279239610736219 0.800351540212984
0.282919479545773 0.798700765584053
0.265823198564167 0.806369841204498
0.310771672513185 0.786199073823208
0.268629599529004 0.805111108147355
0.268355709490677 0.805234099825171
0.273645197863537 0.802860893182485
0.300190083967067 0.790947933592091
0.298312614597435 0.791792303614379
0.294589340668066 0.793462289548625
0.27803888753549 0.80089044331528
0.262760085733304 0.807743821277106
0.267633098495432 0.805557983138063
0.296811054099957 0.792467530347876
0.267633098495432 0.805557983138063
0.267756761115618 0.805502373009882
0.269413986408766 0.804759296636195
0.262760085733304 0.807743821277106
0.262672161633268 0.807783155648193
0.266502899425951 0.80606483855951
0.262672161633268 0.807783155648193
0.313693345377797 0.784884780530573
0.280303372210097 0.799873255795547
0.269375398513933 0.80477682297431
0.267711657760222 0.805522603517755
0.275056741741793 0.802227606882114
0.270119061429813 0.804442853765899
0.276213735503118 0.801708513592996
0.275056741741793 0.802227606882114
0.331402763770424 0.776934390001427
0.26761911151339 0.805564470395474
0.298706386855649 0.791614140148164
0.323184458930663 0.780620609129076
0.280303372210097 0.799873255795547
0.265361531334824 0.80657684905002
0.266690066284329 0.805980860791888
0.268112145670218 0.805342858909917
0.270119061429813 0.804442853765899
0.261887983126063 0.808134892859197
0.270604042994045 0.804225314306336
0.262672161633268 0.807783155648193
0.27390129125862 0.80274634317541
0.270045138372881 0.804475650775361
0.276931508352234 0.801387339909511
0.267711657760222 0.805522603517755
0.297922143743723 0.791966031571936
0.276507705004549 0.801577468393771
0.312446132324474 0.785445811151896
0.267711657760222 0.805522603517755
0.269612209139897 0.804670338692732
0.3078774987857 0.787498601816206
0.278704002295574 0.800591434418019
0.269667941473702 0.804644869156323
0.290598425201475 0.795254118709553
0.298445974786457 0.791731632977475
0.276089713909826 0.801764040589559
0.307830705765661 0.787518686372566
0.280758195292216 0.799669975748517
0.272665024008315 0.803300923322337
0.28996438995499 0.795538793631477
0.262012469351039 0.808079072370564
0.261887983126063 0.808134892859197
0.27588655208513 0.801855431223895
0.297859609043616 0.791994168758742
0.274495606026808 0.802479130752739
0.262575019115089 0.807826608773146
0.280758195292216 0.799669975748517
0.261887983126063 0.808134892859197
0.296336550133774 0.792678815470751
0.275458054296362 0.802048312633345
0.274920035908686 0.80228900753419
0.265909401203026 0.806331528682309
0.298394064373519 0.791755195652071
0.262686094808474 0.807777005651455
0.300017662960777 0.791025249388857
0.261691491625706 0.808223011512188
0.267711657760222 0.805522603517755
0.310611873562251 0.786267969588791
0.329441716675124 0.777812441642206
0.307615565328595 0.787616222356623
0.271173873964328 0.803970033893638
0.295261046296695 0.793162980678049
0.263646217378674 0.807346477238608
0.267713595357982 0.805521724833397
0.275458054296362 0.802048312633345
0.284083638739079 0.798177212716475
0.279606365238435 0.8001873036962
0.261691491625706 0.808223011512188
0.273216366896282 0.803053512062978
0.26569252937583 0.806428780996025
0.264439579272148 0.806990204924098
0.303350031389634 0.78953078587263
0.261500109152398 0.808308849816353
0.305005013404458 0.788788106704191
0.300239824055011 0.790925535190087
0.274713923655433 0.802381077767955
0.262645736147493 0.807795105983048
0.329046334876542 0.777987479102443
0.261733044989351 0.808204362996912
0.271467496331074 0.803838448342978
0.329441716675124 0.777812441642206
0.396800436766025 0.747511909253614
0.367092818624486 0.760883803442609
0.364583705373795 0.762015239471188
0.355249484055329 0.766212290753809
0.305798193514093 0.788429729397105
0.384169851282914 0.753200890129121
0.339222836383917 0.773415912077584
0.327558945284145 0.778657816357323
0.335129874224133 0.775256665009318
0.346023025442933 0.770363695268645
0.335552307420736 0.775066750943946
0.305158844714802 0.788716808271417
0.305158844714802 0.788716808271417
0.310219204025587 0.786444968796445
0.325524914905369 0.779571511006032
0.368115323738864 0.7604235496055
0.325524914905369 0.779571511006032
0.305972734517643 0.788351364897953
0.288716549167302 0.796097982861851
0.389587288746121 0.750763801721985
0.368282492236605 0.760349109557633
0.325524914905369 0.779571511006032
0.326410484684201 0.779173549696608
0.331856470542655 0.776726347407091
0.30461675830016 0.788960073449372
0.305029999663749 0.788774754852732
0.339706984803771 0.773199010530818
0.325524914905369 0.779571511006032
0.340017809816006 0.773060416499086
0.305756829821762 0.788448299229126
0.332109016118128 0.776612868308042
0.305735102402704 0.788457901413153
0.31096746020659 0.786108717148788
0.295919593007404 0.792864160596917
0.32735590082756 0.778748604296788
0.325619468512961 0.779528912834689
0.389970556733089 0.750590001744559
0.368587281437187 0.760214713797485
0.376532732228281 0.756640586069012
0.33154009073697 0.776868528911552
0.351629465654005 0.767844273495022
0.322527421593991 0.78091938865716
0.300183121400138 0.790951555291823
0.335900306773739 0.774910786423037
0.334065765554249 0.775735297391065
0.30697524263199 0.787900657872265
0.324558666109207 0.780006501597815
0.331709752674143 0.776792681237475
0.300616979878253 0.790756711354656
0.299267279593756 0.79136171260734
0.296003050313063 0.792826699927893
0.290548888624088 0.79527566624102
0.373993289942231 0.757778279912731
0.301475815289612 0.790370148908021
0.33592337156704 0.774900409410601
0.308983246135598 0.786999274663318
0.296001780355069 0.792827269263868
0.288716549167302 0.796097982861851
0.300616979878253 0.790756711354656
0.301777378142253 0.790236802394539
0.306151563190942 0.788270940290393
0.299185905023682 0.791398262576458
0.288716549167302 0.796097982861851
0.34109465097787 0.772575316686824
0.300666138538944 0.790733248831599
0.358784832809799 0.764618206179437
0.335838508622801 0.774941258391261
0.307442669678164 0.787691110355957
0.368281027546923 0.760354944827782
0.35829483605999 0.764841003025425
0.288716549167302 0.796097982861851
0.330650023568203 0.777270131692042
0.299538685478662 0.791239550390345
0.321272602545804 0.781481535233572
0.288726941531164 0.79609331890658
0.33603159735212 0.774851778604483
0.318182896387108 0.782869858881146
0.385551960947785 0.752575968430777
0.299185905023682 0.791398262576458
0.375858747920408 0.756939242188036
0.343999347652411 0.771269717780766
0.341729174075328 0.772289172727891
0.381676123630445 0.75432479476961
0.295919593007404 0.792864160596917
0.318411410937963 0.782767256910461
0.314540233811823 0.784505821376911
0.390174454324302 0.750499142436805
0.326224080614608 0.779256607871509
0.309045892371462 0.786971089505119
0.341729174075328 0.772289172727891
0.326646026875658 0.779067101550523
0.298830641879585 0.791558230790501
0.358926775588319 0.764556497121742
0.324147745445364 0.780190506383555
0.385118748733836 0.752774363994618
0.347381201779817 0.769749666789692
0.277090326717805 0.801315143730016
0.387961007192296 0.75148741842374
0.288726941531164 0.79609331890658
0.318172862185083 0.782874366745215
0.386671411675889 0.752072088539828
0.33603159735212 0.774851778604483
0.366525356346168 0.761139246154719
0.323922253496567 0.780291351659033
0.308972918851942 0.787004074694395
0.358926775588319 0.764556497121742
0.333293606126233 0.776079921514356
0.304721982709165 0.788912373580979
0.374902899676628 0.757371133082659
0.330311328367773 0.777422401903337
0.328052241539891 0.778436548441889
0.29053474102424 0.795282015349624
0.270707166953141 0.804179311615908
0.392935222196005 0.749255889376859
0.277090326717805 0.801315143730016
0.325084455457164 0.779770080476591
0.322527421593991 0.78091938865716
0.363897185373101 0.762321260585285
0.299646544724994 0.791193346604668
0.305288317137728 0.78865838402722
0.309811400372827 0.786629190633434
0.295431081973713 0.793083565027488
0.392804968365938 0.749313482434902
0.296107731929829 0.792780309499741
0.290441721144992 0.79532368504213
0.330160160963137 0.777490417825506
0.326792293085833 0.779002192554329
0.294301898831936 0.793591157555238
0.275664441770877 0.801955028554255
0.276724292749469 0.80147936640801
0.299487120240784 0.791263229554176
0.300377717064122 0.790863560270722
0.315508114914914 0.784069851105505
0.396482415887209 0.747654157706061
0.290691095102492 0.795212406420096
0.275663619009033 0.801955398050028
0.305974490950285 0.788350575610415
0.369517276047259 0.759797891770277
0.325301603825914 0.779672832782385
0.28696905044606 0.796882997803692
0.291174051871628 0.794994330914026
0.330650023568203 0.777270131692042
0.271345464431542 0.803893009492246
0.325301603825914 0.779672832782385
0.328145189566523 0.778394434312984
0.295769843570891 0.792932066455045
0.275439679594844 0.80205578986226
0.323583399326584 0.780442640476497
0.273247715016472 0.803039793238352
0.28122963053962 0.799458771001999
0.3336836477713 0.775906779171949
0.28696905044606 0.796882997803692
0.290441721144992 0.79532368504213
0.348902394839072 0.769064980888914
0.302593808545173 0.789870256613507
0.333282912953396 0.776088616198199
0.309811400372827 0.786629190633434
0.28621682660948 0.797219432551099
0.294006288496534 0.79372383917249
0.266977859542399 0.805851981528302
0.295022290442636 0.793266965901389
0.291187480030507 0.794988304264361
0.295393986027406 0.793100216646271
0.321072847299161 0.781572152490466
0.332212144587436 0.77656791320924
0.333202666169827 0.776122583647036
0.286994027609802 0.796872030193354
0.298830641879585 0.791558230790501
0.304379949626073 0.789065950785396
0.317691434629155 0.783091497754626
0.320420623714047 0.781865589489189
0.289588317397568 0.795707488270164
0.293746727589109 0.7938396950844
0.299562165596159 0.791229492577631
0.292759973147489 0.794283526924553
0.272559722941568 0.803347720443709
0.268766148003647 0.8050500483356
0.294763761325898 0.793383642668236
0.323583399326584 0.780442640476497
0.30242227218528 0.789945927274347
0.323583399326584 0.780442640476497
0.385118748733836 0.752774363994618
0.324849876007707 0.779873521875946
0.272261693805975 0.803481879341589
0.321394922558026 0.781426494364942
0.330397890663662 0.777384215125296
0.279973576729143 0.800021220362959
0.30246762242456 0.789925562853343
0.321675590255952 0.781300463333553
0.294921684670992 0.793312122747969
0.282379328422301 0.798941904721349
0.30162946501813 0.790301681817639
0.285785539368144 0.797413960802394
0.290339977072637 0.795369847726428
0.283858096101718 0.798278674585849
0.27541377618863 0.802067411208504
0.305350603653197 0.788631086090722
0.276972236438524 0.801368468385352
0.30162946501813 0.790301681817639
0.279664939909133 0.800160311554555
0.292928327765209 0.794207022509836
0.27541377618863 0.802067411208504
0.280566267780876 0.799755245681743
0.277659231057898 0.801059724536916
0.324849876007707 0.779873521875946
0.301935615590629 0.790164479205893
0.31671509368181 0.783527585929434
0.26908547620431 0.804906561753025
0.335659676237093 0.775021234254496
0.328793080094107 0.778102391221693
0.305350603653197 0.788631086090722
0.323583399326584 0.780442640476497
0.292301400560374 0.794488171001799
0.386740726803307 0.752044173229272
0.301732736225668 0.79025445864856
0.307952560029635 0.787463533512924
0.319812822133156 0.782139842382719
0.267953024565715 0.805414934172175
0.299562165596159 0.791229492577631
0.266965542289098 0.805857506422622
0.285420171616584 0.797577670198545
0.297003561703518 0.792377788998522
0.293746727589109 0.7938396950844
0.279664939909133 0.800160311554555
0.270538090932713 0.80425489154381
0.267428641862649 0.805649872965607
0.3451237546147 0.770767358285251
0.292606271731391 0.794351343698098
0.277665097813222 0.801057128168411
0.283858096101718 0.798278674585849
0.3451237546147 0.770767358285251
0.294427455265904 0.793533963085352
0.315076983029973 0.78426347751718
0.26908547620431 0.804906561753025
0.291006956832014 0.79507064157996
0.347025011808214 0.769913733790104
0.318569201953895 0.7826986646302
0.31671509368181 0.783527585929434
0.286220510421352 0.797218270108455
0.385111732029684 0.752777542341508
0.286341532910812 0.797163088013768
0.268912328368629 0.804984200144274
0.273197303002171 0.803062836459729
0.303931166416404 0.789267756290297
0.268109986257021 0.805344243627771
0.299060307540048 0.791454398093214
0.38511869944899 0.752774386345043
0.266965542289098 0.805857506422622
0.303931166416404 0.789267756290297
0.328004045214387 0.778458284427668
0.309891784543566 0.786595008174033
0.295398772108514 0.793099532960593
0.296919078667045 0.79241571706969
0.277665097813222 0.801057128168411
0.283357278937597 0.798502727912846
0.292818188022183 0.794257514420203
0.279664939909133 0.800160311554555
0.290677942829175 0.795217443739875
0.273578931956501 0.802890747412692
0.292051223309527 0.794601209593635
0.266965542289098 0.805857506422622
0.300377717064122 0.790863560270722
0.266965542289098 0.805857506422622
0.325647622078606 0.779516978989358
0.294427455265904 0.793533963085352
0.267996155746354 0.805395369487247
0.289358089965104 0.795810559894789
0.29398554858914 0.793734699978556
0.291195992389017 0.794985331008164
0.267123235717475 0.805786813269871
0.279279295200271 0.800332758360594
0.329485892735222 0.777791009396359
0.296711767982511 0.792509400932959
0.290962840031484 0.795090483799661
0.368093380388934 0.760437694782806
0.333400031533043 0.7760354316604
0.287541559293385 0.796624755678716
0.330466058339212 0.77735039756237
0.287928331104119 0.796452215984924
0.301466891907152 0.790374512845899
0.329530616312568 0.777770961873108
0.300472095418048 0.790822252652721
0.343399040853126 0.771542473837413
0.324479055716652 0.78004310164897
0.305772359825383 0.788441296830864
0.278428447328588 0.800715415576848
0.298823754610259 0.791560583847808
0.285336639546235 0.797614087045425
0.266960144350003 0.805859927660214
0.268002034939517 0.80539273241922
0.330551116232778 0.777314303538644
0.270440790056768 0.8042984030793
0.287978412954249 0.796429645229023
0.324745889040599 0.779922331822694
0.297464158710822 0.792171465295178
0.328085790745319 0.77842165409519
0.297186714294356 0.792296896871882
0.33055490606435 0.777312599644492
0.297482543089025 0.792163041801546
0.269148297192695 0.804878694335624
0.287245542850805 0.79675818015862
0.29392001250449 0.793761611843017
0.367456959638745 0.760726881929945
0.283602861709162 0.798393317339009
0.276841446820047 0.801426920481579
0.296264338100218 0.792710024659793
0.324479055716652 0.78004310164897
0.272169748734109 0.803522660012429
0.328426616834042 0.778271142205947
0.329695120542868 0.777696991938245
0.32550605311689 0.779580529767725
0.287668504639364 0.79656835213437
0.291346435003936 0.794918303081464
0.29343641502322 0.793979379050708
0.332280097560949 0.776535369066855
0.287854057275646 0.796486669064383
0.334457678030044 0.775557750018772
0.324479055716652 0.78004310164897
0.330387911131044 0.777387590669745
0.271290004897455 0.803918184325633
0.329378466529586 0.777843633191718
0.289624263448019 0.795691329837643
0.299038572342093 0.791464154140083
0.283602861709162 0.798393317339009
0.368588162673238 0.760214491972733
0.302867562492979 0.789745002529325
0.29343641502322 0.793979379050708
0.271290004897455 0.803918184325633
0.311819136633698 0.785726017229158
0.269148297192695 0.804878694335624
0.298611100840042 0.791657585083781
0.298823754610259 0.791560583847808
0.335613762070548 0.775041206231393
0.294831705012028 0.793352542828668
0.311819136633698 0.785726017229158
0.300490780619126 0.790813865434159
0.331644016047409 0.77682471804981
0.296868389535784 0.792439285617884
0.269409329308636 0.804761111071918
0.386722469682697 0.752052308837608
0.368093380388934 0.760437694782806
0.289142318219244 0.795908369693787
0.271290004897455 0.803918184325633
0.278512562156049 0.800677697079318
0.343416044491313 0.771535700372303
0.283024868523755 0.798652713338167
0.287138946832833 0.796805146553066
0.290962840031484 0.795090483799661
0.289927438596939 0.795554080373864
0.269732266880793 0.804616291304665
0.330387911131044 0.777387590669745
0.291938085036834 0.794652098751686
0.283839349145067 0.798286126981121
0.299853540594573 0.791099941968336
0.285336639546235 0.797614087045425
0.297156113746575 0.792310143438687
0.284001846085956 0.798214471470453
0.276428957587209 0.801611398638055
0.292004282170433 0.794621675301609
0.270216393401731 0.80439930849779
0.306545339854581 0.78809418615287
0.295453168937508 0.793074061715164
0.304605744852203 0.788965481466139
0.283982204544132 0.798223686553871
0.30307266384078 0.789655952271031
0.279678008476154 0.800154448701822
0.286057823279289 0.797290477784211
0.280321287167108 0.799865788989959
0.289642199607636 0.795682193751839
0.274739600192229 0.80236935380711
0.302220630079432 0.790036028986753
0.283024868523755 0.798652713338167
0.304645790699128 0.788947512256487
0.285992302458415 0.79732123753157
0.274739600192229 0.80236935380711
0.296749316363216 0.792492741153053
0.33713938781084 0.774356361588198
0.270216393401731 0.80439930849779
0.27902579695212 0.800446487240389
0.268984797413448 0.804951883184064
0.30307266384078 0.789655952271031
0.303418367629103 0.78949832369059
0.311537223471074 0.785851980206187
0.271426763559275 0.803856956299789
0.295402819995573 0.793097238419534
0.268002034939517 0.80539273241922
0.306058087841416 0.788315020387948
0.35721866931593 0.765328394967626
0.286270073773665 0.797195081162008
0.388534928108611 0.751241054307583
0.307974109947903 0.787454526364959
0.300470380803876 0.790823021853483
0.312649195859924 0.785355446834547
0.280575222581032 0.799750987756993
0.288270384130838 0.796298804248282
0.298937122369564 0.791509560322938
0.331332158673277 0.776963068039991
0.336925433332555 0.774451882321039
0.327233757377965 0.778805198461104
0.364157251041142 0.762211140033872
0.295622746696939 0.792999125458356
0.280919513534206 0.799597170094413
0.281089052842369 0.7995202928561
0.295453168937508 0.793074061715164
0.299721561772409 0.791160077835022
0.268984797413448 0.804951883184064
0.383727519043111 0.753400571319709
0.289298645291333 0.79583646038947
0.279332143240142 0.80030953239243
0.298920703208536 0.791517099004652
0.290266608806028 0.795401873417683
0.293208801966917 0.794082371094476
0.275856418226343 0.801868237182634
0.267961701466897 0.805410802798645
0.272054371305948 0.80357478804532
0.330137165640626 0.777499985800676
0.299721561772409 0.791160077835022
0.290068782978771 0.795492051113575
0.303880307089623 0.789292258513259
0.289709569653614 0.795653419601136
0.30642216924057 0.788149575667051
0.308043294613975 0.787422670359685
0.282859439305756 0.798726674923172
0.335163296995913 0.775240159879985
0.297370370210607 0.792214600280935
0.37756069050099 0.756179151503517
0.279678008476154 0.800154448701822
0.299368428713118 0.791317663450735
0.278801651921112 0.800547164661383
0.269590126208802 0.804679623971841
0.376439041293997 0.756681160474605
0.293208801966917 0.794082371094476
0.278512562156049 0.800677697079318
0.275436360782628 0.802056939285924
0.296910468425066 0.792419443441766
0.281156595752149 0.799490761062561
0.274189667476497 0.802616319930157
0.291698179152727 0.794760160894007
0.363887217527467 0.76232940160301
0.285872527215441 0.797374793474476
0.271412912399014 0.803861863934777
0.301763051799796 0.790241831973204
0.285872527215441 0.797374793474476
0.272054371305948 0.80357478804532
0.278119020982798 0.800853908019808
0.305470789227858 0.788577403945506
0.266292117099553 0.806159491691202
0.311176573365729 0.786013952074357
0.289289919718019 0.795840301471166
0.382585909947123 0.753916573692074
0.343416044491313 0.771535700372303
0.269565028304412 0.80469088693603
0.337249029007159 0.774302163348642
0.267797450932427 0.805484488391831
0.291092755537457 0.795030857522549
0.330153562349235 0.777492865111543
0.276470873677158 0.801593448014455
0.273238696767743 0.803042715471923
0.278512562156049 0.800677697079318
0.301466891907152 0.790374512845899
0.301466891907152 0.790374512845899
0.266292117099553 0.806159491691202
0.311563664789647 0.785843671545674
0.26918094721143 0.804863702114254
0.300206377335394 0.790941212544528
0.27215966431357 0.80352788987016
0.27833063300114 0.800758803129196
0.304678095547738 0.788933252278854
0.335039807015032 0.775295687055871
0.308433289706704 0.787247252358354
0.283524589009215 0.798427737567078
0.276000439261521 0.801804916465823
0.335529542396772 0.775076650542333
0.296749316363216 0.792492741153053
0.282859439305756 0.798726674923172
0.282534106645527 0.798873419944829
0.30612775675883 0.788281531968579
0.274255736186016 0.802586305567656
0.267776637315363 0.805493822209196
0.305493130010397 0.788569840064268
0.273248076246454 0.803038507488925
0.304678095547738 0.788933252278854
0.268775530403419 0.805045543947895
0.304298542140404 0.789103301214077
0.266248073189203 0.806179248560669
0.27215966431357 0.80352788987016
0.26567839657248 0.806434775320898
0.277999296084611 0.800907463016283
0.304288022652741 0.789107145839322
0.300474321224556 0.790821257155923
0.301347137244063 0.79042972200588
0.3225091306444 0.780924700584982
0.299157671125569 0.791412343107056
0.274255736186016 0.802586305567656
0.335163296995913 0.775240159879985
0.330152142889426 0.77749608379171
0.265882133615408 0.806343126150379
0.306063788478108 0.788312517858819
0.289918226920834 0.79556140148632
0.269202323122616 0.804854483453934
0.267776637315363 0.805493822209196
0.274526260737437 0.802466062245305
0.269633209482015 0.804660999125377
0.287205924693602 0.796776742210261
0.300726817654289 0.790708038880291
0.304298542140404 0.789103301214077
0.302578949117302 0.789876262356373
0.281496637032589 0.799337939889622
0.269202323122616 0.804854483453934
0.271412912399014 0.803861863934777
0.273269570502767 0.803028866784137
0.271546359307789 0.803802228485734
0.312309359049601 0.785506227552639
0.31195924043349 0.785663586362297
0.283539656907552 0.798420975427925
0.305493130010397 0.788569840064268
0.27833063300114 0.800758803129196
0.269633209482015 0.804660999125377
0.299157671125569 0.791412343107056
0.301316212674883 0.79044360315117
0.275432001000796 0.802059769493803
0.265002712922945 0.806737642392831
0.261548258335367 0.808287250127798
0.307362407915681 0.787727327851201
0.30344346757523 0.789487170354159
0.270785835768117 0.804144282491697
0.314338569327198 0.784594908238339
0.274255736186016 0.802586305567656
0.273285472497649 0.803022783172232
0.330498462996577 0.777336974212858
0.268416905696838 0.805206257971848
0.30344346757523 0.789487170354159
0.277224238667098 0.801256068363148
0.271760032670066 0.803707274022095
0.279487876600959 0.800239700159714
0.267469642692438 0.805630955338724
0.277369556750383 0.801190917240038
0.299793634342655 0.791129620457393
0.271752926867273 0.803710645724265
0.303113980709403 0.789636039540834
0.311901370308479 0.785692071814326
0.295499548922189 0.793055514496632
0.320710241704993 0.781734429409605
0.268416334290117 0.805206514303832
0.265004525998735 0.806736828508565
0.262617783522729 0.807807594037864
0.318516559562559 0.782723699103851
0.277540139666872 0.801113144721562
0.268685834033802 0.805085672761885
0.261777763619497 0.80818430904712
0.317061214233273 0.783376130039228
0.313640402552807 0.784907827453072
0.312979226988974 0.785205494095017
0.291046356784344 0.79505282357285
0.263580460685141 0.807375845385888
0.26976257993322 0.804602991227647
0.266508394992105 0.806062229735636
0.26498058443623 0.806747574488689
0.310197936791323 0.786455524675897
0.263580460685141 0.807375845385888
0.277993172039548 0.800910242384809
0.277285225166056 0.801227506339934
0.269351302652079 0.804787208542452
0.356758110590323 0.765536359934021
0.279224710504659 0.800357301466718
0.289879316898151 0.795575354134488
0.302661496477025 0.789840301882457
0.268533114879335 0.80515388948574
0.290880910407619 0.795126886498465
0.310307917369922 0.786404964240832
0.280959224575336 0.799579823404481
0.268434674660414 0.805198249421358
0.276919609672997 0.801392501889101
0.266508394992105 0.806062229735636
0.277285225166056 0.801227506339934
0.31146078725474 0.785887456391624
0.267103213115234 0.8057955024104
0.269157293796677 0.804874483299988
0.298594025677164 0.791665487700864
0.267514647331792 0.805610757682706
0.261504619389334 0.808306822593912
0.290880910407619 0.795126886498465
0.356758110590323 0.765536359934021
0.276919609672997 0.801392501889101
0.278924610340523 0.800492799176868
0.262617783522729 0.807807594037864
0.266561757150835 0.806038528157743
0.290292423061794 0.795391851635681
0.365037620357619 0.76180988841787
0.275057775105746 0.802227312246003
0.261593257603843 0.808267064903656
0.273769978049662 0.802805371890015
0.270776333352524 0.804148379521544
0.3031100514554 0.789637799082021
0.263587147827439 0.807372763858007
0.270166683611369 0.804421025693954
0.261504619389334 0.808306822593912
0.3031100514554 0.789637799082021
0.264105117381906 0.807140614678539
0.267281282935778 0.805715743328688
0.261504619389334 0.808306822593912
0.334454228816924 0.775562611429048
0.272550899926848 0.803351971183924
0.263580460685141 0.807375845385888
0.266561168825914 0.806038773810962
0.289025399461232 0.795960336651154
0.27306981804194 0.803119677672886
0.318455045759282 0.782747720737896
0.264989328160776 0.806743652590247
0.312979226988974 0.785205494095017
0.290478770688429 0.795307150761671
0.276853200094981 0.801421694028301
0.28421505913796 0.798119493872185
0.290572356758794 0.795265695858316
0.28907015030614 0.795940257747394
0.270309660224273 0.804356885119785
0.318111572073171 0.782902074619473
0.261508221371404 0.8083052066748
0.278889796852391 0.800508672890291
0.264336132395813 0.807036934649567
0.291284910778374 0.794945944196003
0.266570037580852 0.806034795070459
0.273842563373979 0.80277222850417
0.335622430003034 0.775037146680854
0.276713827391466 0.801484385981752
0.261504706911114 0.808306783329776
0.268533114879335 0.80515388948574
0.278924610340523 0.800492799176868
0.278889796852391 0.800508672890291
0.345246171036619 0.770712082159785
0.269200831667429 0.804854547140769
0.262849069581442 0.807703822785827
0.312123146309799 0.785593121781458
0.264684444509667 0.806880693712053
0.281496637032589 0.799337939889622
0.319654244195137 0.782209027907101
0.267281282935778 0.805715743328688
0.269714328884588 0.804624019500398
0.264898731414477 0.806784613872494
0.268348671675617 0.805236908160627
0.270312879474998 0.804355440040951
0.261504619389334 0.808306822593912
0.321767994924044 0.781261368944576
0.272344539994865 0.803445217092986
0.270415229092077 0.804310409393099
0.280380864521877 0.799838402794309
0.28907015030614 0.795940257747394
0.303223193363597 0.78958701515373
0.341832057892335 0.772246514434095
0.362327907303253 0.763028463513162
0.277915574940411 0.800945349183914
0.27919938264491 0.800368629813499
0.261436092509729 0.808337560269749
0.273081060539541 0.803113860904515
0.265015767480523 0.806731759063582
0.285661752188227 0.797468981218356
0.268486250982934 0.805175437900745
0.2739245014114 0.802735469495992
0.270990662141906 0.80405144146904
0.305099505607694 0.788745541785642
0.266576444545769 0.806031918588512
0.310775185742378 0.78619504360209
0.276895410375923 0.801402080352203
0.273717378929067 0.802828088898936
0.269056388151415 0.804919744236399
0.27442448564196 0.802511150328271
0.26936425823894 0.80478115582157
0.267245438622 0.805731541002845
0.28537712017761 0.797596691484422
0.283975190344416 0.798226561208593
0.269005480227224 0.804941913940883
0.312563729439453 0.785393539667757
0.279576778812554 0.800198896308474
0.308829221814265 0.787069240094738
0.27714917859332 0.801289149919788
0.275670533195555 0.80195161699704
0.270388031226341 0.804321834344465
0.31351149016608 0.784966466376737
0.302681852973548 0.789830109647991
0.267632866799099 0.805558122856458
0.268164511637876 0.805319256919399
0.261436092509729 0.808337560269749
0.275670533195555 0.80195161699704
0.267895553714458 0.805440311698616
0.261436092509729 0.808337560269749
0.269418518115846 0.804756602302612
0.265080148675491 0.806703025958754
0.267803559468089 0.805481489759304
0.271852058751964 0.803665250347197
0.295229751457135 0.7931752903378
0.270936326552878 0.804075806942921
0.337595514928709 0.774150869543067
0.274544164284717 0.80245747126375
0.276895410375923 0.801402080352203
0.266677755225876 0.805986472012734
0.279287456829667 0.800329089236544
0.288414188131606 0.796234115522007
0.288374117051021 0.79625205991829
0.261436092509729 0.808337560269749
0.305706541749951 0.78847172380306
0.273937079363326 0.802730041448338
0.273359700292948 0.80298893183411
0.274544164284717 0.80245747126375
0.28537712017761 0.797596691484422
0.274162112416619 0.802628764726008
0.304910932000909 0.788828795287386
0.261224193556555 0.808432636912577
0.280601455979612 0.79973951542835
0.273777806685052 0.802801692382291
0.261224193556555 0.808432636912577
0.313416274655028 0.78500924794594
0.265142181388732 0.806675464397765
0.385641031394559 0.75254216045609
0.268992729202834 0.804947824879644
0.338819299087821 0.773599132332211
0.272308813390591 0.80345981783208
0.276054624575183 0.801780093895619
0.356437087362837 0.765679866853301
0.281747384369186 0.799226135099667
0.274544164284717 0.80245747126375
0.261183179476752 0.808451031679217
0.278949746186533 0.80048135031615
0.277901301706248 0.80095165323885
0.275210852219488 0.802159114426539
0.271091022786146 0.804007095532321
0.260329511473755 0.808833884327433
0.279830019075028 0.800086263333826
0.268494817950079 0.805171396932964
0.276890567182428 0.801405091724371
0.260255356760123 0.808867143956898
0.279737769588481 0.800127848522908
0.302681852973548 0.789830109647991
0.260492502889943 0.808760764029643
0.393215354413227 0.749121620566896
0.262142067249477 0.80802091969405
0.271596225476688 0.803779937353582
0.271112675647725 0.803997055797254
0.260255356760123 0.808867143956898
0.264514641471714 0.806956845480023
0.264607968012009 0.80691494274257
0.276702381041885 0.80148914252605
0.339004106591132 0.773516087624184
0.273528098263847 0.802913069939884
0.26166940822337 0.80823299821556
0.352454072926007 0.767471954580298
0.304565958917209 0.788983685593765
0.272219156745962 0.803500223112379
0.263037076621029 0.807619545920084
0.338819299087821 0.773599132332211
0.267652765723362 0.805549116574796
0.266555462248501 0.806041341302839
0.272878372925082 0.803205099738779
0.276607409602741 0.80153142772693
0.281688707414505 0.799252164321736
0.274802902016222 0.802342126218307
0.269403463065498 0.804763356313647
0.304910932000909 0.788828795287386
0.269403463065498 0.804763356313647
0.265142181388732 0.806675464397765
0.273053149292214 0.803125956116591
0.268314212196664 0.805252474489622
0.285883247253621 0.797370645087621
0.266555462248501 0.806041341302839
0.302681852973548 0.789830109647991
0.278109021796496 0.800857843622647
0.362965685277427 0.762742597682106
0.266563211029342 0.806037866106807
0.278949746186533 0.80048135031615
0.28249427761198 0.798890223030896
0.281797736364626 0.799203291412149
0.265578998412383 0.806479260223108
0.279375868781733 0.800289688170066
0.267347806886482 0.805685919979584
0.360412780484995 0.763894864421126
0.281688707414505 0.799252164321736
0.265578998412383 0.806479260223108
0.26031979946258 0.80883824393824
0.261411112625713 0.808348760798771
0.283596776210548 0.798395457289559
0.280090942428893 0.799968626038477
0.303036127696635 0.789671332543413
0.270769044946217 0.804151810745857
0.277414699296286 0.801169152100751
0.266201491479142 0.806200344110381
0.350686264424762 0.768264033936745
0.287285541090305 0.796741650262975
0.267086266964835 0.805803211725099
0.274577524499 0.802442305265034
0.260255356760123 0.808867143956898
0.27921409087712 0.800362374492919
0.355522807021239 0.766091448230077
0.25915969005049 0.809358590529016
0.261508221371404 0.8083052066748
0.26798355829017 0.805400764793245
0.28307568008 0.79862993698233
0.266445383801348 0.806090683362932
0.267616979898734 0.805564994604595
0.278111412086305 0.800856769496379
0.308818610519888 0.787074006308423
0.353996831888074 0.766776695101243
0.274264727296111 0.802582773439917
0.268781021982508 0.805042942720863
0.270595576086028 0.804228780829119
0.261178188224288 0.808453231422447
0.267539387761657 0.80559999425949
0.291536937256779 0.794833023904443
0.270264873810797 0.804377440163473
0.283596776210548 0.798395457289559
0.268399139420671 0.805214415355636
0.262530264241028 0.807846810098421
0.270647318201415 0.804205510643581
0.268142256644956 0.805329583867016
0.283911786201753 0.798255955323903
0.284196106840972 0.798128045885543
0.262530264241028 0.807846810098421
0.262339658235459 0.807932369400533
0.354068715615489 0.766746137919137
0.310070698549415 0.786511571398393
0.266938462793505 0.805869332425618
0.275338520041916 0.80210111202831
0.293243226888935 0.794067137342127
0.273503174958207 0.802924248758289
0.278247070209168 0.800795866801099
0.277414699296286 0.801169152100751
0.307422148899145 0.787700901731932
0.309566770390809 0.786739104262868
0.392805780774698 0.749313134842321
0.262800691667447 0.807725597679559
0.261199478765944 0.808443690098967
0.262339658235459 0.807932369400533
0.328127131421848 0.778407431872012
0.306233063483227 0.788234744332063
0.26692755675532 0.805874593061571
0.269123336475813 0.804889803862223
0.279454830898995 0.800254868571126
0.267539387761657 0.80559999425949
0.273216395394783 0.803053450282921
0.262005162294214 0.808082339640138
0.265631762199371 0.806455618939755
0.261506201499734 0.808306110464425
0.264502647928695 0.806962224474539
0.287713626885046 0.796549349386114
0.309566770390809 0.786739104262868
0.26115551014596 0.808463400044154
0.264685588875755 0.806880177204426
0.284774911880479 0.797867942525276
0.273528098263847 0.802913069939884
0.258823597286494 0.809509329836859
0.264423859532101 0.806997569534953
0.271617947041727 0.803770804500945
0.273545893886603 0.802905088054709
0.360677260345379 0.76377581399139
0.262877064724538 0.807691320146199
0.277524920204967 0.801120456020582
0.278459029353485 0.80070119526111
0.273779381848733 0.802800398256052
0.262458839843861 0.807878914530001
0.270596994766198 0.804228748880097
0.268743613290171 0.805059720605612
0.273482330811747 0.802933605017317
0.295211061422549 0.793185101403928
0.264425321022553 0.806996738290397
0.275652926235324 0.801960655814834
0.266849461713455 0.805909393636087
0.272944558772305 0.803175686809897
0.276346183138505 0.801649076142461
0.263084553846133 0.807598252497767
0.277889525803717 0.800956562412092
0.258866880197526 0.809489920113881
0.263752414242308 0.807298623280748
0.267476264226095 0.80562830949094
0.269564557989445 0.804691319671409
0.277509081935647 0.801127496601724
0.281807908890222 0.799198233823323
0.263182492061134 0.807554334186402
0.303759849371206 0.789347047804833
0.300794350724621 0.790677758069802
0.25859389409945 0.809612354472411
0.26115551014596 0.808463400044154
0.265204880445841 0.806647120939972
0.279276673974232 0.800334753141348
0.258316009949193 0.809736992932812
0.272944558772305 0.803175686809897
0.259542049832798 0.809187086868519
0.392712407549355 0.749355303487371
0.258382746137197 0.809707052290705
0.262005162294214 0.808082339640138
0.269290001952105 0.804815075288642
0.276149547271376 0.801737396441559
0.264399710862264 0.807008398238375
0.292026238306335 0.794612738604251
0.278266888179762 0.800787601500544
0.298002448353126 0.791931260770582
0.262005162294214 0.808082339640138
0.267479962731831 0.805626636978543
0.283373123068718 0.798496547790178
0.281766580849216 0.799217105723071
0.269214980241766 0.804848376174457
0.279467754891582 0.800249071074558
0.275872442488082 0.801861484229861
0.300767964731579 0.790690444470274
0.271617947041727 0.803770804500945
0.279179753287859 0.800377982066843
0.261920438996841 0.808120369990158
0.294172866462727 0.793648982112139
0.278086425117373 0.800867852550734
0.267111690234387 0.805791678468317
0.275068436446452 0.802222190126649
0.27851576284097 0.800675278078224
0.391765404914489 0.749782558727209
0.268741895187147 0.805060544176719
0.313356867422134 0.785036119268567
0.283476734835473 0.79844990934141
0.277177226456247 0.801276363434872
0.272660917207579 0.803303076259563
0.262001082373336 0.808084168683792
0.276025697113267 0.801792804930554
0.262868134124586 0.807695333950949
0.269291703876187 0.8048140023011
0.272261963601035 0.80348171145937
0.263752414242308 0.807298623280748
0.262836910439015 0.807709310930024
0.266743802279887 0.805957112990041
0.278325656044465 0.800761525590571
0.278325296813107 0.800761569496528
0.282651170426525 0.798820326701837
0.264032598858099 0.807173100307361
0.282128478338062 0.799054944480166
0.275786939004109 0.801900754762542
0.264423859532101 0.806997569534953
0.288735384901613 0.796090454595146
0.268178365227671 0.805313207370205
0.2771502601127 0.801288388290528
0.356936776146273 0.765457885953685
0.25960938839956 0.809156883616995
0.261899123757038 0.808129900500863
0.275459321480497 0.802047540063182
0.26115551014596 0.808463400044154
0.258110417349694 0.80982921019441
0.263920695172389 0.807223165278609
0.266160848673364 0.806218293013965
0.354773446004693 0.766427760283799
0.263579489636413 0.807376250029691
0.278029936232953 0.800894307311351
0.285653881717189 0.797473265506086
0.265030882121496 0.806725318134156
0.26115551014596 0.808463400044154
0.259781365986489 0.80907973762963
0.301171463787695 0.790510210638273
0.272466732763595 0.803389512335319
0.260385343106844 0.808808835494492
0.272308329124012 0.803460655831698
0.271588934053685 0.803783574884952
0.264285874281175 0.807059516498288
0.270508428563724 0.804268186688377
0.269875348914351 0.80455282300338
0.260618698705943 0.808704165645538
0.308856861186246 0.787058477401519
0.270508428563724 0.804268186688377
0.258088909053365 0.809838857508424
0.303982716070035 0.789247300924915
0.267465202516902 0.805633386582148
0.259542049832798 0.809187086868519
0.269630903719464 0.804661739587001
0.266598834605926 0.806021994679656
0.26115551014596 0.808463400044154
0.262868134124586 0.807695333950949
0.277419092276881 0.801168980099358
0.269057370538397 0.804919153869376
0.278035354322376 0.80089149799355
0.26536669213282 0.806574625432802
0.264099467697803 0.807143074307019
0.26728705445811 0.805713399277364
0.284198672675166 0.798126968330326
0.29847887888953 0.791715646527175
0.265631762199371 0.806455618939755
0.286231316363158 0.797214525292669
0.264590690519026 0.806922792377602
0.265840088954771 0.80636228063947
0.262811758702976 0.807720587078599
0.258088909053365 0.809838857508424
0.343023079662984 0.771711021764317
0.266102374344589 0.806244792052698
0.283162004776313 0.798591250987309
0.259594349635694 0.809163628255199
0.264032598858099 0.807173100307361
0.388808390278997 0.751107296346869
0.392919612175544 0.749259447023722
0.395278585043044 0.748193085092557
0.389188835417024 0.750934405297139
0.394668593967915 0.74846790027241
0.386203887258533 0.752280953717948
0.388771535224269 0.751123897658039
0.375226606341926 0.7572262975594
0.388808390278997 0.751107296346869
0.394673336243011 0.74846576118381
0.39648387001638 0.747649349070648
0.394749758302033 0.748431012636684
0.396398755906298 0.747688322983421
0.376248068819306 0.756762892227262
0.382853586133622 0.753789035280309
0.375619267485382 0.757051894669595
0.382720604198482 0.753848908172336
0.386205172750009 0.752279779105996
0.39648387001638 0.747649349070648
0.383999813414796 0.75327172027322
0.38287124208877 0.75378138867673
0.378002554975358 0.755973240143819
0.384995858340073 0.752822960874721
0.392941549508251 0.749245857412624
0.39648387001638 0.747649349070648
0.37982042336666 0.755155374770033
0.391035132511407 0.750104184835291
0.389270596995593 0.750904357693935
0.384995858340073 0.752822960874721
0.386448901101724 0.752169936244966
0.386685901620352 0.752062416404527
0.377695125295128 0.756113424725108
0.372236534467566 0.758571386656304
0.372084861233726 0.758639926633308
0.386425888034938 0.752179355275598
0.386205172750009 0.752279779105996
0.385967161601144 0.752386058675943
0.383999813414796 0.75327172027322
0.372236534467566 0.758571386656304
0.372236534467566 0.758571386656304
0.376703418182978 0.756560683940336
0.380891646126218 0.754674177220074
0.396699561813646 0.747553999292607
0.328718639231759 0.778142621080758
0.38462640461713 0.752989946453648
0.328287098280457 0.778334607477889
0.289241234099127 0.795862313264155
0.369872994073193 0.759632384981833
0.396542688274033 0.747625490128235
0.28929121468887 0.795839856737435
0.356340470623872 0.765725121305934
0.286493905290919 0.797096006526523
0.328287098280457 0.778334607477889
0.290916856357549 0.795110465164651
0.289241234099127 0.795862313264155
0.286493905290919 0.797096006526523
0.365056291448605 0.761803440030788
0.380891646126218 0.754674177220074
0.350973133312757 0.768139826053811
0.296684835164358 0.792521353537305
0.295556474389238 0.793027785234797
0.357118546014528 0.765376709978168
0.331151877497524 0.777044493110953
0.286652267836289 0.797024936518691
0.285837667947964 0.797390661508282
0.295374179822527 0.793109594061519
0.349717459383356 0.768704181641994
0.295174261506494 0.793199282871702
0.351908642080454 0.767719071394348
0.294443140905621 0.793527435087341
0.379971823909101 0.755086344442742
0.350201883482733 0.768486889862824
0.306503887124232 0.788114068102422
0.379841181302959 0.755146039727752
0.295556474389238 0.793027785234797
0.349717459383356 0.768704181641994
0.282114887957125 0.799060722470099
0.301373951346817 0.79041719131049
0.3792493547578 0.755413320250861
0.381094024622206 0.754583090923547
0.350542044517527 0.768329169270081
0.309835594445311 0.78661863366546
0.285799320413746 0.797407811968665
0.352784432130246 0.767325357902485
0.368506430625111 0.760247751351527
0.280220853424942 0.799911228888735
0.391860384431798 0.74973670986037
0.30015686846186 0.79096327282011
0.350105511484564 0.768525028756516
0.380786098737283 0.754721697278141
0.351908642080454 0.767719071394348
0.294917493088342 0.79331582042249
0.296070749604902 0.792798182795169
0.379308999356222 0.755386056384322
0.282114887957125 0.799060722470099
0.280207921286487 0.799917033093652
0.367511558749109 0.7606943814722
0.284858816514534 0.797829125934402
0.282117398141355 0.799059596234344
0.367676257775175 0.760620174316294
0.379641187553985 0.755235085703393
0.37040019143073 0.759397764299287
0.291920396664767 0.794659510599443
0.342886514969942 0.771773649625453
0.28146229724235 0.799353521719891
0.381526070243215 0.754388386556019
0.273501228049651 0.802926260490743
0.360025584799759 0.764065740204819
0.286652267836289 0.797024936518691
0.28478188796709 0.797864710349851
0.290938271363365 0.795101748280424
0.281426353992562 0.799369690744604
0.282117398141355 0.799059596234344
0.286516891302444 0.797085708671155
0.308807024614464 0.787080740862232
0.293911325149066 0.793768619717695
0.296070749604902 0.792798182795169
0.273891687444854 0.802751133670535
0.369083150131109 0.759988839627671
0.336399107767019 0.774686640305259
0.381113007467925 0.754573470645089
0.321241719197831 0.781497553939321
0.345013992625283 0.770815863207492
0.345481060765094 0.770607055781255
0.286516891302444 0.797085708671155
0.294261985816658 0.793609418361883
0.35161860094754 0.767846777155488
0.368887873422124 0.760079574885889
0.300346385598359 0.79087895402836
0.346437786780353 0.770177391631393
0.286652267836289 0.797024936518691
0.291972261855816 0.794637778893689
0.294261985816658 0.793609418361883
0.28944351761857 0.795772066881076
0.29242000470954 0.794436126599896
0.300482713992881 0.790818472330496
0.291542384523102 0.794829652855376
0.331103547348086 0.777069564608028
0.346676583730633 0.770067509545779
0.361707169533461 0.763305540318733
0.293231126897103 0.794071332263462
0.284996423005901 0.797767121291254
0.292420243970146 0.794436019232392
0.351879775049141 0.767729554512743
0.291219692104626 0.794974920468302
0.293202694450113 0.794084116381953
0.362617908758032 0.762902431728547
0.293284388253638 0.794047410871905
0.286516891302444 0.797085708671155
0.327340675137303 0.778757707317277
0.279537443721239 0.800217637030871
0.320976446020213 0.781617778558914
0.280368382320667 0.799844741473024
0.279516577177508 0.800226973556053
0.270615369827394 0.804220249466705
0.28564290620787 0.797478896438275
0.396687134646667 0.747561213466105
0.291542384523102 0.794829652855376
0.322967569510639 0.780721805416984
0.315986209955865 0.783856265025359
0.271440517075628 0.803849693013794
0.289603207206516 0.795700946555464
0.363962484566499 0.762298635456431
0.304364364370256 0.789073310498354
0.315912433615859 0.783889401585043
0.378348218073061 0.755826433383894
0.279516577177508 0.800226973556053
0.270615369827394 0.804220249466705
0.315986209955865 0.783856265025359
0.307498332776178 0.787667473861256
0.271685941654469 0.803740091472231
0.286171579815508 0.797239769848748
0.29616376763038 0.792757090177882
0.281446743630591 0.799361348811452
0.270912311671919 0.804087086531704
0.279516577177508 0.800226973556053
0.270615369827394 0.804220249466705
0.304019309568104 0.789228286476723
0.276801432594632 0.801446004487167
0.270615369827394 0.804220249466705
0.30440606767771 0.789054651113184
0.289673848229589 0.795670199118587
0.285923497786403 0.79735243722993
0.273243567705224 0.803041752698657
0.270615369827394 0.804220249466705
0.279432719438939 0.800264294325739
0.276224775107931 0.801704022997548
0.272137219790263 0.80353791582116
0.27049586034464 0.804274070081499
0.267394572675095 0.805665122786049
0.331763432419241 0.776773161974853
0.27841323848785 0.800722289409443
0.302206637544338 0.790045397196136
0.271948791447288 0.803621839350157
0.280320737535831 0.799866611609224
0.268190071025247 0.805308370611337
0.275878364583169 0.801859226786483
0.267896380267652 0.805440094360456
0.323346501228702 0.780553600379017
0.302206637544338 0.790045397196136
0.273030057474782 0.803137229380847
0.274611874000308 0.802427642325532
0.267135475459304 0.805781331732189
0.276981635440607 0.801365186718819
0.342667672093294 0.771868594971228
0.285038869337597 0.797748386305195
0.271243840717898 0.803938139308281
0.268200716593805 0.805303595578503
0.3520160975288 0.767667496314098
0.352087040616115 0.767635914004688
0.30835069418627 0.787286101466263
0.27420181423201 0.802611456602924
0.302600953399896 0.789866546014694
0.274157745364323 0.802631404949582
0.351230140108365 0.768020412757647
0.281446743630591 0.799361348811452
0.320298607091963 0.781921263084687
0.284558233703286 0.797965333435245
0.340024249784771 0.773055727113923
0.267896175941703 0.80544016844278
0.269300611761465 0.804810345692774
0.296856866711156 0.792446372573406
0.269687250037126 0.804636418810741
0.27542542533558 0.802062533631202
0.273972106968464 0.802714995563224
0.283337615020165 0.798512383839227
0.279407530492212 0.800276096448487
0.303691659351493 0.789375385922724
0.269500887215339 0.804720166667317
0.275672706585578 0.801951590115083
0.299415007045487 0.791296342865515
0.871823353168077 0.261749428971408
0.873595417581025 0.258896116874622
0.876179848450704 0.254741762611683
0.87339050130546 0.25923632535975
0.876541586787087 0.254162115230595
0.918832249152358 0.186113301343445
0.314102549410082 0.784703763142221
0.347745229228233 0.769583348953769
0.347727549045804 0.769591302637246
0.379085437765176 0.755493202496647
0.346942114647118 0.769948715570561
0.349457738328247 0.768822510109808
0.333687084812054 0.775905264445758
0.35411075110452 0.766724305201495
0.349457738328247 0.768822510109808
0.349457738328247 0.768822510109808
0.350333385368798 0.768426713744981
0.279877177333659 0.800065436941623
0.327888905729781 0.778513598373392
0.276540743843444 0.801563091051835
0.392821538997182 0.749306177068927
0.332976759363353 0.776223700365757
0.29246832859079 0.794415479082306
0.294375221084121 0.793558605316208
0.29246832859079 0.794415479082306
0.271836581286402 0.803672555489859
0.268803046828844 0.805033061369848
0.280053210995592 0.799986620885306
0.269181715861937 0.804863181241615
0.341873453481003 0.772224953198854
0.295048517343381 0.793256364911315
0.26385386729583 0.807253187132054
0.26385386729583 0.807253187132054
0.268572557267016 0.805136623810186
0.263977476211249 0.807197786767358
0.270468834074361 0.804286464694812
0.263077667907069 0.807601351392472
0.297518983139815 0.792149842276345
0.281972351847422 0.799125148931856
0.300772775767187 0.790687993429246
0.283232951350462 0.798560505298544
0.270468834074361 0.804286464694812
0.276246360237938 0.801695602472492
0.263376917197209 0.807467147863922
0.300772775767187 0.790687993429246
0.263077667907069 0.807601351392472
0.275281315754848 0.80212730541321
0.263491238703479 0.807415901861459
0.26347512796894 0.80742307938111
0.267673052669171 0.805540513360273
0.27295131057926 0.803172572115462
0.263977476211249 0.807197786767358
0.264672187727874 0.80688606670754
0.263077667907069 0.807601351392472
0.266853579993862 0.805907995140239
0.270468834074361 0.804286464694812
0.263077667907069 0.807601351392472
0.262555865970959 0.807835384757262
0.263077667907069 0.807601351392472
0.272764385749294 0.803256326790945
0.266853579993862 0.805907995140239
0.266853579993862 0.805907995140239
0.265458301640295 0.806533656863125
0.26936597519618 0.804780718796229
0.270407782609519 0.804313806518287
0.263214868731851 0.807539847752458
0.270215241477247 0.804400130671161
0.270312098709325 0.804356545347268
0.273669712035926 0.802850365344707
0.26546386990701 0.806531158786772
0.272764385749294 0.803256326790945
0.278152847224874 0.800839275625676
0.263036492783642 0.807619858480246
0.288214620463945 0.796324461323949
0.266194396656763 0.806203242613405
0.272764385749294 0.803256326790945
0.265859633524775 0.806353290427057
0.267066094012694 0.805812675722051
0.290180624408305 0.795442594777372
0.280380726518607 0.799839056983313
0.279029861993904 0.800445558207231
0.279432344870265 0.800264759596553
0.354875620493175 0.766382470180309
0.264295818001265 0.807054868931364
0.262285121631883 0.807956848729884
0.279029861993904 0.800445558207231
0.264196233123915 0.807099419113619
0.263214868731851 0.807539847752458
0.292945320452118 0.794200943114737
0.299838461495711 0.791107798366303
0.26928092340814 0.80481891770965
0.279839423225744 0.800082663765252
0.299838461495711 0.791107798366303
0.284811735842915 0.797851027181151
0.262285121631883 0.807956848729884
0.292980964563823 0.794186926737054
0.299483680721251 0.791265412233388
0.273436977265866 0.802954598953982
0.277693186893798 0.801045210254181
0.297359111640921 0.792220187587156
0.273341191395816 0.80299768026957
0.262285121631883 0.807956848729884
0.285357885474546 0.797606367548019
0.292376840028049 0.794456251839642
0.271379963607787 0.803877625604075
0.266966212961232 0.80585742354401
0.269236948366309 0.804838400688902
0.269224513885923 0.804843981132589
0.269736866863743 0.804614435746807
0.274218385302302 0.802603965604379
0.264933794631389 0.806768735410841
0.26677579988726 0.805942827135723
0.262803477866581 0.807724098869983
0.275269532894327 0.802133131311827
0.263251639210539 0.807523171380223
0.287487167394727 0.796651128535065
0.262285121631883 0.807956848729884
0.263372411127155 0.807469003852619
0.266130361966138 0.806231968460386
0.265951336050115 0.806312175442724
0.270351209097263 0.804339201319173
0.269200421180674 0.804854787470143
0.273756892071568 0.802810225028601
0.263571477990404 0.807379794024315
0.303579269498762 0.789428189296225
0.274218385302302 0.802603965604379
0.262479283438932 0.807869770447575
0.302567825954647 0.789882730831605
0.282745760503031 0.798776834056491
0.261246501462792 0.808422666501739
0.270670672405233 0.804195478137361
0.292147870836543 0.794558105462083
0.343954232848833 0.771295086683442
0.346603482242387 0.77009972010584
0.302142871751415 0.790074679271511
0.268210846895313 0.805298744180234
0.271415955992477 0.803861464151895
0.266430933396528 0.8060971559085
0.271374599361447 0.803879937002739
0.274648979131132 0.802410876842621
0.261246501462792 0.808422666501739
0.265929860800915 0.806321795858425
0.268210846895313 0.805298744180234
0.269181715861937 0.804863181241615
0.261457395607173 0.808328079009449
0.306187814217297 0.788256954681138
0.274266244192327 0.802582516964624
0.261343808894837 0.808379025936616
0.266131540369233 0.806231325266098
0.261561928458933 0.808281162958708
0.346694101967037 0.770058907190568
0.302568741652876 0.789882318120889
0.265123388255907 0.806683950356199
0.346603482242387 0.77009972010584
0.265018439172923 0.806730595646526
0.262479283438932 0.807869770447575
0.263732794915529 0.807307336045342
0.261248296196529 0.808421861579533
0.302567825954647 0.789882730831605
0.261246501462792 0.808422666501739
0.343954232848833 0.771295086683442
0.339384064915372 0.77335006104167
0.274867356125807 0.8023124856136
0.262140299652238 0.808021804401745
0.269807552662267 0.804582084591742
0.268210846895313 0.805298744180234
0.263965985056653 0.80720276843748
0.266175140794787 0.806211767248565
0.265446155889731 0.806538821347698
0.280276277508412 0.799885844016445
0.29056663146855 0.795267558404275
0.266175140794787 0.806211767248565
0.263732712478544 0.807307372984394
0.275667598403405 0.801953945365143
0.274647392571825 0.802412373335886
0.262711368321336 0.807765617191889
0.262949664733464 0.807658731874333
0.388024213432485 0.751459776165234
0.269988133190638 0.804501116765735
0.274647392571825 0.802412373335886
0.264199462860588 0.807098298548862
0.396027384055715 0.74785654828927
0.29198753473982 0.794629850200848
0.292037208618483 0.794607825718331
0.261246501462792 0.808422666501739
0.266602555215201 0.806020096577163
0.261196926670474 0.808444896578567
0.266173299195972 0.806213021172952
0.291539115535063 0.794831150739102
0.262734730194864 0.807755170924727
0.312802202254478 0.78528607242305
0.26939185114731 0.804769252850721
0.373619831519234 0.757954380110455
0.261136455008737 0.808472018022823
0.277647269608195 0.801064924587826
0.277885915769333 0.800958258228789
0.263732712478544 0.807307372984394
0.298236508967416 0.79182487160613
0.292147870836543 0.794558105462083
0.26373670179444 0.807305740127438
0.278892979689008 0.800507375958681
0.273282533644854 0.803023955491943
0.387623506792766 0.751641414631238
0.268137911352185 0.805331456308803
0.287566258721162 0.796616322851893
0.397038718250694 0.747400496430267
0.276839430245247 0.801428233527505
0.269732583308867 0.80461628859509
0.263151140101794 0.807568413626794
0.316339215251269 0.783697867118643
0.269507901320364 0.804716613650918
0.313602019688805 0.784927001408872
0.261005677763359 0.808530670419998
0.277101919634174 0.801310250689301
0.312802202254478 0.78528607242305
0.272020274130316 0.803589889170363
0.272871008889163 0.803208282208885
0.397234593724 0.747312712431203
0.312802202254478 0.78528607242305
0.277101919634174 0.801310250689301
0.283985430798763 0.798222051943508
0.26505040516042 0.806716255391724
0.289980664176363 0.795531652497228
0.272229250522764 0.803496532431804
0.272122503479435 0.803544142941447
0.270439333321418 0.80429944250442
0.269395160483023 0.804767769055083
0.312282775527036 0.785519623005765
0.268137911352185 0.805331456308803
0.26463147432579 0.806904461304899
0.277041890191386 0.801337262582153
0.27271574005473 0.803278026342133
0.268137911352185 0.805331456308803
0.268056624792581 0.80536766634785
0.329932408134906 0.777592866580612
0.267067995196923 0.805811318102787
0.272666197846726 0.803300915516859
0.283148079017344 0.798598408668714
0.267722371626711 0.805518207673229
0.266655387141061 0.805996405552553
0.27493541431816 0.802282363430851
0.329547764339403 0.777765195546112
0.308747031287694 0.787107119211797
0.265333678152076 0.806589594213238
0.274895526871198 0.802300281313716
0.396520064134098 0.747634569307328
0.308590937609873 0.787178107254576
0.261005677763359 0.808530670419998
0.281260699780058 0.799445624427855
0.322678067426084 0.780851370384427
0.264135489622891 0.807126896723917
0.261048319454033 0.808511537705845
0.267415916104516 0.805655090406533
0.266595358483177 0.806023406686467
0.281260699780058 0.799445624427855
0.275264060671079 0.802134970284609
0.268521508527493 0.8051595254109
0.318745354060713 0.782620236604888
0.265337067133212 0.80658807440091
0.292490953461468 0.79440523669804
0.283985430798763 0.798222051943508
0.275264060671079 0.802134970284609
0.267882817093661 0.805445995260422
0.262841530058556 0.807707313263582
0.261005677763359 0.808530670419998
0.271586400555091 0.803784854860207
0.263212507572455 0.807540888756687
0.261647041341988 0.808243042327542
0.262836429302565 0.80770956501042
0.267262626674722 0.805723998242379
0.272883621387922 0.803202345373229
0.311044964245269 0.786073939663853
0.301991923901618 0.790140641608357
0.263212507572455 0.807540888756687
0.265337067133212 0.80658807440091
0.261024370154454 0.808522287089188
0.26591983528817 0.806326659360846
0.305119822603078 0.788737152672203
0.290436169907982 0.795326365610275
0.263213228782385 0.8075405654731
0.261005677763359 0.808530670419998
0.263212507572455 0.807540888756687
0.263213228782385 0.8075405654731
0.266037202575669 0.806273890093388
0.284161549494896 0.798143029310641
0.285841892086346 0.797388948498465
0.263223544401849 0.807535885685416
0.261024370154454 0.808522287089188
0.292490953461468 0.79440523669804
0.266845793878136 0.805910983556085
0.263223544401849 0.807535885685416
0.268805768647568 0.805031994020784
0.305163026755899 0.788715727792584
0.281237549613412 0.79945571195176
0.264202388635015 0.807096826454836
0.262155800477266 0.80801477742966
0.274286050320995 0.80257383457075
0.265229762473144 0.806636211608371
0.263454436350405 0.807432165630394
0.264126845076295 0.807130730635605
0.261005677763359 0.808530670419998
0.266037202575669 0.806273890093388
0.272104605519614 0.803552307066219
0.262137406122236 0.80802302736612
0.285841892086346 0.797388948498465
0.275738706828129 0.801922123650825
0.264979403548617 0.806748060132238
0.270943047873756 0.804073218690005
0.265943322665158 0.806315760113674
0.264202388635015 0.807096826454836
0.26240717557683 0.807902003437155
0.388701971264322 0.751158828914369
0.267259147580626 0.805725559522601
0.261020230953485 0.808524143476695
0.261009851233393 0.808528799812734
0.264665238032291 0.806888988538722
0.386424353087818 0.752183349374696
0.284161549494896 0.798143029310641
0.267250942179498 0.805729174650214
0.270277574201757 0.804372077008992
0.273654882603619 0.802856507856373
0.268594371323383 0.805126380233554
0.261005677763359 0.808530670419998
0.265943322665158 0.806315760113674
0.276598699635682 0.801536352009604
0.262937107692634 0.807664412046467
0.27090215893172 0.804091691362198
0.267486855825397 0.805623312233594
0.381356863027563 0.754465344940298
0.274151795485544 0.802634020415387
0.339907202196984 0.773112329404305
0.262090791675244 0.808043933931929
0.287611332177039 0.79659533878521
0.26130380511107 0.808396941205452
0.263454436350405 0.807432165630394
0.263034102978962 0.807620876436323
0.267261156774311 0.805724598100039
0.262155800477266 0.80801477742966
0.272480353522696 0.803383629370597
0.260986551378443 0.808539248678223
0.264767323013577 0.80684335743327
0.267316893131028 0.805699557850135
0.260457348286681 0.808776600451682
0.260457348286681 0.808776600451682
0.268848792442995 0.805012745426059
0.279003322568814 0.800457670549312
0.263570193768371 0.807380352140365
0.266972868598126 0.805853868090196
0.270212335699669 0.804400728321207
0.272733975258985 0.803269811112875
0.261804086821164 0.808172566047969
0.27019403153914 0.804409588706701
0.275158836720535 0.802181785918284
0.341438196546431 0.772422886594204
0.25980266258131 0.80907023052979
0.267880844520892 0.805446554195497
0.266927021606049 0.805874720355592
0.267387135339726 0.805668078804381
0.270277574201757 0.804372077008992
0.264416787930401 0.80700051067031
0.26340718151114 0.807453463334293
0.276970506327661 0.801369252572278
0.261821111014065 0.808164932985482
0.267029862807285 0.805828599160536
0.25980266258131 0.80907023052979
0.266210292035412 0.806196149046949
0.26587131913924 0.806348174841614
0.266729272561449 0.805963344888017
0.290208250320074 0.795430007996214
0.337077281089862 0.774383993828939
0.272551360972344 0.803351217054706
0.276899722105351 0.801401335742897
0.267321824829236 0.805697873377514
0.266349482096118 0.806133491145624
0.268657019424387 0.805098830469971
0.276748542641287 0.801468862861811
0.263034102978962 0.807620876436323
0.271427298852483 0.803855919051419
0.271958428207404 0.803618129870692
0.266267414438841 0.806170413819509
0.27154293108092 0.803804516112575
0.271892934203207 0.803647484806902
0.259813589014102 0.809065330282587
0.264914062570994 0.806777675817718
0.264395685439592 0.807010002162634
0.27279903809767 0.803240538632596
0.263063227537344 0.807607860562383
0.27803366252494 0.800892075485396
0.271967985892253 0.80361378645712
0.282294274675565 0.798980381777868
0.264511327314374 0.806958206293161
0.276495938040552 0.801582044565931
0.268321638970344 0.805249233290342
0.266155086310617 0.806220800154994
0.266522625958442 0.806056197057125
0.263947209423738 0.807211286046169
0.261361682041586 0.808371026819886
0.267285393961906 0.805714242761634
0.259743172666946 0.809096912179272
0.276464092552276 0.80159632983871
0.261194474793132 0.808445994219001
0.286777839416459 0.796969209905432
0.272540066845521 0.803356510244831
0.259734575563495 0.809100772104875
0.270277574201757 0.804372077008992
0.312752152946821 0.785309826207445
0.267246986524922 0.805731243468904
0.272369001899383 0.80343361188338
0.289478561776151 0.795756446738085
0.276316873058748 0.801662295298674
0.267321824829236 0.805697873377514
0.279886373052662 0.800060932929548
0.286777839416459 0.796969209905432
0.259643557280746 0.809141593147065
0.26628765844133 0.806161504036172
0.285649106719834 0.797475137802124
0.270318615728104 0.804353674264241
0.284532950166428 0.797975927602999
0.259659929870051 0.809134216080118
0.279398184878945 0.800280499079354
0.895977472755252 0.222905075205927
0.900993167911497 0.214828566991226
0.869287777652151 0.265817221361622
0.902489921585455 0.212420171533897
0.869305136532766 0.265789313550365
0.901019325696802 0.214786432352549
0.276129469235131 0.801746956259924
0.902489921585455 0.212420171533897
0.292680805478649 0.794321312029992
0.873738461055369 0.258671105636934
0.27857619931983 0.80064903574315
0.896919393590439 0.221390977332754
0.292672853226527 0.794324882868072
0.27857619931983 0.80064903574315
0.275621299047639 0.80197485943571
0.87309121106878 0.259713337690733
0.271938570360749 0.803626698030313
0.899332646353943 0.217501848256549
0.287504834663302 0.796642541378838
0.899332646353943 0.217501848256549
0.899332646353943 0.217501848256549
0.278302780230417 0.800771704733956
0.899637708237849 0.217011537320457
0.908607455211231 0.202576606602989
0.899637708237849 0.217011537320457
0.904717267655878 0.208834609800983
0.908607455211231 0.202576606602989
0.278302780230417 0.800771704733956
0.292680805478649 0.794321312029992
0.901029898062619 0.214771078413426
0.281068270313629 0.799531142018231
0.279898141328917 0.800054644082351
0.288894155063278 0.796019509946163
0.272091315693413 0.803558177488342
0.282636442328299 0.798827795581681
0.901029898062619 0.214771078413426
0.287978166844286 0.796430539460818
0.288893545201396 0.796019783146382
0.907927259232136 0.203667606839429
0.288894155063278 0.796019509946163
0.278302780230417 0.800771704733956
0.915553922202765 0.191392969736052
0.907927259232136 0.203667606839429
0.90740454298702 0.20450904060973
0.271938570360749 0.803626698030313
0.291342207481467 0.794919677398812
0.915508188056535 0.191467723015897
0.90740454298702 0.20450904060973
0.29170814441754 0.794757129150714
0.282636442328299 0.798827795581681
0.272418536113601 0.803411322685929
0.281551511529128 0.799314479233156
0.915553922202765 0.191392969736052
0.271938570360749 0.803626698030313
0.915568616109664 0.19136933128478
0.271938570360749 0.803626698030313
0.279468423496641 0.800248541656069
0.275544701105578 0.802008953119533
0.895893592699837 0.223041240307197
0.279468423496641 0.800248541656069
0.915568616109664 0.19136933128478
0.905382883970553 0.207766755606207
0.304583850756376 0.788974956463255
0.271938570360749 0.803626698030313
0.909170094722994 0.201670713484443
0.917755215827361 0.18784942181487
0.281251982597372 0.799447921382294
0.917755215827361 0.18784942181487
0.271938570360749 0.803626698030313
0.90352470021644 0.210753776717568
0.271938570360749 0.803626698030313
0.915653173880037 0.19123419056278
0.283926543469562 0.798248130975282
0.291318224633784 0.794930948524395
0.284597987700555 0.797946456177307
0.279272126035518 0.800336252185629
0.918545240292208 0.186576576782499
0.902833975741124 0.211867741776606
0.915508188056535 0.191467723015897
0.313972057078812 0.784761118339395
0.896715833771096 0.221713113003009
0.918545240292208 0.186576576782499
0.918568393623142 0.186539283629297
0.918568393623142 0.186539283629297
0.303813678157157 0.789323072602956
0.288549183711295 0.796174719937454
0.272873405973511 0.803207223227236
0.279693825169136 0.800147060267941
0.915508188056535 0.191467723015897
0.279939394417844 0.800038052925192
0.918496434343583 0.186655186864628
0.275710409245234 0.80193448326265
0.901684198562076 0.213723280673073
0.896717363469818 0.221710603460484
0.913846774134874 0.194142987309134
0.918568393623142 0.186539283629297
0.896647159500723 0.22182266962027
0.913846774134874 0.194142987309134
0.917960821221664 0.187518179754386
0.300478335475432 0.790818820437918
0.913005665249978 0.195497339858295
0.271938570360749 0.803626698030313
0.300020709544726 0.791025008325558
0.8984212384737 0.218971046724589
0.278077372237146 0.800872707336866
0.271996852281149 0.803600545741439
0.276508032937518 0.801576641327729
0.280089763847672 0.799970610439449
0.271938570360749 0.803626698030313
0.284484928528 0.797997701726228
0.280089763847672 0.799970610439449
0.8984212384737 0.218971046724589
0.271996852281149 0.803600545741439
0.287570101467809 0.796613376840018
0.274343078669455 0.802548069802093
0.271533957109663 0.803808227913024
0.274263066002891 0.802583301592022
0.873158635445762 0.259597919162208
0.295616282017836 0.793001856307576
0.904694807154435 0.208874862394176
0.302978908839435 0.789697314671237
0.278077372237146 0.800872707336866
0.274421251664821 0.802512741585509
0.271533957109663 0.803808227913024
0.917960821221664 0.187518179754386
0.271533957109663 0.803808227913024
0.271533957109663 0.803808227913024
0.913005665249978 0.195497339858295
0.274421251664821 0.802512741585509
0.907045684822511 0.205088982979872
0.276398661469615 0.801625848622547
0.28731124391748 0.796730573250449
0.271553226099676 0.803799584561547
0.279496216233576 0.800235240146579
0.919343699369463 0.185291582462011
0.276398661469615 0.801625848622547
0.271533957109663 0.803808227913024
0.9081900929818 0.203244487008343
0.90432724857178 0.209467294680144
0.278077372237146 0.800872707336866
0.296015119618914 0.792823431457462
0.285873926360145 0.797372921960368
0.907045684822511 0.205088982979872
0.907283409076161 0.204705567730764
0.271533957109663 0.803808227913024
0.917960821221664 0.187518179754386
0.907283409076161 0.204705567730764
0.896209501697028 0.222528960779452
0.312645559023925 0.785357509422444
0.904694807154435 0.208874862394176
0.279495632140554 0.800235502290721
0.280918166765129 0.799598389777346
0.272213972430906 0.803503327170289
0.904085122927518 0.209856803987407
0.278005770639538 0.800904007800892
0.271533957109663 0.803808227913024
0.296015119618914 0.792823431457462
0.271533957109663 0.803808227913024
0.296015119618914 0.792823431457462
0.280918166765129 0.799598389777346
0.917611602214835 0.188080672647362
0.286772734878787 0.796971214720892
0.276927457754538 0.80138822235848
0.904285434149897 0.209532672388399
0.919821852059413 0.184519625083748
0.920110707927079 0.184054390060236
0.274969904683576 0.802266644034992
0.897724751898504 0.220088634045114
0.907045684822511 0.205088982979872
0.271617097633006 0.803770930284339
0.904287344804129 0.209529596987635
0.274936207984753 0.802281765898519
0.904787559802771 0.208724091666501
0.920101267865287 0.184069600153937
0.278382711809889 0.800736397724631
0.269380809516193 0.804773896351433
0.923630224310691 0.178386482533411
0.275332838657247 0.802104349361816
0.897724751898504 0.220088634045114
0.920110707927079 0.184054390060236
0.27309347192573 0.803108445789072
0.278382711809889 0.800736397724631
0.92344810552574 0.178679754759956
0.278219465299606 0.800808693241908
0.278835246715159 0.800533733388115
0.920110707927079 0.184054390060236
0.332123432595935 0.776610482863745
0.332123432595935 0.776610482863745
0.920006090219245 0.184222892783218
0.275332838657247 0.802104349361816
0.269450660276646 0.804742562704038
0.925176098228406 0.175896976309545
0.924147374517537 0.177553501390539
0.27795360225376 0.800927982745028
0.27309347192573 0.803108445789072
0.915167282472585 0.192015316717165
0.271212956486921 0.803951634281361
0.92279073983428 0.17973929509731
0.904787559802771 0.208724091666501
0.269380709691418 0.804773941513309
0.877154324348276 0.253177044903299
0.272222981417077 0.803499274094738
0.272879047226448 0.803204987523873
0.278040997407339 0.80088930734491
0.320010594686363 0.782047252883044
0.274242944135684 0.802592707324194
0.332123432595935 0.776610482863745
0.877154324348276 0.253177044903299
0.269380709691418 0.804773941513309
0.9190182371899 0.185813596229959
0.925796153302233 0.174898179142327
0.28047302430434 0.799797666116427
0.924058431265181 0.177697334646249
0.913859544342443 0.194120841404463
0.919889735452519 0.184410454523831
0.27518523652903 0.80217009744038
0.9190182371899 0.185813596229959
0.920148195910028 0.183995585383403
0.922949366971879 0.17948381829903
0.273219345980086 0.8030515284775
0.924912002106464 0.176322336944388
0.86789916087031 0.268046102297868
0.271212956486921 0.803951634281361
0.905048412904055 0.20830256671949
0.269380709691418 0.804773941513309
0.925796153302233 0.174898179142327
0.275018087329887 0.802245193346172
0.30348860298047 0.78947096661986
0.273207907158438 0.803056660865954
0.269380709691418 0.804773941513309
0.925796153302233 0.174898179142327
0.384998075908953 0.752822656762632
0.384998075908953 0.752822656762632
0.359638706324064 0.764239314841552
0.302827004373258 0.78976458225073
0.318963713930059 0.782517120843776
0.302722435593605 0.789812899176902
0.302614905568454 0.789862247498612
0.300267432911039 0.790913441022401
0.311845840468552 0.785715045144779
0.301015902435738 0.79057978315127
0.317316984751187 0.783259516377642
0.338760845539185 0.773627574155334
0.334620753144458 0.775485730331249
0.300315490949176 0.790891869270036
0.334620753144458 0.775485730331249
0.300267432911039 0.790913441022401
0.343817166758132 0.771354063091521
0.298997882301223 0.791483301142243
0.356268070090525 0.765759273238445
0.302827004373258 0.78976458225073
0.31696429810892 0.783416850926409
0.301893054758342 0.790183761569028
0.314344326059303 0.784592454613959
0.31013135783229 0.786485416183635
0.302827004373258 0.78976458225073
0.317341703724319 0.783246696008612
0.312701369025242 0.785331725980033
0.332580330098901 0.776401561355278
0.30599067578696 0.788343423861958
0.325694720365341 0.77949687520042
0.310229629260821 0.786441260406256
0.298997882301223 0.791483301142243
0.324807145302689 0.77989594599433
0.311845840468552 0.785715045144779
0.298979700552965 0.791491462018865
0.302736400561091 0.789805219799598
0.314423182954041 0.784557057566318
0.321737747444501 0.78127207341937
0.302827004373258 0.78976458225073
0.334745819148491 0.775429553955338
0.305505629627675 0.788561354346067
0.312701369025242 0.785331725980033
0.302630489191973 0.789852503446074
0.304967158529708 0.788803209585202
0.340189193142626 0.772985557203122
0.312708848623816 0.78532883853683
0.304231755723583 0.789134354609759
0.317945046295904 0.782975734959859
0.330934061218178 0.777141108848803
0.314344326059303 0.784592454613959
0.31013135783229 0.786485416183635
0.298979600383108 0.791491506953979
0.317945046295904 0.782975734959859
0.298968096871568 0.791496683510146
0.332580330098901 0.776401561355278
0.298968096871568 0.791496683510146
0.312867701385814 0.785257060708908
0.305366972939974 0.788623624055657
0.317223504793857 0.783299771258383
0.30599067578696 0.788343423861958
0.369930456269651 0.759612627162463
0.310595172109557 0.786277226425464
0.334620753144458 0.775485730331249
0.317422198673581 0.78321004133681
0.29974415525589 0.791148328768934
0.304227985994022 0.789135818978258
0.305881479058469 0.788392452023629
0.302837401647047 0.789759918227063
0.297063332010458 0.792352885525357
0.314768363991563 0.78440339528928
0.33607069609671 0.774836247597102
0.304231755723583 0.789134354609759
0.289602679000576 0.795701175420433
0.310195265156448 0.786455638955101
0.3093318633384 0.786844958350056
0.299822574489081 0.791112714467734
0.320537422876122 0.781810968845393
0.300737427602724 0.790702450274285
0.332190518901875 0.776578794998968
0.299046093828999 0.791461448401636
0.296645455557475 0.792540326078962
0.308363848448906 0.787279185203487
0.332743231069898 0.776333412857411
0.306265912338211 0.788219983709267
0.313224441821061 0.785095292133907
0.308016679423227 0.787435959164933
0.31317434848374 0.785121178988849
0.310195265156448 0.786455638955101
0.297625032640808 0.792100669003569
0.332190518901875 0.776578794998968
0.306265912338211 0.788219983709267
0.330481543064676 0.777345213075869
0.326951453576076 0.778930221004942
0.2993846812745 0.791309517520177
0.298968096871568 0.791496683510146
0.297625032640808 0.792100669003569
0.305371024056004 0.788622247857467
0.320537422876122 0.781810968845393
0.32060797696924 0.7817801421227
0.329273877744849 0.777889896330504
0.322572318061561 0.780898892700861
0.320537422876122 0.781810968845393
0.30908786224393 0.786954428934272
0.308798671487242 0.787082497001825
0.305903643314165 0.788382763747257
0.3195998658658 0.782232190472023
0.298166968152017 0.791857550874247
0.311772124854171 0.785747750053691
0.315790640284844 0.783943414004548
0.299853963466951 0.791099106841068
0.329273877744849 0.777889896330504
0.324934260009065 0.779839640565195
0.315826504534758 0.783927278268104
0.330481543064676 0.777345213075869
0.313525856663169 0.784962401508883
0.298166968152017 0.791857550874247
0.302033034372636 0.790120598686997
0.305741233144444 0.788456107603505
0.313085296074824 0.7851597585171
0.310284844525668 0.786417100234236
0.302530213357187 0.789897609061687
0.288793268168904 0.796064220679138
0.289602679000576 0.795701175420433
0.306215787103912 0.788243149116211
0.311376781838695 0.785925267358318
0.32055542037315 0.78180393294543
0.305985618776967 0.788345864640223
0.309300762651406 0.78685842453878
0.298166968152017 0.791857550874247
0.317781623171256 0.783048770730599
0.298689864124258 0.791621720838029
0.331293468896206 0.77698399509091
0.290038821315754 0.795504445233837
0.301248969131168 0.790472324061228
0.30180205510073 0.790224142126089
0.303596434272067 0.789418704930369
0.30195041135332 0.790157908456873
0.310284844525668 0.786417100234236
0.357638056727949 0.765140241637403
0.310417776413511 0.786355508276542
0.320924135395614 0.781638575819711
0.309671034951327 0.7866937283865
0.311918245808379 0.785684234461224
0.298166968152017 0.791857550874247
0.329374896517451 0.777844467667138
0.32322967525075 0.78060522449618
0.290038821315754 0.795504445233837
0.310695571185456 0.786231321339183
0.301032994229713 0.790570873194139
0.28897375234747 0.795983245832021
0.304625423488799 0.78895702532254
0.304113344480394 0.789186506635238
0.292467374109427 0.794415760369914
0.311651028186088 0.785802308140736
0.291153285976641 0.795005161694194
0.313105471122706 0.785149985123292
0.308016679423227 0.787435959164933
0.290458347113463 0.795316187762606
0.290038821315754 0.795504445233837
0.317781623171256 0.783048770730599
0.288793268168904 0.796064220679138
0.308016679423227 0.787435959164933
0.337620964902002 0.774138442512358
0.288793268168904 0.796064220679138
0.294926446876907 0.793311851384695
0.31304868343678 0.785175490301027
0.294872666800517 0.793335061276733
0.313178335433992 0.785117265091275
0.302896049508498 0.789733362612155
0.31498633279965 0.784305859334956
0.301032994229713 0.790570873194139
0.295838640823697 0.792902420575386
0.298166968152017 0.791857550874247
0.314420597398923 0.78456031585342
0.324762819164047 0.779916463002408
0.332692911162286 0.776355173545951
0.297363771146808 0.792217788838627
0.309741003727827 0.786662313567514
0.310695571185456 0.786231321339183
0.308016679423227 0.787435959164933
0.312502740293638 0.78542003595024
0.303596434272067 0.789418704930369
0.292467374109427 0.794415760369914
0.309262009185157 0.786875296676731
0.30482822897455 0.788865932497021
0.297346882712198 0.792225345221884
0.288793268168904 0.796064220679138
0.289815761716105 0.795605199116225
0.323228955085456 0.780607257600891
0.302896049508498 0.789733362612155
0.308016679423227 0.787435959164933
0.293170170542919 0.794100325018844
0.308629710194969 0.78715831876574
0.298689864124258 0.791621720838029
0.287257472861631 0.796753688486266
0.32055542037315 0.78180393294543
0.325730162976225 0.779481548352376
0.297614053604934 0.792104054799637
0.294857160533043 0.793342022700663
0.325505932438572 0.779582953020397
0.332445596369742 0.776465446729085
0.292311841248725 0.794484997362973
0.301048327710286 0.790562902164302
0.301987551724633 0.790142478623218
0.302920974769011 0.789721614697324
0.296928023453625 0.79241252041222
0.304662741155111 0.788942361078366
0.308071077440643 0.787411961381015
0.296842011545112 0.792451519508025
0.291610292739146 0.794799166177008
0.297375064567252 0.792212292623907
0.308299540895519 0.787309479021163
0.294767814696853 0.793382768251341
0.307329587389498 0.787743384471949
0.302975848893294 0.789697664083129
0.308465896061671 0.787231942247258
0.297244238770353 0.792271336990583
0.306294888609943 0.788207585282621
0.288095915395283 0.796377263218469
0.318463524362604 0.782745342416588
0.306011448690839 0.788335051556347
0.287344944591051 0.796714439451985
0.302859616253443 0.789749724151095
0.304691007960306 0.788927526544624
0.33366768555564 0.775914073055188
0.306028560582432 0.788327368382718
0.294622446520896 0.793447374275526
0.345707518289687 0.770506151708416
0.317352127935597 0.78324457511252
0.291310980637716 0.79493624317151
0.302320400444828 0.789992257127256
0.300722435294445 0.790710522837053
0.298964682184558 0.791498021112661
0.342910587320256 0.771760386340699
0.305494542233504 0.788566672422922
0.315674055291947 0.784000403689769
0.296681507468177 0.792523123989053
0.332445596369742 0.776465446729085
0.290487137462018 0.795304829352326
0.297424800900432 0.792190257527972
0.305832419682156 0.788415424863843
0.290922887660367 0.79510848376994
0.333280848675322 0.776089514096447
0.289297311828634 0.795837842107884
0.30737582129233 0.787723236924904
0.294857160533043 0.793342022700663
0.295906113438293 0.792871239709014
0.297424800900432 0.792190257527972
0.291424428288032 0.79488274320261
0.338447778864393 0.77376879192659
0.304691007960306 0.788927526544624
0.294628156947293 0.79344481100342
0.281753591466022 0.799222997843922
0.280974614260606 0.799572130690276
0.305771699535791 0.788442690774256
0.295651463713279 0.792986766763485
0.281753591466022 0.799222997843922
0.333575907139487 0.775956946249415
0.303004763726838 0.789684201994462
0.304612129767681 0.788963094550433
0.340322596160182 0.772927210534296
0.294935094675468 0.793307021581095
0.298689864124258 0.791621720838029
0.305058575804897 0.788762632513174
0.305241997813485 0.78868204698424
0.304612129767681 0.788963094550433
0.303004763726838 0.789684201994462
0.305268006088215 0.78866923914406
0.306782223184488 0.787989088475467
0.298805669018105 0.791570929847909
0.39402831426924 0.748759496896255
0.280565578521084 0.799756618623692
0.297387147438098 0.792208345696717
0.307398245858653 0.78771326535878
0.28446884657653 0.798005405883207
0.29463123143942 0.793443430938431
0.280090264458793 0.799968965883123
0.396911663053968 0.747460515840873
0.394623055513542 0.748491710052538
0.295721160604995 0.792954898751187
0.304612129767681 0.788963094550433
0.303004763726838 0.789684201994462
0.281395972550671 0.799383471593253
0.277624266685337 0.801075430455096
0.293503974478952 0.793949832028979
0.397015733318933 0.747412311536791
0.304824220562269 0.788867679764329
0.2987708673462 0.791586200475892
0.287998531871713 0.796420902475825
0.298039102534845 0.791914956993471
0.303004763726838 0.789684201994462
0.394988157635666 0.748326634440041
0.29886291463463 0.791544470143482
0.287280245174949 0.796742427318694
0.287783143979683 0.796518219590335
0.286551886513282 0.797071007710242
0.395636510067644 0.748033782189172
0.28446884657653 0.798005405883207
0.305343814485767 0.788634572261691
0.39498033181554 0.748328846642856
0.287418228725116 0.796680844915918
0.305296406225447 0.788656012333206
0.280565578521084 0.799756618623692
0.306103624299397 0.788292741252443
0.277624266685337 0.801075430455096
0.290732070712568 0.795193170151561
0.339911410580603 0.773110181979794
0.280593391183209 0.799744141172926
0.295496159785984 0.793055562924219
0.275853624967941 0.801869713117627
0.305990462272296 0.788344022933346
0.275853624967941 0.801869713117627
0.284931820095399 0.797796741118987
0.287418228725116 0.796680844915918
0.304872997714056 0.78884747622934
0.28358071236377 0.798402703154116
0.277762990678352 0.801013169454972
0.299317115923734 0.791341911128504
0.295722544642313 0.79295427764786
0.281532801537045 0.79932192338007
0.295356241971829 0.793118338822115
0.275517798021652 0.802020388415826
0.324466059995804 0.780049191270866
0.299534554256227 0.791243470483857
0.29886291463463 0.791544470143482
0.286780473123251 0.796967061784241
0.330659335523966 0.777265470226979
0.289405216747893 0.79579041483773
0.303011492591357 0.789682967458411
0.277319020775157 0.801212334209526
0.284257600564411 0.798100763110593
0.390727538787241 0.750243278245852
0.280445246916592 0.799810592352009
0.290440858342781 0.795324883896246
0.298288590266419 0.791802625144318
0.313235541258454 0.785092730401141
0.280441461767026 0.799812292686833
0.275882273433509 0.80185685383681
0.370230560448195 0.75947206308101
0.297550315787266 0.792133600428187
0.282499560979211 0.798887453862288
0.338327678150644 0.773819820362708
0.285194680631694 0.797679267339085
0.316892510267749 0.78344788548613
0.323076526327225 0.780674277059305
0.285579375358793 0.797506156019259
0.29727931694003 0.792255721860085
0.27812190958392 0.800852366307211
0.285381334039939 0.797594508163646
0.282499560979211 0.798887453862288
0.29645795118305 0.792624231943263
0.316575602239691 0.783590594132363
0.278822787844727 0.800537546449844
0.282753644919784 0.798774422060805
0.309232388610643 0.786889781275063
0.310325604752771 0.786400358126393
0.34423238188559 0.771167332672865
0.286914063383992 0.796907290541037
0.395237035432985 0.748211344421812
0.34017979210271 0.772988931841121
0.293383449700889 0.794003522180353
0.27681818512403 0.801436947036827
0.282974617909083 0.79867452736322
0.283234373832029 0.79855881561708
0.278818838211598 0.800539641023438
0.284930972713848 0.797797121733914
0.3313766214115 0.776944865521271
0.295628828252383 0.792996851141583
0.288668064117446 0.796121069539282
0.284930972713848 0.797797121733914
0.277319020775157 0.801212334209526
0.313146611997254 0.78513296700682
0.275342959016645 0.80209900212925
0.294946122580539 0.793302913695554
0.371133848621784 0.759065074807883
0.290615928368001 0.795245740778253
0.275342959016645 0.80209900212925
0.370105195890503 0.759528377367717
0.32972410177537 0.7776859338882
0.296141257946029 0.79276636144477
0.275846200651025 0.801873062035473
0.295356241971829 0.793118338822115
0.275342959016645 0.80209900212925
0.289283209724672 0.795844193548567
0.287829016827701 0.796496205517056
0.283234373832029 0.79855881561708
0.282153803530054 0.799042523570192
0.303623892576703 0.789406952367731
0.28482983239086 0.797842486486675
0.297231042194777 0.79227599051542
0.295492343793128 0.793057343845832
0.281966603521139 0.79912680966936
0.327608464517956 0.778636685224584
0.276008400693954 0.801800517109949
0.285866143543452 0.797377956273105
0.281572003726497 0.79930470520384
0.318677943271889 0.782648605105036
0.305611080595406 0.788516821873591
0.282681732788558 0.798806078878675
0.298799250709118 0.791573563196043
0.305270736295686 0.788667781320392
0.309076369278997 0.78695814838548
0.305187536960468 0.788705309938414
0.280441461767026 0.799812292686833
0.278127784136485 0.800849281345319
0.293482166125352 0.793958927212463
0.319480171175181 0.782288214269449
0.292241957367913 0.79451606487332
0.292188727040642 0.794540187420951
0.284840731527307 0.797837591203989
0.288907623333673 0.796012911889505
0.274680086794842 0.802396259348615
0.30448908317228 0.789018219806951
0.275563841849239 0.801999878071764
0.386877337627815 0.751979851339265
0.282681732788558 0.798806078878675
0.304548343819281 0.788992906379925
0.286527658801367 0.79708054557073
0.314120150425982 0.784696806978838
0.325227282163837 0.77970952422614
0.292954250768992 0.794197467296172
0.275239387951664 0.802145542207837
0.27812190958392 0.800852366307211
0.283234373832029 0.79855881561708
0.304257554372666 0.789122999539072
0.292498000613702 0.794401206480374
0.282071834229382 0.799079647335719
0.289843472574237 0.795591965890837
0.283234415140226 0.798558797121695
0.328980909516524 0.778022383280235
0.316392914234001 0.783675476953945
0.275239387951664 0.802145542207837
0.290042834911341 0.79550346731323
0.283044741031097 0.798643352701485
0.284578233092803 0.797955088556839
0.310325604752771 0.786400358126393
0.290021995491312 0.795511846520345
0.286780473123251 0.796967061784241
0.329015037996599 0.778006790332083
0.312072416480194 0.785616776993455
0.32691599140564 0.778950117272518
0.316392914234001 0.783675476953945
0.280886340738757 0.799611831178656
0.276825587821763 0.801433625675563
0.276008400693954 0.801800517109949
0.288907623333673 0.796012911889505
0.282438145424103 0.798915058664852
0.27812190958392 0.800852366307211
0.313146611997254 0.78513296700682
0.275727343887339 0.801926984204894
0.319772928344688 0.782156634769171
0.28672147453099 0.796993197443071
0.290036100221526 0.795505897259504
0.30812610003597 0.787385699643222
0.272493775279967 0.803377944348593
0.292499836794613 0.794400224656923
0.278773391794492 0.800560274555864
0.278861772139459 0.800520045590915
0.297231042194777 0.79227599051542
0.32938781453681 0.777840561178698
0.282715334748764 0.798790934574528
0.304592075824133 0.788971350034983
0.280886340738757 0.799611831178656
0.286799220548044 0.796958645722898
0.27369056631409 0.802840422179799
0.284591936307659 0.79794865465611
0.279219879195924 0.800359470805366
0.300056670452083 0.791007953775168
0.302666732886696 0.789837008204231
0.27927042370435 0.80033644972292
0.278545346772214 0.800662018374221
0.281662882594387 0.799264065217704
0.292860642858651 0.794238996704201
0.284834399484448 0.797840452150773
0.322897499730335 0.780754742376757
0.288396210715395 0.796241513009238
0.322897499730335 0.780754742376757
0.273948959140671 0.802724501853374
0.274513242040769 0.802471532527639
0.283153737757295 0.798594286927533
0.295578531940417 0.793019160851618
0.288744016354858 0.79608486405974
0.324228398908647 0.780155999018207
0.284834399484448 0.797840452150773
0.278480846057559 0.800691537610745
0.301818705394022 0.790217449192744
0.285458326579235 0.797560538922425
0.276997675696315 0.801356479179087
0.326725076036537 0.779033692215172
0.295937129652177 0.792856856989832
0.29046451626197 0.795313936974653
0.285078506408092 0.797730597574725
0.278872198931381 0.800516007617401
0.278480846057559 0.800691537610745
0.297656278379603 0.7920860822214
0.278310996507964 0.800767251690623
0.282715334748764 0.798790934574528
0.291000987181498 0.795072626777174
0.27475414234786 0.802363024832674
0.308606325438089 0.787170262069194
0.328027637214645 0.778448616184617
0.305406543003717 0.788608747207012
0.322897499730335 0.780754742376757
0.339942229041254 0.773094066600567
0.281532801537045 0.79932192338007
0.285078506408092 0.797730597574725
0.273358245068984 0.802989499773469
0.305406543003717 0.788608747207012
0.288474204731467 0.796205962893497
0.283579648993534 0.798403161113039
0.293552280698408 0.793927724193953
0.284864127602515 0.797827493490937
0.288721398971146 0.796096959281872
0.281532801537045 0.79932192338007
0.306776886375732 0.787990644457606
0.28224198536544 0.79900325400071
0.276969245487946 0.801369947563439
0.308236861252099 0.787335943885402
0.341954182679479 0.772191699835345
0.285767028037071 0.797421130916052
0.286799220548044 0.796958645722898
0.280070084956643 0.79997775603147
0.334115790977831 0.775713058372501
0.274669754528434 0.802400903482303
0.301417285401883 0.79039751982047
0.306960845046045 0.78790804911665
0.322897499730335 0.780754742376757
0.283153737757295 0.798594286927533
0.295550329243441 0.793032550474518
0.284035239622039 0.798198568889971
0.283422786121779 0.798473460234888
0.292013530540172 0.79461848649066
0.309570467566879 0.786737258801538
0.273313053594948 0.803009770432855
0.283391168160708 0.798487525168843
0.284816330707462 0.797848976676719
0.285134554297188 0.797705590753253
0.291399090164096 0.794894211651545
0.279781888279739 0.800107690292357
0.282518686115521 0.798879931413127
0.271409274877185 0.803864062458017
0.276133787576175 0.801744622283854
0.305737311258861 0.788457291550772
0.272279598905568 0.80347340631162
0.284665033157942 0.797916872307614
0.276849890458997 0.801422721446783
0.304907497655667 0.788830822801278
0.298423122610003 0.791741901557061
0.366634338630598 0.76109265356886
0.289893773153711 0.79556933143128
0.273358245068984 0.802989499773469
0.28200392336671 0.799110545319314
0.27077952157494 0.804146351247623
0.300455596726855 0.790830053690667
0.288894662965326 0.796019093103801
0.28571635186677 0.79744387398939
0.293496062304614 0.793952795641269
0.286901406227459 0.796912434208374
0.339814284458022 0.773151569383818
0.27810045190071 0.800862327821636
0.274991312419152 0.802256608628812
0.279515508293129 0.800227406796745
0.31420115069204 0.784657587925679
0.367039390892641 0.760910532010135
0.28571635186677 0.79744387398939
0.288007443544337 0.796416029923874
0.275413940496624 0.802067322237899
0.294359355420437 0.793566692678571
0.27077952157494 0.804146351247623
0.284719383789489 0.797891312734458
0.289790411983419 0.795615783187647
0.30075349956681 0.790695773406396
0.2923386851279 0.794473118108667
0.332936083069589 0.776242945709382
0.290221714992307 0.795421814191217
0.317081819890137 0.783365877509848
0.286942683132107 0.796894380464979
0.318992409223651 0.782504381622617
0.316832609504045 0.783476057216317
0.296282173599483 0.792701975724487
0.283391168160708 0.798487525168843
0.290865378568065 0.795134207993603
0.278872198931381 0.800516007617401
0.274669754528434 0.802400903482303
0.270810831086407 0.804132301861839
0.33453105136615 0.77552884720736
0.278872198931381 0.800516007617401
0.303509432475754 0.789458063913324
0.28201142460798 0.79910717942676
0.29788888558002 0.791980677392134
0.32887108608342 0.778071569239814
0.27290257794985 0.803194175604249
0.317433554419342 0.783208785549318
0.297855683168046 0.791995569616148
0.305725861332411 0.788463244966944
0.281052619044094 0.799537325346984
0.312436662658027 0.785451266985525
0.28599682640222 0.79731955421866
0.296376583623483 0.792659654868293
0.272818828347908 0.803231644631509
0.297716278633218 0.792058162727548
0.339814284458022 0.773151569383818
0.273045814289617 0.803129396993382
0.298666273403583 0.791631759869763
0.287800864338802 0.796509935436068
0.286521845087136 0.797083936130221
0.277887099225971 0.800957735079247
0.27598310283159 0.801811861000504
0.318348286970216 0.782794772259364
0.286659802405487 0.79702053669393
0.27903225591212 0.80044391335149
0.32887108608342 0.778071569239814
0.280041929166407 0.799991145588642
0.270758892213601 0.804155608498895
0.284719383789489 0.797891312734458
0.366634338630598 0.76109265356886
0.288007443544337 0.796416029923874
0.280983467680157 0.799568356104572
0.308344907193804 0.787287051419229
0.364279539485041 0.762153150887326
0.282567754901153 0.798857753224964
0.313544880928341 0.784953928635934
0.297568262326679 0.792124786584484
0.309669701306882 0.786694280320685
0.276003971958122 0.801802080392743
0.327943907430493 0.778486781880186
0.308028367460542 0.787429826414651
0.270758892213601 0.804155608498895
0.28281935917036 0.798744855977594
0.276844171219292 0.801425828352468
0.305860972008333 0.788403069694078
0.308708091708851 0.787123800782388
0.280534085440868 0.79976975799368
0.284088879130404 0.798174282537306
0.366634338630598 0.76109265356886
0.341954182679479 0.772191699835345
0.338278434359134 0.773842982964941
0.285767028037071 0.797421130916052
0.300729145031935 0.790705448504068
0.285767028037071 0.797421130916052
0.2941431398308 0.793662204163581
0.269967442372374 0.80451043554587
0.298143996113613 0.791866819426036
0.263357348219532 0.807475729370907
0.288672986867497 0.796117171974153
0.280767836086034 0.79966488081369
0.2923386851279 0.794473118108667
0.291773783879133 0.79472767706517
0.292995824726235 0.794176980213949
0.264324572195347 0.807041988450481
0.286788996937022 0.796962568979212
0.294419411863257 0.793539025399487
0.280182177864021 0.799928443969062
0.263364302802651 0.807472657804119
0.27336473775618 0.802986587475278
0.269390457691926 0.804769930787633
0.276436102124571 0.801608060229995
0.272032680550724 0.803583865865926
0.304569696705358 0.788983323496073
0.270926804692408 0.804080251011758
0.28897892534149 0.795980494993809
0.27896154683721 0.800476078788987
0.279565606174184 0.800203987993352
0.282829807552994 0.798739336048533
0.284088879130404 0.798174282537306
0.286634762175614 0.7970315407192
0.312436662658027 0.785451266985525
0.295010844852264 0.79327500895893
0.273923331306364 0.80273561558132
0.273940227625976 0.802728917541989
0.262948367415253 0.807659171831064
0.264324572195347 0.807041988450481
0.276337470479439 0.801652707095774
0.298754411385097 0.791593035020812
0.287645271917714 0.796578192737843
0.302093037326455 0.790094366917549
0.30447556118706 0.789024752019696
0.280033927398856 0.799993955711778
0.328774734839128 0.778114394678708
0.290865378568065 0.795134207993603
0.262948367415253 0.807659171831064
0.27014170828498 0.804432916747597
0.30624638791717 0.788229511301425
0.281020954522951 0.799551534374984
0.316778732505662 0.783500147819418
0.297964564436726 0.7919468150228
0.282567754901153 0.798857753224964
0.270926804692408 0.804080251011758
0.269877943164775 0.804550843782436
0.269532168548706 0.804706116119691
0.315043674020952 0.784282520899279
0.319231197601878 0.782397145226828
0.275699965470607 0.801938906534109
0.297195454475739 0.792293292102565
0.284725627080603 0.797890509125588
0.284107350558706 0.798166007935753
0.27921567288117 0.800361978898343
0.306939990466795 0.787918149634705
0.295543441486034 0.793034523535216
0.272380815703209 0.803428428421743
0.323752661626018 0.780369832644384
0.290898293930272 0.795118036594377
0.281039461837164 0.799543440207211
0.298250985284918 0.791819226101427
0.273318054582075 0.803007533106867
0.28668362333066 0.797010902149118
0.323890568651923 0.780304793326166
0.273989014166389 0.802706536820655
0.282909739936988 0.798703828103997
0.300512062023883 0.7908047047143
0.296187640436158 0.792744791824054
0.277062410821655 0.801327914839204
0.262260523051204 0.807967755712246
0.285767028037071 0.797421130916052
0.280667755012553 0.799709576576233
0.285767028037071 0.797421130916052
0.295011418170211 0.793274751641627
0.273149873151815 0.803083207890998
0.271664236464309 0.803750336892114
0.279798668820551 0.800099870562015
0.274343744630409 0.802547498878142
0.316349009092328 0.783693201545867
0.28882445195723 0.796050339584893
0.298524825368411 0.791695290951134
0.374229493240999 0.757680062483325
0.291710991660094 0.794755200872508
0.280607941875782 0.799736837709347
0.311149955718271 0.786030871633036
0.288927693682522 0.796003062467821
0.371141796928215 0.75906466451867
0.272969537543444 0.803164296555398
0.273165533006475 0.803076177800302
0.291710991660094 0.794755200872508
0.273285900240687 0.803022587761786
0.264324572195347 0.807041988450481
0.284236874629563 0.798109274571345
0.288488574189477 0.796199630145056
0.263367590733119 0.807471136030537
0.283939913065024 0.798241825146818
0.28792861697262 0.796451402739056
0.287277860661317 0.796743114107021
0.264402753746862 0.807006775724882
0.314240481300748 0.78464073746922
0.297996848814245 0.791932340748796
0.264496005581133 0.806964940811165
0.275394287219267 0.802076398230204
0.264402753746862 0.807006775724882
0.27775337013735 0.801017750544274
0.297178858049126 0.792298946162788
0.304127119851663 0.789180538298307
0.281341691530065 0.799407861773087
0.269541315552153 0.804702250764121
0.279383788078214 0.800285833617022
0.269390457691926 0.804769930787633
0.280607941875782 0.799736837709347
0.290898293930272 0.795118036594377
0.297163933804775 0.792307734193041
0.315959119712241 0.783867824693003
0.271711930423682 0.803728866044417
0.264402753746862 0.807006775724882
0.282807807316826 0.798749345035173
0.309854741225263 0.786607813537976
0.279383788078214 0.800285833617022
0.264496005581133 0.806964940811165
0.267943164774333 0.805419325841577
0.2742441911944 0.802592224469964
0.269475927793548 0.804731258181406
0.299715035955767 0.791160825889888
0.270670271848447 0.804195831760045
0.297163933804775 0.792307734193041
0.295010844852264 0.79327500895893
0.299197597483056 0.791394198611427
0.274795869435219 0.802345055082941
0.29911753924666 0.791429220058671
0.27398921616769 0.802706446078242
0.26466498728714 0.806889142274839
0.295551678634182 0.793031650913001
0.290092313913673 0.79547987148171
0.272969537543444 0.803164296555398
0.284103931084885 0.798167989153153
0.283071623458976 0.798631606335829
0.305919932763113 0.788376687773643
0.316501014897558 0.783623891240749
0.264692679684304 0.806876730392939
0.291054569875963 0.795047941339615
0.267299075595709 0.805707938725713
0.283488516446077 0.79844447563155
0.281929926899558 0.799143984998906
0.316778732505662 0.783500147819418
0.279383788078214 0.800285833617022
0.271518544006531 0.803815657038916
0.262260523051204 0.807967755712246
0.300484710406436 0.790815868432081
0.286993089497007 0.796872090749838
0.326757512943878 0.779019656608098
0.268196716510326 0.805305341663045
0.335724388202905 0.774993524300788
0.264693461933067 0.806876379485907
0.337366482858149 0.774255427486072
0.291266559405339 0.794952740943443
0.3038346601209 0.789313609165636
0.293083544575734 0.794137899547029
0.300773672749813 0.79068534129904
0.307687990243448 0.787583024430645
0.276052035923407 0.801781102807802
0.292940922135797 0.794203106903022
0.323152341369624 0.780638713530958
0.264693461933067 0.806876379485907
0.269541315552153 0.804702250764121
0.272969537543444 0.803164296555398
0.264402753746862 0.807006775724882
0.281729021825261 0.799233226519904
0.299085728130715 0.791444749706108
0.283488516446077 0.79844447563155
0.295551678634182 0.793031650913001
0.27795045697505 0.800928987383985
0.276147133877473 0.801738154034223
0.266860802986487 0.80590429232953
0.300656088123734 0.790738660149872
0.291257439474609 0.794956936305241
0.272032061487741 0.803585376475452
0.328483628898151 0.778245346647041
0.328130070516188 0.778405059406478
0.264402753746862 0.807006775724882
0.291266559405339 0.794952740943443
0.272969537543444 0.803164296555398
0.290347164481784 0.795365648757028
0.269314160943598 0.804803904317336
0.291266559405339 0.794952740943443
0.289891325922826 0.795570008497123
0.308450544329149 0.787241336923586
0.286055342461312 0.797292269591565
0.289891325922826 0.795570008497123
0.291304615472759 0.794938296959359
0.302447162184669 0.789935441483856
0.284730459762636 0.797886820081384
0.32015866496904 0.781984042976754
0.272763221943253 0.803256871058498
0.29683005690204 0.79245753151989
0.282567754901153 0.798857753224964
0.289891325922826 0.795570008497123
0.276448907160908 0.801603582512674
0.273422644986983 0.802961204623592
0.297247219038808 0.79226979014455
0.315633781459197 0.784014412681323
0.268770043370935 0.805048027767894
0.296547747929797 0.792583295056311
0.267273636274842 0.805719349570678
0.276258497419864 0.801688540730103
0.287872823619374 0.796476892505816
0.262327242749066 0.807937828606478
0.282567754901153 0.798857753224964
0.286337730179953 0.797166100261832
0.290357630879363 0.795360840610359
0.319077579233131 0.782466408238746
0.305784959560382 0.788436278177392
0.339976251770081 0.773080957803386
0.277951468909423 0.800928533136086
0.266858738995034 0.805905218258173
0.310641054106444 0.786257905603936
0.316765973453873 0.78350704949315
0.286993089497007 0.796872090749838
0.339992530468774 0.773075661494241
0.264794622569085 0.806830949463093
0.264866455399848 0.806798896673769
0.30934323408451 0.786839367082306
0.298387011471861 0.791757927376968
0.289473975854169 0.795758566962745
0.267053176966561 0.805817804906003
0.280287106861848 0.799880346131829
0.293449006012185 0.793974054968449
0.270577167623239 0.80423757896244
0.273392771612549 0.80297459708822
0.298315442973277 0.791789502251494
0.303503921149558 0.789461365450334
0.277477949132422 0.801141453454068
0.284252102474333 0.798101580941313
0.308462852462675 0.787235809750881
0.269468787376252 0.804734274422323
0.321075877311103 0.78156827139646
0.316765973453873 0.78350704949315
0.269941218031145 0.80452216684658
0.339992530468774 0.773075661494241
0.303831546571403 0.789315015583299
0.270202703646464 0.804404943381063
0.264866455399848 0.806798896673769
0.292941556196237 0.794201969519648
0.354795805941964 0.766418798183734
0.295029785835395 0.793265534494835
0.268320042273803 0.805249796141548
0.274573726257311 0.802444861223386
0.289328356082615 0.795823864872951
0.276448907160908 0.801603582512674
0.285530134429269 0.797528177823633
0.264677898522733 0.806883370981939
0.281990503999586 0.799116852719466
0.267991152735907 0.805397185834548
0.286471924608916 0.797104952235089
0.264866455399848 0.806798896673769
0.30996424964948 0.78656089646943
0.269563570287164 0.804692083790354
0.288990327892718 0.795975600153362
0.344052864863739 0.771249277383542
0.29940182940602 0.791302250074807
0.325033387655606 0.77979607713452
0.264374734539995 0.807019349083953
0.272859419574445 0.803214061892517
0.287077006676281 0.796834038032835
0.2623295643633 0.807936767001113
0.282352046889766 0.798954904922006
0.277767306040636 0.801011489599895
0.277127919954588 0.801298613738332
0.292804374257496 0.794263276961085
0.268432307672927 0.805199517337661
0.262260523051204 0.807967755712246
0.281322038065249 0.799416659888851
0.265156854195546 0.806668745992507
0.30623179210875 0.788235249684717
0.2864336637182 0.797121950147152
0.326757512943878 0.779019656608098
0.33296925389391 0.776227855547134
0.3005550833957 0.790785545482885
0.283063712901142 0.798634747184255
0.265044591190727 0.806718917269227
0.281254029274825 0.799447300601181
0.281627621498444 0.79927962719494
0.310528548569976 0.786308286300419
0.312497234816251 0.785423698860077
0.28996945398395 0.795537555866449
0.266455413793905 0.806086332821042
0.290357630879363 0.795360840610359
0.302380340470061 0.789965575304304
0.264741428914597 0.806855125880871
0.296547747929797 0.792583295056311
0.262260523051204 0.807967755712246
0.293223950775775 0.794075238051356
0.303278532771817 0.789562457149614
0.268441914372761 0.805195209218658
0.285954196054128 0.797337924486927
0.319374831884537 0.78233446507519
0.302380340470061 0.789965575304304
0.283063712901142 0.798634747184255
0.293105220817777 0.794128535683743
0.263530498118904 0.807398101269504
0.285042330934765 0.797746463777797
0.270897791445758 0.804093358647101
0.276448907160908 0.801603582512674
0.294385591851611 0.793554677577775
0.29334857813987 0.794020763657961
0.285954196054128 0.797337924486927
0.284048909669238 0.79819357144067
0.277775215923809 0.801007939407232
0.305578220329541 0.788530147397483
0.27415974944447 0.802629917274645
0.272859419574445 0.803214061892517
0.307687990243448 0.787583024430645
0.307985544446091 0.787449602434198
0.276763049533 0.801462713043546
0.269248609508044 0.804832908002329
0.265103264649018 0.806692781196068
0.307354425241457 0.787732205379825
0.262382809671804 0.807912909091644
0.303819836685104 0.789320298208437
0.269626812283441 0.804663592396859
0.294960088994159 0.793296682826403
0.30934323408451 0.786839367082306
0.280463631875382 0.799801307561986
0.305188461658902 0.788704300024915
0.291951360020535 0.794647208908098
0.264557775025846 0.806937259978244
0.300817333974374 0.790666354947942
0.311880649041602 0.785700249197135
0.262260523051204 0.807967755712246
0.266404502855166 0.806109167907363
0.286286890584116 0.797189169552943
0.298292548638007 0.791799777832247
0.340354895998652 0.772910501320827
0.295756762197835 0.792938721710915
0.263514743568905 0.807405168217207
0.290162034184704 0.795448954604902
0.370011156777925 0.75957027355196
0.377894990915905 0.756022817245713
0.34052127840619 0.772833678797722
0.396161719199108 0.747800655603585
0.34166271811047 0.772324511555147
0.34166271811047 0.772324511555147
0.37137385771715 0.758963789015246
0.329643673032725 0.777725154081128
0.362756316445348 0.762839124752081
0.347447926214878 0.769722703672883
0.360110227889884 0.764030475415308
0.35676016927526 0.765533898166453
0.385956409638906 0.752398172190824
0.341348628096999 0.772464937617892
0.333477237900943 0.776002386530299
0.358496828160741 0.76475579632268
0.385956409638906 0.752398172190824
0.34768661929376 0.769617636090946
0.367026077967933 0.76091220268145
0.357248964715359 0.765315722359946
0.35899216902604 0.764530062374779
0.333477237900943 0.776002386530299
0.307728630487241 0.787563593077988
0.341795949015199 0.772260338335487
0.35676016927526 0.765533898166453
0.341795949015199 0.772260338335487
0.354566813365386 0.766518169518318
0.311954900327461 0.785668184700704
0.34078060755069 0.772718001179204
0.333940955123861 0.7757953688444
0.289824937910978 0.795601883721804
0.308674869232854 0.787138691861846
0.343047981439416 0.771698971084018
0.356743796661514 0.765541262064684
0.290760365013802 0.795181988320666
0.296047194658447 0.792808045094255
0.298353115395677 0.791773886619412
0.306571620437582 0.788083164521718
0.289824937910978 0.795601883721804
0.343043515045084 0.771702735623446
0.301551240008965 0.790337428430841
0.321190805889133 0.781518933387147
0.356190099238912 0.765793764957708
0.3442674902935 0.771149349921718
0.301153786559287 0.790515829820891
0.286632981155019 0.797033101156595
0.308787164082184 0.787088126701494
0.34078060755069 0.772718001179204
0.381393696836676 0.754443064636197
0.293499815892712 0.793951691468558
0.351816231542224 0.767757394773603
0.289932027321691 0.795551843680003
0.356743796661514 0.765541262064684
0.333940955123861 0.7757953688444
0.2895145282008 0.795741132539522
0.340654770033008 0.772774636651388
0.309358748833477 0.786835032915336
0.306571620437582 0.788083164521718
0.37950000514137 0.75529780420557
0.290128972051762 0.795464534888998
0.286632981155019 0.797033101156595
0.300360253159236 0.790871825830797
0.335311074528038 0.775176607575933
0.35550000112897 0.766103650425952
0.347097636551157 0.769875882270751
0.326572502147865 0.779101817076817
0.292843459672817 0.794247233735668
0.315679466618627 0.783994205877762
0.315777223320652 0.783948743222601
0.296047194658447 0.792808045094255
0.306571794187048 0.788083086686242
0.350673759132723 0.768272075353514
0.296534129831388 0.792588720681178
0.287668854275616 0.796568329263073
0.301562446006433 0.790332581327921
0.314155577505761 0.784676250091409
0.292998876487211 0.794176261296154
0.307233415736256 0.787785171065369
0.315206667948301 0.784204118161684
0.307677241745763 0.78758680184747
0.368175744656365 0.760398997946656
0.326295801400399 0.779226254574072
0.314804691075691 0.784386554183016
0.287132268394064 0.796809268313406
0.307793543411688 0.787535355303671
0.300499657646511 0.790809325845177
0.286632981155019 0.797033101156595
0.293206571268943 0.794082941837357
0.28663840646772 0.797030668832804
0.302609082853438 0.789862433801526
0.286621988393079 0.797038034199266
0.295455311719503 0.79307386070421
0.305390787550893 0.788614881250195
0.364621305986964 0.761995474866418
0.296125063029001 0.792773078674806
0.300323351162686 0.790888416065731
0.288155944646549 0.796349235223832
0.307793543411688 0.787535355303671
0.36876739208863 0.760134610908544
0.301917265203717 0.790172593447433
0.350673759132723 0.768272075353514
0.304614993673495 0.788961560832095
0.315977092479366 0.783860338815626
0.29505878781125 0.793251303386811
0.292357249670741 0.79446469084526
0.355038400053313 0.766310677954876
0.328127452723263 0.778405246785773
0.308573309175926 0.787183814863091
0.295041676976568 0.793260026685322
0.395699127298371 0.748015173205257
0.30032340881449 0.790888390229604
0.366784383103799 0.761024781534138
0.341915410756739 0.772210845363062
0.290670273773656 0.795221757578643
0.286587203432392 0.797053642528624
0.301917265203717 0.790172593447433
0.287363697228017 0.796705429717012
0.354828050102046 0.766403369573538
0.301917265203717 0.790172593447433
0.295881994799831 0.79288217540525
0.288440178939764 0.796222189773075
0.364900652700709 0.761875493424384
0.368175744656365 0.760398997946656
0.305651428274242 0.788495722912752
0.306483764184466 0.788122567614531
0.347913213009477 0.769513453083774
0.292357249670741 0.79446469084526
0.290670273773656 0.795221757578643
0.308573309175926 0.787183814863091
0.288182347712618 0.796339210690565
0.326295801400399 0.779226254574072
0.298955147461987 0.791502352198061
0.364900652700709 0.761875493424384
0.358844672436696 0.7645947889531
0.328186903167011 0.778377963645192
0.367370814270444 0.760761145381702
0.329377056051236 0.77784427317319
0.32196314068844 0.781171071646649
0.308639538500674 0.787153877103858
0.286625555328174 0.797036451233296
0.322890886013933 0.780757482864162
0.287386294788667 0.796696053375563
0.325522836915502 0.779572099099879
0.311469339117924 0.785885881472618
0.328186903167011 0.778377963645192
0.358763288930471 0.764631402229963
0.309786563961309 0.786641668740093
0.305087048528721 0.788751622458353
0.392036382386215 0.749655380883438
0.358769677965002 0.764628526285828
0.32448930502372 0.780036624566268
0.321178407488371 0.781528458660162
0.304216683638603 0.789140463599908
0.326221006624177 0.779259275790107
0.302189433549889 0.790052769292002
0.291531361791888 0.794836423374866
0.356646608053659 0.765587036421049
0.306615289283195 0.788063549362196
0.307144689864581 0.787825214947824
0.308573309175926 0.787183814863091
0.3321083419122 0.776613427944943
0.321178407488371 0.781528458660162
0.334926565568833 0.775349402701404
0.281946201339288 0.799136865503933
0.298955147461987 0.791502352198061
0.333173430655837 0.776138486502821
0.380574199416628 0.754822092495989
0.278366740053589 0.800742852318187
0.301898433533315 0.79018350584587
0.315540804535903 0.784056101649693
0.389887426855614 0.750622905764858
0.282058095131618 0.799086640580793
0.277730302271995 0.801028527194512
0.286587203432392 0.797053642528624
0.303782141778263 0.789335412893722
0.312712456824636 0.785326062407617
0.340853996479638 0.772686176937069
0.278844897478666 0.800528269922559
0.392598626979513 0.749402036969918
0.30788165977641 0.787494336865909
0.35533366653196 0.766175597801184
0.309207537821648 0.786901001238421
0.294237656687457 0.793620495227212
0.30949283007207 0.786770925057445
0.33414266457306 0.775701509730679
0.327533509492648 0.778670904937443
0.294237656687457 0.793620495227212
0.307892595525264 0.787489440687538
0.286587203432392 0.797053642528624
0.363970412897529 0.762290725519175
0.311683351562768 0.785788254807376
0.279420802662613 0.800269900090899
0.30501595893062 0.788780819277612
0.322483685171722 0.780937805558484
0.348948794847919 0.76904907231596
0.355612425721136 0.766050179053759
0.327986364864191 0.778467499665412
0.289165948995089 0.795897476015269
0.308041145988558 0.787423509965242
0.32680642693789 0.778997544052942
0.28717987270338 0.796787534635816
0.290662733457328 0.795224784394323
0.306465839055214 0.788130478027542
0.3453322309851 0.770670687003414
0.34893349535239 0.769051986191364
0.30501595893062 0.788780819277612
0.348785193110729 0.769120201947969
0.301898433533315 0.79018350584587
0.365283089767998 0.761699606359284
0.278844897478666 0.800528269922559
0.293388663710929 0.794003054410977
0.346532292148817 0.770135881790194
0.29677975131378 0.79248015266715
0.319183576755732 0.782420949805293
0.284138939254591 0.798152204070203
0.335983977305789 0.774874860421042
0.322245287269082 0.781045755198931
0.361607402552266 0.763355119003171
0.368322284968111 0.760332549703499
0.276902208076125 0.801399376643701
0.284138939254591 0.798152204070203
0.318852695450986 0.78257100524742
0.339751952687614 0.773178888975446
0.28637299170949 0.79714959601704
0.322455209652294 0.78095129430565
0.300980262587614 0.79059287294771
0.333226064909221 0.776111492760328
0.280783399045811 0.79965860808146
0.293532480136807 0.793937017119665
0.334095705064415 0.775724476263485
0.295019880962431 0.793269680343861
0.303782141778263 0.789335412893722
0.27695052771773 0.801377688870283
0.331768788878613 0.776767744113738
0.306531608946812 0.788100950018966
0.332418606676676 0.776475129845905
0.287161099836623 0.796795951976004
0.335983977305789 0.774874860421042
0.309504507945754 0.786766708547896
0.282223598186547 0.79901247671837
0.302820222945381 0.789767581858359
0.335983977305789 0.774874860421042
0.308041145988558 0.787423509965242
0.338927433184692 0.773549831650827
0.311743178076883 0.785761462307726
0.297261168437104 0.792262780058193
0.308186938218425 0.787357863815287
0.320193245667932 0.781967767517557
0.365283089767998 0.761699606359284
0.305061014842088 0.78876251417283
0.287088997810868 0.796828300528557
0.279420802662613 0.800269900090899
0.359884214795561 0.76413110987904
0.277855511542292 0.80097205922572
0.317771665993805 0.783055291090575
0.276902208076125 0.801399376643701
0.320193245667932 0.781967767517557
0.348785193110729 0.769120201947969
0.289650620064791 0.795679822332387
0.282223598186547 0.79901247671837
0.361607402552266 0.763355119003171
0.331768788878613 0.776767744113738
0.364963887294511 0.761843145916581
0.299840638805274 0.791104995969999
0.374345486186616 0.75762305928412
0.302820222945381 0.789767581858359
0.336157325198199 0.774793165483431
0.294985942790373 0.793283845658397
0.368687375383043 0.76016458571524
0.287297605520115 0.79673479711363
0.278156544494703 0.80083723149081
0.277819257849998 0.800987985349072
0.360770850897401 0.763727879590149
0.284174177301173 0.798138268320599
0.287207675293272 0.796775163517013
0.365140007268739 0.761763955061441
0.28177662213095 0.79921215326924
0.276788969200127 0.801450193915005
0.276902208076125 0.801399376643701
0.286831966761442 0.796943512083836
0.27930324356694 0.800321857362322
0.294140778245566 0.793663311877528
0.27659165500806 0.801538756894426
0.33293807873951 0.776242232516839
0.290242445097016 0.795414510865478
0.289355790723277 0.795811432866244
0.294146778019193 0.793660617694888
0.27930324356694 0.800321857362322
0.358220948393035 0.764881483134664
0.278273268153359 0.800784128591537
0.280063374815017 0.79998099629459
0.329240880061609 0.777905565253305
0.364936498081905 0.761857371388218
0.291588866008372 0.794810119045465
0.27827754960704 0.800782207140185
0.311743178076883 0.785761462307726
0.316704241204694 0.783534642241549
0.280545971441962 0.799765264734698
0.289368540218529 0.795805738856741
0.29966773185722 0.791182604705952
0.291663943657138 0.794776726789241
0.375715095914826 0.757005499051784
0.300742359723211 0.790702366234834
0.29966773185722 0.791182604705952
0.281795293039329 0.799203884108151
0.276677215553046 0.801500372520003
0.343875829120309 0.77133073627596
0.292673122618025 0.794322127800152
0.304718722124958 0.788914662487618
0.304903545513552 0.788834955734746
0.297546918608998 0.792134713518684
0.337790592430028 0.774062295389478
0.281795293039329 0.799203884108151
0.282521916317789 0.798879184312123
0.268085625425126 0.805354788204676
0.27659165500806 0.801538756894426
0.314717983205177 0.784425586581586
0.276280924028371 0.801678161722536
0.301392719504794 0.790407842284943
0.336562332723255 0.774612267628122
0.369604804836624 0.759758527797939
0.276319756483322 0.801660794859046
0.292225399021059 0.794524534879221
0.302853203184292 0.789752797654413
0.310994834589845 0.786098513611753
0.268085625425126 0.805354788204676
0.367354676133816 0.760774793538296
0.301382431186854 0.7904124642804
0.290171067958481 0.795446897380384
0.313120352265634 0.785143502181235
0.370756299951249 0.759240246487937
0.314525679259858 0.784512129557436
0.319530049947903 0.782263406299129
0.280820893969212 0.799641315801084
0.290559885833857 0.795272342821885
0.33293807873951 0.776242232516839
0.275487172248985 0.802034286241142
0.272945759248416 0.803174371467612
0.281193615386731 0.799473850875114
0.277834298588358 0.800980969807919
0.285313331866076 0.797625487111999
0.30471710563577 0.788915390572278
0.3002184310667 0.790934806782698
0.302813888572417 0.789770436920694
0.330992542411627 0.777116290969488
0.288982838158256 0.795979034815365
0.310957407190191 0.786115278024831
0.284192071047805 0.798128504055399
0.316406471639268 0.783666445023262
0.296317632792962 0.792686998438544
0.298226543281565 0.791830094634198
0.324130849887031 0.78019814942536
0.283310633590811 0.798524280341879
0.27785070395438 0.800973908557566
0.268208432415812 0.805299686837199
0.302635953988736 0.789850318191617
0.277819257849998 0.800987985349072
0.268028892061493 0.805380240657898
0.315323362711797 0.784154337039879
0.325110212182687 0.779758954114558
0.313120352265634 0.785143502181235
0.272945759248416 0.803174371467612
0.301470740512943 0.790373533910637
0.318744457374541 0.782620961808824
0.293766797538921 0.793832302412684
0.325862289424387 0.779422569287631
0.268200976130601 0.805302903993043
0.275988536047822 0.801809477545984
0.297547530724509 0.79213443943108
0.268025840449908 0.805381609301016
0.322676245031436 0.780853456267335
0.279005986001495 0.800455296473598
0.295661554397321 0.792982719764287
0.371248208381957 0.759019366724094
0.268208432415812 0.805299686837199
0.367940496751971 0.760507942730945
0.28335029357448 0.798506235673197
0.26816416130726 0.805319538873694
0.326360622520761 0.779199334719152
0.310695315905157 0.786232307248936
0.267679319253267 0.805536929852915
0.287399490531923 0.796689077484779
0.346036341585797 0.770359555685435
0.278805962139498 0.800545202120623
0.31284304509204 0.78526802477738
0.277365151171258 0.801191289816765
0.334550757747382 0.775517785116962
0.321617094467633 0.78132590807289
0.290822858956177 0.795152614703613
0.28190827117445 0.799154063140423
0.285900395480214 0.797363073426939
0.286724829094082 0.796992707780742
0.313836130897783 0.784821761449886
0.273729240786099 0.802822646266548
0.386945713341664 0.751955100240021
0.300937505087283 0.790613342906105
0.277365151171258 0.801191289816765
0.294052964256127 0.79370478382451
0.273778671493698 0.802800464613382
0.292150207714624 0.794556916102198
0.284884549959385 0.797817458956897
0.289903186243026 0.795565783678652
0.276144071606635 0.801739761311293
0.306741707356408 0.788008309985764
0.337907924990827 0.774006793365493
0.296797177767224 0.792472683398123
0.303317511494233 0.789543510357531
0.292150207714624 0.794556916102198
0.288499882459619 0.796195259635061
0.303908833770321 0.789278735213279
0.319898643804272 0.782100551106612
0.267737617829584 0.80551078153737
0.294422224016031 0.793536953001551
0.311841549232102 0.785717459157797
0.267679319253267 0.805536929852915
0.27424978285489 0.802589164632986
0.317333463549938 0.783251875992431
0.32632760524486 0.779212127224957
0.296536455191907 0.792588340741354
0.314290830768542 0.784617195958269
0.275794793881282 0.801896136990916
0.287399490531923 0.796689077484779
0.267679319253267 0.805536929852915
0.27087633232414 0.804103191558857
0.358381438394586 0.764807123667418
0.286928560998048 0.796900248069124
0.332957246975379 0.776233639402779
0.279074233751951 0.800424789871148
0.267957353795479 0.805412196588003
0.267715532067629 0.805520683569335
0.296692247060736 0.792518772043135
0.267679021833049 0.805537070064769
0.387778008753103 0.751575081444903
0.284567864429778 0.797959993079438
0.268349422128089 0.805236412982379
0.300937505087283 0.790613342906105
0.304705375416246 0.788921405326141
0.37394770498132 0.757807726724791
0.269151768564495 0.804876380733514
0.280283742878405 0.799882334407128
0.272945759248416 0.803174371467612
0.321617094467633 0.78132590807289
0.319896570253154 0.782101484412299
0.294868052414465 0.793337822372708
0.321617094467633 0.78132590807289
0.293952192782913 0.793747794715997
0.284178677509887 0.798134333740936
0.282349906811886 0.798955854804854
0.280048560227137 0.799988067811642
0.292711215041409 0.7943051486003
0.267925368320159 0.805426543519184
0.280063374815017 0.79998099629459
0.270999458586428 0.804047608388292
0.284546499061626 0.797969511089537
0.302330728783807 0.789988917848221
0.309691249597777 0.78668193320634
0.269311976887743 0.804804491329702
0.299086023440147 0.791444375999005
0.301738242656369 0.790253879502445
0.277184668737135 0.801272623399823
0.29836259129093 0.791768674764061
0.281692698145731 0.799250081788431
0.315323362711797 0.784154337039879
0.285071175311502 0.797733977360434
0.274271228884079 0.802579541118116
0.282269142940907 0.798991456406639
0.304282735500579 0.789112083274059
0.280063374815017 0.79998099629459
0.300363800318767 0.790869568961181
0.303662928179797 0.789389049539755
0.275019313283174 0.802244041496108
0.297040588505361 0.792361811200741
0.276366979354565 0.801639149242638
0.278805962139498 0.800545202120623
0.293332953857397 0.794026879267797
0.285103915420923 0.797719259429836
0.293591083635775 0.793911376819604
0.31226003463528 0.785530410239377
0.287468875104779 0.79665793904465
0.307959604112138 0.787460643347826
0.298364898481418 0.791767641870323
0.267633320103225 0.805557573479069
0.267625598733923 0.805561095164348
0.30308424194815 0.789650813456292
0.280627858454553 0.799727723916216
0.307711050316081 0.787572466093398
0.29390339286126 0.79376969823553
0.296364150815385 0.79266616957674
0.268297991728769 0.805259445024805
0.297765886463535 0.792037596989613
0.303897451037571 0.789285360886912
0.313669279789274 0.784896661403952
0.311599506854689 0.785825304879592
0.306371124926101 0.788173402150465
0.265398409322001 0.806560165983013
0.273044421012857 0.803130141028058
0.282333418818596 0.798962505978079
0.27633387028089 0.801654010128781
0.3002184310667 0.790934806782698
0.321722281554403 0.781278664180747
0.298256238142954 0.791816417387542
0.323247608851809 0.780596323640854
0.275112358929598 0.802202291035542
0.305111868426596 0.788738804897856
0.296419021575691 0.792641330025569
0.308952371109971 0.787014437952871
0.269972413409495 0.804508212172331
0.306031405010127 0.788325895944529
0.316074918537262 0.783816788795969
0.311037267879913 0.78607865829376
0.319431250673641 0.782310083917054
0.303050587371322 0.789666255304847
0.291509022968603 0.794845422457473
0.291004277337389 0.795072203792515
0.287368726774539 0.79670290195243
0.281241866213097 0.799451857788755
0.267625821386975 0.805560987831207
0.31284304509204 0.78526802477738
0.293332953857397 0.794026879267797
0.283594025562096 0.798396469645938
0.280114752182913 0.799957968994772
0.302733073896586 0.789806384159187
0.281505046723479 0.799333752548827
0.293778191560698 0.793827992409233
0.293643274215006 0.793888058198028
0.277453844679245 0.801151797576552
0.297471230531358 0.792168751142122
0.285647812059023 0.797476446462194
0.285803758815292 0.797406368634959
0.277441492806059 0.801157366568569
0.30756719047392 0.787636666490645
0.285103915420923 0.797719259429836
0.28774870815961 0.796532800195524
0.268630083979844 0.805110605334984
0.311263208959353 0.785976288066667
0.304552331583296 0.788990563813601
0.275549434718167 0.802006248410977
0.280831811859732 0.799636170907641
0.277831150843868 0.800982559458306
0.285628717290133 0.797484044709484
0.285085965942457 0.79772820049814
0.275112358929598 0.802202291035542
0.285020483352226 0.797756674605978
0.276383231758165 0.801632366440621
0.306392426821794 0.788164753900254
0.275684347764059 0.801946161214361
0.272945759248416 0.803174371467612
0.29806069341992 0.791904093898283
0.280822670747453 0.799640399911591
0.303897451037571 0.789285360886912
0.281505046723479 0.799333752548827
0.270999458586428 0.804047608388292
0.267624965813263 0.805561379033941
0.380654539155607 0.754781164283094
0.282906040961155 0.798705687266513
0.283837058888431 0.798287879528113
0.289714588659123 0.795649810444635
0.277831150843868 0.800982559458306
0.272639036037186 0.80331244405052
0.292228458213994 0.794522644151831
0.317509791840536 0.783171137840637
0.269972413409495 0.804508212172331
0.285528138884915 0.797528878959777
0.273691569969364 0.802840415184119
0.28711346648697 0.796817989677517
0.321070328865118 0.781575070243223
0.282798639734139 0.798754207317499
0.267625598733923 0.805561095164348
0.27300083293917 0.803150293156331
0.279423952856149 0.800269051648378
0.288790131045899 0.796065306001635
0.298294318075463 0.791799197148329
0.266528435927617 0.80605337777068
0.321218479318228 0.781505452035432
0.279423952856149 0.800269051648378
0.284960719276864 0.797783506342355
0.281976483223537 0.799122129924187
0.277863594821288 0.800968024649615
0.284638589308938 0.797928438469002
0.292550694018782 0.794377903630588
0.266528435927617 0.80605337777068
0.27488691170383 0.802303506867412
0.30277548067029 0.78978755311888
0.280132515282107 0.799949967245489
0.270589304757672 0.804231594599402
0.322443460310917 0.780957946547634
0.273168547473929 0.803074349698275
0.269972413409495 0.804508212172331
0.316122244087759 0.783794219616062
0.269890898396478 0.80454492746132
0.27881318237235 0.800542086472941
0.271077887170262 0.804012411469468
0.323977847586439 0.780270075326495
0.292062378557488 0.794596764521338
0.285540166068281 0.797523539295772
0.284960719276864 0.797783506342355
0.288561306241595 0.796167816086946
0.29806069341992 0.791904093898283
0.285244407965309 0.797657149788042
0.308734350739443 0.787111318586626
0.276398788155761 0.801625373908238
0.305557084514731 0.788539591304208
0.273940913006515 0.802727643953924
0.270948371744565 0.804070506710163
0.271194687795382 0.80396077203299
0.285950574086439 0.797339894898283
0.300002526358665 0.791032910016336
0.310940010343357 0.786122510030643
0.267786059643026 0.805489108577262
0.266357236343681 0.806130426637991
0.294345320272058 0.79357256019137
0.290412660728508 0.795336827017477
0.294962389396504 0.793294990772419
0.322963764127194 0.780723755266326
0.264784744335929 0.806835725180292
0.277184808977007 0.801272547898542
0.295883390444462 0.792882147259908
0.268342618843444 0.805239848762885
0.320042068495938 0.782036114984901
0.280200495827123 0.799919513427541
0.276418774568138 0.801616160135572
0.280200495827123 0.799919513427541
0.304969660483091 0.788802918107606
0.299586585880191 0.791219673708759
0.32212693472319 0.781096870586512
0.280767622831462 0.799665236793755
0.307305486963772 0.787754160263402
0.287389716682948 0.796693473492263
0.279673625122524 0.800155974702078
0.296622723824152 0.792549254548372
0.275000118056122 0.802253184373779
0.268388007163593 0.805219517235846
0.299112735661917 0.791432138563878
0.288066380151738 0.796389821118639
0.368532249401812 0.760243342889571
0.290549873128116 0.795275237253918
0.307773860270637 0.787545407764014
0.266036525905168 0.806274027578923
0.278530749486865 0.800669172625344
0.315309153990813 0.784160412311814
0.267625598733923 0.805561095164348
0.319898643804272 0.782100551106612
0.294568077960713 0.793472243194902
0.304419475804555 0.789048852875078
0.279933342730025 0.800039240338326
0.343267976407129 0.771602644188825
0.282462904016164 0.798903859714709
0.312741571847563 0.785312949157736
0.281064145069505 0.799532162799396
0.312576571118655 0.785387538345863
0.321132847960863 0.781543749120026
0.288154017984823 0.796350798556653
0.363435672393269 0.762533747259734
0.287933812517745 0.796449653768621
0.278647855107252 0.800616447032423
0.296582390684546 0.792567312642186
0.287052646781693 0.796844527924783
0.288792258487876 0.796065259854432
0.290123074576082 0.795466771930381
0.294760071328717 0.793385455323737
0.350210682384567 0.76847736195608
0.315309153990813 0.784160412311814
0.268409483281408 0.805209605268045
0.281976483223537 0.799122129924187
0.30355539070042 0.78943888734266
0.291926519692738 0.794657688063413
0.280506622516969 0.799783157076738
0.288695332608167 0.796107952541911
0.299086081120759 0.791444102946492
0.284174633258994 0.798135932977882
0.313775223022391 0.784849522241547
0.264781653738173 0.806837111482294
0.292550694018782 0.794377903630588
0.269001423090576 0.804943955087717
0.305587657735053 0.78852570591225
0.313860437142761 0.784811409107622
0.364195315929771 0.762190858792324
0.288282352166619 0.796293018803052
0.29670019361145 0.792515505323526
0.271616167764522 0.803771676178649
0.293976059043133 0.793737113741283
0.266208203306313 0.806197320982717
0.264379838268683 0.80701732312802
0.296437403813567 0.792633053525466
0.305510065338814 0.788560542131404
0.302658532796376 0.789841754224326
0.297731645255467 0.792050656146682
0.344430153140469 0.771077355483331
0.291347420069281 0.79491751729944
0.279934929418392 0.80003852996331
0.338479037797751 0.773754247871437
0.299596643723862 0.791214510338917
0.268744708578686 0.805059108381212
0.270791440092827 0.804141233819096
0.371959777757595 0.758697631676075
0.293970760146353 0.793739566361564
0.310930169221208 0.786126940086707
0.294826161813661 0.793356637123436
0.301898523610716 0.790183159124483
0.312215234188586 0.785549224741219
0.294603380142412 0.793454795680951
0.270076691957106 0.804462361008312
0.314795324727087 0.784391597612079
0.304417342335623 0.789051171287834
0.303576170370099 0.789429206341648
0.270348483759461 0.804340354624263
0.295748464048522 0.792941991240729
0.305282554731128 0.78866262474885
0.294527894186637 0.793491862844195
0.292802644090623 0.794264242050994
0.27371113665322 0.802831000445544
0.314474584462835 0.784535415569209
0.272684799045788 0.803291943820525
0.281976483223537 0.799122129924187
0.280154239240037 0.799941093966803
0.30841391061928 0.787256554865851
0.305948551491849 0.788363788309655
0.287778474025014 0.796519278229472
0.296153043311764 0.792760529070823
0.290123074576082 0.795466771930381
0.295644643455036 0.79298888632451
0.338479037797751 0.773754247871437
0.284261699926231 0.798096997351005
0.277346419854806 0.801200017271802
0.300002526358665 0.791032910016336
0.280810295142817 0.7996466283493
0.305510065338814 0.788560542131404
0.278796557092689 0.800549297817999
0.30538666285316 0.788614991240274
0.312686801929581 0.785337320193135
0.281976483223537 0.799122129924187
0.264385002379777 0.807015004160967
0.28070704083486 0.799691837954449
0.338479037797751 0.773754247871437
0.286684676207595 0.797010000839136
0.270927686031495 0.804080131786283
0.301910514665444 0.790176907480777
0.326066881109399 0.779329041615116
0.286466149413076 0.797107612688798
0.268268597657672 0.805272940414966
0.27578058961858 0.801902483037799
0.287375115998012 0.796699726048045
0.288320055311358 0.796276549788422
0.305693151807273 0.788477903507015
0.276298727886089 0.801670231986764
0.296034312072273 0.792814823812183
0.285980039999974 0.797325800296499
0.270360044585187 0.804334416985632
0.281976483223537 0.799122129924187
0.294964828150257 0.793293757353746
0.287601354013493 0.796599686157746
0.281880587284857 0.799165700347637
0.315144805453135 0.784234116329688
0.325296553871381 0.779674954756171
0.266198966399711 0.80620141792964
0.284060414839647 0.798187185570162
0.295711274121843 0.792958600967682
0.264296375865593 0.807054752921446
0.271197914518355 0.803959325062263
0.296172495863634 0.792751943147991
0.315355792473997 0.784140582522936
0.302866960162741 0.78974814055882
0.275451899812098 0.802050069688577
0.290431043960281 0.795327610200785
0.287330072601733 0.796721464436763
0.285047548545423 0.797744220720213
0.277595701821754 0.801088166762554
0.304015094254661 0.789231482442034
0.296437403813567 0.792633053525466
0.296473754894149 0.792616687613965
0.313014639667267 0.785190213451654
0.27729810309011 0.801221687081461
0.290739833619863 0.795190789508035
0.300150777569993 0.790964895681623
0.264385002379777 0.807015004160967
0.291347420069281 0.79491751729944
0.315355792473997 0.784140582522936
0.290563567310427 0.795268419785109
0.313848657946166 0.784816703084709
0.299944315663756 0.791059016731496
0.323301652080249 0.780572171672968
0.293341395105014 0.794022471570078
0.263488077881906 0.807417322188756
0.262111285399432 0.808034748413064
0.269030226081323 0.804930998037625
0.307058420374541 0.787867032794869
0.294685554511636 0.793418934102372
0.289053190426227 0.795946331642223
0.294323443528506 0.793582178124487
0.277975980517312 0.800917826797284
0.276408360123278 0.801621047040774
0.279231191476779 0.80035445860672
0.290569304484958 0.795265845308552
0.274957898418224 0.802272069115146
0.291630691898833 0.794789472344315
0.277321048440139 0.801211235901801
0.313851447731713 0.784815433170801
0.27663971864612 0.801518298485701
0.273638059980056 0.802864785458115
0.277975980517312 0.800917826797284
0.298074314063749 0.791897769420893
0.292370625694938 0.794458367086796
0.29706876348062 0.792350893323614
0.266357236343681 0.806130426637991
0.299655511577723 0.791188691849472
0.265338616199201 0.806587160729166
0.288865894394382 0.796030719413311
0.284789602798505 0.797860055754316
0.276442706140851 0.801606378324009
0.273565069171592 0.80289686090592
0.309068374364676 0.786964875853333
0.287121615679441 0.796815451232458
0.264334150508078 0.807037760405382
0.280867819249151 0.799620545974892
0.284927277458844 0.797797953212404
0.305693151807273 0.788477903507015
0.287871253797956 0.796478151346019
0.294967265447851 0.793293538769675
0.307058420374541 0.787867032794869
0.27463077107027 0.80241849018008
0.273565069171592 0.80289686090592
0.27541533871854 0.802066115530146
0.28737940720132 0.796698696011184
0.27669718884987 0.801491328862968
0.262111285399432 0.808034748413064
0.297069738906622 0.792350454356305
0.273286918841781 0.803021864272516
0.279021201847893 0.800448087016393
0.347687909111455 0.769611439159151
0.29233409159867 0.794473437816108
0.280737035119293 0.79967836680069
0.284210056391073 0.798120361945725
0.263488077881906 0.807417322188756
0.291834071311247 0.794699983076172
0.273585275261009 0.8028875711468
0.271197914518355 0.803959325062263
0.315278372822632 0.784173311459678
0.279287723816695 0.800328507007237
0.264372012813203 0.807020740730201
0.299655511577723 0.791188691849472
0.278958272415036 0.800476323346218
0.274910540864188 0.802292991932961
0.265338616199201 0.806587160729166
0.30121991222993 0.790486365866664
0.262111285399432 0.808034748413064
0.305407881856912 0.788605918933407
0.284927195929086 0.797797989938279
0.262111285399432 0.808034748413064
0.31427776414111 0.784625526587787
0.262111285399432 0.808034748413064
0.300867562123269 0.790645235615651
0.278958272415036 0.800476323346218
0.296545766702752 0.79258424860434
0.277292675676102 0.801224137405626
0.266043798150156 0.806271046097939
0.300201317180724 0.790942664961271
0.264373119093756 0.807020248059462
0.276070382531157 0.80177251275988
0.300172763502918 0.790955846662444
0.312790212185506 0.785291455309236
0.299170166505455 0.791406833980826
0.309166301255787 0.786918240246489
0.275912589367722 0.801843469979117
0.271090940334597 0.804007311753496
0.274900841995569 0.802297343816539
0.285112717747257 0.797714720512848
0.264372012813203 0.807020740730201
0.287866399508111 0.796479623253923
0.273800533461 0.802791487781303
0.298595688571871 0.791664705162348
0.279633899908848 0.800174354951685
0.296423294514981 0.792639153690779
0.260731403968522 0.808653609337411
0.272654313876644 0.80330528023046
0.305460070678138 0.788582404796583
0.265983830767561 0.806297738345541
0.26477753344375 0.806838871097558
0.283969598299505 0.798228074860916
0.290500293196335 0.795298580787901
0.273800533461 0.802791487781303
0.276421169932921 0.80161539736877
0.262285764476141 0.807956494594218
0.275919339257224 0.80184018290983
0.276473924450277 0.801591537619605
0.299170166505455 0.791406833980826
0.276977632819444 0.801366228544013
0.366969936313185 0.760942103185378
0.275042572555567 0.802233724524838
0.284210056391073 0.798120361945725
0.279604291187007 0.800187587505955
0.279835815080765 0.800083643497191
0.264362273364701 0.80702510638196
0.260731403968522 0.808653609337411
0.262285764476141 0.807956494594218
0.27763350175063 0.801071393222408
0.274739240462509 0.802369871741961
0.275120135500819 0.802198999888875
0.266357236343681 0.806130426637991
0.283256923463991 0.798547773273204
0.293029472234098 0.794162080042792
0.329772500132905 0.777664283971181
0.898058065508784 0.219556418014928
0.329293958570782 0.777879193880153
0.329881542111239 0.777615243227666
0.329881542111239 0.777615243227666
0.90016321912914 0.216167039414273
0.329881542111239 0.777615243227666
0.896697918168439 0.221744040294993
0.283684300890948 0.798357550833809
0.283684300890948 0.798357550833809
0.876533797660537 0.254187032787458
0.920624779705513 0.183227418373127
0.303896761623501 0.789287393115833
0.28370474970882 0.798348324352323
0.900107463319754 0.216252671159807
0.303896760170755 0.789287393763414
0.280982732585699 0.79956963530409
0.28370474970882 0.798348324352323
0.283557258893861 0.798414465237996
0.920624779705513 0.183227418373127
0.899344592162453 0.217486757158831
0.280982732585699 0.79956963530409
0.906258539406566 0.20635364014211
0.896803669066241 0.221573582264504
0.89970592879993 0.21690467306354
0.922124419654277 0.180811238291073
0.906529995160113 0.20591638530379
0.903217622026955 0.211246905389357
0.926573068054846 0.173646684465741
0.900446689411052 0.215709589388182
0.273626969052972 0.802869238187819
0.906581898749299 0.205835770592112
0.278253384643514 0.800794000976731
0.903330823280669 0.211064728474731
0.273626969052972 0.802869238187819
0.906258539406566 0.20635364014211
0.279263337437462 0.800340814184167
0.900540031876775 0.215559249880606
0.275813577860439 0.801888286284122
0.921275058090313 0.182178772075661
0.92176288862131 0.181393442686735
0.926573068054846 0.173646684465741
0.275813577860439 0.801888286284122
0.289217699817302 0.795873535112286
0.921754820415288 0.181406112731464
0.903550080763888 0.210711977419498
0.897437795778138 0.220554357273385
0.921275058090313 0.182178772075661
0.273201796874085 0.803059876733114
0.280778784741986 0.799660223092803
0.926117825418093 0.174379909135385
0.278253384643514 0.800794000976731
0.921293614953424 0.182150098958071
0.921559409017511 0.181721998987616
0.926573068054846 0.173646684465741
0.922224430947696 0.180651723162667
0.926117825418093 0.174379909135385
0.926541400174193 0.173697683575832
0.278253384643514 0.800794000976731
0.901275816045234 0.214375682699418
0.921370230304016 0.182026815688022
0.896756666719782 0.221647116058677
0.900217504500288 0.216080616250778
0.926200055916333 0.174247493861406
0.926117825418093 0.174379909135385
0.926573068054846 0.173646684465741
0.926573068054846 0.173646684465741
0.926568391483302 0.173654218913628
0.279344223212028 0.800304602816486
0.920494477021921 0.183437153899001
0.926117825418093 0.174379909135385
0.915407754913454 0.191628283632825
0.278584965906844 0.800645473557432
0.926117825418093 0.174379909135385
0.926518772383764 0.173734124740371
0.926572920652857 0.173646921841383
0.273201796874085 0.803059876733114
0.289217699817302 0.795873535112286
0.89639823971255 0.222226659171175
0.278217034157798 0.800810286638085
0.288931433787797 0.796001990070619
0.896364408814687 0.222281884043764
0.918757937086752 0.186235463245304
0.273201796874085 0.803059876733114
0.926573068054846 0.173646684465741
0.925803856648434 0.174885824824181
0.897437795778138 0.220554357273385
0.279162623158076 0.80038592486821
0.922741720271467 0.179818132655428
0.897020872536156 0.22122226131567
0.919749146832748 0.184637863605119
0.908649767758971 0.202510906608766
0.921370230304016 0.182026815688022
0.923325053822011 0.178878753559688
0.92047053611265 0.183476125113789
0.912026296998148 0.197075358519342
0.897467852299158 0.220502443229473
0.900828822897689 0.21509346532165
0.925790068195177 0.174908025240891
0.926573068054846 0.173646684465741
0.925777062095463 0.174928968060804
0.900091919718562 0.216282932560864
0.925229767191144 0.175810447679579
0.281571387770077 0.799305681178828
0.919830960111418 0.184506080478915
0.273201796874085 0.803059876733114
0.897145008635994 0.221020444072861
0.923061318707219 0.179303548839897
0.925604233546021 0.175207305349793
0.926553241552754 0.173678615990325
0.896645430161497 0.221826744372179
0.273606083875172 0.802878598309346
0.920710141032327 0.183090022779623
0.282145842986478 0.799048131268545
0.918757937086752 0.186235463245304
0.278493056173724 0.800686274994362
0.273201796874085 0.803059876733114
0.276477459423267 0.801590469201612
0.273201478283404 0.803060019376454
0.924371111487356 0.177193599345334
0.900092104671073 0.216282636258733
0.923637731587297 0.178375100855288
0.288931433787797 0.796001990070619
0.922026758747678 0.180969511321587
0.925227674684717 0.175813817986867
0.925724417812183 0.175013426690003
0.273201478283404 0.803060019376454
0.926645936531329 0.17352960817127
0.276477459423267 0.801590469201612
0.278785642292449 0.800555204642743
0.276202559837056 0.80171436450129
0.896528034011948 0.222020417884108
0.927008669585652 0.172945489766536
0.273201478283404 0.803060019376454
0.920860667557654 0.182847156558872
0.926649808914569 0.173523365360274
0.278493056173724 0.800686274994362
0.279641374570295 0.800170548313644
0.925176635053557 0.175895570945909
0.924371111487356 0.177193599345334
0.273201478283404 0.803060019376454
0.89928891835412 0.217568767576835
0.900092465554847 0.216282054404287
0.913437286664329 0.194803846521793
0.926984820847124 0.172983909701126
0.395657277745384 0.748026612479948
0.395657277745384 0.748026612479948
0.395988346988232 0.74787745535903
0.393298644958952 0.749089703809861
0.395657277745384 0.748026612479948
0.394270996336312 0.74865138766867
0.330947496166796 0.777138503978725
0.388114937294789 0.751420096261392
0.305075228546956 0.788754583739713
0.332585624420548 0.776400506234269
0.274545682329893 0.80245745965871
0.333946864056286 0.775788641931074
0.347217506253883 0.769826306140129
0.36376070295419 0.762381619095962
0.275386214143927 0.802080424628707
0.343806027768782 0.771359431680671
0.300316126314538 0.790891740640518
0.274300949597496 0.802566940572097
0.352947260781824 0.767254029476923
0.36376070295419 0.762381619095962
0.331601669498152 0.776842260552705
0.274214238750851 0.802605841482841
0.36703216114063 0.760910913988895
0.350294680846455 0.768441576645093
0.35887268930875 0.764581597172548
0.335954915599248 0.774886425419809
0.332150448798793 0.776595728339226
0.349835537199915 0.768645611913976
0.300342861628571 0.790882941056779
0.334779727857197 0.775416295063955
0.274214238750851 0.802605841482841
0.30270647885895 0.789819689623074
0.335954893049277 0.774886435399362
0.361241524131308 0.763515902039862
0.349911172145338 0.768610992787325
0.330037653017194 0.777545880420282
0.361241524131308 0.763515902039862
0.332358085123133 0.776502717104014
0.299840090541517 0.791106751454912
0.359163610684246 0.764451024053061
0.349911172145338 0.768610992787325
0.349666698321878 0.768719409234698
0.347320477493623 0.769777583968764
0.320359333240975 0.781893666013285
0.35887268930875 0.764581597172548
0.333468732157806 0.776003585144798
0.359253961389256 0.764409268037244
0.345989659870864 0.77037578476541
0.360779720531711 0.76372358852715
0.344065875639494 0.771240146205603
0.362221641727255 0.763074960650643
0.29878619473652 0.791578807048433
0.361250804034851 0.763509847078173
0.364068662864252 0.762244175594436
0.342446699352878 0.77196782918631
0.342446699352878 0.77196782918631
0.347320477493623 0.769777583968764
0.363190871181575 0.76263919993557
0.336758694640541 0.774524499528221
0.33162338190146 0.776832507878441
0.356524582227971 0.765641471377362
0.387330035613815 0.751781809256922
0.336270295028625 0.774744041918666
0.346025014926991 0.770359947340837
0.319991015792833 0.782060510040244
0.314600205668117 0.784479380133062
0.348205452810463 0.769384636444621
0.361572326391822 0.763367112854154
0.385147790046157 0.752761923295364
0.347320477493623 0.769777583968764
0.270854262313511 0.80411377704406
0.280250767118905 0.799898998484001
0.365231274381648 0.76172042067902
0.317322341308094 0.783256975063313
0.384550038971644 0.753030908029043
0.331601748308469 0.77684222558584
0.339096972752021 0.773472256484183
0.270854262313511 0.80411377704406
0.336676156761717 0.774561592159959
0.338647963794366 0.773674097719883
0.318443811592846 0.782753719222942
0.348205452810463 0.769384636444621
0.302866330633303 0.78974860261179
0.363190871181575 0.76263919993557
0.317322341308094 0.783256975063313
0.365588385220985 0.761559671812766
0.361900193211793 0.763220104358617
0.353890457758955 0.766824386352462
0.365215925291295 0.761727250100078
0.270854262313511 0.80411377704406
0.347863210198758 0.769533580705293
0.359399249090159 0.764344225711192
0.361529240100176 0.763390209772181
0.318443811592846 0.782753719222942
0.366430671424163 0.761180527043337
0.337351916925793 0.774257196098588
0.364991230846378 0.761828334297141
0.270599643010183 0.804227873463651
0.337930482571009 0.774001574511477
0.379218105736933 0.755426339194994
0.315277763834211 0.784176218789566
0.331948541054601 0.77668637014538
0.26880099522292 0.805034565185762
0.370944692678438 0.759152764616647
0.362318831133935 0.76303231308045
0.268642089184398 0.805105682825369
0.261566272931426 0.808279272415066
0.364290683241667 0.7621420455173
0.344294177566737 0.771140532684136
0.263294064793869 0.807504406999548
0.28368942680691 0.798356085330319
0.262664831465063 0.807786599019485
0.268642089184398 0.805105682825369
0.274793832766129 0.802346455948229
0.274818539326756 0.802335600978317
0.364132247830633 0.762218870373961
0.272452145989074 0.803397077644881
0.263294064793869 0.807504406999548
0.278002483610379 0.80090708829176
0.296372339209349 0.792663716412034
0.263479705073537 0.807421143590331
0.276660824886461 0.80150785733128
0.271363943267214 0.803884825363628
0.271704199773029 0.80373199740454
0.274309934331805 0.80256381255714
0.26129117066034 0.808402654029974
0.270317321918315 0.804354525669597
0.350958521933809 0.768144367134381
0.276660824886461 0.80150785733128
0.261764827011563 0.808190230287776
0.270303335069309 0.804360421636359
0.276611562375477 0.801530247705923
0.28728332076252 0.796742135478967
0.268657974132654 0.805098561114112
0.283560811913589 0.798412648129701
0.272452145989074 0.803397077644881
0.280970560547419 0.799574328729057
0.263823417504562 0.807266987996962
0.274030722374706 0.80268905975899
0.275803169669175 0.801893577738979
0.274030722374706 0.80268905975899
0.305645480219464 0.788499292203213
0.329593821842144 0.777746161262059
0.261300603519523 0.808398423588559
0.265395533246005 0.806561849977685
0.263128104599053 0.807578822003446
0.292260440979835 0.794508993556562
0.263823417504562 0.807266987996962
0.281248363687536 0.799449221799351
0.265395533246005 0.806561849977685
0.294506373186612 0.793500466073435
0.268965252644514 0.804960762062345
0.287171312415754 0.796792345734754
0.269298030084265 0.804811344072727
0.287249642076464 0.796757194317061
0.299076135253619 0.791448621960043
0.265395533246005 0.806561849977685
0.276421098929792 0.801615704048821
0.26129117066034 0.808402654029974
0.274945130840431 0.802278517038949
0.26129117066034 0.808402654029974
0.293765333493207 0.793832333203715
0.305692215744531 0.788478325354623
0.267903686861085 0.805436824773371
0.276421098929792 0.801615704048821
0.266244499091288 0.806181113982466
0.277361452097253 0.801193663263962
0.276285797294876 0.801676923647485
0.369623002893399 0.759749495429311
0.263823417504562 0.807266987996962
0.26129117066034 0.808402654029974
0.265667452862279 0.80643993723556
0.262664831465063 0.807786599019485
0.270673425998639 0.804194650214206
0.26127943067053 0.808407919263619
0.286886997905717 0.796920058302142
0.280030492794992 0.799996770282497
0.261227010515159 0.808431429980912
0.263706451106437 0.807319442374884
0.317518919688172 0.783169275556555
0.294081914500571 0.793691702956684
0.276285797294876 0.801676923647485
0.263079250405365 0.807600744234871
0.304633908093302 0.788953506455031
0.270047427008807 0.804474882696405
0.261607278845702 0.808260887149439
0.318529269228671 0.782716986716357
0.264925913579466 0.806772318316673
0.277358708815161 0.801194891795205
0.298046200797738 0.791911986283304
0.271552843726251 0.803799803343575
0.261235158007287 0.808427776149136
0.271616265945137 0.80377110049796
0.267730293608159 0.805514911727707
0.275795598736469 0.801896054780751
0.268405468701223 0.805211947301409
0.26742354935013 0.805652344980851
0.277522314976012 0.801121260892859
0.265137784220381 0.806677360049542
0.267379846239175 0.805672083076629
0.277344652107365 0.801201193460112
0.276084336721669 0.801766540658834
0.290612813344539 0.795247217506275
0.290377646342876 0.795353512280011
0.25965334398087 0.809137183042906
0.265395357181429 0.806561928900339
0.261227010515159 0.808431429980912
0.268561452551413 0.805141682658549
0.261325935208314 0.808387065421086
0.26363935144746 0.807349542880186
0.262664831465063 0.807786599019485
0.259701361292908 0.809115645192972
0.321410754122377 0.781421475590692
0.263863461452 0.807248746224964
0.258695371666772 0.809566846989985
0.263642349085333 0.807348198508275
0.266475044295159 0.806077401108769
0.312461463670872 0.785438958838762
0.266867284774041 0.805901586108087
0.258695371666772 0.809566846989985
0.261325935208314 0.808387065421086
0.276071771262439 0.801772179086162
0.290377646342876 0.795353512280011
0.281895704180051 0.799158649187327
0.261325935208314 0.808387065421086
0.271543205483334 0.803804499095432
0.290378298171713 0.795353219770269
0.258695371666772 0.809566846989985
0.292934782447892 0.794206031094994
0.265911273553847 0.806330629310966
0.314338163453849 0.784596474336925
0.273393415483653 0.802974256383222
0.259695271781115 0.809118377568478
0.297968151643477 0.791946536745448
0.312452596451725 0.785442943108266
0.265395357181429 0.806561928900339
0.26124299724831 0.808424257131975
0.273724503236291 0.802827074557706
0.258695371666772 0.809566846989985
0.300028306861759 0.791022621709839
0.320333969636467 0.781905310048843
0.26398693489728 0.807193628354694
0.365295007761656 0.76169181511442
0.259378221630023 0.809260588187314
0.258695371666772 0.809566846989985
0.274830549884439 0.802329182472686
0.261744275057407 0.808199323603877
0.299306120762835 0.791346072219443
0.262477629317852 0.80787052638136
0.313058147743233 0.785171265786363
0.259263392010099 0.809312067770785
0.277344652107365 0.801201193460112
0.258441324911644 0.809680801211835
0.26404032004234 0.807169654959373
0.259566451365165 0.809176154463978
0.308545269262186 0.78719715431421
0.276071771262439 0.801772179086162
0.28669699778062 0.797005415153747
0.276071771262439 0.801772179086162
0.284677348907434 0.79791040635339
0.26404032004234 0.807169654959373
0.300028306861759 0.791022621709839
0.267857067901867 0.805457386481149
0.271820446096048 0.80368042321928
0.273724503236291 0.802827074557706
0.2660908698757 0.806250038716873
0.300799396882846 0.790676516944797
0.261256182746819 0.808418345197499
0.261901732507045 0.808128781262879
0.312695060764346 0.785334107157817
0.265597182739464 0.806471402558263
0.258441324911644 0.809680801211835
0.292617899161751 0.794347292361239
0.265624892234221 0.806458975683251
0.312246990468953 0.785535492502339
0.269681394993777 0.804639568277214
0.292617899161751 0.794347292361239
0.259701361292908 0.809115645192972
0.274191349062638 0.802615503274939
0.264103215975024 0.807141446397306
0.309300008253596 0.78686038452514
0.281490500746811 0.79934246946661
0.267322146462492 0.805697833426746
0.268909354149275 0.804985905239
0.267366044717631 0.805677818444507
0.263455486303337 0.807431964978897
0.320321123032133 0.781910781413828
0.261280582871515 0.808407400187071
0.311482568108684 0.785877919159247
0.272989559579396 0.8031549904633
0.277412049879146 0.80117140710271
0.280695391633371 0.799698355405493
0.259763999043541 0.809087551012536
0.265597182739464 0.806471402558263
0.265788581700645 0.806385636192806
0.26672243698645 0.805966641744806
0.285680723672754 0.797461403462354
0.281849210724372 0.799179510688741
0.288625925964895 0.796139837971504
0.282760376581444 0.798770668597336
0.262392637341505 0.807908464017286
0.282851110869852 0.798731107910705
0.34261976238223 0.771890035363572
0.268909354149275 0.804985905239
0.259265192261875 0.809311284450971
0.261460182194123 0.808326812276077
0.281357231940914 0.799400887409014
0.266568844502122 0.80603550645938
0.259523618990692 0.80919537199891
0.258362891475279 0.809715974257584
0.268770163378872 0.805047860448661
0.259763999043541 0.809087551012536
0.289583063505748 0.795710596732323
0.281586541068157 0.799298805461852
0.273884470649801 0.802753547674607
0.265869800929385 0.806349241051241
0.273724503236291 0.802827074557706
0.265239879027212 0.806631616576175
0.285680723672754 0.797461403462354
0.25828150102437 0.80975247972524
0.277412049879146 0.80117140710271
0.280429472898841 0.799817081454402
0.263883451118959 0.807240012481763
0.273884470649801 0.802753547674607
0.268499531792244 0.805169264301348
0.262937934817147 0.807663897052917
0.266146684291629 0.806224778668462
0.261248386498532 0.80842182343222
0.272796981583739 0.803241532338862
0.262860469540188 0.807698826143048
0.266146684291629 0.806224778668462
0.268207230207262 0.805300817003846
0.295674533110175 0.792975580265063
0.271624421963118 0.803768366638345
0.260289792719471 0.808851686046159
0.267000235269855 0.80584212864137
0.270154255133636 0.804426731516995
0.268207230207262 0.805300817003846
0.273884470649801 0.802753547674607
0.269802831996185 0.804585029127901
0.281895704180051 0.799158649187327
0.260289792719471 0.808851686046159
0.277232165569926 0.801251879120587
0.268459732108843 0.805187599563275
0.264103215975024 0.807141446397306
0.265239879027212 0.806631616576175
0.360150846885029 0.764008397637199
0.260245383720848 0.808871606856444
0.2858132856182 0.797400592508087
0.331843094667667 0.776736631147314
0.289583063505748 0.795710596732323
0.277797970987287 0.8009977550236
0.268459732108843 0.805187599563275
0.281857245294605 0.799175905735506
0.258319750333599 0.809735324040301
0.374167761212012 0.757704270259906
0.26514910903052 0.806672300104744
0.271791468125282 0.803693417116453
0.283170054899704 0.798587357466495
0.265998037087048 0.806291197316445
0.265039234363075 0.806721571189213
0.26652398244881 0.806055772674204
0.285817855239519 0.79739854484577
0.265039234363075 0.806721571189213
0.26124299724831 0.808424257131975
0.271703815383906 0.803732724574935
0.271254686300961 0.803933318988554
0.267000235269855 0.80584212864137
0.25828150102437 0.80975247972524
0.277109480882009 0.801306562566894
0.260245383720848 0.808871606856444
0.262453221712291 0.807881325272803
0.277797970987287 0.8009977550236
0.262477629317852 0.80787052638136
0.282577807710585 0.798852500616173
0.322599427131406 0.780888512200392
0.258275311330396 0.80975525594374
0.27491832482039 0.802290128807727
0.281768532996237 0.799215699491006
0.272086569758037 0.803561135072507
0.271645616544466 0.803757910487123
0.265039234363075 0.806721571189213
0.264150580519202 0.807120131449388
0.268768476536712 0.805049410152067
0.27720619988066 0.801263201949776
0.272139248793344 0.803536261658035
0.258275302233421 0.809755260023891
0.322599427131406 0.780888512200392
0.262453548617187 0.807881178582882
0.301671289868442 0.790285528948223
0.259906968152949 0.809023411022667
0.289583025550509 0.795710613682737
0.265163280286928 0.806665674803161
0.263839619631108 0.807259605721253
0.258275302233421 0.809755260023891
0.30117661030242 0.790506899440307
0.316061455766509 0.783822263157968
0.283931279246477 0.79824696584312
0.323325381308745 0.780561268881098
0.258275302233421 0.809755260023891
0.280272981249936 0.799887616489189
0.301279044114692 0.790460793151352
0.258275302233421 0.809755260023891
0.270916717784468 0.804084796822531
0.269769576698797 0.804599963325731
0.290114987497317 0.795470942748341
0.263434599032197 0.807441271713096
0.258275302233421 0.809755260023891
0.306959726201354 0.787909402973004
0.258275302233421 0.809755260023891
0.273680009539863 0.802845857154953
0.272642952662144 0.80331085811228
0.258436568436621 0.809682925740675
0.258275302233421 0.809755260023891
0.261737074988727 0.808202629285117
0.264142839977672 0.807123602998058
0.261213922904768 0.808437198187308
0.270583493531533 0.804235308019424
0.323325381308745 0.780561268881098
0.265871916412155 0.806348157333693
0.273680009539863 0.802845857154953
0.261213922904768 0.808437198187308
0.258275302233421 0.809755260023891
0.268821126269178 0.805025467775546
0.273411623443111 0.802966107519849
0.301671289868442 0.790285528948223
0.264422164242127 0.806998426103143
0.266374415743014 0.806122674463702
0.258275302233421 0.809755260023891
0.259369213141143 0.809264593544863
0.264124116443578 0.807132000263523
0.266039549639968 0.806272791079025
0.270622836833907 0.804217071210336
0.258275302233421 0.809755260023891
0.367959637609231 0.760498245989166
0.367959637609231 0.760498245989166
0.36093249246464 0.763658755606922
0.361193860322866 0.763541825119279
0.366130583623486 0.761319307818679
0.367959637609231 0.760498245989166
0.384062157329916 0.753245580840949
0.349393703980099 0.76884869079068
0.36093249246464 0.763658755606922
0.32143995199171 0.78140664550355
0.365340173810819 0.761673832479395
0.371034044097478 0.759115492172588
0.32757418312128 0.778651551101762
0.335504235704598 0.775093011682616
0.353874394689534 0.766835147515618
0.317188968240101 0.783316510214681
0.29161450498422 0.794797042243671
0.290744378021574 0.795187656864038
0.291769940258853 0.794728010728101
0.299584272818831 0.791219770499769
0.290744378021574 0.795187656864038
0.299910653188387 0.791073889904313
0.291769940258853 0.794728010728101
0.291769940258853 0.794728010728101
0.322703719790751 0.780838965028984
0.319897761843422 0.782101236281629
0.297361965993425 0.792218007014592
0.354699541386263 0.766464002842839
0.319897761843422 0.782101236281629
0.273466738790329 0.802941615737853
0.292178085611877 0.794544998762591
0.289788481512986 0.795617156550097
0.319897761843422 0.782101236281629
0.269573068526543 0.804687742266052
0.29552816353589 0.793040906460212
0.328769698547776 0.778114958604401
0.270146748820567 0.804430271735562
0.262157139140087 0.808014118901291
0.370952449632894 0.759152118045956
0.278902852189949 0.800502794410863
0.276187674176796 0.801720468190572
0.30406569454958 0.789207374812938
0.269573068526543 0.804687742266052
0.323603119273254 0.780440081521081
0.269493338252512 0.804723543584936
0.272830592471337 0.803226127109962
0.304134789861122 0.789176327454855
0.263785620168715 0.807283700866625
0.269493259612444 0.804723546400995
0.275463758178553 0.802045168845582
0.270390604707962 0.804320859694592
0.284203018178781 0.798123934875363
0.29445318567018 0.793523551621782
0.262627827488218 0.807803056688282
0.278761072224773 0.800566092940302
0.261466918958879 0.808323676447146
0.276114790131164 0.801753170656797
0.266012733427389 0.806284546176639
0.270489312686659 0.804276613467502
0.264074385920146 0.807154196215775
0.269943125625203 0.804521480090123
0.310389550883121 0.786368037570074
0.261676521282098 0.808229646497574
0.365496241239417 0.761605963187554
0.276870284627201 0.801414381732621
0.356970442753262 0.765441177133803
0.273444356598181 0.802950982074068
0.287973928466961 0.796432120347788
0.36368397530541 0.762419837189419
0.271215601673134 0.803951240567588
0.264308230043422 0.807049179806221
0.276114790131164 0.801753170656797
0.266012733427389 0.806284546176639
0.270043338953979 0.804476549246053
0.368832050852438 0.760105990533827
0.292169651657451 0.794548411133126
0.29308553154019 0.794137813656399
0.271159020105629 0.803976579500762
0.275084167236263 0.802215252949522
0.261433708994574 0.80833857181332
0.283846388630873 0.798284111098929
0.27414802742269 0.802635147552217
0.281086013658507 0.799522305456841
0.273323241270081 0.803005237241948
0.271383404242515 0.803875387252429
0.294276214360848 0.793603168713486
0.370952449632894 0.759152118045956
0.268976579444284 0.80495497880735
0.283675051941786 0.798361008419701
0.365496241239417 0.761605963187554
0.261436149854229 0.808337477260114
0.275084167236263 0.802215252949522
0.278478891365189 0.800692503912997
0.261551044338771 0.808285937096816
0.262627827488218 0.807803056688282
0.289455364687242 0.79576649207433
0.266799971155566 0.805931635377462
0.27142543696127 0.803857230519285
0.31408979428211 0.784709082433056
0.267275636674283 0.805718248179254
0.313868585102135 0.784808897930237
0.377811270075028 0.756058874886076
0.273342886533927 0.802996429327946
0.276925669758716 0.80138920448527
0.368832247853267 0.760105901813663
0.263785620168715 0.807283700866625
0.318797649641806 0.782596835244711
0.267685898110023 0.805534329952807
0.275251034978877 0.802140058135817
0.298332563966007 0.79178293043882
0.270143148868788 0.804431706133909
0.265829980767645 0.806366501020915
0.296797603783983 0.792471847486803
0.37719887959147 0.756334982845938
0.266971160433485 0.805854845928648
0.390634628384394 0.750285180222167
0.264702115607501 0.806872615013788
0.29308553154019 0.794137813656399
0.283908117508609 0.798256337626057
0.262745440107834 0.807750230509922
0.298435252247925 0.791736485102882
0.275084167236263 0.802215252949522
0.267275374764186 0.805718365992085
0.287734567862915 0.796538486042222
0.298332563966007 0.79178293043882
0.262745440107834 0.807750230509922
0.283529324876726 0.798425825098051
0.261553394317899 0.808284888489458
0.272466318947821 0.803390577937276
0.292872648431177 0.79423376586635
0.270262780049077 0.804378670583343
0.290976235575411 0.795083523861937
0.313868585102135 0.784808897930237
0.280651099210551 0.799717206290225
0.264702115607501 0.806872615013788
0.266615574290388 0.806014305519753
0.276116515645345 0.801751785718149
0.275999675032814 0.801805451992515
0.352529632184679 0.767437155898508
0.272907584961012 0.803191515062895
0.292783783626833 0.794273682143143
0.263039752564933 0.807618250471984
0.268976579444284 0.80495497880735
0.264620570317025 0.806909193082003
0.270479594702383 0.80428083001541
0.270005930165249 0.804493645379631
0.270262780049077 0.804378670583343
0.267639650373971 0.805554838089397
0.26272960122421 0.807757418027297
0.292530899191752 0.794386276733336
0.264702115607501 0.806872615013788
0.353088216768253 0.767186319920825
0.278041505380773 0.800888192726296
0.282169351167864 0.799035985923174
0.290919647233861 0.795108892707397
0.269864553511267 0.804556928705137
0.267867519180509 0.805452546362699
0.270568056550101 0.804241603787179
0.296958792686797 0.792399463101447
0.267104088602863 0.805795124395038
0.264702115607501 0.806872615013788
0.282041665912728 0.799093276506674
0.287530779088473 0.796630239367965
0.285372126580302 0.797599006455843
0.271072042105234 0.804015588376828
0.263761839285719 0.807294436877801
0.303021844119122 0.78968105975109
0.267774909759416 0.805494183075685
0.285372126580302 0.797599006455843
0.266615574290388 0.806014305519753
0.287515471809515 0.796637869683516
0.27002501367908 0.804484840024901
0.285258755152838 0.797649935598606
0.264702115607501 0.806872615013788
0.270262416699038 0.804379074464233
0.261433708994574 0.80833857181332
0.288829271082766 0.796048587771344
0.26272960122421 0.807757418027297
0.270671846965575 0.804194680462361
0.269871264485949 0.804553803599805
0.263691558552212 0.807325835297546
0.282988391762517 0.798668015657712
0.270584304155575 0.80423426793491
0.277185842489595 0.801272022333704
0.261481793409992 0.808317001765292
0.261498944682899 0.808309310783021
0.343505751842892 0.771496284290126
0.335408048395904 0.775134253597365
0.396207439178657 0.747769177817187
0.262780286520578 0.807734598753379
0.266764016579417 0.80594773400992
0.26838292718007 0.805221333017063
0.274187293746936 0.80261761469199
0.272095083178186 0.803556743087523
0.261511382559588 0.808303735382105
0.296231432782103 0.792726163024726
0.264704711668472 0.806871450897852
0.261433708994574 0.80833857181332
0.265806762148542 0.806377063647192
0.280651099210551 0.799717206290225
0.295969476849537 0.792843761354546
0.281050804319708 0.799539309443346
0.257728339073043 0.810000586466685
0.268672119803762 0.805091600337568
0.262904641894246 0.807678873504784
0.302559440126558 0.789886711746531
0.392283269085732 0.749544609213381
0.313691359567815 0.784889109103376
0.270972230058708 0.804060096589836
0.266615574290388 0.806014305519753
0.374818105416357 0.757411773375508
0.265880744238771 0.806343874270206
0.261433708994574 0.80833857181332
0.279095671402677 0.800415512294657
0.29181519047919 0.794706983210674
0.267758673648039 0.805501373204688
0.266983746428379 0.805849015998469
0.302559440126558 0.789886711746531
0.275084167236263 0.802215252949522
0.287515471809515 0.796637869683516
0.257728339073043 0.810000586466685
0.276039933788372 0.801786855376204
0.266984439378337 0.805848647457453
0.285649760693829 0.797474660355441
0.285225897403229 0.797664948682979
0.257728339073043 0.810000586466685
0.296769723578146 0.792485678553005
0.263681838496438 0.807330195161376
0.269334967940073 0.80479428484538
0.265806762148542 0.806377063647192
0.291442434400786 0.79487428183293
0.271406553857278 0.803865149903591
0.275698719639222 0.801939261373557
0.269864553511267 0.804556928705137
0.29181519047919 0.794706983210674
0.273357060628622 0.802990285977125
0.269334967940073 0.80479428484538
0.275084167236263 0.802215252949522
0.259145174294516 0.809365113412703
0.262107909637959 0.808036147416913
0.267867519180509 0.805452546362699
0.269573514436368 0.804687294046054
0.257728339073043 0.810000586466685
0.336777384736025 0.774518672759331
0.288519346300014 0.796187942350251
0.270951946286082 0.804069182766512
0.284917851379731 0.79780278285305
0.273367746349845 0.802985469864442
0.282490021762953 0.798892538291836
0.267658914729456 0.805546157109583
0.327554405745972 0.778662375856193
0.304259897700675 0.789122556695375
0.371208429113122 0.759037830875526
0.266242943780278 0.806181340450801
0.263668934692369 0.80733597208362
0.296769723578146 0.792485678553005
0.258982157901246 0.809438228466369
0.264155475198769 0.807117668564553
0.26727139672624 0.805720508849988
0.259145174294516 0.809365113412703
0.28286715071896 0.798722819946436
0.261433708994574 0.80833857181332
0.2607914461941 0.808626643849415
0.267177025428332 0.805762708200145
0.271928655092054 0.803630847673473
0.273523434586243 0.802915638546435
0.282553367916427 0.798863566678712
0.270851361039131 0.804113889114166
0.269282992454207 0.80481783564874
0.32910567172578 0.777964284061203
0.264305128572373 0.807050640962554
0.258099326643369 0.809834196647559
0.264305128572373 0.807050640962554
0.267658477335567 0.805546352423561
0.284548257773608 0.797968626995219
0.283421180586519 0.798474866594925
0.271117863745319 0.803994360700526
0.258688980113865 0.809569715309287
0.275843298370113 0.801875430127582
0.261579071705892 0.808273395946694
0.2591381876641 0.809368247001478
0.289297827858734 0.795837560450327
0.395613872070269 0.74804242748956
0.269039131967625 0.804927533114136
0.271066147947564 0.804018290887843
0.265365476084864 0.806575028577989
0.28445387703446 0.798010939088305
0.286975336347244 0.796878894460695
0.265806762148542 0.806377063647192
0.270867024301194 0.804107598025654
0.274697068022843 0.802388762112946
0.290761625991068 0.795180963964064
0.271023961067915 0.804037510205901
0.291050346358801 0.795051167466808
0.298470403650975 0.791720766823799
0.271705057983312 0.803731326893886
0.301032029059923 0.790572977247838
0.275968645385517 0.80181823378517
0.270380922289559 0.804325875858814
0.278198043541543 0.800818196897995
0.330012555908238 0.777558909655655
0.289665363860696 0.795672622508995
0.265419069726991 0.806550991355864
0.258215029121987 0.809782297489439
0.265126295357158 0.806682461590477
0.25914880255393 0.809363485972935
0.284917851379731 0.79780278285305
0.290847272539079 0.795143420836908
0.270205248226265 0.80440474256852
0.258906007987147 0.80947238198008
0.279141543868474 0.800394720679962
0.265092581625626 0.806697342709639
0.257728339073043 0.810000586466685
0.282602884470377 0.798841602903115
0.284739756079384 0.797882695846371
0.289413624573028 0.795785692663569
0.267177025428332 0.805762708200145
0.284293345600874 0.798082915020255
0.263815714449076 0.807270190892646
0.259798445926586 0.809072119564859
0.260726488530995 0.808655789148361
0.274748976325662 0.802365630882726
0.291011075366991 0.795068790125549
0.285163774510505 0.797692788450075
0.267010971210415 0.805836826578596
0.311641282517455 0.78580743173854
0.274138735066261 0.802639210026343
0.270380922289559 0.804325875858814
0.257772819804215 0.809980635934427
0.29540788343072 0.793095741970341
0.257612460830122 0.810052561190614
0.27285193718155 0.803216895041476
0.314307261340633 0.784612461333488
0.25738490004036 0.810154629907794
0.281632551346361 0.799277236600723
0.326531231743893 0.779120830555832
0.269017303930711 0.80493730891705
0.281449072537884 0.799360395402768
0.265686045759963 0.806431415763014
0.259859770318433 0.809044616179043
0.271697278151307 0.803734816703855
0.276027583361697 0.801792386287089
0.295936168398475 0.792857541926619
0.360387215136964 0.763902401844985
0.262573752507815 0.807827234939193
0.267128192981031 0.805784249315546
0.295053750268718 0.793254804460204
0.260947602371226 0.808556677782533
0.276096387121797 0.8017612143856
0.264551020137308 0.806940458048079
0.39471505992524 0.748449537847563
0.32662623605801 0.779078161262194
0.269039131967625 0.804927533114136
0.281405042359971 0.799378892113446
0.265302648690771 0.806603263306841
0.269888758149125 0.804546607669614
0.264117781518932 0.807134709954445
0.281693616104488 0.799249163853004
0.33778615879169 0.774064688293803
0.272585193519658 0.803337144049497
0.262699033137616 0.807771018176241
0.280014755240433 0.800004432716247
0.395035022457023 0.748305310401439
0.29841086299545 0.791747468128443
0.310539052897938 0.786302807196028
0.259343968611268 0.809275951585601
0.39471505992524 0.748449537847563
0.327232927890882 0.778805742124942
0.296806277951096 0.792467531273702
0.26583381249302 0.806365090759282
0.288688846481269 0.79611094547552
0.296806277951096 0.792467531273702
0.2678470473663 0.805462041930757
0.341228938386681 0.77251648129297
0.266386211326296 0.806117072166152
0.395709016185004 0.748003903821662
0.341308166419924 0.772481402697322
0.291043954133431 0.795054484671178
0.25738490004036 0.810154629907794
0.289568796817729 0.795716217441222
0.258688053300582 0.809570138780256
0.269114925450785 0.804893698299057
0.394396802595539 0.748592427867527
0.264541514544184 0.806944641584472
0.266386211326296 0.806117072166152
0.265606464428371 0.80646695414592
0.271899078356356 0.803644889260191
0.265505137712718 0.806512221444919
0.270098030603548 0.804452237860054
0.292650570947324 0.794333255143908
0.268626330102116 0.805112953159129
0.25738490004036 0.810154629907794
0.264187875567679 0.807103287670967
0.264626337583652 0.806906567671023
0.268373503743297 0.805225644527581
0.25753385575869 0.810087820806307
0.277528507051876 0.801119241587822
0.288190826060158 0.7963351822237
0.267969867856308 0.805406969617487
0.289568796817729 0.795716217441222
0.271247708436168 0.803936485814898
0.271203542274951 0.803956159961289
0.264114260438595 0.807136290235476
0.258711886297026 0.809559450417498
0.277528507051876 0.801119241587822
0.310097271732243 0.786502576501507
0.291735792704708 0.794744655782783
0.270850284939074 0.804114981837792
0.271299787314388 0.803913563827739
0.258071999274395 0.809846441786266
0.257622103926674 0.810048239899497
0.271980124595921 0.803608299956833
0.291893576281638 0.794673543548758
0.254703231556229 0.843329182021962
0.254703231556229 0.843329182021962
0.186874350974283 0.87819359930739
0.186874350974283 0.87819359930739
0.186874350974283 0.87819359930739
0.186874350974283 0.87819359930739
0.182913166685787 0.880229434357693
0.187184040147499 0.878034549870692
0.187184040147499 0.878034549870692
0.182913166685787 0.880229434357693
0.186813353482531 0.87822665979267
0.220829343714505 0.860744993483064
0.183075843862815 0.880145848859515
0.186874350974283 0.87819359930739
0.223576553173719 0.859334302841373
0.186813353482531 0.87822665979267
0.18356979689331 0.879892168415655
0.183390626505225 0.879984224877355
0.196574910501847 0.873212879891847
0.177352063613994 0.883088138689162
0.187120409860165 0.878067300858987
0.213613875465491 0.864452988297886
0.192624197744152 0.875242069043676
0.189042464841248 0.87708720051157
0.229271009284483 0.856413759253348
0.209154324575649 0.866749234380439
0.196574910501847 0.873212879891847
0.186419016414359 0.878428302784769
0.177352063613994 0.883088138689162
0.18163381306797 0.880886538618621
0.213613875465491 0.864452988297886
0.183492602813543 0.879931727134244
0.18163381306797 0.880886538618621
0.237736182596289 0.852069758854484
0.18356979689331 0.879892168415655
0.186419016414359 0.878428302784769
0.178898781776505 0.882291492451808
0.192624197744152 0.875242069043676
0.223576553173719 0.859334302841373
0.181228125761182 0.881094888689811
0.192624197744152 0.875242069043676
0.177352063613994 0.883088138689162
0.192624197744152 0.875242069043676
0.183492602813543 0.879931727134244
0.192624197744152 0.875242069043676
0.177352063613994 0.883088138689162
0.193304035722411 0.874895770689098
0.195742217557071 0.873637259124375
0.181228125761182 0.881094888689811
0.185974551028619 0.878656298050288
0.178645199766298 0.882421711054717
0.210207513461839 0.866201403001661
0.18356979689331 0.879892168415655
0.191655052299772 0.875741446345854
0.209154324575649 0.866749234380439
0.199715588787994 0.871603123508725
0.193712109152848 0.874686177702665
0.177352063613994 0.883088138689162
0.191003502461539 0.876074155176688
0.184574558107095 0.879377065761782
0.179916930837565 0.881771194682688
0.18356979689331 0.879892168415655
0.19905514750247 0.871938853990957
0.195742217557071 0.873637259124375
0.188259914720417 0.877482164580911
0.396366733414614 0.747711680926904
0.22810188716622 0.857009579864101
0.177352063613994 0.883088138689162
0.196267429987797 0.873367164910553
0.210276026764418 0.866166551058942
0.395683762199947 0.748019303600637
0.224545157968667 0.858834878845969
0.217986407777204 0.862210559525537
0.188259914720417 0.877482164580911
0.240570085404132 0.850607182305257
0.178645199766298 0.882421711054717
0.18356979689331 0.879892168415655
0.215442792203945 0.863510978700093
0.18895586488233 0.877128530203874
0.395925936446131 0.747907039326907
0.220387311278953 0.86097566823543
0.214101317749682 0.864201600542689
0.184779398118596 0.879272868414085
0.187719665098609 0.877761357552605
0.239936396238018 0.850919398255592
0.199013758832479 0.871956826992588
0.193712109152848 0.874686177702665
0.176113976123064 0.883721527367968
0.191738659022315 0.875698520387449
0.229271009284483 0.856413759253348
0.185974551028619 0.878656298050288
0.213571332215594 0.864480821236587
0.192130541614156 0.87549683484549
0.183994136703084 0.879674131047441
0.196574910501847 0.873212879891847
0.180195607263368 0.881625299418391
0.202465954447644 0.870181282065188
0.185974551028619 0.878656298050288
0.185309732857409 0.879000905708683
0.31624303805753 0.783742088037132
0.229271009284483 0.856413759253348
0.176957365240024 0.88328796317168
0.210417764723157 0.866093333765705
0.21110977831211 0.865736513686799
0.176957365240024 0.88328796317168
0.252778930197461 0.844332675781307
0.204836607109553 0.868963010389949
0.203877280751551 0.86945774165607
0.316871129160115 0.783460137353446
0.179916930837565 0.881771194682688
0.359594257194465 0.764258409150237
0.199005714041295 0.8719591713993
0.213020744984307 0.864761294724432
0.185974551028619 0.878656298050288
0.199013808860727 0.871956801292966
0.198247661709886 0.872351998467309
0.220469261388151 0.860933729430291
0.20326343261506 0.869773214705205
0.241786667719796 0.849985078451915
0.180614397229423 0.881413331570499
0.194039280469027 0.874512341799224
0.357935186560797 0.765005056860609
0.173178898823451 0.885230924481454
0.228540200789727 0.85678046650345
0.192176553991648 0.875473190377075
0.300320744405583 0.790890457125525
0.359248135855044 0.764414233964945
0.18895586488233 0.877128530203874
0.205061207824174 0.868849153122316
0.180533433172899 0.881454956743102
0.196920723041308 0.873035340124688
0.22061718178298 0.86085521892255
0.187900732146942 0.87766804161697
0.185309732857409 0.879000905708683
0.202465954447644 0.870181282065188
0.190488144798249 0.876338026935793
0.203810008536416 0.869492239750913
0.301192355826514 0.79049929864687
0.349690130613452 0.768712419481964
0.274594338993759 0.802435506041636
0.381509115178498 0.754397661848591
0.350986634402183 0.76812919006682
0.275803815512571 0.801893201072129
0.17208528190629 0.885792350083099
0.201941554452728 0.870457468054531
0.300874492597496 0.790641744674643
0.180069980773755 0.881688077855799
0.18895586488233 0.877128530203874
0.275803815512571 0.801893201072129
0.317435589564784 0.783206552259334
0.31593664515728 0.783879633610309
0.179881964752722 0.881787844010441
0.187724497581865 0.87775900204959
0.205032630302916 0.868863817718014
0.196213254850716 0.873395161572916
0.30190432633378 0.790179565052152
0.390941526780422 0.750148317599901
0.191292027259316 0.87592341003654
0.382704643588029 0.753858557659666
0.181360244310459 0.881027581206325
0.337335795811564 0.774267353773835
0.31593664515728 0.783879633610309
0.302146817874431 0.79007067549715
0.319539272558998 0.782261474355768
0.182413031065508 0.880488392961904
0.321262119715798 0.781487744314277
0.190313255485891 0.87642782233991
0.17208528190629 0.885792350083099
0.30263551270507 0.789851523117939
0.179881964752722 0.881787844010441
0.17185106894294 0.885911497389828
0.188951958485502 0.877134003749035
0.200157393649185 0.871373193190178
0.316008275564762 0.783847492985902
0.220469261388151 0.860933729430291
0.307907410600067 0.787484181756117
0.274594338993759 0.802435506041636
0.349690130613452 0.768712419481964
0.353862085966352 0.766836920260452
0.168413914623041 0.88767734002092
0.200157393649185 0.871373193190178
0.173178898823451 0.885230924481454
0.17185106894294 0.885911497389828
0.307694835672407 0.787579680510199
0.308987373737233 0.78699920372356
0.175972040341847 0.883796527932039
0.183966699141835 0.879688422858532
0.190313255485891 0.87642782233991
0.184934435541887 0.879193607430009
0.201941554452728 0.870457468054531
0.244857101595644 0.848387428089222
0.316008275564762 0.783847492985902
0.188951958485502 0.877134003749035
0.300320744405583 0.790890457125525
0.182413031065508 0.880488392961904
0.319785686104044 0.782151517597987
0.182831536035579 0.880272768594629
0.325950750891325 0.779382551454506
0.200751912722875 0.87106616739049
0.183575220707653 0.879889502558815
0.330686722215749 0.777251171740129
0.199512906374031 0.871702290740002
0.200732793352295 0.871075994929929
0.188795535974326 0.877208441001049
0.218083858641482 0.86215092145293
0.308533168058899 0.787203436313734
0.188951958485502 0.877134003749035
0.171671743371067 0.886004511382685
0.199318563455885 0.871802701559695
0.322491439278707 0.780935941020837
0.168413914623041 0.88767734002092
0.201941554452728 0.870457468054531
0.168413914623041 0.88767734002092
0.31608085531851 0.783814910662161
0.201905478550915 0.870470796402369
0.244857101595644 0.848387428089222
0.201650939663358 0.870606663075229
0.168040825361197 0.887869340960935
0.21138180476006 0.865597560230646
0.201650939663358 0.870606663075229
0.176113976123064 0.883721527367968
0.297941847086266 0.791959777011724
0.173178898823451 0.885230924481454
0.175485658310081 0.884044230992319
0.208846361806768 0.866901878558916
0.200933817559343 0.870968374433958
0.27506198298841 0.802225784066829
0.161258595326889 0.891351549325551
0.316008275564762 0.783847492985902
0.336540882146437 0.774625112227877
0.323945890393004 0.780279579490905
0.171671743371067 0.886004511382685
0.16138636543981 0.891285913743364
0.223847111637292 0.859197669503686
0.207948874648011 0.86737026176498
0.174611835941627 0.884496526196297
0.171754454742759 0.88596232277068
0.187779360265449 0.877733335944823
0.341459580713429 0.7724150390942
0.21291132511337 0.864819619457169
0.178460015884701 0.882519163829551
0.168413914623041 0.88767734002092
0.35445320794856 0.766574485906341
0.161258595326889 0.891351549325551
0.30263551270507 0.789851523117939
0.215336653092529 0.863566999094131
0.324776746685594 0.779907793123547
0.186968371723734 0.878143819547647
0.299891720936755 0.791083062169417
0.211377362565765 0.865599838883676
0.176125581015186 0.883715569383883
0.171671743371067 0.886004511382685
0.171368409920543 0.886160334482233
0.30853389458762 0.787203114849846
0.161376915278038 0.891290793508331
0.200933817559343 0.870968374433958
0.179881964752722 0.881787844010441
0.183966699141835 0.879688422858532
0.225073502982168 0.858567402488402
0.250451926021369 0.845516093448434
0.171703789283047 0.885986485613938
0.208702648791793 0.866981481068772
0.186968371723734 0.878143819547647
0.16138636543981 0.891285913743364
0.319878128799063 0.782109962883294
0.273148752013028 0.80308387524171
0.220662856285985 0.860832029464218
0.18439652707714 0.879465963074777
0.347009015779729 0.769920679253516
0.319151791180474 0.782436536356113
0.167120912014988 0.888342479850594
0.319664482733659 0.782205879563793
0.276135045095707 0.801744373444221
0.183747509318893 0.879805059934063
0.27766293651868 0.801059507043136
0.16858591551101 0.887590290636602
0.174611835941627 0.884496526196297
0.211190599773427 0.865700377127879
0.311100523314242 0.786051137740495
0.16693777672709 0.888436486959462
0.273126152831262 0.803094009625124
0.159957911244287 0.892019253630197
0.194373062979065 0.874342041848212
0.161700618212204 0.891124032597898
0.319878128799063 0.782109962883294
0.218547346423743 0.861918989560159
0.169338235126489 0.887204095929475
0.338546602929483 0.773720324276077
0.217562877740051 0.862428511471961
0.224830397997364 0.858692128807078
0.175295719304474 0.884145442500508
0.303657663365091 0.789393322374161
0.170259897304979 0.886729709339291
0.252169549032079 0.844628162020166
0.275211868829574 0.802158256060818
0.162847090205835 0.89053515906225
0.201170592202177 0.870846771926746
0.156867783978208 0.893605911093746
0.322491439278707 0.780935941020837
0.213181154875794 0.864674226931784
0.291299769885833 0.794940569861046
0.249717287493241 0.845891382295787
0.167185704726198 0.888307949319261
0.205552546235588 0.868597901750609
0.336672353798404 0.774566393671918
0.15918459897316 0.892416371770178
0.273126152831262 0.803094009625124
0.159957911244287 0.892019253630197
0.324471327782823 0.780048920249532
0.17164465378121 0.886018665925079
0.172659817744841 0.885497376614029
0.159850350305342 0.892074290013855
0.223993465595727 0.859122381061946
0.157403046069259 0.893331073843744
0.320679629868209 0.781750096625562
0.175933335996296 0.883817264758071
0.17265806909249 0.885498273922301
0.166111563865235 0.888859851770258
0.247764557128208 0.84689031097843
0.15918459897316 0.892416371770178
0.27766293651868 0.801059507043136
0.273126152831262 0.803094009625124
0.214707134312442 0.863893267923556
0.170259897304979 0.886729709339291
0.320679283798051 0.781750258877508
0.20158377732871 0.870633047016287
0.329735904301162 0.777683524211263
0.174611835941627 0.884496526196297
0.157403046069259 0.893331073843744
0.276135424891295 0.801744203078271
0.327826781833225 0.778540648648521
0.173493512620102 0.885069022846947
0.164516540095772 0.889678201618755
0.183747509318893 0.879805059934063
0.340397736891938 0.772889906853897
0.213181154875794 0.864674226931784
0.336672353798404 0.774566393671918
0.314993326397871 0.78430488577825
0.159850350305342 0.892074290013855
0.17154292869797 0.886070735856302
0.294333544002917 0.793578922094915
0.176987982343005 0.88327487541597
0.2457111659111 0.847956203821839
0.166111563865235 0.888859851770258
0.16858591551101 0.887590290636602
0.180025701696403 0.881712174210306
0.221893315126634 0.860203441265259
0.162847090205835 0.89053515906225
0.212402942837439 0.865074185901154
0.184517765447454 0.879404181590527
0.157403046069259 0.893331073843744
0.2457111659111 0.847956203821839
0.178460015884701 0.882519163829551
0.184669212301498 0.879330847923259
0.163349912417835 0.890277280180716
0.329464957926475 0.777802842960293
0.342192104651161 0.77208353613464
0.173493512620102 0.885069022846947
0.274938645430893 0.802280633135529
0.173493512620102 0.885069022846947
0.351637994956349 0.767841488212649
0.273126152831262 0.803094009625124
0.201139935484836 0.870862447886527
0.156710272394684 0.8936868048651
0.178460015884701 0.882519163829551
0.164516540095772 0.889678201618755
0.305615671790799 0.788514645613989
0.290576326372235 0.795265184936645
0.1572620064321 0.893403485005715
0.177551803944791 0.882985418835313
0.161700618212204 0.891124032597898
0.159676558700802 0.892163528069801
0.173437865860192 0.885097355153465
0.180875970557878 0.881278945519306
0.2457111659111 0.847956203821839
0.173396747222131 0.885118694502301
0.221893315126634 0.860203441265259
0.314993326397871 0.78430488577825
0.342192104651161 0.77208353613464
0.232433279620284 0.854775999948891
0.166606731405595 0.888606375660822
0.177780642327495 0.882868037691296
0.218547346423743 0.861918989560159
0.302302683254148 0.790001984001143
0.290576326372235 0.795265184936645
0.166111563865235 0.888859851770258
0.223847111637292 0.859197669503686
0.161700618212204 0.891124032597898
0.210551688928803 0.866029953632402
0.163254622111707 0.890326222580896
0.232411011842608 0.854787293619817
0.212402942837439 0.865074185901154
0.302006627374773 0.790133516924909
0.163349912417835 0.890277280180716
0.342192104651161 0.77208353613464
0.340397736891938 0.772889906853897
0.167762275426471 0.888013017113486
0.156710272394684 0.8936868048651
0.208118269783563 0.867274277815422
0.182848827217579 0.880264850745927
0.295792805379046 0.792923140567696
0.234380979623919 0.853778665245714
0.181195782919995 0.881113765081044
0.184846955840909 0.879240265448944
0.156761716653896 0.893660391639684
0.168409259513999 0.887680985817391
0.213341790398401 0.864602386075874
0.221615176674867 0.860343412947769
0.162286463821341 0.890823367132773
0.176514647205424 0.883518781821368
0.342192104651161 0.77208353613464
0.200933817559343 0.870968374433958
0.182848827217579 0.880264850745927
0.16895431269824 0.887399922241267
0.177546176600491 0.882988304414911
0.221615176674867 0.860343412947769
0.156764142051335 0.893659141684471
0.162586690527276 0.890669164708395
0.178906257911191 0.882290232801028
0.169739270214855 0.886994814481164
0.159614531698975 0.892195357678335
0.182848827217579 0.880264850745927
0.175933335996296 0.883817264758071
0.162232050581735 0.890852446875318
0.218463727569403 0.86196354528498
0.156710272394684 0.8936868048651
0.18449858679782 0.879416430349972
0.186752740166789 0.878256271167869
0.161350139389271 0.891305283375007
0.281550004532429 0.799315488156764
0.168413685646397 0.887678714815416
0.162232050581735 0.890852446875318
0.209152058273682 0.866749550721967
0.270860199139481 0.804110352202683
0.196418607722551 0.873295609032584
0.175413025165264 0.884082665887782
0.327826781833225 0.778540648648521
0.340375661965197 0.772899861716006
0.172045083756259 0.885812699946441
0.21957723863658 0.861391182891932
0.157403046069259 0.893331073843744
0.159614531698975 0.892195357678335
0.270116270657919 0.80444385076557
0.223847111637292 0.859197669503686
0.166124073996018 0.888853709434213
0.173396747222131 0.885118694502301
0.295792805379046 0.792923140567696
0.175169769305817 0.884208580265346
0.270470758576256 0.804284849279928
0.182615599228964 0.880384440186779
0.329280080835769 0.777887546759748
0.1563963670665 0.893848338030289
0.234423717657628 0.853757138294646
0.356369155231327 0.765713675453058
0.297045046965188 0.792360797312757
0.329280080835769 0.777887546759748
0.18096149314646 0.881232172731959
0.175169769305817 0.884208580265346
0.166443005570707 0.888689102447271
0.299160965308286 0.791410344664748
0.166073703660714 0.888879289809481
0.26955764741286 0.804694565694659
0.169298832879362 0.887221878075539
0.206460023642323 0.868128188913104
0.21957723863658 0.861391182891932
0.175169769305817 0.884208580265346
0.340375661965197 0.772899861716006
0.188425154287832 0.87740010482761
0.26955764741286 0.804694565694659
0.188233815294484 0.877497321733511
0.206928279081833 0.867890157046469
0.166689523155751 0.88856248364579
0.156372843589689 0.893860416791312
0.169298832879362 0.887221878075539
0.20823196076747 0.867217892759332
0.200611561675828 0.871134448061872
0.2773288647862 0.801209084616289
0.156372843589689 0.893860416791312
0.2457111659111 0.847956203821839
0.26956155507379 0.804692810805581
0.209538198997001 0.866549177130449
0.156372843589689 0.893860416791312
0.166073703660714 0.888879289809481
0.197595171608048 0.872690662172445
0.16136604750074 0.891297118028701
0.220062975547257 0.861141817960519
0.20823196076747 0.867217892759332
0.156372933647908 0.893860370556049
0.180875970557878 0.881278945519306
0.271465071799187 0.803839289433368
0.209059493247082 0.866792905185042
0.163349912417835 0.890277280180716
0.157403046069259 0.893331073843744
0.220062975547257 0.861141817960519
0.269532510021783 0.804705841923585
0.202147515211996 0.870345521257541
0.177200001275228 0.88316511000087
0.271215312873402 0.803951294693034
0.309234787991474 0.786889027439944
0.2692660644342 0.804825330164475
0.223965649942834 0.859134379560562
0.392133172181987 0.749611143616223
0.200783398921873 0.87104566713762
0.334445683483492 0.775568498889044
0.174514239298244 0.884545258321071
0.174086465326054 0.884765010538328
0.180875970557878 0.881278945519306
0.163349912417835 0.890277280180716
0.165315538457731 0.889267382297378
0.161619715056653 0.891166769888824
0.169222238850814 0.887261859190749
0.21957723863658 0.861391182891932
0.206460023642323 0.868128188913104
0.165314017317117 0.889268155488668
0.246888580591394 0.847346784109233
0.184635882695421 0.879347030202187
0.156372843589689 0.893860416791312
0.269186971869516 0.804860808878509
0.184635882695421 0.879347030202187
0.2692660644342 0.804825330164475
0.200089718215792 0.871402167131642
0.185007860042465 0.879155915434927
0.269186971869516 0.804860808878509
0.212498594824114 0.86504168816295
0.169298832879362 0.887221878075539
0.210949303871385 0.865824394958711
0.157484150687605 0.893289490637527
0.193600846860766 0.874743953606775
0.156372843589689 0.893860416791312
0.169447969929195 0.887145974883932
0.293811381988942 0.793812138772305
0.17282463664151 0.885413077004935
0.161619715056653 0.891166769888824
0.228650570048555 0.856720591004606
0.157484150687605 0.893289490637527
0.322338146199105 0.781004109637315
0.159615018290609 0.892195092634598
0.156372843589689 0.893860416791312
0.269532510021783 0.804705841923585
0.210142627629167 0.866236155988124
0.396574406465391 0.74761147614751
0.243430424122285 0.849129631180746
0.158589248863797 0.892722664608991
0.207751200486307 0.867464895497142
0.156075260175809 0.894013237767129
0.156075260175809 0.894013237767129
0.322659514144319 0.7808605582406
0.293811381988942 0.793812138772305
0.392938808692284 0.749254285233562
0.286982788500385 0.796876723390655
0.156075260175809 0.894013237767129
0.173408495760969 0.885114618386605
0.207715919372516 0.867482279409802
0.157484150687605 0.893289490637527
0.156075260175809 0.894013237767129
0.280551012898533 0.799762182788264
0.179592056747728 0.881941649793542
0.224493926182751 0.858865744002953
0.267017908837314 0.805833996842621
0.386463998255607 0.75216900633092
0.267017771413803 0.805834058532961
0.156075260175809 0.894013237767129
0.206931443472916 0.867885886317556
0.30431046000728 0.789101082903455
0.200783398921873 0.87104566713762
0.161243056082976 0.891360132397355
0.194029838069341 0.874524217800363
0.156075260175809 0.894013237767129
0.267017771413803 0.805834058532961
0.272705812997095 0.803282396223412
0.286982788500385 0.796876723390655
0.165632647292945 0.889105300617177
0.275663556792372 0.801956317216306
0.168381445911827 0.887694197613004
0.280551012898533 0.799762182788264
0.206460023642323 0.868128188913104
0.161350139389271 0.891305283375007
0.170053396331988 0.88683573571146
0.159215062123087 0.892401364300356
0.224396371369889 0.858915726815042
0.219624878088709 0.861366712798893
0.167203289491769 0.888298951989478
0.272612032037183 0.803324406513294
0.209080005167884 0.866782365090363
0.170167745516755 0.886777162895642
0.286982788500385 0.796876723390655
0.158589248863797 0.892722664608991
0.165312611078486 0.889268861932419
0.286359778507267 0.797156260943793
0.21263061260208 0.864956489455106
0.167242943188272 0.888278573310867
0.26741708436467 0.805655079880928
0.165312611078486 0.889268861932419
0.161408308641486 0.89127539853575
0.155921905917157 0.894091981266863
0.166073703660714 0.888879289809481
0.270629578295969 0.804213677997703
0.171968888850653 0.885852311737383
0.273745764468438 0.802816033275178
0.205971869553791 0.868379822882518
0.166073703660714 0.888879289809481
0.155921905917157 0.894091981266863
0.179028872940057 0.88222764174945
0.166073703660714 0.888879289809481
0.272834971157346 0.803224666072443
0.158589248863797 0.892722664608991
0.197229042586838 0.872872788710487
0.171345835014606 0.886172962467981
0.266993718398651 0.805844851075987
0.172423550076763 0.885620126300785
0.266546967957982 0.806045166951724
0.270296626705813 0.804363468462712
0.163244343432771 0.890331488174626
0.272834971157346 0.803224666072443
0.17400396902249 0.884807376343244
0.164961655670013 0.889449823427324
0.167020173013004 0.888393558334722
0.170884153458146 0.886409193194841
0.299271196237025 0.791361283527859
0.270116047399596 0.804444807169704
0.158089519068865 0.892978967800346
0.157701585865928 0.893177660062885
0.155647412980247 0.894232926704493
0.272836316115968 0.803224060302728
0.170053396331988 0.88683573571146
0.205595114477313 0.868575025774928
0.299307285581313 0.791345020387022
0.198021989644319 0.872465719634949
0.187657266934657 0.877797303685722
0.270629578295969 0.804213677997703
0.168179770609689 0.887797904810491
0.208697021233048 0.866983540265823
0.180770727702911 0.881332700838475
0.155691096228662 0.894210494635233
0.159549900592428 0.892228533615723
0.1681715409927 0.887801461383983
0.24308006160107 0.849302119768501
0.388040911662255 0.751459370338449
0.174946234699954 0.884323153424786
0.202554512896391 0.870138311747227
0.266487030390362 0.80607205982913
0.158537210837067 0.892749065291705
0.156851576479145 0.893614171302693
0.163223883419379 0.890343138819698
0.171345835014606 0.886172962467981
0.172876029642609 0.885388012243269
0.221643852282331 0.860330637640969
0.171345835014606 0.886172962467981
0.25101174914061 0.845238019102485
0.272836316115968 0.803224060302728
0.202264729424449 0.870287268936162
0.176367306784117 0.883593992004459
0.164961655670013 0.889449823427324
0.174627680785737 0.884486733626287
0.25101174914061 0.845238019102485
0.171759832136737 0.885959433106544
0.164317329162055 0.889781339173148
0.242924344566368 0.849382200601721
0.297439653909249 0.792185334575368
0.161403660629196 0.891277784691234
0.155647412980247 0.894232926704493
0.174946234699954 0.884323153424786
0.165144789491212 0.889355856714965
0.26741708436467 0.805655079880928
0.2453472608184 0.848140838399482
0.212007686751501 0.86527862368508
0.161573287567643 0.891189496922142
0.245914463307571 0.847853270859546
0.266140133700614 0.806227563087303
0.268566378176937 0.805139204408342
0.171001376288538 0.886349548437957
0.158528611139596 0.892753479634789
0.272668865651144 0.803299472260008
0.242924344566368 0.849382200601721
0.265398661547736 0.806560151308767
0.164490036246947 0.889693027262129
0.332561017740193 0.776413728843618
0.207548920543167 0.867575935254743
0.172876029642609 0.885388012243269
0.2453472608184 0.848140838399482
0.17019045042564 0.886766920736586
0.158557050647749 0.89273863047434
0.170035236436368 0.886846569459908
0.275829843107711 0.801880574747846
0.207514436958387 0.867587979162679
0.17400396902249 0.884807376343244
0.165709511469824 0.889065883501613
0.181437121303648 0.880990924892451
0.154985125101578 0.894572982206233
0.231207387934138 0.855413933844817
0.165897676606722 0.888969721708815
0.877314105919528 0.252913567403329
0.900486647195392 0.215649318872399
0.877314105919528 0.252913567403329
0.871092000738499 0.262914321020537
0.877314105919528 0.252913567403329
0.877314105919528 0.252913567403329
0.874359974440746 0.257656221585912
0.872673462566313 0.260376285029608
0.903509431015896 0.210786833820547
0.87558241503472 0.255690565091682
0.904408928599895 0.209336816443779
0.872706319831935 0.260323451240671
0.872918739327308 0.259982581002216
0.904408928599895 0.209336816443779
0.904408928599895 0.209336816443779
0.904696521873176 0.208873038718762
0.904696521873176 0.208873038718762
0.904696521873176 0.208873038718762
0.904696521873176 0.208873038718762
0.904366912288671 0.209403536884329
0.904696521873176 0.208873038718762
0.172137102686578 0.885764870266257
0.905218535396548 0.208032622761303
0.172137102686578 0.885764870266257
0.868741711166145 0.266689430844824
0.872918739327308 0.259982581002216
0.196504465114388 0.873249972490051
0.905218535396548 0.208032622761303
0.17117899681636 0.886256908757432
0.872959572387741 0.259916942087073
0.872918739327308 0.259982581002216
0.173319465024805 0.885157640520913
0.225727909999992 0.858239508835813
0.872555560342696 0.26055832420716
0.903278779877477 0.211155355207802
0.178130945813297 0.88268685257964
0.178130945813297 0.88268685257964
0.182579821208803 0.880402443248074
0.17117899681636 0.886256908757432
0.903278779877477 0.211155355207802
0.171173054289475 0.886259952516304
0.171418383905672 0.886133984189709
0.907799602018134 0.203876430209682
0.182579821208803 0.880402443248074
0.193174959908765 0.874958360053853
0.170466890828775 0.886622630368338
0.187266545418242 0.87799208605866
0.19306083351776 0.875017035510231
0.182579821208803 0.880402443248074
0.18747997345256 0.877882666903661
0.870412284941642 0.264008585717701
0.216996224037744 0.862724123475166
0.173319465024805 0.885157640520913
0.868388586632191 0.2672548347581
0.907799602018134 0.203876430209682
0.250206324345205 0.845641652592643
0.904636242860939 0.208970064162522
0.905336867527432 0.207842329912336
0.216996224037744 0.862724123475166
0.907799602018134 0.203876430209682
0.182374539405789 0.880508219561847
0.173328310894521 0.885153105501607
0.178849305776502 0.882317224453995
0.915786802596799 0.191017844184511
0.169096239126844 0.887326431496504
0.191054623605294 0.87604989382558
0.915673475209636 0.191200458032871
0.178130945813297 0.88268685257964
0.169096239126844 0.887326431496504
0.190614129978218 0.87627220030838
0.915673475209636 0.191200458032871
0.183463143971083 0.879949383846492
0.189595779840609 0.876801335461319
0.168044661596152 0.887866360094719
0.173328310894521 0.885153105501607
0.171391274540989 0.886147904770691
0.177916462183073 0.882797054582567
0.907799602018134 0.203876430209682
0.900601439662342 0.215463107865084
0.907799602018134 0.203876430209682
0.177916462183073 0.882797054582567
0.904636242860939 0.208970064162522
0.907799602018134 0.203876430209682
0.226248729288772 0.857963296286561
0.173328211687963 0.885153156376343
0.905410838848072 0.207722927892493
0.171248458441421 0.886221385536858
0.898353229828939 0.21908633535573
0.168351388277924 0.887708946995985
0.915786802596799 0.191017844184511
0.171719759861577 0.88597937736279
0.915673475209636 0.191200458032871
0.916314463020197 0.190168371795819
0.188379292745719 0.877420796890392
0.905410838848072 0.207722927892493
0.167973604940826 0.887902828192399
0.172847810986878 0.885398164216983
0.189595779840609 0.876801335461319
0.173464474014799 0.885082122814794
0.183463143971083 0.879949383846492
0.15553991550846 0.894287993701274
0.901424663071301 0.214140120177267
0.216170476091643 0.863151990498983
0.18151589921192 0.880949699347712
0.189030327125668 0.877091713354671
0.916318394525802 0.19016203940952
0.912439678472604 0.19640827691826
0.168166301132354 0.887803876004238
0.170308775916476 0.886703821217519
0.916871718932883 0.189269762696111
0.216170476091643 0.863151990498983
0.24831497016283 0.846614117558938
0.178069766162858 0.882718395044556
0.90838854957939 0.202928115713866
0.196416948746137 0.873298269900014
0.210604454981102 0.865996678889864
0.173464474014799 0.885082122814794
0.1868938924396 0.878188300583016
0.223419683891556 0.859417067579782
0.908055060888825 0.203465155371578
0.170982122980384 0.886356900707419
0.916871718932883 0.189269762696111
0.224435957500469 0.858896379143545
0.250177788267153 0.845656310760825
0.248344513173646 0.846601113024674
0.179471028666746 0.881998998023941
0.905410838848072 0.207722927892493
0.198729018183462 0.872106626575088
0.159512754872483 0.892248469441557
0.178069766162858 0.882718395044556
0.907846716054506 0.20380053217131
0.15553991550846 0.894287993701274
0.167973604940826 0.887902828192399
0.248344513173646 0.846601113024674
0.155538842222058 0.894288544650575
0.187396965753668 0.877926995239761
0.16182327405836 0.891061663511176
0.178684915385437 0.882402563129227
0.916727426938311 0.189502081793913
0.190934429598937 0.876111063933242
0.916871718932883 0.189269762696111
0.161192808335823 0.891385316631817
0.155538842222058 0.894288544650575
0.165192379084943 0.889330292038211
0.869586746233402 0.265348716006563
0.177655765670497 0.882930535064182
0.16182327405836 0.891061663511176
0.20711491893762 0.867796063264299
0.155538842222058 0.894288544650575
0.18256900255847 0.880407456495321
0.155538842222058 0.894288544650575
0.159555385251246 0.892226585634685
0.157336106372514 0.893365262304846
0.155538842222058 0.894288544650575
0.155538842222058 0.894288544650575
0.157531613769817 0.893264859083215
0.913217280519202 0.195155691932586
0.194459662329854 0.87430029933677
0.155538842222058 0.894288544650575
0.173464474014799 0.885082122814794
0.910671377974679 0.19925460140266
0.178746663250414 0.882368395601986
0.177102737096268 0.883214239149405
0.913217280519202 0.195155691932586
0.170982122980384 0.886356900707419
0.207567287836487 0.867562821931825
0.178778709303622 0.882352865392433
0.211160549739311 0.865723282183217
0.169872825988236 0.886926403693892
0.160212971435154 0.891888515334394
0.216392462820082 0.863028710063988
0.19572408493057 0.87365023721908
0.903143672673611 0.211373476489621
0.169872825988236 0.886926403693892
0.869586746233402 0.265348716006563
0.172493808168795 0.885581307534453
0.20711491893762 0.867796063264299
0.173368678997358 0.885131814194499
0.16844517182674 0.887660078630611
0.913714284155748 0.194356600405502
0.155356075452903 0.894382384166422
0.155404413745393 0.894357571501059
0.15989507002859 0.892051769123016
0.177402058019018 0.883060240963663
0.172493808168795 0.885581307534453
0.172938732896852 0.885356471111317
0.166836576712517 0.888486104310517
0.200969907262464 0.870953746528845
0.180452230566939 0.881492019215898
0.161216401640915 0.891373045664723
0.231076687393974 0.855481400844814
0.156741790387126 0.893670889007208
0.200271842338499 0.871315432425404
0.91338203553767 0.194891473801912
0.17976224978181 0.881845857695777
0.915972010255868 0.190719555418004
0.160792504551695 0.891591270692737
0.182396774698677 0.880496105605742
0.912538486721217 0.19625006424723
0.173464474014799 0.885082122814794
0.155605097311091 0.894254527528083
0.207567287836487 0.867562821931825
0.182633747974164 0.880374081809536
0.206776817522322 0.867969867960925
0.196303215683879 0.873353087219333
0.162871648874202 0.890522644523769
0.181160747593375 0.881127853995632
0.917391295144487 0.18843549816366
0.899225799292435 0.21768278679658
0.169985466086991 0.886868599140382
0.20245849916971 0.87018959997794
0.156917857030903 0.893580477955339
0.165757501078686 0.889040200714926
0.173733634460295 0.884944246034947
0.20245849916971 0.87018959997794
0.181160747593375 0.881127853995632
0.182781925319179 0.880298537919123
0.89647753261956 0.222094297705787
0.166015360004646 0.888909840273892
0.202679517443171 0.870073976612486
0.177102737096268 0.883214239149405
0.230857048951001 0.85559964823101
0.159555385251246 0.892226585634685
0.16844517182674 0.887660078630611
0.15542562047192 0.894346676294558
0.20079764931826 0.871040481621155
0.168013685903264 0.887883484714528
0.196303215683879 0.873353087219333
0.917391295144487 0.18843549816366
0.172730902942213 0.885460758784846
0.16187556055311 0.891035153594757
0.182781925319179 0.880298537919123
0.89647753261956 0.222094297705787
0.151412043094117 0.896407570232559
0.179777437389037 0.881841295047398
0.91174152693786 0.197530904964877
0.184198454919342 0.879568284457296
0.176267937915267 0.883641888627828
0.173733634460295 0.884944246034947
0.155155225139962 0.894485516196524
0.198860048832923 0.872038279511064
0.192864705305589 0.875117009616596
0.904839376479158 0.208642103445803
0.910497269955853 0.199537293591317
0.155793499519112 0.894158059426928
0.151660982406138 0.896279764335613
0.158832528598989 0.892597727003866
0.184801798369988 0.879258101446794
0.89647753261956 0.222094297705787
0.155155225139962 0.894485516196524
0.913961164800484 0.193958638611865
0.172730902942213 0.885460758784846
0.15261074295699 0.895792109427519
0.19533938621448 0.873852384789224
0.912538486721217 0.19625006424723
0.15798850158373 0.893030904865431
0.162081706978324 0.89092932293249
0.904839376479158 0.208642103445803
0.212705316655456 0.864921720292995
0.230857048951001 0.85559964823101
0.18354202947948 0.879904028937418
0.16976334598247 0.886984196073112
0.202679517443171 0.870073976612486
0.176198554464061 0.883677494799122
0.193947137686643 0.874561672216792
0.199605788542376 0.871652801679907
0.900661605607094 0.215366394933768
0.155456446366287 0.894331068740689
0.181522393179408 0.880944604686905
0.166015360004646 0.888909840273892
0.155456446366287 0.894331068740689
0.179481339990179 0.88199309627023
0.201987604714846 0.870429340374824
0.164993041259092 0.889434918879042
0.162871648874202 0.890522644523769
0.217354842210804 0.862528980323513
0.197503283538994 0.872731881910698
0.237423271697207 0.852209313245935
0.151943526036794 0.896134696849731
0.162471467227812 0.890728104074134
0.181522393179408 0.880944604686905
0.179724874467509 0.88187000359482
0.912538030007016 0.196250799784553
0.227420148748108 0.857361015403636
0.237423271697207 0.852209313245935
0.212705316655456 0.864921720292995
0.202696416239663 0.870065298857835
0.159555385251246 0.892226585634685
0.162449109269975 0.890739583867332
0.192891060285377 0.875102434214808
0.184791802030645 0.879265642963095
0.164424172305841 0.889726579916714
0.918287678482357 0.186990360355065
0.178935048879763 0.882275010814894
0.173686550213223 0.88496913359083
0.151412043094117 0.896407570232559
0.16976334598247 0.886984196073112
0.18354202947948 0.879904028937418
0.164993041259092 0.889434918879042
0.151412043094117 0.896407570232559
0.193655926265311 0.874710530518945
0.169802343017574 0.88696416329094
0.158320069541653 0.892860680181589
0.176250382458225 0.883651688774792
0.195798849695492 0.873606641673905
0.15798850158373 0.893030904865431
0.199605788542376 0.871652801679907
0.183384792862258 0.879988165986797
0.153005757398059 0.895589253665239
0.208780384771786 0.866940335747264
0.173227591590709 0.885205114412526
0.15798850158373 0.893030904865431
0.193591295572526 0.874744561781034
0.165007970808908 0.889427251218252
0.151412043094117 0.896407570232559
0.1629993108164 0.890457748631083
0.173104147017536 0.885268526331567
0.153084908314165 0.895548680299315
0.163101407987758 0.890405298986073
0.197231462304449 0.872871567830512
0.151412043094117 0.896407570232559
0.158223623634511 0.892910189028838
0.168340636896523 0.887714722840032
0.182498255287471 0.880442545448205
0.186999191603011 0.878132745199361
0.187560558907605 0.877844581855637
0.14927842920569 0.897503138724308
0.212920188035189 0.864815398259084
0.182357118064776 0.880514917150772
0.183774602030497 0.87978711492901
0.158320069541653 0.892860680181589
0.228059720554198 0.857031638016454
0.168319710320471 0.887724850489098
0.913961164800484 0.193958638611865
0.197233675133613 0.87287043068395
0.16460628102423 0.889633445873033
0.189904182883745 0.876640714159352
0.168319710320471 0.887724850489098
0.161686503115226 0.89113102295295
0.157249949386671 0.893409890751832
0.158686922577762 0.892672094599498
0.183731601719482 0.879809478627525
0.153084908314165 0.895548680299315
0.19730255348843 0.872834829479043
0.14927842920569 0.897503138724308
0.189904182883745 0.876640714159352
0.192769311339289 0.875166796449466
0.180784123750523 0.881323104491375
0.14927842920569 0.897503138724308
0.194606962664908 0.874218360744588
0.180589165629511 0.881424108944209
0.913961164800484 0.193958638611865
0.14927842920569 0.897503138724308
0.192610811918835 0.875248181240279
0.181168928985878 0.881126038060717
0.18479114830177 0.879265980210308
0.165745804922134 0.889047380179288
0.16971242378648 0.887010342356288
0.168975927240383 0.887388510742993
0.203845397076975 0.869474064338576
0.154930522095801 0.894600941840313
0.184791802030645 0.879265642963095
0.179970671950772 0.881741836853482
0.168975927240383 0.887388510742993
0.158963997377754 0.892529826234057
0.175667465242909 0.883952178427623
0.185202446877634 0.879053980004115
0.154930522095801 0.894600941840313
0.152614795976151 0.895789858378698
0.154682396359665 0.894728050654805
0.250115857532364 0.845677532758146
0.197503283538994 0.872731881910698
0.149994086589157 0.897135629208767
0.14927842920569 0.897503138724308
0.152614795976151 0.895789858378698
0.197503283538994 0.872731881910698
0.192654032651089 0.875225948723243
0.912538030007016 0.196250799784553
0.177659283548115 0.882927155504107
0.211160549739311 0.865723282183217
0.210735479833795 0.865935790605483
0.157581946999801 0.893239429612181
0.241723812235797 0.850001771214997
0.15226713380869 0.895968508890365
0.198002432483852 0.872476391403904
0.151840249828017 0.896187598059203
0.166070230397317 0.888880775589226
0.182035697302362 0.880682951113504
0.16230173279898 0.890815564390406
0.915176592318 0.192001180958867
0.24156306187012 0.850078913138987
0.192610811918835 0.875248181240279
0.162828020962887 0.890545686177768
0.16230173279898 0.890815564390406
0.15638768499763 0.893852622796335
0.197203782847326 0.872885764248149
0.217724812654963 0.862337332586503
0.151282563707245 0.896473888618831
0.198002432483852 0.872476391403904
0.184560356548584 0.879385689467138
0.156402232368587 0.893845154443888
0.154065138076671 0.895045287159728
0.217724812654963 0.862337332586503
0.158963997377754 0.892529826234057
0.175101009458016 0.884244037333632
0.915176592318 0.192001180958867
0.160193933468121 0.891898219807262
0.149153905047432 0.897567079444493
0.19586919656614 0.873570009979326
0.155329926965784 0.894395711317572
0.15638768499763 0.893852622796335
0.14927842920569 0.897503138724308
0.203322301680956 0.869748939107821
0.162600008058441 0.890662737198481
0.177898548405821 0.882804358409014
0.158145660320352 0.892949795893899
0.151955874910864 0.896128179968518
0.170020643868363 0.886851344531752
0.256121490314455 0.842585594804841
0.166070230397317 0.888880775589226
0.917403063712741 0.18841533748621
0.174391352895392 0.884608301286583
0.203765009089942 0.869516691948076
0.187525432935734 0.877859956557998
0.15629869206836 0.893898226667194
0.171298324888689 0.886198331188512
0.175990642116913 0.883787605230906
0.15638768499763 0.893852622796335
0.160193933468121 0.891898219807262
0.187525432935734 0.877859956557998
0.181224280888745 0.881098131066266
0.179126590111379 0.882175765341871
0.179450863584226 0.88200879761616
0.18163732599267 0.880886032356259
0.175607718638581 0.883984388848324
0.256121490314455 0.842585594804841
0.194606962664908 0.874218360744588
0.155953613309301 0.894075770375488
0.159335033541197 0.892339915071278
0.189452020832235 0.876874054109095
0.192610811918835 0.875248181240279
0.158927973175575 0.892548317872818
0.154712506999105 0.894712920015755
0.151036874985032 0.896600211548696
0.327199473947433 0.778821337908934
0.277268590888275 0.801236263553801
0.277268590888275 0.801236263553801
0.382178072947883 0.754093860279232
0.277268590888275 0.801236263553801
0.328234911966575 0.778355798588461
0.283536321014224 0.798425383350696
0.273537546630396 0.802909511889065
0.277366649903626 0.80119115331453
0.278478556746126 0.800693252045238
0.332507270219412 0.776436694534879
0.2838081965919 0.798301586311312
0.278485658224993 0.800690068080121
0.271411066152272 0.80386380558909
0.275612013099827 0.801979669571684
0.335404067033116 0.775135157919061
0.274614007339215 0.802426947355617
0.318841701560519 0.782572499624589
0.276701128865186 0.801490049100248
0.274494359292248 0.802480573236522
0.331442027703688 0.776915267055656
0.292887661287362 0.794226648947735
0.269814591195941 0.804579957695962
0.281148011201171 0.799494522894723
0.268965042574679 0.804960954658433
0.284153689231112 0.798145835254831
0.294753436850202 0.793391131080737
0.284082376672916 0.798178249317774
0.275205274247341 0.802161975898509
0.276132774387929 0.801744952185614
0.281668908416805 0.799261887266079
0.294228695896366 0.793626305480285
0.277471314376128 0.801145354370616
0.271512787056003 0.803818118631755
0.27262524970982 0.803318605108666
0.276145498918096 0.80173933041681
0.268965042574679 0.804960954658433
0.268879507758959 0.804999333209427
0.283856549808506 0.798279193897064
0.277130984910046 0.801297166166352
0.289774346988571 0.795625746505797
0.269927778135302 0.804528781255986
0.286009361083991 0.797312531253604
0.271568424052499 0.803792718214152
0.283289804825625 0.798534153102104
0.270218038390611 0.804398463315623
0.281668908416805 0.799261887266079
0.301341583106507 0.790432173119473
0.270447379909172 0.804296241238001
0.286019360007284 0.79730804137797
0.277471314376128 0.801145354370616
0.309153835432631 0.786924867091798
0.263344920294236 0.807481426827435
0.267829429430261 0.80547023268924
0.297480277405702 0.79216485944704
0.289836798661717 0.795595164615937
0.278068518293843 0.800876277436971
0.295935011457356 0.792859443809317
0.276350833847899 0.801648094925804
0.295935011457356 0.792859443809317
0.267829429430261 0.80547023268924
0.263344920294236 0.807481426827435
0.294357261070381 0.793567240438156
0.268757086459127 0.805054340426608
0.272564002702503 0.803346414491291
0.267829429430261 0.80547023268924
0.272512511775417 0.803369355723313
0.288106854630086 0.796371539423126
0.271569514852717 0.803792228817988
0.285879493723052 0.797371804957954
0.276604145068042 0.801533701988262
0.284736473526759 0.797884508064809
0.271314860249359 0.803906464677507
0.278077217833902 0.800872977949017
0.27818111960279 0.800825754728448
0.275701739763558 0.80193828921849
0.278109943734413 0.800857713763912
0.267415303235055 0.805656001553712
0.268550936414105 0.805146511653111
0.263344920294236 0.807481426827435
0.275701739763558 0.80193828921849
0.287759723392999 0.796527447213763
0.271314860249359 0.803906464677507
0.319418058820282 0.78231713979995
0.274119727396108 0.802647866319971
0.273526339844387 0.802914240331064
0.273902329484411 0.802745559644002
0.284785050310799 0.797862708588048
0.306807326011786 0.787976590735609
0.266948938274437 0.805864941686646
0.263344920294236 0.807481426827435
0.271038571749189 0.804030396792318
0.263344920294236 0.807481426827435
0.289762646556155 0.795629914850828
0.267381072771685 0.805671432089587
0.319980103129386 0.782062248862243
0.27270837471324 0.80328161722584
0.286602850298944 0.797048475587691
0.288760748482282 0.796078290106297
0.283556357908279 0.798414522063624
0.279645104243916 0.800169065181608
0.30486921154125 0.78884796074747
0.319927591064801 0.782085853517026
0.306807326011786 0.787976590735609
0.299633554597093 0.791198656157292
0.263344920294236 0.807481426827435
0.262005616992065 0.808082095675336
0.262005616992065 0.808082095675336
0.260611789390516 0.808707277993122
0.297458130564602 0.792175164000405
0.272505401231865 0.803372203759608
0.320806430300356 0.781692345933235
0.264520525266136 0.806954228372911
0.285619702307485 0.79748756616841
0.272564002702503 0.803346414491291
0.276015804731168 0.8017977688695
0.285358427156017 0.797605625381551
0.325451070466796 0.779604247174441
0.260611432263704 0.808707438178622
0.320103476272476 0.782006850639004
0.262960571807579 0.80765370793731
0.282828833305164 0.798741472595061
0.319980103129386 0.782062248862243
0.288320590015282 0.796276511226747
0.263123419257823 0.807580869131274
0.271239238008386 0.803940071449332
0.260611432263704 0.808707438178622
0.263251128935819 0.807523404071203
0.265474101407124 0.806526590465239
0.266616791407927 0.806013931611484
0.282408803673431 0.798929334400015
0.315976751014401 0.783862103729111
0.275875870070391 0.801859949297455
0.260611789390516 0.808707277993122
0.282689171848641 0.798803164339233
0.28878078100302 0.796068665499564
0.26676570460055 0.805947078373444
0.287489597749737 0.796650347411271
0.270151530801734 0.804428132909135
0.267381072771685 0.805671432089587
0.265460266223096 0.806532797715183
0.324651012479979 0.779963506068384
0.272694830401161 0.803287460595271
0.261276005327423 0.808409347463822
0.259959238843528 0.808999976128243
0.262960571807579 0.80765370793731
0.264520525266136 0.806954228372911
0.268454009168952 0.805190284190703
0.3196982311242 0.782188655552973
0.275334580200266 0.802102781784504
0.294298548842637 0.793593578825165
0.262684882095428 0.807777435515933
0.259461764580813 0.809223110178557
0.268454009168952 0.805190284190703
0.27601130429939 0.801799662916434
0.319980103129386 0.782062248862243
0.325451070466796 0.779604247174441
0.271985436114045 0.803605583360143
0.283569314140992 0.798408710692362
0.265119659903148 0.806685454524603
0.271260098418108 0.803931016904744
0.275940909174944 0.801831239751642
0.270488641871699 0.804277678216107
0.283656684038719 0.798369511976375
0.263263925769123 0.807517664016202
0.276243414688891 0.80169571440708
0.265119646935271 0.80668546034272
0.271985436114045 0.803605583360143
0.261276005327423 0.808409347463822
0.263076129289227 0.807601862955953
0.265416877752423 0.806552155921154
0.282290888020225 0.798982262433154
0.302043053950959 0.790118661922413
0.290843994779275 0.795144686273023
0.265953160089734 0.806311640624076
0.264507541940861 0.806959988167874
0.263266286829735 0.807516606519417
0.279240502807514 0.80035139675991
0.309526591558431 0.786759135697925
0.276341406433947 0.801651102461447
0.261276005327423 0.808409347463822
0.281580126431561 0.799300196182129
0.272215139525514 0.803502581159353
0.299521914461447 0.791250519527667
0.259609741509269 0.809156735576245
0.309526591558431 0.786759135697925
0.28230796643375 0.798974451787527
0.289408959398897 0.795786894755718
0.264789537147719 0.806833484287462
0.265953160089734 0.806311640624076
0.263643761360784 0.807347378262877
0.284079520095559 0.798179835941626
0.267613864331829 0.805566918895866
0.286458090339157 0.797111721659665
0.284079520095559 0.798179835941626
0.261848977266928 0.808152305798674
0.275347442483776 0.802096714173179
0.273385698446673 0.802977115948075
0.268101538659301 0.805348223135564
0.263176906623557 0.807556785198991
0.269002172740633 0.804943687671936
0.268311138316032 0.805254202087481
0.290308888970841 0.795382956706188
0.280833417187829 0.799635297226272
0.28863456483546 0.796135142947513
0.281339566220965 0.79940814559231
0.260847931680555 0.808601316184735
0.265392512299633 0.806562933587897
0.27642652129192 0.801613237606403
0.259603246002223 0.809159654107069
0.271038571749189 0.804030396792318
0.263529488842181 0.807398699446463
0.274358540100269 0.802540980681702
0.26897342363124 0.804956598116367
0.263682578647687 0.807329967326093
0.274908967120504 0.802294287203507
0.283353478634048 0.798504481102447
0.285517369064935 0.797533947801845
0.262769065610687 0.807739661784221
0.27103634625885 0.804031395262302
0.353597175893301 0.766959223148482
0.264651796348397 0.806895278039433
0.267121300490023 0.805787417794524
0.292380750173186 0.794456037843061
0.293052377065595 0.794154286159047
0.261656995635805 0.808238419857519
0.262769065610687 0.807739661784221
0.272233822439038 0.803493818299384
0.276476341744774 0.801590891800902
0.273902329484411 0.802745559644002
0.263128464151668 0.807578500757972
0.265643095727402 0.806450598546363
0.283990880643512 0.798218886414132
0.28433157632981 0.798066776964855
0.294340439347666 0.793574730393489
0.273042980651702 0.803131146397141
0.27139411942259 0.803870520634995
0.272628216529444 0.803317205084198
0.2687256311304 0.805068177173786
0.284326360934976 0.79806782954498
0.271648789245561 0.803756773613686
0.26094716732967 0.808556801972028
0.282375610220124 0.798944490573279
0.273902329484411 0.802745559644002
0.276443155728613 0.80160576703414
0.271439419142474 0.803850849649575
0.267888075829172 0.805443536727091
0.267304480835174 0.805705525374931
0.27400444877313 0.80269974768454
0.265643095727402 0.806450598546363
0.27601212067358 0.801799437366174
0.299499775942789 0.791259848070978
0.292380750173186 0.794456037843061
0.27400444877313 0.80269974768454
0.259461764580813 0.809223110178557
0.27938540727796 0.800285066416401
0.267527436441712 0.805605673464187
0.264507541940861 0.806959988167874
0.28863456483546 0.796135142947513
0.280930772675645 0.79959155867378
0.28422168800362 0.798116031769615
0.285517369064935 0.797533947801845
0.2686926530707 0.805082690038662
0.266475966317701 0.806077157065647
0.264476102179367 0.806974093559184
0.316898213798792 0.783447695717178
0.265686374081404 0.806431386786669
0.285517676102744 0.797533808687435
0.28436535522607 0.79805086361335
0.263170612907801 0.807559528778918
0.272407772645275 0.803416230370842
0.288030061086088 0.796406129779588
0.303640875140179 0.789399177397744
0.270088770070618 0.804456592394578
0.259752647509958 0.809092655120386
0.276032081896366 0.801790430119816
0.281700785593895 0.799246583142068
0.266105489456417 0.80624345933183
0.288030061086088 0.796406129779588
0.267499157108531 0.805618353103698
0.294905410932652 0.793319993044339
0.299499775942789 0.791259848070978
0.280569336103614 0.799754520982534
0.288030061086088 0.796406129779588
0.283990880643512 0.798218886414132
0.278092018669203 0.800865783314606
0.261403715933163 0.808352014323032
0.265329945174488 0.806591113691942
0.263661462856358 0.807339385991983
0.271290453814447 0.803917515075344
0.275384858183618 0.802080511802356
0.26015455718872 0.808912384896518
0.268824787139118 0.805023300400074
0.280569336103614 0.799754520982534
0.265329945174488 0.806591113691942
0.295715624648065 0.792958252347175
0.260575359535671 0.808723592513843
0.276807223292685 0.801442164646048
0.265573432485072 0.806482064643857
0.314664581225061 0.784449812226341
0.260577512528922 0.808722639668275
0.285805134994859 0.797404718694977
0.310547068747388 0.786301775300123
0.28436535522607 0.79805086361335
0.259461764580813 0.809223110178557
0.265615645229679 0.806462973746288
0.265438366596168 0.806542275105377
0.295253824380533 0.793165129475459
0.267887397711975 0.805443670665652
0.273994944537785 0.802704480059997
0.269596977000549 0.804676911632397
0.312433490052607 0.785452778764841
0.259578450819729 0.809170771713857
0.273994944537785 0.802704480059997
0.298138014965679 0.791870160133713
0.270058216575613 0.804470719720199
0.294219099509048 0.793630002311835
0.289857323073765 0.795585901220167
0.294219099509048 0.793630002311835
0.284665307584387 0.797916542230272
0.278592409069936 0.800641899692779
0.25917767159818 0.809350526073493
0.276343629406096 0.801650232773591
0.273292524259078 0.803019328262837
0.278528779212285 0.800669544181901
0.283773127549967 0.798315714621884
0.269580510013736 0.804684281021247
0.26736138488199 0.805679718052951
0.299930741713754 0.79106398740056
0.260718818895342 0.808659304687673
0.268824787139118 0.805023300400074
0.276502509379188 0.801579718014247
0.270578336180474 0.804236431192835
0.331991392900227 0.776671301348891
0.261262038504708 0.808415565911563
0.259291945879005 0.809299272674992
0.283503849522236 0.798437845947929
0.294220219118133 0.793629329260248
0.269529478188528 0.804707653285164
0.298775635481282 0.791582987532042
0.294220219118133 0.793629329260248
0.277912997454778 0.800946274075373
0.280118207867701 0.799956021421569
0.259361375313934 0.809268127807249
0.322403797135105 0.78097474748201
0.259195332021558 0.809342604783794
0.270027992398631 0.804483566352961
0.262025124160819 0.80807330978841
0.262769065610687 0.807739661784221
0.25959029447967 0.809165467231216
0.292153319959503 0.794556625594787
0.265438366596168 0.806542275105377
0.295706950368888 0.792961123966458
0.351187090233458 0.768041962131626
0.265714840617579 0.806418257841915
0.287509573271515 0.796639843552064
0.295670055394911 0.792978559436663
0.266413979089924 0.806104973289333
0.273598249158887 0.802881649306865
0.264094007577898 0.807145521032585
0.263661462856358 0.807339385991983
0.27810552687457 0.800859348858294
0.263661462856358 0.807339385991983
0.25917767159818 0.809350526073493
0.27803853865508 0.800890477692788
0.309373306914194 0.786827686748627
0.28908641267212 0.795932304509512
0.279415044418585 0.800272541565729
0.25917767159818 0.809350526073493
0.312618303156772 0.785367914538393
0.266005277599527 0.806288296017294
0.285735339655226 0.797435923905776
0.277569982595754 0.801099913248361
0.259599630627408 0.809161278850935
0.259595569907374 0.80916309836284
0.263843283805321 0.807257973925771
0.267744429509166 0.805507819580705
0.287221436048438 0.796769598503191
0.279415044418585 0.800272541565729
0.271933721591648 0.803628679071466
0.28265879675708 0.798816617642829
0.2930539994235 0.794151395912486
0.275513889649004 0.802022618052367
0.25917767159818 0.809350526073493
0.279415044418585 0.800272541565729
0.25917767159818 0.809350526073493
0.282857237341741 0.798727994310728
0.268430988643435 0.805200457538828
0.297677227425962 0.792076568132593
0.33874478435922 0.77363691652349
0.294251441295635 0.793615306940073
0.2592086579807 0.809336627558393
0.295648434545252 0.792988556501493
0.28076219105115 0.799667604530087
0.276795968934067 0.801447695094728
0.286764432088035 0.796974199624106
0.278203590000752 0.800815130329774
0.26196126438726 0.808101954232516
0.275384858183618 0.802080511802356
0.266494000450077 0.806068811830503
0.259202132446694 0.809339554487287
0.25917767159818 0.809350526073493
0.28908641267212 0.795932304509512
0.25917767159818 0.809350526073493
0.331991392900227 0.776671301348891
0.262025124160819 0.80807330978841
0.299970437851495 0.791046792709702
0.263664628011716 0.807337966432764
0.263172094198546 0.807558855170258
0.294702509121884 0.793412733734692
0.264094007577898 0.807145521032585
0.286026062768366 0.797305482627208
0.276469317925931 0.801593746214183
0.281646188253627 0.799270608831052
0.301333684031304 0.790434726520135
0.265438366596168 0.806542275105377
0.334581605144957 0.775502763948801
0.289766700319741 0.795627523291815
0.273531116807162 0.802911758678308
0.298775635481282 0.791582987532042
0.275384858183618 0.802080511802356
0.25917767159818 0.809350526073493
0.29605004476959 0.792807619622857
0.292060209412903 0.794597977497443
0.272640866806924 0.803311167919617
0.263145129231891 0.807570976299914
0.27810552687457 0.800859348858294
0.284309262698051 0.798076016700269
0.264550043825115 0.806940766346489
0.284905361297043 0.7978089525232
0.312618303156772 0.785367914538393
0.268810331881962 0.805029556614309
0.262254757608449 0.807970284797381
0.290600882313873 0.79525291691027
0.261990704987592 0.808088748703236
0.3091850073386 0.786911216159146
0.272721545896483 0.803275076070958
0.275128219364394 0.802195402868113
0.282547174273169 0.798867909138774
0.278664481105009 0.80060863543994
0.262283663009884 0.807957396057479
0.276489790888021 0.801584568366816
0.278475073313887 0.800693312187881
0.276562660466223 0.801551841171652
0.27363400418287 0.802866502886722
0.289136841604422 0.795910479484633
0.267023479948288 0.805831250570103
0.263171812803703 0.807558981377163
0.27166145255483 0.803750928492961
0.281280747385854 0.799434374055772
0.281150244251388 0.799493070335611
0.265946469809921 0.806314259379257
0.277064647998183 0.80132662489668
0.298465009552162 0.791722416974364
0.282023059369729 0.7991028006583
0.340835434995565 0.772696430036946
0.334581605144957 0.775502763948801
0.267836560489196 0.805466535539818
0.289462676359333 0.79576346976748
0.261998111189495 0.808085427451894
0.259806311781692 0.809068572832031
0.267836560489196 0.805466535539818
0.276489790888021 0.801584568366816
0.25917767159818 0.809350526073493
0.300433287692723 0.7908401667106
0.276489790888021 0.801584568366816
0.25917767159818 0.809350526073493
0.275125432569487 0.802196660533166
0.284905361297043 0.7978089525232
0.275376264280536 0.802084990612747
0.301927838793811 0.790169404133262
0.33819134177677 0.773883290257492
0.301264057055339 0.790465447504886
0.264565007358201 0.806934053656026
0.272414209543996 0.803412726187096
0.281920096996963 0.799147416427985
0.26904422109304 0.804925063492749
0.263172094198546 0.807558855170258
0.273398267714603 0.80297126055688
0.295600898996637 0.793010250338003
0.268751816553856 0.805055913537379
0.25917767159818 0.809350526073493
0.265981715263926 0.806298443042463
0.320058286396353 0.782030339225419
0.290717758436082 0.795200601203057
0.297411221132258 0.792196744981894
0.291162647055066 0.795002086951065
0.259191414052735 0.809344361327598
0.281920096996963 0.799147416427985
0.331991392900227 0.776671301348891
0.273871192334649 0.802760001035373
0.295274439085472 0.793154187350541
0.283408396053167 0.798481113539081
0.300208933170602 0.790939518591932
0.279373142493976 0.800291346044542
0.298740553754323 0.791598977438202
0.277064647998183 0.80132662489668
0.263172094198546 0.807558855170258
0.286965576597579 0.796883986870516
0.265909749821982 0.806330871666232
0.275149081715101 0.802186028053432
0.260065110775388 0.80895246746161
0.274847371555604 0.802321615118017
0.263411375217174 0.807451509476421
0.290289572343318 0.79539331978832
0.286965576597579 0.796883986870516
0.271544010044887 0.803803118799615
0.266606689009309 0.806018396385967
0.350387970014029 0.768400318536886
0.274023594622657 0.802691730286283
0.283692793857926 0.798352793281657
0.27651434811186 0.801573639517929
0.282636959784803 0.798826114261778
0.281650839021409 0.799269247399697
0.288786803578604 0.796066758731014
0.260718818895342 0.808659304687673
0.275376264280536 0.802084990612747
0.264550043825115 0.806940766346489
0.298740553754323 0.791598977438202
0.272414209543996 0.803412726187096
0.286677881568299 0.797013048371039
0.258800437860321 0.809519717730557
0.278445174354785 0.800706743104817
0.286883561725869 0.796920834698806
0.267023479948288 0.805831250570103
0.27319033955472 0.803064533266748
0.268216916271018 0.80529595344204
0.355477344794657 0.766114858927693
0.267769133213535 0.805496755762661
0.276945504434751 0.801380454638448
0.274847371555604 0.802321615118017
0.265438366596168 0.806542275105377
0.285969564568693 0.797331153339536
0.310036253358257 0.786529001658943
0.302797430694407 0.789777719616416
0.270237312766611 0.804389392131986
0.272490784970876 0.803378395372545
0.295274439085472 0.793154187350541
0.271600992281713 0.803778264409491
0.292543136708514 0.794380794526366
0.2692031929936 0.804853703505357
0.26788480211506 0.805444886714008
0.289861586467659 0.795583749580163
0.340768807888106 0.772726424769918
0.26683711028002 0.805914969629712
0.312554726865346 0.785399226315758
0.283913040020023 0.798254452283872
0.27789542173084 0.800954174665323
0.260520787166458 0.808748093758612
0.27319033955472 0.803064533266748
0.29954129118817 0.791239494117497
0.27211787676531 0.803545956876389
0.262026053722305 0.808073013230592
0.273652939370966 0.802857795260057
0.316152534098939 0.783784497587175
0.295274439085472 0.793154187350541
0.302098038362794 0.79009112648272
0.25917767159818 0.809350526073493
0.299575090743164 0.791224647561938
0.313952528960031 0.784770794210123
0.271598321623766 0.803778980507123
0.286999778044825 0.79686844470533
0.340231979793107 0.77296325458423
0.317954458513128 0.782972670523667
0.282228217889935 0.799010055831128
0.294511418311168 0.793497249433073
0.308580799890616 0.78718235371446
0.270451841350828 0.804293498012237
0.274500498507343 0.80247735117324
0.27211787676531 0.803545956876389
0.263411375217174 0.807451509476421
0.27920675549571 0.800365854860527
0.280243070933236 0.799900763626763
0.304718310229626 0.788915372204694
0.277835771229324 0.800980921662967
0.266551521154581 0.80604298825294
0.317926283075728 0.782985326457404
0.274500498507343 0.80247735117324
0.277462522203541 0.801148505325632
0.293916308424864 0.793764530405718
0.263636425124498 0.807350524960268
0.293594934817345 0.793908443801423
0.263349948313178 0.807479175173306
0.27211787676531 0.803545956876389
0.276138538335165 0.80174223320921
0.279947251513799 0.800033766420397
0.259700509723483 0.809116018136786
0.275395800067363 0.802075340489863
0.269430897747482 0.804751128935846
0.258800437860321 0.809519717730557
0.316258615956377 0.7837363047744
0.258800437860321 0.809519717730557
0.260236845859498 0.808875430966121
0.358632451758258 0.764692748995029
0.289791066888499 0.795615392938708
0.272056334769538 0.803573558127564
0.259899297969261 0.809026836919105
0.268052781198623 0.805369745634561
0.281739229110847 0.799228658383347
0.283876034868612 0.798270505550478
0.308580799890616 0.78718235371446
0.279915497663761 0.800047708312147
0.263144334861549 0.807571308882349
0.260058296327974 0.808955501691383
0.263349948313178 0.807479175173306
0.265438366596168 0.806542275105377
0.304694704733691 0.788925968124953
0.283511616194802 0.798433868849135
0.258800437860321 0.809519717730557
0.278445174354785 0.800706743104817
0.338712793688309 0.773645676171868
0.263636425124498 0.807350524960268
0.266869090052161 0.805900624978009
0.260520787166458 0.808748093758612
0.272692865500558 0.803288079615067
0.279094213589873 0.800415593761827
0.277753561931809 0.801017348074901
0.359713129758078 0.764205543167208
0.260520787166458 0.808748093758612
0.27081510538768 0.80413053451185
0.258805189259841 0.809517586576522
0.258276845129743 0.809754570973786
0.30821872429051 0.787344991088061
0.298611615751777 0.791657071416011
0.265218084745202 0.806641087398888
0.287054349353252 0.796843940833759
0.340231979793107 0.77296325458423
0.313909683364748 0.784786719337503
0.291132122962916 0.795013414908616
0.274500498507343 0.80247735117324
0.319996066735527 0.782054116592943
0.286325079546601 0.797172866165518
0.303755944766765 0.789348306692238
0.265481486580175 0.806523010492861
0.265707504462083 0.806421574547661
0.260058296327974 0.808955501691383
0.26408354452884 0.807150015230204
0.257923272950171 0.809913148787907
0.277038477210321 0.801338805229972
0.279157608761167 0.800387703700142
0.285862337000458 0.797379031216199
0.279148958832861 0.80039094802995
0.261990704987592 0.808088748703236
0.294911855367309 0.793319182668268
0.263138717618763 0.807573828560287
0.270365316622098 0.804331938942919
0.294280797778697 0.793599723267537
0.297875511328789 0.791986793408715
0.272109518245003 0.803549543037743
0.277643784781625 0.801066452084092
0.334329480931168 0.775617191067418
0.260088203186824 0.808942124403767
0.300355725713831 0.79087452994118
0.277388263017518 0.801181283346364
0.27200847137681 0.803595105363602
0.27814338479942 0.800842903458794
0.33264028029509 0.776376112122667
0.257926412831102 0.809911740458588
0.297230570205552 0.792276407598336
0.262089617612884 0.808044381210767
0.33142668308924 0.776921202265897
0.287163923188647 0.796795171459372
0.26408354452884 0.807150015230204
0.287057950016066 0.796842885675362
0.257923272950171 0.809913148787907
0.266787148023453 0.805937106575402
0.265032348682749 0.806724348014071
0.261990704987592 0.808088748703236
0.265224668365939 0.806638120681213
0.309699430047603 0.786678978984991
0.277097043515098 0.801312250782019
0.271044034845548 0.80402787135486
0.267983299688243 0.805401310037903
0.269817649215144 0.80457762395357
0.316086017323216 0.783810869545442
0.270585160147184 0.804233488481824
0.268707292560146 0.805075774311985
0.270927884712916 0.804080079919065
0.286988083643781 0.796874370806577
0.274500498507343 0.80247735117324
0.27075009717518 0.804159981815598
0.269242818804946 0.804835637357849
0.30821872429051 0.787344991088061
0.30199768593351 0.790136805844828
0.260109933954427 0.808932375476595
0.306729809375424 0.78801182345786
0.281466071087478 0.799352298969865
0.289870520031578 0.795579587297144
0.306784710739004 0.787988905271783
0.257923272950171 0.809913148787907
0.318334049859299 0.782801350281532
0.26113067440872 0.808474541631897
0.291132122962916 0.795013414908616
0.262735886759887 0.807754547662593
0.316943095106498 0.783426902645204
0.304394541319156 0.789061816110325
0.297273728125651 0.7922569245489
0.286127280425384 0.797260552873163
0.319031239179143 0.782490119345725
0.270715073089993 0.804175420183318
0.284405098967876 0.798033417454618
0.264756138949314 0.80684855273525
0.345497445459333 0.770594842608966
0.26113067440872 0.808474541631897
0.297324791172416 0.792233937034567
0.258082007322857 0.809841951247032
0.26408354452884 0.807150015230204
0.268593890725663 0.805126718833537
0.261993167691299 0.808087751596512
0.324357461828428 0.780096069236115
0.259580216632596 0.809169978384569
0.281466071087478 0.799352298969865
0.316086017323216 0.783810869545442
0.260291286451607 0.808851023433239
0.284405098967876 0.798033417454618
0.269817649215144 0.80457762395357
0.276718088076564 0.801482313555958
0.307178114194488 0.787812254091155
0.277641956519816 0.80106767597037
0.286988083643781 0.796874370806577
0.317866043728223 0.783014850913609
0.282784508513352 0.798760049852986
0.302890172884353 0.789736209887136
0.275371754298474 0.80208596965447
0.870494412260475 0.263884424485673
0.353768417678747 0.766881973262684
0.354035285787833 0.766755531894223
0.363410214955871 0.762544801182149
0.294501637766379 0.793501203420578
0.868875629614117 0.266491515861926
0.273763526003668 0.802808011185528
0.275923696447413 0.801838977942209
0.280067926217379 0.799979991638418
0.273763526003668 0.802808011185528
0.294087188679204 0.793689359839163
0.308995512876274 0.786996569223339
0.273773507307922 0.802804335750954
0.270063030813495 0.804468636741761
0.275923696447413 0.801838977942209
0.868433943067348 0.267194323665557
0.27400237672431 0.802700858858059
0.874879698189428 0.256833135987821
0.874484889794086 0.257466544605945
0.873083778684083 0.25972104204944
0.269430011466918 0.804752495660306
0.869560743448739 0.265385291389155
0.368751548944361 0.76013550154418
0.366202442503985 0.76128230799583
0.307587906823046 0.787629202846033
0.386608265510245 0.752099721800164
0.38869255725 0.751159448124379
0.348503468671585 0.769247653809919
0.38605224739838 0.752349832471566
0.307587906823046 0.787629202846033
0.307587906823046 0.787629202846033
0.381862303768265 0.754243246382802
0.386115076267362 0.752321433899557
0.354385615508083 0.766602411175519
0.386617244511827 0.752094831249168
0.386115076267362 0.752321433899557
0.307651893655085 0.787601038536469
0.312385120814544 0.785472748481607
0.386115076267362 0.752321433899557
0.307513862373108 0.78766222626136
0.345680836964516 0.770516063543111
0.32792403823417 0.778496226801472
0.330283893743262 0.77743557944661
0.365835639033138 0.761447135080532
0.363046289690886 0.762706279406848
0.297458513762288 0.79217386993263
0.385780596120445 0.752473275594166
0.340497978035315 0.772846114929077
0.340498287712596 0.772845975117072
0.346528864194744 0.770137082162774
0.312684431468908 0.785338260450536
0.311557444255948 0.785845953889794
0.332052420525327 0.776640652301532
0.362121741142727 0.763121041554477
0.356813328643846 0.765506349384481
0.29198012144343 0.794634673398845
0.363437536524998 0.762530412413513
0.353600585084801 0.766954336846018
0.350909400401522 0.768162409023635
0.353445335586847 0.767024551464309
0.31156586316872 0.785842178210683
0.360343899802583 0.763923261647354
0.350524762958185 0.768335666688591
0.288309325983055 0.796283581933764
0.353270264091245 0.76710245583864
0.353270264091245 0.76710245583864
0.350018364474415 0.768563892124673
0.351914297799041 0.76771197711685
0.332727187297854 0.776337647925169
0.356813328643846 0.765506349384481
0.362734429455935 0.762846784087252
0.318532003949063 0.782713520595379
0.31156586316872 0.785842178210683
0.363437536524998 0.762530412413513
0.291357836201656 0.794914046304596
0.298694161022578 0.791620545234178
0.351056577174537 0.768097434591431
0.293289598063686 0.79404600503429
0.271749506555337 0.803711627334952
0.272216287564869 0.803502173640948
0.341683959411448 0.77231814134367
0.351056577174537 0.768097434591431
0.363437536524998 0.762530412413513
0.32371857438804 0.780384399322262
0.354276095268619 0.766650221548131
0.285185570715964 0.797683136631759
0.272216287564869 0.803502173640948
0.274231237641494 0.802598329883897
0.332878410410539 0.776271497172766
0.341683959411448 0.77231814134367
0.332343315997338 0.776507131796549
0.33936872062753 0.773350167777718
0.289666975177853 0.79567179042797
0.287049592151587 0.796845812048392
0.276041463645498 0.801786503654485
0.345379673744215 0.77065454696038
0.281357462994567 0.799400885983514
0.285185570715964 0.797683136631759
0.288309325983055 0.796283581933764
0.266978202082909 0.805851788033543
0.274858565662186 0.802316878804019
0.269498428983134 0.804721298928066
0.281301226243741 0.799426128793433
0.365142459961151 0.7617591071415
0.279687720437882 0.800149424916558
0.322731920194465 0.78082885666569
0.277193344089339 0.801269598193504
0.285804131013724 0.79740621418721
0.279687720437882 0.800149424916558
0.283462905851917 0.79845568420869
0.354812310876069 0.766405874638886
0.288850247074632 0.79603805460049
0.281328561689898 0.7994138633133
0.272084107716872 0.803561468307005
0.288885893604189 0.796022045820299
0.270431852125029 0.804302658911052
0.275454816390521 0.802049900241949
0.269676950800391 0.804641295958718
0.286260333058079 0.79719996213049
0.266976225867076 0.805852674313731
0.286260333058079 0.79719996213049
0.281301226243741 0.799426128793433
0.277193344089339 0.801269598193504
0.27706915590378 0.801324630225625
0.276041463645498 0.801786503654485
0.283328439161578 0.798516009603296
0.273209878610715 0.803056078447888
0.270896195509537 0.804094297076651
0.275324264476108 0.802107207337712
0.290143834242951 0.795458048609319
0.282443716743712 0.798913596874035
0.266995329154247 0.80584410693613
0.274231237641494 0.802598329883897
0.286832000187569 0.796943425830931
0.301627785711709 0.790304757076307
0.301805467009448 0.790223425318787
0.270260567620113 0.804379421090544
0.283328439161578 0.798516009603296
0.266937865342286 0.805869877431019
0.290230483469607 0.795419598119503
0.344686423332523 0.77096512126872
0.326543823115083 0.779116527343758
0.278147997774127 0.800840702067656
0.268264381751887 0.805274657022401
0.270387075831301 0.804322474582532
0.282443716743712 0.798913596874035
0.268323860278174 0.805247973625993
0.275093448943143 0.80221136984121
0.32032010775943 0.78191081318509
0.331960128601056 0.776680420979063
0.270387075831301 0.804322474582532
0.377022306297037 0.756415895678097
0.266937865342286 0.805869877431019
0.278104205547434 0.800860630041582
0.272222605125055 0.803499355370211
0.29002107043739 0.795513262718297
0.268264381751887 0.805274657022401
0.300824951710105 0.790663493000254
0.301581392407436 0.790324804409838
0.273211479298826 0.803055360110741
0.346013208389084 0.770368913950199
0.271439204763398 0.803850981914953
0.304685999112304 0.788930891807675
0.28063929674681 0.7997233936163
0.304685999112304 0.788930891807675
0.326996860652757 0.778911719321995
0.270662967710174 0.804199078296087
0.275093448943143 0.80221136984121
0.274617040743264 0.802425721746797
0.272906436227593 0.80319246155253
0.319174160356921 0.782426593072795
0.269498428983134 0.804721298928066
0.327110271725509 0.778860405232061
0.313688330118354 0.784889615845632
0.282779087468214 0.798763221358667
0.294998519760457 0.793279784707489
0.274337333538879 0.802550349507566
0.345953579826888 0.770391381050256
0.268141539179422 0.80533003715702
0.294128114233965 0.793669411258283
0.282318454010157 0.798969847740582
0.336207593551936 0.77477353882757
0.361531558567674 0.763383754539738
0.275973923285189 0.801816901000117
0.319174160356921 0.782426593072795
0.266886971530484 0.805892702858183
0.272906436227593 0.80319246155253
0.26882323720114 0.805024222627018
0.302934082696969 0.789716866934197
0.294792030150126 0.793371480298914
0.272302737328864 0.803463323182356
0.336366777023836 0.774701337011891
0.319935001197309 0.782083925619065
0.290494020410283 0.795301366630032
0.350470843965246 0.768358508462982
0.278901297053118 0.800503702402937
0.279312658792433 0.800319112301129
0.311127674437115 0.786036271422658
0.294127136056904 0.793669845762136
0.275973923285189 0.801816901000117
0.304657076912527 0.788943930976704
0.282598229415515 0.798844314674626
0.346844659791027 0.769990881282572
0.324039621569904 0.780239983980332
0.286752865830559 0.796980423884353
0.344497869079775 0.771048368249859
0.281519164151583 0.799328581433621
0.302938865745445 0.789714238061535
0.274716783044064 0.802380833226802
0.329939945169958 0.777591601652987
0.274200101052548 0.802612317079699
0.29992745470322 0.791067373184997
0.272826689556647 0.803228264330554
0.307435738385268 0.78769551615728
0.345968248855986 0.770384787783111
0.268141539179422 0.80533003715702
0.273184592080268 0.803067425772678
0.266886971530484 0.805892702858183
0.274716783044064 0.802380833226802
0.328218809229439 0.778362067707246
0.30893074443435 0.787024104293063
0.363095944351017 0.762683746333479
0.294792912613855 0.793371082154477
0.297055146735909 0.792357106516932
0.271795884935086 0.803690804507871
0.339530443103192 0.773282209730696
0.34364887500852 0.771429405401986
0.36144200883041 0.763427687684582
0.272455824353278 0.803394288384599
0.333839352813641 0.775837656099887
0.266886971530484 0.805892702858183
0.294399976539751 0.793547504372621
0.272539565143892 0.803357139173977
0.269464257602492 0.804736640074616
0.321644121811994 0.781316521198353
0.344451699795487 0.771070593091797
0.266869608903744 0.805900491138521
0.350557454853389 0.768323193885348
0.339530443103192 0.773282209730696
0.337565740383231 0.774161198847543
0.266063898775828 0.806261869750818
0.278891577853929 0.800508330274248
0.344449591872631 0.77107154012034
0.363095944351017 0.762683746333479
0.281826378704834 0.799190762891084
0.334905513270551 0.775358658147308
0.26958268050901 0.804683589625331
0.273361481455354 0.802988240917279
0.268983667453288 0.804952271337036
0.331866766936428 0.776721677418062
0.270225043128785 0.804395523175269
0.27415552458078 0.80263242173999
0.269528263181304 0.804707774390487
0.348559762814347 0.769218263154061
0.296166011618933 0.792756650400206
0.344449591872631 0.77107154012034
0.267152237039535 0.805773903346593
0.27052592625798 0.804260158138819
0.282291420424392 0.798981769619466
0.28106653309267 0.799531420083665
0.346906403161094 0.769963135390587
0.267152237039535 0.805773903346593
0.264102545889944 0.807141531999617
0.269887291170739 0.804546696125665
0.334905513270551 0.775358658147308
0.30875875344293 0.787103343545184
0.283366899896757 0.798499023741571
0.330308594494436 0.777426198421306
0.274413787242758 0.802516101569
0.350539296215033 0.768330739578317
0.347272318012369 0.769796111568629
0.266266546759331 0.806170990743457
0.264081559695478 0.80715094438068
0.284299407000626 0.798082138381231
0.264105703281686 0.80714011588454
0.285070931932127 0.797734583179929
0.312156411653058 0.785576199891148
0.263910196420624 0.807227861774851
0.314707465666586 0.784433324413288
0.341404802031208 0.772439618092928
0.271231908115576 0.803943418105972
0.265572525390822 0.806482240247427
0.267450327619699 0.805640412555059
0.312210545183336 0.785551214607898
0.266266546759331 0.806170990743457
0.274876661447412 0.802308280764045
0.263910196420624 0.807227861774851
0.273368755276144 0.80298457608937
0.287350539363537 0.796712648425408
0.311995464231862 0.785648937360016
0.265456448461109 0.806534291458448
0.265594183810811 0.806472539128127
0.347272318012369 0.769796111568629
0.343085897077012 0.771683780751079
0.269528263181304 0.804707774390487
0.263910196420624 0.807227861774851
0.267450327619699 0.805640412555059
0.268888995919774 0.804994575416291
0.317324585181093 0.783256787305299
0.29325837981042 0.794060812269145
0.263910196420624 0.807227861774851
0.281134496737483 0.799501026078367
0.293273792500331 0.794053894391601
0.263910196420624 0.807227861774851
0.273220864451369 0.803051219659852
0.353019444468208 0.767211819877345
0.340939545323623 0.772648545435071
0.274964735269656 0.802269747407479
0.271720965975791 0.803724651360935
0.264105703281686 0.80714011588454
0.285070931932127 0.797734583179929
0.266872272524094 0.805899155297273
0.293993229220375 0.793729565478737
0.277585467977602 0.801093608159834
0.262753231010578 0.807746816835829
0.273185350522425 0.803067252961557
0.300098737880135 0.790989640694154
0.268615832953636 0.805117178835844
0.269054557785915 0.804920512063276
0.267042788672902 0.805822675767011
0.28613748993157 0.797256077347195
0.262620239214751 0.807806461207264
0.308621408160051 0.787164092424899
0.281877962933763 0.799167077844429
0.280883784684403 0.799613491617094
0.302726739596207 0.789812093144936
0.277257908923577 0.801240496405171
0.275565734908803 0.801998715045639
0.26678460498028 0.805938437921977
0.264000356274425 0.807187417847009
0.360143710025435 0.764008519894816
0.274100502597013 0.802657068367077
0.307888827746089 0.787493554992089
0.272147831648618 0.803533273352142
0.276833880153333 0.801430295249164
0.29432671995317 0.793581270278346
0.268615832953636 0.805117178835844
0.2704743191189 0.804283430985334
0.286696134409523 0.797006159228036
0.297433294605311 0.792185509554902
0.265455954841055 0.806534512841194
0.262621011164716 0.807806114984438
0.308276375789379 0.78731880503064
0.374053571212243 0.757756927148012
0.281964351712519 0.799128032282594
0.365938144262166 0.761406258130094
0.271480819484918 0.803831833393416
0.277005508975845 0.80135354423394
0.285108914499619 0.797717238126538
0.328168313906342 0.778383129176153
0.284665728867611 0.797916528075205
0.270490477306455 0.804276520292253
0.284272427360289 0.798094390639988
0.298173690974204 0.791855738852309
0.309614125774985 0.786718821325051
0.267197556072644 0.805753409384033
0.281008125462283 0.799557692501771
0.294911600548383 0.793319603938574
0.270901459415931 0.804091994020165
0.30399132109367 0.789241412477023
0.295095136794641 0.793235399415892
0.265441019368184 0.806541208246462
0.325778168659103 0.779459783344638
0.34488586528803 0.770873564776044
0.30879068966361 0.787087079404199
0.323565571140364 0.780453039057772
0.34488586528803 0.770873564776044
0.265502897770234 0.806513460464685
0.282645189875251 0.798821958816095
0.26698762116319 0.805847922567577
0.264831153603715 0.806814765171551
0.269534909476946 0.804704609273352
0.37636770580035 0.756710823294563
0.26866630345941 0.805094522667895
0.285298739755242 0.79763342701023
0.262620239214751 0.807806461207264
0.297433294605311 0.792185509554902
0.29464530723828 0.793438687393684
0.276221186612682 0.801705890906285
0.305595535355183 0.78852202198411
0.286117484858635 0.797265133800165
0.263923627078144 0.807221838165511
0.344885449791192 0.770873746746413
0.328400284252639 0.778281411648866
0.295621721892782 0.792999400091616
0.265928485941137 0.806322431485062
0.264969057390481 0.806752817906376
0.303969727044661 0.789252190340081
0.285288294624709 0.79763701720009
0.305595535355183 0.78852202198411
0.262620239214751 0.807806461207264
0.264327230430064 0.807040801665358
0.278917852281394 0.800495293552658
0.313826542300142 0.784824501619466
0.28263205202972 0.798829455153624
0.285288294624709 0.79763701720009
0.3209658718921 0.78162168994657
0.264327230430064 0.807040801665358
0.32100551891318 0.781603093433329
0.319555861679414 0.782253912418649
0.273417877826055 0.802963900939481
0.286981623702115 0.7968777441985
0.302419676190379 0.789949914719143
0.266666782908258 0.805991787124993
0.262919204597424 0.807672373898542
0.262620239214751 0.807806461207264
0.294158487624849 0.79365715162087
0.273999863489942 0.802702411590589
0.266893830897177 0.805889985380326
0.262620239214751 0.807806461207264
0.278946718810621 0.800482243211427
0.263686919100905 0.80732799559339
0.346720328166111 0.770049296967487
0.265349829204659 0.806582204371844
0.262620239214751 0.807806461207264
0.27101096168065 0.804042874924662
0.265296863232587 0.806606186457591
0.270105523402019 0.804448650194979
0.295428890883592 0.793086411442014
0.268478033965986 0.80517872108944
0.283727903869131 0.798338288259099
0.265895632813706 0.806337467493094
0.263025238329828 0.807624817559983
0.315656302296612 0.784005429102851
0.281272489368406 0.799438993577615
0.263910196420624 0.807227861774851
0.30988797896382 0.786596313536537
0.269284811324026 0.804816818095242
0.320164645961403 0.781978983961478
0.269576752894332 0.804686657402338
0.266042660612099 0.806271717294261
0.340456892856994 0.772862855524254
0.328325088974808 0.77831530292288
0.268967202534427 0.804959498652785
0.26957946722895 0.804685348789274
0.266045048726579 0.806270648268334
0.284076845180034 0.79818055578287
0.273427834520584 0.802958754863556
0.336530816980324 0.774628911648461
0.265298791724552 0.806605322548235
0.268495929049025 0.805170695653466
0.280530259185097 0.799772400250329
0.326788602757159 0.779004635181497
0.26957946722895 0.804685348789274
0.261603597016965 0.80826244371583
0.261994628002909 0.808087098418271
0.298881576395264 0.791537380712898
0.328984289095744 0.778019085746563
0.260488079761659 0.80876282713097
0.328400284252639 0.778281411648866
0.268523764640593 0.805158206318819
0.263025297586761 0.807624790980576
0.345330723244344 0.770673933797595
0.392983278593622 0.749227473864096
0.26365729857393 0.80734141444363
0.265311361342741 0.806599686797415
0.273427834520584 0.802958754863556
0.265199475697188 0.806649467448967
0.283806966815204 0.798302830641975
0.261145717793333 0.808467798986594
0.328984289095744 0.778019085746563
0.263910196420624 0.807227861774851
0.321987538184484 0.781162592711336
0.261603597016965 0.80826244371583
0.265096966035344 0.806695836893236
0.262750476191996 0.807748038674956
0.260229679655747 0.808878719481654
0.393226487782689 0.749117176811768
0.30988797896382 0.786596313536537
0.266381643254988 0.80611961134271
0.265141918499143 0.806675553173734
0.293215332206481 0.79407969351882
0.258510276432378 0.809649879493369
0.326788602757159 0.779004635181497
0.270542517873093 0.804252549969332
0.265319556978103 0.806595890171647
0.269734557521245 0.804615179612246
0.287385493521156 0.796697368768224
0.262585668609702 0.807821953610885
0.274438538885384 0.802505740718773
0.268841695686937 0.805016321675106
0.260872260676187 0.808590523277884
0.377759107793635 0.756086847969514
0.290521334119995 0.79528956310455
0.324135140536241 0.780197387413218
0.342899370025719 0.771763865371826
0.260229679655747 0.808878719481654
0.260872260676187 0.808590523277884
0.260229574690741 0.808878766558753
0.263905431633057 0.80722999873367
0.263910196420624 0.807227861774851
0.258049344124775 0.809856614767305
0.336714691795811 0.774547164694685
0.282966587855604 0.79867778037042
0.320466663214652 0.781845739505907
0.329990950620459 0.777565974999817
0.262523593406527 0.807849785683036
0.335058565449503 0.775288520362452
0.313545519336992 0.784951071014654
0.2619652006623 0.808100241566013
0.342809272976586 0.771803985606345
0.287385493521156 0.796697368768224
0.270124409346957 0.804440701437307
0.265259454550142 0.806622893411262
0.342899370025719 0.771763865371826
0.270641541075194 0.804209146359367
0.313545519336992 0.784951071014654
0.262616277664355 0.807808221915146
0.263246002701277 0.807525750660565
0.287385493497063 0.79669736877905
0.339104302276134 0.773470589075877
0.293933117766118 0.793758306635211
0.267992631093949 0.80539656908761
0.265384008651614 0.806567087866258
0.342809272976586 0.771803985606345
0.260395674065949 0.808804231300009
0.268277054777927 0.805269637019976
0.266031127430914 0.806276320574137
0.292132248536471 0.794567079992677
0.258055505688578 0.809853851294418
0.2619227247568 0.808119292022055
0.303426747873543 0.789495365755819
0.275980384120968 0.801813957280506
0.282695525095077 0.798801038951215
0.265072816023288 0.806706665355858
0.280650875099444 0.799718324242181
0.260872260676187 0.808590523277884
0.258510276432378 0.809649879493369
0.266856674976973 0.805906242086708
0.266359771509409 0.806129200712477
0.289958992191501 0.795540926065724
0.273428750441701 0.802958613273155
0.392975398205527 0.749231039933314
0.229407329369316 0.856343683234147
0.254357529631542 0.843507327523068
0.216641459392474 0.862899281792514
0.2466361923748 0.847483299211494
0.216641459392474 0.862899281792514
0.24662945445624 0.847486043483047
0.196757203299509 0.873115510881408
0.227312162205022 0.857415401524717
0.216641459392474 0.862899281792514
0.229407329369316 0.856343683234147
0.196757203299509 0.873115510881408
0.218134910458664 0.862131681148184
0.229407329369316 0.856343683234147
0.228042669429845 0.85703926179361
0.218726765632429 0.861829978987619
0.217918836085468 0.862241344177713
0.196757203299509 0.873115510881408
0.196757203299509 0.873115510881408
0.214791844950222 0.863848598951193
0.229407329369316 0.856343683234147
0.214988119747032 0.863745531664623
0.246629145669863 0.847486200901663
0.213845210144286 0.864339811525339
0.217999949582831 0.862199007430244
0.215687651568443 0.863390123956611
0.196784517298729 0.873101485493689
0.227348808991435 0.857396558392501
0.24662945445624 0.847486043483047
0.229407329369316 0.856343683234147
0.196809882381537 0.873088447849041
0.194592083514967 0.874228013116848
0.205450218712758 0.868650582812994
0.215090966706992 0.863698967312255
0.24662945445624 0.847486043483047
0.214633282509441 0.863933681804739
0.227012189996517 0.857569546193173
0.201035565114788 0.870920715087546
0.194503372403039 0.874273747863324
0.24662945445624 0.847486043483047
0.255294888684997 0.84302604971057
0.210475462646597 0.866070970588561
0.228451963953663 0.856829828868516
0.210475462646597 0.866070970588561
0.251828105625784 0.844805226044543
0.200688450737683 0.871097435347623
0.182626454079631 0.880377765968813
0.255370874624143 0.842986354451137
0.220039958346368 0.86114951348794
0.209220346661379 0.866713774320912
0.209220346661379 0.866713774320912
0.20588992575921 0.868423300946661
0.220550609589453 0.860887209768311
0.252834203086214 0.844294262560439
0.247847159503418 0.84685315086287
0.179167414667421 0.882155224601727
0.181638538568641 0.880885757187295
0.201685930737189 0.870581607033723
0.205268115155154 0.868742515161288
0.204848574056474 0.868957783000595
0.182626454079631 0.880377765968813
0.182320727539508 0.880535484592919
0.193024955836262 0.875031765639536
0.194379954498554 0.874339603195302
0.203494201354453 0.869653689966431
0.189769489015648 0.876706835949246
0.196722583502239 0.873133318198861
0.198848391439269 0.872044514518718
0.253887197922315 0.84375516200453
0.204322029439153 0.869231366660657
0.200688450737683 0.871097435347623
0.182394877619052 0.880497509732575
0.183820753316888 0.87976691847759
0.226782849372123 0.857687351487569
0.25494851255529 0.843201113835114
0.195319550626597 0.873856461621554
0.20588992575921 0.868423300946661
0.198933779426676 0.87199868119038
0.182024761037932 0.880685846583118
0.197858840633234 0.872551071117474
0.185411756691282 0.878944585968151
0.200293103940399 0.871297902126001
0.172947005788835 0.885348430568005
0.195473786030875 0.873777171546423
0.191130287832341 0.8760083815484
0.216660026526113 0.862886203986793
0.218727001004035 0.8618261760162
0.206990440762103 0.867860711948086
0.206282797437779 0.868222977586396
0.172947005788835 0.885348430568005
0.172912954061631 0.885365923143631
0.196433383692549 0.873286261947913
0.217154875862135 0.862631454644574
0.201783773517288 0.870531770218179
0.219069812473293 0.861654313881141
0.209188143114547 0.866724774435516
0.193015656367 0.875037812333099
0.189769489015648 0.876706835949246
0.239198190623721 0.851312309935883
0.206573410713194 0.868074374168773
0.211851654484208 0.865360397622517
0.210405769149683 0.86610420220845
0.188482997818417 0.877367272501662
0.20974190012279 0.866447951410337
0.169941007599517 0.886892478407281
0.195900989656618 0.873556138773888
0.201330112662062 0.870764404316675
0.197702999534072 0.872632785904062
0.212085937970842 0.865238163995514
0.194367105168707 0.874343583664674
0.20705992715355 0.867824024914616
0.207519288982265 0.867586690799982
0.212656767631215 0.864945433365683
0.205651197741605 0.868546828396877
0.203336521308636 0.869734690086327
0.210554244680988 0.866027191247803
0.193850680496409 0.874610294698562
0.171587894911643 0.886046765626469
0.197414297023409 0.872776749836679
0.206015466815353 0.868356916738458
0.235193624062391 0.853359630258175
0.210615512140418 0.865995351347533
0.21003000233268 0.866299573001774
0.176957057312625 0.88328907580328
0.18766539069488 0.877785540442959
0.175982245209127 0.883789944010618
0.207979849741336 0.86735461211725
0.210391870078584 0.866111192620272
0.214094770181968 0.864210101724303
0.214633282509441 0.863933681804739
0.180434999491295 0.881504344501639
0.177712619935432 0.882900321075202
0.206259227312732 0.868231567282428
0.206314057196222 0.868205488569716
0.216811793217492 0.862808391898251
0.187508442153877 0.877868055985498
0.243956314957217 0.848867724981309
0.20323352549092 0.869787646065
0.24226909047497 0.849724164275848
0.201330112662062 0.870764404316675
0.177922258946459 0.88279280118168
0.189629013216124 0.876781405233905
0.252419151318753 0.844503803438267
0.169941007599517 0.886892478407281
0.222186230488964 0.860048141462171
0.24226909047497 0.849724164275848
0.171657571621814 0.886010290828598
0.181793966401849 0.880802492316294
0.232332058544202 0.85483510588364
0.173640436219714 0.884992039676697
0.208429463834941 0.867126438397407
0.200385093370975 0.871255820684575
0.196090168358029 0.873458257719807
0.189255579593005 0.876972099761383
0.194984901346932 0.874026185994213
0.24226909047497 0.849724164275848
0.212656767631215 0.864945433365683
0.217662455197415 0.862370941748561
0.179460139531512 0.882005635271937
0.179544849001235 0.881961606847642
0.184233056392781 0.879551381403991
0.183831339688687 0.879757505278406
0.207830550290428 0.867426605961935
0.203336521308636 0.869734690086327
0.17998659014041 0.881731262619791
0.218778320153046 0.861798490889904
0.171866660004631 0.885902933028475
0.212656767631215 0.864945433365683
0.189255579593005 0.876972099761383
0.169941007599517 0.886892478407281
0.21177772506888 0.865393605539716
0.206498140805406 0.868108771358672
0.245148686837994 0.848240175983921
0.209068828819467 0.866786586983594
0.255346855454058 0.843001971028342
0.203336521308636 0.869734690086327
0.210952822947151 0.86582291090733
0.22183335205188 0.860227049717846
0.244395130113337 0.848630526906089
0.195155852870446 0.873938296669395
0.170924765289491 0.886385679964578
0.181848231812837 0.880779399242029
0.224301236935325 0.858961095863465
0.220006552097983 0.861166630090364
0.194520022260806 0.874265122687722
0.255921903453933 0.842704577127507
0.192307665836723 0.875400560954015
0.182252662020084 0.880568972490189
0.201016232017983 0.870930864601884
0.24338972953311 0.849145793292822
0.188967374791978 0.877128076621846
0.173631018333627 0.884996822769711
0.202220141861478 0.870307008691474
0.218444352704386 0.861970171901068
0.170924765289491 0.886385679964578
0.244245314142901 0.84870888583367
0.219082625508792 0.861639203643232
0.206498140805406 0.868108771358672
0.212881851508521 0.864831103620873
0.243272800204078 0.849216301360061
0.180230746003906 0.881605839932776
0.194992102298099 0.874022429281289
0.20951930339951 0.866560189489353
0.179203603238014 0.882134491717733
0.188876536190426 0.877170403301591
0.172277585357739 0.885691983624864
0.231353184623077 0.855335141112871
0.220006552097983 0.861166630090364
0.243272800204078 0.849216301360061
0.233735861697547 0.854110092514929
0.209881348731244 0.866376460319442
0.231353184623077 0.855335141112871
0.218167091086445 0.862113205353279
0.173691364253327 0.88496672170414
0.176957057312625 0.88328907580328
0.176145197697682 0.883705252452041
0.202593665590531 0.870115885505425
0.164067257956656 0.889907942038897
0.163229648741486 0.890339623590695
0.191310458902266 0.875913777952033
0.21254871420469 0.864997651793115
0.174857986732178 0.884366644009296
0.187738730319747 0.877751936843163
0.228114409970639 0.856998468105121
0.220096111153817 0.861122549909623
0.247098639699053 0.847241121280334
0.208429463834941 0.867126438397407
0.181200501476881 0.881109715503447
0.204163302081375 0.86931040716365
0.229044550218035 0.856527233515477
0.198560952838071 0.872190762776085
0.219430495504319 0.861459740050305
0.177686677770298 0.882913652386846
0.171485520237757 0.886099390609011
0.202593665590531 0.870115885505425
0.177974240227637 0.882764980839566
0.179730070331983 0.88186826039215
0.20303199283934 0.869890643702298
0.216811793217492 0.862808391898251
0.171485520237757 0.886099390609011
0.197550501983333 0.87271277622464
0.174055714080478 0.884781225196897
0.192527294041048 0.875288952816605
0.164067257956656 0.889907942038897
0.188876536190426 0.877170403301591
0.19222229128744 0.875450454293632
0.215541798972754 0.863466190790186
0.164041202278264 0.88992131105883
0.211691158701809 0.865446338364557
0.220252249274152 0.861040149567111
0.225796355800331 0.858200181854216
0.175075544225794 0.884253162857157
0.236406117674049 0.852746244402249
0.198065538470074 0.872442490229236
0.241636348948015 0.850056334211177
0.193045175561987 0.875027838601582
0.215541798972754 0.863466190790186
0.180337550822455 0.88155166415628
0.175691457983644 0.883936709393975
0.163148455534528 0.890381313631687
0.171510328273451 0.886086652062032
0.204415903671899 0.869178984287724
0.194992102298099 0.874022429281289
0.176064300601309 0.883749983393959
0.207559436181883 0.867565093969228
0.220252249274152 0.861040149567111
0.213624175648743 0.864452655643603
0.21055264384361 0.866027818696619
0.179060036856546 0.882207084257235
0.198085852798653 0.872434116277633
0.207559436181883 0.867565093969228
0.174048309062164 0.884785026367933
0.202134527878569 0.870353506209506
0.23708847369217 0.852400035641221
0.188876536190426 0.877170403301591
0.232289599579453 0.854867514953284
0.25472240614993 0.84331814252602
0.207470753342452 0.867613794443188
0.171677104987891 0.886001013323064
0.197638284960551 0.872663775155309
0.163097455323049 0.89040752251916
0.166869684360144 0.888470728215109
0.211691158701809 0.865446338364557
0.163316391594953 0.890295090644107
0.166612094880834 0.888602973935856
0.1792319442863 0.882118411087585
0.211691158701809 0.865446338364557
0.164067257956656 0.889907942038897
0.17881843367634 0.882332961380713
0.211427043341294 0.865579024276026
0.175443681454802 0.88406600548543
0.162836916918569 0.890541215409974
0.202771780954538 0.870025918421796
0.226258363312872 0.857959793486423
0.167021235855691 0.888392925265811
0.1770339429488 0.883248333889346
0.202771780954538 0.870025918421796
0.226409443185996 0.857873050686438
0.165341003888285 0.889255253576651
0.192395624709772 0.875361444906919
0.171967107918007 0.885854210551931
0.165589156374974 0.889127106929073
0.218835219650199 0.861773591292293
0.169445199797263 0.887147180063088
0.17634481791293 0.883603009899189
0.2537801029902 0.84380982475842
0.226974776160007 0.857583298711489
0.179868590465671 0.881794163281573
0.183831339688687 0.879757505278406
0.203839618508035 0.869474561184014
0.169366979813615 0.887187830529704
0.179275797529355 0.882098001208525
0.211268397523966 0.865657470685777
0.154319564095249 0.894914486299031
0.197427291071783 0.872770071393371
0.183235236857333 0.880062350305965
0.15593769527659 0.894083632203655
0.243877304716699 0.848897876265097
0.20494523522637 0.868906800622624
0.172673393622229 0.885488704499143
0.223687115624924 0.859277870670245
0.184207405768562 0.879566474313031
0.15593769527659 0.894083632203655
0.190244067518733 0.876465355544886
0.164419725133837 0.889727117030414
0.232878627034295 0.854551084833547
0.165843072177774 0.888997287614367
0.245871847394731 0.847869459617679
0.230104533786511 0.855975504947935
0.171485520237757 0.886099390609011
0.172673393622229 0.885488704499143
0.253244334137901 0.844085562009443
0.186523429277301 0.878373835454058
0.164035996098985 0.889924414903286
0.169289003734196 0.887227847333853
0.205558049850842 0.868595715786062
0.189633719066481 0.876773835185679
0.162833242862027 0.890543101607853
0.189221493580862 0.87698606233728
0.203636971002798 0.869589055754739
0.162840142873974 0.890539559258354
0.190124879089571 0.87652198359824
0.170994074954271 0.886350208783816
0.19743259674893 0.872767338422624
0.177076829118509 0.883226489902082
0.211438011081003 0.865569637230243
0.18035514056205 0.881543582847971
0.170402488073077 0.886655630078581
0.21601355104931 0.863217337588893
0.222598151606794 0.859836682414558
0.163794920992109 0.890049459151458
0.171385324604978 0.886150837770709
0.171217661539251 0.886236641664724
0.15594999708755 0.894077318652483
0.227220852672246 0.857456573163109
0.199478912663627 0.871721586876726
0.203636971002798 0.869589055754739
0.157521350600157 0.89327014879223
0.193107328844379 0.874995599844179
0.193450711941648 0.874816911570868
0.220618880740588 0.860853605610742
0.214290757910866 0.864105038278405
0.19222229128744 0.875450454293632
0.182771732504759 0.880300220549793
0.17975773804974 0.881850266306135
0.191342679979693 0.875898759338417
0.166729809642437 0.888540920297058
0.251393281565595 0.845029456999308
0.156329983736382 0.893882369802716
0.186203546957858 0.87854126717241
0.154637345281794 0.89475136163238
0.232708967106664 0.854634443335063
0.227904210735145 0.857110613423788
0.220618880740588 0.860853605610742
0.160010802685883 0.891991860050287
0.158003069127963 0.89302370683869
0.172661834469814 0.885494801887133
0.204150309860937 0.869320338613641
0.162833242862027 0.890543101607853
0.188919735545883 0.877145068935457
0.183755427899049 0.879797122492811
0.175443681454802 0.88406600548543
0.220618880740588 0.860853605610742
0.15417742555369 0.894987484780187
0.181214413915127 0.881101764260865
0.221251021420681 0.860531522927596
0.188518810306659 0.877350590218237
0.15417742555369 0.894987484780187
0.222610147530794 0.859830524918412
0.164323448325568 0.889777881759858
0.183627711121869 0.87986439021697
0.235009402608366 0.853461101102424
0.195189899091874 0.873921263143073
0.171904956742653 0.885883227307709
0.173026158267684 0.885311004218039
0.229412485216879 0.85633830382255
0.196767286985442 0.873110986649972
0.173010411604851 0.885315120864726
0.161496411372458 0.89122876492977
0.219453907092999 0.861451503233075
0.158370743256104 0.892834022256135
0.222554211369365 0.85985949056138
0.217332268922125 0.862540609675047
0.166729809642437 0.888540920297058
0.15589498193991 0.894105719169464
0.175004393139356 0.884292687297025
0.189365170820038 0.876920146967053
0.219743176762395 0.861302637792821
0.193377272812299 0.874853342911379
0.230731871873632 0.855654220900177
0.195734451255343 0.873640573272787
0.182973045918706 0.880200093798806
0.198363852373779 0.872288920830989
0.161677042896244 0.891136012137742
0.197037007270621 0.872972456448527
0.175066727004242 0.884260542063343
0.202883608687525 0.869971390365119
0.164549134297458 0.889660651688791
0.209265086666895 0.866687842682204
0.179400149491033 0.882032426464117
0.235806885509087 0.853041002216422
0.177431524225995 0.883045759180396
0.154002911333235 0.895077135757746
0.153590220228136 0.895289006693312
0.173637001740019 0.884993734127532
0.21667115380394 0.862880015458679
0.221074437311544 0.860623725521831
0.182613845898984 0.88038693735324
0.202383702960961 0.870228572462297
0.171904956742653 0.885883227307709
0.160187076338983 0.891901642012402
0.172957749484398 0.885343033534724
0.177487653914479 0.88301611516704
0.162833242862027 0.890543101607853
0.202838658291285 0.86999393007704
0.230731871873632 0.855654220900177
0.215287085537205 0.863592789584947
0.166294960276848 0.888764555946177
0.178858872473673 0.882309749448431
0.218282779457154 0.862053066103215
0.160048864844676 0.891972579578058
0.232870632223343 0.854552320991571
0.219453907092999 0.861451503233075
0.184828527155762 0.879244980642115
0.16758885880259 0.888100200748879
0.170438191236592 0.886637340917423
0.173610179778076 0.88500740905207
0.170629489460806 0.886539018964051
0.210453209888305 0.866077419892395
0.169052970504877 0.887347964113127
0.184525358055684 0.879401809394605
0.212430867361534 0.865059833160166
0.174246497117589 0.884681422375647
0.199260836337336 0.871828524091157
0.167097168681828 0.888352220842984
0.179400149491033 0.882032426464117
0.232183263414093 0.854904949081844
0.164440422134484 0.889717220874301
0.170629489460806 0.886539018964051
0.162833242862027 0.890543101607853
0.207184101367481 0.867757980328806
0.220946787139666 0.860686351773116
0.217374589445071 0.862522524764631
0.162545634285646 0.89068974263748
0.186510324425773 0.878381649428781
0.167692919356255 0.888046750101284
0.230731871873632 0.855654220900177
0.169052970504877 0.887347964113127
0.17849153975178 0.882501874747585
0.15523924375832 0.894442428778941
0.219910974143095 0.86121646926131
0.209002342315636 0.866824811247901
0.233774354101469 0.854089018720292
0.211195280815792 0.865695106573851
0.217374589445071 0.862522524764631
0.162545634285646 0.89068974263748
0.162833242862027 0.890543101607853
0.17849153975178 0.882501874747585
0.153590220228136 0.895289006693312
0.215599982070728 0.86343072602763
0.192685709865162 0.875209976736831
0.16251782885441 0.890704005292906
0.211443566275869 0.865569043126671
0.171107899422983 0.886293282772697
0.185105815183334 0.879104720262978
0.181834651446923 0.880784463804242
0.211443566275869 0.865569043126671
0.16664731623202 0.888584343331197
0.217272634321617 0.862572544633324
0.153590220228136 0.895289006693312
0.191186448136018 0.875977108445308
0.214458014462578 0.864016674021132
0.175066727004242 0.884260542063343
0.174500004128953 0.884549128224864
0.224526410481477 0.858840593217514
0.18228751397104 0.880553045272861
0.156246440352098 0.893925401167538
0.199631194547298 0.87163740756732
0.192917648752998 0.875088659291266
0.246435393887604 0.847578802339317
0.184828527155762 0.879244980642115
0.160698250219877 0.891639160161891
0.218282779457154 0.862053066103215
0.155866521116601 0.894119777259398
0.151713469188452 0.896252696762367
0.171071708247462 0.886309904534334
0.212731810195335 0.864907230845472
0.157340363062285 0.893363075522238
0.159183638758947 0.892416440445277
0.191186448136018 0.875977108445308
0.169780418698562 0.886974307742711
0.208045735470226 0.867313026226715
0.256326531384054 0.842497083078736
0.21789231792866 0.862251963997674
0.217532317372396 0.862439642494018
0.219894989334494 0.861229948162096
0.212242917783959 0.865155684416755
0.202383702960961 0.870228572462297
0.156111493178091 0.893994104549652
0.151716777781209 0.896250997410765
0.169947409314616 0.886888548721913
0.210461730117652 0.866073047369557
0.192643673710785 0.875232805267541
0.198363852373779 0.872288920830989
0.162160947467726 0.890888222835828
0.228707133830345 0.85669910544552
0.211237231129419 0.865673410735962
0.160239361084653 0.891874815671289
0.218078540242754 0.862158901461812
0.165332549667762 0.889258761629974
0.164872281230844 0.889496202334281
0.157340363062285 0.893363075522238
0.220585237716002 0.860868552025263
0.15523924375832 0.894442428778941
0.19523676965737 0.873903136342682
0.224175060801024 0.859023074583668
0.171972864867853 0.885850320748868
0.218657892610604 0.86185915857018
0.159504570453863 0.892252374481694
0.152696041994871 0.895748178598846
0.156270889255042 0.893912255596676
0.154905880848118 0.894613310748787
0.238341896766823 0.851752439117723
0.152999688927629 0.895592246437694
0.157006419996646 0.893534959713835
0.164684203693738 0.889592670453553
0.221511591132366 0.86039490975515
0.228811993213483 0.85663843193832
0.225925810292754 0.85812019728773
0.156992603918306 0.89354205353084
0.162849729025195 0.890534637881902
0.217766436143957 0.862322424579859
0.235515797522185 0.853203420086383
0.171972864867853 0.885850320748868
0.164944063100692 0.88945823435821
0.154626442540807 0.894756793555963
0.177431524225995 0.883045759180396
0.164072179599017 0.88990542693938
0.168367974881204 0.887699693368838
0.229388451749846 0.856349926086834
0.181749272748926 0.880829300917345
0.252225186926469 0.844610785048031
0.184828527155762 0.879244980642115
0.160698250219877 0.891639160161891
0.185270127225862 0.879019703747607
0.210136500456773 0.866237547192102
0.172741983414373 0.88545342766907
0.206037369187929 0.868346311596526
0.173626655169012 0.884998949272164
0.227584563693835 0.857275315480755
0.155523184278584 0.894296166581805
0.154905880848118 0.894613310748787
0.152999688927629 0.895592246437694
0.172741983414373 0.88545342766907
0.159183638758947 0.892416440445277
0.164684203693738 0.889592670453553
0.185259800505765 0.879024148171534
0.182343521313657 0.880524361170235
0.183666737449777 0.879844579380042
0.223904650164944 0.859166097820419
0.160692871389307 0.891641925250125
0.219894989334494 0.861229948162096
0.169966233159084 0.886878858176861
0.151713469188452 0.896252696762367
0.219681844648053 0.861331318498339
0.168447654230026 0.887658716635356
0.177385970253921 0.883070686104392
0.182178345669351 0.88060866205807
0.159010991800997 0.892505626070045
0.16615741876952 0.888835506125557
0.155523184278584 0.894296166581805
0.229388451749846 0.856349926086834
0.157449922565315 0.893307207218265
0.181764053787855 0.880820399965743
0.182178345669351 0.88060866205807
0.151284689974295 0.896472884223811
0.164865201005013 0.889499740721958
0.228201810620837 0.856957912773192
0.150472044427554 0.89689016537482
0.155495666836549 0.894310396127417
0.162738214301959 0.890591213528272
0.161884557515452 0.891029901076794
0.218586128137346 0.86189607748869
0.156424087337213 0.893833617694675
0.224556954996759 0.858830402796664
0.251735562214161 0.844859242285685
0.180998162445839 0.881213345522638
0.163224375644367 0.890342461132298
0.185130608446085 0.879091366272975
0.222127750407896 0.86007969921541
0.22936534485223 0.856356706434678
0.150108106343581 0.897076980959453
0.169966233159084 0.886878858176861
0.222325635013488 0.85997298829942
0.166856553455828 0.888477389699644
0.191823736142092 0.875651837275784
0.197569632673368 0.872702649619174
0.222645273815363 0.859808903736931
0.227584563693835 0.857275315480755
0.162551896173377 0.890686676140588
0.164684203693738 0.889592670453553
0.160698250219877 0.891639160161891
0.174719258158056 0.884437377987043
0.191823736142092 0.875651837275784
0.180772044565678 0.881327419721338
0.184614693358099 0.879353608677139
0.189405573109667 0.87689482709381
0.150108106343581 0.897076980959453
0.251146533246093 0.845164524312846
0.233999874466692 0.853976709381632
0.154007857889165 0.895074619804712
0.176268849767794 0.883641627034379
0.222637360614755 0.85981583201194
0.163230042988798 0.890339553636647
0.230055449657123 0.856001888241692
0.197687955558095 0.872637681227892
0.198744332268256 0.872099067324466
0.21797161113834 0.862213008048871
0.153946938694206 0.895105762721462
0.158939058077354 0.892542134157252
0.16966435271643 0.887034836381114
0.158209578049869 0.892916724070436
0.183898105463801 0.879723490936898
0.219135109580391 0.861614579875749
0.203837602724371 0.86947984230885
0.230644432094799 0.855708410614538
0.155495666836549 0.894310396127417
0.188514457222369 0.877357556213803
0.157404754475878 0.893330032401672
0.174361909416574 0.884623096517827
0.219135109580391 0.861614579875749
0.184198384387031 0.87957115137634
0.166836363469493 0.888487510400832
0.188572921335528 0.877324206481022
0.16966435271643 0.887034836381114
0.23813287491265 0.851863265656396
0.185323520464941 0.878992137598541
0.149683304783008 0.897295139499147
0.167517815122315 0.888136235340604
0.214492777815821 0.86399828298183
0.225214096807672 0.858486916914247
0.22776941828808 0.857173299258141
0.198744332268256 0.872099067324466
0.15000323517952 0.897130902580148
0.178056932789507 0.882724862273832
0.203829193443615 0.869484166727275
0.159630745234561 0.892187017093691
0.250280932249449 0.845610206587212
0.164915579224467 0.8894741540665
0.15958715951459 0.89220965375217
0.183852077356234 0.879749408339816
0.216556179487833 0.86294134268941
0.174002487661445 0.884808689787037
0.165580838081981 0.889130666904558
0.170585149465078 0.886562930763913
0.177338667641759 0.883092434314769
0.169159545477413 0.887294216079855
0.253060546078216 0.844179951860178
0.195183514383529 0.873925942891586
0.155495666836549 0.894310396127417
0.159584834924618 0.892210847465165
0.153930891171814 0.895114003063866
0.167319466252527 0.888238048572985
0.154384787043407 0.8948809875097
0.18569982206326 0.878799605335077
0.228235805933774 0.856944094530573
0.252463761473956 0.844486792116921
0.163597009969183 0.890150825741662
0.15850179386916 0.89276652018824
0.152601278226826 0.895796626135876
0.222369229496934 0.859951608555346
0.181834384601729 0.880784819751507
0.172315745910959 0.885673546738671
0.16915252531269 0.887297820587356
0.169809374356472 0.88695927179365
0.159431073930462 0.892289501940721
0.214803144318144 0.863845223764094
0.168310542666608 0.887730407860861
0.197266881645727 0.872854996850153
0.159023840042603 0.892498906387784
0.176984802938192 0.883276186656348
0.181130001212532 0.881142930627641
0.196944423560523 0.873024691621349
0.189050810969783 0.877074340738194
0.166725514455425 0.888544254482314
0.18719076690114 0.87803362592135
0.178189199892479 0.882653935624
0.149683304783008 0.897295139499147
0.230828193678797 0.855614153182422
0.224421226715373 0.858901470530629
0.211833754004971 0.865367286435315
0.188763289699435 0.877220786909451
0.214803144318144 0.863845223764094
0.222369229496934 0.859951608555346
0.251151790474868 0.845160578364654
0.207926863862886 0.867375209017651
0.160395903160357 0.891794171597976
0.180939462748327 0.881240508649067
0.151718694674229 0.896250013467015
0.154175744771906 0.894988265165122
0.195106838438686 0.873965351373585
0.188763289699435 0.877220786909451
0.152656672332761 0.895768341508579
0.186578097959886 0.878344885835043
0.158679250841798 0.892675994721538
0.179841176686285 0.881812149596082
0.177121069180446 0.883202488484175
0.187376111058148 0.877933526163016
0.152844914075097 0.895671507216159
0.166072503735358 0.88887960224375
0.181496711370581 0.880960487209126
0.169151518319796 0.887298300225672
0.153972175799401 0.895092827295694
0.192786162331636 0.87515564550238
0.175132490297015 0.884225319842313
0.235727163345062 0.853088627964529
0.235298702418453 0.853309456953869
0.175749015703366 0.883907857945466
0.181837503601225 0.880781423344642
0.164915579224467 0.8894741540665
0.191912023579207 0.875606466252548
0.180458300642534 0.881490707360242
0.20557772660622 0.868590516697827
0.169150644144923 0.887299783597998
0.208362769425157 0.867155715680527
0.189310021381635 0.876940269090212
0.252299490985555 0.844558831591612
0.192613235675639 0.875246006210997
0.152601278226826 0.895796626135876
0.225124785693639 0.858549986333035
0.170045425728978 0.886837997714217
0.192807189790543 0.87514457763418
0.183973792558252 0.879684664264075
0.168310542666608 0.887730407860861
0.202578934394935 0.870124979838273
0.17356954415068 0.885028670406146
0.155715928944742 0.894196965282789
0.223198006376971 0.859528044908255
0.184835052644187 0.879243237269988
0.1618060317192 0.891070369057452
0.149762583759328 0.897254424983143
0.157449922565315 0.893307207218265
0.150012217528215 0.897126290068334
0.179139748789094 0.882166657837549
0.162294711674874 0.89081974318833
0.18868875170023 0.877259495746379
0.244172417020376 0.848750721977081
0.16412205355148 0.889880742844384
0.247833602034071 0.846861878765105
0.187831247675126 0.877700933639994
0.200779927380305 0.871054910569832
0.232153763699685 0.854921624828362
0.16862120478753 0.887569750908143
0.163679858033915 0.890106912184484
0.160884134442 0.891543665434224
0.233098460364642 0.854437818368079
0.170045425728978 0.886837997714217
0.19163353440743 0.875749041978348
0.17492360377802 0.884331301440242
0.152958435662019 0.895613217423234
0.204456499905094 0.869165736107738
0.166258238644082 0.888784957047315
0.181658304278581 0.880873500136713
0.249274631146187 0.846120230944756
0.21781981207914 0.862289538127181
0.220197609719391 0.86107770557475
0.150627691966294 0.896810248272167
0.251146533246093 0.845164524312846
0.18957248497183 0.876805254094404
0.197288500650317 0.87285249638345
0.187927413545114 0.877650366273706
0.224610504646442 0.858796638336441
0.204836187471719 0.868970535933222
0.178412763846743 0.882540295821477
0.156551858210906 0.89376804855461
0.15880555232719 0.892611146748306
0.174787937241032 0.884401087003777
0.22093904076475 0.86068642661567
0.157156605709684 0.893457118595712
0.164290215988045 0.889793821880711
0.187879110406252 0.87767517926257
0.155715928944742 0.894196965282789
0.207260891850733 0.867722370815709
0.202578934394935 0.870124979838273
0.229418435386649 0.856333298524622
0.178506621594301 0.8824910103505
0.17356954415068 0.885028670406146
0.187198752832787 0.878025187252646
0.170045425728978 0.886837997714217
0.205413693969243 0.868666123653377
0.222373367406578 0.859949395073361
0.167810064423518 0.887985560586287
0.176000419448685 0.883780661506218
0.149683304783008 0.897295139499147
0.168478295141855 0.887643138371974
0.21781981207914 0.862289538127181
0.155754614547701 0.894177246149154
0.23573644144368 0.853083780526906
0.15244685469643 0.895876183739706
0.189992522571431 0.876592164077678
0.167095119608895 0.888353593566337
0.165668784798321 0.889085984861186
0.248060502751687 0.846744537105602
0.172052053531468 0.885809444798594
0.204456499905094 0.869165736107738
0.20184730519114 0.870501034745402
0.174723479017334 0.884435295323074
0.230164683986288 0.855949608142146
0.220283091864138 0.861024410800461
0.159507054087307 0.892251007652815
0.211360596432288 0.865615175109691
0.216556179487833 0.86294134268941
0.164320940603131 0.889778038263314
0.227942056414536 0.857088083255967
0.221656522357079 0.860316024367458
0.150627691966294 0.896810248272167
0.149683304783008 0.897295139499147
0.191318766806768 0.875908603427979
0.184086027343062 0.879626369437056
0.166685641516807 0.888563911551622
0.222369325376771 0.85995155590121
0.22183228714689 0.860227130782607
0.17123733117171 0.88622591484745
0.154895947591303 0.894618628540856
0.166816626347815 0.888496572615277
0.201638009823259 0.870608619596809
0.170043281344518 0.886839310707082
0.149686297427629 0.897293602463928
0.207260366440407 0.867722643840962
0.164273239243352 0.889802534945773
0.155997461718013 0.894053025657342
0.158374698351288 0.892832603390925
0.17009213558811 0.886814002714614
0.149683304783008 0.897295139499147
0.160884134442 0.891543665434224
0.149683304783008 0.897295139499147
0.155112808233636 0.894507006935478
0.203004220570404 0.86990735264731
0.155509497750194 0.894303485144786
0.219049373077059 0.861659309329141
0.164670067380872 0.88960037459569
0.184569958249515 0.879377932827202
0.217276027330369 0.862569829113338
0.212615536431512 0.864964101016272
0.2362183766206 0.852842907639104
0.174723479017334 0.884435295323074
0.161919531689533 0.891011580822265
0.165083470644999 0.889387778264448
0.163603854095656 0.890147561089641
0.170395220498503 0.886658743142967
0.174177021542472 0.884716009918187
0.192739370194855 0.875182202673923
0.208574340513211 0.86704274434302
0.153197137187137 0.895490748121203
0.171507612477015 0.886088866215322
0.207553275109252 0.867568166678269
0.170043281344518 0.886839310707082
0.157156605709684 0.893457118595712
0.194350775665038 0.874354329361556
0.149683304783008 0.897295139499147
0.216702215245761 0.86286684764858
0.229786830084097 0.856140055397406
0.160959861735517 0.89150462387127
0.222943306446661 0.8596561311569
0.184945694639889 0.879185018025754
0.192985726566103 0.87505558137715
0.154175744771906 0.894988265165122
0.213693531278428 0.864415547619668
0.207260366440407 0.867722643840962
0.162462375523944 0.890732867481659
0.168908980816478 0.887422322574104
0.158150108740111 0.892947695219327
0.155396803750582 0.894361380741058
0.161255583841952 0.891352842273261
0.222424688396085 0.859922714038561
0.185855049459489 0.878718499777135
0.168908980816478 0.887422322574104
0.156763569026809 0.893659199833576
0.202763619760646 0.870029114711045
0.159739354285821 0.892131680076647
0.160925455845851 0.891522312053369
0.155726298157253 0.894191996917361
0.153194908427644 0.895491880127898
0.188829635734431 0.877190817288309
0.183849392294946 0.879750013808346
0.201926546176039 0.870460421929739
0.222263011629049 0.860004450855963
0.149683304783008 0.897295139499147
0.205161639113342 0.868807974751135
0.164696949419752 0.889584893434247
0.205381983588811 0.868682823681907
0.221587921812089 0.860360293280242
0.207280512326691 0.867711286028808
0.195225299950054 0.873905107534701
0.2224125362148 0.85992927125354
0.15334590320678 0.89541433746621
0.208574340513211 0.86704274434302
0.171369104708896 0.886159035344978
0.162462375523944 0.890732867481659
0.18837342392215 0.877424845077425
0.204573553474492 0.869099896907219
0.235289935817973 0.853313964459884
0.233712898095687 0.854125142061883
0.225124785693639 0.858549986333035
0.192223572163658 0.875448953880542
0.182851803571016 0.880258834722185
0.194824980857195 0.874105907215836
0.162373600997488 0.890779275274127
0.175033886839187 0.884278923745386
0.162506939252774 0.890709958041945
0.185229729319296 0.879039334751525
0.205581378182566 0.868580352130485
0.178787082039774 0.882349180331829
0.156671696817153 0.893706678052171
0.195183514383529 0.873925942891586
0.178506621594301 0.8824910103505
0.180466126318077 0.881486691234703
0.255311444130826 0.843023751689771
0.168908980816478 0.887422322574104
0.148018106989998 0.898150198133419
0.174323225002692 0.884640913649976
0.162437693900544 0.890745379713926
0.149683304783008 0.897295139499147
0.196484413337127 0.873254527242171
0.192985726566103 0.87505558137715
0.151249755680194 0.896490713118213
0.204456499905094 0.869165736107738
0.161578926678192 0.891186844868805
0.185855049459489 0.878718499777135
0.173205757938272 0.885213811147035
0.156480604523167 0.893805079760326
0.234173275755462 0.853888768173978
0.187025280833586 0.87812066745773
0.165761881793875 0.889038083186891
0.207353103737954 0.867669321416643
0.232392887733442 0.854801887535093
0.193067017390109 0.875016872013545
0.192223572163658 0.875448953880542
0.22588101780065 0.858146469803718
0.194740914990289 0.874149105377544
0.194824980857195 0.874105907215836
0.165013080383908 0.889423378342458
0.160186657491264 0.891901745690869
0.174300521534981 0.884654265672566
0.165087465739835 0.88938426953182
0.19041370640835 0.876376172316248
0.16810364317399 0.88783699860868
0.216274255727259 0.863084151848668
0.17576841315698 0.883898846956036
0.159739354285821 0.892131680076647
0.150630118624442 0.896808889616688
0.156763569026809 0.893659199833576
0.173554811393901 0.885037431401528
0.229889556397577 0.856090828205208
0.186482409210924 0.878396129728934
0.232762065922164 0.854604851369305
0.175817452774589 0.883873673626795
0.171536844097951 0.886074089260807
0.176947556132984 0.883292876125994
0.187605434651234 0.877819918526871
0.193480457943876 0.874804602818896
0.1838027619257 0.879771893461576
0.154624111745296 0.894758259334424
0.171400513604835 0.886143391645676
0.164696949419752 0.889584893434247
0.208004876521634 0.867332417650927
0.184145075506773 0.879595893185578
0.201926546176039 0.870460421929739
0.217954829667098 0.86223016841067
0.150496016805715 0.896877704687031
0.175039580312099 0.884274845103075
0.199655770316679 0.871628387174414
0.165761881793875 0.889038083186891
0.167145340899469 0.888327803020263
0.211213899512538 0.865686451548368
0.18571803787474 0.878787912978464
0.150496016805715 0.896877704687031
0.226230291678024 0.857972959867342
0.152603759668849 0.895795608568671
0.151871900467202 0.896171289458925
0.152524561542799 0.895836278864159
0.171220552203674 0.88623389490087
0.207999239384757 0.867335314925352
0.156731108744465 0.89367586840857
0.229341964171392 0.856370074344351
0.168299556119395 0.887734851475431
0.167288798973908 0.888253914487196
0.210694906163355 0.865951863600681
0.173651097221478 0.884987989265766
0.153888021750667 0.895135919477147
0.15360138999135 0.895283325239495
0.190506873482935 0.876327311698117
0.170095601201907 0.886813410766008
0.217576337304058 0.862417066846506
0.194929332366374 0.874052098350997
0.207169552944808 0.867767783942989
0.19041370640835 0.876376172316248
0.211941912679906 0.86531141756658
0.208795243871211 0.866932293089356
0.208971977598297 0.866835085891327
0.154882283071425 0.894625589255468
0.166460692062592 0.888679274009817
0.178024200780898 0.882739859305978
0.231047409476293 0.855490152704872
0.232781110248941 0.854598674383144
0.192877138189142 0.875107666114281
0.168644076561665 0.887559122682568
0.320907412385902 0.781648302963461
0.318236594578754 0.782846394163159
0.321295591747634 0.781472189673054
0.386856169857144 0.751983834305911
0.339117658091797 0.773462533154316
0.301028980171368 0.790574520675247
0.317995714334608 0.782954004942589
0.296772901609176 0.79248391708262
0.303549213665706 0.789440835380966
0.296021148490364 0.792821653735756
0.330929102073412 0.777142437506178
0.320721822554811 0.781727926773499
0.372810637488909 0.75831355068748
0.305268527707881 0.788669107244433
0.343140428936072 0.771658383558264
0.336867723154337 0.774475616791677
0.333817359136804 0.775846610954252
0.391359314344411 0.749963679541108
0.329217031497052 0.77791318651395
0.310046625656421 0.786523381315471
0.38169329155944 0.754318189133705
0.352382912524299 0.767505436964552
0.329517736410367 0.777779834048157
0.333520482890332 0.775981216511403
0.354240480431278 0.766667695510225
0.350395554621455 0.768395482907391
0.329530209119318 0.777771450612872
0.278110274254186 0.800857545317822
0.295639035003407 0.792992568413594
0.358263818029345 0.764859330052782
0.296043663673243 0.792811316478676
0.354444557722477 0.76657730290451
0.311135594183218 0.786034975456931
0.360432549602014 0.7638826182794
0.347237350021399 0.769815068153228
0.297061449632678 0.792353474738807
0.304581052038177 0.788977150902716
0.322976832348558 0.78071811042486
0.380293898817713 0.754941383685359
0.360469522469241 0.763867111730888
0.355968353909968 0.765891015649231
0.317701952394966 0.783083263548295
0.321088959831608 0.781564811135885
0.377166361202057 0.756358359619646
0.315451739166978 0.784096889066993
0.291814263603849 0.794708898317841
0.335608747391645 0.775041506540801
0.367557166586111 0.760678438570555
0.340676696748417 0.772765704745396
0.383841077323861 0.753344187322021
0.315201131462919 0.784209030215364
0.292908106941548 0.794217531913268
0.322369613471693 0.780988045348518
0.31138545811852 0.785923286429612
0.360491131058662 0.763852637975249
0.352713042049188 0.767352780016606
0.310870027277941 0.786154260589243
0.336654993214846 0.774574315352294
0.306935911334389 0.787920388037267
0.346361335877252 0.770206142947511
0.328502055882859 0.778238727283636
0.297066306020735 0.792352085262336
0.315623761626652 0.784018329539981
0.271451850698331 0.803844437272357
0.373718610252435 0.757904086109218
0.308005039722763 0.78744044208702
0.364778063540131 0.761924206260159
0.381791200771031 0.754268306581818
0.271556917376465 0.8037983871752
0.38382593864721 0.753355869034107
0.357529153837282 0.765188134330622
0.374278976353622 0.757652486795529
0.304883590425662 0.788843223052552
0.357643848900116 0.765133149328216
0.391336869144238 0.74997365183911
0.372957538015725 0.758245639292712
0.372652455278084 0.758383373302207
0.382042594401168 0.754162072819672
0.275102567547152 0.802206988345279
0.360260918770615 0.76395965463433
0.282625656464705 0.798832408681124
0.321054083144336 0.781581185222083
0.321314680653755 0.781466412953381
0.351204255258664 0.768029619011515
0.343723391839989 0.771395885351426
0.303053905331141 0.789663277037438
0.304461022881426 0.789032113445537
0.345127844934396 0.770767005481273
0.293743639036821 0.793841830633027
0.272709226051328 0.803280771031976
0.371835594462121 0.758752701607578
0.302385066944359 0.789964464923135
0.271769778992044 0.803702199225487
0.305910345111517 0.788379485635565
0.392080978013973 0.749632122066101
0.38630228987269 0.752240283948863
0.378393987601946 0.755804478543016
0.393557031233419 0.748969144112426
0.276926190290372 0.801388667682695
0.340422540158236 0.772878076431391
0.276230519828106 0.801701005846334
0.273175621132616 0.803071329438362
0.270755226239252 0.804157241121741
0.300755740563368 0.790694896434556
0.282491046926676 0.798892528181419
0.385857345204089 0.752440353569307
0.27477125890957 0.802356071519953
0.301463918537157 0.790379038422034
0.29816826806727 0.791856344823714
0.269461029918124 0.804737673943986
0.306173159844233 0.78826348161169
0.269377281465021 0.804775316048656
0.396310538290774 0.747733337000405
0.274452837451003 0.802498687473589
0.337197555123167 0.774327364873922
0.278856431591276 0.800523750397374
0.298902120628217 0.791527061253756
0.290430196324118 0.795330367332727
0.396596603933709 0.747596227889716
0.395770555445038 0.747975420394221
0.268104378387724 0.805346941684639
0.338480156751508 0.773753850630201
0.317610002640076 0.783125924199015
0.387170673789214 0.751848848948188
0.338587035503042 0.773705389815934
0.382456599965462 0.753969796497004
0.286725191355044 0.796992119628701
0.273444009367454 0.802951189325551
0.333668700786762 0.775913011720302
0.276531228858453 0.801566082791712
0.346871788816541 0.769981850013528
0.382474644174621 0.753968303957246
0.329200682147509 0.777922366966608
0.363589172575316 0.762458218387791
0.288321733869442 0.796275738347708
0.303131349492628 0.789629085228783
0.357694533066059 0.765109724266927
0.321298149856498 0.781471028275489
0.326021376399959 0.779350455578522
0.344411467236541 0.771084520912079
0.370240688390817 0.759467777244994
0.350609749485875 0.768301101392008
0.27977015315198 0.800112862935639
0.351491753615958 0.767904545656884
0.318517331209332 0.782722185098949
0.287918953535246 0.796457058110548
0.334695637674272 0.77544851783715
0.367395233869378 0.760752450076
0.37053470788094 0.759336002078672
0.360969241705251 0.763641177652211
0.36268745112991 0.76286792647
0.397208078743562 0.747332173745998
0.373632985835141 0.757941380891666
0.397062688524201 0.747396601815779
0.323934548768764 0.780286270706991
0.325118525158574 0.779754242647407
0.37381696292153 0.757858982602167
0.327288456109435 0.778783494992598
0.38414801971245 0.75320831684552
0.326068005428788 0.779327838218243
0.355693077224804 0.766014950476728
0.347134138572234 0.769860224853474
0.372334075879873 0.758528479677895
0.32218529034865 0.781070427287655
0.324806542837389 0.779897229183774
0.341545932219529 0.772373737375452
0.30441816516059 0.789050091943418
0.363860287550305 0.762341091226553
0.30354052969085 0.789444568600602
0.371779910115898 0.758777412041232
0.370237440741313 0.7594697208766
0.297224567936147 0.792280753752487
0.358713505866149 0.764655793283485
0.297700689380715 0.792066121493842
0.367425433346663 0.760734046007112
0.364418667234666 0.762090954647063
0.365457809449287 0.761623137371167
0.363523231184023 0.762493607022522
0.339093241999006 0.773473945957082
0.363976197101172 0.762285073311993
0.337803967076167 0.774053624082467
0.309918403637197 0.786582117545493
0.389922282420844 0.750610998031189
0.316701969627667 0.783536742484593
0.308521285686835 0.787207373112769
0.345442236946178 0.770622962103516
0.326205529269752 0.779266577290025
0.300175461190106 0.790954404602914
0.395436039224165 0.748121649078462
0.393112244032912 0.749174595654124
0.388351512820046 0.751315623050663
0.300295117931217 0.790902128359333
0.388661785058284 0.751177729933244
0.292880788813819 0.794231151401745
0.350151392067921 0.768504307948687
0.395568102667685 0.748066678163266
0.362368176760266 0.763007936880859
0.383768873782094 0.753374282562224
0.394487009684674 0.748551852111741
0.338854452703781 0.773583170407381
0.314152727770278 0.784678824630486
0.374772071817308 0.75742969132721
0.300107782054409 0.790984595322545
0.3301916263024 0.777473209545341
0.366251605633954 0.761263459867899
0.379724266571017 0.755199527995733
0.394910704848542 0.748356173623321
0.32106119352207 0.781578114478801
0.320807604753628 0.781688717432539
0.301617558374646 0.790308574407017
0.301368402705105 0.790420914985283
0.343092262529907 0.771678964815999
0.298856991362434 0.791547531176736
0.353831516721186 0.766848624460514
0.348276979039505 0.76934683468627
0.369855283277698 0.759642691335688
0.358135365567144 0.764915463600982
0.367993973583495 0.760480069277785
0.384361420812627 0.75311453111376
0.359058904705579 0.764498784951771
0.360532890412419 0.763835430244715
0.354019984923476 0.766769314561376
0.364090004968444 0.762239156002984
0.378954300422573 0.755546870770593
0.337682625758598 0.774108234290387
0.353754591514473 0.76688344603927
0.322822301226581 0.780787281636706
0.344151447102244 0.771202474198288
0.3436132806139 0.771443874195338
0.334846041277857 0.775384018261653
0.395903102507636 0.747910661930481
0.394275662801345 0.74864451805358
0.382769449582654 0.753826888125205
0.293653214693487 0.79388451778048
0.339271425683043 0.773395502446787
0.32706001308859 0.778880556555228
0.345364620184301 0.770655538020761
0.376864055565849 0.756485911487106
0.386907951391562 0.751963786416361
0.383831143508425 0.753352562131195
0.388377348530748 0.751310464049132
0.391059092623444 0.750092912230911
0.345486357493645 0.770604638675131
0.3488010941996 0.769110225814236
0.384641471466923 0.752983449031274
0.337232152660416 0.774311612973351
0.37630878374957 0.756738014503081
0.322759517989125 0.780814493541365
0.386363587996833 0.75220637687078
0.336575410649429 0.774606287477577
0.306652571310177 0.788049818716073
0.321752428124823 0.781268282329341
0.341663583919856 0.772319787700317
0.368721786864455 0.760157764827995
0.336087239768376 0.774825088309494
0.350051500550468 0.768549548310982
0.388640784321151 0.751187660629221
0.330695172131495 0.777250637241512
0.303858634579443 0.789303367812795
0.385577313012571 0.752559889540465
0.384731839394826 0.752941941148874
0.36051635039758 0.76384684780437
0.322759176572034 0.780816612194021
0.311532308022945 0.785857401612645
0.363476578220903 0.762507980504694
0.318944120348684 0.782528904917114
0.283364156723239 0.798500148094549
0.303055532753523 0.789660612620644
0.288338449469776 0.796267131478343
0.345025960680412 0.770809145320228
0.311719827109513 0.785773206036902
0.299770664974651 0.791136077191919
0.329884442847858 0.777612445768021
0.30267900664435 0.789832145275499
0.387234668457289 0.751818406458543
0.293252423323789 0.79406134479537
0.31567733578838 0.783995647487258
0.39125058738734 0.750007633974686
0.356019170773148 0.765868415749561
0.345769016994219 0.770475213799706
0.392196524430866 0.749581950925794
0.275528438213309 0.802015849498717
0.306303419471035 0.788205241861464
0.338631211984846 0.773683270807674
0.353387483583923 0.767046546202985
0.34991634510501 0.768608284879185
0.353989442750613 0.766777249688483
0.366871692994431 0.76098867924273
0.295661992320215 0.792981475332501
0.372230112220894 0.758575031218996
0.364714892120598 0.761955155438473
0.355889566199998 0.765920372730689
0.361455873458462 0.763423360588676
0.376356268157084 0.75671284567912
0.352502005478969 0.767445687835187
0.390286614731441 0.750442914099936
0.321395816619527 0.781426400643474
0.296672383526431 0.792528380178862
0.283690081351033 0.798353844017771
0.296788161190741 0.792476858799583
0.29375296175457 0.793837504022733
0.382940037704154 0.753760848959128
0.336161310118159 0.774791942543322
0.329963548065897 0.777578906518132
0.378243939481945 0.755869367001389
0.310289653617064 0.786415253133083
0.32738071455742 0.778740103713839
0.344212633564096 0.771175110320236
0.308394712993204 0.787266898866003
0.298200342709408 0.791842710320318
0.302247809617065 0.790024636561048
0.318574094224203 0.782697512738902
0.283355108306423 0.798504205166662
0.273617374412086 0.802872736130472
0.354771907613471 0.766431656682864
0.314122109550033 0.78469668326014
0.346331004651556 0.770221518397618
0.333703091579607 0.775902341421561
0.381773545967851 0.754276546990463
0.36201644726628 0.763175360826461
0.355989449049721 0.765879199184042
0.352430296918259 0.767480971948831
0.341151158487785 0.772554925256889
0.292743049363044 0.794291015892354
0.273672591273439 0.802848188828138
0.33129427415258 0.776979158947252
0.288863722177881 0.796033040435548
0.364539511551945 0.762036865276253
0.295771736144322 0.792930380330295
0.281167351056267 0.799485784483901
0.375547111926799 0.757078515657483
0.360005928590307 0.764071022889646
0.355453938060482 0.766118774395287
0.382866298437659 0.75378204593902
0.352933966228049 0.767259405880442
0.324879243825779 0.77986459510281
0.391003055419777 0.750117440312522
0.311419893615731 0.785908474653814
0.31197394991329 0.785658224630507
0.376382999517834 0.756702660013448
0.284999844339347 0.797765893175043
0.284462076137391 0.798008995287822
0.273685696428148 0.802842302864653
0.289683004356732 0.795665023955683
0.297768765548753 0.792037149214044
0.279338579492212 0.800306061101422
0.305178913627782 0.788709091379531
0.280759850514058 0.799669476144001
0.338043124164175 0.773948668533516
0.273794731451861 0.8027933790457
0.273787258057427 0.802796853788717
0.31202966588443 0.785633211949704
0.316705572703178 0.783532045374341
0.297722732948656 0.792056784780314
0.298614911049911 0.791656981325959
0.346152140538252 0.770306185677353
0.340850554694852 0.772688887044968
0.308074672620128 0.787411947096082
0.280378363776804 0.79983953377639
0.308185536746554 0.787358648065658
0.330858399668261 0.777175011083865
0.346099383144713 0.770327307046246
0.293089912335696 0.794134913202034
0.389288659457897 0.750897900300686
0.35822181278597 0.764878075273858
0.273543350170786 0.802905923033594
0.37574679107313 0.756995610583128
0.282102786003521 0.799067197351736
0.310444430979539 0.786344634497633
0.279679982782628 0.800153227951785
0.309697023071193 0.786680657924592
0.356867211660513 0.765486818894605
0.297038115349578 0.79236195337081
0.320490421151286 0.781834111536461
0.286121380427819 0.797264260232161
0.335859205495037 0.774930139901266
0.334818221216365 0.775396503411737
0.348541380316204 0.769229836746821
0.377632127010437 0.756143588555335
0.290594597783075 0.795257813197533
0.314250845632987 0.784635771287418
0.290316449474416 0.795380590535457
0.339932081109601 0.773098885431206
0.282858049817601 0.798726787705419
0.345884243811504 0.770427622125959
0.390783155661661 0.750218583840244
0.275053648644086 0.802229314971048
0.321472229224119 0.781392427675188
0.381295983108065 0.754492824104748
0.287911013329617 0.796459596437338
0.280030617728241 0.799995262275385
0.3180681664912 0.782923290285444
0.289503544193218 0.795746456328546
0.379683323524943 0.755220320780036
0.357810624209763 0.765058886917101
0.384154521068472 0.753203137991754
0.36947080118304 0.759810953443667
0.388374295627579 0.75131121490898
0.372259270191372 0.758561752511753
0.396654154712317 0.747574999346329
0.359690802577714 0.764212353322497
0.335589611304359 0.775050583165385
0.308049623238718 0.787420556946749
0.301018771644 0.790576634577948
0.294530915168243 0.7934899630757
0.358332931794341 0.764827506450485
0.379244633620594 0.755416611544172
0.37621769627838 0.756781474832413
0.313360451530614 0.785035648680813
0.37376213182941 0.757884036916084
0.349190172964281 0.768935546698674
0.30044720529445 0.790832958851906
0.376321064062836 0.75673175826393
0.294494834928038 0.793504471674468
0.311513543896621 0.78586647294731
0.343843956635215 0.771341393155356
0.353163042615937 0.767152361997125
0.283945747905022 0.798240496573735
0.305365182619394 0.788624354787243
0.319356922347001 0.782340249946572
0.386626103559815 0.752092660949656
0.333976095920416 0.775776430499958
0.385924576246043 0.752407227201208
0.343779137798371 0.771370478892187
0.336635055308796 0.774581010247243
0.283163878083591 0.798591156224625
0.306043324185827 0.788319682527124
0.396906892043475 0.74746372643128
0.363209698078749 0.76262789705573
0.349378033757049 0.768857979168911
0.331874772415934 0.776720567298302
0.310443942804546 0.786347522419481
0.357079205436345 0.765392282406318
0.374355643828912 0.757619653639977
0.266855438154994 0.805906634404604
0.281087147909762 0.799521100621133
0.315953063522589 0.783871539345187
0.311240974179851 0.785986722904221
0.361238219857782 0.763521888001752
0.358336393553918 0.764824558523425
0.335470389941053 0.775102371988232
0.281608880528692 0.799286960648107
0.335469967007316 0.775107189783028
0.39016219488381 0.75050296558144
0.356895993355282 0.765469942970093
0.341430130949001 0.77242648084638
0.28783030159664 0.7964951070192
0.315099975738308 0.784254651439522
0.341151358463961 0.772549264992321
0.353457502157256 0.767019075491242
0.297599638858356 0.792110217809589
0.362711261761637 0.762858760177549
0.340056255010206 0.773044451820833
0.354788275577488 0.766421956181072
0.281054447801436 0.799537322610418
0.383312262566017 0.753586201690434
0.386392259955121 0.752198942700792
0.372837576611976 0.758296842795181
0.38852812155722 0.751245056536649
0.364461787402673 0.762067819002967
0.333319707869793 0.776069025271139
0.390901151348886 0.750161461396353
0.321124469010866 0.78154694815272
0.342810757765352 0.771803647388718
0.359831342058248 0.764152880287958
0.369173155068676 0.759946289935373
0.374084372385602 0.757738256890182
0.396965099617005 0.747435694546809
0.348653556236732 0.769180983425035
0.328721720748286 0.778138372676634
0.341412119444528 0.772434820102376
0.336131991014344 0.774809804076014
0.377373768627582 0.756258319842176
0.373867610402668 0.757837903967316
0.391155365688769 0.750053490724624
0.316003457159997 0.783849381687965
0.345696063913844 0.770507988757534
0.349082328069183 0.768984574003779
0.385399831335107 0.752646422950228
0.393744461418947 0.748887990104921
0.374117538389198 0.757726206160272
0.302958241102488 0.789704665884847
0.359374161530535 0.764359797165809
0.282561417344692 0.798860026274133
0.281100834162143 0.799516113554734
0.366407453602979 0.761189356894823
0.341695674372695 0.772305922891375
0.31402804978443 0.784735136263099
0.348064771715802 0.769440578364588
0.376993855888381 0.756432009578024
0.345907078711093 0.77041725853918
0.325408024335838 0.779627661431478
0.322158916401231 0.781083826514916
0.285395121759917 0.797588246147587
0.36823120172035 0.760376936047994
0.310200004935953 0.786454651698754
0.282365959163103 0.798947929698967
0.27835574556672 0.800748425668782
0.326895789343148 0.778956204677907
0.39150419700616 0.749897031592802
0.372371731576557 0.758510521029952
0.327612050213936 0.778634647546781
0.292384274470928 0.794452757398589
0.351638885095895 0.767841090560399
0.28698593561678 0.796874969972437
0.296004666420909 0.792826019379664
0.305280532359299 0.788662830039122
0.322489743919372 0.78093648524792
0.301402791927129 0.790404557989984
0.341489304282486 0.772403245522842
0.320453764051029 0.78185074735229
0.384127930523669 0.753222187731412
0.365701581447384 0.7615131156907
0.239383671143571 0.85121105034946
0.225462350352749 0.858362826491923
0.232461036131542 0.854767971178477
0.225533070644799 0.858327292803206
0.202284224843517 0.870274165089299
0.196226216597859 0.873386387136424
0.868611412896067 0.266908503757237
0.238803625660494 0.851497644196139
0.873199979677758 0.259528083695253
0.389518070809987 0.750796156510883
0.396977895758686 0.747422121340478
0.373038230945272 0.758211657010431
0.339401162786333 0.773340570424547
0.379504081453183 0.755296606811
0.344796026484122 0.770914890650701
0.366096442549539 0.761332319305593
0.39444653236179 0.748570594511779
0.298411508508365 0.79174561477618
0.369385910519474 0.759848455495575
0.361975203553483 0.763185087651164
0.389391770996957 0.750854059475084
0.335985700955355 0.774871383104709
0.358928391843305 0.764553200100986
0.378878034554399 0.755583416937456
0.338666276610715 0.773668992856639
0.328457604565241 0.778255793355414
0.307990506826658 0.787446206256391
0.381991649983846 0.754176273249891
0.379026349623799 0.755513669742519
0.308610301923262 0.787167247031599
0.2780150693759 0.800900124663509
0.305128017370186 0.788732868324331
0.318122904828717 0.782897473442133
0.360166796441566 0.764001627372183
0.339473449623621 0.773308787501115
0.315823426820083 0.783931640653228
0.357834563435987 0.76504966213659
0.367945065353373 0.76050219037734
0.359155005601103 0.764455041938717
0.374276285537061 0.757658158487636
0.334302154827722 0.775628795689362
0.362105505578399 0.76312890073077
0.390411015600663 0.750386697999825
0.375923883623429 0.756911762147888
0.376724192882832 0.756549109444917
0.386214784952552 0.752275659687449
0.31576916203169 0.78395251756219
0.379782295235541 0.755170785587895
0.392989367953215 0.749221632702925
0.36437619214399 0.762106715154082
0.340370497611573 0.772902362857173
0.310412422219014 0.786358029725863
0.373438840665544 0.758031933031311
0.314827077046235 0.784375621768141
0.326601292748953 0.779086165859433
0.380721394964438 0.754747385189169
0.340343753547091 0.772916523552404
0.357706101729076 0.765104219989555
0.313329757014512 0.785047061364856
0.35564561331659 0.766030298972138
0.323874988710025 0.780312678901893
0.299244426001966 0.791372944079028
0.36669593819967 0.761064445774978
0.305023791374755 0.788780169565037
0.354772156772426 0.76642922223673
0.379552522511306 0.755280226135602
0.376951253925321 0.756453190278209
0.308181990950068 0.787362711488757
0.376372228610715 0.756710231724892
0.351987896082541 0.767678686267962
0.347932653419288 0.769506530867234
0.360833107832308 0.763700650751444
0.334385431592503 0.775590610950935
0.395468589982759 0.748111562593041
0.324149510858476 0.780189804097444
0.373397638740579 0.758046662875159
0.304148236955461 0.789170303970253
0.367458607718571 0.76072153779096
0.312778684947154 0.785299397974382
0.338902493706557 0.773562450415821
0.333412316105545 0.776031320710503
0.304059414025959 0.789211050660664
0.344742480096343 0.770940442247189
0.315139671395916 0.784235655037342
0.351945378806584 0.767702386015099
0.344719302578701 0.770947375089143
0.354156244247343 0.766705836432241
0.324762375928257 0.779916588186242
0.392405997236516 0.749489093871318
0.322813370712217 0.780791826454567
0.292866628185168 0.794235554955064
0.310110463401012 0.786494108638242
0.361519997108025 0.763394114880046
0.358080447250979 0.764938188365999
0.373347826644188 0.758068202516665
0.393671294739328 0.748916976839085
0.346398595241985 0.770195154664609
0.367767086793698 0.760582199899143
0.355871364197241 0.76593392859393
0.379124115579003 0.755467858201439
0.385611098038359 0.752548162547191
0.299479626058328 0.79126705913887
0.382910260019201 0.753767567833932
0.368302399867554 0.760340865868727
0.350065704793222 0.768545120559837
0.359450613748183 0.764322311919021
0.35272242772011 0.767346296984379
0.335449748028427 0.775115556427772
0.377737275288944 0.756095764069308
0.352344237202362 0.767517333064945
0.351330033490469 0.767975836209193
0.387040816010938 0.751901956276223
0.30039035013837 0.790858577141716
0.322378936054546 0.780986435701531
0.379683956620991 0.755217621595686
0.349331717573635 0.76887450997163
0.392676349194852 0.749363186389515
0.374123837187299 0.75772386937596
0.363085569745443 0.762687578273141
0.340386408324797 0.772894446644209
0.379817075933285 0.755163925160768
0.368479321263329 0.760260727197547
0.359373487864307 0.76436203919768
0.362443474842337 0.762975343151519
0.360486694474414 0.763856902688486
0.3478141272215 0.769554692824398
0.377625000810139 0.756146828777928
0.343272654743789 0.771598632515105
0.391233234910759 0.750017618861669
0.37178152655162 0.758776022414005
0.360768480795973 0.763731627595991
0.380222038684158 0.754976385477483
0.348527082314705 0.769237055248929
0.372708583964935 0.758362500160416
0.376448133770186 0.756676795488544
0.390775686763356 0.750222636617145
0.349898598333256 0.768615928931862
0.357526041765423 0.765189440582237
0.37083726646587 0.759204410873166
0.390043492295441 0.750556155025855
0.348113225007211 0.769418445418145
0.360861410549306 0.76369127543322
0.37220041863206 0.758588435335952
0.364104463626062 0.762230031195694
0.338413236619105 0.773781901905476
0.299714296276596 0.79116274712487
0.310764051726128 0.786202447060058
0.34601744635675 0.770368591464393
0.363581053692021 0.762464770001254
0.387988891459081 0.75147479665798
0.368951574783383 0.760043700338813
0.378841580449785 0.755596018193156
0.368026977703987 0.760465546265824
0.390885443466789 0.750173835646644
0.384909279798725 0.752867075881247
0.394550562347732 0.748525277449378
0.359436244549849 0.764328078041727
0.393269060222669 0.749099121104669
0.384192497786488 0.753188258245869
0.371960461207799 0.758697194514129
0.391532405620292 0.749881283057568
0.376153026574277 0.756806172147981
0.377827166318966 0.75605446890082
0.375521997652976 0.75709477689126
0.387020254822702 0.751911552837042
0.342949828465841 0.771741799294351
0.335141019907726 0.775252919099983
0.366600718163361 0.761103547766634
0.38042316333695 0.754881563145571
0.341720361339407 0.772294501128336
0.35247504045269 0.767457785179965
0.389970640505239 0.750582666734228
0.359143922714691 0.764460383825726
0.383259985204373 0.75360597618141
0.313667343484586 0.784898863445984
0.301227848640915 0.790484164402843
0.339538802545526 0.773276887870029
0.37541387845656 0.757140487405651
0.386675041474776 0.75206743854713
0.280659995802634 0.799714534695384
0.369354891519654 0.759867750350756
0.309757524715973 0.78665286508534
0.371599077265681 0.758855675856325
0.35703800273966 0.765404066356075
0.37317803549276 0.758150515826725
0.289867627630249 0.795582586880941
0.290436985773539 0.795326031228272
0.308909298876258 0.787035408249039
0.352561747651686 0.767421600824432
0.287006520583145 0.796868284124397
0.291589603943249 0.794809571551922
0.389609342560661 0.75074970029181
0.338481325187918 0.773750711678079
0.324636541431323 0.779970026089585
0.337447768052451 0.774215105491237
0.307368809881592 0.787724942615597
0.281804298574763 0.799200581096612
0.325815804089351 0.779440638028618
0.353085697315889 0.767188227283811
0.286876277238361 0.796925059288441
0.386576316591943 0.75212061260294
0.321927722634308 0.781188953596603
0.356527470406588 0.765638978784976
0.311785016721757 0.785742426686865
0.284942549594469 0.797792381215586
0.390766480294295 0.750226246857271
0.290257104576731 0.795407108755526
0.309284750386029 0.786866801843853
0.285739038692429 0.7974355149921
0.342684924208084 0.771863166060274
0.360059195777266 0.76404598416335
0.290547892111496 0.795277465508609
0.357352812301837 0.765274287737739
0.31510000348939 0.784254139101041
0.342210091051148 0.772078698444841
0.300780803279366 0.790684783762294
0.384098419739178 0.753230577521511
0.287121706293562 0.79681484922414
0.39312228453509 0.749163262757819
0.303966993673056 0.789254167714699
0.391084345674888 0.750085802107715
0.296149046208088 0.792761966417695
0.292618583071417 0.794346681144305
0.354260092761787 0.766655309581241
0.396862705148477 0.747485532543914
0.358743605882946 0.764646433843912
0.355738408014847 0.765989500976906
0.323701496934281 0.780391669198909
0.392625762503007 0.749385829430293
0.34527431352171 0.770697836622668
0.320521245190859 0.781817581131057
0.393077231985018 0.749183888117909
0.392555874108369 0.749415052112127
0.325281612377487 0.779679136000743
0.324782753770319 0.779902505804708
0.338000364227444 0.773965095875382
0.395341620260719 0.748162602880369
0.343935098007789 0.771303859213893
0.321423312917239 0.781412465879811
0.395287504409991 0.748187069134904
0.330871522191771 0.777171228076336
0.374182710178212 0.757691844555425
0.32994153624168 0.777585740550282
0.39477003130386 0.748418877811579
0.315158305804983 0.784227187143725
0.327615854246875 0.778632051879756
0.372161294987188 0.758605844277502
0.391810159214392 0.749758466134261
0.338529104923422 0.773733387405469
0.341166827932581 0.772543362756989
0.285140110034768 0.797702602950004
0.352087504546811 0.767635321597202
0.349418733716665 0.768834200120718
0.357309221601618 0.765286846811929
0.362831486997149 0.762807994250657
0.370866127763701 0.759187518698606
0.332075871013949 0.776631409314232
0.318135707354492 0.78289296961515
0.322631335371247 0.780869775831766
0.358503991735594 0.764754653010558
0.309444500084973 0.786793294646701
0.328540151997419 0.778218944424069
0.380911517321223 0.754664105943699
0.330605576864257 0.777289557729918
0.391732313809252 0.749797453945597
0.391459153639149 0.749916147363126
0.376333903078526 0.756729709842415
0.292058616710201 0.794598200728337
0.38838628911114 0.751295728162065
0.374006852654084 0.757775619277778
0.369985566346646 0.759587301706287
0.288512471740396 0.79618960261541
0.36752522121201 0.760691431743072
0.278846875836171 0.800527715008195
0.272461283489886 0.803392949113485
0.312684199355781 0.785340406623155
0.293210662199693 0.794082030735392
0.368590433266569 0.76020970459948
0.337087415735972 0.774380140374808
0.393515303411908 0.748989616856292
0.354446226174044 0.766577164314375
0.391484551342452 0.74990151170422
0.382667110390419 0.753879014287959
0.381930825114485 0.754208544926996
0.361211899061638 0.763533119870062
0.364458799558064 0.76207271861698
0.335625983842732 0.775034698927682
0.361387650571261 0.763451882542474
0.389837115758581 0.750645201003579
0.393434376217585 0.749022021146532
0.393479625908481 0.749009213203009
0.364386994715877 0.762104833924116
0.385841248759746 0.752444888737297
0.392875581251769 0.749278219831959
0.388880846488842 0.751078422287095
0.365200408755471 0.761738124024102
0.375010661856644 0.757320124202993
0.341283404371077 0.772489401877105
0.375980624978196 0.756888269967606
0.346402455958634 0.770191017682599
0.35511508965476 0.766274216591875
0.373185144176109 0.758145044039876
0.381464607197923 0.754412968580392
0.328013977638928 0.77845298997994
0.346039405721931 0.770351809486022
0.390215109987077 0.750473973940061
0.32964760218816 0.777720374102442
0.38069407882231 0.754764472437839
0.324076554366721 0.780224313837221
0.389292864342918 0.750887964232416
0.305576387172402 0.788531779254348
0.375730057053074 0.756998396141955
0.375845621702263 0.756946235716443
0.287563412580439 0.796616816058686
0.340851842818595 0.772687781133327
0.393884141888889 0.748822525506863
0.392901197178479 0.749263047520015
0.315067349791926 0.784269774383676
0.353561787305774 0.766969668135673
0.283164563398973 0.798590536764441
0.371566504141295 0.758878373403086
0.334661662060158 0.775468204654601
0.345852289686846 0.770438707170082
0.31251578022217 0.785415182871027
0.309605575219469 0.786723965078632
0.346037964643731 0.770354706476064
0.311815874907191 0.785731028335688
0.36803996999865 0.760458313035536
0.36031996698727 0.763929623200581
0.34767442264705 0.769618248380796
0.375198533862712 0.757241870844748
0.366654085831527 0.761083642065074
0.393603766983334 0.748945940102044
0.290790788216451 0.795168546611169
0.323494628162243 0.780487281382586
0.37816059198349 0.755901511550937
0.299928024257064 0.79106479482481
0.388649688196438 0.751180024198452
0.31532625414152 0.784151592471721
0.38678875408772 0.752017506521187
0.315634451109126 0.784013170087942
0.342828552655017 0.771795313266944
0.35296980214647 0.767238396612105
0.346000719150423 0.770373373064831
0.381250189437333 0.754513062246589
0.304056098318422 0.789213068185192
0.344214164060174 0.771174882678254
0.324679662336224 0.779952814426319
0.390569727066021 0.750314843731901
0.389809074117549 0.750663042589049
0.351539490054037 0.767876522610924
0.352893858211676 0.767267279650209
0.316732884654514 0.783521115005963
0.267717696869544 0.805520386330284
0.335634884629198 0.775031186491646
0.277323734264529 0.801210388192072
0.385616497046547 0.752546728532849
0.38616169202025 0.75230264671591
0.297026939487725 0.792369189628497
0.295855923740845 0.792894624561985
0.344356093445358 0.77111168980217
0.279046419678603 0.800437370219877
0.353141830746168 0.767159907487155
0.337922698300704 0.774004451326939
0.279749782916604 0.800121799975441
0.363774051432967 0.762381033184353
0.367439036531666 0.760732624601869
0.302720578595918 0.789814129607749
0.283426078904704 0.798472529597146
0.338914398029339 0.773557238903673
0.346502525836548 0.770148141940231
0.291409122192762 0.794891754867732
0.284714398510185 0.797895141933512
0.33062871971784 0.777281608148264
0.28210971804681 0.799062889358272
0.336060519479911 0.774844517000708
0.35154336577723 0.767874831975683
0.351604256403276 0.76784719842143
0.289273964633011 0.795849417758712
0.291774310073244 0.794726741879211
0.373765783785087 0.757883187401914
0.374832212993241 0.757399832333519
0.379107446776252 0.755478329018977
0.344299371950791 0.771138073815382
0.346999258504862 0.769924313353502
0.283573859965837 0.798406125269397
0.366188004100582 0.761296809933226
0.370886242380102 0.759181655208825
0.27622582462484 0.801702540851312
0.280968674914959 0.7995746853283
0.308053941816421 0.787417929310296
0.283383152003535 0.798492425717842
0.301551057912137 0.790338589048897
0.366198835695919 0.761288681106598
0.306409746319133 0.788157747808055
0.312395403722069 0.785470335852302
0.296813097732634 0.79246521935197
0.296879722973418 0.792434680792694
0.30749077579187 0.787671359993429
0.344715165797958 0.770948975375406
0.28579332252074 0.797410971224615
0.319434274396812 0.782306528233584
0.341817352424378 0.772252836096468
0.288724993739833 0.796093617830126
0.319056001783473 0.782476412874704
0.273474804863474 0.802937740959292
0.306084774743713 0.788302960305677
0.31844308049078 0.782754329645484
0.369632036497858 0.759746855753426
0.261682662672346 0.808227069175415
0.286664126498294 0.797019937248283
0.361359241299407 0.763464658582742
0.270087219089424 0.804457499073573
0.276392110088067 0.801628111945896
0.277739496417536 0.801023687945932
0.279867814601612 0.800069413685826
0.326403193214082 0.779178147388493
0.330683565676238 0.777258143890176
0.290546461712848 0.795277985409007
0.284654583635389 0.797921052748623
0.312103377523541 0.785601373597538
0.330452492708783 0.777359276079893
0.364499652213313 0.762055943148824
0.365529480637473 0.761592768608983
0.340999727614802 0.772616456437708
0.867499417025647 0.268692817544164
0.32602296129784 0.779348743233132
0.349856075216653 0.768641694110501
0.309327733210128 0.786847685769288
0.38734188575628 0.751770961125682
0.337727867356869 0.774089986723985
0.362110868896872 0.76312762835918
0.372221000997753 0.758578790166857
0.3687776875033 0.760130725170933
0.359242560021989 0.764419108479437
0.351708478923658 0.767810612009037
0.39293014413424 0.749257385759156
0.303714907222443 0.789365243568542
0.320495251445525 0.781829106190853
0.37481409017799 0.757413364082524
0.350995491022502 0.768123382821965
0.318783754378664 0.782597584841518
0.340634585758571 0.772779699334476
0.35367847303613 0.766923231736551
0.396189539807454 0.747782713182613
0.31159085395574 0.78583180842134
0.351688710339623 0.767820055129262
0.387485331136304 0.75170575160745
0.346624388870304 0.7700912972866
0.359171583243157 0.764450411560643
0.313676003998887 0.784891720490507
0.36778894180478 0.76057581160305
0.291035567228911 0.795058384014967
0.317528775769096 0.783163279381931
0.324317108041382 0.780115877271779
0.356028193976655 0.765867589911701
0.310767828960974 0.786202304985732
0.393853335486575 0.748841334961204
0.339928648647895 0.773103211409331
0.347915139545254 0.769511007762525
0.346826130645507 0.769996716956583
0.287429433285724 0.796676542046365
0.326939788852507 0.778936125207418
0.284939894710633 0.797792675720928
0.353771242993112 0.766881700165299
0.345493996882003 0.770598900524907
0.392671993832843 0.749368911937041
0.350745147055846 0.768240667231261
0.303588694619332 0.789423373381866
0.303489256994707 0.789468474906427
0.307402256781689 0.787710399655441
0.32301458931344 0.780703353821032
0.337407785102444 0.774232026689097
0.321688134205034 0.781296929314621
0.327441936316815 0.778708100806875
0.377788606643134 0.756069231944196
0.323988661802587 0.780263399794622
0.302288989895992 0.7900057453881
0.286533038677335 0.797077762038691
0.312033660375829 0.785632352601468
0.309876620303932 0.786599366897578
0.378755960298419 0.755635812798786
0.366222473776232 0.761278455297013
0.348811653374143 0.769107179559438
0.349978612519564 0.76858161296925
0.326730130326017 0.779028622515825
0.317524903760727 0.783166371971976
0.360173248472308 0.764001291855755
0.370399532784276 0.759398052234424
0.396356403151173 0.747713676720801
0.314318012164841 0.784603976183242
0.36647311818623 0.761167258852516
0.313142204125879 0.785136322285379
0.313481692104292 0.784981953850392
0.320672599357671 0.78175182201678
0.331912657808126 0.776701588152332
0.298726680739036 0.791605788754473
0.341415851944476 0.772433668114448
0.279443302808242 0.800259852048671
0.313548329740176 0.784949205561461
0.330497741458097 0.777340467418515
0.360591820191771 0.763808861867324
0.348664406232997 0.769174548423924
0.281071371952264 0.799528556431063
0.359558300746001 0.764278976332405
0.276283645866744 0.801678048755864
0.325047519756117 0.779785822502673
0.347941340452629 0.769502801474719
0.368618242270818 0.760200392344509
0.274387835077604 0.802527206889953
0.332849920734226 0.776281648415474
0.30087981026049 0.790639773068907
0.299992895801118 0.791037085919063
0.33826718020204 0.773844285716413
0.366262975411752 0.761256662450394
0.332400223279933 0.776481429827531
0.299138137003444 0.791421017518804
0.33341530603859 0.776026942421511
0.336893807072098 0.77446348879817
0.389456630318027 0.750820088326029
0.384569103204857 0.753021878514784
0.340768824511047 0.772725218280513
0.332392528571572 0.776487601348282
0.384674786443308 0.752970030397501
0.335873471641209 0.774921513924836
0.355380792409027 0.766152939790183
0.299879137306816 0.791088138888288
0.348468089453265 0.769261937891521
0.29969898912844 0.791169261145572
0.346689247401148 0.770066292810075
0.331618847511971 0.776835599394316
0.337119111295699 0.774362169386334
0.353218496684626 0.767126616196772
0.348095698807356 0.769427763540226
0.335666021670929 0.77501467149769
0.34335846838605 0.771558727877401
0.3421684339962 0.772091606385692
0.28367151849344 0.798362952847505
0.316892321859906 0.783448502350036
0.364833307316823 0.761904547736292
0.369756344197226 0.759688666949808
0.313767151559086 0.7848513339717
0.387019005966079 0.751919517618989
0.357429595117586 0.76523096189503
0.315549479736262 0.784051274661033
0.369821011238878 0.759662785877383
0.316331530406306 0.783702727920875
0.28280159552336 0.798753121952308
0.371182946990105 0.759049571705524
0.377307043368344 0.756284620932516
0.321888659417364 0.781204680190952
0.383327689393035 0.753577792632375
0.336071784312666 0.774832840758418
0.307703327582192 0.787575859586672
0.316041830712971 0.783830039067197
0.38479903922021 0.752915353279163
0.381187536425744 0.754545302531961
0.310925822458036 0.786127969066225
0.277372184126802 0.801188942824407
0.385338065857282 0.752670039009016
0.294715268301355 0.793407366247947
0.342256020544796 0.772055622175608
0.370332805687201 0.759430578741563
0.377828547548286 0.756051021941791
0.291843908104925 0.794695905656895
0.377893699548152 0.756025602714317
0.313853442324836 0.784813387398331
0.338696842291254 0.773654806659003
0.359537325791713 0.764287856826076
0.383676673284122 0.75341961509676
0.341554353638086 0.772367045086585
0.394897525199174 0.748366056676957
0.303474174550269 0.789475128740751
0.347927336714532 0.769507176013296
0.28476859143452 0.797870862510002
0.393112456103596 0.749170986637887
0.333784845906916 0.775861897284039
0.324059979451532 0.78023084656492
0.34196591375356 0.772187806802877
0.394313800096624 0.748626243090961
0.363024290739427 0.762717833477261
0.360718002748539 0.763749440943928
0.348026337623088 0.769461910761521
0.359592582191613 0.764259742854351
0.348695366863539 0.769159648861416
0.347545562258937 0.769677714970351
0.358426412219026 0.764783336301055
0.36405880537107 0.762246028017727
0.867987721904801 0.267906572165406
0.345237709916716 0.770717048671358
0.328777109221384 0.778111980501203
0.374726931569096 0.75745074478405
0.376945004706558 0.756454845093305
0.37093110966377 0.759158940450336
0.393960355276843 0.748791068864749
0.366320099050009 0.761230467843209
0.37819875379538 0.755889977462661
0.37823601024747 0.755872406528422
0.373919198345868 0.757810603859151
0.313144005991745 0.785134607005081
0.309333319524099 0.786843664504351
0.385784286524129 0.752471782282556
0.391548998485874 0.749874781633047
0.357263505277729 0.765309336927784
0.34545160658038 0.770618145515017
0.368029401851903 0.76046307899197
0.328370694481676 0.778292274595777
0.378000281135767 0.755979594530623
0.345658360170591 0.77052498627317
0.365568205202592 0.761572354411864
0.37326744315749 0.758107310648938
0.312127547403647 0.785589789600372
0.338535466316921 0.77372852769257
0.380437335433821 0.754881192349052
0.389750011447524 0.750692443462178
0.335153645368244 0.775248165111127
0.303723252501423 0.789362088893525
0.332138677510195 0.776603854383661
0.313468512404146 0.78498579734479
0.395862052033619 0.747938241775491
0.388344985320808 0.751317469836173
0.351354231730363 0.76796730166439
0.333379100458978 0.776044917867801
0.396646566669992 0.747576205685343
0.359927721883796 0.764110455954289
0.329714484749572 0.777691557383302
0.318615400640552 0.782675865837846
0.307742841861132 0.787558854556702
0.315446957207943 0.784100112237758
0.385600538163335 0.75254845412711
0.360344671831231 0.763922793375169
0.378394748724366 0.755798757574136
0.368255351567421 0.760367786896348
0.383840771143061 0.753345239624585
0.304892512174114 0.788837515212371
0.309052107471924 0.786970652483928
0.338209372643669 0.773871370742015
0.349789648458798 0.768667070605091
0.331716611780094 0.776791014228898
0.279490263266323 0.80023811202443
0.389625815593325 0.750735087634215
0.348168172257389 0.769397295676675
0.382478851698356 0.753963623395952
0.339155119792376 0.773451228195768
0.287948782635795 0.796443174008098
0.37775898536208 0.756090234028745
0.372280914524591 0.75854599767097
0.38757045135568 0.751669148374164
0.330582525923806 0.777300039033404
0.29216788369192 0.794549328940849
0.33991216746917 0.773107648312869
0.315746984095372 0.783962904065978
0.355442109923229 0.766128025433468
0.278587231089233 0.800643275945604
0.371749453185941 0.758788795669925
0.291527275170278 0.794836967748591
0.312629252324341 0.785362798302307
0.34564010637616 0.770536359472619
0.385154966268331 0.752757124708354
0.354663086931017 0.766477389582816
0.323638117254089 0.780418664758634
0.341863194262012 0.772230212228064
0.330244097418632 0.777450692636385
0.388576060408344 0.751211632656782
0.395837750794989 0.747948019502002
0.28190232966737 0.799156563093484
0.358309549909099 0.764840506285001
0.362843937114744 0.762792042429938
0.377158699248213 0.756363324716528
0.341213661240609 0.77252525570149
0.30696647609138 0.787906975517992
0.287068034787571 0.796838517432405
0.364021010644992 0.762267518302666
0.288127810577881 0.796363117746294
0.38022909914696 0.754971525606858
0.366185806837333 0.761298820040661
0.329641311575516 0.777726477290197
0.315222351349025 0.784200928780862
0.290253330893787 0.795409346877715
0.3154273225403 0.784107359395243
0.368695585711063 0.760161138729997
0.286290520916558 0.797187528891786
0.331081693084507 0.777078698161922
0.394589908104343 0.748501939604971
0.354969048040067 0.766342098734939
0.371007565809295 0.759126492839879
0.303747647558738 0.78935226960219
0.270114579295082 0.804445088849777
0.364955216910136 0.761846881035442
0.281045638810365 0.799540494898205
0.306544695194048 0.788097389532525
0.331437365795731 0.776917553263689
0.275217364829264 0.802156522440202
0.319243054225991 0.782394821871062
0.302572531810531 0.789880143146353
0.39392177278358 0.748802966657316
0.281490602690252 0.799342028254742
0.364758645327243 0.761935362609342
0.313385401000076 0.785025662655957
0.370482544883937 0.759362055418924
0.316415103824467 0.783662329148398
0.265657877347215 0.806443918806479
0.320340817723643 0.781903559119435
0.303760067292 0.789346501981206
0.365261132526608 0.761709258560817
0.291691972606788 0.794762953135861
0.295024139990062 0.793266845723046
0.390618264103325 0.750289269386169
0.326780572996082 0.779009981259548
0.295953305742605 0.792850395425666
0.30276173305277 0.789792434270487
0.288539847291535 0.796177927527841
0.336221725022191 0.774768022770808
0.306399895851816 0.788160101320878
0.336583486478925 0.774601614864432
0.322295189334433 0.781022818468028
0.268143360464 0.80532909691018
0.281827254053167 0.799190280056576
0.372557347388353 0.758421845559676
0.325431295897809 0.779614732383866
0.375067336819197 0.757291163055033
0.328887920753404 0.77806300232826
0.326306070068141 0.77922429427286
0.369898366567355 0.75961956305289
0.364559592442734 0.762025547854702
0.301132294053834 0.7905249636717
0.28165691324235 0.799266124348567
0.29393137571083 0.793758978121775
0.387444376840465 0.75172167258404
0.315145234770121 0.784233036622743
0.320231334212516 0.781950537132771
0.311519322820871 0.785861904485226
0.297900733646166 0.791976621794792
0.376682865666785 0.756569984109836
0.30111884991204 0.790530998399114
0.38252288056061 0.753937719467034
0.390540200441936 0.750330985284488
0.389344406006883 0.750864303062096
0.376036975615526 0.756858283861938
0.357465104440668 0.765217727792454
0.386347218193067 0.752214328795923
0.331874747077893 0.776720827051096
0.334792751196472 0.775406247490758
0.359351459972315 0.764364911182039
0.381763694618498 0.754279771645811
0.371168246940536 0.75905191004366
0.356336259363935 0.765727760072213
0.373908147645077 0.757818164905691
0.372017817414908 0.758673930110844
0.276451720817411 0.801602188202482
0.282734512382664 0.798783710208837
0.295240720452943 0.793170067569235
0.390061760752886 0.750545029908783
0.324340134428461 0.780102997713362
0.367668066049658 0.760627210599708
0.363150430895585 0.762654918712413
0.379034697760674 0.755509884444831
0.365631070723953 0.761538845850994
0.273957001144374 0.802720948326939
0.30504288889766 0.788773371399226
0.339579703670505 0.773256094998829
0.361635688477478 0.763339069627049
0.282754326669561 0.798773185388193
0.278231489182312 0.800804001263922
0.363821956081633 0.762359360210049
0.33203997103166 0.776645653095657
0.287434784207056 0.796674308668363
0.270503782080604 0.804270000864257
0.272275704668765 0.803475637746536
0.310702567871421 0.786228585146846
0.273064576067014 0.803121088268651
0.306646787623187 0.788052906106198
0.288969583305617 0.795985211244209
0.291340966112811 0.794921839589059
0.278231489182312 0.800804001263922
0.2876912481703 0.796558621697126
0.300001408192233 0.791033023729782
0.272302715688842 0.80346352041791
0.269863395198414 0.804557224946011
0.39344865730915 0.749019181702314
0.275630455931526 0.801970323971828
0.276540753245613 0.801561590573784
0.277958868517007 0.800925221520825
0.308971743087744 0.78700808945897
0.310331086597742 0.786394608008934
0.278607498330476 0.800635234493627
0.348176160961575 0.769396965389247
0.273469392945844 0.802940323846975
0.276141154990859 0.801741546804288
0.283170469562546 0.798586490629097
0.315662354474562 0.784002639615369
0.282903069883648 0.798706794011526
0.309968398923829 0.786559668617819
0.322797062219137 0.780797172296692
0.282175074806988 0.799033145770739
0.311358965218106 0.785933241851577
0.285774069876933 0.797419177693732
0.339556233923709 0.77326927711027
0.273330130909183 0.803002777867931
0.320907730242066 0.781647167190119
0.396450556864154 0.747672731597549
0.280305594319578 0.7998731926314
0.283999237159783 0.798215229733007
0.2706337862763 0.804211662949531
0.290091750332576 0.79548130023244
0.285374821481947 0.797597982421655
0.285935427358208 0.797346507413383
0.285974746770943 0.797327868407014
0.267666686151191 0.805542736546487
0.394480766908685 0.748554714714389
0.331883540256642 0.77671656638064
0.396927025229694 0.74745124218036
0.308567992678677 0.787186213350235
0.322699788933799 0.780843530964162
0.28231227390188 0.798971693434047
0.376909100701304 0.756471114548188
0.377422919954086 0.756239972039925
0.371035454565964 0.759111051038124
0.39019199684753 0.750484885609924
0.375794050719503 0.756971488914415
0.325546959558422 0.779560681570061
0.384347590723637 0.753121904598366
0.335700517323081 0.774998553836834
0.395232756651783 0.748211410145638
0.289174679304604 0.7958945888179
0.30812373019408 0.787385986091197
0.373208631640427 0.758135529207147
0.283041531808274 0.798644257106399
0.329287390325872 0.777879241681773
0.31147865318649 0.785879980044881
0.282822595318194 0.798742490408156
0.341181014908671 0.772537845278665
0.290155841793595 0.795453219299764
0.341239361199931 0.772510622325532
0.330836434540335 0.777187835422354
0.377499186322378 0.756200793370914
0.293436831375863 0.793978807361191
0.302069056454929 0.79010446592448
0.340230117394467 0.772967188590002
0.331237111653574 0.777007468986963
0.361124107577557 0.763571502669155
0.322288860759421 0.781026542040408
0.385862482117936 0.752433647719487
0.364843955803591 0.761892861151265
0.293456254445288 0.793970532213132
0.32355445313777 0.780456139400329
0.290855361862591 0.795139160461401
0.295472346479599 0.793067460997253
0.314440537964254 0.784551928155012
0.318628549677197 0.782669737616842
0.306933232337585 0.787921344677858
0.287334200806935 0.796718911822108
0.315391784514636 0.784124541036944
0.309676829410747 0.786691578205896
0.367271544710352 0.760804136714808
0.340705127762201 0.772751631558923
0.284911563150085 0.797805694083349
0.332022003764045 0.776657688782502
0.369967909187755 0.759590483755359
0.296413421593223 0.792642334028759
0.292604328035887 0.794352699310839
0.301161484209791 0.790512785730111
0.282883373200314 0.798715778897028
0.281366835568731 0.799396298876245
0.307976067525492 0.787453085037626
0.338810455358146 0.773600336227055
0.358288341481813 0.764849266755009
0.276023237717719 0.801793696054745
0.282777980391567 0.798764446302877
0.350013748913893 0.768570797167432
0.286770167349729 0.796972186569383
0.361211913034879 0.763529977679291
0.323477271160342 0.780492112259791
0.334541609783426 0.775525544185909
0.274773056819353 0.802354535536141
0.350012140722256 0.768571235103014
0.385047224717368 0.752798836461243
0.307383143766515 0.787719515668188
0.342857885160821 0.771782185675269
0.32595897839032 0.779377950248539
0.350565922304405 0.768318348166511
0.28798291902684 0.7964269118435
0.290713330211486 0.79520222989119
0.274472963508291 0.802489269456689
0.327845714196135 0.778528991315817
0.338869411405134 0.773573292360719
0.376692937818873 0.75656970062087
0.317800827644694 0.783040413630011
0.325473814048928 0.779595937987132
0.274143741180983 0.802637820397481
0.352853735347937 0.767291017282486
0.303579474597084 0.789427834032028
0.316088255118299 0.783808261833559
0.37484881959905 0.7573966711648
0.394565313580773 0.748519193723672
0.345469050430043 0.77061049357644
0.330043820871818 0.777543431874228
0.346118780967298 0.770317722696391
0.348472901852115 0.769261134180762
0.329607891126448 0.7777375695682
0.373965277438112 0.75779230064869
0.396149343556182 0.747803244641384
0.334913142020824 0.775354002339684
0.346595921473832 0.770103292714584
0.311283702521057 0.785969834810003
0.356207775099616 0.765783543713968
0.340568543228514 0.772812880750615
0.354884061149929 0.766377907417123
0.346409760357095 0.770187137164862
0.362895815090966 0.762772616322435
0.330353148224566 0.777406093468316
0.356785153528894 0.765526553653238
0.360891998535601 0.763675609444627
0.351292340691302 0.767989762247968
0.311072290823914 0.786064084532615
0.382296330875561 0.754043108415105
0.361851078333564 0.763243248313119
0.312427388536598 0.785457103909634
0.357088236756912 0.765387611031065
0.303955363662065 0.789257500341984
0.376682631495437 0.756575828159937
0.333079845335021 0.776179083812455
0.366030080363835 0.76136461622411
0.362328193487318 0.763027519249457
0.365355144304057 0.761670299420259
0.327684631579341 0.77860494584113
0.34467275046459 0.770965717715477
0.378873927032082 0.755588067100801
0.343006789028274 0.771715889310012
0.376071172150867 0.756842735937028
0.309597557626778 0.786724438586494
0.34580581909404 0.770463144569497
0.316331112299566 0.783704229552698
0.35449331274385 0.766554217049771
0.334337388517912 0.775614698804742
0.31839608562786 0.782775297052599
0.373044132829675 0.758211457074346
0.376128515178939 0.756826024383835
0.383331231081848 0.753574710326006
0.309105381018679 0.786947884451038
0.386806006513999 0.752014709804174
0.30081052152713 0.790669191213042
0.290409865342837 0.795339764843601
0.335463180252548 0.775109165980373
0.379369689720263 0.755357778512974
0.392983164877908 0.749230673025637
0.370336907488452 0.759428473898719
0.340560146322274 0.772817034490517
0.328887073492273 0.778063501924237
0.331358696040532 0.776952199371209
0.383073441307038 0.753692352840235
0.369300338718333 0.759896451395251
0.278455340224491 0.80070300083813
0.344130612779239 0.771212568629917
0.309617876304731 0.786714939395756
0.338756721929738 0.773629005038804
0.333414080025742 0.776029278658513
0.357162753784318 0.765348917613941
0.326298614457778 0.779225602448816
0.395581966242496 0.748057312052791
0.386905050935601 0.751969461934774
0.329253730898627 0.777896900514428
0.377916349250558 0.756009698515707
0.350691995209433 0.768261018711229
0.332989500246655 0.776218293536923
0.374499728769893 0.757547788040113
0.278233461356692 0.800802538418742
0.396099435779973 0.747823551512288
0.370014580242711 0.75956550561298
0.385578698990544 0.752557626964412
0.31679880624972 0.783489073635511
0.338295268594858 0.773833662665284
0.375591282601302 0.757056916922456
0.376477800934694 0.756657920119122
0.344629368335173 0.770985999095197
0.342926485310496 0.771754592514564
0.296585879318979 0.792566960809971
0.340159138419713 0.772999308521903
0.347281562861381 0.769794902526628
0.344550614671771 0.771022938998294
0.343751310910163 0.771380917195873
0.310823164270337 0.786175344166739
0.327513991220723 0.77867925599749
0.35009937500049 0.768531868193131
0.337459465655588 0.774207824686643
0.37151715203174 0.758892513420317
0.371568613911633 0.75887658379681
0.358477815624256 0.76476497308289
0.311367973228283 0.785929465073286
0.358624371810107 0.764695399949834
0.274579524720452 0.802442168590145
0.325018220831775 0.779799739536607
0.355062014292203 0.766294172420224
0.375429209902114 0.757136775335703
0.326194150982973 0.779272786966786
0.302015002917805 0.790128870139055
0.339910393826214 0.773112327438926
0.273055977854455 0.803125766534174
0.294166941566189 0.79365387003463
0.365826190826621 0.76145876641248
0.300966766108957 0.790601160273045
0.315889136933662 0.783900994475531
0.307029921209876 0.787877376409822
0.278385293103172 0.800734430382991
0.319900229331542 0.78209767335216
0.314104509203535 0.784701362383524
0.333758599481501 0.775873544825743
0.395754233248357 0.747986775171702
0.385314882090832 0.752689312581608
0.269856223418072 0.804561409191301
0.342363813438678 0.772003346738551
0.272386086163745 0.803426291695693
0.396665638660967 0.747573909862879
0.394634881128579 0.748489905609297
0.264615576538253 0.806911627041845
0.328262652238904 0.778343808533296
0.271862419335725 0.803660230556266
0.344087050366289 0.771233568354273
0.310666193783773 0.786243697946444
0.266590218574501 0.806025554811157
0.31544954896884 0.784099529867176
0.354637764957633 0.766486361420983
0.322496901764491 0.780931406512789
0.32984151530276 0.777633011100766
0.343538596389188 0.77147492190452
0.318748487060486 0.782617485757256
0.308998870489511 0.786994480706641
0.278154598538481 0.800837564270933
0.297311571419878 0.792239992210666
0.27438480048016 0.802529068246302
0.268060175113906 0.805366245217169
0.349046333056546 0.769000996635674
0.316493430476785 0.78362764859522
0.28410595644214 0.798167001446283
0.337091361978279 0.774375362203646
0.322552500873879 0.780907352588904
0.339582140284842 0.773255935811192
0.276252904750523 0.801690825152356
0.362658919774928 0.762876698431579
0.280442777254562 0.799811530584895
0.323927948243372 0.780291223244079
0.344821381366071 0.770899426791459
0.375227545612609 0.757219505899537
0.389686467517167 0.750708385244055
0.351785391359724 0.767768406574359
0.376001603514965 0.756871070952284
0.348218238250538 0.769378596549634
0.393624861402819 0.748939291606807
0.358196603919751 0.764891272330603
0.349149564721245 0.768956038947841
0.374050260965528 0.757757640608398
0.343502912223289 0.771496791673259
0.358746553651329 0.764643075502745
0.280689561307849 0.799701361300518
0.391788904721976 0.749767902680396
0.348718218049229 0.769150131113373
0.396264339580672 0.7477491552198
0.383626736647242 0.753443310900999
0.330854782443923 0.77717813116627
0.347296606859745 0.769788099884211
0.358728161544063 0.764652228018692
0.338429043212125 0.77377180791652
0.34024908207406 0.772953889753423
0.353723486683719 0.766896994682857
0.388327931015745 0.751326064432089
0.291066031810564 0.795044860908974
0.391879868994612 0.749721917371811
0.297019292237622 0.792371946092156
0.392015433078197 0.749661172228298
0.272994434536493 0.803153107512255
0.343316747810836 0.771580926507919
0.33901642415824 0.773512673092848
0.386467662391213 0.752163184853773
0.374242880713918 0.757670117482835
0.371651194740541 0.758832727175837
0.310208477943264 0.786449211215328
0.37629223012332 0.756740942699457
0.388916357968758 0.75105865039264
0.392720916188264 0.749351738353012
0.390978651736077 0.750134926962513
0.379237024728572 0.755423429315095
0.369055566931262 0.759998070454543
0.369916588075084 0.75961807525245
0.369883501247677 0.759629737623717
0.390423392850015 0.750377829835762
0.385299010289842 0.752693481918905
0.368858625551296 0.7600948673823
0.376716181664873 0.756550727174243
0.32066238119231 0.781756244926957
0.372080379578417 0.758641605097458
0.395403992465256 0.748133509808806
0.350099263825878 0.768533536968099
0.385112643435203 0.752774692074008
0.359206681629031 0.764434536774667
0.371855748846904 0.758738981225714
0.370101068544818 0.759529426676913
0.36081699369314 0.7637089397767
0.368133600554544 0.76042301742152
0.38785785198186 0.751533708204889
0.378756269310665 0.755630900824521
0.347600600895878 0.76965169995212
0.359024661570907 0.764516202316616
0.381364521518045 0.754462679735129
0.395305701095769 0.748178756001179
0.365846140144216 0.761442314461627
0.384138479728749 0.753212037270756
0.362424039020524 0.762986618813408
0.38294648373617 0.753748457502707
0.361545727648773 0.763378738872
0.391622829338013 0.749847110371953
0.383525515904599 0.753488774389325
0.38162322082899 0.754352249138123
0.343562341300429 0.771469295876214
0.366906251767498 0.760971471244054
0.390244227468384 0.750462730297162
0.351527671668822 0.767889998796988
0.369832384607967 0.759649395334246
0.338697811885279 0.773652392945909
0.350038394559586 0.768551321083695
0.355952217989222 0.765899922387329
0.363068709246185 0.762693631421085
0.338891969403029 0.773566358266413
0.375661157929985 0.757027092830532
0.394577547670035 0.748507017792902
0.369698021843149 0.759710307276757
0.346781678001085 0.770019088808518
0.365938340187765 0.761401587939817
0.394793123262077 0.74841261819429
0.350738374242308 0.768242465764003
0.346251142658273 0.770257392173659
0.325077755889522 0.779771018680627
0.345264386353216 0.770705399523998
0.32859676731906 0.77819304240635
0.342797707731527 0.771812813510476
0.352692965140558 0.767358787831886
0.379414491798469 0.755336154806998
0.381491668200418 0.754404737603901
0.351233002097872 0.768018700436609
0.370414227736421 0.759389579167831
0.300606144919962 0.790763375892208
0.327301872665453 0.778774858289058
0.31479019000045 0.784393429607452
0.342125325315441 0.772111932073868
0.388946306710867 0.751046655568505
0.386323774168158 0.752225180012434
0.379017079272267 0.75552347760129
0.353928458259658 0.766806928386029
0.337826623946024 0.774045093029562
0.33243080663707 0.776468443326583
0.366451527767774 0.761171647781733
0.385076826952882 0.752791868760287
0.337068246950752 0.774386016633223
0.354232662199536 0.766668925542729
0.331807486185454 0.776748239856638
0.363818434638347 0.762359668017786
0.34286988724313 0.771778235496427
0.341408488889235 0.772436358222688
0.309647445711991 0.786702283228405
0.354467919600544 0.766561859383852
0.377786731913886 0.756080170204186
0.347569688997578 0.769666932150022
0.300030184852927 0.791022027564188
0.394052233137174 0.748742180392964
0.298623138903046 0.791654485170618
0.351398504615152 0.767945331134387
0.319341850259684 0.782352592252068
0.393116337421561 0.749169181339021
0.320389007311489 0.781878417593449
0.283284209921802 0.798537445734496
0.354561657698046 0.766522109206185
0.346401544003367 0.7701916198354
0.370461544302295 0.759370356346125
0.282066386920158 0.79908399158406
0.337586503845666 0.774152238410886
0.346897748218289 0.769969083654265
0.318042766401159 0.782931747146996
0.310647453740052 0.786253664754827
0.296028759228473 0.792817215914556
0.353124275031976 0.767171982056622
0.374432789303037 0.757583419946623
0.291292671974584 0.794942379043216
0.279940585101279 0.800037367995675
0.289714020344814 0.795651232879303
0.347862399665745 0.76953497495074
0.393082243447439 0.749182903612126
0.320796011546078 0.781695879959555
0.33054366057824 0.777319243593261
0.372574454723228 0.758416628209258
0.363794255273532 0.762366550977847
0.314090052786134 0.784707263663265
0.306334204962091 0.78818865744993
0.340448465777794 0.772870164290703
0.300247358827804 0.790923857639715
0.346701788115547 0.770056320973411
0.353064807237224 0.767196249550138
0.322830891741644 0.78078203192678
0.280903475204242 0.799604497973638
0.276930493940652 0.801387408756324
0.28520870209817 0.797672353451352
0.308271679579746 0.787320206743286
0.373334572218483 0.758079914098925
0.301391326149154 0.790410027707878
0.282615777651018 0.798837624683221
0.367564324394442 0.760674987422769
0.320616478684208 0.781776717743319
0.358504514332265 0.764749290918692
0.289078647175855 0.795936700522205
0.276169126522962 0.801729137692693
0.356681531998232 0.765566179349782
0.27987936224604 0.800064069265496
0.350653849946567 0.768278204591181
0.370810052682661 0.759214684801658
0.359335025681821 0.764376240681608
0.365741145236825 0.76149422750385
0.390046146067949 0.750548085275358
0.361667006409935 0.763327321241542
0.365875039969903 0.76143443724731
0.362066907088033 0.763151801146728
0.33830014376209 0.773832120202402
0.365719288738961 0.761500861309514
0.342938297749423 0.771745051233726
0.368678191780899 0.760174437309271
0.371550578925033 0.758881279788475
0.363813041587599 0.762360814854727
0.291195363451507 0.794986473452234
0.353445089158729 0.767024609529658
0.2813348747194 0.799411866156301
0.30978424678134 0.786641818943435
0.391087606997903 0.750079730920518
0.301942576565129 0.790161732006715
0.300085148400953 0.790994945867348
0.282311092927372 0.798973771262221
0.292067694394111 0.794594482253497
0.280592019924993 0.799744509091964
0.289176751415022 0.795894310614639
0.34110819262114 0.772572506520722
0.279431566032247 0.800265334364027
0.329348963346357 0.777857981049255
0.392721073807223 0.749340255780062
0.287922035746021 0.796455771420493
0.290147324631299 0.795457240913914
0.280894374923325 0.79960887551124
0.397104727552064 0.74736846856693
0.294918994677618 0.793313961714122
0.309253400113216 0.786881462158407
0.323156967472589 0.780636368218716
0.39645820917595 0.747668318082083
0.351276008974643 0.767996082205759
0.363230903252661 0.762618623830874
0.366391583869951 0.761196340548991
0.290243658815397 0.79541396737787
0.289286405562508 0.795842163494067
0.307544863670102 0.787648920830818
0.299682370021225 0.791177776189857
0.389958740845764 0.750593527348108
0.291113505523179 0.795022955367904
0.305406632321739 0.788608493437764
0.290819793599413 0.795155798629428
0.393562127662378 0.748968480070569
0.386411090620401 0.752187944793947
0.32105117121872 0.781582196294588
0.380940572231652 0.754657264924104
0.389723007771208 0.750697071521977
0.313110488631656 0.785147385361341
0.333073640144297 0.776181125805338
0.29917332943989 0.791404592740551
0.374247347663818 0.757665446358034
0.357920391027114 0.765014717583442
0.371162034186512 0.759052379845189
0.325054035598094 0.779781817002506
0.283151371868367 0.798595187932853
0.283251358729294 0.798550424320977
0.317650841768267 0.783111482618509
0.327768490993784 0.778562566340217
0.38532107585511 0.752676358181453
0.341931281717699 0.77219938685437
0.362833805395566 0.762806404083271
0.29605195772772 0.792805466851348
0.289620328180009 0.795693045463123
0.306727080836641 0.788013790848716
0.340944146087264 0.772642175916866
0.36861224708467 0.760202406131417
0.296969440214398 0.792394250255409
0.331183878861388 0.777029420227454
0.340981808831221 0.772624275823892
0.314037156539261 0.784731086967009
0.338981465300933 0.773528960006657
0.299106593644121 0.791434623227003
0.28506137893411 0.797738037640171
0.301199219648101 0.790494356434412
0.352857945200864 0.767287366207142
0.322769680043532 0.780808653446333
0.317022774918505 0.783392920498922
0.29268231600104 0.794318830697104
0.356790567554345 0.765524794701652
0.311880652080029 0.785699878361135
0.394091775385682 0.748730258173726
0.361817042599418 0.763262316125634
0.293188899571729 0.794090473660015
0.301374514415287 0.790417099745492
0.329863516343531 0.777623346011901
0.340593939374086 0.772804458380119
0.32726441975099 0.77878928142815
0.30361874144135 0.789409826492062
0.333734684073922 0.775881839147799
0.397128248158327 0.747366371332179
0.291125910414121 0.795016147876932
0.391519911859442 0.749886164423851
0.305916267599286 0.788378808680249
0.363955829958729 0.762298826466197
0.32512995679538 0.779747062360756
0.320992497596971 0.781610661288391
0.302867026513342 0.789747293367642
0.323793122852131 0.780348865255485
0.349599393026626 0.768754439668934
0.305942827229601 0.788367052810506
0.306987559745028 0.787897669702064
0.312119505005164 0.785593610552747
0.293943723621025 0.793752079537441
0.347324476103422 0.769774931030953
0.298833434998842 0.791557612511416
0.392490047722925 0.749453454554974
0.351155409161029 0.768053380643921
0.32383704299478 0.780330940785556
0.331258001298571 0.77699847725461
0.365668564941054 0.761526949345304
0.319747420487946 0.782166711179206
0.34951175843948 0.768789593194436
0.322660268662185 0.780859806222711
0.284643025292006 0.797926812849877
0.320097051241365 0.782009918492117
0.391922012937398 0.749706095730573
0.298608352889381 0.791659564171904
0.319052902784928 0.782479409622061
0.386252576396252 0.752262600550771
0.319032793408781 0.782489967061675
0.303656044677785 0.789393640687378
0.29624411219298 0.792719587518006
0.387847261087653 0.751541950781113
0.394730046407506 0.748439992856585
0.385425545387837 0.752635275947434
0.368378941316418 0.760303651774992
0.332178812516501 0.776584818262989
0.31898190933846 0.782513422953216
0.343090864629697 0.771679439402821
0.311173151371675 0.78601716038776
0.327731403958067 0.778580377747444
0.345351456701657 0.770662071252171
0.299458410194776 0.791279452408215
0.309496325593311 0.786770007102799
0.374082725944178 0.75774153547269
0.374708612416696 0.757456003931746
0.299915135427566 0.791072994302412
0.321117680359835 0.781551666158483
0.344097657598966 0.771225269902296
0.323888488172542 0.780308303429417
0.361564497549898 0.763372477992551
0.370306331590607 0.759437927557603
0.394451730084812 0.748568377384425
0.26665121623424 0.805998699991691
0.276176677466524 0.801724830192512
0.311438441056375 0.785897746551295
0.283785731503841 0.798310979545463
0.295093649200499 0.793236249732203
0.319581063596726 0.782240866633169
0.345189239427643 0.77073974525001
0.298934241977235 0.79151166303227
0.362981291319224 0.762734111784336
0.352738022628916 0.767340571717208
0.375025627727924 0.75731379259625
0.386724564089946 0.752046741746869
0.372954704309481 0.758251344068434
0.374388543789369 0.757599998975268
0.394237620745875 0.748661357149774
0.395112624986643 0.748264082200866
0.368199256955968 0.760389094297961
0.368524298570242 0.760244347256206
0.395352537668755 0.748161454126598
0.390504387604718 0.750346384425426
0.390526007824158 0.750336809702311
0.318921748987409 0.782535588673994
0.361382715222449 0.76345469104345
0.376424723792584 0.756686269148848
0.333250158458474 0.776104461473274
0.378351101492256 0.755825775004203
0.370365958982181 0.759408717141065
0.370378837395944 0.759403697701124
0.391919428470637 0.749710281024433
0.328582543216023 0.778196445213033
0.326313943289083 0.779217195891232
0.354909640079345 0.76636474738258
0.325001149092291 0.779805891527291
0.319448844001503 0.782300290865213
0.37939011817013 0.755354598330318
0.355707776024657 0.766005984841803
0.31288197421761 0.785248498162301
0.359061366033971 0.764494017457051
0.352428433441722 0.767482187261015
0.333125886433795 0.776159617014636
0.312481166656357 0.785428050291437
0.373145012261261 0.758160463296813
0.341743068936213 0.772281411145428
0.361773155981795 0.763275836431179
0.361842888167945 0.763244082123399
0.383852808941969 0.753337080514569
0.381372055783626 0.75445708160984
0.311654455842002 0.785802202752217
0.321893747534484 0.781202863933724
0.352892663534306 0.767273683265356
0.353585115722591 0.766962507128466
0.341490906307698 0.772396713985686
0.342790391984677 0.771812994960371
0.355630509503438 0.766046438338993
0.348013100903075 0.769465572355533
0.331946323333065 0.776689472587554
0.314198165162918 0.784658975913932
0.36085099112168 0.76369131607923
0.362063982052695 0.763153024605784
0.325105798014338 0.779760240623263
0.342402904452369 0.771987042911795
0.340616270835897 0.772790866917559
0.310303425866694 0.786408395582168
0.326200805564951 0.779268006323929
0.310821282044155 0.786176967597844
0.354777829456807 0.766426666706403
0.359305024992349 0.764386532298302
0.3014398525403 0.790388439574585
0.350825261365011 0.768201071925629
0.291908876423803 0.794665024889826
0.34223776855215 0.772060419537231
0.310233245966692 0.786439756657704
0.375767479475973 0.756987083831005
0.32230756211754 0.781017944852061
0.373953992174064 0.757804252862783
0.371532187730733 0.758882808152061
0.306063284929628 0.788312710450155
0.361271171252705 0.763503866173637
0.376063594745306 0.756851460938615
0.371111793276351 0.759080260483609
0.365479822789089 0.761614582135077
0.312921650756947 0.785230122757757
0.341691214192675 0.772306774241674
0.304959577620826 0.788806910239867
0.270362572148725 0.804333779479067
0.336147193823876 0.774796581187317
0.352093569188827 0.767630026274801
0.330089420922587 0.777524221187952
0.304358059668479 0.789077670489101
0.391506371960369 0.749891641885637
0.299553845167458 0.791235444023508
0.300827045092527 0.790663096607585
0.385938081655225 0.752398567633422
0.387208261887391 0.751835071348463
0.39410021315057 0.748720304920246
0.394025784809476 0.748770069768164
0.333716983898069 0.775894394135984
0.390017834981055 0.750571198953019
0.286612268818188 0.797042208211971
0.373950941829151 0.757804857346486
0.363083501052878 0.762691390516765
0.296231953710981 0.792724083437412
0.286163354872438 0.797243818180568
0.308311842243523 0.787301583568026
0.311741704079698 0.785762424742231
0.286054731601481 0.797292448760684
0.310310660317191 0.786404320858653
0.271595968682185 0.803780230154772
0.35075776225292 0.768232957699551
0.327101519698202 0.778865154451545
0.350133871050221 0.768515027052008
0.333217768465773 0.776116133557018
0.31036699180981 0.786379097651163
0.390594577142542 0.750299388871566
0.324026292212866 0.780245614032196
0.355873821361152 0.76593339515485
0.337296652129587 0.774283163221538
0.370481741116907 0.759363912724152
0.311837006063252 0.785717483795657
0.363309246448633 0.762585316910095
0.350295294577375 0.768438379166115
0.397252390409989 0.747298257900752
0.335758812834572 0.774977128120059
0.387745051159193 0.751589643868079
0.309086334215029 0.786955572874705
0.292363672656605 0.794462896531184
0.301063336104922 0.790556188215677
0.37427414526879 0.757658339244195
0.272437756288713 0.803402227774147
0.342432804354945 0.771974399501399
0.271905554529397 0.80364122453893
0.353683195188302 0.766918320293223
0.385815799223037 0.752453575964296
0.315002331109948 0.784298323846545
0.366519863773829 0.761141933575901
0.387764142254804 0.751576116215768
0.395383929453903 0.748148858337482
0.326546578307839 0.779112004504207
0.357658084049894 0.765127003590527
0.283347526319633 0.798508711968796
0.368258708697805 0.760366462539053
0.373339695271658 0.758074225142297
0.382609370759124 0.753900830798405
0.374600337563389 0.757505008351516
0.382922934157301 0.753762407895774
0.340595589327126 0.772800328024097
0.338861474496536 0.773582670778915
0.38670320648557 0.752056169051707
0.329893188113204 0.777610812214522
0.393269895982958 0.749098799372045
0.309211428631708 0.786898350407847
0.290559427688275 0.795272403384951
0.312709233616791 0.785326488277348
0.273461689180887 0.802943691942215
0.356502914581674 0.765650303211585
0.368987549342494 0.760032957409956
0.395596611874468 0.748053372836549
0.309114157816826 0.786944595198518
0.352388024149111 0.767502837608612
0.278803868066202 0.800546642920472
0.305256113094878 0.788672944232361
0.278443136507465 0.800708478616648
0.376241143987693 0.756772773239474
0.363616011961137 0.762451899511675
0.363278789156783 0.762601079955457
0.282978782759155 0.798673056308446
0.35984691108568 0.76414459339557
0.307922656697276 0.787477371191633
0.274293715704419 0.802570203329164
0.320096212854537 0.782011999721079
0.295810472521877 0.792915139058831
0.370529206455258 0.759339733904575
0.280207262469464 0.799917362492744
0.285346788595471 0.79761112127085
0.384664382122329 0.752978245252681
0.347764452153961 0.76958054731528
0.357941131624062 0.765002073621281
0.27746503042662 0.801148260667106
0.385019273940201 0.75281651106273
0.333384490052369 0.776041707084686
0.317307568678249 0.783261932904343
0.271467790800879 0.80383768368522
0.322107815485049 0.781106715329503
0.357362176612072 0.765260370312373
0.276798269151769 0.801446231438582
0.271853802095809 0.803664680328972
0.335505238398119 0.775091634544523
0.319912088787927 0.782094007680778
0.298735991573764 0.791600595636323
0.288614852188543 0.796143868584356
0.324009692572251 0.780255296891717
0.280024640608208 0.799998062941756
0.305965488136078 0.788356967780154
0.270742292570806 0.804163230199182
0.326545255951933 0.779113828567854
0.291305886162128 0.794937719890238
0.352343985737514 0.767519484000777
0.382920415443933 0.753766923794833
0.335696318684144 0.775005067984634
0.355511951749353 0.766096896494586
0.28688856358125 0.796918831230302
0.297337218973211 0.792229914137335
0.333191574334 0.77612774781488
0.298184465300569 0.791848395248513
0.360829155144466 0.76370761664113
0.276418132894115 0.801617825440237
0.393909649068473 0.748811246211118
0.384975962642867 0.752841563699601
0.371939190510081 0.758705291559938
0.386060924371044 0.752348460463551
0.370072632584247 0.759543711066089
0.324253212204627 0.780141926133652
0.29990266949778 0.791078475817167
0.383870567600191 0.753334891337626
0.329593284862831 0.777746353872293
0.304958333210167 0.788807856698329
0.306971191998392 0.787904981956836
0.301053768897002 0.79055930640342
0.364971642878661 0.761842240140786
0.377496368333274 0.756201167895862
0.31880037778732 0.782594507788358
0.30413462394875 0.789178250547409
0.394201961013778 0.748680299335289
0.311061242056141 0.786066490495974
0.385474619228107 0.75260582788576
0.371581191612399 0.758864642081676
0.391086994301794 0.750080991810692
0.377171253239494 0.756345867100118
0.363505628413299 0.762496281792205
0.325511734842126 0.779576557913598
0.335388207001466 0.775139576885905
0.385091848340713 0.752778750387913
0.389588104501327 0.750758719236589
0.388849548404052 0.751094448638033
0.380735409616397 0.754740001268837
0.371368054258091 0.758964863576727
0.378443555398066 0.755774868546085
0.342131694936745 0.772109698100915
0.356345569196765 0.765715858490237
0.350798884351069 0.76821196015177
0.385512835391999 0.752588607456701
0.392139298089653 0.7496108059643
0.367482240016881 0.760711391289846
0.384806195670835 0.752910449729138
0.382981721204117 0.753728728447392
0.361327133237257 0.763480561329564
0.380826307685719 0.754703054330846
0.320602846297429 0.781782446435574
0.328502383797768 0.778234038491831
0.373111720313196 0.758176768220642
0.336808390596774 0.77450330745455
0.292368432863913 0.794459725413063
0.36425068022423 0.762163732264476
0.321795105649099 0.781246729614534
0.362600240615209 0.762906410194132
0.362790952701111 0.762820222780754
0.32250890501876 0.780926568235478
0.381004899603108 0.754629325238407
0.361602634662969 0.763356521408948
0.335775667215384 0.774964177173747
0.393837078694586 0.748842685142893
0.390827813204665 0.750200121142595
0.388145435033242 0.751404855100907
0.342454460766446 0.771962355282649
0.33530567763216 0.775180588005659
0.291623271550408 0.794794512835361
0.394726289463384 0.748441675747198
0.355189500865489 0.766242160874764
0.388767583759701 0.751124695421463
0.368266767486399 0.760361034505981
0.375109579762286 0.757275516882192
0.306806787899816 0.787978990692288
0.309317529956801 0.786849864283531
0.348439062564224 0.769271181708635
0.321230570549913 0.781500076570783
0.342313693558681 0.772025304792911
0.321742753062088 0.781271318108662
0.366463545563797 0.761168021378997
0.319381120860658 0.782329261924492
0.325866380973076 0.779417704072007
0.344239185357294 0.771164526739818
0.324655538466173 0.779962562941971
0.394636796354787 0.748487013709254
0.312534549363608 0.785405175769006
0.353496779829417 0.766999477559741
0.322898445534887 0.780754264154729
0.331843118795455 0.776733254214967
0.366060642424055 0.76134871171943
0.308231914844823 0.787336456413797
0.354342396573524 0.76662073518191
0.365120638788742 0.761773839241267
0.360705040841827 0.763761781181326
0.360058739198563 0.764052769502312
0.293618475718272 0.793898329826096
0.393760048588091 0.748879326218306
0.34369866966094 0.771406929491001
0.289654469904975 0.795676361918335
0.356273522911267 0.765752501662953
0.381659980693675 0.754336064158349
0.329518083341453 0.777777151070173
0.322022605716718 0.781148839714577
0.385220093687551 0.75272225495239
0.378570644006228 0.75571897836036
0.315006905506862 0.784297615924994
0.391632785503448 0.749832131539986
0.384782823834245 0.752921253387214
0.344087958613365 0.771226993865987
0.384772089359069 0.752932551229379
0.336096220266183 0.774823693389391
0.393614699005352 0.748941034286419
0.350870063146589 0.768182199537917
0.391769092614109 0.749772509413356
0.37742091821051 0.75624063819285
0.269799666680973 0.804586578689571
0.292740981981426 0.794293652357529
0.345915219619046 0.770413558889475
0.339862655255916 0.773130957544907
0.338994489690146 0.773520011357484
0.302616791066788 0.789860260950648
0.327869215017187 0.778520270521175
0.282551248488328 0.79886506243428
0.375537552449123 0.757085345551931
0.358407128093803 0.764795093370674
0.359796577052115 0.764170156633891
0.336314058732665 0.774724561557746
0.396452446489768 0.747668386391321
0.369998163257474 0.759581353030435
0.365886038317626 0.761425643582295
0.372010058030898 0.758675370754414
0.360421650945411 0.763883460974215
0.367826971194814 0.760551191785314
0.340894498332957 0.772664436765376
0.36930306197298 0.759896040375476
0.299721781151084 0.791158773434518
0.375064672337352 0.757298357371025
0.391918138026195 0.749710350601764
0.296190255483047 0.792743902624603
0.297827865231816 0.792007878286838
0.316126229026926 0.783794202445498
0.377942765973639 0.756000222285466
0.352121102474143 0.767624244170951
0.343898161993771 0.77131343187873
0.329912317144022 0.777599315110298
0.316259242133391 0.783735590401573
0.316797841103012 0.783494245770992
0.275577638148452 0.80199403073085
0.270594647447738 0.804229260027681
0.288243204364279 0.796310264312711
0.266800665461999 0.805931533037493
0.300259136885972 0.790918345777754
0.29857519731733 0.791673768473171
0.277876989156709 0.800961978303927
0.301851858381065 0.790203448228087
0.310985306307825 0.786102582870154
0.297148897291302 0.792316589259121
0.280443552002728 0.799811180221001
0.352071834678179 0.76764463976377
0.3537233478295 0.766899981056625
0.353076666111474 0.767193243239721
0.324267878318811 0.780137116426998
0.345641942293725 0.770535891056388
0.301397806082463 0.790407597393321
0.304896148077052 0.78883654712937
0.26776427675132 0.805499289460993
0.325591121124209 0.779543232453504
0.341108902148347 0.772566733001277
0.26878342067925 0.805042477455466
0.386723559719304 0.752049364418394
0.283860572381364 0.79827770971095
0.266632892020543 0.806006762048665
0.266743013252916 0.805957454524416
0.366244308636994 0.761269395219742
0.271930867292352 0.803630371072148
0.325339275232235 0.779655383683232
0.374441772564514 0.757576471125552
0.397062582571182 0.747400409296196
0.329904362940436 0.777605590144884
0.360898763269409 0.763668455320099
0.347521797632243 0.769689376360703
0.342248637089715 0.77205829614806
0.355213315128428 0.766231156824808
0.296805235443449 0.792468056088394
0.387130189324394 0.751863796034783
0.355292949960872 0.766194747153972
0.329540321897915 0.777768539237136
0.296889340657956 0.792432022182877
0.390488665325785 0.750353435203005
0.372587313641228 0.75841223763493
0.326909902490922 0.778950857379797
0.297876621085746 0.791985956965242
0.362077666073017 0.763145604459604
0.361160709052373 0.7635538135069
0.338955237935341 0.773537529051233
0.339003302967025 0.773516777807587
0.297163387287834 0.792307784620658
0.289981911514882 0.795531341947964
0.324657539642277 0.779961873937748
0.296776632595242 0.792480302482289
0.392454158922737 0.749461259129201
0.370877596473703 0.759182172916286
0.365866623182659 0.761436218240554
0.293165293486353 0.794101326386154
0.352716311224948 0.76734957397687
0.304957579370705 0.788810089266761
0.365452802810192 0.761625109085904
0.354693765308961 0.766464413742264
0.345128132027545 0.770766930715404
0.339075270025955 0.773482449593449
0.355955597248727 0.765896996584802
0.387563379471537 0.751670918768044
0.328655184640796 0.778164401811937
0.366425664677915 0.76118634099698
0.291867665399395 0.794684644489872
0.341528121841056 0.772378507097162
0.347556408380219 0.769667650634404
0.281288941012381 0.799431273969046
0.302708579601261 0.789817191004524
0.312110706206408 0.785595375036714
0.274539316305521 0.802459873383464
0.330355356268514 0.777399151307527
0.312810717601649 0.785285291224217
0.316905363865721 0.783442773477034
0.30871424950528 0.787121634438011
0.380915915435345 0.75466311513843
0.366725228174087 0.761054383749607
0.279368254832847 0.800294676702782
0.309136447613727 0.786931580657385
0.317040682096185 0.783383560102464
0.38472364555822 0.752952879749207
0.325408502930511 0.779626502610193
0.291625130393159 0.79479347729089
0.319417924041836 0.782317223801157
0.287476763022047 0.796654442776268
0.292156555715143 0.794553973912391
0.295899322268578 0.792875707386017
0.319987233219295 0.782062173998762
0.360553689118299 0.76382824201133
0.351307598737867 0.767984725125473
0.385680434766619 0.752518406151145
0.379495187783476 0.755300906577142
0.313514459941268 0.784965696925438
0.397028562725899 0.747407060207782
0.385914574289801 0.75241078102731
0.330601361079172 0.777291553004767
0.388499064991841 0.751246342944843
0.397238759767072 0.747306039067536
0.379855417710271 0.755138915000062
0.313147062603283 0.785130662363669
0.303416182016046 0.789503253234523
0.396792028533754 0.74751468615947
0.390731670131389 0.750237398635776
0.378583294487799 0.75571131150672
0.289200893470713 0.79588066462343
0.332680832072922 0.776355217163899
0.311411008550063 0.785912277580834
0.290311965935651 0.795381256491861
0.298208635344316 0.791840871863149
0.355487489992411 0.766110376206861
0.369073906581426 0.759994987736661
0.27737895968809 0.801185501000989
0.311319112361448 0.785950827968238
0.359571795126658 0.764269372689263
0.295798833953933 0.792918472574129
0.306563639469235 0.788088804430212
0.283193084839798 0.798576770102736
0.348913754792576 0.769060368244193
0.287647770539239 0.796577662316546
0.302627332036967 0.789853367604439
0.305006515454336 0.788786189775941
0.354815652349691 0.766405776731223
0.343469514529975 0.771514507986352
0.283709882140736 0.798344766811198
0.298462579005984 0.791724018015555
0.322079603810172 0.781119204032155
0.373782805381098 0.75787373503568
0.267724750894459 0.80551691684935
0.273658422674102 0.802854674469228
0.288147513237798 0.796353324452995
0.283617998356991 0.798386036303761
0.313785088769478 0.784844888635028
0.287647770539239 0.796577662316546
0.313618225672608 0.784919005878095
0.33001527026656 0.777553800356668
0.302493625958686 0.789914225533367
0.339454157028244 0.773311019063578
0.395073468407691 0.748288905492375
0.310036635913818 0.786526973354005
0.3705004210557 0.75935674546068
0.282859579911272 0.798725965401263
0.297848440748283 0.792001775990739
0.316319405306521 0.783707661886145
0.30960578726607 0.786722426672838
0.299549575825864 0.791237375719355
0.292319956147216 0.794481892618161
0.296935638188257 0.792410133919569
0.293162266698285 0.79410507413146
0.287752436975084 0.796530802909781
0.284991292990274 0.79777163566211
0.291012575502212 0.795068357538339
0.31158146182949 0.785833567530345
0.283611935743775 0.798388575083337
0.318017442648856 0.782946835659194
0.304997163025612 0.788788929700426
0.267495278961436 0.805619691604895
0.333417143368439 0.776026176816355
0.343458507155223 0.771514545696472
0.385444961328637 0.752628345934594
0.287006697098059 0.796865744603554
0.279658166466475 0.800162836419137
0.299492411114443 0.791262522090653
0.358348220222728 0.764819504388784
0.337314470457702 0.774273667332962
0.286189450000943 0.797232796333514
0.306454928796594 0.788136577926957
0.383153207944153 0.75365687999006
0.267997818351472 0.805394513764395
0.362157232474406 0.763107213634046
0.37613404517908 0.756819106901809
0.3621960612278 0.763087318256574
0.33404404790225 0.775746854921044
0.35725773916479 0.765313194063101
0.282805795818076 0.798750698604172
0.345653550553505 0.770529326368142
0.27249486648222 0.803376676190642
0.28416188262207 0.798143015007505
0.30694357487706 0.787917653598122
0.285832774065885 0.797392710605077
0.322657368439514 0.780861824039545
0.320417223102687 0.781867318418092
0.294731694290374 0.793398990111746
0.273898315986669 0.802747207068243
0.354579089756975 0.766517871379282
0.346878006043628 0.769978205490874
0.286670969411001 0.79701551694393
0.288030004226491 0.796406227915587
0.357635486956704 0.765143821546482
0.274834011759359 0.802326882580396
0.270956698389995 0.804066954707129
0.309148590059496 0.78692925469077
0.303838147649936 0.789309906698972
0.316810768852777 0.783485362502433
0.289493781229307 0.795750235218138
0.300330984065785 0.79088767330996
0.339479270725529 0.773301575646881
0.317027706154111 0.783390333060553
0.392505290737592 0.749438917370991
0.349312568518647 0.768881530654349
0.287821261925923 0.796500239511633
0.359916045885496 0.764113859202326
0.276316757530664 0.801662382878893
0.310924329149913 0.786130861665908
0.361116952194478 0.763572581112124
0.277209375244571 0.801262361885438
0.294105416059033 0.793679724844125
0.303601040603235 0.789417835611122
0.333089632020539 0.776172711828174
0.276720976613148 0.801481090152053
0.309746277269627 0.78666018277358
0.333068308116231 0.7761822316667
0.337166793739265 0.774345187016099
0.358270525103974 0.764854136985612
0.365618341624184 0.761555081972818
0.31074435118663 0.786212139686569
0.320205412312891 0.781962302826769
0.318567030426385 0.782699168115351
0.311010824952115 0.786090259658549
0.330458129952443 0.777355180288683
0.397159739725177 0.747346297607217
0.358679884634625 0.764669871847693
0.313237835960344 0.785091842288628
0.275618921368581 0.801975845198795
0.323630519147702 0.780423327314881
0.335647620795257 0.775025124823804
0.313580453155866 0.784936097425014
0.296027284358193 0.792817490482863
0.281021650691633 0.799551331608706
0.286797242325776 0.796958677723849
0.329435345277756 0.777817680931472
0.298316461532803 0.791788688972876
0.314889864818729 0.784349503308721
0.306538309770579 0.78809915239309
0.326556301730872 0.779110980341988
0.327103164758914 0.778861859127145
0.284839831058241 0.797838737901607
0.275148097416581 0.802186296683365
0.329570629038018 0.777755049538683
0.326377486207898 0.779192017299806
0.328678297151458 0.778156775761886
0.276088896608417 0.801764394275156
0.334024014015274 0.775755572012646
0.267303812460328 0.805705705370926
0.361972773434105 0.763186958550433
0.344543357417959 0.771027956976021
0.355061232723986 0.766297765327164
0.329587364408145 0.777747330767104
0.387225832929212 0.751819865800555
0.377343601185028 0.756271816991023
0.368857512586281 0.760095315370447
0.378126226635429 0.755918684126251
0.340468931473005 0.772854038864813
0.381809210575529 0.754255554652011
0.357409783909599 0.765241592303613
0.328406176083563 0.778280161335549
0.329152702591555 0.777941374992436
0.294280170045383 0.79360005603192
0.390528384748635 0.750335313130574
0.357567226789389 0.765175326978282
0.376694333366239 0.756567135088759
0.359337939964222 0.764370391298788
0.39690888440619 0.747461164412145
0.28641044312209 0.797132771881381
0.30288491959169 0.789737823708481
0.375159750836204 0.757258924698431
0.309201708149431 0.786902245578711
0.304562479416434 0.788986785957517
0.365973041675614 0.761394097523822
0.321828908884944 0.781232956690688
0.330772963033302 0.777215110786421
0.290556843323218 0.795273199822678
0.350339417706274 0.768422119699546
0.363273805287881 0.76260158796868
0.363722062022237 0.762400947585472
0.294113833869954 0.793675968792828
0.366910938961858 0.760969333920562
0.348353671698738 0.769313625891658
0.361137004080014 0.7635657697632
0.291457457301476 0.794868155771213
0.388632799061743 0.751191439241582
0.29128571089675 0.79494589803371
0.352326465171902 0.767529379273564
0.327928614424883 0.778491315169967
0.347406743321213 0.769735726394965
0.340786117729361 0.772715718446884
0.382111964303599 0.754131882101598
0.352056383657311 0.767647934237521
0.385417556721766 0.75263874381225
0.356244362559567 0.765761467621383
0.345383788050047 0.770653757578331
0.363686238829227 0.762419248835915
0.292936629431797 0.79420532341582
0.286238221022574 0.797210952812135
0.343340711281775 0.771564038587051
0.301234148294317 0.790479971908655
0.303217907999235 0.789588977810679
0.333514363673546 0.775985090466832
0.327637618050258 0.778622143452499
0.388921066600774 0.751053668702754
0.309778476290889 0.786644880771032
0.338440890602872 0.773770130833177
0.363097902009142 0.762680948144629
0.37160774913895 0.758854600065451
0.393356898261564 0.749055205596412
0.346408339577686 0.770189032975407
0.295124970697777 0.793221695016042
0.326091954477097 0.779316647312663
0.290511980475962 0.795293034584443
0.335991977516962 0.774868824235352
0.359472040182307 0.764312173108182
0.374565808073779 0.757521928605342
0.383374313860729 0.753555756355374
0.371017399216435 0.759123659330574
0.330368308181111 0.77739533591814
0.376488166504277 0.756656527210929
0.355644293269347 0.766034349964889
0.283548615943093 0.798417922850175
0.350631477104503 0.768286893164322
0.361607241768439 0.763356180697215
0.365264751407462 0.761708494998428
0.328735259006578 0.778130373920939
0.319327541828839 0.782357203813768
0.352435068756837 0.767477893081891
0.334083326478256 0.775726447068827
0.302220067699918 0.790038333445255
0.327435481358401 0.778711513151099
0.286591941242662 0.797051385051313
0.340484107468468 0.772853711182975
0.288764815440853 0.796076145851077
0.302397576521325 0.789957670681154
0.295393138724113 0.79310385656582
0.319666884416244 0.782204349847445
0.355470039594778 0.766116255183495
0.293515889238558 0.793944932833395
0.289546199500715 0.795725296565107
0.309574137100403 0.786736539224528
0.29792862353641 0.791963125583258
0.303998111493495 0.78923949596479
0.366438331306539 0.761179123586697
0.311240131789336 0.785987048672912
0.310000792088955 0.78654417127799
0.356548328398927 0.765627807619938
0.27523873568097 0.802146826904334
0.309063600299059 0.786966187717498
0.363548526120375 0.762478854238246
0.329118033351745 0.777957580534161
0.303198768949696 0.789597477388827
0.375696506903364 0.757017031611083
0.29072881722111 0.795195575688346
0.334995970032944 0.775318154573268
0.327367523279245 0.77874561688365
0.315352948651993 0.784141519605876
0.299293256223907 0.791350571813693
0.282382337275159 0.798940346648727
0.313944013097671 0.784773738977994
0.300951051590367 0.790608631035941
0.276944091555111 0.801380973996589
0.282940335808663 0.798689566030461
0.294512439172759 0.7934969383396
0.344483216319317 0.771052684688695
0.281758257762727 0.7992220549356
0.29022697869008 0.795419613190961
0.374672736755577 0.757471488622907
0.295504275000666 0.793051897702637
0.297519725891878 0.792146733587445
0.377343142210602 0.756279967752594
0.303842871952688 0.789308937513284
0.274477266652285 0.802488504616383
0.294186232021956 0.793644192431371
0.266920216943329 0.805877647099522
0.334256860179449 0.775649951386249
0.356440646585841 0.765676676061846
0.379592224221319 0.755259675423376
0.312061898416046 0.785619174497809
0.275354745522604 0.802094064625588
0.352205375161399 0.767582124427815
0.346571227679391 0.770116033034089
0.384988433286249 0.752828727053912
0.345036974010529 0.770804920457071
0.345754831060325 0.770479821876058
0.362546892445426 0.762930710962097
0.357325833939303 0.765281490889696
0.346609857754391 0.770098073926307
0.3457203347442 0.770498049673241
0.346790635992531 0.770017939014239
0.355634536504688 0.766043538360915
0.379215970317381 0.755437016014985
0.36218368904472 0.763097712082565
0.309647174672311 0.786702351614222
0.325619626120857 0.779526830552922
0.394065999757017 0.748739261965177
0.315150384627136 0.784229466336905
0.2918217363975 0.794704160801547
0.318956249718953 0.782523129877042
0.33392347067396 0.775801184134257
0.328072591092091 0.778431761891367
0.333487502153262 0.775992611520563
0.314721930406795 0.784425235087605
0.307658086283443 0.787596318090996
0.338379630127998 0.773798838914514
0.320590674183359 0.781787465209348
0.328832488670914 0.778089101025605
0.331887306135579 0.776711903777685
0.360942093917268 0.763653905399933
0.355819321981225 0.765954402683338
0.336651121957509 0.774575817194632
0.335281844004783 0.775187946636802
0.357453099239055 0.765221350412819
0.335600690807177 0.775045107223271
0.393361928987447 0.749053094490324
0.352118127371425 0.767625315674589
0.390446266062263 0.750367774571827
0.327339356455433 0.778758379481429
0.337098311791555 0.774373642950965
0.346647563503218 0.770080270181783
0.350369239052102 0.768407765330719
0.385439571846461 0.752632412364462
0.293454198543588 0.79397228085005
0.320955574894839 0.78162508126583
0.330880132928845 0.777167265827374
0.334879452686361 0.775369648193925
0.290726564280312 0.795195682895698
0.365028744178647 0.761821000776321
0.35145724790643 0.767919670726914
0.349820575080713 0.768654754312728
0.293865179307044 0.793787015681374
0.299045609135634 0.791462126828236
0.339187272511035 0.773433163674938
0.338610015373959 0.773695285196306
0.380613224153629 0.754800056377972
0.346062765571043 0.770345358160188
0.382412322849677 0.753989703275775
0.349505860059007 0.768794913750813
0.346647932919085 0.770080098433652
0.293478327816696 0.79396031161544
0.314566855320507 0.784492514498574
0.288430584227187 0.796226016300711
0.386955053899732 0.751947356771566
0.319125619863044 0.782445980891833
0.365776084852463 0.761477808840515
0.343634964392815 0.771438767841826
0.392493530223185 0.749450432775433
0.395275169398526 0.7482005647694
0.395949711145072 0.747894220630368
0.333044182530676 0.776192051409123
0.358171621344625 0.764900373952334
0.292865975503811 0.794236979318904
0.393240043270324 0.749114562700134
0.321193266305179 0.781516440713
0.35375752417438 0.766883209458862
0.332125772202741 0.77660485890929
0.276939680193015 0.801382652178349
0.275201418090832 0.802162502633576
0.372877519073087 0.75828140586045
0.362704235677359 0.762860883893737
0.368062936996728 0.760449623660093
0.358532514278466 0.764740097484562
0.339597752679107 0.773247594228478
0.276410621285162 0.801619652078459
0.379662282887492 0.755229604027767
0.306867943469379 0.787949983572326
0.376781989421286 0.756524986955951
0.282157105567816 0.799042302415141
0.370850066985465 0.759191659542996
0.305129968821326 0.78873185995773
0.34238979893942 0.771990801633544
0.308199848771845 0.787351550296235
0.338315315805682 0.773826619722746
0.289344548792347 0.795815972288624
0.327015369476386 0.778901013143198
0.281564293475217 0.799307788592812
0.378490672225423 0.755752089813588
0.356271744842277 0.765756796613506
0.3587540431882 0.764634837024339
0.356580245320956 0.76561819884005
0.36024085669857 0.763965860564921
0.349115457162724 0.76896848622877
0.359459827546728 0.764316805556517
0.362454574129072 0.762970158331357
0.357579387315042 0.765162746571918
0.353281067311079 0.767100668358306
0.321673769370683 0.781304577217269
0.319962647348724 0.782070859748741
0.354197810005832 0.76668471452654
0.305206992681543 0.788697655004305
0.329790734736754 0.777657398300487
0.317868493381351 0.783013982451146
0.319300337678352 0.782366290594194
0.289157555314344 0.795900404837762
0.298599747376708 0.791662982690302
0.330559783827635 0.777308693397046
0.388435604329399 0.751281094956324
0.345687509421565 0.770514872885092
0.382805629082234 0.75381159209555
0.365868470007513 0.761434820527649
0.330272692455115 0.777442824222522
0.323604939287161 0.780434779475825
0.363159074363513 0.762654520105677
0.323654241464749 0.780412244364611
0.348859139376481 0.769087238909928
0.299297586005985 0.791348874499519
0.341473667586668 0.772407673724346
0.352159922315543 0.7676025215428
0.29679170643872 0.792474297329483
0.302976991963531 0.78969765346546
0.304452891108294 0.789034841011827
0.308931958252951 0.787023493706298
0.328896997751026 0.778057538822445
0.28909528911999 0.795929804318781
0.349390446195428 0.768849336825563
0.293696329408685 0.793864389248062
0.34915281103453 0.768954518732553
0.32159163683267 0.781340501594219
0.359880703864061 0.764133744502656
0.303387669342352 0.789513249878333
0.32203274104746 0.781139119955794
0.31619388668935 0.78376445748138
0.358855856049435 0.764593120730624
0.356973519813277 0.765434578441811
0.308199273291193 0.78735452879468
0.300460606314292 0.790827825598547
0.28630915522012 0.797179433166549
0.311172687849767 0.786018258361445
0.356555659201123 0.765626199831438
0.352229699196078 0.767574889792711
0.322229944998272 0.781055396502668
0.290635411336729 0.795237100023595
0.317691718394717 0.783090757348864
0.384074469239023 0.753238906771807
0.324920600290361 0.779844961145639
0.30674133956833 0.788009847528638
0.337364976989607 0.774255904208156
0.334297580963081 0.775630786990594
0.361457198202702 0.763419232874932
0.343699703317661 0.771406890460025
0.310476398652162 0.786330948703216
0.325751085282485 0.779469046008915
0.311220627900866 0.785997567590107
0.349004595359046 0.76902301964811
0.271965169436713 0.803615310916323
0.382684223137676 0.753868040806844
0.276757825721667 0.801464634703828
0.32297599435282 0.780718215001899
0.347258253816511 0.769804950865479
0.3924319177118 0.749471766716924
0.366093629712899 0.761336832575722
0.367871310773581 0.760537567478464
0.33141290706819 0.77692630522
0.34234623550065 0.772014220589229
0.353076667127881 0.767191186030103
0.367641290084868 0.760637666869897
0.332836979832663 0.77628910506941
0.346461036442847 0.770163746872471
0.296368585125285 0.792664846157253
0.384228054226148 0.753174398347765
0.376098767671414 0.756833936117109
0.291291573295706 0.794942908662332
0.37772271438094 0.756099623944412
0.336933746590965 0.774447748790877
0.341220217000986 0.772518326648782
0.35804630061134 0.764951075030513
0.391936523802173 0.749698531378329
0.352757845140499 0.767336041561947
0.359374974704463 0.764357893719032
0.356373538146241 0.765705051422703
0.368933475617168 0.760055873158992
0.354289501760397 0.766643511839026
0.378697701895236 0.755664372128188
0.306577415870103 0.788080719622766
0.396803358695122 0.747503999321649
0.362115095011679 0.76312140049443
0.290364360158014 0.795359475436887
0.363407813159582 0.762548083723894
0.37075295223378 0.759240596809714
0.383098864700615 0.753681824415795
0.329440766081977 0.777814616081213
0.289629582986164 0.795689074177937
0.38256533513728 0.753925959149316
0.32189530967113 0.781200141108284
0.349604305824282 0.768751700730022
0.318365598565541 0.78278712313894
0.348298715807723 0.769335874256621
0.304332397432274 0.789091923728913
0.36791281453648 0.760515887599422
0.285556404343868 0.797516468140867
0.285525244091487 0.7975315942732
0.321949846617649 0.781178079987683
0.38710196303444 0.751884400124157
0.288220021788899 0.796321091535671
0.385964411161882 0.752388771299788
0.303306727711527 0.789549322301167
0.363051445342382 0.762700651106115
0.382114481192437 0.754130811549499
0.302312595538758 0.789994760758265
0.350232948022158 0.768470860219551
0.358921388046558 0.764560973729391
0.342929147450583 0.771749263685165
0.348892811408471 0.769071761374169
0.308993927437761 0.786997997816091
0.362191274273603 0.763092470077241
0.37855124804051 0.755732553242673
0.308450333214372 0.787241393471097
0.348883926322906 0.769075686883746
0.343215189844743 0.771626246459262
0.326786829001762 0.779008293153628
0.325465933659717 0.779597938524805
0.34983246642123 0.768647935153444
0.333966255761044 0.775780291039509
0.31882050409465 0.782585755194761
0.346755453407626 0.770027403420256
0.347664033104231 0.769620769798014
0.314553802948667 0.784499105563408
0.350139238107102 0.768508422559322
0.35283243605654 0.767300514276264
0.361772720042112 0.763277074847124
0.385436139676567 0.752635152360736
0.367009640528721 0.760924460986748
0.357216484182615 0.765328953824953
0.310762166369362 0.786203287313129
0.33282777240817 0.776293011955734
0.3428872535127 0.771771451409323
0.384341105937523 0.753123813683709
0.392946993629742 0.749245247977244
0.32737239761061 0.778742999289951
0.301906968459516 0.790179045607633
0.367874732468851 0.760534653883688
0.31308263554008 0.78516151351793
0.281828986922732 0.799188839739699
0.313481661811109 0.784984010026237
0.320654969056659 0.781760193493304
0.332834882134412 0.776290018514186
0.36719894302983 0.760837065700581
0.320533432142967 0.781813951417124
0.274032409765514 0.802686843276165
0.274873208952918 0.802309750952877
0.344301474781561 0.771135435558185
0.382827046642699 0.753798100914535
0.372826907614928 0.758304404569104
0.288904085406185 0.796015204035417
0.338590525140133 0.773704518169419
0.393823120728004 0.748850773301765
0.353643655351837 0.766937622794084
0.3366683968747 0.774566459332873
0.348978021565986 0.769030951856947
0.353956515438955 0.766794570367319
0.328394333603498 0.778281988473079
0.337559894578146 0.774164971524093
0.343519207175554 0.771487400827131
0.295635986924046 0.792993582826132
0.359013562169426 0.764522646640625
0.295236006961492 0.793172433405734
0.277059207827061 0.801328707540141
0.276842966370886 0.801426883136053
0.282352663783484 0.798954863448155
0.378354340682624 0.755819059659988
0.29808112583978 0.791895659105219
0.299217348493655 0.79138372785067
0.26817359212779 0.805315703772738
0.346095744511162 0.770331084917839
0.384941507745254 0.75284629784304
0.329599203416015 0.777741713753918
0.274664088249184 0.802403443987974
0.385466816963831 0.752617215121914
0.345526423649602 0.770589718405283
0.280999612205928 0.799560941180271
0.332851948066315 0.776278905359441
0.299708815198351 0.791164028281386
0.281525080370886 0.799326083720369
0.309156575102562 0.786921280839834
0.301979665634136 0.790145868538959
0.310733724577739 0.786213062018061
0.346288033279672 0.770246237897976
0.330877836906419 0.777169615408577
0.324841325813199 0.779882398466194
0.303059627803268 0.789660009301871
0.332279439681504 0.776537041149856
0.291165030180966 0.795000226368984
0.288482321187949 0.796203053207797
0.372926964466223 0.758259582620513
0.285154891823685 0.797697285772512
0.270441715691825 0.804298051621445
0.297978581820086 0.791941746113901
0.326235720891785 0.779255493937846
0.314243888783644 0.784639639325496
0.36062958645562 0.763793319452584
0.3142643434067 0.784630503224647
0.335935972976442 0.774892218977012
0.275516907457457 0.802021974254351
0.898157973466429 0.219396159905693
0.873783055332555 0.258590196099432
0.879625648335501 0.249206614466717
0.913532381707983 0.194645782384773
0.89784893648888 0.219888525404685
0.907261706534725 0.204742422411413
0.870372487813934 0.264074582844811
0.867912485098473 0.268024600576086
0.896851704928548 0.221494732384244
0.868122029178706 0.267686530884735
0.870278637074714 0.264222004995614
0.910995959151941 0.198733028196329
0.906511437062871 0.205947712054436
0.910716243444404 0.199179343331026
0.879624694433247 0.249222403079428
0.86836699313055 0.267307577836239
0.869631303155941 0.265262606716384
0.90396844059892 0.210042071291081
0.91083334308873 0.19899076932735
0.901987217662279 0.213229554899939
0.91382415267955 0.194175233528837
0.869474644767151 0.265514501311882
0.909378426675642 0.201336060358451
0.899038756064292 0.217971904491306
0.911380705990374 0.198109914687491
0.874427192084398 0.25756701231545
0.876164936348535 0.254757410440686
0.903842941545902 0.210243523587343
0.909843869336213 0.200586611479088
0.911695299491391 0.197604649037463
0.911955563415768 0.197184279764661
0.869897596702396 0.264848850339863
0.873362980937751 0.259261987840769
0.905921826298805 0.206900428471079
0.900844353294033 0.215070482081662
0.900232721914129 0.216057589537819
0.908792521625675 0.202277530298884
0.897071937992507 0.22114065088101
0.909591869368232 0.200991038616643
0.872786211770455 0.260202658820906
0.900141479687836 0.216201654481605
0.330438399342356 0.777366695654359
0.33712970097318 0.774358935346578
0.379587179606379 0.75526190664088
0.379452688872597 0.755329504108524
0.341051292593966 0.772595661886305
0.37403034539097 0.757771536290695
0.354425305411985 0.766581965365549
0.388225301382806 0.751375848826834
0.331496853254054 0.776887286914287
0.35305618557512 0.767200035159496
0.316128032393008 0.783793287329728
0.323967821068248 0.780273392923701
0.378042493973952 0.755964130979507
0.32334349816934 0.780554770931579
0.376809498481693 0.756516693230033
0.377252363163569 0.756316036144404
0.330969406200012 0.777126660102196
0.344954723835504 0.770843203373808
0.371092128646361 0.759087501582471
0.311101115526903 0.786050035735447
0.371901840686084 0.758721332536668
0.358521576514787 0.764743206810952
0.329281041814098 0.777886379429345
0.328557486920453 0.778208436020916
0.31896874886687 0.782516349026244
0.287936464203868 0.79644832661277
0.381863675832674 0.754242376611069
0.28301389836712 0.798657844006887
0.349722397718716 0.768699481065605
0.357003744338759 0.765423863123221
0.330111433883967 0.777510887956609
0.368275837363999 0.760356749643265
0.310898400153979 0.786140504754375
0.297165007886477 0.792306851688404
0.309536656815954 0.786751641396699
0.329911964768475 0.777604866265603
0.384324442366481 0.753126957420887
0.365986288849977 0.761384629297738
0.343877737974924 0.771324001340978
0.291826135752662 0.794704032772834
0.352495274666753 0.767448381071748
0.376941288490619 0.756456475697929
0.285733187622774 0.797437338399221
0.362237479203491 0.763071197365413
0.340590931516211 0.772806940160766
0.285585836540025 0.797504143281389
0.35597346925788 0.765885552343894
0.287847784418558 0.796488444110797
0.356604379490609 0.765603584084321
0.349500302478723 0.768797455269501
0.313532104802974 0.784958399183408
0.329202114071331 0.7779205335645
0.288463083784616 0.796211166937829
0.299462099006135 0.791277333115366
0.286495991060124 0.797095960090515
0.344509071327413 0.771042309087907
0.298123634527068 0.791875201684698
0.299594555791922 0.791214683716552
0.36841926523097 0.760290316386656
0.282668055275418 0.798813268500908
0.332260979890514 0.776544899451554
0.293794431657238 0.7938183427816
0.282902403181175 0.798707627323622
0.391301137829723 0.749985661893448
0.312591079191711 0.785379395667265
0.300948320467134 0.790609961344736
0.378434186143754 0.755780916685697
0.289347680170556 0.795815922511686
0.286786120446855 0.796963898283659
0.388396582790733 0.751292958922918
0.371902289231463 0.758719173230173
0.332731386728436 0.776334109785659
0.312424847285379 0.785457194553264
0.392109989075659 0.749624466357257
0.294086199701207 0.79368954354938
0.311744297085096 0.785760092386369
0.397211711325651 0.747318536515712
0.337533917239065 0.774177748689483
0.320937989282941 0.781632487888257
0.386538077093511 0.752130824731401
0.326471113636275 0.779146794452963
0.286763395227164 0.796977091448354
0.388562955312387 0.751217479548633
0.363185072237429 0.762641706914456
0.328027156400681 0.778451102722557
0.367882062004678 0.760528026439433
0.375768696642584 0.756986689923634
0.346933479723882 0.769952355026225
0.293853862505201 0.793793695649267
0.298925565451996 0.791516095024229
0.341023419675237 0.772611030408898
0.305162215629705 0.788716585329942
0.298606191532748 0.791660985866766
0.314149912053059 0.784681693150967
0.307777797840165 0.787544509150838
0.315039921985892 0.78428256546068
0.281642144340037 0.799273526564755
0.284642759273238 0.797926932937761
0.304081624243661 0.7892021648619
0.280636705685287 0.799724406813109
0.267137043182666 0.805780558014725
0.30583913989346 0.788412855549669
0.298542505405145 0.791687982357638
0.305231277293403 0.788685221749961
0.299758403457257 0.79114230552134
0.307665699511581 0.787594403264216
0.352009364508079 0.767672291596383
0.337702729311884 0.774100198283319
0.264430073478916 0.806994673858427
0.298694931436524 0.791619272276693
0.376216452849707 0.756785681692971
0.32732253197916 0.77876459335445
0.39391567337952 0.748811101678493
0.380093359141664 0.75503795992292
0.387239127943816 0.751814798001763
0.314692601978124 0.784437231022278
0.346476025576118 0.770155235697627
0.353134152406581 0.767166522097925
0.315490813751421 0.784078320956721
0.312691680662602 0.785335986160338
0.35461790799618 0.766499328251029
0.340746857853376 0.772731726750394
0.347160503521558 0.769848797674968
0.309093400519565 0.786950462723167
0.352754964330773 0.767339422751552
0.375723200471756 0.756999113983492
0.374410346355778 0.757587829528121
0.323422857009545 0.78051738711638
0.363041620191958 0.762712342906433
0.333673070497537 0.775912603082258
0.326076882897339 0.779323087019571
0.328197477726209 0.778370826731055
0.346194825928099 0.770282022770699
0.329800149843058 0.777652604846421
0.324981820200297 0.779816661584459
0.334173319847559 0.775685452128501
0.365964914593371 0.761394789312174
0.305425747294773 0.78859828168837
0.381310941802071 0.754484611372587
0.300040299456251 0.791015669259847
0.332533685584 0.776425285040316
0.356222092706327 0.765772042030926
0.352745744316429 0.767339652601205
0.27670964294302 0.801486064870733
0.297739802051446 0.792048007666235
0.366975743338344 0.760934338683646
0.315162018372254 0.784227031555363
0.298177703296742 0.79185134383294
0.314072015669051 0.784715441459861
0.366264295431326 0.761254620890211
0.388267355671377 0.751350011782016
0.345538639801778 0.770576836243528
0.306863891591856 0.787952193928353
0.281247353958495 0.799449351458814
0.32596722181269 0.779374174677192
0.328300730181755 0.778327413726741
0.296397108023562 0.792651112484143
0.295309334606998 0.79314041430943
0.375469226464988 0.75711576030821
0.383356114098405 0.753564055955332
0.304364262634776 0.789076186781181
0.307911730098617 0.787481288820653
0.314757965163934 0.784408466714333
0.326019731973669 0.779351801941083
0.310058184745531 0.786517325712851
0.279956073410484 0.800030406573
0.364350359539314 0.762119661080371
0.374287863199629 0.757644524493405
0.28744344847228 0.796669049946551
0.36224923868586 0.763062304075747
0.272706734727483 0.803282371891166
0.327086856268345 0.778872551215801
0.32816748611453 0.778385738608611
0.371240467536564 0.759019933600627
0.359903917907402 0.764123022964458
0.264319092603238 0.807044408721564
0.299574242175706 0.79122556445788
0.300030474161236 0.791021672719515
0.371344809022507 0.758975750444408
0.282662334502718 0.798814514838088
0.278434327348101 0.800711686990507
0.311893981188007 0.785694765083838
0.342789175089633 0.771818834529653
0.375671751332095 0.757025259223687
0.346280645068597 0.770249325293206
0.385415244347652 0.752638838151354
0.290195939067292 0.795435180047226
0.301488767069056 0.790364599329695
0.276365239450194 0.801640263929518
0.39451829437448 0.748537588268915
0.390407220509791 0.750387981793073
0.294354759844093 0.793568882519126
0.3160150321894 0.783843798594184
0.28846166821146 0.796212550152022
0.31885385374209 0.782570465173594
0.317029136538868 0.783389966905464
0.288508832565026 0.796192197357393
0.317819357701515 0.783034395114298
0.282514963591013 0.798880591480176
0.353805428558968 0.766860803701061
0.295104724192746 0.793230928558129
0.299242431316138 0.791375478851226
0.310521737665595 0.786309861612926
0.322577517286298 0.780897447847336
0.3106259167415 0.786261608920996
0.266706358740106 0.805973738852795
0.317459841939975 0.783193181748595
0.387744569949024 0.751590314199426
0.266460701599674 0.806083929267685
0.267820735796574 0.805473961549671
0.325185847862634 0.77972782351148
0.306457650633229 0.788134551169097
0.272597057807004 0.803330739657245
0.370057972895878 0.759550578312536
0.273219817901035 0.803051434281298
0.31639305997102 0.783675364685218
0.292313479992311 0.794484850711113
0.29011097414183 0.795471554574807
0.268821732988171 0.805024401219441
0.308951723815501 0.787016955292403
0.384255609749132 0.753162731248533
0.274875650347428 0.802308415435941
0.356736940022764 0.765542182247794
0.286897341565759 0.796915229802716
0.382023774880115 0.754169164709005
0.295151733672975 0.793210907081836
0.295787478375967 0.792926779687034
0.281716960862363 0.799240166521277
0.388491610559453 0.751249344923444
0.323768685427084 0.780361785691016
0.281109474466224 0.799511633461515
0.323306303728682 0.780570403027348
0.302619979863067 0.789858810942975
0.381886056231496 0.754225784972888
0.277735571612099 0.80102616970275
0.32488903311315 0.779858200880186
0.345578363010079 0.770560751042599
0.276871045413094 0.801413594716907
0.327306862611558 0.778774617205649
0.304669044941985 0.788936968998543
0.329461914754564 0.777802906575773
0.307702026434506 0.787577058851507
0.290706071271015 0.79520622210502
0.383079559597136 0.753689144874757
0.33716049411634 0.774347294329362
0.341769027227234 0.772272205245621
0.311513862630998 0.785865967838823
0.364041560893843 0.762260001631258
0.354032198685925 0.766761036847535
0.394206348245475 0.748677400405369
0.333649135054516 0.775921042731472
0.318173602281279 0.782874128584668
0.339660694894765 0.773220785919787
0.315323133346093 0.784156762331994
0.311565512076618 0.785842679097754
0.377638439003024 0.756141253060659
0.360631440593319 0.763793075730651
0.34734110472413 0.769771571102934
0.382318611471404 0.754037969196188
0.359223617150392 0.764425489218644
0.367388354670645 0.760753153016035
0.353083364607684 0.767190475976092
0.352542877573178 0.767430796884044
0.35077717956586 0.768225790046833
0.340318421281783 0.772928169203003
0.350668990105311 0.768273491214074
0.308077789818717 0.787408346634567
0.301707823127521 0.790267467292269
0.323571420643943 0.780452419956675
0.32153264973759 0.781368599100107
0.388247975283517 0.751363730774685
0.363870309991269 0.76233669756141
0.372019146716297 0.758665914396483
0.300451873086564 0.790831177890871
0.386303249552731 0.752237696304452
0.342450485896776 0.771967712534808
0.341821732431134 0.77224785041961
0.268228115625175 0.805291189829934
0.296772922108228 0.792483131861246
0.310526611246873 0.786308700517553
0.331224333817103 0.777011658909015
0.334302677817764 0.775626979283316
0.308809908811039 0.787079494762534
0.34236019679939 0.772009087314241
0.338260980537871 0.773849458612742
0.292616083081035 0.794349137195601
0.317469403063996 0.783190925724435
0.385190164721919 0.752744323993363
0.269801389367151 0.804585314533625
0.336437799974269 0.774667007285914
0.281778626734597 0.799212031147596
0.337541119528741 0.774172935900915
0.298669199674902 0.791631549498494
0.350862947317387 0.76818323186575
0.393189690114518 0.749134080263202
0.321868064733615 0.781215089210745
0.341268159901063 0.7724984483298
0.306141344538647 0.788276643553363
0.393021840277663 0.749207315132985
0.364680286990347 0.761970511704761
0.392464944742416 0.749457314398231
0.297082728077039 0.792343435464486
0.309584990615266 0.786730182197373
0.392333066401906 0.749521213481149
0.291066910155882 0.795043115427098
0.298397542378867 0.79175344781465
0.309518698943212 0.786759843896837
0.317019654107165 0.783393334801491
0.393221953761241 0.749119540837716
0.387526100805707 0.751692171254991
0.295026026913814 0.793266350459544
0.309338340153044 0.786841360177193
0.29376846413794 0.793831112261344
0.337263832633945 0.77429823274526
0.289058096404854 0.795944886547942
0.314771691722293 0.784402302337689
0.342196528489345 0.772080038492066
0.292187067265882 0.794540346423071
0.354952651722388 0.766345784538155
0.26850659638501 0.805166257321977
0.35963426192568 0.764242818047628
0.3541459674062 0.766712056249375
0.313144643591078 0.785133330664089
0.275562568287386 0.802001691891285
0.313151912662046 0.785127810845565
0.296068366825143 0.792799375271556
0.278454561011754 0.800703842848276
0.362632398531328 0.762889645128711
0.334003682133992 0.775765784846064
0.365772250613885 0.761478314814498
0.320341666818305 0.781903036481
0.315521140087969 0.784064916029078
0.31093743651276 0.786124463743436
0.308439301032863 0.787245802479152
0.310782538656788 0.786193343232217
0.313238374551355 0.785091237933981
0.345048700584934 0.770799970595636
0.300584786350093 0.790772382783711
0.31026466872011 0.786425642038004
0.272670204287911 0.803298609348742
0.267244501674572 0.805731979292908
0.302180522416916 0.790054687668505
0.37457452959461 0.757514972230677
0.275926824087437 0.801837693601
0.379479382402177 0.755306350978147
0.370003283917238 0.75957881659851
0.394265059206224 0.748652202477451
0.314368487556108 0.784585141571649
0.190960456291221 0.876097095764159
0.188893635282811 0.877157606527903
0.203592127262749 0.869608446927897
0.207176789560317 0.867761991590505
0.206092865938844 0.868320617582799
0.185903033222179 0.878693346568125
0.198970681140818 0.87197593638315
0.229192839498174 0.856450475321924
0.242759163500989 0.849476560561455
0.216880336245247 0.862777392742912
0.189328811528923 0.876935335041439
0.243206401937205 0.849237682490381
0.194763358532701 0.874141175118276
0.177856312952804 0.882827903116012
0.191037417773344 0.876060037240949
0.185680299667878 0.878807679698032
0.212010448096623 0.865276277344875
0.208344664283727 0.867167729250258
0.255924630650142 0.842695966176803
0.24325598283906 0.849219534713091
0.182311585340131 0.880538850052758
0.194808276276747 0.87411588981467
0.216242254688488 0.86310135026229
0.203694994514827 0.869551985640339
0.187169904412066 0.878042317200241
0.225616781369393 0.858285068416538
0.181755809995314 0.880822227468154
0.187102580427726 0.878076130209955
0.203722560254587 0.86953650129861
0.196990441676866 0.872996326637896
0.194728421104542 0.874156943047952
0.222317562968512 0.859980356568799
0.213507496130471 0.864512526904847
0.253247583015124 0.844085139111029
0.194091435749346 0.874485566860612
0.221276526870323 0.860516505951177
0.20606125926839 0.868336882243632
0.201602812033247 0.870628949488694
0.220954763385274 0.860686216296174
0.190770839110276 0.8761912520382
0.227429105672142 0.857354350541124
0.195771304641004 0.873621865119781
0.197729607472483 0.872620389556372
0.174021567906723 0.884797161091432
0.203004226904912 0.869906380159458
0.197325500465919 0.872824866546757
0.228908501611952 0.856592526802437
0.239617972559092 0.851097301797704
0.20336129404785 0.869726977042525
0.193078525559005 0.875005639829054
0.193739597336945 0.874666815334073
0.233342119790916 0.854320507124961
0.253924765582785 0.843720174282822
0.196601943934131 0.87320207234406
0.200149728861038 0.871377139807599
0.187518316026142 0.877864326437372
0.20369119798366 0.869554276453335
0.231841429650837 0.855081734309114
0.184764652428049 0.879276548928909
0.195433022778746 0.873799467205632
0.192649596266577 0.875228702395871
0.198018091097844 0.872466204907078
0.200995667086013 0.870941125526261
0.182257030579955 0.88056515004299
0.211340468215291 0.865621230370552
0.182868747035929 0.880252613727705
0.203471655107755 0.869666070587831
0.1982695595757 0.87234028232287
0.184306857633246 0.879512510263636
0.175325587552013 0.884127181648332
0.221565154534707 0.860366632161004
0.216728990476702 0.862857494631241
0.19015735453497 0.876510136813658
0.223823616996739 0.859200604289949
0.207263432560842 0.867717664758987
0.189320961404137 0.876935352687791
0.195124648844927 0.873954375811942
0.191093018653904 0.876027990826277
0.185652368411983 0.878820884546133
0.225280230753677 0.858458200878262
0.219611396422706 0.861368718397432
0.216535913983625 0.862954473892429
0.172852452833504 0.885396781164014
0.228499032968764 0.856808907837743
0.249591392738773 0.845959616989245
0.189954212107406 0.876613846778133
0.188843262916875 0.877182706360159
0.200377193940991 0.871256440489933
0.161471198589577 0.891242052372595
0.228104546936563 0.857006210124381
0.240403037809568 0.850689509398938
0.217106118068528 0.862657828706145
0.238906943796105 0.851450082989567
0.253637173105648 0.84387964148321
0.227029218684694 0.857557050419339
0.248936286852081 0.84630196044575
0.191459650065242 0.875841157660158
0.244784504912629 0.84842139681924
0.184391725985173 0.879468587925469
0.235763105093731 0.853071742608577
0.214383643082378 0.864062819727724
0.229339093981213 0.856377985420913
0.230024993294066 0.856015648935743
0.195122064339873 0.873955839423706
0.188463284331792 0.877378787475866
0.212002066755834 0.865287366639196
0.173530255952068 0.885049323248405
0.243138855077263 0.849281172245648
0.233602831842348 0.854183806344882
0.21662541704539 0.862901930654002
0.208895197734394 0.866878792678216
0.23085070065053 0.855603062730954
0.230865414825733 0.855599206337274
0.209491233454153 0.866570618661945
0.195537651489649 0.8737417792553
0.21795630412951 0.862223327081294
0.186797287737808 0.87823370182559
0.200671317752281 0.871103002294498
0.207782509973016 0.867457898532786
0.163901776558867 0.889994621541988
0.230561874121469 0.855747742990017
0.180003450685569 0.88172341885957
0.185431017769705 0.878935530966506
0.196461218503968 0.873271341839338
0.207739416935854 0.867468418899126
0.183333761481012 0.880012069841005
0.226840350689795 0.857658314164461
0.208775848675016 0.866941949394381
0.163579081189785 0.890160560490388
0.209895846241043 0.86636628083854
0.234231145804191 0.853856834534125
0.188081316266133 0.877574384769666
0.203767910408043 0.869514025452618
0.221975906926202 0.860151547843942
0.210758413884504 0.865930699453477
0.174812162388172 0.884390161400269
0.204995938173656 0.868880676719279
0.20438945621789 0.869197808663072
0.199348996264314 0.871784113336143
0.217416482925484 0.862505347222607
0.185804242579762 0.878743647536571
0.25623796953715 0.842542065858256
0.197293704988246 0.872850735440455
0.204691459525793 0.869041401654187
0.189817381003916 0.876682540269358
0.168405188233417 0.887681776150453
0.174230649600932 0.884690831716037
0.248734838228934 0.846401899838568
0.20569163854286 0.868529372262242
0.187895719587784 0.877671775099366
0.195635947896369 0.873690406821935
0.175768276420403 0.883901243084578
0.17370689920636 0.884960367824034
0.212129796536196 0.865216694748993
0.19154927067811 0.875793323307527
0.228831552102457 0.856634324416566
0.255234075591017 0.84305577736872
0.186777808561024 0.8782436236686
0.196616194324916 0.873186404627771
0.245020598707373 0.84830169196704
0.209871310054663 0.866377856317072
0.176578868403739 0.88348563510755
0.223483184699304 0.859377181471385
0.19885079482164 0.87204108430979
0.224803830097818 0.858705930859322
0.255577026119345 0.842878271929387
0.179691312098186 0.881886931832939
0.252612618866564 0.844407454403414
0.237888998124766 0.851969845066167
0.231430869165928 0.855292746697492
0.223274299883841 0.859496630391956
0.16865791282023 0.887551803520847
0.250388901314125 0.84554770538042
0.195166471497759 0.873932119413295
0.219680749541801 0.861337714132812
0.23922639210137 0.85129521637245
0.196190737752819 0.873406954897925
0.194830396794072 0.874104563905685
0.201781680530349 0.870539830221782
0.22926210109349 0.856414675381892
0.240453803292024 0.850649847006589
0.249331121397973 0.846093031051789
0.253204476227517 0.844101582043892
0.173912745838222 0.884852722196608
0.240045099708049 0.850861070753945
0.210475682575153 0.866068437202112
0.170723060250852 0.886492369124504
0.231857208691738 0.85507242561092
0.220739218453802 0.860795986474419
0.195605437645083 0.873709968399762
0.181687472604776 0.880860149011996
0.206230177338567 0.86824900405112
0.195898839131283 0.873559225401225
0.161412288034622 0.891272357179708
0.167409582184014 0.888192648303773
0.19366706338604 0.874707508180286
0.19856941599319 0.87218631290001
0.215793461363308 0.863332929771696
0.227356632969413 0.857395969614665
0.868267421619949 0.267452998243703
0.870982899008283 0.263085128542753
0.870212455669261 0.264323989040842
0.874359475368734 0.257669750104615
0.877191374227333 0.25312012128836
0.868483884080004 0.267113197356247
0.87123764594986 0.262672723924137
0.878802237962835 0.250528113449824
0.868949507561606 0.266358623051202
0.874273254784216 0.25779904950921
0.905245943490732 0.207986932868947
0.871952673336775 0.261527088337394
0.908925792611198 0.202067828321552
0.90159723231489 0.213855756630081
0.87155418996758 0.262171656934078
0.898652586026289 0.218594100940341
0.900858816420853 0.21504275678129
0.871607245527368 0.262081601125995
0.867704141309406 0.268352210892753
0.91325988771359 0.195086796696349
0.867344448993307 0.268934320212026
0.897284014918741 0.220796600895582
0.875962514579052 0.255104935302074
0.901192713870892 0.214506388942652
0.875426798008216 0.255953801854424
0.877035976528387 0.253363296698838
0.873430023314836 0.259158811111865
0.896490952335882 0.222080128518401
0.903027644504834 0.211560777851412
0.873495517765745 0.259055453330387
0.871606574475572 0.262093203826466
0.871121913195024 0.262867794612218
0.900485944202138 0.215649896791555
0.87069467513925 0.263554440594365
0.871187842556869 0.262770839234129
0.901272612773439 0.214385887505908
0.869693396147374 0.265177598001325
0.897493537124061 0.220458137732405
0.869740977730813 0.265095192882646
0.898496891292485 0.218844523141369
0.867933735802008 0.267988500749546
0.913876443679495 0.194095209027863
0.897122765975842 0.221054509722069
0.895675474141819 0.223386768760161
0.876535963036973 0.254173015452601
0.906933224245816 0.20526879424818
0.898638559365406 0.218620716029614
0.876044578287888 0.254956793435143
0.872184615739558 0.261161861640726
0.895719078699816 0.223322304181388
0.923467299853368 0.178648896255014
0.878546343962976 0.250940980139622
0.868360423352568 0.26730888094838
0.909782470823796 0.200688581553779
0.874953774240686 0.256718731199878
0.916878023573227 0.189264276367085
0.870447661571109 0.26395301967047
0.874335854529829 0.257698255672335
0.906904361561196 0.20531793676343
0.924971258245982 0.176226575212407
0.870951754178128 0.263142956186453
0.867756243091815 0.268270083027266
0.871453690674893 0.262327443522062
0.909719364206161 0.200784495116703
0.869397804944892 0.265638805763943
0.920259130130884 0.183816377853286
0.877553190130507 0.252528005141509
0.868935548152617 0.266377144657412
0.872440717825992 0.260739885645591
0.869721496959053 0.265113055557038
0.918981929864145 0.18587167686496
0.905281910609305 0.20793086658955
0.867433270438969 0.268797405812793
0.874374007899829 0.25763729785393
0.910449593873964 0.199609410135241
0.909421668563295 0.201268464179911
0.92341604280989 0.178731309942097
0.917403143452739 0.18841505437674
0.913831124128189 0.194163894026734
0.875289156996828 0.256166521529145
0.87353074348734 0.258992470088305
0.89828476183384 0.219183875124592
0.872117630853778 0.261272501982425
0.896405664480985 0.222215223790909
0.873538628330141 0.25899200289516
0.867796605338367 0.26821451716624
0.870194016940086 0.264364826460454
0.919608563203954 0.184861673015871
0.868024434919203 0.267836522932821
0.906186596303793 0.206473961719612
0.922532242203404 0.180154883018403
0.870513428830749 0.263835828493161
0.912338131284904 0.196569279491526
0.899331305138232 0.217507837733916
0.919296786737535 0.185366229233876
0.905116768564827 0.208194110974417
0.876402124837315 0.254382234971764
0.873679059909018 0.258767300924945
0.873453544807621 0.259134394532774
0.874022668760943 0.258198346752458
0.875454980713497 0.255905541453009
0.871288663658002 0.262592102425887
0.875172141622944 0.256370521793952
0.924025694372044 0.177749348308874
0.911334550712142 0.19818212559405
0.878198243813027 0.251497624783603
0.879169798895925 0.249932802760469
0.92140347561025 0.18197277205905
0.911803906343833 0.197431542291193
0.900372195654491 0.215833367967491
0.925702271446806 0.175049175694496
0.911455377683036 0.197987644856634
0.878156007439759 0.251566168855036
0.917061152286686 0.188962932129978
0.878585637948251 0.250871987405278
0.925703293227695 0.17504752934609
0.918667768493041 0.186379154621728
0.877027230011554 0.253372180318483
0.878639240850213 0.250780409748343
0.922603002728874 0.180041029384299
0.920494075756246 0.183437436359667
0.875929382368076 0.255138340565185
0.873355768080892 0.259278479466826
0.872395436256625 0.260824597763993
0.924034423993524 0.177735926663684
0.868744737907088 0.266681681068932
0.920470078806859 0.183476579472701
0.906827135200659 0.205448277852761
0.91655431591689 0.189782209920108
0.910787290846137 0.199069379966994
0.878835468643395 0.250471705206534
0.918209751091077 0.187116787414369
0.920280261655713 0.183782521239715
0.873229964825963 0.259475466952018
0.871251139169781 0.262652899050459
0.926165172223844 0.174303666579639
0.872464212848369 0.260704656285211
0.920704366451171 0.183098530113426
0.896132133467184 0.222647551713707
0.921885329311066 0.181196763249138
0.875096139032447 0.25648329840459
0.875319276506595 0.256129043749765
0.921208011137416 0.182287690228737
0.924209317778824 0.177453684589569
0.877834894266624 0.252072380821302
0.86991713996817 0.264795021175897
0.923980198085807 0.177822624784538
0.897068431837253 0.221141080454992
0.897954402572685 0.219720266309606
0.869443338522279 0.265556281650425
0.872044675264074 0.261386668068463
0.91826442008665 0.18702816355651
0.92421501902531 0.177444991437231
0.897203662838232 0.220926129629388
0.874670412397175 0.257160879384179
0.915313954415727 0.191779036838451
0.878603463809004 0.250854914510995
0.921427305634934 0.181934482045548
0.873607492797498 0.258871959482743
0.924145127837138 0.177556990543903
0.872079007465954 0.261332136082453
0.874395631774865 0.257604970602758
0.923835347517182 0.178056291314384
0.920073288122893 0.184117135933688
0.874601847187098 0.25727474535218
0.867665089300497 0.268422070867633
0.878770520785876 0.250577046148517
0.874860780076028 0.256860823341823
0.876778959377557 0.253773048770365
0.878018449090147 0.251790397193625
0.925613838109249 0.175191606178177
0.924367100817965 0.177199569370405
0.900388446348767 0.215803113307036
0.923832879205183 0.178059928339991
0.918936633063035 0.185946170468446
0.914894998183214 0.192455829491723
0.924698265414317 0.176666185437789
0.868155257324373 0.267636434115929
0.926390427366111 0.173940841506537
0.925616081129876 0.175188165478849
0.868194049305991 0.267567961018147
0.878582487337844 0.250886090143922
0.921943263405557 0.181104419105435
0.901215379570516 0.214473696648262
0.897979122980464 0.219682979091574
0.919122237035448 0.185647215159708
0.923943506609049 0.177881720320838
0.919317390202891 0.185334766087952
0.925194129457152 0.175867560140511
0.916066688295721 0.190563895392807
0.900238660393375 0.216046427976576
0.926761504793575 0.173343323637967
0.879499454515267 0.249400961194514
0.924575761801562 0.176863562844816
0.868651389916755 0.26684226114347
0.878701605032781 0.250687189645561
0.877002248138911 0.253413050107367
0.876222023069628 0.254673704183312
0.878031941501264 0.251759071305211
0.876004269583757 0.255019697654162
0.877478636908137 0.252653271904494
0.908170330980738 0.20327672781561
0.905782478869517 0.207119514152165
0.868539565187213 0.267015377806141
0.90946046320277 0.201200197139305
0.876518600147485 0.254194192105954
0.898369140637715 0.219049201343707
0.876306193588544 0.254540688802718
0.91205249789379 0.197031420826335
0.875361028802897 0.256058010607968
0.897741659118029 0.220060655043338
0.878021975186558 0.251777649617148
0.879414838321338 0.24953659225532
0.873721508149686 0.258687288376317
0.877393572363515 0.252784242362429
0.915923395925997 0.19079903845637
0.920453024234654 0.183503554667495
0.870183899256201 0.264388100130386
0.389135395406402 0.750960754630125
0.34876254134335 0.769130626278424
0.33953260826731 0.773280955799452
0.358652155506678 0.764682202406565
0.366428174194565 0.761182212817243
0.394002591439936 0.748771283628555
0.369891917658212 0.759623167173989
0.336466616909778 0.774657322852302
0.313376261432312 0.78502701674734
0.32217851587082 0.781074389062971
0.321492797650239 0.781383785131046
0.356947411924487 0.765451858367579
0.297424171314413 0.792191744977994
0.339269018096899 0.773397747044068
0.366207765009127 0.761281294418942
0.39578077143923 0.747965742556348
0.332449604591297 0.776461799209264
0.395824844250235 0.747952483885485
0.368361425237769 0.760318565498927
0.37127343634774 0.75900229499078
0.387895840267015 0.751517178560408
0.324282251844323 0.780129736484761
0.372202470966319 0.758584484153627
0.312977600118333 0.785207025036912
0.318070535881027 0.782921678704137
0.289344055973897 0.795816419237906
0.373744768109814 0.757889479120047
0.378659269415304 0.755680011272595
0.393058814089974 0.749194489043227
0.31487402206394 0.784359270097699
0.313029647167206 0.785182468005868
0.367312050276486 0.760785779294996
0.2993555073457 0.791324175253737
0.297804740738503 0.792020280572667
0.299525435820625 0.791248042150142
0.285341900328188 0.797612895649528
0.288505108853672 0.796193285667213
0.298077002327355 0.791895880569468
0.293963085218418 0.79374304244141
0.313130300448914 0.785139773381567
0.299438530362102 0.791284852673926
0.288180468503343 0.796339680704943
0.389551838183842 0.750775239248428
0.375057732797023 0.757298575675066
0.378313773436396 0.755829984402786
0.293336553313894 0.794026008765261
0.338199945012244 0.773876481131409
0.278019904204594 0.800898289556676
0.285323108417881 0.797621348897528
0.304202960276207 0.789147329455031
0.294730036654171 0.793400372504309
0.362388777582808 0.763000710286963
0.334565752558737 0.775510285988978
0.282557277076363 0.79886209524884
0.349304943901809 0.768887073853881
0.379986552578154 0.755084423743356
0.372467017969545 0.758468359499712
0.318816801575466 0.782585861273592
0.302168755576137 0.790059521722075
0.341501499813949 0.772396094687254
0.363793147287393 0.762370124198803
0.394562978403303 0.748523081818818
0.337231162242067 0.774315064120682
0.309786809303661 0.786640853661348
0.349977046310547 0.768585476544641
0.334929759359438 0.775345266848724
0.379946555474398 0.755100212410256
0.312861351147694 0.785262900956318
0.391982655971006 0.749673939260531
0.324001333028896 0.780255909416182
0.32168721792162 0.78129722071926
0.29970561671112 0.791167526146845
0.34446553419661 0.771062016253857
0.28276898147403 0.798767827990352
0.340698080701295 0.772754596653736
0.335896862243911 0.774912856563526
0.3117571543027 0.785755338155036
0.273658030133535 0.802855348187548
0.27480976865439 0.802338032420972
0.333338817571486 0.776060004003811
0.277921582934553 0.800942802643995
0.367401468256912 0.760742659599684
0.362159649020813 0.763104107869449
0.360480310290757 0.763859343236926
0.341088920345091 0.772580446488365
0.345574634536554 0.770563069534796
0.348941398841459 0.769049857983324
0.282849041550577 0.798731608117029
0.364347696865927 0.762123830344524
0.331645448410962 0.776822283611373
0.286849873656901 0.796936703375627
0.368111254031393 0.760430119230825
0.380943874436332 0.754655845454883
0.367728545879947 0.760597241390314
0.364216569096097 0.762175769987869
0.339718450391584 0.773194980343589
0.347610633359321 0.769644191322301
0.272058008625203 0.803573331669022
0.353575539187562 0.766967862179385
0.394523976022438 0.748529063353308
0.270895119854276 0.804094458665199
0.377817067645294 0.756056883996092
0.332082255972387 0.776623796974624
0.364477174725615 0.762067504178481
0.285091071270212 0.797727309235
0.331800186899172 0.776754782028873
0.343967948253379 0.771284166232873
0.329080812013166 0.777974524184383
0.37603115799767 0.756858745320424
0.322809750812286 0.78079308457129
0.357489650765264 0.76520346691128
0.38258663471694 0.753913473153659
0.310149002328757 0.786478012909175
0.358018710249921 0.764965851627054
0.329876144643399 0.777617056165377
0.358061752666044 0.764946335502865
0.334929649167176 0.775348033123927
0.276694860407371 0.801493030713588
0.273281801197727 0.803024562940747
0.349257867910477 0.768908099891337
0.384671344648269 0.752975868657874
0.301229599597515 0.79048349778173
0.358169104795966 0.764900767940452
0.388007449310948 0.751472097261734
0.271643951377518 0.803759447841513
0.372851732415061 0.758293021872119
0.384653721840592 0.75298224174664
0.273374147992777 0.802982571526253
0.300759257016971 0.790691772991167
0.302518549648952 0.789905759292675
0.266268769812424 0.806170096234938
0.394693813731972 0.748461071194515
0.372041568383705 0.758657319128869
0.372618027540837 0.758401306389828
0.32965151241487 0.777719126998075
0.32718264574113 0.778825484738023
0.320800005545343 0.781693783587375
0.36654981512223 0.761133011721031
0.391195027415484 0.75004210862905
0.320356836641922 0.78189371812745
0.324156495510553 0.780187079027001
0.313455827275052 0.784992692058465
0.390018865872981 0.750567077313089
0.395844476268787 0.747938904338226
0.340008699493852 0.773065400293625
0.324529858769717 0.780018114040185
0.314813450267804 0.784382851626395
0.368012684360669 0.760469098908605
0.377612371911845 0.756156023917574
0.328273804694675 0.778337278600044
0.351957002179277 0.767691447814081
0.367465432951521 0.760719967264319
0.338956061865252 0.773535704257538
0.345729952341682 0.770492414456787
0.348895924142129 0.769068565758242
0.356564575760378 0.765619570828333
0.360994568886651 0.763629188869301
0.363679711796512 0.762420135744479
0.343828069564186 0.771348717003409
0.312905232540571 0.785240567178102
0.333885990780377 0.77581795696372
0.339630719297637 0.773232567396498
0.345865998387823 0.770433047948675
0.356870333913823 0.765482897208081
0.346571711450547 0.770115847652861
0.344178111842091 0.771193270993681
0.302967669986059 0.789702734269534
0.302598380047168 0.789867484953052
0.352461584450973 0.767466491161014
0.325070866023662 0.779779436407858
0.314755033873951 0.784408938281296
0.36844434813585 0.760274138866454
0.385547497123353 0.752577853541529
0.365410460338837 0.761638693401877
0.294945926141549 0.793303706975553
0.396071135364367 0.747838166015299
0.342435600904676 0.771974054734858
0.288614841393046 0.796144650434553
0.293589062862324 0.793912123536354
0.368291614427686 0.760344827087832
0.350335934997074 0.768422989892528
0.382246354879343 0.754061314040559
0.353407786037511 0.767036982547911
0.365027725437276 0.761821104402506
0.377189882509218 0.75634027349459
0.380582035488413 0.754817397255361
0.310599135681909 0.786273600971692
0.332013659938888 0.776658586207915
0.319249279730573 0.78239108926524
0.339947605434366 0.773093953434513
0.356998312328315 0.765428462817006
0.372883517421398 0.758278447308293
0.346156867969498 0.770299526174216
0.37195416280346 0.758700517852301
0.377376243223255 0.756256318604423
0.298218051706909 0.791835963145401
0.336294553799302 0.774732877349963
0.365975613387164 0.761387933921026
0.3559121780887 0.765913636715678
0.390594460439134 0.750303944750882
0.308278353326435 0.787316036328063
0.276160591772336 0.80173201362656
0.33365671698286 0.77591861135776
0.33670705885439 0.77454741740134
0.294217881152827 0.793630550427491
0.355906196440527 0.765917377122754
0.323498090234387 0.780483473818297
0.381974431824078 0.754184616701585
0.317788469686747 0.783047822434237
0.360502157776954 0.763850417097709
0.371802200623466 0.758763849471044
0.358197570607623 0.764891004992631
0.373297149903358 0.758091719633397
0.380080870561603 0.755043339918377
0.344542808187735 0.771031511683537
0.375394330924831 0.757150778015655
0.354727204752008 0.766446457613619
0.384915135105556 0.752856676601743
0.277041110748127 0.801338353765472
0.390704007375236 0.750255389418187
0.389542705128933 0.750780243053382
0.381455906722316 0.754423179265529
0.3737955972481 0.757870672216445
0.34278011600695 0.771821325920357
0.350423692021883 0.768381440770974
0.350836098634152 0.768192783446148
0.358202112016741 0.764890635074418
0.386480228717639 0.752160340909278
0.361005103014313 0.763625831734375
0.376577192032126 0.756622779907787
0.355317713194158 0.766180288873226
0.352207323419422 0.767579449237598
0.326994298132285 0.778914986637472
0.344194403421633 0.771180413110111
0.394354324072423 0.748612599520361
0.316053651943784 0.783825227509875
0.360536009192461 0.763834156922546
0.31447896888624 0.784534676385952
0.330015115663958 0.777555689136347
0.318015113395752 0.782947206287009
0.313220700773554 0.785099027888928
0.328956821616824 0.778030993358376
0.383884105521447 0.753328814700097
0.292716554778513 0.794302835463295
0.352977678472872 0.767233543724683
0.298352491644738 0.791774483088811
0.326647622618329 0.779065660027288
0.360080248854623 0.764042879833925
0.282006412259156 0.799109127952046
0.374046517920204 0.757760090206142
0.346417856773236 0.770183054891672
0.297667639671262 0.792081315421719
0.367907885289348 0.760522354223086
0.279168897126735 0.800383367859106
0.360134168717416 0.764017463105104
0.321558514666487 0.781355619101928
0.381380753918307 0.754452497926553
0.372703807743807 0.758363711157208
0.27659072384977 0.801540424278462
0.340048054244786 0.773048288110867
0.362091100753618 0.763136706498694
0.271272018240475 0.803925571862873
0.331063023441475 0.777084985357891
0.331898620328008 0.776710487691251
0.368844962254156 0.760096346874157
0.359200947778312 0.764436101903035
0.270766687569715 0.804152216687154
0.370474139643638 0.759366441845451
0.310880830641423 0.786148845781446
0.324052427196923 0.780232246674828
0.353902827271381 0.766820341428638
0.31347941032309 0.784984055488056
0.376839634727572 0.756498552227667
0.296465674591677 0.792620140331468
0.311052836577998 0.786070614523076
0.322753381099913 0.780816864821014
0.372711563210094 0.758354148692583
0.36126183293895 0.763507312353326
0.360612988099051 0.763804408081502
0.326587779808282 0.779092662255876
0.305448660343352 0.788587488656547
0.348122584103702 0.769414019147812
0.351393245490118 0.767949214499005
0.296451833013393 0.792628223940514
0.293770349247528 0.793830474861209
0.365373703990215 0.76166053731488
0.375276264036221 0.757203824678735
0.352912187837053 0.767260599568239
0.383665217333265 0.753426698465851
0.274641531174507 0.802413657604076
0.377654996558229 0.756134545989539
0.353629551619927 0.766939072969602
0.277888475088242 0.800956951333614
0.302009984451899 0.790131399137193
0.272926122685174 0.80318322119595
0.372311354906696 0.758537048697402
0.362025968384303 0.763162110340113
0.316161903547436 0.78377684853745
0.397022048630927 0.747409790024829
0.346797590043741 0.770010477660313
0.380328263925732 0.754924740235521
0.361737333029347 0.763296689892168
0.364811852983387 0.761909956076697
0.336536300291948 0.774628334052161
0.315811679809088 0.783935103679866
0.307033588112105 0.787877212899464
0.377531273689423 0.756186081575811
0.364054150576174 0.762256092915151
0.290341439517657 0.795369710452994
0.32880292021133 0.778100238957539
0.389807712037869 0.750665772919791
0.313505360204856 0.784971552091479
0.365458279159717 0.761619621667439
0.392087406340339 0.749628469634446
0.326862033789262 0.778973902965695
0.350065560678389 0.768546862485368
0.271207189429223 0.80395542036827
0.34679310929531 0.770015599357968
0.309790639985353 0.786638530633441
0.306905971315719 0.787933821717443
0.357206103410518 0.765335735422893
0.321488155806736 0.781385931920329
0.345393509993546 0.770641186913216
0.376150156298174 0.756808479196433
0.286714755506104 0.7969982757274
0.297768226948407 0.792037322002562
0.395880371741987 0.747918898111499
0.331676221943409 0.776805953152589
0.357675868894231 0.765124174987713
0.35049798648216 0.768346246442831
0.274184018885766 0.802618865383678
0.273211185711341 0.803055771854856
0.364200986306258 0.762188899963745
0.292583114239711 0.794363792033142
0.390629177878795 0.750288276597929
0.31950946212834 0.782274589552525
0.334054334331273 0.775738599184386
0.280062178678706 0.799981708353371
0.320991584391545 0.781612113856756
0.290372975005027 0.795356741875575
0.357353504670686 0.765270500560683
0.328669805685446 0.778160134707229
0.338085978618245 0.773932811465388
0.387836431731207 0.751547683815873
0.384154048527841 0.753207767005363
0.325921948940055 0.779394169715046
0.388042459219656 0.751458502096471
0.393285238588589 0.749090193750397
0.359871943036013 0.764135695913671
0.331851070298994 0.776733006288897
0.357096812400638 0.76538690809934
0.356707631240592 0.76555623105215
0.377635258123459 0.756141845192867
0.37326468352635 0.758109203755992
0.37757485299003 0.756175177520039
0.335452737122204 0.775113591786073
0.393886587302431 0.748821914511467
0.385648025421398 0.752535344854004
0.343053142645331 0.771695439520653
0.28496366696109 0.797781703218828
0.318530233215503 0.782716588250695
0.870355367582297 0.264097481339899
0.382482793676943 0.753961875243074
0.874801992164108 0.256960820584389
0.911592406532498 0.197772014158873
0.350973454994972 0.768137879186967
0.353583478132613 0.766966835616743
0.361655294597762 0.763329408095489
0.912896324312262 0.195672025037036
0.368310765397127 0.76033956992997
0.372148626055435 0.758610230945526
0.367173703983917 0.760846187309804
0.374069254375342 0.757746329494645
0.353663364431829 0.766924232771413
0.367739741781438 0.760591737506075
0.367988660401166 0.760484475560134
0.348756468575339 0.769130626948781
0.332263785727967 0.776541715174692
0.358985207168151 0.764533787340714
0.345039374648428 0.770802093922312
0.372833985088685 0.758297041026971
0.349953748418655 0.768593764785373
0.386245942655739 0.752262831182713
0.335275434789944 0.775188948078676
0.348701624756333 0.76915460822191
0.353730540209036 0.766893883927776
0.386589928907048 0.752108098472984
0.338762287850151 0.773624792831738
0.395201776649459 0.748225698549046
0.35109461877056 0.768079053143401
0.392228977910159 0.749569371578938
0.333898151122339 0.775809198003958
0.386103675484238 0.752328729170122
0.351106763120932 0.768074331109594
0.36279761217352 0.7628171642356
0.380186040567187 0.754992196042629
0.335483788804971 0.775098251872433
0.377841882388686 0.756047703742911
0.377890482969827 0.756028428591673
0.37188752904127 0.758723188891253
0.389534672906471 0.750784428713935
0.356795692014372 0.76552073600218
0.343690770848058 0.771410354103894
0.361168834882275 0.763549085768331
0.357286542384147 0.765295879330305
0.36174844805115 0.763289389996674
0.348481617934676 0.76925963722215
0.343937583481606 0.771296626792103
0.361498639370358 0.763400100499046
0.370970730930398 0.759139084054245
0.3779838418323 0.755983650417053
0.357290392875677 0.765292222199488
0.396943112264951 0.747446108579651
0.370003071813853 0.759581127627422
0.360949275822924 0.763646687764798
0.393700808415845 0.748912147314159
0.387103145716285 0.751879444256205
0.366486966080053 0.761156955202649
0.358398162427655 0.764797017386307
0.378616008381959 0.755697948397609
0.334243800125819 0.775654919219518
0.276205047146867 0.801713310736354
0.370764667326775 0.759229829850593
0.370447090023869 0.759371888156459
0.379933162738598 0.755103425230844
0.338222432632975 0.77386588401243
0.382606849043849 0.753905199935964
0.367546327988722 0.760679386466628
0.385975290702672 0.752384606649435
0.343329623452485 0.771570904597383
0.394569568221736 0.748513780272664
0.338608864745187 0.773696110269791
0.371478958448544 0.758907718814007
0.396855855513624 0.747489087655001
0.39330107275118 0.749081305426745
0.36968894112235 0.759712433361496
0.383591130526562 0.753461992747638
0.388402990208795 0.751292663698127
0.345655820097114 0.770527881542568
0.279210571823398 0.800364592093723
0.365739441226378 0.761500161670044
0.332588613471732 0.776399370721466
0.374478756349908 0.757566898590214
0.333395795940075 0.776037299303722
0.379528354907668 0.755291291145133
0.34988796632598 0.768625542427085
0.331768482991759 0.776770594379919
0.374243656297866 0.757666036294425
0.340022368398081 0.773059938276044
0.359551032208226 0.764280815696938
0.356482119722365 0.765660054451509
0.315862141640692 0.783913912825257
0.378230295700502 0.755874298185193
0.316382270619361 0.783680341838589
0.367613361296816 0.760655083665347
0.337571515679824 0.774161023645816
0.376030777437631 0.756862305378451
0.294715921464083 0.793406470714279
0.29375416053882 0.793836267358942
0.322735671701622 0.780824519381348
0.35161948384802 0.767844931558539
0.338559318617341 0.773714800375126
0.392426208841743 0.749482210335595
0.369759426364619 0.759683851753986
0.374008657032189 0.757774444090685
0.345970902187885 0.770380946530328
0.308843564455549 0.787063492990089
0.354028133474177 0.76676576510934
0.370846228035031 0.759197489914235
0.342769015195949 0.771828371467697
0.365073156127947 0.761792101920342
0.35127325894898 0.7679977644893
0.3573856949987 0.765250179319019
0.396822173647641 0.747496416514839
0.328543205783777 0.778213143242924
0.383512486051135 0.753490065810534
0.376047472170412 0.756851628870085
0.387049987334866 0.751896254516756
0.316404173309475 0.783666551481526
0.370609336919609 0.759302055638464
0.392192903044108 0.749586121919252
0.34780195731779 0.769563110140751
0.369206315337846 0.759934703959453
0.326465549117922 0.779149499047517
0.365341084220431 0.761671131579077
0.316572714946064 0.783590863167208
0.396586727456012 0.747602536979697
0.368232131800341 0.760373917014489
0.353949751869001 0.766797398226502
0.373454911390524 0.758018834862101
0.317127176144368 0.783342382213046
0.379767340973965 0.755186256524318
0.327091626226507 0.77886544905098
0.390426487667108 0.750377641294183
0.342259750712632 0.772050424640121
0.343562977505523 0.771466099961452
0.319666189073897 0.78220472731395
0.387722814490865 0.751595714554166
0.341573342943146 0.772359041171144
0.365300812280828 0.761691616026792
0.362813056312108 0.76280866962565
0.389714553297762 0.750700360177232
0.352296581731369 0.767541082797544
0.345928894939929 0.770401418951865
0.36687287462933 0.760987131686757
0.283570256184444 0.798408493504181
0.372871924119905 0.758284763963884
0.294017976540817 0.793720653605687
0.376335796978686 0.756728411087618
0.358455537316284 0.764770497556513
0.39534131210896 0.748164456271283
0.348406627064104 0.7692892803102
0.381623793595148 0.754351010819592
0.335893442693315 0.774914086215959
0.387176754594632 0.751843745210445
0.303776823733472 0.789338944544991
0.329305809934475 0.777873977393465
0.349564850593285 0.768768179354841
0.393265897293165 0.749099987908882
0.385541775330065 0.752578974092089
0.322253173786826 0.781041503767586
0.297423295009481 0.792192182796082
0.285148076159548 0.797700203210567
0.310975540379472 0.786107739997868
0.374351532784025 0.757621523446636
0.394810967506528 0.748402851426134
0.31963880876216 0.782215194419811
0.325826747574556 0.779437772056076
0.288126403762947 0.796364279013062
0.351603806081591 0.767853327686865
0.286395807625672 0.797140667662269
0.325722593892767 0.779481924454866
0.341604069208825 0.772346443309344
0.375335062187852 0.757175669241265
0.375321723274303 0.757180999631694
0.383113636816627 0.753671715768618
0.381963682601504 0.75418982823071
0.380205804135207 0.754984577219131
0.344497290794323 0.771048403804851
0.321638551629346 0.781317521019808
0.348326255136941 0.769330389926382
0.35338393045705 0.767057022690166
0.374427690495426 0.757583673612829
0.302730011723512 0.789808763929744
0.36690375969834 0.760974928762891
0.330954720309923 0.777131456329932
0.361611822667146 0.763348557395316
0.903911321385037 0.210131328396403
0.901372310618105 0.21422043307109
0.919674690973829 0.184755330484234
0.870672414559555 0.263583419656396
0.878852151848894 0.250439537293509
0.90354839943841 0.210721016912232
0.910580960016318 0.199399857490234
0.916761508156916 0.189446098520384
0.869594980906404 0.265324215169419
0.879403640036904 0.249564393489839
0.916365848116039 0.190084522435671
0.867195454100826 0.269188715100293
0.910514881630145 0.199504541716302
0.871815103975208 0.261765725875817
0.916591481846444 0.189721152844883
0.916935860288323 0.189166702549682
0.869885784598779 0.264861266085166
0.914898428465497 0.192447192374336
0.92023661706647 0.183852962443781
0.870344028947306 0.264124000053105
0.876601334954596 0.254059954001624
0.876649628183784 0.253987130171234
0.869442313537534 0.265573833219538
0.908697144068292 0.202433608553275
0.877631653412125 0.252406961620982
0.90199277647424 0.213221956754594
0.875551380284961 0.255751005568667
0.87310858950834 0.25967220019605
0.878626943781917 0.250801780353189
0.876730695028673 0.253861281465159
0.92163528684624 0.181600042705081
0.912357348357443 0.196540027112905
0.897927049648758 0.219765429167552
0.879423127962869 0.24952613150718
0.910710787225535 0.199192424674945
0.912584486620625 0.196173979790665
0.92057854033679 0.183301779924879
0.920084020542477 0.184095698274253
0.912224320167883 0.19675422581334
0.91675563536295 0.189459654850372
0.912214271079645 0.19676893850445
0.876817517132572 0.25371851714033
0.878833191280924 0.250471832889619
0.868251755472816 0.267476249423765
0.922095693228928 0.180858326093583
0.87939768692999 0.249566369042605
0.901335977032095 0.214286429826941
0.87253677431672 0.260602403810205
0.872141225227382 0.261222351738103
0.916175155280694 0.190394246930909
0.90139110545805 0.214194508815921
0.869345543591827 0.265719653218659
0.871909068324893 0.261594581393559
0.872590925440166 0.260509267242364
0.911869602423561 0.197326014581231
0.911198688198979 0.198404920133651
0.870497526112041 0.263870002095083
0.871301765920215 0.262583189376823
0.879439801643148 0.249498404828421
0.918957985318897 0.185911762629299
0.921412758317442 0.181958439894491
0.920707887783537 0.183093777333584
0.907628554181834 0.204155589841383
0.906411426300424 0.20610958545719
0.869101712067826 0.266113233524542
0.897045168230107 0.221183716317664
0.870467766224842 0.263914918769573
0.895825057718009 0.223146439261413
0.869354975008379 0.265707257152763
0.867476898212298 0.268725508735208
0.361352331391711 0.76347088814797
0.377266192472899 0.756307314422203
0.373210669362474 0.758129172968777
0.339117571605054 0.773465978185001
0.343956520685115 0.771291962147996
0.358158859408854 0.764903470819398
0.37745627127065 0.75621966237693
0.372924390790587 0.758260171409366
0.330203561473645 0.777468475131365
0.340307468598445 0.77293104737582
0.382114738667913 0.754128844378898
0.375972086856531 0.756893472586135
0.361766211043526 0.763282237494139
0.379353168364625 0.75536810765866
0.343483462884603 0.771500215999925
0.355071384778867 0.766293028858175
0.350878093948455 0.768177392704105
0.343110580813269 0.771672193633065
0.327293047969897 0.778777148442281
0.33877118143949 0.773618595672183
0.302663172258024 0.789839234308212
0.306569595789899 0.788085677114565
0.387371421362772 0.751757250651455
0.341847664764192 0.772235377409531
0.354104502911169 0.766724886082707
0.328804265264329 0.778098676925104
0.327027335271584 0.778896838035409
0.291957943800852 0.794642846101927
0.287990196830227 0.796425172320728
0.338487488828374 0.773746926339944
0.35640289210202 0.76569551511277
0.32678827474331 0.779007012420913
0.324643292639277 0.77996695602815
0.283605475288195 0.798391339613256
0.356525042177221 0.765639041243416
0.297777390966027 0.792033534510009
0.354127889564027 0.766714371411888
0.379397106843409 0.75534413508254
0.344114263277582 0.771216273448155
0.290597402620843 0.795254196638037
0.389595446666374 0.750757246511281
0.357007513540122 0.765419050952262
0.35659460434392 0.765609614307227
0.345684440648756 0.77051533512308
0.365539191105625 0.761591294859715
0.287968749165116 0.796433328199459
0.291697327280517 0.794760862306601
0.289214761403412 0.795874868824626
0.333456420957174 0.77600801125094
0.290182155806849 0.795441857643751
0.300415156049936 0.790847219258897
0.294466053442362 0.793518856393655
0.307117186941724 0.787839509250218
0.2761274472122 0.801747189514458
0.289149688351822 0.795905503966683
0.290154922819305 0.795453713628393
0.288963735038419 0.795986852230693
0.36189217725801 0.763229600351668
0.359745436125528 0.764188490179634
0.354537677550725 0.766535611521616
0.359173599856292 0.764445709114058
0.313811931345963 0.784832408386081
0.338315141809053 0.77382698556055
0.337714824169783 0.774098133431368
0.373966108494054 0.757789900524228
0.337933868671474 0.773999586924738
0.272474056704519 0.803386162854616
0.36379274712587 0.762371680411776
0.328132359714824 0.778403555917446
0.293012514551726 0.794170565981967
0.30473896248873 0.78890591622259
0.272997421570519 0.803150939832788
0.28288092146809 0.79871716575583
0.30576118086859 0.788447276026071
0.301858436929166 0.790199705794027
0.290867955950034 0.795133732121396
0.349173355230065 0.768942753174287
0.290156713750122 0.795452572004731
0.283158794225382 0.798591575082597
0.356698365981797 0.765557864383208
0.300385784548402 0.790861410027715
0.379266977532346 0.755411361013468
0.31356920528588 0.784940816304602
0.34842685967734 0.769278983779825
0.375961688667553 0.756895477146905
0.299448297324795 0.791281423649171
0.381882692996491 0.754229897340789
0.351983510262932 0.767682151868016
0.384609337156822 0.753006340442522
0.317081046970404 0.783366787328354
0.31543588828992 0.784103827824372
0.308451951544929 0.787238816669487
0.333942997441409 0.775793127791001
0.306254447587546 0.788228091094469
0.395381866414037 0.748150565119642
0.388542596591364 0.751230081068144
0.358123192972178 0.76491903199253
0.341617830038515 0.772340472033537
0.390756309488932 0.750228484017397
0.343289117822656 0.771589631028441
0.342411752462616 0.771983758533455
0.315871559192456 0.783907872065497
0.369447360348137 0.759825475433023
0.363261859211048 0.762608635812452
0.326871973389988 0.778967314646755
0.360989704741024 0.763633604969823
0.397126419760775 0.747366631684162
0.395284763014926 0.748193071961448
0.3794517034629 0.755330343378496
0.394492193041401 0.748543788691633
0.333588775075474 0.775946970935061
0.332310065177889 0.77652776040814
0.357972295737076 0.764986611307556
0.302380154445521 0.789967081625821
0.311892487083992 0.785694859176282
0.277761001259892 0.801014845722239
0.329138557976686 0.777950308902257
0.277546051766461 0.801111248557965
0.310564146109392 0.786292844123834
0.362276794958453 0.763055105800901
0.332183999770542 0.776581227488853
0.328721890909314 0.778135932452611
0.314306138024511 0.784612961097875
0.339787225238744 0.77316154648975
0.310033004740436 0.78653011093824
0.325216797792706 0.779711423622655
0.395059500785303 0.748288984283202
0.31576112814627 0.783957131483273
0.395224761707128 0.748215327927168
0.284607096032413 0.79794329894002
0.280204034825268 0.79991875787767
0.301243476077744 0.790476634358432
0.276652086339633 0.801512182777218
0.365880325351434 0.761429157693576
0.323661127041923 0.780409864553122
0.292562901985427 0.794371421007893
0.29878036216529 0.791579968783913
0.285650112956566 0.797474558577156
0.310903890123688 0.786137754364867
0.272781509651607 0.803247935847795
0.298184575383767 0.79184768622435
0.362588779601407 0.762912862379972
0.380350801664216 0.754916696800078
0.286565928605715 0.797064658318793
0.384136537757009 0.753214110557528
0.337048922004866 0.774392901032717
0.272847633345001 0.803218410576999
0.306631283725949 0.788056963976954
0.365813933876962 0.761459198139391
0.344760387449635 0.770925406886365
0.272874725224574 0.803206113891814
0.308161108056295 0.787370622032895
0.388754424959704 0.751133689418688
0.297558604007628 0.792129484197118
0.370289816225059 0.759445502966621
0.279808255393989 0.800096485425811
0.395803884179391 0.747956222372734
0.31454402684629 0.784505254181601
0.356299363325694 0.765746628374757
0.347007837993867 0.769923746272764
0.309364851869219 0.786830280937411
0.277193985275961 0.801269506635009
0.297332087942406 0.792232847032426
0.332475334097355 0.776451081765202
0.375243697561763 0.757213553081507
0.28669069273609 0.797008053721898
0.297867285271952 0.791990619378486
0.28447238070669 0.798003702353154
0.357416939294963 0.765239470562724
0.365808954809788 0.761465508122801
0.310403304400735 0.786363489600509
0.325930895951228 0.779387951686984
0.342008515230425 0.772167075940532
0.340792310531785 0.772711430798699
0.369881143988762 0.759632344273392
0.340691620312902 0.772758232317254
0.343377436050112 0.771554014425316
0.325232450411935 0.779703867704574
0.351524680575989 0.767890863904859
0.374448954341629 0.757574454452603
0.354144121150123 0.766713113125241
0.347849668714335 0.769537277922505
0.319459459341881 0.782298480814957
0.355437484302035 0.766130387378793
0.393156602975819 0.749154319244042
0.341490099776507 0.772401342298447
0.375290424043681 0.757196471435522
0.360185105279507 0.763989684867264
0.304353633894066 0.789079144309939
0.29306227010721 0.794147828379729
0.329518040660871 0.777778990933602
0.366802449422424 0.761015454424824
0.318141784213114 0.78288890064532
0.340176879956779 0.772989118516039
0.354541101262876 0.766528166433578
0.330670947217014 0.777259996469392
0.375840129353669 0.756951841677627
0.31349674053458 0.784976627814894
0.308593993712405 0.787176554623379
0.328269521828854 0.778340854902895
0.305046102984848 0.788768631068089
0.332384386013654 0.77649081881404
0.374504988905699 0.757546333925491
0.332223825921351 0.776564375648823
0.33005151496068 0.777538592702652
0.313001934528578 0.78519646997388
0.369521852891797 0.759794074341294
0.322763050470132 0.780811500559389
0.356169975516883 0.765799113700478
0.309032222041472 0.786978710685134
0.312175399276479 0.785568347670662
0.374128777888833 0.757720676176016
0.390931579158872 0.750150868248816
0.342313426428066 0.772028635563609
0.308855275540041 0.787058513247055
0.310858368078013 0.786162189906121
0.374943065207653 0.75734982405346
0.359904201791571 0.764122633054268
0.390570860287041 0.750314334892948
0.338198201575428 0.773876702769324
0.313609123050702 0.784922729135978
0.315495965822754 0.78407780591299
0.304907331534561 0.788830874014473
0.362151385209481 0.76311079603635
0.342421386593568 0.771976761018974
0.383663593566731 0.75342867109437
0.311022118200894 0.78608566590559
0.316273089708406 0.78372609847629
0.38786578390012 0.751530624460465
0.35585490699255 0.765942644583601
0.275350328349746 0.802095900519424
0.367834709303444 0.760551146368642
0.276601207168838 0.801534794306817
0.364003413388904 0.762276762321282
0.370868064026719 0.759182969549698
0.375779835363471 0.756971781621526
0.362438410538765 0.76297817993642
0.377082732762783 0.756391184600202
0.303073535007528 0.789654082645733
0.393723086901151 0.748893228487239
0.341537443473281 0.772375938608273
0.332139596189946 0.776603449325544
0.310051956559061 0.786520790068581
0.375532203925586 0.757088447869281
0.281750340901669 0.799224518281214
0.330382091407778 0.777391765277269
0.37564027107006 0.757042218861657
0.337469198526114 0.774204375537577
0.339830784617756 0.773143712427889
0.372778158690093 0.758324554085976
0.384849842641471 0.752892130352069
0.368348546370624 0.760322099668492
0.307509495053275 0.787662489411419
0.340413377392764 0.772884609985498
0.298252286818267 0.791818094831403
0.354366862796805 0.766611862835595
0.337583764287737 0.774152840617735
0.29633812886112 0.792678508566526
0.338484936601199 0.773749410313672
0.352380080765092 0.767505558178109
0.35481199639949 0.76641178569758
0.337796752054839 0.774056753420646
0.340293427946071 0.772934917680042
0.361058522844961 0.763602611397468
0.297534188712299 0.792140168312103
0.305372686035736 0.788621974815931
0.300939978339587 0.790612954819103
0.299030669033089 0.791469710021425
0.367274419643997 0.7608031897209
0.346440607336948 0.770170481529627
0.363293405687812 0.762592009005664
0.306973989451236 0.787902782796174
0.359804885587334 0.764161756605621
0.380275947951856 0.754947515927135
0.379743371402673 0.755187483577469
0.286818319832162 0.796950391507619
0.390149657887175 0.750509840073542
0.393426495329319 0.749031339193023
0.315212611727224 0.784204105688247
0.318837655864657 0.782576044465932
0.387076398728907 0.751885521572969
0.300091409980735 0.790992897800181
0.304514347353888 0.789008230789385
0.281123260981119 0.799505045059376
0.388296243458365 0.75133893396972
0.288234678497762 0.796313857245056
0.305009609532848 0.788784965659093
0.370575006415613 0.75932143742921
0.395522398807648 0.748087381460614
0.322009193380357 0.781151638221532
0.330250546161398 0.777447808002933
0.291438161314682 0.794876544594298
0.305373793076521 0.788621594729577
0.312871193408965 0.785254230182606
0.355636419325633 0.766038690593363
0.348864451864125 0.769081882431394
0.300957151533915 0.790604689152901
0.358059515396157 0.764946426856536
0.364395013459955 0.762097146231312
0.351931209458293 0.767707715992505
0.386879018651775 0.751976059137628
0.364692936388962 0.761962785046889
0.394125247026628 0.748710053770646
0.376731877153461 0.756548115547833
0.396673619532805 0.747564264584779
0.387950135594816 0.751491211841379
0.373662073803074 0.757934973530541
0.374989325595353 0.757330278244992
0.336858096568079 0.774478705650494
0.321259039128879 0.781492992060415
0.323433859528533 0.780511604381301
0.306519909840533 0.788109595757833
0.34097984986311 0.772627948593219
0.342599629329707 0.771902770923582
0.334159125335024 0.775694503164255
0.356505755791338 0.765646342847058
0.329681882129749 0.77770490598447
0.325348813114826 0.779649660530879
0.337967115378639 0.77398302512132
0.360272128248997 0.763949744559994
0.337995542844082 0.773968439042514
0.34751170635949 0.769693792923815
0.328641816356455 0.778169050594511
0.392326559557755 0.749521728737705
0.356661585080555 0.765576117610745
0.390313143517345 0.750430281889549
0.39103119250394 0.750112037952171
0.377445782757461 0.756224153167507
0.349308145837057 0.768884177663638
0.291980809796014 0.794634320959288
0.34430787537271 0.771134818595653
0.374632009597183 0.757495355257023
0.341263781158868 0.772499758216007
0.346863524377313 0.769983033486956
0.317452412475697 0.783199199767616
0.365428841761176 0.761630823764426
0.324992744046676 0.77981367499849
0.357640496904617 0.765140096550722
0.337926975999295 0.774004292378967
0.357580749698293 0.765160959106795
0.353435757197055 0.767029530021292
0.389755243538539 0.750682246147802
0.366740969392838 0.761039698558805
0.292493345154074 0.794404966928876
0.361184908625425 0.763543085814932
0.3757055313615 0.757007936539024
0.393205913100811 0.749126333589395
0.305645448924881 0.78850081250288
0.37145494340994 0.75892381247825
0.341615098882936 0.772340519263393
0.390947629428163 0.750147951294998
0.317472852993008 0.783189266829232
0.338390375214954 0.773790940593288
0.34794199438322 0.769498517470806
0.268600838887743 0.805123873091354
0.394876732118271 0.748373739931678
0.347291193767459 0.769794708935658
0.272535888517203 0.803359325446743
0.29203065507123 0.794610383707685
0.346331935651951 0.770220954638779
0.324733004882706 0.779926340839806
0.326256110251026 0.779243803137332
0.395889454871461 0.747914731638731
0.322787538829064 0.780802421212956
0.320310972371426 0.781914306744015
0.391073086852491 0.750089067840687
0.365362848555842 0.76166686536663
0.365029783536787 0.761820771059881
0.347079593352645 0.769886850384642
0.393160753437277 0.749145355585966
0.297485406248307 0.792162083009131
0.317619065658657 0.783122060918244
0.39253640551222 0.749426552859102
0.272535888517203 0.803359325446743
0.374060381355272 0.757754873666117
0.280456424032371 0.799805293880027
0.3860198887412 0.752362869435651
0.328862574084064 0.778072349474682
0.348806898796489 0.769108240245326
0.38123264989986 0.754519440938071
0.38138328763739 0.754449884160175
0.363255984856668 0.762609799832713
0.283295767783623 0.798531775581419
0.306878688712424 0.787945341696044
0.296608558227474 0.792557905532949
0.281336361517384 0.799410225575166
0.340561825508892 0.77281375624151
0.304754751092126 0.788899749108622
0.368136151342916 0.760420868210344
0.373550907002898 0.757982443669513
0.388587123755733 0.75120672018438
0.363622212340843 0.762448283813431
0.385896614755152 0.752417570500864
0.350893710960646 0.768171214059558
0.315402503942799 0.78411947617729
0.394348667789004 0.748613368661691
0.39709156326901 0.747373799640472
0.339844289088622 0.773139615184627
0.284458574094061 0.79800911991529
0.311273358087096 0.785971174459931
0.329805105079769 0.77765117242652
0.355513414014912 0.76609561083531
0.283167619933378 0.798588655948175
0.329738651981046 0.777680128620821
0.38582067541326 0.7524511056432
0.316649504012925 0.783559649688476
0.318988138878793 0.782507438208913
0.345313648099356 0.770681065474864
0.360747834099086 0.763741168161245
0.382201834232806 0.754081441637135
0.349788608646001 0.768667267068282
0.396172553014849 0.747798191592667
0.276450148127536 0.801602760278257
0.380951678725699 0.754650505692466
0.342959795587365 0.77173718353525
0.331060455882462 0.777087953898762
0.396582374240684 0.747605790792439
0.268184972406409 0.805310643078496
0.322801560619828 0.780796178485644
0.283554460292138 0.79841472188575
0.300402743829654 0.790851661366305
0.394664779071147 0.748473708677373
0.31546183205937 0.784092284101309
0.297946602193907 0.791957744586553
0.393074500927699 0.749187158111463
0.298635010446695 0.791646752662669
0.369227483307669 0.759928194852416
0.299208806904422 0.791389899390081
0.278094482157903 0.800864915286392
0.336848611221989 0.774483978267074
0.366336304798372 0.761226669534814
0.373531307407921 0.757990880996183
0.350778147469714 0.768224806043867
0.294224375712166 0.79362688709415
0.341418723553897 0.772429110712444
0.356487048390432 0.765655359235204
0.33971874493311 0.773194278291821
0.368183042942174 0.760395764841688
0.283220001057092 0.798565892064936
0.37023621318014 0.759471690398623
0.313793957901893 0.784839450523855
0.266982061388649 0.805849803907489
0.266966768340547 0.805856802571953
0.288601103853735 0.796149917205931
0.286888993031743 0.796918573324816
0.327203520013333 0.778820869957096
0.282459376472332 0.798905698221439
0.277064210821368 0.801326935361797
0.347883663892865 0.769522675724531
0.267903782720654 0.805436717438428
0.313565611235543 0.784941913556695
0.319746107150096 0.782170898995924
0.292248781998711 0.794512375319681
0.301067488696566 0.790554887607746
0.315168817773019 0.784223745695044
0.28957780108268 0.795711154567806
0.292095468852525 0.79458331683442
0.359436096037346 0.764331562423874
0.335415349248113 0.775127883343926
0.361692564995332 0.763317634192047
0.351885148328632 0.767724513907859
0.284411572468804 0.798030135603783
0.321934092938463 0.781187289663712
0.292968675096995 0.794189415343281
0.287601727172136 0.796598694085564
0.325143747646308 0.779745152728307
0.293863177700556 0.793790418255034
0.370402938044153 0.759395414349616
0.310804936726896 0.786183073292667
0.277899874961246 0.800952216877162
0.299300938333661 0.791348771596313
0.312189852689334 0.785562137286081
0.27711035806735 0.80130626089926
0.265708808327497 0.806421098028287
0.293835531227646 0.793801495466311
0.285191932394661 0.797679981846619
0.39634468675688 0.747719355687492
0.371021536394941 0.75911999011042
0.37972776383985 0.755198625701994
0.270594008624741 0.804229771793951
0.312938093220191 0.785224719088674
0.306761343400181 0.787999274327968
0.382441669245427 0.753975629022279
0.314532484669051 0.784508886059477
0.387425579083141 0.751737122102491
0.397025886775593 0.747407523883904
0.380313187883904 0.754930871645763
0.359093632694799 0.764485668186952
0.365532289877385 0.761591368540692
0.391759146159638 0.749783275824605
0.361108342641504 0.763575464472964
0.357980333434034 0.764985394820936
0.387210008792607 0.751832011329907
0.327403599033194 0.778727292020201
0.384844442409444 0.752893257527297
0.378245427734293 0.755866678866724
0.350220026653986 0.768474666427996
0.360245682310708 0.763963177189723
0.325436264949439 0.779610898880636
0.394576068996981 0.748509594111917
0.357294025601263 0.765288886817386
0.352415778375245 0.76748856330981
0.386493999110767 0.752150919717141
0.332628075582756 0.776380398901422
0.340663946937251 0.772771985855368
0.353215273869999 0.767127229286202
0.38905592518611 0.750993295189883
0.314381995750406 0.784578187874355
0.308265183250469 0.787324709260098
0.391694003817634 0.749813596980786
0.351891338834082 0.76772228013125
0.359938220165812 0.764104141409776
0.369234390903623 0.759925969373887
0.386400898505094 0.75219623431252
0.364042710178624 0.762257327459542
0.341856695843097 0.772234405073559
0.269504476264526 0.804718354303712
0.343919622953817 0.771309907514178
0.394255029936509 0.748658755772716
0.333970942030624 0.775778186762706
0.382500609879867 0.753948087052102
0.387417312296773 0.751737834766097
0.347449115122007 0.769720443934944
0.316144743732236 0.78378712469265
0.3260553279263 0.779334985708242
0.305624384613053 0.788509912503711
0.284230309712441 0.798111966504532
0.328930973583711 0.778044623642349
0.342686772443393 0.771860337362955
0.325094607764697 0.779763851708191
0.320733564324284 0.781726542074297
0.345077411685138 0.770788544013336
0.332777521153833 0.77631727078773
0.345162039613621 0.77075267477309
0.293397160262018 0.793996863555026
0.287177744999195 0.796789174842361
0.375981473992899 0.756888241164701
0.330011368198142 0.777558993326964
0.393387013695646 0.749047660631153
0.312982116771046 0.785203924688827
0.292018043865362 0.794616839474789
0.283920866065709 0.798251071708425
0.29493197065165 0.793309432971144
0.337246119345394 0.774309003366567
0.335379337811337 0.775145719153615
0.331658800529979 0.776816417019133
0.27409216785937 0.802660109867147
0.274217213732472 0.802605067683595
0.291906458583978 0.794667361414731
0.358312326609179 0.764832801697201
0.325528474184305 0.779570753631653
0.362540148760932 0.76294160836972
0.274809081036761 0.80233936752962
0.375746897686377 0.756992354594555
0.385028383447877 0.752806739952186
0.369213515750375 0.759928604740168
0.36967689276858 0.759719043118921
0.38125420529541 0.754510815389836
0.383974701698349 0.753285951944857
0.391045393797524 0.750100212524432
0.355343183951562 0.76617051490406
0.355841005045291 0.765946180276852
0.378939069875533 0.755557827134561
0.371629975001401 0.758843389076584
0.376029521474184 0.75686925831064
0.373684359486269 0.757919453772545
0.375635608024368 0.757046152971015
0.383654481832709 0.753432872116545
0.364556738526278 0.762029923582145
0.345715027169939 0.770500416590776
0.344585290610026 0.771007500211549
0.375148270616162 0.757261875698461
0.361691861726039 0.763318731432341
0.296256306478241 0.792712946146424
0.372258384661578 0.758566710196261
0.322411171274827 0.780968328339412
0.313027301650827 0.785183769938499
0.321836471638978 0.781226482441204
0.380375432942759 0.754910593097266
0.318856985830187 0.782566788664335
0.344308147254637 0.771132865359169
0.315224291855308 0.784198396347725
0.340801460403456 0.77270656192843
0.345049693125688 0.770794877637474
0.341637885291651 0.772331803238812
0.365750550337474 0.76149092193644
0.317384152475569 0.783231369958041
0.358580786012036 0.764716716030971
0.342773111466316 0.771824270672861
0.391122192995523 0.750064024784062
0.332057598608557 0.77663933215533
0.290182667158947 0.795441081836072
0.338725974204448 0.773643366748342
0.304560492093804 0.788988434217331
0.334257698426284 0.77564903815237
0.293639657820535 0.793889084848488
0.325256335118319 0.779693789645789
0.334681276402461 0.775459293531197
0.371098357937905 0.759083575299501
0.386840777339013 0.751995687102636
0.313601652073905 0.784927240496226
0.297036229316846 0.79236275030923
0.390382660850767 0.750397874526603
0.370999901454016 0.759132439843301
0.301610326901972 0.790309209380271
0.292397322523821 0.794447348800368
0.341912231846013 0.772213465587104
0.272652498991785 0.80330634221601
0.283909742156486 0.798256147907905
0.297161834407218 0.792308295173352
0.301561020567312 0.790333116820059
0.310098048816895 0.786498864164718
0.383608309765545 0.75345163783777
0.358655051944183 0.764677712449018
0.375120617765254 0.75727394200996
0.327761963474814 0.77856784293968
0.354449398038855 0.766576256168941
0.345145082129692 0.770754630520828
0.385016764006491 0.752818272801359
0.374232355704691 0.757674004113058
0.376838583368844 0.756500789007297
0.378615837942559 0.755701375577679
0.342115971765616 0.772114840309696
0.335436699608715 0.775116265804358
0.295213726166927 0.793182612066759
0.342286061443024 0.772048360521843
0.323957584186044 0.780274076635492
0.348830195541182 0.769096766948154
0.37990079946054 0.755121628962922
0.345789054809111 0.770463883256594
0.336038518934963 0.774847331570429
0.365365603798398 0.761663793922323
0.312451702442058 0.785444535052108
0.323003938287262 0.780705246997703
0.319610570794401 0.78222740837794
0.32503878399063 0.779788764086938
0.291736010439997 0.794743608924933
0.344857881388545 0.770884143236719
0.309015352049171 0.78698580635743
0.360116935511023 0.764028161466057
0.296731334624304 0.792501310690908
0.393400110148194 0.749043229672048
0.345014170107517 0.770812896744496
0.298493475655204 0.791710092227401
0.314023818812535 0.784737563321335
0.348518175126382 0.76923708660566
0.316147838464963 0.78378517027432
0.329040509045227 0.777991120569062
0.371081647661393 0.75908841752513
0.346860719912571 0.769988230218139
0.290632721515619 0.795239601581793
0.374904302021617 0.757368050421407
0.335515694888041 0.775084185417518
0.384745131364813 0.752935890316101
0.36428758474161 0.762146553401185
0.291242681260415 0.794963404851087
0.285411658675885 0.797582435538381
0.280870739832818 0.799618906668352
0.31484781048201 0.784367783250396
0.364138155742297 0.762216609000277
0.295132632674889 0.793219401425023
0.292041666654205 0.794606389502287
0.342627904734329 0.771886447404856
0.290473516806519 0.795311166917305
0.317426265994187 0.783208959727536
0.294828644589147 0.793353864732174
0.342574410295503 0.771910591184411
0.37809125560934 0.755935009278475
0.325476202899705 0.779594683511925
0.363529207071339 0.762488104060333
0.286006860167992 0.797316408159557
0.339317545471002 0.773376802865824
0.286911779599647 0.79690918080514
0.285727568215606 0.797439793669003
0.296693956013099 0.792516683667863
0.334237782761291 0.77566116618306
0.295006854193144 0.793275877782655
0.284922228060908 0.797800133361786
0.33491993362392 0.775353097043217
0.29804853694125 0.79190888144419
0.295702159182644 0.792964296335789
0.376909991137173 0.756465489208269
0.322837971094072 0.780778727683576
0.294349766998924 0.793569997215137
0.373053574428321 0.758198152007589
0.325871573436415 0.779416328966021
0.284188677688526 0.798130561566591
0.344455259376184 0.771067335786675
0.286580000449992 0.797057362115615
0.338385045702703 0.773797218601127
0.332011098994055 0.776659642540276
0.332923931320685 0.776252581238669
0.287851380651063 0.796487627036979
0.278585381379695 0.800645069868632
0.357875970432594 0.765034590559712
0.316308955164741 0.783712030993016
0.331898024040263 0.77671112589905
0.334633830510786 0.775484189335776
0.381031644448092 0.754612010473087
0.270876989839949 0.804103023074564
0.327958708110799 0.778478123209759
0.278206686806936 0.80081381406554
0.339280539641596 0.773390120988336
0.320432919277008 0.781859066661377
0.315335187437443 0.784147840132725
0.28661894391913 0.797040663737965
0.31781200647545 0.783036878999643
0.388601149905963 0.751203163620968
0.332570550920207 0.776410134707395
0.297108825260526 0.792331181014124
0.301217285269241 0.790487088911474
0.280847128247733 0.799629494246076
0.300638556065644 0.790747465295145
0.332561544188415 0.776412921582313
0.334518210941006 0.775531370071277
0.28865344818265 0.796126059343519
0.334885377336957 0.775366225252005
0.325251822815859 0.779694271297482
0.341198482462507 0.772527833024183
0.347451768916251 0.769719005782769
0.367239775599731 0.760815732371837
0.332154452339816 0.776592777933428
0.365015204533091 0.761823987280598
0.365502022154803 0.761601590844724
0.326030369693897 0.779345836411118
0.317594416506083 0.783132930936215
0.360371294748171 0.763910247281374
0.366133176058296 0.761317836993747
0.343509247624621 0.771495944636105
0.385892005084902 0.752422695895673
0.314138275660569 0.784689286863963
0.350731454350712 0.768246301973709
0.357071261784668 0.765392962281769
0.363808109133711 0.762361973413893
0.339300656758703 0.773381729291916
0.334144747031543 0.775698180131919
0.342511836884835 0.771937351133429
0.33957420527103 0.773257356935958
0.35559787540656 0.766055914614537
0.34492306158674 0.770854174577626
0.344232470702979 0.771165528294127
0.33628859349862 0.774735348417074
0.371984910579552 0.758682473600577
0.323590802942047 0.780440421698991
0.340837836187866 0.772692773031959
0.362003255143757 0.763178240916639
0.350371080654708 0.768405342707297
0.366700681951115 0.761060941581648
0.335768763301411 0.774971535364996
0.332788206877588 0.776306549250378
0.385806566543053 0.752462219338526
0.395937792965177 0.747898323520696
0.334413197054303 0.775577556331174
0.333907802569533 0.775806636472514
0.383157789508612 0.753654185168496
0.370635290127239 0.759291331801882
0.365336564558422 0.761674987753748
0.367163472872192 0.760856675826386
0.361128964513033 0.763567064274423
0.348755115321403 0.769132396169782
0.31158088365929 0.785835488182174
0.352302342013771 0.767537965869746
0.339165370772596 0.773441424721481
0.353774281909864 0.766876393383016
0.393241645236431 0.74911189113177
0.307983526357412 0.787449887106077
0.355372327535263 0.766157937188271
0.380841409073303 0.754698648250697
0.303376049236583 0.789517924602389
0.365670405417444 0.761525284106557
0.32260653221523 0.780883061647159
0.361989838711168 0.763181178519361
0.338466991825324 0.773756980660861
0.357797692367258 0.765068445679966
0.314246767425847 0.784637096684419
0.368929541495727 0.760058563437004
0.380857614973508 0.754693257212504
0.359239836728905 0.764420598682257
0.287894654235398 0.796466414552976
0.313932710971601 0.784779379548938
0.325213862843949 0.779713194395495
0.349622776889999 0.768741440850381
0.358346803989234 0.764819791597947
0.351800475786345 0.767761419642565
0.338693953380841 0.773655177332614
0.374194498669261 0.757686284419145
0.342300737443937 0.772034579978468
0.396389705672507 0.747702662961522
0.382436442232344 0.753982345539265
0.339291883154393 0.773385056767593
0.373841407195452 0.757846580359021
0.32443523732857 0.780061294329324
0.395082685241878 0.748279105809133
0.348119556947186 0.769417254980255
0.383783650159986 0.753368292540346
0.340265340255546 0.772949826861284
0.330674202726386 0.777258561333535
0.394663536943098 0.748476553349004
0.344130902498933 0.771211927830494
0.350926582973142 0.768152871181475
0.384816774293471 0.752903075435539
0.35275882794546 0.767332942817638
0.357371739164778 0.765255078380427
0.340367659453597 0.772903674978739
0.356218983068237 0.765773823577659
0.337739381026107 0.7740839896964
0.349104092319162 0.768972048617762
0.361373280077226 0.763460852619919
0.348032093303409 0.769455295464639
0.348380960022639 0.769296875803197
0.347952983482912 0.769490426672957
0.374270855698982 0.757659730058665
0.347158279111047 0.769851738690274
0.34179068415969 0.772261788523707
0.32938802359757 0.777840166405146
0.298007897567412 0.79192724571646
0.350364866479639 0.768409614208982
0.376246133503003 0.75676996063211
0.380440020098041 0.754878219410839
0.353619963302377 0.766945984228276
0.318333824219892 0.78280198371463
0.349665399946755 0.768720437708728
0.319502818150468 0.782274725320326
0.379476597558866 0.755313779968363
0.297501179458915 0.792155160796672
0.322294193611936 0.781024252251498
0.315503517467071 0.784074561128254
0.343039771410069 0.771704575271032
0.368537064703102 0.760237847786145
0.360403347708445 0.763896345472424
0.34890845121484 0.769062417755938
0.299554232108643 0.791232772535274
0.287153181305237 0.796799155571926
0.313519496780519 0.784963707776974
0.345196827557187 0.770733095109747
0.330765280647924 0.777216430811777
0.290046313583315 0.795501282683002
0.333639768900162 0.775926615268027
0.300790989001563 0.790679250636245
0.380126818883605 0.755018953619898
0.342801507287663 0.771807748977
0.378470527822095 0.755765287497903
0.340047368581884 0.773049675421103
0.334131822573956 0.775708918671995
0.367044313091973 0.760903834871238
0.38879184399477 0.751112064402412
0.307346604319019 0.787737309801429
0.356626970499825 0.765590556018576
0.369511023085303 0.759798494313398
0.394241529057073 0.748660067450269
0.358776091564922 0.764627837196925
0.383925424237512 0.753305154625347
0.305585870112457 0.788525865668467
0.365377985780563 0.761654373460127
0.374780760266809 0.75742338383267
0.340770245486964 0.772723365159758
0.362434802468866 0.76298234221925
0.355243877022824 0.766214762757926
0.351142299253413 0.768059442304055
0.345962315407768 0.770385825399649
0.355781427044818 0.765977220708594
0.301010656234134 0.790580057508323
0.357504076370688 0.765198979297266
0.364335269787193 0.762124109729705
0.333743772493072 0.775881455882318
0.34887981795524 0.769077387794466
0.327697215810244 0.778598715834862
0.303800839557335 0.789329586243279
0.338386297631711 0.773793356560157
0.389723861264172 0.75069642706727
0.343602158409406 0.771450431769578
0.327253894210048 0.778799345169965
0.326186120726493 0.779276572669977
0.31920572455833 0.782409529484387
0.38802378619943 0.751468381939956
0.382544038087668 0.753927986283332
0.397178826726236 0.747335216734148
0.376206970971432 0.756787633518116
0.302277126442939 0.790012597948332
0.295870266298837 0.792888419510537
0.35284458683794 0.767298624367326
0.392555844426798 0.749415503217699
0.278844552313592 0.800530429463335
0.28431346743012 0.798074915451996
0.376246849486643 0.756767378425836
0.359737083433577 0.764190106483614
0.289176968687621 0.795893710989832
0.377227582768438 0.756319919404673
0.366051688519667 0.761355745296808
0.342752359485018 0.77183274835022
0.366733332951416 0.761043471142738
0.351495303779016 0.767898315021273
0.349291859202089 0.768890935084509
0.280477345734834 0.799796201919315
0.314461885373809 0.784540591554002
0.362838383107174 0.76280107231642
0.328836202331377 0.778082864748892
0.386661630422642 0.752073371112812
0.337744685821669 0.774083140048564
0.351719519047231 0.767798665167782
0.393796756523704 0.748859242369492
0.351216092730671 0.768025286451414
0.380838596604704 0.754699813857063
0.373574138832779 0.757964779719606
0.316134663460251 0.78378870964656
0.294386943332475 0.793553867715716
0.393649704568312 0.748935525668298
0.296500781252136 0.792605204841165
0.332308218287045 0.776528882665806
0.343022597206206 0.771712895527149
0.384264419528522 0.75315217490469
0.381804041726296 0.754264334993387
0.390725776624881 0.750245393304918
0.382267075625342 0.754050438373312
0.393411738472848 0.74903791287
0.284970223476407 0.797779545482741
0.295845275670975 0.792899263150506
0.392851011615326 0.749288594338861
0.339743013040649 0.773186707539281
0.360628595380555 0.763796434016234
0.3540776645844 0.766739113115304
0.37027731265567 0.759451417986041
0.362935305606059 0.762758159068009
0.368686677151613 0.760171131316924
0.317821852924883 0.783030432284442
0.368718848095761 0.760158356529527
0.36527328599776 0.761702653300864
0.317022998366474 0.783392906099103
0.329349108748523 0.777855434032467
0.287548479906656 0.796623829578632
0.300999584551471 0.79058662479012
0.296827786253624 0.792458848288481
0.373915313272005 0.757810955489088
0.293491863831791 0.793954629888544
0.397012949441573 0.7474162792926
0.396556234982221 0.747620201191506
0.304867797462678 0.788848078153319
0.370219302335146 0.759481902843068
0.285960989338522 0.797334636355422
0.29413304628264 0.793667872551289
0.284872711685763 0.797822800983181
0.343597241496391 0.771451366905194
0.279446037298204 0.800259736525127
0.295521327942814 0.79304456510825
0.282974531382772 0.798675604214786
0.396004425449636 0.747865423731859
0.298730283468055 0.79160495936617
0.335049777937518 0.775290505614551
0.349123091285162 0.768967255599462
0.344603757224271 0.771005622824724
0.354942685263019 0.766347344392519
0.342556939721728 0.771915231011279
0.280678345986414 0.799704609021744
0.322886200566076 0.780759721147453
0.304789353176995 0.78888580515276
0.276227671246113 0.801702082480757
0.27242383727649 0.8034092518576
0.333177266362321 0.776132310561412
0.376956843152587 0.756444088426064
0.266808926693949 0.805928073221494
0.269889055075078 0.804545945305635
0.273355653103524 0.802990775462517
0.389764778165051 0.750673030504117
0.386005904660344 0.752369582629171
0.334833846558275 0.775392886719041
0.335035776172015 0.775296077148899
0.297622777268036 0.792101335191302
0.281207751541503 0.799467567668442
0.303847814313198 0.789307025205366
0.382350068808354 0.754020456101794
0.276578902902522 0.801543994894207
0.38166565121106 0.754326658118344
0.283362170023354 0.798500409805884
0.380546807118641 0.754827110748965
0.28306724970256 0.79863272908674
0.285406077876814 0.797583391791755
0.274454622702642 0.802498527668043
0.300993542545118 0.790587612860196
0.293142025406758 0.794113372002973
0.328958268676391 0.778029553759764
0.303032853778602 0.789672751901156
0.275880959610592 0.801857832401545
0.316646913063678 0.783562786842969
0.333950285683789 0.775787873954583
0.382814783301209 0.753804952255061
0.273352237556022 0.802992855531231
0.291848879308401 0.794692872800647
0.364949889967992 0.761847566272845
0.364762559877516 0.761932945558686
0.285660328728206 0.797470018102497
0.353124865736944 0.767168976535262
0.27862968754796 0.800624878451067
0.373129597071039 0.75817254638782
0.395009229299545 0.748312834122416
0.376525020949865 0.756641332884312
0.368088661434368 0.760439923823908
0.37162312560472 0.758845186960544
0.353358698151528 0.767063738629204
0.388203915538966 0.751384381148344
0.371569918966936 0.758870029814281
0.391550772710206 0.749873002751041
0.39572165469743 0.747989863747588
0.388978331210084 0.751030371772918
0.396252746249448 0.747757748401413
0.375166088736937 0.75724818850336
0.339670747935217 0.773217396431577
0.334981319217017 0.775325272112909
0.390337846761982 0.750419044180168
0.299484281432391 0.791265212029901
0.289551006590127 0.795724922841632
0.305811741954069 0.788425180965104
0.316464776208566 0.783643742521761
0.306663931670275 0.788043286731059
0.366459494885697 0.761170257634679
0.304790874244327 0.788883924215394
0.327617930329366 0.778631830063852
0.395259710246086 0.748208083848718
0.384403327573835 0.753093413721135
0.396362508535456 0.747713227428189
0.38207068283436 0.754141442101231
0.335138482599253 0.775255936792184
0.351164587714425 0.768050685272752
0.374971763316126 0.75733987122784
0.319783684520423 0.782152489618466
0.339362651351848 0.773353903648757
0.360568088000541 0.763823428723075
0.321768963179907 0.781260926299649
0.316755250558229 0.783513205482822
0.367267460771553 0.76080449196411
0.313895419101246 0.784794100290694
0.325644260122269 0.779519260147111
0.271901738912697 0.803642886378415
0.357688260365687 0.765113071832162
0.299777308151549 0.791134589637511
0.348623284226464 0.769191159036108
0.362877696943115 0.762778897379296
0.292108007411727 0.794576992857931
0.294297738894106 0.793595212630323
0.343197341039074 0.771631608627093
0.331159943967 0.777038533935888
0.38179594378185 0.754267330547852
0.327132793916309 0.778851231718734
0.327782088274867 0.778557436907512
0.343065533574437 0.771691639452376
0.341301005303671 0.772481785320759
0.312717519400681 0.785325917395056
0.299318774995007 0.791340785909602
0.311222635776801 0.785995864586535
0.285090627340083 0.797727539806483
0.388189559919804 0.751390406858382
0.324824774060653 0.779886637199396
0.329176589597176 0.777930897542909
0.360848199041896 0.763698355861916
0.33435994953415 0.775601744345612
0.309254638891411 0.786881241266431
0.337066743708837 0.774386807695165
0.32924276379005 0.777901589221751
0.344808928413442 0.770902839000451
0.326457123567444 0.779151196963251
0.37363651901054 0.757938284021486
0.362356340762529 0.763017561469671
0.350620275173946 0.768296423585298
0.273507734000066 0.802922319713144
0.271675604462123 0.803744350149201
0.339794655282061 0.773161397708416
0.331202109933004 0.777019353816925
0.275860403003125 0.801866959723438
0.361137514208669 0.763563925123722
0.29343073452528 0.793983847893916
0.389391983971456 0.750845459958889
0.397208417752785 0.747324578172334
0.279633108114257 0.800174851624701
0.349464547789968 0.768814253600729
0.372953362474761 0.758252376751206
0.290952802646173 0.79509542221611
0.275122446729914 0.802198112302371
0.354330356698171 0.766627783200682
0.366139465886762 0.761310506291779
0.389974104686963 0.750581326796792
0.343648371296311 0.771433189178366
0.363967993608282 0.762293471878656
0.335710707557138 0.774996286521401
0.351224006114128 0.768024775298388
0.320230517684332 0.781951164588713
0.296110259893973 0.792779138572115
0.272167139301685 0.803523777245611
0.314390926640063 0.784573905003805
0.282963051088932 0.798680422130455
0.289612222684986 0.795696021046721
0.353000223336981 0.767223773258922
0.279424463987217 0.800267725083222
0.392019188770179 0.749657673333726
0.286442880202461 0.797117940675757
0.339803643542939 0.773155745175649
0.380752530829199 0.754732904737941
0.375506620083409 0.757097236145708
0.278621651602175 0.800628595179928
0.285202955329541 0.797676076498331
0.355577475737212 0.766064861573211
0.362365892221548 0.763011419804542
0.377510147301955 0.756198341675082
0.376811810893275 0.756514629620883
0.338379817089192 0.773797978877915
0.383165704042461 0.75364702757355
0.375045409438443 0.75730850343282
0.302270078160902 0.790015568585302
0.311947630085113 0.785669911785204
0.369495514574256 0.759805483761707
0.307900137579362 0.787487669871385
0.306205298432193 0.788247399971936
0.33364373886131 0.775925044900999
0.31276520461672 0.785305877293214
0.319816878168235 0.782135004605857
0.384699323997187 0.752959609809367
0.331239913432176 0.777005268261394
0.303926697867812 0.789270819704662
0.346105020499373 0.770322113593543
0.344151578374346 0.771201765228716
0.323017996678379 0.780698531365923
0.336175812658682 0.774789939951535
0.285763740602803 0.797423358604621
0.373473061812316 0.758011457362313
0.299992412161405 0.791037676055365
0.295548260714876 0.793032976607714
0.380074109281615 0.75504672620359
0.294110314367672 0.793677615851574
0.281483632662357 0.79934439802668
0.311067986989961 0.786064855411526
0.297550398481758 0.792132634094367
0.354738316206319 0.76644154259385
0.288889127595467 0.796021738041937
0.373101489196343 0.758177172494401
0.37962223962164 0.755247013104724
0.387202561822591 0.751838488625624
0.334106257152856 0.775717431024129
0.292819015762869 0.794257492484345
0.392535896169395 0.749431090846208
0.284509610156146 0.797987949686692
0.287472123913674 0.796656742495392
0.280353194097083 0.799851822582162
0.379692770693309 0.755216071866208
0.344330375863099 0.771120273988263
0.382713274263465 0.753856888326009
0.354528974427564 0.766537073277844
0.390546348630791 0.750330071168704
0.313053487705537 0.785175381864671
0.339917405084986 0.773104464021925
0.390268945804723 0.750452540536883
0.348558857144786 0.769218761754646
0.382596873665344 0.753905865437889
0.358705604054189 0.764658948934465
0.351640008512137 0.76783405162724
0.336244513854463 0.774754998474882
0.391369303288629 0.749957297195366
0.353744131844668 0.766887902161957
0.396883413533288 0.747468173236307
0.38237182799765 0.754010473660416
0.31636899649618 0.783685872856232
0.397137778685459 0.747352130067575
0.34006388449616 0.773040394052673
0.376263988177568 0.756761031912837
0.313925559455619 0.784781775239995
0.394993978528616 0.748322978546843
0.308714279494406 0.787120970069835
0.364210087345242 0.762181893550757
0.335830926718135 0.774941377056357
0.328327793805365 0.778315042340196
0.381324401692958 0.754484584155561
0.346292206007802 0.770238339910737
0.389161390341932 0.750944792973368
0.309682560225489 0.786686944399279
0.347904702663328 0.76951866768936
0.392125678450284 0.749614217239882
0.273433852156821 0.802956465431431
0.295686299903281 0.792973016111034
0.352010014443363 0.767671709324496
0.35810009383906 0.764928873860887
0.389940060407336 0.750598022068126
0.322000149776626 0.781156857786685
0.369041991858578 0.760009113469262
0.347515059225198 0.769693123232671
0.298219272790141 0.791835401779777
0.348713060130388 0.769153848850902
0.396459654354906 0.747656090823034
0.346689722273521 0.770059343707854
0.351965899029542 0.767690090918886
0.305476651344679 0.788576197317549
0.320929543935502 0.781636759369363
0.305167921908091 0.788712734485534
0.336252883900826 0.774754920621957
0.350709876559859 0.768251098998756
0.326579635686245 0.779100927675439
0.346136005384325 0.770309039292845
0.328576801004557 0.778199427041101
0.387529711933403 0.751689705111798
0.359155569939648 0.764451648511224
0.339321160490148 0.773373363608844
0.380011677532962 0.75507334940501
0.358841391900612 0.764598029003984
0.394365858674149 0.748604301042202
0.304057836720488 0.789212394766321
0.310593103273597 0.786278635654508
0.303980244808398 0.789247602613014
0.328343265418124 0.778307402488957
0.394927414662 0.748352657940446
0.396713354876429 0.747546441602718
0.369008976849286 0.760024905830835
0.303296382819787 0.78955496125922
0.3256884646147 0.779497437650603
0.395994688269692 0.747870114004544
0.358229023395962 0.764871643480819
0.347976640351246 0.769481480011975
0.343299360941587 0.771584406929066
0.365193575798502 0.761738975341897
0.392160106195431 0.749601489501066
0.391958862235458 0.749689190947139
0.333338681488758 0.776063398139086
0.372988139003917 0.758237033742457
0.377982914361722 0.755984173940831
0.331815450148573 0.776743974497788
0.35254960710867 0.767430490151279
0.390221548175707 0.750471368188099
0.328793069708209 0.778105716517428
0.326584562056971 0.779096472428731
0.330148313905961 0.777497484220489
0.396277248758181 0.747748894798195
0.355608090896003 0.76605106279734
0.39269101139751 0.749362460450543
0.320106120147336 0.78200461263183
0.38318874675067 0.753644936101531
0.277602369674447 0.8010852537078
0.298748540605714 0.791594642336788
0.342595902374235 0.771904005445306
0.393835294704608 0.748847161804687
0.320653499350746 0.781760798565738
0.321513371733523 0.781371940463672
0.292792385034159 0.794268937749934
0.352230820191629 0.767574607980878
0.330728044630283 0.777231597184825
0.385202829686838 0.752736992285355
0.285309316368147 0.797627568641226
0.33203074208316 0.776647627080628
0.326485332352112 0.77913977266345
0.322246954215743 0.781043134742098
0.330814352660438 0.777193155595789
0.325373394516076 0.77963784955564
0.32942437042742 0.777818600021176
0.282612017332373 0.798837883516711
0.279889971161553 0.800059420093065
0.30582679348225 0.788418920267181
0.37138218119648 0.758953892153751
0.33511759757154 0.775264963105479
0.315963800977022 0.783865616501665
0.321435790122332 0.781407662603698
0.355221154614612 0.76622185603421
0.320415524857 0.781867880796479
0.303671863664436 0.789385716167418
0.285967996754328 0.797331564939463
0.388575333962169 0.751215536105604
0.304394390783153 0.789062291044437
0.320817819424818 0.781685349499986
0.277768040036609 0.80101090673993
0.296556832936864 0.792579747711568
0.279231158268121 0.800354853937927
0.381007698787575 0.754621631061586
0.322193359870298 0.781067163919461
0.331228504461487 0.777008963469487
0.30978918821996 0.786640119898435
0.32361559724809 0.780432241510401
0.322028088274173 0.781142626763681
0.365049326473835 0.761806553069382
0.385156173284383 0.752753848359538
0.344408367482824 0.771086899868839
0.358585921489744 0.764712151588277
0.334874662777404 0.775373284101198
0.288879385240775 0.79602613394818
0.347337235398505 0.769774428839907
0.394842900358694 0.748393340202398
0.353302952960313 0.767090713850365
0.324353409919174 0.78010082372264
0.276286238976124 0.801676565139881
0.395629400225173 0.748036139780871
0.277082127065882 0.801318739597617
0.356411115825802 0.765688469045327
0.38057463919647 0.754820497513141
0.335590338085006 0.77504787488248
0.306689477977594 0.788030860498513
0.341254479736108 0.772507036300228
0.273470652901122 0.802938804591423
0.32747650083353 0.778693231188638
0.29279520022711 0.79426742568055
0.363738624130743 0.762395146114785
0.294279869494853 0.793601608802988
0.272398233683743 0.803420150930404
0.343873171418594 0.771331243714404
0.319801780165966 0.782142158183473
0.311092837399989 0.786052407958137
0.330756815140099 0.777219377084035
0.386073447291066 0.75233921244691
0.315064611569727 0.784271253137939
0.381881991244089 0.754235980719834
0.279286214715481 0.800329917411171
0.285200316766123 0.797676450937113
0.38391241825834 0.753318422506831
0.38217386038005 0.754097787456413
0.332860801693297 0.776274048465605
0.321794172949092 0.781247565842395
0.369235152459382 0.759918162226562
0.337773561807045 0.77406868631236
0.384125906814271 0.75322889621718
0.363396861764751 0.762550869945907
0.284011495808208 0.798210701575358
0.335142142972011 0.775252226896329
0.318992377397866 0.782504778855486
0.293659000684251 0.793881587629866
0.302497609220655 0.789913558589451
0.301873450057042 0.790192204580616
0.274092352296396 0.80265985506516
0.36410862220561 0.762225536552029
0.348579891224309 0.769208477339048
0.386069161546511 0.752343878054977
0.284181330676008 0.798133912020471
0.358638286652763 0.764691730438703
0.27466085764693 0.802405633605081
0.273891688799936 0.802750000968797
0.37977130608673 0.755184056650484
0.379391438552811 0.755345849281012
0.277004756127814 0.801354129626864
0.374382239566561 0.757608230019272
0.298319878382908 0.791787991400379
0.31149181237887 0.785875238129156
0.307195786466687 0.787805045484017
0.282786111383477 0.79875949792403
0.311607873904081 0.78582061066022
0.296532337269608 0.792591466421643
0.28857388230216 0.796163308053282
0.346243986882267 0.770262515633707
0.283900920203383 0.798260063509684
0.388260375872478 0.751353214994585
0.295878104254094 0.792885636138666
0.316024804205662 0.78383882268582
0.304981508133011 0.788798704433054
0.33445309848017 0.775563976033871
0.331571486565262 0.776856410973669
0.287530229314317 0.796630450903621
0.302991005098934 0.789691497112773
0.291016164680989 0.795066135022717
0.315422496282761 0.784109747383659
0.395649219365023 0.748033450293567
0.300015340114449 0.791026990837989
0.313321045973573 0.785053823864784
0.355043103542214 0.766310582171746
0.271284574870331 0.80392033137218
0.289688620090076 0.795662756654701
0.309062607560668 0.786966709549453
0.349358399818657 0.768860700979616
0.367583094331323 0.760660550958986
0.323567131055111 0.780452637206505
0.306356020695434 0.788183499230406
0.276142023599135 0.801740908194064
0.271565897882036 0.803794506625881
0.364051556760323 0.762256654065444
0.305917121771383 0.788376786544439
0.372861860839078 0.75828675356517
0.311287033012148 0.785969418011634
0.373338334047346 0.758076298370767
0.330339823212978 0.777408625114794
0.370505288359145 0.759352772536779
0.359755351000872 0.764185375500044
0.306110074462093 0.788290013846477
0.364404321503989 0.76209709276245
0.316209093762428 0.783756232182191
0.343958784386019 0.771289632084258
0.385919874007035 0.752409649124936
0.396397631756326 0.747693947277168
0.340865384566095 0.77268104921445
0.339687784151271 0.77320494290755
0.351846836201509 0.7677438030855
0.333252098851349 0.776100266752699
0.303461292870726 0.789478928615114
0.380023817463802 0.755065316860776
0.90701214228506 0.205144831206547
0.391164974588819 0.750046321487162
0.3714079634078 0.75894238059932
0.320371970641953 0.781887403107102
0.329712644682069 0.777695974706477
0.339995845540715 0.773069089251269
0.381038287197674 0.754607899270818
0.320557969801279 0.781802830946789
0.387713506977929 0.75160123068431
0.325101298166489 0.779760763412337
0.315705499936296 0.783982002122385
0.345306061796222 0.770685180616262
0.394565669184105 0.748519023183059
0.331599181543589 0.776842394572387
0.298546600038987 0.791687418502273
0.325414172760801 0.77962071936688
0.315593241291718 0.784033512015841
0.335726788008054 0.774988462094636
0.364230831077666 0.762174297612701
0.323910974747453 0.780297515325011
0.349352422850548 0.768866973092984
0.340239654276108 0.772958892865435
0.348744566159706 0.769133592592182
0.344144487141253 0.771209534753191
0.319745996416892 0.782171598809558
0.368705434332778 0.760160320070728
0.351073298986911 0.768093566159443
0.358524480094177 0.76474268155981
0.317411656795354 0.783216717252027
0.387696645286345 0.751607843994407
0.301787160922732 0.790233117211603
0.36853369119518 0.760238900514389
0.328104522136301 0.77841181253347
0.322163381379409 0.781082204800842
0.388757484802601 0.751131796594611
0.336378875321196 0.774696240168621
0.322980730063006 0.780714896098456
0.323168788632838 0.78062919625887
0.308305622467946 0.787305568642896
0.372793347910352 0.758322507337496
0.385345338432634 0.752665177213792
0.336334160604383 0.77471449760404
0.365520394145862 0.761595564565077
0.346824233535189 0.770003167760666
0.331452484466947 0.776910445309309
0.30247196933139 0.78992552244223
0.344568886305332 0.771016614548776
0.351982188623629 0.76768430401334
0.350497304916123 0.768350969013803
0.297242029187997 0.792272683073241
0.34465751905734 0.770978124232567
0.366122767464637 0.761323073350707
0.34817539769605 0.769397061293854
0.314546206294772 0.784505100332581
0.355267884004475 0.766205783000833
0.367564241421652 0.760675040283797
0.357503879540827 0.76520198983312
0.372317402327395 0.75853399842551
0.325290326321788 0.779675294919356
0.361241002671775 0.763517266113512
0.297913723849379 0.791969593080836
0.362069321320386 0.763149755442342
0.326423993101307 0.779167319875194
0.354429727802512 0.766580281849538
0.354723750916536 0.766453438254192
0.301875660791691 0.790191092758823
0.366521220519052 0.761141622452124
0.355100216370428 0.766278409281072
0.3663866489474 0.761204964248275
0.311331311972675 0.785944785387845
0.340504463258977 0.772840478915601
0.324295669575592 0.780122915100511
0.319189051908898 0.782418130422461
0.311998920502044 0.785648786404725
0.301705518433979 0.790267625787702
0.329298374819168 0.777874424311002
0.322023800110288 0.781146681950074
0.380009291830708 0.755074037176299
0.333745111335699 0.775877210551113
0.356244317979225 0.765763809483904
0.304874569993357 0.788844191993492
0.358447787659364 0.764776513994377
0.350882086304806 0.768175112759767
0.355425014837969 0.766132219976215
0.383372465832758 0.753557363217398
0.348128281795222 0.769412073980408
0.352373845240826 0.767508070688667
0.336720065115436 0.774541414480426
0.350813203880941 0.768209114117859
0.303861941448029 0.789302895240134
0.345402766258104 0.770637379189909
0.324661219422604 0.779959204533645
0.349394697685567 0.768848161914725
0.32894536142261 0.778035808146471
0.356500756760165 0.765651010611885
0.371477401808969 0.758910360290626
0.334640009845943 0.775477299347084
0.391142241213873 0.750059091350214
0.357713037154434 0.765101478107738
0.367684677767869 0.760617720820245
0.386109867808978 0.752325073764989
0.325810952175943 0.779442083527504
0.307092201508604 0.787849579261745
0.396710418686949 0.747553890593823
0.347920371857985 0.769509862870492
0.328081112281489 0.778422225248525
0.357256080838558 0.765315685278717
0.327406075412438 0.778725417095695
0.378884424868646 0.755580009611032
0.337254028233756 0.774301931484858
0.35922895076959 0.764422513535269
0.390462490539824 0.750362150534952
0.377873293703401 0.756029617661919
0.394035763588819 0.748754950910804
0.334746959531251 0.775427020619296
0.316618447247434 0.783571339564876
0.364572804654627 0.762017608686559
0.380384875169251 0.754902940399474
0.352455664738217 0.767470581694453
0.391275819479355 0.749995785977645
0.376695478698745 0.756564349505529
0.383387648219558 0.753549188874412
0.394680444783293 0.748461921421339
0.373439697714484 0.75802840450466
0.395988700193796 0.747870601119659
0.376068927962106 0.756846017783002
0.391586537671424 0.749854648085745
0.361806987118863 0.763263467872557
0.39637869587223 0.747706633103796
0.374806006626071 0.757415953596901
0.395568856750765 0.748061309422839
0.366088813102437 0.761337980207851
0.390816696030036 0.750204572176071
0.378511014044246 0.755748449250985
0.374176539856462 0.757692282462219
0.355240727577747 0.766217373689808
0.350853155557343 0.768189528519247
0.300433041699502 0.790840192118321
0.371381497584572 0.758961953848123
0.337328332983637 0.774271198936715
0.371262182320061 0.759012719705517
0.374635552490122 0.757492449550124
0.380922704515195 0.754660735977544
0.337755911933177 0.774078174264884
0.364101870254679 0.762232271420251
0.3497487025011 0.768688873318822
0.370088796113798 0.759536294987758
0.352225746523865 0.767574985659136
0.368373299047279 0.760305512289083
0.287659121535794 0.796573310043643
0.277205327323678 0.801264301643967
0.353155818831627 0.767154516340149
0.346963219706649 0.769938111634504
0.336502223729905 0.774642821931774
0.305405375914258 0.788609478267168
0.362205896341779 0.763082905153715
0.283064151891793 0.798634503776729
0.317181128391663 0.783318826626829
0.343395795430363 0.771544925764573
0.310252170352894 0.786429711045453
0.291728845208316 0.794748030006394
0.308401746557434 0.787262244542787
0.287083849900633 0.796831528673658
0.383205176370296 0.753629051894034
0.315745750863744 0.783964383877506
0.346238683635647 0.770266236303926
0.318948401399451 0.782526484504423
0.289004989918061 0.795969249102348
0.317955720173812 0.782970287546254
0.361514706301513 0.763394227682088
0.370624639216718 0.759295138194303
0.309500320886725 0.78676745281964
0.299583951974186 0.791220908165786
0.281780533077436 0.799210088957574
0.301458147488872 0.790379319848742
0.328835343150667 0.778085333546175
0.394421057289097 0.748580029258946
0.319163104311459 0.782430555102484
0.356179732468412 0.765796173487732
0.357505685261274 0.765197754750991
0.328803775368649 0.778098791125685
0.294562659282279 0.793473833694204
0.285915486919429 0.797354895069373
0.369349083572458 0.759870961911514
0.297790728832852 0.792025241048628
0.380062201603427 0.755049376252523
0.295346485214591 0.79312349271398
0.363650842546769 0.762434317593308
0.306258844077429 0.788224104662605
0.308928387049659 0.78702414758216
0.346807046487231 0.77000781832587
0.386336239405283 0.752224216271283
0.387327619708646 0.751782955299922
0.301195815667116 0.790497572844228
0.31893815176934 0.782530381711713
0.317107413900601 0.783353922554616
0.310462413510078 0.786337172544041
0.337120042245298 0.77436157154211
0.305697000741117 0.788476890734315
0.309166749392255 0.786917773313325
0.384054048921231 0.75324867534669
0.298734396810832 0.791602439550583
0.329065741864303 0.777980543197596
0.275168231444634 0.802178302309276
0.324134235270397 0.780197539379224
0.363634287714498 0.762444850220244
0.273294380225782 0.803018963703544
0.294303069541272 0.793590466115277
0.315235521044753 0.784194000261327
0.286215061738333 0.79722107234144
0.301070531790608 0.790552812241572
0.335614109568359 0.775039871174349
0.289399772750249 0.795790867485366
0.349453537195238 0.768822588118223
0.388936633009458 0.751048982969037
0.281603820030265 0.79929038241011
0.278951198163119 0.800479857158349
0.373807578498313 0.757864300877692
0.336645005871418 0.774578273767362
0.346643992269577 0.770081836888613
0.306878640575304 0.787949559260493
0.279300193167611 0.800323247065355
0.39296583294626 0.749233964277109
0.27646248593594 0.80159754298841
0.396528460215594 0.747629440292455
0.316509241606083 0.783622897369293
0.388252672228412 0.751358104374796
0.280047627787701 0.799989151967427
0.304942697599519 0.788813732000448
0.29340457139637 0.793994978173782
0.396773405054319 0.747518997828634
0.381133091477777 0.754566319445833
0.318268133480646 0.782832894197997
0.337990771521285 0.773973022098305
0.361915621213736 0.763218821540771
0.287802293985028 0.796508195129597
0.389991738083145 0.750577741247478
0.298408090482198 0.791749245084267
0.299359814275228 0.791323089860651
0.302581301527123 0.789874130258798
0.387010652893877 0.751920142219098
0.293211445269798 0.794079887820373
0.342971456168303 0.771735489460088
0.347924474327757 0.769508209093477
0.2919151210323 0.794661669942396
0.384731183281523 0.752947269791769
0.291172469403679 0.794995108568878
0.360798793467339 0.763716474012267
0.329801510159335 0.777651954876551
0.357726558870987 0.765100167752016
0.350317706076531 0.768430708480408
0.37945661735968 0.755325327579458
0.347777413185847 0.769575017250987
0.354855593046261 0.76638780834081
0.346609452006606 0.770099039963613
0.341725599413862 0.772294460278708
0.345624144955679 0.770537165793489
0.373416911417335 0.758038779588247
0.391917375317408 0.749711584578863
0.34391289088746 0.771311241354393
0.275861927419189 0.801866347486142
0.366974114607572 0.760941716064186
0.36692605016862 0.760959713010814
0.387200572605049 0.751838941768096
0.359973649172431 0.764083916596511
0.342863188620955 0.77177874446655
0.371602802214968 0.758855516185223
0.334792479331164 0.775409518130187
0.351531872556439 0.767888594725983
0.365377889934043 0.761658613125213
0.344739372614689 0.770941786986617
0.317086918926032 0.783363695989149
0.362103541802213 0.763129992005509
0.289676577911969 0.795667007643802
0.291870883047344 0.794681762245928
0.295091251994705 0.793236707148514
0.353792601696777 0.766870528848776
0.347976562837574 0.769487449921361
0.29408204842824 0.793690082430242
0.354623064116423 0.766493821300696
0.29317972045703 0.794096327539777
0.365781686167454 0.761477755934414
0.361586584628121 0.76336450623546
0.291110235006038 0.795023737285246
0.389489456229368 0.75080733238884
0.315809463201082 0.783935316651403
0.288260274661417 0.796302768657925
0.351076617606861 0.768087936985519
0.291054684380253 0.795047916218477
0.358482022508415 0.764756098422648
0.276862151589684 0.801417580928273
0.360496687768153 0.763852286306299
0.309056607016215 0.786968265776014
0.369734414716493 0.759695668632757
0.332887063975038 0.77626576542231
0.289166710492794 0.795897454181039
0.347877377044122 0.769525000774729
0.299613546051959 0.791208498871455
0.34201686049541 0.772161440631151
0.372187427809329 0.758593672543654
0.297114376251209 0.792329689198765
0.366944593265408 0.760956292794697
0.277484584025793 0.801138303515116
0.340158618938609 0.773001417901166
0.362279012001369 0.76305442009898
0.321736098475304 0.781274895669377
0.276189304393211 0.801719802284892
0.316766310503897 0.783506935830527
0.351199690065352 0.76803223946896
0.36477543017947 0.761928741910651
0.368140594087497 0.760413251862974
0.376946119435739 0.756454169093031
0.368074080554777 0.760441758255749
0.293832663962544 0.793804263767814
0.386921825817894 0.751956320088888
0.367500107420716 0.76070097249953
0.316790583764036 0.78349544908341
0.367499381588954 0.760705075520328
0.360160861893627 0.764004921492472
0.327123133536284 0.778852306006628
0.307049272306472 0.787871269793102
0.293726490038965 0.793850254822401
0.340399399018927 0.772885410440061
0.372053951336485 0.758657258824625
0.319375835485209 0.782331933759702
0.321455230369473 0.781397629915604
0.337728536517816 0.774086641013212
0.384297066892487 0.753145200510493
0.319779942019412 0.782153754536359
0.307797877761216 0.787532647022557
0.328535491828006 0.778223648257753
0.326037212732263 0.779339699303301
0.302430479899407 0.789942742722692
0.305068683782971 0.788761229398401
0.341863014187594 0.772232143898911
0.387854326182278 0.751534701218195
0.29640045748064 0.792649385640542
0.326455803228289 0.779155495695338
0.360775249669454 0.763727364520063
0.310535207739823 0.786303643522797
0.337791365861581 0.77406174254069
0.322936505403701 0.780734588226743
0.351687744222816 0.767821160281147
0.345921139071835 0.770406682951376
0.353761559115571 0.766882341331218
0.318595645666296 0.782685650769274
0.387478828740858 0.75170846336448
0.311279480207534 0.785970267363721
0.276259498653681 0.801688498131046
0.339814199403199 0.773151939481762
0.313042728579806 0.785176773571734
0.345254006870837 0.770705928424058
0.316538322850235 0.783608413829842
0.32545960331909 0.779601763251839
0.37388354202444 0.757824210137714
0.290668268758027 0.795221850361458
0.353231867723746 0.767123920913041
0.33503279759034 0.775298844382061
0.333810200955125 0.775852635446574
0.283137350889318 0.79860225336862
0.308209421880135 0.787350770481003
0.327220851989862 0.778807715463891
0.317375921466866 0.783233903860508
0.307697397765791 0.787579566472878
0.324230290908102 0.780154492507062
0.304021420342096 0.78922759103144
0.340161978575254 0.772993768343259
0.338806389828931 0.773605273327563
0.386442711481055 0.7521729497101
0.291306976451072 0.794936276602466
0.348480711880903 0.76926093214586
0.318149138527272 0.782884800991252
0.369449424862402 0.75982213342779
0.321270922342504 0.781484897810524
0.317849288831609 0.78301847262107
0.334046672634599 0.775741156751108
0.301790606351806 0.790232431597026
0.317808363576418 0.78303710801884
0.323842407270331 0.780326392854446
0.361494463463638 0.763408933166417
0.322547705873537 0.780911028220719
0.330540936017436 0.777319383473669
0.372138279947636 0.758618080046387
0.308457602764109 0.78723616996347
0.339148984776414 0.773453201315802
0.375815581326144 0.756963641527044
0.283797828635997 0.798306308453491
0.309808038639884 0.786632948321649
0.391867901549236 0.749733658806236
0.375438035337846 0.757129602911264
0.387332309855686 0.751778236286766
0.333311165132951 0.776077380647689
0.298230829451214 0.791828483705212
0.311796536813049 0.785741017730214
0.299729539395253 0.791155799309737
0.283050710393321 0.798640429927031
0.278929432156515 0.800489786011645
0.332074970362852 0.77663227679438
0.324947021111521 0.779831731456313
0.289343822642654 0.795817304706816
0.303743134930859 0.789354304177001
0.284081212732342 0.798179045587706
0.28484679380562 0.797835945454744
0.343825903287597 0.771352289510431
0.35668944075149 0.765565722331023
0.304032341855707 0.789224523154612
0.282826166126505 0.798741935588632
0.282412025540447 0.798927337536503
0.341971110518015 0.77218440011167
0.394212424439771 0.748673945215695
0.299674660367556 0.791178592898008
0.352889466311682 0.767274768967267
0.39543448717446 0.748124937505414
0.374886358642024 0.757378799542865
0.338150630661349 0.77390220673633
0.374071813525494 0.757744481463527
0.332214102492535 0.776566852528834
0.393423322486227 0.749033669531938
0.359118825273878 0.764475591528617
0.337459280365155 0.774209242058722
0.330655569381892 0.777269183908822
0.304165666023009 0.789162765943476
0.334117673557665 0.775712878429312
0.351458875576782 0.767915486106493
0.302113798949825 0.790085471859407
0.324984559145827 0.779815727652503
0.280098617247249 0.79996494827779
0.322712020418365 0.780835374729172
0.330864068144242 0.777174009217872
0.283575893891676 0.79840503933459
0.354172910916242 0.766697598384736
0.339863198085747 0.773130199676374
0.303387235841574 0.7895148822993
0.315922165592023 0.783885245053624
0.324264697380596 0.780139001917926
0.338254506767378 0.773852959775864
0.380501465396512 0.754852580439452
0.349754782045462 0.768686360278463
0.396399547931885 0.74768623237714
0.328391943413777 0.778283901324534
0.349587060122546 0.768756566433006
0.376769823967648 0.756532231114424
0.388412838476844 0.751290988423223
0.321951920145634 0.781175280003655
0.357766048203328 0.765079437490147
0.363924326540627 0.76230734250684
0.330054882547972 0.777537127309468
0.31825012530335 0.782838161073056
0.376514832285307 0.756647705316473
0.380976387314936 0.754637966952895
0.324786643164993 0.779901294546036
0.39465005645342 0.748481090149414
0.367542387595264 0.760684007724422
0.368553038272103 0.760223835795379
0.350884497513393 0.768174816762564
0.352861631445454 0.767286904190515
0.358185351617798 0.764894016931191
0.341069667960309 0.772588154988454
0.320700804838729 0.781737823023283
0.315163339691027 0.784226153432106
0.391333103112593 0.749975608311316
0.390501703026753 0.750349566593937
0.393699562721067 0.748913120648645
0.363124576464889 0.762665717220376
0.327984825635227 0.778470585447779
0.378670178408428 0.755672549414287
0.313037768993666 0.785181173791459
0.389115059815291 0.750973639131925
0.379220333469631 0.75542589589871
0.356509352249931 0.765642636959565
0.306366008667419 0.788176920707297
0.385878607763616 0.752428947367583
0.380989081697697 0.754632308491206
0.382880608892292 0.753780043924072
0.315956205799895 0.783871393269278
0.38142392293388 0.754435480105559
0.328822438055491 0.778090956532338
0.325092246592143 0.779766726143845
0.304519400873268 0.789003724554653
0.380562845791589 0.754822263971068
0.397234990629939 0.747309727512442
0.358274643834623 0.764851758713818
0.390517463055928 0.750339883726647
0.324978240171204 0.779818125711213
0.350459407699361 0.768373273712687
0.356964204987276 0.765442576673573
0.348491571366858 0.769250523744788
0.268342682192384 0.805239486070492
0.343362470481583 0.771554293185555
0.35551465964661 0.766094760661406
0.351946375233782 0.767699496000653
0.319681688916688 0.78219439386861
0.345504227528829 0.770592195609695
0.318450183474832 0.782751101350963
0.269805119105344 0.804583249096876
0.308777873500588 0.787093004377275
0.375314414082983 0.757184198842913
0.36133034059271 0.763477578099494
0.344166129588628 0.771199900123571
0.270756175224008 0.804156671689843
0.366747830355145 0.76103933117015
0.376634215770749 0.756587882662621
0.270317439595818 0.804354395910827
0.340954783507904 0.772636475001438
0.392413575193578 0.749486639220722
0.316059678010309 0.783823827529873
0.280877114964425 0.79961569355574
0.280986993201959 0.799568072548459
0.371801414978099 0.758769953029497
0.306745711886369 0.788003983964278
0.314048057150799 0.78472798383837
0.314499000054497 0.784524537919845
0.303199423522234 0.789596748072603
0.314437565260913 0.784552162306921
0.33567475581673 0.775013079175702
0.311988042784532 0.785653145052278
0.287797762248699 0.796512286437623
0.271833981980438 0.803673268454858
0.392347295960538 0.749516837849711
0.303065078179209 0.789658621713247
0.348669366715642 0.769170532400761
0.301598633987584 0.790317606770821
0.33926349741163 0.773398443592263
0.364864929395077 0.761892200777952
0.305392960017311 0.788614722987606
0.344567942387659 0.771016871339132
0.304468245426049 0.789026726917018
0.298629409106369 0.791650880574385
0.294115963024082 0.793673892366343
0.314492635418845 0.784527124396459
0.360294015623244 0.763946877676539
0.293480487642371 0.793960224544525
0.283336875277735 0.798513177825983
0.276520043705457 0.80157203257816
0.318541566453399 0.782710951795302
0.302124970922053 0.790080964862295
0.307304953037114 0.787755344701811
0.389888439526597 0.750619058942895
0.294309703647291 0.79358691326459
0.309525829710328 0.786759724448966
0.341244270086397 0.772509204334253
0.295767902896045 0.792934853392952
0.310720956597389 0.786220954037411
0.349261504301014 0.768905785808034
0.310270728752993 0.786424138062442
0.308021822275219 0.787431983877721
0.330412217757297 0.777375171424888
0.294747894034426 0.79339157943393
0.325999938361344 0.779359201742146
0.297585638202859 0.792116823957103
0.340034523679866 0.773053065318937
0.305781702535334 0.788438152030716
0.331270731221914 0.776994177995959
0.338354924268681 0.773810193055501
0.303349528801946 0.789532851706231
0.335823388574427 0.774947677243192
0.387510668172479 0.751698549925036
0.348290413405186 0.769343579477694
0.336817527761576 0.774500836440268
0.284127635979937 0.798157804991685
0.29730647047833 0.792242647185553
0.357203636186036 0.765336504907201
0.296072153502091 0.792797340063617
0.290717127760964 0.795201762199039
0.311214935442891 0.786000395625552
0.353400191022287 0.767039623308977
0.291570278946977 0.794818041185235
0.396013519189231 0.747863621701434
0.31395325191842 0.784769283524319
0.290275785580421 0.795398551981616
0.369988959764465 0.759585962539263
0.306070980141739 0.788310024853681
0.286350604255745 0.797159524886273
0.270998654471468 0.804048100251553
0.376013017374344 0.756870427015202
0.317742634621758 0.783069123788935
0.387781209328143 0.751570821914812
0.317759175424668 0.783059459684278
0.311259177973948 0.785981381333489
0.298110372423481 0.79188233168494
0.286348637268855 0.797161622019965
0.375446315251289 0.757126251718291
0.262917793017355 0.80767306458418
0.292266244301743 0.794505619415992
0.262763264222265 0.807742354487925
0.350239928349683 0.768467338928859
0.905635564322704 0.207360496091137
0.899446662983404 0.217317976882343
0.867823808774842 0.268179020680547
0.907808284783215 0.203861671329486
0.896486702394043 0.222085734472698
0.871927770516382 0.261583996163004
0.875029124356347 0.256589419276099
0.872627959539094 0.260451951738432
0.869029918023395 0.266234195135397
0.906225808709054 0.206407608859594
0.906747508081522 0.205567540822946
0.909432216743364 0.201247486854202
0.906613520746912 0.205785509406465
0.896634878923593 0.2218406913381
0.871523935222393 0.262228236676748
0.86778110027176 0.268236846088862
0.872948380821858 0.259936842748871
0.872590569300096 0.260511116757711
0.872734227211489 0.260281803255121
0.902246783827653 0.212816288873022
0.909070832682172 0.201827125656569
0.904952498486062 0.208462705552814
0.874642613559596 0.257207352748099
0.903444477652141 0.210883051089536
0.867359828153842 0.268915261165156
0.867228174995328 0.269132499609314
0.897657056464706 0.220200248801359
0.898071857185476 0.219530751520304
0.905552786279253 0.207493442686927
0.90479478264087 0.208711605825942
0.89666810906832 0.221790179931439
0.874373339867917 0.25764565075011
0.90842108564641 0.202876858725931
0.910181303429106 0.200044024744367
0.909570675528387 0.201030197962469
0.902692706334594 0.212098157192686
0.877381417269077 0.252805090804607
0.877340623032071 0.252884085439922
0.871811538931715 0.261777325837586
0.872369331072773 0.260862141985957
0.899153418319427 0.217794097995741
0.873990928316954 0.25825218425008
0.871019195775781 0.26303704690172
0.906450337024247 0.206046733929038
0.916460164987878 0.189934339013042
0.364596988886719 0.762002994154481
0.366075937081445 0.761341902267483
0.346628403667263 0.770089451798183
0.380307866107216 0.754933250268785
0.361010347510606 0.763620618534166
0.383452137134311 0.753518910569879
0.351806187654306 0.767759123348796
0.352809949866685 0.767310358934996
0.389031297805449 0.751008871414702
0.359823977023134 0.7641564413987
0.372294438424883 0.758539752440249
0.34609992456097 0.770323791557155
0.365068730404314 0.761798767290449
0.365330668776452 0.761678311754572
0.306998935028667 0.787893555544198
0.320884362668446 0.781654689083752
0.365823103393057 0.761458915486092
0.368390763878158 0.760300249238039
0.320129243787403 0.781993870676418
0.353849513303244 0.766843821585541
0.276929654134004 0.801387607718923
0.308359493967223 0.787281277780531
0.313226507571282 0.785094997453748
0.353068998377396 0.767195436326628
0.34169800782576 0.772305202050725
0.391410847885665 0.749946873659317
0.386639684568408 0.752089112003364
0.353375878579738 0.767057839735773
0.391749645969621 0.749790724275807
0.373484146183742 0.758004851209872
0.294185967975857 0.793644867573231
0.307223139476079 0.787792992524445
0.36453980249364 0.762033651088322
0.278473470507144 0.800695602834313
0.305136846214177 0.788727985671742
0.284763031888894 0.797873207099826
0.367530482671502 0.760690421673128
0.352581401630522 0.767417248067418
0.338782645050641 0.773616689778837
0.384882074741702 0.75288181541043
0.344800918791843 0.77091444737691
0.387431932514523 0.751733409281301
0.286545010368542 0.79707353715422
0.38988564242745 0.750624994406452
0.374607776771991 0.757501701016704
0.316095412761522 0.783807194770374
0.316571847499541 0.783595023893383
0.289063492628006 0.795943344541497
0.311216740786547 0.785999548511992
0.309140902184347 0.786930631590895
0.298409296306539 0.791748634358469
0.393481959257924 0.749007489702967
0.349385572229447 0.768849784875355
0.341139176066937 0.77255925857533
0.351827877580624 0.767752882966286
0.337435650517778 0.774221356876702
0.370693726135729 0.759265851965887
0.373298138184291 0.758090535310909
0.395474829577227 0.748104957440281
0.383705377410577 0.753405812414102
0.365559272044763 0.761576362099106
0.321181063436369 0.781523803752989
0.381787369593146 0.754269916752451
0.342346833917129 0.772012466712631
0.395702178623529 0.748010788029446
0.385810468455552 0.752459240998239
0.367421937222302 0.760737323351437
0.359640431807739 0.764239258776356
0.372702282059434 0.758365626711985
0.38065144187484 0.75479028744397
0.290527743688219 0.795285364556278
0.298196655886089 0.791844111848648
0.33933786735903 0.773366587807486
0.357107602492662 0.765382172329597
0.327949967226374 0.778485936749232
0.386280080952225 0.752244813655137
0.29530076133026 0.793142917343252
0.376351617740402 0.756716690144252
0.382792737759955 0.753819063887011
0.369581783536266 0.759766377563574
0.389586989446799 0.75076510483918
0.322611514648075 0.780878593920462
0.355166469557583 0.766252858416798
0.349094840429243 0.768983273532807
0.367251910780373 0.760809834703798
0.386267198728365 0.752256921632627
0.370729467068469 0.759245362752407
0.35613883016745 0.765814289004211
0.353542236941179 0.766983411277624
0.358467410838106 0.764766897265279
0.295547358110146 0.793033177511906
0.367668576450762 0.760622188996811
0.270986958055635 0.804053901241899
0.339666320974278 0.773217988231102
0.301502390726353 0.790360766284243
0.393507113354143 0.748993975627376
0.329775835499738 0.777661927696269
0.324280024411532 0.780132468642727
0.377854997275888 0.756042259405752
0.31138922294111 0.785919405323891
0.373288250131893 0.758099657267647
0.311711720794412 0.785776988971872
0.33822857047336 0.773863460372238
0.283491056412433 0.798443720945594
0.386961360523692 0.751938432099222
0.274181063205924 0.802621085959978
0.291482306957905 0.794857289555042
0.371420761796582 0.758934336659254
0.379148608650944 0.755456109220547
0.35581745315426 0.765958962065491
0.373016711697619 0.758220733627719
0.391120002833139 0.750068873641188
0.358017552574243 0.764968967716742
0.367850271969952 0.760540403467467
0.389239239430023 0.750911065193407
0.392301316350126 0.749535870126543
0.366610993841203 0.761101375571738
0.380631551726611 0.754790485513893
0.392744994103825 0.749332623250683
0.387003858904211 0.751923200163247
0.375463777266826 0.757122423918951
0.350792700644958 0.768221141663807
0.394065443598807 0.748739579752679
0.389434748844034 0.750823663186789
0.366113522176759 0.761326965850685
0.35273460793848 0.767342400303185
0.393531998733659 0.748983563286192
0.374485550750899 0.757562083400944
0.34103172483227 0.772604529243779
0.378777460926494 0.75562701772967
0.373100270609891 0.758177642259804
0.382575591021611 0.753917991162864
0.322992054050206 0.780711429139731
0.394812305252672 0.748402515081376
0.383067277539704 0.753696192743121
0.338701090659235 0.773650906344938
0.34617296423826 0.770295332427221
0.353068358574508 0.767195817465132
0.343268169399857 0.77159999880615
0.338681283823641 0.773658546055415
0.348957277517375 0.769040578603287
0.371886228161706 0.758732361057786
0.338493590938842 0.773743165125481
0.346561140021017 0.770119451945038
0.382501950782655 0.753945846714312
0.376417957348852 0.756686699742073
0.370889545730483 0.759175381573667
0.321654324190318 0.78130851410325
0.367535095278311 0.76068631051935
0.383526990621033 0.753483802635795
0.338563718659528 0.773711914695983
0.384767364757047 0.75293402068511
0.322001202190501 0.781155584710394
0.344146553949551 0.771208504241521
0.314773857823983 0.78440095520955
0.278062736127216 0.800878556169372
0.337072583167732 0.774385626687834
0.377009108820803 0.756422735887012
0.321031849736772 0.781590894425832
0.380213658145603 0.754981292536919
0.315526594942192 0.784064306717431
0.339905294105536 0.773113332110759
0.318774061816807 0.782602493536695
0.297982480097362 0.791939117816473
0.379453862273375 0.755326916691096
0.292328964054387 0.794476125645057
0.291330273303955 0.794925560902789
0.351848612123306 0.767742968196326
0.317153085707164 0.783330710440343
0.276619521421643 0.801526205357769
0.335533239137797 0.775074473996794
0.308182257559249 0.787359773714231
0.282380914657446 0.798940801554504
0.338289820338829 0.773835291459498
0.347510990855286 0.76969437827803
0.323097232058872 0.780660888984035
0.382053970847292 0.754152223425262
0.339259064745864 0.77340002840127
0.29487539899678 0.793333667007413
0.329337005542674 0.77785989111035
0.285028716429935 0.797754396660407
0.2925349054019 0.794385270371245
0.350549642835576 0.768328256310291
0.330940368062605 0.777138802175676
0.287149798355952 0.796802365336579
0.381088296734021 0.754583362662965
0.28690579099071 0.796909841420312
0.34717997385694 0.769844113263548
0.372697751234351 0.758367588989026
0.306911101618357 0.787933800813359
0.285603114057169 0.797495604773316
0.288112255085922 0.796369742253198
0.280770975718732 0.799663231383911
0.289199822935465 0.795880939026053
0.362281010973457 0.763052148521831
0.366218550397731 0.761280686928548
0.284648684638362 0.797924681727192
0.290816993593625 0.795157134729419
0.322811421357976 0.780792024397471
0.328936193587641 0.778040963010992
0.29143114337079 0.794879206081935
0.302851706126735 0.789754168986768
0.350491347986553 0.768355504633688
0.387463962383896 0.751708991122208
0.333076556788224 0.776180925234642
0.394487923460444 0.748551827425135
0.358438077948385 0.764777958762629
0.318082600056455 0.78291929352947
0.352513082808488 0.767440107666415
0.354725548009471 0.766451336937864
0.362171480231893 0.763098789891747
0.374856968393438 0.757390975528949
0.382118528091291 0.754127257225951
0.390934933167436 0.750148719064473
0.359052720343561 0.764502602396982
0.356877947540512 0.765480234898159
0.342335432698155 0.772019879197044
0.347422158011107 0.76972792207738
0.277514102095814 0.80112533430026
0.370194100427422 0.759497506707857
0.314631027300317 0.784463506246444
0.350202981072983 0.768481732614988
0.289078697848013 0.795935983379438
0.306794159394281 0.787983581089057
0.359733162492863 0.764201155859085
0.374399938925512 0.757599408233491
0.2952122212369 0.793183351634822
0.344387005463915 0.771093232107424
0.378172737305344 0.755900791454272
0.344070557755795 0.771236605611063
0.327567484248223 0.778656024303658
0.330398516617275 0.777380465148853
0.355367808737093 0.766164348207335
0.285447396891004 0.797564970906275
0.337519599851159 0.774180071622202
0.37983431970577 0.755149804094201
0.359958154488434 0.764093130515532
0.315117252854998 0.784246386848826
0.319141977991102 0.782437092622174
0.282110777572409 0.799062509165669
0.341247365929952 0.772507512181068
0.354924757079237 0.76635832856655
0.291272321881982 0.794952184564251
0.396511775270036 0.747636029930102
0.278860654918272 0.800522030462932
0.352661579648074 0.767372814672579
0.373593303066032 0.757960826972657
0.374479354219277 0.757562395539209
0.291478935455572 0.794859122857305
0.285413963340685 0.797579659883525
0.268945794016017 0.804969543787197
0.290434235764078 0.795327070587041
0.381901008809703 0.754220212872753
0.294231341114032 0.793622282761025
0.384535320722477 0.75303257949778
0.364807490471142 0.761911635534816
0.314866328106671 0.784362601199725
0.333750618223074 0.775874617406687
0.310031036745703 0.786530917430507
0.284441732529645 0.798017551301612
0.275715346658831 0.801932562876183
0.281375302751285 0.799393319337012
0.3654966889522 0.761605429311768
0.322743758300172 0.780822593081691
0.316890453771403 0.783452786333631
0.366847174182948 0.76099408961029
0.283921340287594 0.79824936211344
0.39656075913546 0.747618439589124
0.369792370200638 0.759671894265841
0.353969365488496 0.766790402597201
0.270091666048822 0.804455737356295
0.311185935801957 0.786012195769751
0.283589183577119 0.798398394643131
0.285009250522448 0.797760978072226
0.274117315897628 0.802649565347852
0.287324579794125 0.796724239922541
0.281304607089365 0.799425082582656
0.338983218529782 0.77352307205332
0.384890319840059 0.752871765526317
0.369119332838015 0.759974562678664
0.334021550842028 0.775755667858784
0.329030281685594 0.777999636923162
0.35259649336535 0.767405291194191
0.330550706924675 0.777314721172303
0.371072142203434 0.759097391928067
0.393231457660028 0.749114764138004
0.279372710396203 0.800291698030815
0.388829453111031 0.751096412765571
0.358325181251597 0.764827812761224
0.375204622838606 0.757237595615658
0.354302390797364 0.766635453664426
0.35580590435821 0.765959747840132
0.361859956329038 0.763239778231223
0.348940887413523 0.769050315020818
0.360894368978064 0.763669418014963
0.318382112225415 0.782783224068937
0.37743237067432 0.756228889592472
0.322576837789768 0.780897684183011
0.369431475521232 0.759828782724126
0.36175481152915 0.763287431960758
0.361925094192301 0.763210786208561
0.372101232376418 0.75863317862955
0.385364476935494 0.752654331637788
0.392183323741277 0.749588235465667
0.376045442194247 0.756854878038834
0.376456541030646 0.756671560330145
0.293452919411131 0.793973049494226
0.37526757477657 0.757209859027972
0.339040145629031 0.773496491735063
0.381045842496451 0.754607246615248
0.321374122797352 0.781435740422038
0.358377797409516 0.764808515350285
0.339470271786888 0.773310949348555
0.289091859643274 0.795930116775561
0.385794691641987 0.752464274629802
0.333963973193592 0.775780503404048
0.331907437218602 0.776707050676959
0.33191399601239 0.776699452475267
0.327038124810653 0.778892458130538
0.308704810378931 0.78712764035361
0.319510501572711 0.782273868575471
0.329619438985316 0.777734054672515
0.33314174579889 0.776147454435272
0.3085682899387 0.787185715280762
0.368878163022397 0.760085094367343
0.295299471463064 0.793143894430495
0.334465657388821 0.775552722794929
0.296186172408868 0.7927458929415
0.342170421356013 0.772088639199725
0.374820107225742 0.757407603016556
0.34808806454721 0.769433057227
0.340299326331422 0.772934198256751
0.351964733736132 0.767690360879758
0.334638781388658 0.775479412307044
0.380307187984919 0.754941382318061
0.335081351860184 0.775278961617159
0.34062835463052 0.772785205805121
0.344383867863315 0.771096369910081
0.349651747065987 0.768733989224665
0.294760393609525 0.793385339082438
0.356265943801426 0.765760167955127
0.336453585419693 0.774658229780048
0.339089589321736 0.773479649442032
0.315387048954597 0.784125857740605
0.293465241213549 0.793966561147447
0.336108237662315 0.774813585080835
0.345173576540841 0.770749595298438
0.368901945232859 0.760071001796305
0.274397058549968 0.802523886288777
0.287976263192396 0.796430920577252
0.287764325016693 0.796526853222549
0.268711968273284 0.805074503096741
0.30175831481973 0.79024512066261
0.381277798608345 0.754497271878195
0.319179203953537 0.782426437956389
0.367479792733923 0.760718584944999
0.292074139399727 0.794591149753447
0.349877970804737 0.768627832892332
0.331910279426254 0.776703762396829
0.351015227083204 0.768118756069849
0.368110339761347 0.760436844193727
0.390789465803188 0.750215872041205
0.331980005633976 0.776675350162948
0.368351902040243 0.760319144617035
0.327157763444059 0.778841976676393
0.352469703469146 0.767461102045443
0.363560341341114 0.762474680766451
0.34772610907421 0.769596744274738
0.315673141428477 0.784001165329909
0.346169053908529 0.77029662299798
0.32391481887103 0.780294536076086
0.297046614753702 0.792358564150078
0.345945343920697 0.77039753725657
0.288340408216082 0.796266476632387
0.293937056836305 0.79375406619692
0.395873652653822 0.747926006196281
0.355284834247253 0.766198788537145
0.303583516349831 0.789424234314683
0.30094426222613 0.790611275441045
0.327074943405476 0.77888009123876
0.343243217061503 0.771608504077891
0.309676855505841 0.786688050796171
0.37059727696186 0.75930918062224
0.344000103058506 0.771267103327569
0.309383697807835 0.786819993777367
0.312604199641209 0.785375254434199
0.389290181632854 0.750895326943977
0.294868654803658 0.793337544270797
0.289003409616556 0.795970339221679
0.371324168142782 0.758981058900265
0.360755833837896 0.763731829850233
0.364355779120957 0.76211239914444
0.359540927512236 0.764282478974608
0.34810687694952 0.769427732230229
0.333701059810928 0.775903289147055
0.309816519410663 0.786627304686367
0.393041211450802 0.749200070261974
0.287730908469264 0.796539994111646
0.387733879736195 0.751594693710828
0.290863125114586 0.795135847761632
0.331433424433968 0.776919147233335
0.318154628940897 0.782882174516007
0.273453170870065 0.80294718854706
0.283284274718979 0.798536413201462
0.301137800310069 0.790524420527265
0.273649358949492 0.802859343029174
0.376702372421547 0.756562205013592
0.355503322573542 0.76609873787672
0.314496181311744 0.784526001047993
0.291593740300204 0.794809559726495
0.273987647758306 0.802707651258091
0.278240276372638 0.800799018275516
0.369126765501467 0.759968478957163
0.273308185466622 0.803012002660831
0.288643529663993 0.796130285371262
0.3066999755954 0.788026270396676
0.272265596880355 0.803479993648423
0.275460045917022 0.802046795449573
0.291368706798544 0.794908224551522
0.315815650608875 0.783933716673985
0.360255963867609 0.763961491158568
0.290971601491904 0.795086072553081
0.342111833347916 0.772118249385177
0.293155687565758 0.794106899472439
0.270867154771236 0.804106850961439
0.34926873559159 0.768897805699649
0.289445240658954 0.795770997619271
0.282001347372627 0.799112365937097
0.368193460877352 0.760391700867641
0.317924477019691 0.782985787425977
0.315760601649495 0.783958426379208
0.348142832123976 0.769408369926959
0.302498271109502 0.789912536388471
0.281867744603251 0.799173220126375
0.283705238776965 0.798347940793156
0.376157234065694 0.75680283942309
0.27864349345643 0.800618644698541
0.291783274568574 0.794723197321151
0.335236178624997 0.775208049936696
0.29721879275305 0.792283384298048
0.331312842504497 0.776971775447527
0.3366223034773 0.774583584847723
0.286443307028956 0.797117742061404
0.288735756851338 0.796089270705927
0.330443631515499 0.777362084794755
0.393678313889663 0.748914395628333
0.341024952066679 0.772608205400773
0.343438366365127 0.77152248793913
0.270791972227409 0.804140906498757
0.339720331087014 0.773193322851871
0.278051125602829 0.800884677448917
0.328709980008892 0.778144957364774
0.318906919079225 0.782545428749124
0.28190984274035 0.799152546193343
0.273250725634175 0.80303827926392
0.270234270093664 0.804391389259753
0.392254376530264 0.749556630229751
0.348181345291382 0.769391522424782
0.294788821877537 0.793371827804213
0.287299336015788 0.796733855250972
0.282332712129513 0.798963871860266
0.292939405354146 0.794203623339339
0.875659514622575 0.255571693048609
0.919911707759217 0.184375999572255
0.901057576320774 0.214725677821071
0.872572401728577 0.260537017016664
0.868919193696941 0.266418090635113
0.899594606655359 0.217080660362123
0.921343612538816 0.182069751023801
0.879075881448441 0.25008132299546
0.869883774766673 0.264866156147672
0.902380376150822 0.212593661827086
0.868669949805443 0.266820988191975
0.876872869926026 0.253625603789801
0.924208051575943 0.177455908276383
0.899812148740428 0.216727043090393
0.874722360962593 0.257075626182801
0.919472264385008 0.185083812450028
0.873302897260749 0.259367358920012
0.921538568047016 0.181755754737614
0.90118302265198 0.214522130850602
0.874995094534582 0.256645620885735
0.902213446799189 0.212861922491112
0.873622939244681 0.258848335549279
0.871647589521062 0.262017469596155
0.914385885450671 0.193273290931234
0.876629728647216 0.254026401485043
0.879307857509127 0.249716842692886
0.9008398798641 0.215078431497809
0.87935189452957 0.249639377285343
0.917489012605807 0.188277393828128
0.874451150996263 0.257517277275623
0.869727135581027 0.265101450996396
0.91343038899764 0.194811622595482
0.922188649885173 0.180708411182508
0.870024369051562 0.264627112696262
0.868825507100387 0.266567463278446
0.871873613459972 0.261655744530136
0.916514647945423 0.189845571570012
0.92398798226972 0.177810534112417
0.909946541054143 0.200421335611015
0.923981638686013 0.17782089651362
0.923730222479125 0.178225801761897
0.923683144794362 0.178301488161683
0.920525050081855 0.183387805038241
0.910209245977379 0.199995121807189
0.872457150215859 0.260716067055839
0.878774561346033 0.250562122356239
0.870976496822873 0.26309786503257
0.919722887332363 0.184681261746099
0.87395124404807 0.258316177898377
0.873253611738091 0.259443444493996
0.868634047860491 0.26686774711727
0.874447496829376 0.257520925668483
0.917661246485601 0.187997691426742
0.91601365142137 0.190651226645912
0.875564115529217 0.255728747357571
0.872839978309373 0.26010061201563
0.92235768409156 0.180435909453139
0.87573319635314 0.25545433712091
0.867469455806108 0.268732902338864
0.878390903677182 0.251179165889027
0.921796598395149 0.18134012743056
0.86753134577296 0.268640864627512
0.876450929536515 0.254299975423631
0.868730393360038 0.266706499251955
0.871056091746627 0.262975340589412
0.901318141796419 0.214315501675744
0.869121880209128 0.266078402017697
0.905417345745575 0.207706820016836
0.877292070141899 0.252949637321269
0.877519438430259 0.252595735611405
0.922188240754511 0.180709315073649
0.876190596354716 0.254714191578339
0.904755239658293 0.208779531340429
0.91824448911799 0.187058269087025
0.903140390255357 0.211376335640397
0.877279485150047 0.252968584791267
0.922107685529483 0.180838947277336
0.872088809696684 0.261311866746674
0.920768583946727 0.182996039083113
0.873332579721212 0.259311371442028
0.872952763462402 0.259930257901307
0.87866624443848 0.250733937475802
0.89808543696521 0.219515191615649
0.879393416463864 0.249572559633035
0.904279770291929 0.209540838660566
0.87486314674213 0.256860214035376
0.878605227741868 0.25083685234502
0.868565718880163 0.266977464469661
0.90885935158151 0.202168445042397
0.924005021270904 0.177783089225185
0.872597334934085 0.260508278419954
0.908049788406243 0.203473428841372
0.869826351121874 0.26496966813779
0.875572677788361 0.255711893847326
0.878284355897171 0.251353146872536
0.90252538287585 0.212365363852577
0.871839233971761 0.261714276560171
0.86883169363308 0.266548319104228
0.870166661503448 0.264399325213641
0.903512468227738 0.210776239449584
0.876225845327786 0.254664349312546
0.875450118808835 0.255907307187592
0.921627218080252 0.181612785458835
0.923773842265339 0.178155415052199
0.897458820471165 0.220517224878664
0.90422198075073 0.209637783836663
0.909159463607205 0.201687415585232
0.876840933011899 0.253677711842642
0.928044864307366 0.171276163298153
0.918072853107873 0.187338082765018
0.911951352239313 0.197194154811753
0.912607733492249 0.196135406349032
0.873386095377181 0.259239190056652
0.917502620408974 0.188256144393922
0.914265686178644 0.193470868543811
0.907843324112117 0.203803467637307
0.90878631109874 0.202289295593184
0.897197932549835 0.220935035555268
0.928130816366294 0.171137697224593
0.867402633332738 0.268841361440646
0.921423522543216 0.181941423599513
0.875138578088079 0.256416091888795
0.878711059941459 0.250672014549398
0.902720664777353 0.212049068313106
0.90511950780385 0.208193284816286
0.878950443024528 0.250288380511543
0.879209834679519 0.249867885205931
0.90980563673291 0.200644797276299
0.875376219043769 0.256042447088909
0.901290931201374 0.214349239386107
0.905419634006451 0.207704824539511
0.878702801479642 0.250681933087661
0.916329485801244 0.190142389997129
0.876831822801471 0.253684317126354
0.90913654894887 0.201720723955328
0.922210155384947 0.180673830451805
0.904002967152824 0.209987445772527
0.903713117966641 0.210451925877975
0.92070280507017 0.183102366887532
0.916624956093117 0.18966824463727
0.877107589983365 0.253246313859287
0.875418531970596 0.255960983916116
0.922647871709615 0.179969126056786
0.877457509066836 0.252680639234108
0.920846788314031 0.182869507388681
0.916134845850994 0.190457706172237
0.916463502193115 0.189929122108387
0.908288859776858 0.203090264071337
0.922148274296296 0.180773889377956
0.878367779823589 0.25121849326716
0.875235047574849 0.256249981929196
0.869915486786396 0.264809075724911
0.924389895225303 0.177163080110167
0.878423770283255 0.251128553802729
0.895963280720996 0.22292182991226
0.92585680013805 0.174800390581629
0.920331459155427 0.183700612593538
0.874710561232252 0.257102317467852
0.867949902909354 0.267956507822812
0.876344901942983 0.254467924234932
0.926337302702661 0.174026877225949
0.871678368744461 0.261978598551637
0.872853640384492 0.260087327213569
0.873772332790648 0.258606061847776
0.868577891713852 0.266956794184812
0.900211163580361 0.216085832856713
0.921314275949032 0.182115572596978
0.870526016633128 0.263820672943935
0.920751133082025 0.183022204416146
0.917323125529892 0.188545150912029
0.91330857432998 0.195006037101811
0.867652443616728 0.268448346685841
0.904946860476114 0.208463846096837
0.90040363918567 0.21578113823985
0.896320973089503 0.222356720825151
0.872830388488358 0.260113534793265
0.877755811887567 0.252208091138809
0.896934685772171 0.221361318748787
0.868113308187294 0.267708527428434
0.915683490318173 0.191186872000419
0.902378108326009 0.212601280077223
0.877229079526552 0.253058093338021
0.915790620982997 0.191009304540066
0.87030320990271 0.264188688252235
0.908037455334901 0.203495473302636
0.896536339508184 0.222005386487838
0.910383980514817 0.199714276134915
0.90014875337059 0.216190046837387
0.899705037518113 0.216909194910903
0.914166495696928 0.193627125359943
0.878635734525364 0.25079150637205
0.903734741361452 0.210421435327271
0.90792551056466 0.203672186322745
0.898571785984995 0.218727012186264
0.904431683393023 0.209297002338581
0.911657850036933 0.197668101483997
0.876740985206208 0.25383468735527
0.910445811316658 0.19961736829454
0.908449022751994 0.202829269986407
0.90895171896417 0.202020105929122
0.879463726152078 0.249459923437414
0.905057251983706 0.208286713365636
0.921657194706516 0.181564193266148
0.906274197611774 0.206328103334298
0.879521156499143 0.249365818854962
0.917419691760066 0.188389567238471
0.905582243052101 0.207444939443267
0.87499987048721 0.256637427965002
0.914340894089551 0.193347378671825
0.896958749314945 0.221319292524785
0.907751867604509 0.203953000214592
0.91911441469563 0.185659339421125
0.903481118791811 0.210822484099236
0.895755595868432 0.223262997412251
0.900748201418365 0.215226265575683
0.877060467688293 0.25333228636498
0.913913615673423 0.194030889911307
0.878964257755757 0.250264378841125
0.879204810649984 0.249882353668613
0.905028341862428 0.208337401223399
0.878886371849395 0.2503818610577
0.913081741271187 0.195372904670901
0.868358599274087 0.267310286561613
0.869128205974332 0.266067457431454
0.908380719075285 0.202943192455638
0.870219929232545 0.264319335784211
0.869232074654281 0.265904859783471
0.869732396758043 0.265100869365323
0.907486502145043 0.20438038910902
0.914293483772494 0.193420133302602
0.868097968917973 0.267723704053309
0.901812661428595 0.213510210220488
0.872413150270098 0.260791346906158
0.868391146160629 0.267252727443222
0.904232057046599 0.209619495132334
0.875689545289859 0.255540876940987
0.877808949412921 0.252131266895472
0.900562949812629 0.215520589882138
0.912652125057297 0.196064221379507
0.905861172467947 0.206992432293385
0.911130768805824 0.198513067427436
0.902305544972881 0.212714696062284
0.877968940931988 0.25186266132985
0.906780404017908 0.205516816651276
0.878454083397128 0.251091297016637
0.915857185359814 0.190901874539569
0.908571479120495 0.202633119081222
0.874489582383117 0.257464201589223
0.906301900663906 0.206293926266573
0.86740984326991 0.268826162711038
0.918099697724553 0.187292743216785
0.909505797288501 0.201128713270261
0.920288801175475 0.18376827774915
0.908339545003201 0.203006812087319
0.875312846046193 0.256130608188272
0.90739594394414 0.204525158541146
0.909528965753209 0.201090932172542
0.923772526507573 0.178157187692053
0.901240257897464 0.214435150081149
0.901708970904324 0.213676412262235
0.873709391786002 0.258705241819076
0.90057620328133 0.215503527443325
0.90383994805938 0.210251652392834
0.91217705256368 0.196832253187211
0.902942383680735 0.211690687663588
0.89693223369549 0.2213664881069
0.904316937409301 0.209482856090723
0.909955441255848 0.200404407019076
0.916056613283386 0.190582080928442
0.919236241533721 0.185462146971759
0.90393646142203 0.210092007788557
0.8769600358666 0.253485473039931
0.910550928310694 0.199445395478536
0.895703111576401 0.223343747547354
0.87785915334192 0.252049582525353
0.910701932571147 0.199205441889892
0.905689109677278 0.207270171422247
0.916626473726586 0.189664337432081
0.905991415778178 0.206786513764376
0.897551619461974 0.220374686671052
0.868005581374062 0.267880628802279
0.910419363806624 0.199657198677028
0.900556141358924 0.215533326870089
0.906385195371141 0.20615066650354
0.875052950757001 0.256543319832723
0.921787544035418 0.181353096280648
0.897405219281043 0.220608722370149
0.879496186351342 0.249411439070241
0.879039662955847 0.250149018956446
0.916380895482252 0.190060144284138
0.872624857932317 0.260458373169496
0.869948663109156 0.264747452428366
0.871174896403023 0.262779943448652
0.871028943263313 0.26302940091356
0.91213057009343 0.1969038553304
0.870974002420716 0.263109482007719
0.879414004551638 0.249537480824337
0.878435541025407 0.251110700419075
0.905874173317963 0.206975318850168
0.867191265828612 0.269197833618325
0.877497467035139 0.252614616550424
0.871293827836427 0.262591882894116
0.897552236570788 0.220369663714372
0.868172273968791 0.267609653795035
0.906529962347333 0.205924496312256
0.873995808678245 0.258241108480724
0.898404769758079 0.218998649216508
0.873581697807981 0.258910918210759
0.874439052047534 0.257542721406803
0.897774147456594 0.220009543749295
0.900009799646547 0.216422007312786
0.873208713342301 0.259510161643807
0.91984832157355 0.184476485417832
0.91172872107687 0.197549191265696
0.869031422338887 0.266221650903585
0.896262408055394 0.222443593715582
0.919346112667511 0.185286219244928
0.91717519901355 0.188782810914406
0.919952601990461 0.184309929747686
0.91909363963253 0.185693718245004
0.92028325990897 0.1837775871282
0.921469143462953 0.181866971889129
0.923586587402342 0.17845694110144
0.919201118140996 0.185520306443169
0.920564468395871 0.183324150759405
0.918897810284628 0.186008360662548
0.904781576194842 0.208733156263394
0.913444841029984 0.194788295320476
0.904926106959139 0.208501789223624
0.901146902803702 0.214581082182611
0.921643115692934 0.181587181497157
0.915369791762544 0.191687653795864
0.909859558171392 0.200557548590409
0.916056723161522 0.190581329247809
0.91935429027806 0.185272828603456
0.922866494676479 0.179617278150271
0.905277215208876 0.20793409248216
0.910816762208052 0.199021208278001
0.921895873864719 0.181180160043171
0.900368420720576 0.215836731908977
0.919602123889622 0.184872685617389
0.920886606231595 0.182805291599907
0.917234553547625 0.188686577245228
0.904385522692337 0.209370577935456
0.915191419517204 0.191975033104871
0.921527324065349 0.181773798394908
0.921859206995106 0.181239459936711
0.919831616879087 0.18450440163428
0.918545296619024 0.186575346110576
0.914538909964236 0.193026090400175
0.91302104535132 0.195471123110373
0.90683292477478 0.205435581288952
0.924152001501438 0.177547122821272
0.910402604930899 0.19968511046096
0.921520416743633 0.181785726618645
0.91514890217319 0.192045565105187
0.925733456932918 0.174999286435654
0.919241974333379 0.185454791627397
0.898480618212608 0.218872080886693
0.922740977266424 0.179818885307414
0.906016372056616 0.206745154354308
0.919319395958185 0.185328490794011
0.901351458267662 0.214258171468759
0.901968614037206 0.213262713800623
0.917206183884286 0.188733977365065
0.921855948356555 0.181245598226964
0.900920528329003 0.214949403375913
0.914560162322357 0.192993808349777
0.91305387091153 0.195419707968774
0.916958912870798 0.189128702497692
0.926169831208309 0.174296434422958
0.908128030466765 0.203349229219304
0.918718720336591 0.186297211262885
0.919931212818809 0.184344457817518
0.874146037377949 0.25800931951026
0.920150224730678 0.183991268209138
0.9245609872011 0.176888574318613
0.919144130127925 0.185611197337657
0.904067217709624 0.209886012353393
0.91079048646174 0.19906181676511
0.918636907641394 0.186427801410476
0.917329973620881 0.188532275637315
0.902069279563936 0.21309500880259
0.912644645938242 0.196078428923149
0.914968847234828 0.192334912951577
0.928386280645084 0.17072655528265
0.906726589294183 0.205604196060429
0.907683618296569 0.204067080875667
0.928386280645084 0.17072655528265
0.922706751605707 0.179873898150194
0.918776423543634 0.186205242389244
0.900385882509551 0.21581042497331
0.919004353312291 0.185836082193332
0.868637681783575 0.266861170791116
0.91250687360331 0.196299015040612
0.919279644769022 0.185392824339749
0.928386280645084 0.17072655528265
0.91893501329937 0.185947549128739
0.90072386747342 0.215269010582951
0.9026910962464 0.21210305686829
0.917508393031048 0.188243482895849
0.900513504700363 0.215605761239648
0.914920392241462 0.19241322139957
0.899003569894103 0.218034391863896
0.918090513612049 0.187307972500098
0.922693687263301 0.179895643953382
0.918029196662508 0.18740648902661
0.915991659819123 0.19068973157501
0.913577935985639 0.194575206685546
0.921023127287948 0.182586124313217
0.922523935509522 0.180169936221622
0.924062851255566 0.177689912528671
0.90361347024644 0.210616406349012
0.917232702607746 0.188689340667539
0.913764308562165 0.194274461906651
0.923395482973972 0.178764731125204
0.916288926809597 0.190208169252122
0.912778291127174 0.19586229156633
0.928386280645084 0.17072655528265
0.899925575997645 0.216550675948418
0.911858848580796 0.197342198039304
0.916684274465127 0.18957124921326
0.919533261597067 0.18498388295354
0.924773958132749 0.176544673303223
0.900103449074706 0.216260123718372
0.920133362522387 0.184017683464122
0.873191263097142 0.259543260607325
0.921892390019032 0.181185066823485
0.909858978235211 0.200564046263229
0.918658861488519 0.186391301664367
0.929037491332181 0.169677331506854
0.908103964134193 0.203389279314164
0.915447042025832 0.191564663862765
0.920634470105673 0.183211847808664
0.926008500790815 0.17455643408774
0.922367639969573 0.180421450261351
0.920534995342765 0.183370311686179
0.913374434572703 0.194902023883324
0.925326782840821 0.175653766840336
0.915676536141604 0.19119521630056
0.918519339199473 0.186618627472657
0.920936591646282 0.182725193448888
0.91429300975899 0.193424550163285
0.916015942191525 0.190647612179281
0.906790791037158 0.205501479925966
0.928296528505668 0.170871132138066
0.925366582854003 0.175590239148227
0.922612285144515 0.180026820659172
0.921724815307495 0.181455391584262
0.902741976003616 0.212021433176585
0.913625962960312 0.194493994323372
0.906808135723424 0.205471908790174
0.922483210510964 0.180233741117505
0.926807793516009 0.173268662053718
0.923127383022003 0.179195447300717
0.903853263749593 0.210228099449984
0.92843103520245 0.170654462687892
0.922025830470415 0.18097043181529
0.914819437083463 0.19257433106099
0.924578906545239 0.176858683832524
0.922444558060943 0.180296591087796
0.928398243982411 0.170707121028669
0.919247533194966 0.185444421820259
0.926815260272119 0.173256639170778
0.915184024565976 0.191989383298626
0.914178806731023 0.193606379558765
0.923932763691471 0.177899230297814
0.921866144485384 0.181228159016588
0.919127975475194 0.185636176090566
0.925317049371789 0.175669441227395
0.913006035795568 0.195497227539701
0.902595920780983 0.212258651015515
0.915520157361267 0.191448413596328
0.915064544343103 0.192178719094117
0.91710509500183 0.188893755666878
0.903537458852798 0.21074212361593
0.913527561369209 0.194654178749905
0.912713558214948 0.195965815711465
0.910238728032445 0.199947605424355
0.907262177175994 0.204740389668094
0.922765282768788 0.179779230876339
0.912838243323782 0.195766271177783
0.921221990773584 0.18226668829597
0.922790086530625 0.179739502612622
0.91276678582263 0.195880949428095
0.909434842021506 0.201242497903388
0.925034137530047 0.176125863106817
0.902605660656468 0.212239422441473
0.928344611057886 0.170793677201099
0.904530269159604 0.209143655665942
0.912905830890191 0.195657652208083
0.924540325448729 0.176921583139188
0.90787786568029 0.203747474555857
0.924814751507242 0.176478487781144
0.906010978724278 0.206755894954034
0.903656190892339 0.210542729761881
0.91031908227964 0.19982094556513
0.914176942678627 0.193609361087627
0.908104260387293 0.203387861444607
0.912604008295791 0.196145247361867
0.909141255399109 0.201717021452221
0.918290795304335 0.186984804874683
0.925859853574 0.174795390648618
0.924968603287315 0.176230785461295
0.927849094573263 0.171591618452522
0.919795440584317 0.18456343983908
0.917685018433231 0.187962049928136
0.915401613261848 0.191638409543308
0.928527787795627 0.170498607930929
0.928839490255091 0.169996442038049
0.89758107621871 0.22032734340698
0.915059102324441 0.192188354820216
0.912789753032748 0.195841155495482
0.905717337308136 0.20722807395013
0.925024159883891 0.176141934116884
0.901164183416158 0.214555373258871
0.912012425453481 0.197094974282596
0.919540405146043 0.184972655339422
0.914348650050446 0.19333119699879
0.925435496086163 0.175479174044296
0.901412774945963 0.21415927000006
0.920895562286726 0.182790019734478
0.921858379044231 0.181242353054842
0.919606856538329 0.184865542930856
0.903706405424194 0.210465591850298
0.928872084373243 0.16994381274663
0.910697398159923 0.199210759837502
0.913723415742707 0.194337654186337
0.922462285700557 0.180267569314312
0.90987291337463 0.200540252279824
0.904100513476292 0.209831327257999
0.895684774333079 0.223377617154673
0.905392600793467 0.207753572108418
0.920505177380696 0.183421528528928
0.91688196142538 0.18925437512109
0.903853323696492 0.210228023976965
0.920894961817962 0.182791581606449
0.911586880824457 0.197779226413324
0.913844546049568 0.194143562345046
0.906585760298321 0.20582840567928
0.927652149344949 0.171908808341679
0.914464027350686 0.193146710688462
0.912459133664275 0.196372539746303
0.902077230621912 0.213088346436856
0.909754072333811 0.20072839929175
0.896034423456468 0.222811745238641
0.929465038295627 0.168988732940417
0.907876006842599 0.203753944705496
0.918369821743112 0.186857300202931
0.912621003442844 0.196113820051124
0.902903552162126 0.211753606946588
0.909763603255888 0.200713698247016
0.925842198447384 0.174824336072198
0.902326434979418 0.212685133414692
0.906388429204699 0.206143614258046
0.915967060361755 0.190725728044029
0.918922284162316 0.185967305731411
0.917967116487998 0.18750518071259
0.921378219868809 0.182012771599061
0.910298205506234 0.199852278787253
0.898464936517388 0.218896760189982
0.92273920689944 0.179820803721554
0.905903961912652 0.206923274617885
0.91130912017161 0.198226178501404
0.923798396367527 0.178116274643567
0.925116834847837 0.175991850971779
0.922996208308763 0.179407612468937
0.912604319538569 0.196141528315058
0.912381862689095 0.196497027827634
0.921464800804871 0.181873580678774
0.908430234373383 0.202859063727341
0.919912724712572 0.184374457582388
0.918426982649838 0.18676414027044
0.90190408418561 0.213362791687316
0.872956987749976 0.259918903784384
0.907785850967269 0.203896173538929
0.879011712107104 0.250183799947098
0.925296399549809 0.175703701133204
0.896990573170214 0.221273698433874
0.924315098192693 0.177283925402161
0.903084955226148 0.211463758077506
0.906181583193463 0.206477791160148
0.925116834847837 0.175991850971779
0.92936774489157 0.169145447323006
0.873793290014566 0.258568224490365
0.925235921126015 0.175800816083816
0.915256602946195 0.191869621242243
0.897116314415347 0.221068081235702
0.910174035293334 0.200052529337258
0.90211880223859 0.213017667158133
0.912583973684703 0.196174614145059
0.922955566153552 0.179474558175458
0.905674710124955 0.20729702196091
0.915262960186817 0.191859574912027
0.912669639307203 0.196037253520904
0.923054619419523 0.179313623996642
0.914232631702307 0.193520107624102
0.899628373393658 0.217026965129165
0.897622993881172 0.220259631722156
0.916231842080509 0.190302900914382
0.904676522309264 0.208905320923517
0.923065629535228 0.179297482717618
0.915693726236079 0.191165455717148
0.915868652975231 0.190885914703075
0.897298199997948 0.220778452341416
0.924600050584602 0.176824671073497
0.914443973840204 0.193177035622378
0.916636250205357 0.189647793667802
0.899558070928279 0.217141149014583
0.917031680071988 0.189012597808857
0.899261396179787 0.21761887136708
0.911104435730585 0.198557234193616
0.917594609338517 0.188105902032004
0.917680148689687 0.187968211422298
0.918684696687924 0.186350467606123
0.913800173634301 0.194215000255118
0.915113244882025 0.192101298114645
0.918778317749083 0.186199316105327
0.91850580592142 0.186640562005717
0.900024334541955 0.216389088484423
0.917567613656748 0.188149371749728
0.91988848587237 0.184410581846639
0.9225528671294 0.180122438865077
0.8973760325634 0.220647637058202
0.921441544724286 0.18191222152537
0.925697614392732 0.175056862994892
0.898908833940085 0.218181951232491
0.869205617587165 0.265957658951016
0.903134979238918 0.211385014198404
0.92856411622585 0.170440032353964
0.918961015174234 0.185905732992019
0.896251235934472 0.222457334923434
0.906308411284041 0.206277876383352
0.902211665791423 0.212866786736846
0.913097940186384 0.195346770482391
0.913931822776362 0.19400297072898
0.918934653696405 0.185948893532176
0.920110956625368 0.184054232632463
0.905575801093932 0.207457003946834
0.912380176186814 0.196500003086607
0.896456547652326 0.222136600641784
0.918558534847828 0.186552389483163
0.920806650943513 0.182932848803098
0.877371260106996 0.252832537549795
0.922710930373838 0.179866679467142
0.903205352165772 0.211268694787977
0.918500093268007 0.186648864955002
0.909737369618201 0.200756327642535
0.898961016103443 0.218104720288689
0.915174512800195 0.192003733347292
0.897540574655477 0.220384690216137
0.901059291813217 0.214720583940085
0.916319291850445 0.190158808212371
0.922966020221032 0.179457539104815
0.923519009801671 0.178566884779113
0.913676126454898 0.194416228580912
0.92402981469629 0.177743877139791
0.868849037225184 0.266512579007813
0.921065742788891 0.182516483207823
0.909942694985929 0.200424125754655
0.925570111946688 0.175262502696844
0.913463518151336 0.194758214906965
0.925079731369074 0.176051781685776
0.909610900766676 0.200963987204188
0.899274008801897 0.217594851501149
0.918907617741799 0.185990465736594
0.919452305217171 0.185113471496065
0.917069797923143 0.188949842632765
0.907497865995177 0.204360440237211
0.875148820141758 0.256395884124055
0.89832897807631 0.219119071628123
0.923320330437841 0.178886352921854
0.912042758796603 0.197045279364537
0.903327009061798 0.211077706547684
0.908664920251088 0.202484091998227
0.928210578762567 0.171009322542585
0.904062392003963 0.209891956983794
0.912454530004343 0.196380831399196
0.914462827791612 0.19314916270006
0.896478514783428 0.222093564984213
0.919732943816668 0.184662214623397
0.901593146720014 0.213864968214259
0.911065531147432 0.198617437727005
0.914570897922717 0.192973565433794
0.921757093094561 0.18140373581919
0.898469422289227 0.218893286966975
0.922104030557874 0.180845464888274
0.910171642964415 0.200056190897691
0.909802745840004 0.20065034978763
0.914149527202261 0.193652452377873
0.92590085875515 0.174729572460008
0.915190649468797 0.191977179370995
0.916843380478135 0.189315445129641
0.907828792764387 0.203825761624686
0.912285275190767 0.196655350424428
0.878212578520063 0.251473589745349
0.923519009801671 0.178566884779113
0.899331978521799 0.217506116159158
0.916011047898063 0.190654917275775
0.922110763954507 0.180833485535377
0.921121448828816 0.182428517125851
0.921972486932839 0.181058410304932
0.918913095298264 0.185982047898791
0.925029635838582 0.176133285542133
0.919377029688964 0.185236233568146
0.929432270853267 0.16904151337234
0.918358065670859 0.186876118349187
0.919970037263475 0.184281826916017
0.897432269064544 0.220557662334922
0.916014337498641 0.190649621728757
0.916603075697492 0.189702809108252
0.910524570201244 0.199486620571268
0.916292848004988 0.190202210851866
0.903676913385766 0.210512220842194
0.898086284242056 0.219509608905235
0.913118316466021 0.195312589371062
0.911380597549943 0.198113820563759
0.911181856153506 0.198429858637532
0.90876877504183 0.202313676110637
0.904902609785396 0.208536798927637
0.919913087254877 0.184372914966629
0.924478931163089 0.177020054376368
0.905094851041098 0.208230677642346
0.91958479481126 0.184901655715039
0.87211977301842 0.261265338404743
0.907287492579674 0.204699366438243
0.909934632530754 0.200437623211563
0.870274918849768 0.264233592075325
0.899908089556705 0.216578626192155
0.904115784960104 0.209802930127492
0.89916777245043 0.217762616157659
0.907937521057008 0.203653276178215
0.914230832334645 0.193521046410891
0.914330000543681 0.193362085770472
0.918341695804541 0.186902236060464
0.903375410579669 0.210995257993718
0.900028433375697 0.216379512261138
0.928233310033594 0.170972703605492
0.921200898977032 0.1822987682396
0.896180140414302 0.222577712906307
0.924228030990063 0.177424290713449
0.916940339266611 0.189158955192219
0.906352541920396 0.206206890840309
0.91151575347462 0.19789326710543
0.922978787646716 0.179436688125166
0.877592323149647 0.252465993278565
0.914527270048517 0.193043690845538
0.915607018045624 0.191306758472088
0.917389260924252 0.188436812694739
0.914009280225875 0.193877065447338
0.924859306843254 0.176407068445563
0.920808540398095 0.182932109764158
0.918788697525951 0.186183358671952
0.912438565299802 0.196408964850266
0.917755343197339 0.18784880717197
0.896749184473608 0.22165871460333
0.922671174820232 0.179930502325364
0.924178451933132 0.177503853353287
0.912563244134693 0.196206294648977
0.904060709801122 0.209896091446651
0.913848725389502 0.194139840831038
0.909000429350362 0.201940779770243
0.922875462492646 0.179603944625447
0.878974495710185 0.250239758264588
0.905998310122891 0.206775231226391
0.869322321271431 0.265760193613126
0.871066228359807 0.262970574067867
0.917871247814238 0.18766123177556
0.912714835072233 0.195961834030627
0.921119917215572 0.18243070936947
0.913138062290848 0.195282392626159
0.919893895448935 0.184406473675287
0.896170791786172 0.22258656700526
0.926700262281107 0.173441929926113
0.911081941219563 0.198588967885409
0.898025547389475 0.219609680023141
0.921984590977526 0.181037871409271
0.921192970014967 0.182313875116593
0.909671826328658 0.20086249446845
0.901779347647505 0.213568982737913
0.922433245813995 0.180313423174892
0.922728290467649 0.179840065959388
0.905576382497571 0.207453903833888
0.919352222781733 0.185276493096966
0.908974730396731 0.201983307886411
0.923236922556719 0.179019328710036
0.914597483979389 0.192931112920474
0.918344716167984 0.18689709638293
0.923435239848956 0.1787003308027
0.918770255321476 0.186214313175875
0.921596141212219 0.18166245673487
0.921596141212219 0.18166245673487
0.919764423687643 0.184610286021482
0.917886486990041 0.18763497515586
0.918294710719712 0.186976862664004
0.911269903606398 0.198291090037438
0.912528402845161 0.19626506941815
0.916567598961345 0.189759497607958
0.922139271080125 0.180787730353579
0.922793755825057 0.179734060029824
0.903640580478682 0.21057300478394
0.914587511507993 0.192947480320034
0.908932188689379 0.20205433817643
0.917537572220792 0.188198340227038
0.919571466053462 0.184924770321052
0.915193765582316 0.191973810546107
0.927484576044976 0.172178402307556
0.925038382600135 0.176118477388052
0.919865747005631 0.184449931316551
0.919385176443418 0.185224137853737
0.918502544474597 0.186645107812875
0.914431716743794 0.19319997045973
0.917198134898522 0.18874591404308
0.923205396345787 0.179071068654645
0.926300827774017 0.174084890316858
0.919657576819949 0.184784866109859
0.918591990034616 0.186499116030029
0.916363149055627 0.190089711373774
0.91978151364493 0.184585081876484
0.921968562057577 0.181062487251852
0.922631548198427 0.179994581807521
0.902068959126018 0.21310040135623
0.919107346608945 0.185671731876583
0.918851245404804 0.186082446072112
0.921973978372337 0.181053940280958
0.920811178868751 0.18292605489267
0.926441312363543 0.173858702794185
0.922873654767207 0.179604743919447
0.917401993540617 0.188416824259051
0.924864072754432 0.176398855317555
0.922260205849064 0.180592276768333
0.911194482668344 0.198413606583393
0.912498862282224 0.196313367788099
0.919656705816862 0.184786133648758
0.922822014790786 0.179688615732132
0.916647541063775 0.189632031120362
0.923154477676084 0.179152452541868
0.921973671906339 0.181054017226869
0.926383345025417 0.173952072896986
0.921061474149897 0.182524203764535
0.926235570723851 0.174190032448657
0.920114967094534 0.184047482797903
0.919516042946269 0.185011953980204
0.92567779376257 0.175088684087361
0.922332186898572 0.180476854786143
0.922029297512448 0.180965297811349
0.919037596098005 0.185784066297596
0.923782806789122 0.178140697812654
0.924194841908951 0.177476772995249
0.921974884871219 0.181051756521291
0.917064869722252 0.188958852617778
0.91521311652201 0.191943081831773
0.924086859265186 0.177651104544998
0.924194841908951 0.177476772995249
0.920741632354048 0.183038573570659
0.925502028565587 0.17537174278476
0.925608878508239 0.175199209391983
0.926140548661829 0.174343074894704
0.920943207500282 0.18271453304507
0.925425812453943 0.175494511666777
0.926277298473316 0.174123264570837
0.921961044732963 0.181075080535109
0.914410087501747 0.193238029812621
0.92364079826656 0.178369267207559
0.922781243651389 0.179754791055832
0.926447136341475 0.173849322726191
0.926419594817193 0.173893680762773
0.925996015355921 0.174575678934664
0.916794660177074 0.189394889045062
0.926247852194186 0.174170251634806
0.921585654149694 0.181678865212925
0.926464497924818 0.173821360205032
0.91963469456753 0.18482138653822
0.914360700545377 0.19331596913085
0.924742134579771 0.176595442316557
0.922370672981798 0.180415222808148
0.917524013238387 0.188220589133426
0.922937549076243 0.179501945782897
0.921974884871219 0.181051756521291
0.925965981316822 0.174624302082976
0.926178477882761 0.174282087189467
0.922514455314306 0.180183573071859
0.91877648909973 0.18620484089875
0.913755882133682 0.194288045001799
0.926479422293843 0.173797326296697
0.923974132931047 0.177832297049549
0.920680230758824 0.18313732086366
0.920131243297064 0.184021852993454
0.920495057861152 0.183435636678124
0.920021439840671 0.184198302125325
0.919797074475553 0.184560354955725
0.9201565125447 0.183981051130851
0.921536850798172 0.181757567376757
0.924136401788887 0.177570876870263
0.916938181766386 0.189165234695173
0.919282183754002 0.185390818198661
0.921893333538747 0.181184150071553
0.924057511200639 0.177697989927574
0.921091927273297 0.182475219633144
0.914683583742946 0.192794376573261
0.921646388056021 0.181581122241698
0.926195972254856 0.174253908512331
0.922352472852503 0.180444806528418
0.924846652891277 0.176427692119441
0.91960290309037 0.184872599218559
0.924503410119297 0.176980508077706
0.926652808799474 0.173518314383445
0.921028380826143 0.182577213537071
0.924720755501449 0.176630604473796
0.919738483443601 0.184653716703381
0.926479422293843 0.173797326296697
0.923585869888797 0.178458619825213
0.922133183399183 0.180797834651228
0.926176402260232 0.174285430265753
0.923240664467998 0.179014140623153
0.915131772605346 0.19207351238299
0.918625550728033 0.186446802788774
0.921131408108831 0.182411079613445
0.92727218571453 0.172520507978248
0.917578680022618 0.188133449238304
0.919780219803719 0.184588060458434
0.923657838903 0.178342662821827
0.920272610158582 0.183793836153243
0.926176933577077 0.174284574515329
0.922683173544277 0.17991169248037
0.870261569457757 0.26425875333554
0.910214248381757 0.199993018674044
0.312993880693456 0.785199881142152
0.90565560509461 0.207335507593139
0.919195227320492 0.185528569257716
0.90698918418306 0.20517973489254
0.916770640624545 0.189432519460322
0.911385577199819 0.198102346493777
0.915722541546663 0.191120420567874
0.910096374657744 0.200174830367011
0.91853905311046 0.186584692566645
0.295000618312047 0.793277596693228
0.900331011413532 0.215898766766589
0.896421598923131 0.222189506159513
0.912064085244484 0.19701279579149
0.924890003968279 0.176357165667116
0.31344006132315 0.785000822554314
0.86743911111202 0.26878383166756
0.914568082375191 0.192978914648974
0.923384587486631 0.178781598635966
0.91853905311046 0.186584692566645
0.290673208609771 0.795220294486655
0.917075182290101 0.188941906547753
0.921618184690415 0.18162628655425
0.89946081679144 0.217297680211311
0.873172492031587 0.259574202316153
0.917224476849078 0.188702260909453
0.918172753067123 0.187174464285649
0.289240400830961 0.795863220690879
0.922605298862749 0.180037183513006
0.911368150740018 0.19813181929598
0.918588225481011 0.186505827427547
0.900120465705527 0.21624316455822
0.897346709329136 0.220702664759545
0.926260339374309 0.174150318077343
0.921516394029759 0.181791324947261
0.905644244798034 0.207345769945205
0.289240400830961 0.795863220690879
0.289240400830961 0.795863220690879
0.909867179878792 0.200550156909851
0.896270488811139 0.222431930771766
0.312885280161112 0.78524829265274
0.275040610669024 0.802235745083287
0.908073382465626 0.20343470016034
0.308785255240635 0.787089453412294
0.30074808956747 0.790697494743364
0.906783894040484 0.205509107526412
0.301674573581197 0.790281643652728
0.919627320569249 0.184833507195155
0.922304764330351 0.180520899346686
0.912807310433064 0.195816356757349
0.916330941420826 0.190140806077495
0.923224393936241 0.17903927082814
0.910523328078357 0.199491070498525
0.89594143308778 0.2229609701519
0.290356389866134 0.795362392486971
0.281952593258782 0.799133480558361
0.908803625954718 0.202259311347343
0.923224393936241 0.17903927082814
0.898103616488521 0.21948216982271
0.914318472135654 0.193380258394319
0.921636607214331 0.181596227657699
0.281610096926698 0.799286810842763
0.284707362506438 0.797897285703202
0.921348055728424 0.182062641096869
0.914621212378549 0.192892694162838
0.91652214551774 0.189832243884787
0.27341271992077 0.802966070442294
0.911664689869573 0.197655264355504
0.917252438815814 0.188655498920573
0.91969928216291 0.184716123870149
0.899886209831235 0.216615633602206
0.298508364383795 0.791703686404116
0.921468625916421 0.181867122687236
0.912600880246974 0.196151478299974
0.90417069272304 0.209719995985508
0.91207704799582 0.196987681740566
0.925657302807959 0.175121738502315
0.917574367358222 0.18813825687954
0.919262557617239 0.185421656986466
0.918821471134444 0.186129823087901
0.917685685176074 0.187959649157904
0.908814639781109 0.202244716649602
0.924074445207463 0.17767108875072
0.915349327778537 0.191721136695595
0.92165272559853 0.181570826319358
0.924901938688597 0.176338764839031
0.917886142444662 0.187638267787578
0.920902407337722 0.182780612109567
0.92235149415591 0.180446994436133
0.924682904337593 0.176690608601723
0.920890819334807 0.182799174225388
0.9159376773218 0.19077400515653
0.298573343034408 0.791675714577066
0.92080008675899 0.182944521745782
0.901970783965172 0.213259817108154
0.921690282218664 0.181511908493831
0.90885604766054 0.202180312410553
0.924498382419214 0.176988689460009
0.918777856834625 0.186203178729002
0.921085709295104 0.182484917620909
0.924980601472406 0.176211959973765
0.922924160034875 0.179524560148078
0.92357939978841 0.178468105297881
0.900525975828544 0.215588306939476
0.91171592018003 0.197570840114446
0.921893398823505 0.181182647170851
0.924980757016979 0.176211709505308
0.915420681569332 0.191607100046134
0.917839071127172 0.187713995144782
0.920217414978491 0.183884094655373
0.912002014871594 0.197112378908742
0.921010964836324 0.18260446882406
0.92106464235024 0.18251885373431
0.91765383148008 0.188011528377046
0.918008830629183 0.187440471047269
0.916545468687113 0.18979356868823
0.921370276860507 0.182025892179785
0.924929983777588 0.176293362793914
0.905636402338335 0.207359298435279
0.921046773176999 0.182546862861931
0.915664236595537 0.191214193580869
0.915138030399988 0.192062911231057
0.920124615690163 0.184032554392789
0.912002014871594 0.197112378908742
0.923604212179997 0.178428203954383
0.92358227086508 0.178463480803138
0.91946304325773 0.185097879391967
0.92585464183907 0.174804062444932
0.922637903781825 0.179985362452467
0.919506591195444 0.185029197652301
0.910584627567049 0.199390656353896
0.921086117337003 0.182482428036286
0.923096300522429 0.179246188424341
0.911815168858515 0.197410698503534
0.915675468069259 0.19119584530828
0.91697966677991 0.189097830992889
0.92263459855291 0.179990669229539
0.925853558005877 0.174805808091787
0.90425316967764 0.209586514099903
0.919915450611507 0.184370299114866
0.902872106746454 0.211808491589754
0.924929558435685 0.176294048051694
0.907409735638344 0.204504789403601
0.91043468865755 0.199634542216865
0.907060190082665 0.205064782164529
0.917935089697854 0.187557570886074
0.918120952669108 0.187257940351334
0.921934370903242 0.181118143940958
0.917714740548772 0.187913245461864
0.915678577888319 0.191191853331758
0.903693958166116 0.210485354742444
0.914833267244785 0.192554117628777
0.920760430315497 0.183008614662222
0.925977108327282 0.174606544956697
0.909238657608727 0.201563372593955
0.920906745726609 0.182773326534606
0.907770211517138 0.203924957273776
0.91959476138009 0.184885356210341
0.925658367875967 0.17512004050384
0.917892426535949 0.187628562567677
0.917139616273871 0.188838759039183
0.926402415300322 0.17392148969425
0.922082941714357 0.180878833337921
0.921789020574145 0.181352869291079
0.914956784914334 0.192355013210909
0.920047517894868 0.184155494503736
0.919472927226844 0.185081366295364
0.918664255472926 0.186384377972058
0.920041667740019 0.184164891433202
0.91610529746961 0.19050427890146
0.917541182958595 0.188193832830323
0.922593696894669 0.180055476283721
0.92074289087687 0.183036791940893
0.339961044490755 0.773087006339549
0.362242158340357 0.763070094782244
0.333456153004742 0.77601026983172
0.362857414053614 0.76278905135883
0.39470607921956 0.748459459683499
0.330799955510603 0.777203703814621
0.381703008660396 0.754311711085245
0.293143451126064 0.79411083005505
0.281054712668963 0.799536060319358
0.296487697647083 0.792611665463989
0.293545277421924 0.793930629107368
0.291219892794408 0.794974739092911
0.309212778453664 0.78689812582407
0.292573734030668 0.79436746192664
0.286086266091597 0.797278515155112
0.287028936865787 0.796855657253124
0.29133607777794 0.794922901471463
0.301892187406739 0.790184970865074
0.293931793076552 0.793758516350762
0.370796653593297 0.759220336704286
0.312663773223603 0.785348724155619
0.31775489725855 0.783063725778411
0.290546683784858 0.795277542410552
0.308775414653276 0.787093556113831
0.364821865977908 0.761905466262447
0.287623791781467 0.796588239312145
0.30974758510187 0.786656774414569
0.396745507152866 0.747537978021212
0.392402067346144 0.749490681902049
0.392162839358918 0.749595926807981
0.392162839358918 0.749595926807981
0.390187049345532 0.75049314492312
0.918047029430217 0.187376915956795
0.911699079438582 0.197597272415824
0.914134892775991 0.193676653706642
0.908533775546316 0.202696923799316
0.913411670742655 0.194843058771849
0.905321840244468 0.207863180560289
0.918453908333467 0.186722353572058
0.911791843015672 0.197453091763616
0.911339987351503 0.198174974137177
0.917335509330102 0.188521991142951
0.916706320662322 0.189535457817553
0.916011926588929 0.190654443764545
0.914697741320114 0.192769715508108
0.912824398485655 0.195786904006994
0.918890071654645 0.18602103513644
0.905165771965663 0.208118416261468
0.91387001385471 0.194103817867731
0.913651661819504 0.194454324098193
0.92139083887075 0.181992220109324
0.914122172313145 0.19369917716387
0.916656053816253 0.189617496885668
0.873741800220606 0.258652915376265
0.922710129693847 0.179867641817794
0.923605363445353 0.17842711992338
0.917361429647035 0.188481194807689
0.911197639179492 0.198406710335196
0.916488906700207 0.189887130867455
0.913435706125102 0.19480662745996
0.905920301786461 0.206902207676226
0.926541578012525 0.173697248495751
0.920919177087111 0.182755938218924
0.902013243973033 0.21318999794951
0.917797820950378 0.187777167430512
0.911425433323414 0.198036264411857
0.905395555628535 0.207744658528554
0.915338953174387 0.191736491339218
0.908352733918811 0.202982937192787
0.905898100043092 0.2069358570602
0.911362834718604 0.198139985511393
0.915977471753217 0.190709031554788
0.919840183440516 0.18449030035665
0.913800220482223 0.194214860314715
0.917752495385472 0.187851563538672
0.879494168256797 0.249412013465019
0.87888479408029 0.250401966769428
0.917247258181491 0.188663747339834
0.915342486619819 0.19173082630699
0.926842307014294 0.173213768305915
0.918893686529856 0.186012977301472
0.916282604923675 0.190219637414042
0.923622868980439 0.178399555231912
0.919675697571421 0.18475444800829
0.908313587691289 0.203045255816365
0.923404175818761 0.178750711413972
0.924419991014014 0.177115056042981
0.924498258168425 0.176988974399311
0.916676536758068 0.189583189379832
0.909818824973272 0.200625745391273
0.92415620327407 0.177539687703187
0.92415620327407 0.177539687703187
0.91060982566877 0.199350182873278
0.876356665532554 0.254451403670696
0.918459847755058 0.186712860500826
0.902820630007462 0.211890703966612
0.910166296583162 0.200066583991927
0.90760263298949 0.204192274676254
0.913617545228376 0.194508640632682
0.912473141445811 0.19635058058853
0.923608009917509 0.178422623588202
0.92281938334005 0.179693077735456
0.924538260444493 0.176924533018802
0.907319710574787 0.204651552201472
0.91813567486686 0.187234968716356
0.926028230192725 0.17452473232788
0.878361097230977 0.251229921734632
0.915340550831679 0.191735748549008
0.91381721837651 0.194188819315857
0.899278166967631 0.217590046808817
0.924221764266685 0.177433784692207
0.903722771530518 0.210440052316584
0.916953895080156 0.18913774870881
0.914840613870841 0.192539427333494
0.901983242239118 0.213239993794914
0.923253291756554 0.178995371489162
0.874383063418086 0.257627216859645
0.92078894620359 0.182962406188716
0.912767434431773 0.195878788630531
0.910950992611591 0.198803864810964
0.908472084942936 0.20278939143854
0.921386767565121 0.181999997028715
0.919720222622716 0.184683236914954
0.870968863324851 0.263113077808622
0.87060531572006 0.263695805766463
0.923827109945231 0.178071047485701
0.924289658674728 0.177324404758878
0.926028313223804 0.174524598573179
0.914406476608795 0.193238829604099
0.901259850362761 0.214400186471235
0.914706219491843 0.192758325000662
0.902438914469459 0.212500764888019
0.871372158551366 0.262469591593008
0.911308583798771 0.198227314174288
0.925166191787173 0.175912933583242
0.919118948613224 0.185653806477422
0.875620861010465 0.255631611376694
0.915980176546599 0.190706692110067
0.913472691032565 0.194743602762285
0.916405903471633 0.19001838386362
0.925815586383779 0.174867411317265
0.913442481399085 0.194792144447383
0.924807272209085 0.17649086577962
0.916701320378205 0.189543889875731
0.915633307064478 0.191263145070662
0.923592795129521 0.178447279286963
0.919119006694843 0.185653712897536
0.875937781332803 0.2551221795625
0.907664578852171 0.204089984219142
0.900675725066787 0.215339167094022
0.877007477327314 0.25341165153984
0.913213024101009 0.195161301647829
0.923717305088502 0.178245590055593
0.920363204675701 0.183648088061926
0.913854669994809 0.194125752367309
0.902417359550861 0.21254342562946
0.923904107046593 0.177946236162873
0.920954047975555 0.182698840989001
0.875256077045668 0.256221883000153
0.917629323696931 0.18805054814492
0.872662651395334 0.260392568692635
0.916800610557118 0.189385858229817
0.873601783841502 0.258885841149643
0.911831050291053 0.197384783173774
0.915792269275501 0.191007569350642
0.875231993463362 0.256260612939479
0.907084289100463 0.205023079341956
0.899896326900699 0.216598213902325
0.912699394463938 0.195986298115266
0.900558315029126 0.215529433560681
0.873290741708418 0.259378573979584
0.873905351542997 0.258409083897188
0.879104766935123 0.250036069043939
0.868847379618588 0.26652544043273
0.873290741708418 0.259378573979584
0.905336584709018 0.207842441366936
0.901748466959163 0.213615227870607
0.879449104587666 0.249489892492206
0.926032202841788 0.174518331945621
0.87330506712581 0.259360785531984
0.924442651445559 0.177078207456617
0.926032190597271 0.174518351669484
0.878045830477846 0.251735030643824
0.923950240117341 0.177870845644739
0.924473283596251 0.177028957861591
0.920392262764175 0.183600672730773
0.903067806238475 0.211487254171933
0.867876912970141 0.268087475902067
0.879104766935123 0.250036069043939
0.914541350215137 0.193023523790794
0.925794030948373 0.174902132581796
0.87523186801339 0.25626081528358
0.904267060029551 0.209560631027852
0.867239131619143 0.269105997988838
0.919299632587847 0.185360491923069
0.870244602233809 0.264280658647157
0.869296429836879 0.265804643126089
0.922823192004925 0.17968628076525
0.918617700693211 0.186458127396381
0.873962701156501 0.258308872322312
0.926286354192739 0.174108786148605
0.920785888362713 0.182965959770321
0.875239264553993 0.256248904253137
0.917238737647197 0.18867908255588
0.877660136775462 0.252354187646353
0.912662972936484 0.196044033527788
0.913999392790164 0.193897570089184
0.920486597945381 0.183449894363005
0.907369693218375 0.20457040555713
0.918793130563927 0.186175967256041
0.917547704279765 0.188181598857993
0.923798421961824 0.178114841262219
0.918174140424302 0.187173754059807
0.897289510727315 0.220793745578116
0.914334602287182 0.193357926271334
0.914458219164761 0.193158606311161
0.904128094489915 0.209784521953988
0.870921190787833 0.263180636528328
0.925811935530951 0.174873289436081
0.913934131592157 0.194000462451925
0.867576444927586 0.26855650381991
0.926275571119084 0.174126159910773
0.917289041001286 0.188598310218782
0.922788963422432 0.179741758513728
0.922727839898903 0.179840543965858
0.875606632517451 0.255656766706242
0.924108262771427 0.177616687342315
0.870245083633491 0.264278949257134
0.872580451237079 0.260531435394644
0.868456057183418 0.267148146519369
0.879366456495949 0.249621970671856
0.875222854884774 0.256275308113496
0.90388660828842 0.210170264514872
0.871059470943376 0.2629737846984
0.923979413289568 0.177824586049412
0.876597810818004 0.254071591825202
0.915244465734403 0.191891371630412
0.909763252862793 0.20071753004579
0.926816821604216 0.173254371529521
0.917258629220847 0.188648934684216
0.916973750944649 0.189107013532072
0.917111455060176 0.18888557580886
0.923344294735891 0.178848366399077
0.917811203630269 0.187759385321213
0.910194449696196 0.20002092482119
0.913929979787631 0.194005658553846
0.920971328761162 0.182670310274304
0.918600723254115 0.186485567873273
0.917749595759192 0.187856394500247
0.90974095421813 0.200753948029661
0.916852543925838 0.189302016148575
0.916355944532856 0.190098869865672
0.917745800728818 0.187862332676653
0.917127041128101 0.188857777385175
0.919110984343302 0.185665607546666
0.921318421242231 0.182110590992381
0.926439047079072 0.173862773552201
0.916537501314684 0.189807080477342
0.910909344946253 0.198868210278365
0.928449492350984 0.170624508988989
0.910614541941455 0.199344985539803
0.907517050580811 0.204331781557057
0.914743973439708 0.192694037023773
0.92415809593204 0.17753624865646
0.910309961804918 0.199836475452197
0.920636154161159 0.183207094681417
0.916159370208941 0.190418306123675
0.924376296275263 0.177184978397378
0.904197893163295 0.209671273047476
0.909491397052795 0.201152602767376
0.920315546526891 0.183723571479438
0.920025364350532 0.184192878422672
0.913946564890237 0.19398100423779
0.906755312345059 0.205556836566744
0.89590818344777 0.223009642616446
0.911803198647834 0.197432024040354
0.910100264892775 0.200172426824588
0.908697778394277 0.202429774355712
0.920912615225749 0.182762497080145
0.903492552885355 0.210806610236418
0.923998505567488 0.177794622906592
0.90451918167096 0.209152830755828
0.92153098777303 0.181768239576043
0.910695041739851 0.19921222074078
0.923664149920829 0.178332265225842
0.921715590736757 0.181470764954133
0.920586365287618 0.183290672240543
0.919087635571643 0.185703231062626
0.921912145227412 0.181153222550305
0.907269429874495 0.204730629474859
0.910964660230029 0.198780961924603
0.90245257924009 0.212479068386108
0.922275108037671 0.180568139947451
0.917612170374079 0.188077066650766
0.924170004866494 0.177517058000289
0.914218356335225 0.193542348624026
0.914285740544419 0.193435552816984
0.910259013673308 0.19991581891208
0.873017513531376 0.259821002457168
0.921404936004394 0.18196943481518
0.915537653062091 0.191418930125184
0.924979455177603 0.176214107302038
0.913590843386815 0.194551708419261
0.921842442778778 0.181266418806122
0.918597698033667 0.186492001636841
0.915580521256253 0.191350457559746
0.926161478882009 0.174309873633316
0.925940284429425 0.174666196928966
0.921795951215383 0.181342142194967
0.912871484061443 0.195712494455303
0.924821806189544 0.176467891439682
0.91333760866181 0.194959764044933
0.910423771061258 0.199653264861691
0.917987912482951 0.187474207489101
0.915132549605837 0.19206929302936
0.924258316124803 0.177375532819365
0.90584922006459 0.207015832650669
0.905023347822653 0.208343121305859
0.909983733443792 0.200357943079368
0.912694943950866 0.195993887776438
0.924248093675003 0.177391483251467
0.911714301664673 0.197575854115706
0.926161478882009 0.174309873633316
0.920575104058645 0.183308409673751
0.918654658535151 0.186398188424699
0.921517784021143 0.181788528996937
0.908630530267438 0.202536101035438
0.917578843879251 0.188129927961249
0.915132549605837 0.19206929302936
0.905509659526309 0.207559391233955
0.918854279264331 0.18607860229251
0.920478890396048 0.183462661617461
0.926158938464838 0.174313971733296
0.871131292297587 0.262860800774293
0.926161720536284 0.174309497153109
0.917836180850116 0.187715478259113
0.913364618805507 0.194918185622476
0.920618261953895 0.183237465960001
0.924023179655131 0.177752933137753
0.921068751711956 0.182511467423966
0.907321655114414 0.204643803312397
0.926171066456015 0.174294445416606
0.913294527800302 0.195029548127903
0.920611983230032 0.18324786033926
0.92281364009069 0.179703176049486
0.926215061610587 0.174223597383332
0.919987120517045 0.184254392924207
0.923033301823758 0.179348103796169
0.925660328986866 0.175116830272267
0.906906561658525 0.205311376795905
0.912873895040534 0.195705098936848
0.916154780854514 0.190422770994503
0.910122309020681 0.200137316832656
0.913693865591218 0.194391774198859
0.914944125706063 0.192373800170021
0.915634924910488 0.191261165123505
0.919067997877459 0.185734787569085
0.917957770217121 0.187520881159132
0.921841986611584 0.181267310168653
0.921843609206236 0.181264816266347
0.916496914087142 0.189872037785723
0.9155726817078 0.191362348329264
0.925306159574307 0.175687511785551
0.913910654124714 0.194036937826854
0.923321482811792 0.178884841783592
0.913375664212361 0.194900425971013
0.91821675141007 0.187103671975052
0.918197098492691 0.187135429210573
0.918505999875222 0.186638972539031
0.920170123748735 0.183958591443997
0.903412416442266 0.210934717113554
0.911453412450364 0.19799325436279
0.897861092981621 0.219873907215875
0.913388566392795 0.19487815734822
0.925917448084958 0.174702967458508
0.926100591825503 0.174407974970457
0.913375664212361 0.194900425971013
0.904606051038273 0.209016454643632
0.922973072931967 0.179445669750832
0.914473660005179 0.193130442601659
0.919063546904181 0.185740099239281
0.922562578250011 0.180106896346035
0.897067780403318 0.221148270383387
0.904498592204574 0.209192481865377
0.902900796488096 0.211763230211414
0.902531023133159 0.21235594793317
0.90430907313383 0.209499385584065
0.918741817556908 0.186258185921777
0.907392103499548 0.204533201455867
0.922318143354699 0.180502238345073
0.907684622029262 0.204066940477264
0.922383589513604 0.18039433186022
0.92462414101572 0.176785975681421
0.919246969461341 0.185445579325802
0.925393817574627 0.175546799296802
0.92322778077578 0.179036739941714
0.920967477289263 0.182675036143411
0.921109755712971 0.182444556826767
0.920038494862107 0.18417090254297
0.913413586480897 0.194840366040856
0.909958853761032 0.200400475617064
0.910961715329509 0.198783334415676
0.920195455894064 0.183916421299449
0.918065756740359 0.187347103453959
0.925455380724448 0.175446879913457
0.918422136773651 0.186771646807175
0.919061628383774 0.185742165962765
0.915154847090633 0.192031950852602
0.909623125211174 0.200939085832314
0.917879545738807 0.187645580633543
0.925988537161376 0.174588067462019
0.921139818155607 0.182397643942505
0.903997317875254 0.209993343756225
0.926376453446532 0.173963583539006
0.927847901468216 0.171593857850123
0.919748146655335 0.184638112682521
0.921082080716087 0.182489587961828
0.92293998190671 0.179497607429672
0.923283429289267 0.178946361834107
0.90746088256641 0.204422324430752
0.91614495501385 0.190439209955346
0.918569139353524 0.186536229367577
0.924264674670609 0.177364202243684
0.926621086419957 0.173569594229706
0.910386350382774 0.199709892125853
0.918528193444709 0.186602151698846
0.907461311526508 0.204421633391688
0.922731547363346 0.179833857417138
0.914893530103879 0.192458410679232
0.921598355510168 0.181658332951964
0.901091622322415 0.214671269099892
0.920179814368376 0.183941724962011
0.906731349869855 0.205600631073361
0.909862705169608 0.200552436848429
0.91822504732718 0.187092728061471
0.91355820619416 0.194605696403011
0.922093880517587 0.180860101703598
0.928160106209446 0.171090895592854
0.911081179850146 0.198592302277379
0.90837392564512 0.202947894645124
0.90374978864639 0.210393371380493
0.915693630754223 0.191167317158026
0.917560213965109 0.188163425711354
0.923637920033692 0.178374661016681
0.903999109944721 0.209990186136299
0.911280239755609 0.198270369575178
0.910084720192278 0.200195512647334
0.896820932922009 0.221541751525763
0.91101043812605 0.198706139102345
0.89892974715622 0.218148995550465
0.906828024037871 0.205438305229697
0.923504507131042 0.178588289059846
0.909796523362908 0.200659548009998
0.875852750421879 0.255265835822936
0.910408420105094 0.199676220903632
0.898651240904828 0.218596753378506
0.928160159756904 0.171090809344663
0.926677424124768 0.173478826612207
0.922250807815663 0.180608013406966
0.895933637864032 0.222974019415314
0.900235105277898 0.216048230972742
0.915844588473518 0.190923632109109
0.914669125172092 0.19281522575169
0.917408378995081 0.188404648871081
0.912047803387778 0.197035160409042
0.909573718647567 0.201017048346041
0.913099779782469 0.195340445312412
0.904399043581486 0.20935446530294
0.900752402578357 0.215222157565848
0.917095434308736 0.188907569762832
0.921130278197948 0.182412388702387
0.912075995257133 0.196989293712477
0.916887887201548 0.189242398867381
0.905241384992335 0.207991363751755
0.915791234247699 0.191007913972533
0.922500517906755 0.180205634158158
0.899378071371473 0.21742456573743
0.918545958956304 0.186573398623221
0.910199952060646 0.200009552295596
0.924630146640436 0.1767759534093
0.927032684745101 0.172906466355036
0.899325918819889 0.217511433225241
0.925123987499914 0.175981070575439
0.924885963835601 0.176365163330616
0.928236086003605 0.170968184296908
0.916086445316345 0.190532628234374
0.917820475243195 0.187744283691484
0.918879392834095 0.186037025557268
0.923574603393646 0.17847563351418
0.915684987157565 0.191178956569084
0.91370842156723 0.194363092504497
0.905104329064947 0.208212775361013
0.916077759343104 0.190547421549639
0.909602803153923 0.200972330258657
0.912609461780795 0.19613177018804
0.902264200341653 0.212781649091174
0.919606666709472 0.184867546901542
0.904821338332406 0.208672006419785
0.915129148369948 0.192075013668372
0.917423819270118 0.188380262290477
0.913843405174729 0.19414600044573
0.913265517843235 0.195077056565992
0.871206566432949 0.262735757262021
0.912431102430003 0.196419432040408
0.899425951434685 0.217347997973912
0.908003359293269 0.203550002088934
0.926297401265071 0.174090453875459
0.926058943816236 0.174475146495257
0.897650116715049 0.220206824318378
0.902866053854902 0.211816507798761
0.897556660044751 0.220359612719857
0.905978230454022 0.206804561038939
0.919375960017027 0.185238781756325
0.913951631045027 0.193970810447794
0.912618188940498 0.196118486279132
0.920865441996786 0.182838839105304
0.914315486624337 0.193387362720955
0.917645839784486 0.188022497008785
0.904785313184029 0.208725539236531
0.912255478485427 0.196703689505612
0.917496638293318 0.188263056336025
0.911753153773897 0.197510009215637
0.910052653838427 0.200250646072761
0.928513003137303 0.170522127399982
0.899247786251137 0.217642437044903
0.925073883644706 0.176061323860068
0.922767117270188 0.179775650229289
0.918917733873635 0.185974627775276
0.922258193063332 0.180595175407064
0.922811299685227 0.179704500068752
0.913792856575704 0.194226084913594
0.905864016210135 0.206986928889008
0.916626526689899 0.18966311239033
0.92273403622928 0.179830917725456
0.916682296923919 0.18957332921577
0.914280466386662 0.193440007313377
0.919666098574665 0.184770287991411
0.912705241723414 0.195978370614186
0.912123739784468 0.196913262184978
0.90357457998131 0.210678849814294
0.901875430281782 0.213406329578526
0.911975296624734 0.197152317237292
0.92036135690678 0.183650642293568
0.908303180611525 0.203065086107392
0.910406367787327 0.199677149557787
0.903007268161016 0.211589021964819
0.918898541404134 0.18600684991793
0.927971149842362 0.171394996022146
0.924203215017568 0.177463760795565
0.922926331907196 0.179519952500843
0.917795868436465 0.187779876336306
0.922303293024299 0.180522513636937
0.897280395565241 0.220805441009079
0.928561300538699 0.170444345601016
0.872185687252158 0.261161339442257
0.925907388225634 0.174719565007148
0.90192312410417 0.213329570697375
0.903950005756362 0.210074224088668
0.925386261726657 0.175558092508653
0.923731726901985 0.17822257930017
0.919128726130496 0.185635628726186
0.914393461908496 0.193259148295741
0.922944417976395 0.179491937696085
0.916189311019072 0.190369737359779
0.911587324567667 0.197775962867926
0.92069810226522 0.183107198787745
0.908954423245695 0.202015062340419
0.913197940130793 0.195185764656822
0.912247574175524 0.196714952143619
0.906313549893829 0.206269180939015
0.922330708969203 0.180479422304222
0.896104822989054 0.222695272551864
0.917021921853073 0.189028628929781
0.912310793295369 0.196614095012532
0.920705827790371 0.183096447884515
0.91605350731039 0.190588041905415
0.917293619384649 0.188590097456381
0.912262273243255 0.196690106380489
0.897280814766351 0.220804766507102
0.923433388792394 0.178704391095935
0.905323495841506 0.207861763797787
0.925806219263312 0.174881559799634
0.926419390771789 0.173894513069973
0.913321850512023 0.194986402789704
0.918392974570926 0.186819154017943
0.922034820594668 0.180955962160556
0.915528740901029 0.191432162915251
0.92356060487328 0.178498822313116
0.927183307373403 0.172664113681245
0.908895179929346 0.202112529548971
0.910262565898179 0.19991113172238
0.90776439793397 0.203932203323646
0.909529774002596 0.201090734419135
0.917987524386921 0.187475389265457
0.921882110094737 0.181201692126098
0.920358758311441 0.183655599377968
0.922735108342522 0.179829980805042
0.912752231283063 0.195905386996605
0.871541435998499 0.262211659161385
0.898012454442886 0.21962657325715
0.912261155290085 0.196695035230137
0.924472021654806 0.17703011365468
0.927728393800738 0.171785875401083
0.924318574499748 0.177278044347262
0.921555772479631 0.181727422942076
0.904869189363663 0.208589314125144
0.910400024497724 0.199691144772953
0.92012881194682 0.184025762700797
0.907837889275104 0.203812995618143
0.898070425124084 0.219536196593629
0.898236084107567 0.219271293686677
0.897235528751313 0.220877627436897
0.921505412232473 0.181807608660031
0.921014852827384 0.182598848039451
0.915171625091048 0.19200549737804
0.91516896691691 0.192015152148613
0.928636861533846 0.170322565418529
0.918266061977877 0.187023507001344
0.916623876291772 0.189671218789938
0.923157194956948 0.179147970343577
0.920794578543919 0.182952414500657
0.899387226049064 0.217411133174214
0.918980630149738 0.185873101916148
0.922028094220146 0.180966799497546
0.920705095317506 0.183097625663213
0.915947500953824 0.190758049506615
0.915110743801511 0.192104245405228
0.92382230665235 0.178077069312069
0.917166626033685 0.188794566198105
0.910941836899722 0.198816172329151
0.905744044610824 0.20718451194734
0.905743673048259 0.207185110755074
0.914874930623086 0.192486027806072
0.924765938115549 0.176557329398933
0.9181524069725 0.187209136786312
0.920777315481984 0.182980750548519
0.916214427122648 0.190327500585899
0.916352954035445 0.19010352188653
0.92388984724598 0.177968085761895
0.904415909933223 0.209323182257191
0.90418676527731 0.209690423169302
0.911333501409092 0.19818589772826
0.9010771208299 0.214700650818221
0.902798382201494 0.211927261672308
0.913548365038415 0.194620714573097
0.909938314943404 0.200430883831947
0.913740734817819 0.194311097265278
0.922293899088342 0.180540099308498
0.920492658960797 0.183439545355471
0.920636270162638 0.183206808877808
0.921716612754368 0.181468235660022
0.907837889275104 0.203812995618143
0.904604108313658 0.209021435386072
0.91384679276521 0.194142032231314
0.916577552417469 0.189745853047897
0.92478733703984 0.176523115593987
0.92869277357151 0.170232521442696
0.907560428849667 0.204259830869092
0.913287334372214 0.195044388844465
0.915848263403238 0.190916660102164
0.900705774942563 0.215293612982796
0.913829590726615 0.194169092709039
0.917673557782008 0.187979975820703
0.915940283818729 0.190772065219244
0.899536605582077 0.217171017523506
0.924440625086507 0.177081468870118
0.914148530758711 0.193656411966326
0.898974759065315 0.218079987327503
0.907341919308048 0.204610681622528
0.898399183553835 0.219005123424681
0.914148530758711 0.193656411966326
0.918516223389249 0.186620311190256
0.899682044771579 0.216939028635404
0.926314061548662 0.174064382121854
0.911898408677846 0.197278334264656
0.904292531939395 0.209524945815234
0.92079526452673 0.182952356371681
0.90605023740782 0.20668911864379
0.903134541822543 0.211390780814428
0.921270999664958 0.182186303317858
0.92281039501023 0.179706182488625
0.896966137056467 0.221310807354032
0.899133659854739 0.217826811807216
0.904370667499038 0.209402449173575
0.918855085124606 0.186076316560238
0.906587456714316 0.205824530250006
0.901616223454437 0.213828363964772
0.91764189582774 0.18803130667458
0.928184913723319 0.171050503785023
0.907539843756879 0.204292166131317
0.906887924593277 0.205346648069694
0.928168242050347 0.171077672004443
0.895837052333302 0.223125981452628
0.901628544293965 0.213808541402464
0.922917710883804 0.179533406344416
0.871885983438039 0.261633251185409
0.908966177472833 0.201998382460325
0.912972723372512 0.195547941097399
0.903673589685901 0.210516419023851
0.911839976405429 0.197374140569268
0.917641027486112 0.188031647211738
0.913498583159639 0.194701855354425
0.902726392685747 0.212048766661522
0.928168242050347 0.171077672004443
0.902806408678556 0.211913242991326
0.917523401356279 0.188222030675711
0.919273491282347 0.185403704615811
0.916029391334631 0.190624197578195
0.907917054947224 0.203689783117524
0.92007529099836 0.184111007066302
0.90160671486185 0.2138436596841
0.912873125706507 0.195707059965166
0.917506196408499 0.188248760642092
0.927329481675536 0.172428213469519
0.917788140630402 0.187794720435252
0.921589751832993 0.181673367304115
0.903204953605923 0.211271049308079
0.917673557782008 0.187979975820703
0.915689641262013 0.191175117455253
0.909886992000803 0.200515719630073
0.907050701506071 0.205081497643623
0.921411982228953 0.181959738811338
0.928686438165682 0.170242732191114
0.905810586457084 0.207079506542955
0.903421439678201 0.210928206589105
0.907365801332635 0.204575485342786
0.919718448357297 0.184685908198839
0.903120274358986 0.211405692966036
0.922728783596236 0.179838148498625
0.925758193636313 0.174958955199571
0.92005617993829 0.184142315517857
0.908447790577009 0.202833146691312
0.908212344783224 0.203209219217867
0.877693230441547 0.252305282936597
0.921259608044822 0.182204608213615
0.914516114253092 0.19306375696977
0.917981938668808 0.187480864956896
0.924311968348606 0.177289369771819
0.908202965377213 0.203227033335721
0.9195951629682 0.184884087099207
0.906067897841819 0.206662936317868
0.917835366416811 0.187718995637786
0.901090051536784 0.214674577136648
0.89594542339143 0.222957568905374
0.927728393800738 0.171785875401083
0.917793466991773 0.187787654406133
0.896568144301041 0.221950467405178
0.903993857644643 0.209999870467449
0.916499670099181 0.189868280525365
0.900526717552269 0.215587435861097
0.897139901980906 0.221034506570308
0.901493045265693 0.214029237266824
0.900487508079307 0.21564685237421
0.87868252262561 0.250721768992147
0.925604816579642 0.17520618500752
0.926314061548662 0.174064382121854
0.917199792739432 0.188742497328682
0.903906629196636 0.210140343381072
0.912949386847497 0.195584177033352
0.905092240593591 0.208235194528863
0.899545516801947 0.217165157293281
0.898304746148832 0.219156593040284
0.904860883873065 0.208605643009709
0.90277973763346 0.211957016060255
0.904194767058961 0.209678906991656
0.921345386751381 0.182069109987424
0.923115822887938 0.179214453867549
0.925428621601689 0.175489899795669
0.913070487116614 0.195389940144975
0.918029094540288 0.187406753189573
0.914135897605 0.193676462144045
0.899156209510074 0.217782826496171
0.920602030895141 0.183262930419155
0.900230764348095 0.216059652154459
0.916059318509329 0.190576031324272
0.913569464134154 0.194586125100982
0.909281521158967 0.201488071933199
0.904018181211195 0.209964164548701
0.928696724704798 0.170226164710936
0.91514447760542 0.192052110358206
0.922109745336392 0.180834783403148
0.920037186944707 0.184173705483344
0.916518220085396 0.189838486422624
0.920782917655296 0.182971494017413
0.910020188871679 0.200302979697555
0.907107025784872 0.204992888785404
0.925695239777987 0.175060593142516
0.919981818138668 0.184264450831338
0.928686937937474 0.170241926613888
0.905133952038831 0.208163683653248
0.917889585886267 0.187631145485695
0.871255730600594 0.262649034680287
0.908850016798967 0.202184697715647
0.916332727208209 0.19013648927751
0.912301715615419 0.196628523319983
0.906083212011112 0.206637962944934
0.911693318391373 0.197607765763758
0.878381353880021 0.251197990235651
0.907186891677274 0.204865761228198
0.903258805254352 0.211186316198428
0.915980985458791 0.190702374417229
0.920595702963804 0.183275619097859
0.909839902684918 0.200591265532326
0.922166528496634 0.180743238302364
0.918701053916846 0.186324167218552
0.921417933847856 0.181950343518658
0.925868192946605 0.174782064879954
0.90081388940592 0.215118675522293
0.919566977645543 0.18492943631607
0.922352931335787 0.180443409618098
0.908240265553449 0.203168032911961
0.917016247303048 0.189036948585475
0.875651238020472 0.255593152886087
0.879548415823493 0.249323398978952
0.926069747981415 0.174457408244972
0.924773414014991 0.176545290535888
0.905038102125196 0.208326577147038
0.922019427256096 0.180980637893937
0.906943399519279 0.20525146860905
0.899088859179261 0.217897522873918
0.918580771686856 0.186520916868031
0.908659420846799 0.202489453052528
0.89838499435906 0.219032192111031
0.299381569071653 0.791311782624502
0.92639205271198 0.173938634834933
0.906198036618577 0.2064595189789
0.875264588449554 0.256210617558562
0.921979880965734 0.181044592477557
0.916520690852643 0.189836743365803
0.921979880965734 0.181044592477557
0.925157846065942 0.175926918482761
0.926082500851447 0.1744365009925
0.915732527267715 0.191105855064476
0.899300355514191 0.217554972697231
0.918147664075415 0.187216007950068
0.916228207728773 0.190307288466785
0.911867471136537 0.197328065943036
0.925629157595712 0.175166751015901
0.900784795355151 0.215169025652732
0.922489611046757 0.180224004750567
0.899196098038335 0.21772512135712
0.916345286551366 0.19011898863533
0.919335583639391 0.185303316771386
0.91299276386481 0.195515148768765
0.902823443846501 0.2118862553048
0.918965888323916 0.185897299677729
0.896362539909647 0.222284663828569
0.919977368982685 0.184270238457606
0.923634469545383 0.17838008634466
0.917891882560835 0.187628919169274
0.903111269122102 0.211424077372517
0.921158060409887 0.182367469456808
0.912776859361693 0.195863283236505
0.917948993705537 0.187536063674794
0.904048586432344 0.209913834973537
0.920368678051667 0.183640926000518
0.92187822791621 0.181208011822161
0.907339383626745 0.204614359447896
0.921221183556699 0.182266836340921
0.918482080334966 0.186680233089801
0.919227623034042 0.185477852573664
0.920516603085749 0.183399957542598
0.900444461664833 0.215715949569216
0.928116176535915 0.171161270605695
0.919156275532488 0.185589937673844
0.91951003778804 0.185021579048859
0.92239323443251 0.180377693248958
0.928116176535915 0.171161270605695
0.924582364486784 0.176852739693649
0.920532926695368 0.183374531589823
0.917213579985966 0.188719555952606
0.921444982665778 0.18190462147214
0.919363129239927 0.185259560889395
0.928116176535915 0.171161270605695
0.926508822844138 0.173750068446234
0.897367567626196 0.220670052967185
0.919376951700703 0.185237197303811
0.92468229400136 0.176691539929169
0.92481593687734 0.176476100930207
0.916448208436389 0.189952586959205
0.912491582979054 0.196321003973986
0.923617758772929 0.178406161924841
0.921001507782717 0.182620649323291
0.924571566436832 0.176870677393452
0.924223927689983 0.177429499598678
0.914876942212838 0.19248308995152
0.898025937791785 0.21960263068986
0.908601068219679 0.202586400275945
0.925373643175766 0.175578418304966
0.907916777085842 0.203691462048034
0.921395296995376 0.181985897765233
0.921359728062815 0.182044442197692
0.918938062202599 0.185944184889008
0.910552956878813 0.199444314065238
0.903052084742108 0.211519098740598
0.923071584109666 0.179285332030969
0.915151194571159 0.192042154610602
0.902975584863843 0.211639334482777
0.923984574984123 0.177815088481139
0.914705305815911 0.192758358759864
0.920313123758014 0.183728315970807
0.921730061937424 0.181447247135308
0.920916684165738 0.182758485905692
0.906232633544151 0.206402091898879
0.919925033822852 0.184354147748513
0.920063300084057 0.184129514115898
0.928113517492537 0.171165542085675
0.923545136607395 0.178523399864512
0.915908759571348 0.190820298094021
0.922423016947046 0.180330549514937
0.925722005688953 0.17501752439415
0.921437607032885 0.181917750779092
0.919216984046529 0.185493956506898
0.927477117099201 0.17219044952322
0.908718473984499 0.202397295795113
0.922014676859194 0.180987965184355
0.924759473047608 0.176567439387429
0.911543824235218 0.19784924805907
0.912023579235721 0.197079963860413
0.922410694865278 0.180350880631199
0.906838634224763 0.205423499227481
0.915964371640431 0.190729419481729
0.921261114360279 0.182202527082022
0.920001712302143 0.18422924072754
0.909493018985043 0.201147965514608
0.923113121173937 0.179219160547583
0.919541280872137 0.184971238211633
0.872924057559245 0.259975329896822
0.915018297016661 0.192256711611808
0.916212501305087 0.190331822394805
0.906270794280509 0.206341325423195
0.928059042393772 0.171253272713604
0.92177091898602 0.181380488345572
0.92254476342205 0.180133850279963
0.906198569114986 0.206455124934152
0.908322229166668 0.203031213901818
0.896976176054396 0.221293037273954
0.897613974418685 0.220270492531071
0.925490148803349 0.175390398465343
0.909077082868958 0.201819671169626
0.908372968510812 0.202950889219513
0.903610687596889 0.210616979730342
0.915205328088828 0.191951429021278
0.922960824868642 0.179465149476248
0.907629530693393 0.204153647880686
0.897827514334694 0.219923862060926
0.909792321487949 0.200667616965647
0.924700401025705 0.176662338997234
0.910243717535276 0.199943008182241
0.906835126834262 0.205429857376258
0.901213586915414 0.214474517968812
0.904720372792636 0.208830880388009
0.904656854136893 0.208934842191878
0.921835681975881 0.181275798522155
0.928097818973307 0.171190825655109
0.919830022428181 0.184506202771698
0.897519080788413 0.220427174937972
0.925127441678583 0.175975570722846
0.87626306885547 0.254604621919423
0.919951039197224 0.184310474491908
0.899303810035587 0.217552326131528
0.92712028530144 0.172765641795269
0.91344965776127 0.19477880572024
0.922974262776755 0.1794424575158
0.926155564141885 0.174318842358758
0.92711689220233 0.172771111613895
0.911680727001644 0.197626502594377
0.925238660963973 0.175796076228859
0.919349110298748 0.185279796337158
0.920276039195882 0.183789524599376
0.904641677302011 0.208959762531109
0.918190430213684 0.187145728263962
0.910797533348887 0.199047831463226
0.909928059130149 0.200450888460335
0.867451411628224 0.268767770634068
0.910681179639138 0.199236100053371
0.908809805876903 0.202250403740054
0.919313798701507 0.185336383929961
0.91057667257253 0.199404522965339
0.914340816700187 0.193348102511793
0.922404920802966 0.180360014972635
0.911413659806695 0.198058606002782
0.897841964982931 0.219900609118051
0.92472934470762 0.176615963559151
0.918441572772354 0.186741356286195
0.922032335517873 0.180958757181891
0.909997265502468 0.200335957906819
0.897058465494203 0.221157830157639
0.922096669678094 0.180857640981422
0.91532418502489 0.191760001542495
0.897859257907592 0.219874780617964
0.923911974658648 0.177932502220309
0.922591782892141 0.180058969943234
0.916948970664116 0.189147132274689
0.916468333648764 0.189920520222158
0.907579136262497 0.204229314380446
0.918152834739365 0.187208230030861
0.923642738587493 0.178366915870298
0.914846834235985 0.192530737300827
0.909048567465205 0.201865263497278
0.875913366183134 0.25516191175024
0.918152834739365 0.187208230030861
0.90397229446711 0.210035258865032
0.918112328498839 0.1872716915056
0.909368906367183 0.201350199615755
0.898776080150732 0.218396942648613
0.906303075488537 0.206284734689192
0.926410154496092 0.173909304561411
0.924972139755463 0.176225254786408
0.92472934470762 0.176615963559151
0.902913286783255 0.211741296081772
0.924300541913258 0.177306852909597
0.906185481023038 0.206476195396648
0.895817039484078 0.223157149554512
0.92687714607448 0.173156634936227
0.92259747371196 0.180049765632308
0.915975862706308 0.19071249692906
0.927202483575534 0.172632857613251
0.913496839585745 0.194702274766733
0.912721109448717 0.195951437774227
0.922218972103696 0.180659664706942
0.89782967354007 0.219920383192972
0.919931827976031 0.184343467310083
0.925196882857072 0.17586351085411
0.921035420300178 0.182564727621327
0.875201941639347 0.256308867167998
0.911559963548597 0.197822037159995
0.878685612500852 0.250716632152315
0.918266654787307 0.187023478868853
0.872988785316064 0.259870554511979
0.904059424810176 0.209898943119119
0.916140236641994 0.190446117988083
0.909847358932106 0.200576663746243
0.915147731804672 0.192046119903056
0.910660317026049 0.199269074244758
0.868947548540401 0.266372378596948
0.879548176008294 0.249333210513071
0.923857693501647 0.178019454051346
0.923051285587677 0.179319869207443
0.878212296733349 0.251475821378071
0.927836998850128 0.171611252751424
0.922373300358751 0.180411788004408
0.91532418502489 0.191760001542495
0.921290029799039 0.182154504080262
0.919901093880246 0.184394679970916
0.915468086862221 0.191528295205655
0.87651312646611 0.254211539215059
0.902149799684908 0.212968504422321
0.923912651605834 0.177931399877896
0.902432141137517 0.212514637837494
0.926912399740545 0.173099863841358
0.917907982693666 0.187600875407377
0.877168012849865 0.253152025211589
0.922751683457758 0.179801569128229
0.903369031409026 0.211008306755506
0.922427515120899 0.180323790924435
0.924210419777617 0.177451251909777
0.915028580745202 0.192237123004368
0.92259747371196 0.180049765632308
0.875076125738525 0.256513321931833
0.869340227060002 0.265729742802873
0.920556954597407 0.183335778799295
0.925169529308909 0.175906668084096
0.868720181154672 0.266724226650731
0.91591103039634 0.190818202618781
0.90830292646463 0.203069426036217
0.907453835182178 0.204430664304726
0.923266763645287 0.178971927270177
0.872451070141889 0.260735614663451
0.907118097444744 0.204974419402232
0.917543728804912 0.188186294078159
0.869402552296255 0.265627675851888
0.903369031409026 0.211008306755506
0.900339436122099 0.215882246537677
0.872432917304865 0.26076039589511
0.920338693550503 0.183689022071441
0.913305319944653 0.195011082807621
0.896614143716366 0.221876718782507
0.910053378343363 0.200250300744898
0.91492749854492 0.192399416352904
0.879035494603028 0.250152500000098
0.901523494463394 0.213977780361756
0.921206353016664 0.182290502633443
0.909224685295821 0.201579745876706
0.91023330173524 0.199956575868546
0.921188952129149 0.182317333618033
0.873864156076569 0.258460549350765
0.90453713642452 0.209129368671185
0.907722050226612 0.204001935614913
0.896904787727465 0.221405080706488
0.920928296767406 0.18273745526246
0.918361354147364 0.186871952036932
0.920200779129321 0.183910320496277
0.9047503106077 0.208785117081223
0.917186316615292 0.1887631548612
0.871618093250396 0.262068656418552
0.911532316342186 0.197866621473284
0.91972634602995 0.184674349187198
0.925802666595886 0.174887425427533
0.923006035602928 0.179393734838805
0.903346951221916 0.211040845196923
0.872964277762156 0.259904525090792
0.907116711499218 0.204976977800877
0.916446024932426 0.189956401240234
0.904849841227607 0.208625994850348
0.868529312410389 0.267032875741999
0.898546044484123 0.218778693432951
0.926850129158687 0.17320014490465
0.872734560381159 0.260275427266052
0.923215007642653 0.1790546077727
0.878490187144919 0.251018786019777
0.919489238502456 0.185054677344936
0.904558939786208 0.209094552073496
0.919891454548851 0.184407869974329
0.920647832735943 0.183189333632428
0.89665698827792 0.221809930914016
0.897797331778181 0.219971812092423
0.877791908421257 0.252144141850804
0.923835606509114 0.178055984065066
0.904578899452187 0.209057712577761
0.921043130276137 0.182554328504463
0.909407859267762 0.201285859644488
0.904603202242126 0.209021914133844
0.920078135481634 0.184106846868323
0.871853665258348 0.26169407487634
0.921243721791635 0.182229114989025
0.908739609608513 0.202366000019297
0.905221407839607 0.208027347883541
0.910026962773515 0.200291095401722
0.904030953283348 0.209939507306325
0.898720059296614 0.218487554718285
0.917548456748414 0.188180319209927
0.90031131196231 0.215929002219611
0.904068096651276 0.20988004525446
0.896275608829996 0.222423237552391
0.922096669678094 0.180857640981422
0.909476119964713 0.201177087219945
0.914096909071317 0.193737534766002
0.873608082898983 0.258869127212115
0.903041113650044 0.211532526797533
0.91898378202165 0.185869071385234
0.927563683202041 0.172050989273691
0.920510534754622 0.183411540397221
0.900028796772738 0.216379161938318
0.924301654219006 0.177304642516263
0.904146404303848 0.20975869929147
0.917981697875712 0.187482363598795
0.870798182676641 0.263384864437764
0.900612223035089 0.215442252025484
0.86791768392511 0.268018695995012
0.917888261481228 0.187633069534701
0.92175590689322 0.181405160415322
0.920709836338271 0.183090927544339
0.871034960669474 0.263014234380253
0.92163198149656 0.181606614921929
0.923426537499034 0.178714363964628
0.918137708891156 0.187231015442585
0.92353043490129 0.178547858276531
0.897915875860584 0.219778552169542
0.873711909420076 0.258703657408527
0.925003426414753 0.176174508470397
0.910045768553556 0.200258484359236
0.915579656630653 0.191352617719146
0.869361457474717 0.265705217810571
0.901429515184871 0.214130953698728
0.873325083895798 0.259332711992541
0.908579496415762 0.202622163132767
0.868278131839808 0.267442750679269
0.921860077235427 0.181238263631843
0.907443278603513 0.20444874863854
0.905519144289008 0.207548569801998
0.876036273416465 0.254966495935358
0.920263894653323 0.183808854221572
0.919920199818672 0.184361041960671
0.917770410484613 0.187822345428858
0.879356747192381 0.249631294501878
0.913418609769801 0.194829177812776
0.873555294788185 0.258954468232857
0.920932661290967 0.182731400606389
0.922938987654775 0.179501023547334
0.908894041200446 0.202113272457268
0.925801697209347 0.174889134280064
0.925029334346551 0.176133634922262
0.903829992419683 0.210263100768894
0.899122559958598 0.217837383951158
0.904310758996189 0.209493157386738
0.921551037155757 0.181734578039289
0.910042448022731 0.200267094564702
0.878400528983287 0.251165408108301
0.928105422243192 0.171178576843048
0.914424337058054 0.193209332387545
0.877441414907037 0.252714866907651
0.90110025311083 0.21465857376804
0.879438006564381 0.24951007390909
0.872642239358004 0.260421969918948
0.916527572634601 0.189826003455649
0.918974277434009 0.185884488943594
0.919848225444377 0.184477394966113
0.919660763182365 0.184778916660451
0.914858800103572 0.19251047679074
0.92099539199192 0.182629095766932
0.897088880022045 0.221114294230164
0.221528583852959 0.860381499246573
0.215899886098046 0.863275197367623
0.221528583852959 0.860381499246573
0.215001777872634 0.863739118415364
0.235907480478535 0.852998063837832
0.234875514292212 0.853518556055972
0.188787489699427 0.877212749447099
0.212330674720263 0.865110081162295
0.253834925394731 0.84376878179797
0.229897347459175 0.856077495699852
0.236593625999839 0.852632843901997
0.245692761263013 0.847963844725731
0.246794209160121 0.847390247816492
0.919980355667333 0.184266134470858
0.229465876077826 0.856301771349542
0.222511435645129 0.859875712613184
0.222702302645959 0.859778553098359
0.225124931097703 0.858534843173792
0.217022570158107 0.862697831654435
0.232542627613177 0.854724887781364
0.229878236108851 0.856094386391038
0.222249852747106 0.860013414384237
0.212515887510178 0.865015488978428
0.214676133308277 0.863903909238807
0.236333408073317 0.852772975986678
0.218358802550665 0.862010522528185
0.221991670114477 0.860148334212995
0.221466369898971 0.8604179848639
0.222030559163529 0.860123635959754
0.218358802550665 0.862010522528185
0.219813210084212 0.861261658908839
0.249831224213547 0.845829870705212
0.225551704469743 0.858318235070963
0.194495356188412 0.874279008174605
0.237094439946998 0.852380886126041
0.250561060667103 0.845460482903396
0.923768943284858 0.178164076949729
0.23992573701256 0.850921604568436
0.207417417835695 0.867639128301281
0.217600181398067 0.862403948591465
0.240857982991341 0.850440582219311
0.202140743099129 0.870348744024184
0.253248364885398 0.844070141924799
0.238275454604068 0.851778446959125
0.919476507874936 0.185076819434683
0.218036548316789 0.862177113294322
0.191555854122466 0.875791112353099
0.174426234022567 0.884587899233152
0.235950419203826 0.852969211640358
0.906101777189962 0.206613546281612
0.901836152753354 0.213482291757791
0.207053413192706 0.867830610278669
0.194444251547186 0.874304327063954
0.191555854122466 0.875791112353099
0.922244496328746 0.180619413121844
0.18384210809569 0.879752886798323
0.214303395827169 0.864099421645511
0.219443338511075 0.861455540824038
0.922244496328746 0.180619413121844
0.202006063326917 0.870420676386052
0.187909986091983 0.877664019181468
0.23372992162729 0.854113188725633
0.249855648865296 0.845819904173242
0.200012204042343 0.871447300165873
0.179376663888826 0.882043928710858
0.232662955618341 0.854656890575733
0.226261049262047 0.857957465497301
0.242664334908254 0.849513640169766
0.24371333706548 0.84898112875626
0.175308314397086 0.884134015036849
0.188655706482743 0.877281025499507
0.253272561522843 0.844058868077232
0.198553008865644 0.872194226101912
0.195693559037865 0.873661243004313
0.186271270099592 0.878502231903523
0.239414935273174 0.851204976370958
0.184650018214381 0.879337203741502
0.194573549422344 0.87423805686225
0.19059067102539 0.876285353120929
0.918581339162017 0.18651929587665
0.208036315610744 0.867326011667673
0.199448318553808 0.871730759816703
0.212078657213864 0.865238178920117
0.180374328216322 0.881532348413777
0.179684149615858 0.88188749029254
0.195012725676838 0.874014319606208
0.210407848889463 0.866102408276956
0.181029420781261 0.881195299678102
0.192011391388766 0.875555763488995
0.204392324053553 0.869193013239775
0.915144853373999 0.192051031272106
0.186518885775519 0.878377677255196
0.196480318060753 0.87325984688284
0.219838273071757 0.861251286851486
0.187231305506039 0.878012232672331
0.224005399950062 0.859114504772885
0.212004006221507 0.865287122305462
0.232708654429174 0.854636592546453
0.2023898442713 0.870225970800465
0.191049254502748 0.876052630854916
0.197325887503378 0.872821382903422
0.206132575826227 0.868302703288568
0.186696341320538 0.878286983942457
0.207876147698727 0.867403035544879
0.18796468835006 0.877636443488361
0.205222878958746 0.86876746730025
0.183388457628261 0.879984498746293
0.185772721509988 0.878758937856865
0.905601182372009 0.20741678178894
0.225482667962877 0.858351900205995
0.191840140156522 0.875642884312617
0.20874304269385 0.866957288299736
0.926733040653438 0.173389570427251
0.180648156528437 0.881393032996048
0.212645836975414 0.864948161609048
0.200284007417476 0.871303207530818
0.177284784433259 0.8831183819221
0.181014660332493 0.881204801491045
0.196340458056053 0.873327376690148
0.175456237477253 0.884058680385983
0.920059830824901 0.184137547093224
0.182253962798432 0.880566485007375
0.186248137571442 0.878519412607956
0.20400349901213 0.869388873147224
0.222105896732808 0.860091789701503
0.236481808409037 0.852699098780214
0.241362714295526 0.850187663683171
0.214235274979514 0.864135869741762
0.199876400763269 0.871514462770416
0.923549212914071 0.178517772612494
0.921102699573916 0.182458926146902
0.923004038527121 0.179395848189391
0.223461562573171 0.859391988954116
0.918008231969257 0.187441965777843
0.920027592172121 0.18418979498665
0.917831345431682 0.187726876352452
0.917779103614983 0.187808844778794
0.915869622951661 0.190884584522068
0.905155339963789 0.208134171367411
0.917095176369517 0.188909772444057
0.925037134165179 0.176121381888038
0.247340316884358 0.847120454588887
0.918695003781232 0.186334365524965
0.926202309949189 0.17424456810235
0.924724326352259 0.176624950060486
0.922261774627142 0.180591221020627
0.92608076199944 0.174440254228658
0.923934566327418 0.177897515174241
0.924261644112893 0.177370345555318
0.925595734480103 0.175221617755141
0.91609194517662 0.190526222563161
0.925622685310112 0.175178108550358
0.219330419127164 0.861513727372413
0.920456382189717 0.183497666829062
0.919967529895524 0.184285741412298
0.180240270400312 0.88160039465131
0.926174289223246 0.174289701509601
0.925699090982971 0.175055126014658
0.923100163316474 0.179241454444088
0.925233473386838 0.175804770935743
0.912001949483559 0.197114028972061
0.917367220872843 0.188473305301972
0.92522916833831 0.175811697320813
0.87793640930304 0.251908471936791
0.918464488724281 0.186705678739489
0.925174749238402 0.175899821046523
0.925155619786963 0.175930629070253
0.214956404906932 0.863758574297957
0.913972043693809 0.193939374716955
0.915106589246362 0.192112927617089
0.924529469125884 0.176938415058922
0.924406180008736 0.177136766506928
0.873261167963568 0.25944032884564
0.920881705029184 0.182811594516785
0.912306476752469 0.196621635532233
0.205924939266164 0.868403584578183
0.925773909075217 0.174934360440892
0.923246415448589 0.179005166849947
0.874894036540808 0.256821638208809
0.906529255046779 0.205927563442482
0.903108374692893 0.211432952534004
0.914517699351307 0.193063421290996
0.925358777540026 0.175603439274496
0.311151547806776 0.78602673023441
0.914162522112598 0.193633181103737
0.919948919822036 0.184315249369685
0.921462430000003 0.181877382351745
0.924041180803526 0.177724240677396
0.920907232756272 0.182770759657677
0.918421191846366 0.186774696738789
0.91049829875723 0.199531591254735
0.910569294137836 0.199416713386631
0.909439382540572 0.201239535576604
0.908570941732165 0.202633716315387
0.909668876642841 0.20086488878812
0.924041180803526 0.177724240677396
0.920371091932521 0.183634960955173
0.916320024979939 0.190158708508014
0.920018502341281 0.184202806545615
0.907661877789057 0.20409793202516
0.924041180803526 0.177724240677396
0.914647923685132 0.192852067358568
0.924041180803526 0.177724240677396
0.919287858214665 0.185380229322219
0.911895032817641 0.197283036394793
0.912897755845816 0.195666198315988
0.921746207291217 0.181421252883528
0.919478853338679 0.185072773824039
0.90875811633721 0.202335370322161
0.378120453699446 0.7559206916537
0.910462424563349 0.199590369419565
0.922318277027759 0.180498207562291
0.921746207291217 0.181421252883528
0.917545496833374 0.188184825062878
0.927401679806221 0.172312447578011
0.924284678004174 0.177332702936005
0.924638065067437 0.176762830564023
0.924813112878298 0.176480704292025
0.915765556493237 0.191050020379772
0.924666857734607 0.176716464407208
0.920207219711229 0.183899126119446
0.917363027654476 0.188478649360085
0.919259103733773 0.185427017015132
0.923046450222013 0.179326454374771
0.924273759928479 0.177349328799802
0.923046450222013 0.179326454374771
0.919423208744217 0.185161976158544
0.919745591977092 0.184641706067068
0.91523190259704 0.191909889035651
0.895739319847033 0.22329104358871
0.919522387678216 0.185000874498878
0.918483608726951 0.186675223866234
0.921513818813633 0.18179538008808
0.911496647985965 0.197926990896175
0.908619529901025 0.202556616716554
0.908917840975723 0.202077008134165
0.900473120665637 0.215668547327562
0.924423724430281 0.177107815713037
0.909250673972601 0.201541235788555
0.913356418232315 0.194932056287699
0.916002202161758 0.190671357083065
0.918634963313192 0.1864307778217
0.914267568182688 0.19346281012971
0.923462460614423 0.178656332088382
0.917630652839971 0.188047958467453
0.918791710961625 0.186179696980608
0.914727726324951 0.192721538764963
0.916227221830666 0.19030821931155
0.924324577360629 0.177267700354902
0.919511007399152 0.185020515252381
0.919782551674856 0.184581631125342
0.914521497042302 0.193056973663548
0.920433741269228 0.183535893807533
0.9094467552559 0.201223667797886
0.909146818151865 0.201705194287333
0.900057292198424 0.216338757053622
0.915117727696186 0.192095310441578
0.919423208744217 0.185161976158544
0.923460176084713 0.178660011233982
0.908020042633265 0.203519994057337
0.920292093531974 0.183761815439728
0.907603226604165 0.2041904968928
0.91676836265755 0.189434863178636
0.925770652998479 0.174939551456649
0.896436187534415 0.222163140560708
0.918466051842398 0.186702597988065
0.902930789857862 0.211714539154555
0.926446418193761 0.17385102343635
0.915923747432019 0.190796555239686
0.874125305275226 0.258040119517375
0.910976889235017 0.198760842983916
0.915726395775868 0.191115768251968
0.914783820747317 0.192630597935074
0.903500263912656 0.21079223655203
0.922691019988632 0.179899916816168
0.919553453343532 0.184950994790899
0.868617460855164 0.266899364725302
0.919836052706781 0.184496672608147
0.912279630808456 0.196663233410598
0.909062414140056 0.201843327652916
0.909741337017244 0.200750346449434
0.919650802871057 0.184795059163196
0.871276588369933 0.262621458389039
0.902841183470214 0.211855849324438
0.897260266676979 0.220838066675033
0.921024700305496 0.182584071698393
0.916862222283589 0.189287176090556
0.924235242968665 0.177412262982489
0.913367768276449 0.194913200460929
0.923755500242869 0.178185524395622
0.909896068747237 0.200501626381532
0.921273255195609 0.182182010301881
0.918161601746749 0.187193048686302
0.926435169423008 0.173869144199508
0.918509086055394 0.18663352214736
0.916980285173681 0.189094062476556
0.92553110163043 0.175325351096505
0.921163088942755 0.182358762987832
0.926469889134814 0.173813215584131
0.917435304028591 0.188362794054652
0.91822278051413 0.187095045423897
0.899080815350203 0.217910509783869
0.913128076548267 0.195299178246599
0.914509248448497 0.193073210658705
0.920871420200326 0.18283053363798
0.926474743525479 0.173805395171927
0.9178051783765 0.187767872969066
0.920094943394044 0.184078823815262
0.922942896630428 0.179492622307342
0.916525278697444 0.189829514743744
0.914422572907148 0.193213524841178
0.90991030473907 0.200475280506383
0.922086108414501 0.180872845940119
0.911787355192516 0.197457226960072
0.929523662617044 0.168894358394788
0.911240143492285 0.198339001151329
0.923707939410339 0.178260739749897
0.915783937296138 0.191023053952563
0.922877735948769 0.179598280079524
0.911240143492285 0.198339001151329
0.926583401418093 0.173630382197527
0.929523662617044 0.168894358394788
0.921950272260539 0.181092583359094
0.871792593042781 0.261786446284948
0.920853429909766 0.182859175395967
0.904458958834502 0.209257328475907
0.922855991219081 0.179634688620905
0.912020376368788 0.197082690275496
0.922067107955784 0.180904677842163
0.925530400570232 0.175325754862428
0.922723963584839 0.179845818403743
0.924430828834764 0.177097646314173
0.91344068880739 0.194794247367597
0.920798114644939 0.18294803280156
0.904854834950726 0.208618219993173
0.918804243696311 0.186160790622269
0.91185770973502 0.197345150529149
0.926401566432756 0.173923519782149
0.922022877434562 0.180975653027643
0.925081462042323 0.176049985581257
0.920246225238339 0.183837676654181
0.918942061196919 0.185936332800037
0.920674978410439 0.18314665497021
0.909114770121749 0.201760958349979
0.915430312090641 0.191593678119485
0.924148403896811 0.177552941197986
0.926469014281332 0.173814630503903
0.916285448985997 0.190214835317678
0.923526860022178 0.178554235040647
0.911673750802895 0.19764059761818
0.924935554540531 0.176284830509151
0.921999528594195 0.181012059637505
0.924931712557135 0.176290441870786
0.924952640046329 0.176256656692707
0.898283756423382 0.219195345228776
0.918295871679508 0.186975071017752
0.919773249571817 0.184598923227948
0.921521855691905 0.181783242379002
0.912193930153418 0.19679997547757
0.908793301315212 0.202276326311065
0.920230478561203 0.183861461960529
0.922132122454242 0.180801540456954
0.916088307285704 0.190532214646927
0.909591805225838 0.200992024026329
0.922379603029559 0.180401551531815
0.923375742768937 0.178797164166532
0.921563050159999 0.181716262265819
0.909617260827405 0.200952727451534
0.922181545207905 0.180719472444005
0.911302970410643 0.198238985136383
0.915317594205236 0.191773478781118
0.897094498809073 0.22111297969838
0.921513765461566 0.181796261612652
0.905967848823532 0.206821832193411
0.915458620751882 0.191544719321953
0.925422692093836 0.17549986191415
0.912327450070595 0.196590489351092
0.917951513251998 0.187532545753902
0.876840525524486 0.25368204351408
0.921349086531789 0.182059968114681
0.910229076956815 0.199962472982881
0.903838603884664 0.210258769008748
0.919652770551062 0.184794132561163
0.911620686555572 0.197725108040449
0.927075249155546 0.172838084779149
0.915997577691534 0.190679058882486
0.927627103865704 0.171949163062229
0.916492779478433 0.189882883645081
0.922012858023641 0.180992103671117
0.918747470108537 0.18624986441149
0.927549516665461 0.172074010479381
0.925346697602796 0.175622042862138
0.926048788568417 0.17449097841323
0.920775383154836 0.182984141371867
0.923091098444518 0.179256857566201
0.929010448286903 0.169721102199769
0.915288911134064 0.191820242906268
0.912660750058429 0.196051778801388
0.924741602271591 0.176597004197922
0.922257609402656 0.18059766805585
0.906810090045951 0.205466806753385
0.923069305998564 0.179291091928697
0.901320502823262 0.214308633314998
0.921718005710358 0.181465818555776
0.915577496119913 0.191353905106749
0.925298476106426 0.175699258815909
0.921068024710983 0.182513532951804
0.922595923050556 0.180052638502205
0.924249931609878 0.177388942153476
0.90163890591071 0.213788846378113
0.925197005865164 0.175863485136085
0.910726695810608 0.199165193993858
0.879171536855009 0.249928348495981
0.91793054372064 0.187564680706455
0.870769389216077 0.263434091870458
0.918809486650003 0.186151522977106
0.905038483903102 0.208322822478885
0.912717308083602 0.195960788990205
0.925261797057166 0.175759401031794
0.909239899931228 0.201561210636477
0.915066179249732 0.19217731654177
0.913492296019484 0.194712160874106
0.905555339026767 0.207491808813031
0.877287615017036 0.252963542272572
0.925987270019445 0.174590797262508
0.921159470573069 0.182365049740442
0.91086087866587 0.198946173063781
0.921576698780562 0.181692662590356
0.917943026221253 0.187545097159827
0.910905584651374 0.198876265450812
0.913544678649464 0.194629139375064
0.89681845033046 0.221555934599126
0.92682872777939 0.173234916235671
0.917871830100637 0.187659579695043
0.909845516893865 0.200585249927559
0.916089769547094 0.190529851665717
0.92000072316982 0.184233847332004
0.90570459173937 0.207245779115444
0.922075423500604 0.180890398992848
0.923553125519851 0.178510321165719
0.913661770228065 0.194438079850601
0.876876027567684 0.253620565128721
0.918780285233729 0.186197559834337
0.925483873346941 0.175400694741265
0.898215827462334 0.21930291278035
0.914700778720468 0.192768381554187
0.911437621628214 0.198020640931706
0.916157576374712 0.19041908409335
0.868527107865895 0.26703442414175
0.918089678989038 0.187308999251722
0.918564077095906 0.186543915823749
0.907291880904075 0.204697164483663
0.918617245090021 0.186460151744499
0.922315193900813 0.180504023530133
0.918171706976268 0.187178195402108
0.919600154277508 0.184877816671321
0.918590087199395 0.186504394795708
0.927785335404451 0.171694014194193
0.903348231460386 0.2110395152254
0.875260607986588 0.256211408112249
0.922305879620349 0.180518902371699
0.91763553048636 0.188044841869202
0.928626610769199 0.170339316768309
0.90524863915825 0.207978724351929
0.914603526562816 0.192922970715969
0.878964780938917 0.250263620962414
0.917870417111958 0.187662068051759
0.90895905877193 0.202008214644281
0.92604104426952 0.174503538273876
0.89886676979845 0.218250429298455
0.921717212796157 0.181467242049099
0.920856748107443 0.182853419878179
0.913724371248599 0.194337639256969
0.926847850529609 0.173204352073333
0.917623419547546 0.188059871913779
0.917984611897436 0.187477943413768
0.92499358297484 0.176191225611124
0.901273494087827 0.214378844459631
0.916478383340697 0.18990403932605
0.924873240583664 0.176385019652255
0.870614737228992 0.263683468173205
0.925341826934342 0.175630000681972
0.908418030301155 0.202877874688467
0.92100776283963 0.182610085860981
0.921400033569762 0.181978492595664
0.911783536421522 0.19746325750614
0.925214310201456 0.175835154473492
0.918959181816929 0.185909448713392
0.900518834035504 0.215597782898196
0.925521542679223 0.175340042636664
0.928471248637232 0.170589445904064
0.923543790267449 0.178525640523484
0.910561495069556 0.199434236590414
0.917756766196093 0.187845778244618
0.924685907272267 0.176686393117832
0.875632928762149 0.255619993258519
0.912051638312074 0.197033000461137
0.925516475149604 0.175348690554935
0.921980753169002 0.181043818757948
0.878711371450873 0.250666568197635
0.874582651617438 0.257303669461037
0.910027590874986 0.200289292862296
0.926674925912409 0.173482278113583
0.901088663308106 0.214675513004466
0.917808737999247 0.187762057157932
0.923992663275922 0.177803824825443
0.918707083843334 0.186314195255037
0.92470180666359 0.176661790381243
0.927097381294988 0.172802256054887
0.905080272025414 0.208249395612421
0.904412283380306 0.209332012810158
0.915414074796073 0.191617124334267
0.925870214728017 0.174778695282208
0.90830549142802 0.203064447778583
0.869337952096183 0.26573664173065
0.914110514335303 0.193718592861496
0.91641848250588 0.189999472624223
0.914149415702807 0.193655372790046
0.915322408869228 0.191765509786059
0.896004066407604 0.222855719466506
0.918973610642625 0.185887655836955
0.896971564735322 0.221303292707071
0.876575080965157 0.254112157361339
0.878342336917937 0.251277357024583
0.923221093701682 0.179044637513901
0.908667230174283 0.202475304696056
0.917025751999653 0.189021729680036
0.920813550631011 0.182923910133015
0.917852238150277 0.187691314770839
0.913635693925728 0.194480692203013
0.900974805710225 0.214862840476413
0.921528573241859 0.181771594276636
0.926510762510537 0.173747789614857
0.911342459965411 0.198172606036836
0.915575110644984 0.191359896867026
0.873425891612494 0.25916842865632
0.917025751999653 0.189021729680036
0.923486973196063 0.17861759860764
0.870751506918386 0.263462529577252
0.918151634044048 0.18720960663027
0.912753250351412 0.195901233460163
0.902046296555096 0.213141947455423
0.896444408209309 0.222153327791182
0.919924862619489 0.184354326490177
0.907439147458595 0.204459391215595
0.915787477959167 0.191014567279335
0.898463287312953 0.218903834512177
0.906252775353321 0.206363921187494
0.87105502879931 0.262976117933799
0.924629438504359 0.17677788403423
0.923795029951246 0.178122004103994
0.916853314269174 0.189301192574197
0.870400060787799 0.264027070528983
0.923658542042243 0.178340272383069
0.921159470573069 0.182365049740442
0.903734251371706 0.21042305166344
0.919068019513552 0.185734104116263
0.902132133201778 0.212993917497952
0.900877723347303 0.215013816873182
0.872716969468505 0.260305086025529
0.925946525100691 0.174656026661895
0.869337952096183 0.26573664173065
0.921872050668338 0.181218087604735
0.901702916617277 0.21368667431023
0.902462214676259 0.212462214236571
0.917054533633787 0.188974911074027
0.918542425719239 0.186580673556247
0.91158926735845 0.197772962368721
0.920461921328778 0.183489983308603
0.916800382912578 0.189386733819532
0.902850837127776 0.211837970529771
0.922409279570923 0.180354637666176
0.915755162785835 0.191068871969529
0.912999257690719 0.195506284799678
0.912718052899328 0.19595996797814
0.909379565427469 0.201330553457091
0.905944857595801 0.206861683428267
0.903187073810843 0.21130203797971
0.917046730174843 0.18898919880315
0.914217202733534 0.193545349897034
0.91855189057958 0.186565307521275
0.922477544162502 0.180243323874421
0.912520983557831 0.196277299330484
0.918547481848945 0.186572283153596
0.911437849056174 0.198020266691489
0.922093706389629 0.180861020444699
0.915003078295155 0.192277669768891
0.913547304308508 0.194622439851165
0.923842211696938 0.178044925734695
0.895714903426071 0.223327595511206
0.922958788807987 0.179467393309714
0.291837393189785 0.794698918636528
0.298320707074581 0.79178796207138
0.301276080050555 0.790460971414071
0.920922107327526 0.182747115281885
0.910571511370895 0.199415903386063
0.303325436019493 0.78953990062298
0.898449126883423 0.218931136886059
0.902577297572738 0.212283882606472
0.913238267988531 0.195119964736691
0.292820402519031 0.794257355149167
0.915989825867008 0.190690496020514
0.298565725684438 0.791677448595941
0.902917596293707 0.21173864754423
0.299468454229363 0.791274651485437
0.912284353871358 0.196657787580617
0.303325436019493 0.78953990062298
0.913282945068077 0.195048549316014
0.914425194534387 0.193208751013569
0.907912764025365 0.203696262262994
0.298127645459107 0.791873295821478
0.916533377205052 0.189814551877189
0.902541522784899 0.212335751262824
0.90750790847634 0.204343860349242
0.916372709428421 0.190072761102466
0.929315022898153 0.169230429656279
0.922503917605534 0.180199264083587
0.918817335263384 0.18613625282922
0.92399936459478 0.177791570264019
0.914290943479771 0.19342559545454
0.912789521417635 0.195842798950649
0.918898824516092 0.186005451900395
0.925851358973143 0.174809261779448
0.91767726215835 0.187975167794918
0.916991480831588 0.18907772431755
0.922131503617621 0.180802084832039
0.911064052267182 0.198624288185
0.909015205068564 0.201919786965072
0.922131503617621 0.180802084832039
0.922131503617621 0.180802084832039
0.925463195809917 0.175435175055527
0.914402938531566 0.193248498609787
0.925546665392166 0.175300717102379
0.918797551439259 0.186168573757774
0.92019169432154 0.183924896425769
0.908208161012697 0.203219574759388
0.911107460810039 0.198550452961018
0.906627110942148 0.205760686144422
0.915399045355445 0.191641612060421
0.902847947379484 0.211842032576924
0.877934611539647 0.251921586737198
0.922044644219033 0.180940413651115
0.900259203582473 0.216008039804255
0.921443661196488 0.181909218410037
0.919217448877977 0.185491216225531
0.898461408071213 0.218906540182685
0.903154186853588 0.211351915303678
0.925851358973143 0.174809261779448
0.925329076735405 0.175650562955957
0.910411579315738 0.199671662330217
0.913965497444397 0.193949333203542
0.907198803838735 0.204842073132262
0.916689953728904 0.189562843013067
0.922844694523513 0.179651877050005
0.919679167738295 0.18474769979271
0.898733142012137 0.218467744510897
0.869023131617138 0.266248443819372
0.925785238571577 0.17491576805668
0.92492441427276 0.176302222627218
0.87261523129046 0.260472146189458
0.915338461937713 0.191739489047214
0.925893681935607 0.174741078748804
0.920587486026324 0.183285765939191
0.9078113075494 0.203857070932306
0.902877099828639 0.211796928729528
0.923190562644803 0.179094940365938
0.925931504771293 0.174680180170088
0.917365452437569 0.188475946229681
0.926916439328821 0.173093762690523
0.926439285433398 0.17386243567302
0.926386679443845 0.17394706089605
0.922282100855667 0.180557115187251
0.872983700711911 0.259876341396688
0.906437359403522 0.206067173073922
0.916089024785658 0.190532124589234
0.92393947959621 0.177887907130516
0.910167360312153 0.200066067419835
0.869741799324529 0.265088166784354
0.923949650068667 0.17787187583151
0.916322611254502 0.190155837761579
0.921542425313364 0.181750469739184
0.916650539406018 0.189624695052009
0.920420130993053 0.183557157950725
0.92219764383787 0.180693781190995
0.925094800050556 0.176027867490945
0.91329740529237 0.195026694392074
0.915450002222394 0.19156111632211
0.923850262051231 0.178032656067181
0.918687685156951 0.186345591609131
0.910869027767721 0.198933852234781
0.924328908894391 0.177261593785367
0.92026249368726 0.183809969348418
0.87224920103778 0.261061002727293
0.924887080455198 0.176362534369373
0.920100719670499 0.1840718406117
0.926498458832229 0.173766925202325
0.923997702343024 0.177794660115426
0.925178436848384 0.175893020563908
0.927958199100443 0.171415831664816
0.913825714241677 0.194174350692069
0.927958199100443 0.171415831664816
0.928872810756987 0.169942582896232
0.915623423372081 0.191281787928647
0.924694610093936 0.17667233342367
0.921351169408442 0.182056517231651
0.925071666086023 0.176065680266675
0.907258938050937 0.204748216417247
0.924350368243245 0.177226934956759
0.928654267343143 0.170294736604834
0.922118183680682 0.180821496284933
0.913416510749915 0.194832263753888
0.905642309831105 0.20735064059071
0.92618159398082 0.174277421329689
0.908466587111244 0.202802863529264
0.917141689199176 0.188837416110583
0.920544001285156 0.18335580299674
0.925158214138259 0.17592634752712
0.91045007109157 0.199608137420189
0.924586153347605 0.176847546580018
0.868484831213169 0.267102808349124
0.921380765611661 0.182008094366754
0.900227168999846 0.216071416739061
0.920342340931587 0.183681491456512
0.925126434781207 0.175976947836396
0.919043005132389 0.185773821831678
0.912810695513598 0.195809173426755
0.922257474699202 0.180597778898686
0.928616069536372 0.170356269827128
0.924252315449056 0.177384928783167
0.923333253082472 0.178865894365871
0.920754616267569 0.183017253210311
0.924590966216118 0.176838788103014
0.900726054490412 0.215262974688757
0.917746958902416 0.187860727462995
0.909297079662287 0.201471023577717
0.912757939133514 0.195895482027499
0.914781595373758 0.192634593094362
0.874419313040652 0.257571633511458
0.926498458832229 0.173766925202325
0.899404567345819 0.217387423251538
0.922512030428482 0.180188610448048
0.911734335123839 0.197543169403037
0.913159497342252 0.195246172515194
0.92289004926624 0.179579552182335
0.912914021016803 0.195640328256876
0.905835315208573 0.207041433568886
0.91361089414888 0.194519519720407
0.913150305068288 0.195260284410971
0.925013677989274 0.176158435950807
0.914790659577055 0.19261977367893
0.926233072675127 0.17419458386996
0.921128948192699 0.182414698714623
0.920004546573851 0.184225020014422
0.925199518038526 0.175859825378592
0.913698666179577 0.194379861394618
0.922365774325223 0.180423709605176
0.923757797150499 0.178182116520875
0.91048965850567 0.199543168771681
0.908081308784151 0.203423279415973
0.926918322946593 0.173090728039667
0.86901985260812 0.266254596057274
0.909660621935369 0.200880557665491
0.920308629899424 0.183735934260852
0.914809846363132 0.192590611865424
0.364586123728832 0.762014214448996
0.92064307535236 0.183197696330898
0.928871452322372 0.169944770734617
0.916187048298973 0.190373578287233
0.925199518038526 0.175859825378592
0.918842675992821 0.186095960224937
0.921832755211856 0.181281599972122
0.917029638367404 0.189017440469936
0.928453568320241 0.170617781022492
0.928453479688288 0.170617923775899
0.917322166384825 0.188545212443061
0.919201466783556 0.185517964801978
0.930171271029613 0.167851237778881
0.924238575500283 0.177406479786991
0.912999323011654 0.195503718894241
0.918633031226864 0.186433664181705
0.918484048044235 0.186674228778609
0.921875394247926 0.181213743430695
0.92291549622495 0.179537304796289
0.910744014570854 0.199140046713469
0.878160726998273 0.251559734784169
0.895706950669972 0.2233372819723
0.913962136402114 0.193956422580106
0.913420880930569 0.194826485582255
0.927234792935686 0.172580907947214
0.926598108556841 0.173606480059927
0.917276201537645 0.188620021138481
0.91711504064753 0.188878184787479
0.869312244738098 0.265773008264513
0.924357798606323 0.177214875273799
0.912726826938451 0.195944744451426
0.915286925771708 0.19182199827012
0.916032863411051 0.190619670316645
0.906195868729581 0.206460272440116
0.906381691752746 0.206161201923504
0.918710521348131 0.18630895689366
0.911743597073204 0.197527083835693
0.912930524161412 0.19561670005717
0.920791998793713 0.182959791861461
0.905312954293273 0.207875710859504
0.924578533999042 0.176859592473305
0.917696423379923 0.18794154794117
0.908772463319088 0.202309094560775
0.919155013788526 0.185593716564081
0.92526527654085 0.175753813880628
0.925394070213571 0.175545395548119
0.911914524536951 0.19725011916784
0.914187052095265 0.193592822232468
0.923517858960708 0.178568699076848
0.915772585846176 0.191042025775689
0.904364523612616 0.209406913412797
0.873201383324358 0.259527932267312
0.9050765010228 0.208261430229325
0.918767665868685 0.186218704336268
0.923826164018897 0.178071822813272
0.923516818646588 0.178570375280318
0.896687506159315 0.221759993463177
0.903499733999944 0.210798358585567
0.918731779485129 0.186273994946987
0.907720295369218 0.204003733361716
0.914061102561043 0.193793900113678
0.908285152787541 0.203095189348867
0.904655559404669 0.208936062239086
0.906285868750737 0.206314895884813
0.89864956045014 0.21860107496232
0.928448300738311 0.170626265218742
0.927946165295521 0.171435225000013
0.927625644510024 0.171951285825619
0.920090770521974 0.184086966475413
0.909003980492605 0.20193493741393
0.911012809564438 0.198702660503492
0.907278606982818 0.204716787161655
0.902298440728889 0.212728941888996
0.911866569797537 0.197330139087064
0.926371573929677 0.173970990633713
0.917071193159227 0.188949704509767
0.902352674151674 0.212646394775007
0.925364933492195 0.175592516497516
0.919908615624853 0.184379030703431
0.924134296103091 0.177574495585597
0.911757652742508 0.197501500146515
0.89664526293441 0.221834115181655
0.913377975947859 0.194893129280962
0.919294429979576 0.185368095861182
0.905375351527486 0.20777426090311
0.925860731837863 0.174794052684813
0.923911382453484 0.177933239593397
0.907595463906718 0.204204729892219
0.901026695954567 0.214774714396424
0.899881673821334 0.216620632413607
0.925430790495114 0.175487297052968
0.912761108368218 0.195887756850514
0.913160960209285 0.19524270104829
0.912875384117259 0.195702725191165
0.919837307333512 0.184495046331821
0.914004190872422 0.19388712082912
0.900888469413412 0.214999217559506
0.903880948145867 0.21018605486806
0.922253633900843 0.180605508123695
0.906595748040224 0.205815904637924
0.914688505390056 0.192784602678513
0.869197634703919 0.265963545745891
0.921871104077109 0.181219260019572
0.915296350379405 0.191805991685669
0.903418327394185 0.210929477997648
0.914765816153509 0.192661236528189
0.896912041203539 0.221395218085644
0.903840849589986 0.210245452116145
0.900412336739168 0.215766872838283
0.925589292751964 0.175230875425442
0.912885580932476 0.195688799873654
0.912996631564997 0.195508771525807
0.9196710504909 0.184762551332
0.922443604081199 0.180298963499419
0.923762144033556 0.178174871877757
0.927019962855825 0.172927329217674
0.919905830387511 0.184384602250921
0.91176634597094 0.19748729944916
0.923022131926746 0.179366368050407
0.916777209533159 0.189422764654592
0.915454673263705 0.191552226751364
0.924763544370997 0.176561323380351
0.910588523332643 0.199385342002911
0.908655961755164 0.202495282766434
0.915260429971385 0.191864451891865
0.906207184777087 0.20644037565171
0.912829201855926 0.195779644160038
0.915553038670126 0.191394383245584
0.902934264000713 0.211706438742323
0.907801262111713 0.203874436817908
0.905661315246347 0.207316067018629
0.914375396937959 0.193288231646681
0.922116013822675 0.180824678105306
0.878723802733096 0.250650869442608
0.908452458266665 0.202824107673773
0.915817910607548 0.190967486622144
0.924900859970108 0.176340379850578
0.923752850638911 0.17818871801427
0.921798615578352 0.181336765726934
0.924349894706379 0.177227914752819
0.924413389861375 0.177125897883161
0.921003790356273 0.182617181261266
0.921068261557285 0.182513450408118
0.923105292370665 0.179231766173898
0.905902942721222 0.206924697259488
0.920308350911591 0.183737151818839
0.924442574543177 0.177078628266205
0.924448143236072 0.177069658467793
0.922539965231135 0.18014286202884
0.917882526391738 0.187642926611278
0.914886258312333 0.192465297794179
0.917740943451226 0.187871427878834
0.924531773892952 0.176934829103473
0.917366146471432 0.18847546633977
0.919711726773092 0.184696556192464
0.922161791354129 0.180752404274247
0.920577925902298 0.183303332456391
0.927067005974397 0.172851096666275
0.92232682440643 0.180486385980608
0.902970979999972 0.211647710761458
0.922517824985219 0.180178478814276
0.904885707668517 0.208565015123992
0.919624059838437 0.184839129485941
0.89841903246257 0.21897739267109
0.908866455248326 0.202156186031245
0.921666542944931 0.181549895517826
0.925481685769097 0.175405155922795
0.909346865404086 0.20138348627981
0.921797660810224 0.181339707080147
0.902153434641482 0.212962180032274
0.923580359524104 0.178467654584392
0.92431945577745 0.177276423403069
0.921669505034004 0.181545127524231
0.918567425857211 0.186540437400048
0.9044273976248 0.209301949748878
0.870557544169931 0.263781447989632
0.91165286433418 0.197671813906009
0.923473793634612 0.178639364938882
0.924219942579264 0.177437374532393
0.91525528920163 0.191872541970895
0.909361677372883 0.201358692954637
0.905618436761107 0.207383067966116
0.92220860584913 0.180677443287445
0.914295929882757 0.193419430832115
0.928719332469591 0.170190034835852
0.925481685769097 0.175405155922795
0.897517249825272 0.220431661029438
0.900372053727433 0.215836402065562
0.901362218739862 0.21423599292719
0.913823248568266 0.194177502298447
0.927685673355428 0.171855080976011
0.919034456496268 0.185787607039219
0.907896508202253 0.203720226774077
0.917919008282552 0.18758346354894
0.901871623402942 0.21342221175072
0.920105377462093 0.184062607422187
0.927734101533067 0.171777076610125
0.907320121436075 0.204648125049999
0.918123558735143 0.187254116622575
0.918662852628386 0.18638617136516
0.906698899017637 0.205648312156753
0.918960049410325 0.185908158121822
0.904036718968599 0.209933681523906
0.917913087575147 0.187593111783244
0.920115853404006 0.18404573118959
0.907529068512411 0.204313512878468
0.920486066274526 0.183452575474169
0.927683667021964 0.171858418216268
0.908330716884661 0.203023337594264
0.914768143476454 0.192660312227859
0.916732247868942 0.189494726984305
0.920730796283045 0.183056806583207
0.920917804518095 0.182756153674346
0.911262748241878 0.198305255917631
0.928054751313641 0.171260624095168
0.928128086580671 0.171142491044612
0.908813714515492 0.202245577043887
0.918753513524564 0.186242098171065
0.91806083723409 0.187357714795382
0.9084956750336 0.202754605964607
0.91994059347805 0.18432823253994
0.89887245709341 0.218248492142372
0.919896674414251 0.184398507288913
0.873682860343965 0.258750699400773
0.918147013984593 0.187216607899217
0.877743692351401 0.252220245970613
0.898768311600549 0.218413294126533
0.914663071764564 0.192824625398846
0.926618504600029 0.17357419950671
0.92047635672188 0.183468109218484
0.899903771058878 0.216587603029142
0.907708738395898 0.204024220460601
0.918440121452253 0.186744729544226
0.913571739399585 0.194582595579501
0.925816515879668 0.17486611117615
0.904436552084333 0.209285517222942
0.911053054589295 0.198638718689311
0.924326322838442 0.177266696425184
0.907869408097347 0.203761703266032
0.878461987249038 0.251062258775345
0.927889483901402 0.171526883611909
0.918860849768162 0.18606714038087
0.896049830913296 0.222782867076683
0.910981677327889 0.198753919109658
0.905592982471657 0.20742804230835
0.91276723142052 0.195880325467733
0.905371597269254 0.20778279005643
0.909580215009947 0.201007154177947
0.909322352353771 0.20142236851931
0.868536126216001 0.267024850923009
0.899440084818586 0.21733360727517
0.898695696886143 0.218525079049178
0.920169036690227 0.183960433404888
0.872971784994015 0.259893163958037
0.362766935205118 0.76283025368541
0.29950728316917 0.791255462836268
0.327704329872482 0.778590932436394
0.897607310613176 0.220278702952095
0.897607310613176 0.220278702952095
0.348250721963737 0.769355430079583
0.370219725492121 0.759473637164437
0.386969647518575 0.751934251556406
0.916046732526887 0.190598779471921
0.357994072587782 0.764981640658296
0.316172783010367 0.783773628899599
0.316931512031396 0.783430925849506
0.360707049070878 0.763756536638808
0.364389076921823 0.762098840745027
0.916136761637888 0.190453293287968
0.332205800935871 0.776568332809989
0.916136761637888 0.190453293287968
0.384983931426308 0.752830549300524
0.392370584533313 0.749498255675695
0.914749556618633 0.192686111337744
0.924244862057309 0.177395842321936
0.924385080960049 0.177170645539797
0.92351760005522 0.178568929783848
0.899821268738182 0.216715090670542
0.904882640164524 0.208570962668822
0.922175518280792 0.180729006182712
0.91581296952487 0.190972656655882
0.918737921802064 0.186263917064425
0.900956093833166 0.214890582764297
0.922520769002682 0.180172731411812
0.910419274753821 0.199660306848645
0.363809818893625 0.762361850792705
0.913536391251736 0.194639409920988
0.922461403272703 0.180268581531963
0.919850823721555 0.18447382914629
0.316020972643783 0.78384074218028
0.908221812739965 0.203196281198263
0.922160914181423 0.180752656450928
0.915598493711263 0.19132231052345
0.922010367912126 0.180995166611131
0.915630862980092 0.191266089495176
0.921483877360767 0.181842880590549
0.923040209388439 0.179337631962539
0.921504520893872 0.18180963148483
0.925923232947376 0.174693399362571
0.925724378929964 0.175014097923633
0.928259478681103 0.170930619014886
0.925670265379459 0.175100454745054
0.922204841793167 0.180683525111193
0.899135070334271 0.217826594583962
0.9248960347049 0.176348971193516
0.910391463470789 0.199704601148726
0.903463666284344 0.210855410751241
0.91990397854456 0.184387705963019
0.925408192568508 0.175523100738042
0.907782951086352 0.203905105301134
0.920940253573494 0.182718024846256
0.923971897697947 0.1778355928184
0.908614260447215 0.202564839124344
0.929962363092492 0.168187716261838
0.91994351849594 0.184323852814371
0.915163099757518 0.19202338933682
0.925670265379459 0.175100454745054
0.925990047575707 0.174586273017412
0.919915886754022 0.184367082268343
0.921195626436284 0.182307283634784
0.917960720691538 0.187519275345067
0.918161344449608 0.187193051773559
0.919309617804581 0.18534480046106
0.922163589253499 0.180748658323464
0.924345446627029 0.177235203427529
0.899227552534247 0.217679856324255
0.924504110435971 0.176979668909081
0.924171766798568 0.1775147630614
0.914719524695985 0.192736462089008
0.916822147341014 0.189349234738615
0.922650948189918 0.179964047482293
0.915894751334072 0.190845503290448
0.92315035148669 0.179160389700377
0.922008549608514 0.180997973983387
0.918585114941025 0.186510410757461
0.918413074895762 0.186789684385583
0.927073834287435 0.172839897212924
0.925048748910279 0.176101776301792
0.926150600779803 0.174327764814089
0.915442401398656 0.191570987784192
0.917407182776331 0.188410122644536
0.868995159693547 0.266297126018918
0.924155968149369 0.177541038546182
0.877954080699789 0.2518865366875
0.919386562491446 0.185222285885249
0.915969509649546 0.190724526305738
0.902697662024461 0.212085745634166
0.913176959068312 0.195219464435393
0.908216435817483 0.203208342772864
0.909055693860454 0.201856304146834
0.926044634698829 0.17449737648137
0.905498413757073 0.207580279594656
0.923897218648306 0.177955941942494
0.925650476388082 0.175133466529404
0.925267499567539 0.17574978115201
0.92139458356315 0.1819885364372
0.919724718359696 0.184678257057065
0.927936545184025 0.1714507751416
0.915549770813374 0.191402070992648
0.921646694934417 0.18158103445356
0.920202397571791 0.183906219795259
0.919035438658079 0.185786200511432
0.917638001089058 0.188039299734046
0.929962363092492 0.168187716261838
0.875411843023301 0.255971399970066
0.87244515002319 0.260739370465813
0.909867769187394 0.200546234252087
0.917454514703318 0.188332578290018
0.915545703514387 0.1914051002215
0.906075175301341 0.206652492422024
0.92599855747808 0.174572699990549
0.920058203351286 0.184138689323949
0.901072751817879 0.214703988345245
0.90208680277982 0.213071020208037
0.867865453603062 0.268098374930402
0.898824751755533 0.218324753429012
0.920976003887655 0.182663724921494
0.922643101715427 0.179977074533159
0.922664683731976 0.179942523300171
0.921634482887465 0.181601535386804
0.921299612596321 0.182140978482558
0.923245162751524 0.179006836556815
0.904586410214482 0.209047154755737
0.907631811038523 0.204144934509846
0.907979398914318 0.203587646893413
0.922773783005121 0.179766686937727
0.926004493476848 0.174562888011297
0.920441392800266 0.183522023254572
0.924457887601302 0.177054543295856
0.929258072857119 0.169322057339135
0.922670990167362 0.179931549408596
0.924854413046165 0.176415483524766
0.916274821451804 0.190231718641228
0.919818184998283 0.184523879152329
0.911994861486685 0.197124392525349
0.922105672489079 0.180843080322786
0.918063580083838 0.187352522051877
0.917565976346589 0.188151848380371
0.923884917607287 0.177976505697467
0.910128149237195 0.200127237193608
0.925351702881251 0.175613494167817
0.872611897742639 0.260484624994568
0.922679656993717 0.179917416462565
0.897581612348931 0.220321043249941
0.920824007145429 0.182905737658481
0.903136891683187 0.211383835968908
0.91738841223348 0.188440479689586
0.909595928627639 0.200983309942389
0.913469721377656 0.194748061270637
0.927762724463771 0.17173089872985
0.872023161305669 0.261429449803695
0.908368008949953 0.202963987852664
0.923081280452265 0.179271130926356
0.917698590896879 0.187938892832094
0.92176719402652 0.181386756430851
0.90139580403834 0.214184809489105
0.929258072857119 0.169322057339135
0.926617309864592 0.173575377238458
0.923207885102494 0.179066907446279
0.923199922987655 0.179079733376454
0.900058914876034 0.216336911077988
0.920404673210734 0.183583641543337
0.918013853483096 0.187432633298007
0.927156680588505 0.172706934379071
0.915751392855726 0.191074146337338
0.924146648061822 0.177554166116493
0.912610003547602 0.196131515903463
0.916370139685749 0.190077076603262
0.915048922513723 0.192205732609673
0.902826285830492 0.211882595166894
0.916309688522067 0.190174883636859
0.925101616391349 0.176016255235609
0.920419647370446 0.183558910575968
0.913868226653044 0.194105679032331
0.924005498279351 0.177781520848729
0.919841021388438 0.184488584591321
0.905761854281652 0.207153471579723
0.914360933628021 0.193312112987931
0.899445749404237 0.217328160847124
0.929253369150448 0.169329633474884
0.915413641709151 0.191617781405242
0.913909254503136 0.194039943046212
0.919921277173273 0.184359319600385
0.912733560785615 0.1959316922652
0.897915145256403 0.219786044280733
0.929920836440316 0.168254604014491
0.903649437105382 0.210560416425017
0.918774371097759 0.186208078529946
0.919190840603694 0.185535418591794
0.918881276103232 0.186034406280047
0.919725074477553 0.184676162249019
0.915884532082036 0.190863477423385
0.921362831593884 0.182037428559892
0.91254751016004 0.196232466697081
0.915413641709151 0.191617781405242
0.904755345924465 0.208775760871466
0.915780897435534 0.191027887861913
0.906938683141327 0.205264500417708
0.899772509653953 0.216794518473767
0.868322827154799 0.267379398572055
0.92377360062052 0.17815581718329
0.91874686370027 0.186250820651392
0.909579929913875 0.20100916240267
0.916697316178286 0.18955100296725
0.903962722985331 0.210054350775071
0.919743066823537 0.184647628545669
0.90092796749461 0.214935071534646
0.926266589564379 0.174140231026254
0.910310897984921 0.199832422625833
0.898673052083757 0.218566502533703
0.921570323961934 0.181706074610374
0.915333725641597 0.191747370861868
0.897746143034881 0.220054509287522
0.919096855981449 0.185689742648018
0.916349886006369 0.190109393745765
0.922844025949871 0.17965240799993
0.915021382460199 0.19225202571884
0.903028900154595 0.211559580448699
0.917662491125246 0.187996265487294
0.918308928825121 0.186956523012155
0.913131180803679 0.195295596379587
0.923831453073839 0.178062159713232
0.925699123751847 0.175054468786242
0.903728394763203 0.210427267963173
0.868302642907761 0.267402989367484
0.909961713412423 0.200395167908298
0.925293308357304 0.175708330611098
0.911197414666708 0.198406963476281
0.923162782342886 0.179139681569505
0.909951382552561 0.200416222626977
0.923680399812541 0.178306248326882
0.924726083518509 0.176622582990554
0.911244560824629 0.198331695541083
0.911099571945868 0.198563275163663
0.898613320377633 0.218664655743494
0.925416320912949 0.175510638763404
0.904683552873448 0.208890369758764
0.929264389806279 0.169311882830781
0.903285520966126 0.211145109449094
0.928471604789809 0.170589119027339
0.925759737208956 0.174956355710874
0.909422271869667 0.201264245252653
0.92201524040789 0.180987455726722
0.929393483053567 0.16910388752416
0.913493446371474 0.194709105521655
0.911403998776215 0.198074223196985
0.918158000140022 0.187197697817546
0.898006591830105 0.219634909576589
0.911496085835502 0.197927890849712
0.87723283807734 0.25304633397765
0.911035938504852 0.198666446554766
0.922277145354269 0.180566234633147
0.929249335954444 0.169336129645382
0.921730554068691 0.181446122401209
0.914674006164929 0.192807303721519
0.913980753808025 0.193925404911253
0.926030219292372 0.174521676572086
0.910996226383048 0.198730120486449
0.929935566680096 0.168230877902418
0.92600247985157 0.174566131343861
0.918801607518078 0.186162412893179
0.917521016948961 0.188224828561536
0.900974194686974 0.214864302249458
0.929142900902585 0.169507687313604
0.918675228474249 0.18636661835447
0.927729772670119 0.171783977094194
0.911307522314181 0.198228999934284
0.914736487242545 0.192708702679915
0.9149123698076 0.192425074758484
0.914503747488411 0.193083286572502
0.923332332183777 0.178865947291973
0.917475958792527 0.188299293001253
0.923297803630929 0.178921130279882
0.898234979514377 0.219274098069915
0.91108092985354 0.198594544478105
0.910422854005505 0.199653629496284
0.898866615655558 0.218256452423409
0.924354912150837 0.17722042949722
0.922203776194581 0.180684149322644
0.915808673095663 0.190984850134484
0.929082121768486 0.169605636895946
0.906539933209001 0.205901215879745
0.89888873248191 0.218220800938267
0.914037288264184 0.193831528796008
0.928920241692807 0.16986630085383
0.925072653091328 0.176063587028386
0.89577900250892 0.223220356051113
0.913049517147815 0.195423835469089
0.925988025427533 0.174589398109016
0.900891142699822 0.214995371483911
0.908937008032814 0.202043460727109
0.918544286282697 0.186576987151236
0.919684452366797 0.184741069732274
0.925101616391349 0.176016255235609
0.927125799064796 0.172756792879189
0.92033076693776 0.183701242025641
0.917345940751293 0.1885063859856
0.92281666661168 0.179697239751656
0.915459645053178 0.191544224577906
0.870134709370334 0.264457235876987
0.915551877895967 0.191398045124016
0.91213547573126 0.196893236545517
0.872337845996806 0.260916406434649
0.909611504691917 0.200962513484768
0.911424605629773 0.198041338695781
0.90874495445879 0.202356751345344
0.921909600774753 0.181157807912533
0.922201785079472 0.180687935746359
0.917768523254242 0.187825302247797
0.918029310675908 0.187405788029885
0.908811363207425 0.202247378099538
0.921909600774753 0.181157807912533
0.918100985395654 0.187290645441094
0.901686716972003 0.213714958469984
0.910303809556154 0.199843539099202
0.914250293101538 0.193489927745118
0.911373170533532 0.198122388947426
0.920453039283361 0.183502661752438
0.927501124128619 0.172152247578927
0.919920921256218 0.184359986922042
0.91824918789676 0.187051672919845
0.920166883395715 0.183964252221419
0.921515126218831 0.181793857499676
0.919804953647125 0.184546992149817
0.922039081740222 0.180949957306728
0.924438124599955 0.177085877391812
0.925391951436955 0.175549320108028
0.92624952500555 0.174167898965763
0.920264714935159 0.183807371044848
0.925835099802586 0.174835366784901
0.915321535644219 0.191768738308441
0.908722526395361 0.202389570007602
0.924031124670176 0.177741202689844
0.926023877151672 0.174531362787383
0.919854858811829 0.184467495840647
0.923565064234937 0.17849171294083
0.868971359866832 0.266324394693017
0.918438383489811 0.186748365081015
0.926287463593525 0.174106768794587
0.92625134145275 0.174164966144289
0.921259553141046 0.182204877564755
0.923033335578761 0.179347987730669
0.921118791148346 0.182432404017643
0.9137385631837 0.194316865039139
0.924012933590289 0.177770259286755
0.926287291720139 0.174107047038742
0.92649753247537 0.173768365079526
0.926406161023814 0.173915748035353
0.923004664835318 0.179394050435317
0.928417056206965 0.170676561026802
0.918884191664951 0.186031022954453
0.919482249902615 0.185068681247898
0.898552358226483 0.218762125434855
0.922377379081883 0.180404225129712
0.920537584189605 0.183368012405598
0.916417632630008 0.190004548435387
0.878269861509133 0.251375352849514
0.912552891357847 0.196226237525067
0.897525586224212 0.220409503080292
0.914131650521325 0.193684442445174
0.917373391034321 0.188462724318843
0.899947682069525 0.216508731423614
0.922378733428974 0.180402044791065
0.923308765329703 0.178904191108855
0.921862958823724 0.181232297240167
0.910224232858077 0.199973815252832
0.92065645469592 0.183174797617932
0.918160927617727 0.187194871821489
0.878123727525867 0.251615649947941
0.908807036918151 0.202252336125329
0.903928126258685 0.210108849839549
0.905572011121325 0.207459053995386
0.918514239174541 0.186626565830088
0.914111317832391 0.193716476806045
0.90571447404818 0.207230496392454
0.898484448081029 0.21886603217671
0.923852039421068 0.178029175072979
0.920575248637968 0.183307510125997
0.918431357006664 0.186758421283994
0.923714482864575 0.178250646113079
0.906718979923296 0.205616054842152
0.922678998387955 0.179918806514834
0.915177628707359 0.192000575369975
0.911241912506975 0.198336671179488
0.916739446468499 0.189485098055982
0.919137085936999 0.185621959163131
0.92076174130271 0.183007804686633
0.925078761377884 0.176053980763734
0.904770995075834 0.208755761807176
0.921701183338287 0.181495083993506
0.923084484514443 0.179265080859118
0.911073968935923 0.198605688196557
0.923044322073961 0.17933025723166
0.920999431468416 0.182624321715204
0.921700855316657 0.181495613001997
0.919723300272156 0.184680526498638
0.923742886860815 0.178205119417332
0.920950398347729 0.182701850772854
0.926499732839544 0.173764821001151
0.898244012452759 0.219260970639835
0.923239884727977 0.179014632122048
0.921488596489696 0.181834801024747
0.926497914843499 0.17376774972567
0.916654006312482 0.189621640937436
0.924366041077456 0.177201935955824
0.921734123261911 0.181440820062043
0.919030534902436 0.185796502448669
0.922228511161279 0.18064450296603
0.920974666504632 0.182665196549246
0.919525544083369 0.184998936062965
0.91667373534166 0.189588992067533
0.921887746611212 0.181194416168531
0.914480627524144 0.193120642635612
0.92210101805653 0.180850771630947
0.901758211687607 0.213600820708659
0.923308953500572 0.178903630295265
0.917485418474281 0.188282442394687
0.927122026648824 0.172762434708591
0.918225905084291 0.187092156074664
0.915629665593178 0.191271169738788
0.920799386485387 0.18294626286631
0.907121902667027 0.204967431937204
0.900631012667683 0.215417891343745
0.927534543226193 0.172097853643445
0.899729364643113 0.216866672778888
0.924513916820517 0.176962628566666
0.926222131659257 0.174212428860805
0.907398921479768 0.204519908173433
0.896181322048455 0.222576032130609
0.905770926460141 0.207142753698968
0.923042060782476 0.179335187310617
0.923956372852166 0.177860826858153
0.925170640575455 0.175906464134218
0.898420546050751 0.218974126751962
0.903946880246325 0.210080026696721
0.92163291249378 0.181604479805922
0.92712061045862 0.172764715678246
0.920997627412663 0.18262704393193
0.925308971000942 0.175683215312278
0.927534522127142 0.172097887624588
0.917822529202432 0.187742347441885
0.913730372341946 0.19433118225828
0.91121915602833 0.198372863272611
0.921017021233098 0.18259582565908
0.921174300406907 0.182342551233422
0.925685852975735 0.17507648773552
0.918434947097753 0.186753983952735
0.927850380437781 0.171589405412545
0.918960256909674 0.185907968123526
0.905303913386056 0.207893411198912
0.919278465405787 0.185395634049418
0.909963505527495 0.200394807740472
0.923175139334033 0.17912063147246
0.924901236926389 0.176339593894781
0.918333455150164 0.186916121645673
0.906695348897656 0.205651235357726
0.917664797379938 0.187992285959082
0.920229032568992 0.183866086746489
0.869628315382307 0.265267665811734
0.917899842378638 0.187614893856442
0.920887944555943 0.182804564015049
0.905383904525459 0.207764564375172
0.902498621521104 0.212407333226818
0.922119625352197 0.180820303558868
0.909359778175063 0.201363629326634
0.917965321474856 0.187512467079535
0.920640350653604 0.183201974957566
0.923462387720673 0.17865726557155
0.913307204620862 0.195010187847441
0.923667157332003 0.178326590998933
0.926206542267503 0.174237139880733
0.913658322030306 0.194442444004473
0.921537892630582 0.181756165318133
0.902729710155637 0.21203569430146
0.927672608977781 0.171875979863938
0.900411922935675 0.215769134978091
0.920310970847668 0.183732425535734
0.904485873183043 0.209209122511122
0.916555356664535 0.189777344939797
0.906167436546408 0.206506282549818
0.923013699895421 0.179378834573521
0.924567403710796 0.176876799793277
0.910061330169028 0.200236175529894
0.916805833265666 0.189375805529346
0.910243978582339 0.199940298191863
0.914210232265546 0.193558636558846
0.926138914953304 0.174346127169412
0.927121058569291 0.172763993944843
0.909650099259042 0.200896684293188
0.921013198370404 0.182600163459192
0.872029976412405 0.261403738456704
0.899719477462894 0.216883349201597
0.914969257371049 0.192334088242535
0.922056657963574 0.180920895767542
0.925338274910666 0.175635761241763
0.909823934360575 0.200615448925956
0.927121051791928 0.17276400510477
0.921102725420788 0.182457171528466
0.925209962075127 0.175841616499116
0.909455088993241 0.201215347220016
0.915983066057483 0.19070024569396
0.923257328377095 0.178986860843283
0.921142083913037 0.182394435972971
0.901161371386815 0.214567300851876
0.906597236191836 0.205810707092755
0.904133742330082 0.209776064530157
0.915263816958575 0.191859080485322
0.921539550904921 0.181754197425719
0.915602649419822 0.191312712851982
0.876703138652152 0.253903755507558
0.92489510582848 0.17634915557913
0.910692691782339 0.199218664470059
0.91478780080531 0.192625296285485
0.925528354551787 0.175328854057862
0.921529377738338 0.181770062072285
0.898790468199393 0.218382014186347
0.910418455804704 0.199660415282181
0.909488476185457 0.201157644391692
0.908221734209292 0.203198097463086
0.913645252439549 0.194466357518393
0.923410677982297 0.17873991761615
0.914241578242453 0.19350453025828
0.906479759403579 0.206004557449754
0.900636861960582 0.215402279826308
0.927152902437658 0.172713262658343
0.898948053060486 0.218123579381825
0.925380800395372 0.175567354038898
0.914596540291017 0.19293567101759
0.908689507932628 0.202441049885035
0.920444442225764 0.183516587352741
0.898790468199393 0.218382014186347
0.869697062879337 0.265177423031696
0.915351738193012 0.191718164908977
0.925528354551787 0.175328854057862
0.902401162785469 0.212565961260108
0.927851236856244 0.17158802607675
0.908223372827667 0.203194328446653
0.911389735714877 0.198099957710298
0.900637495701466 0.215401259906961
0.873053421790079 0.259758236092198
0.902607764315924 0.212236276571621
0.926103430497809 0.17440293008684
0.920803678409526 0.182940136731122
0.898590601728898 0.218691896333009
0.905340416369263 0.207835542357461
0.876733311191418 0.253856567710029
0.903042979452834 0.211529604428756
0.927181764825089 0.172666351845711
0.904785468914346 0.208724138317471
0.915084822835337 0.19214811994575
0.921858451176981 0.181240344724681
0.925807697562885 0.174879903457007
0.917153679261215 0.188818052216263
0.921024652144469 0.182584133042282
0.908461087913288 0.20281048192786
0.920166594460174 0.183965598255462
0.91629330066382 0.190201213080563
0.879184476676061 0.249914274197518
0.912521779804416 0.196273826788378
0.924202166298127 0.177465913198521
0.909510215463381 0.201124974653739
0.913381378987018 0.194891736742725
0.903744140064043 0.210403319240427
0.917484361462837 0.188284144400666
0.907424428203224 0.204482589004817
0.918318914275504 0.186941003921118
0.90219805331415 0.21288877199589
0.917149821240515 0.18882391632619
0.917437969265001 0.188358637427824
0.911796004620445 0.197443854105526
0.909606228188888 0.200971786259331
0.918473159163971 0.186691482801647
0.902891729858642 0.211775059500518
0.911005445326539 0.198715281611077
0.898169542734876 0.219378541758528
0.922049824803218 0.180932072110039
0.907174982208212 0.204880918750555
0.912887016454753 0.195685093944778
0.924141358599198 0.177563800676325
0.921325417697323 0.182098176718268
0.916820383286901 0.189354439199198
0.911880018528366 0.197306443941637
0.910204157285718 0.200004419005444
0.914501672444998 0.193087261275649
0.913001673484028 0.195502465201299
0.90683968089897 0.20541937194035
0.870074436576224 0.264548990780377
0.89677968373081 0.221610372242003
0.927680309576555 0.171863402051767
0.89678603769149 0.221603747526324
0.911467239540327 0.197972131619382
0.922575276128653 0.180086707320072
0.923928183307978 0.177906823483111
0.901342221261993 0.21426464403963
0.90729924262117 0.204681831563919
0.910644770368554 0.199296712989404
0.905824342726106 0.207055450309509
0.920216138299074 0.183885284963859
0.896093818994351 0.222711981835672
0.92683911251584 0.173218310073152
0.899751765855363 0.216828046292932
0.900564904587554 0.215519005676202
0.917484778679702 0.18828347259244
0.912333721920589 0.196575698517887
0.917939927067604 0.187549521739644
0.870292714306151 0.264194336634839
0.897446077964299 0.220536959935611
0.91003164812258 0.200282292012852
0.916788150563227 0.189405931064953
0.920652229079164 0.183181585881102
0.919583361048567 0.184904767979204
0.909964827563342 0.200391658004614
0.915350304165707 0.191720474007245
0.911309424187585 0.198226128180197
0.925454983385571 0.175447139040409
0.927426852877766 0.172271631467592
0.903606767564149 0.210627041044325
0.919610918855382 0.184859669857477
0.919649993113791 0.184795980054094
0.923957262799628 0.177860121151122
0.906053036230764 0.206684136491892
0.904027946196212 0.209944587464655
0.917978654434355 0.187487974091573
0.915361457472109 0.191700416305904
0.923857212849035 0.178021187177292
0.912857605015366 0.195733403967364
0.897975433978126 0.219683325679887
0.922193076930282 0.180700324679221
0.902413622919447 0.212545639945207
0.920908934238398 0.182769306820431
0.919844403634656 0.184484594108732
0.869070452467253 0.266168970411621
0.914788783630138 0.192623093107382
0.876969032394468 0.253466936850498
0.918328111530082 0.186924596673617
0.916168595531167 0.19040272259051
0.912869861199476 0.195714177380239
0.922031075074097 0.180962099551309
0.920460374878077 0.1834904349871
0.910215627092765 0.199988543038062
0.917694199532103 0.187945412923529
0.91380229426056 0.194212191197146
0.91380229426056 0.194212191197146
0.920986571514788 0.182643728423813
0.921826102298549 0.181292812766016
0.922328856903944 0.180481268846404
0.921694715223432 0.18150269239577
0.917469666018202 0.188306802492421
0.922404953637428 0.180358990376344
0.916315379374999 0.190166513143673
0.922831754345158 0.179671592374108
0.913979178768041 0.193928415657303
0.91279738460112 0.19583099712281
0.905000442905436 0.208381197012977
0.918120015847312 0.187259104192707
0.921731802759232 0.181443096436972
0.912779396701044 0.195861598881215
0.922803593453529 0.179716937274136
0.920041532777482 0.184164924211668
0.91347294652887 0.194741879765302
0.922485308265583 0.180229694334756
0.879630214290195 0.24920267181545
0.914587287693602 0.192949156800995
0.903660963630209 0.210539069018529
0.902692694390428 0.212101617912818
0.910893505997801 0.198894977077603
0.920959628539114 0.18268839535898
0.914108751833352 0.193718809435282
0.912086511445959 0.196975083939254
0.923401778579928 0.17875420169659
0.912784913366859 0.195850651239108
0.91740367029533 0.188411858645077
0.912981781747842 0.19553348069135
0.919248922710602 0.185442386257104
0.909687989889317 0.20083398379083
0.921409956920514 0.18196106702896
0.923204364659008 0.179071694830965
0.920540957688197 0.183360608168
0.900820677020097 0.215104211095225
0.90613899295915 0.206545511830231
0.916124223746098 0.190472055802897
0.910137071053781 0.200115044270793
0.915476424230214 0.191518159796825
0.870998560260351 0.263074904075569
0.90801715026233 0.203522774486287
0.913832999823196 0.194161236844986
0.924553934869739 0.176899056019095
0.914378116431505 0.193283421890315
0.923401778579928 0.17875420169659
0.910205255563791 0.20000384306385
0.921803839643253 0.181327616027793
0.913835567049233 0.194160755751396
0.919063334568865 0.185741895115016
0.915936506027609 0.190774790180864
0.907903636589559 0.203709065125486
0.908825957904155 0.202221718245677
0.918210322676484 0.187116323447466
0.895747841243723 0.223270403598675
0.905274505213672 0.207939487892166
0.920008528326679 0.184217337555147
0.869371763142049 0.265678967242062
0.898473094229528 0.218885454832415
0.872571475355499 0.260548537752331
0.906343764139362 0.206220584431075
0.872134510857145 0.261237689352965
0.899768386280414 0.216801184623284
0.906180384263264 0.206481225220303
0.906968546599754 0.205213797601036
0.912772095404503 0.195871051417905
0.902037076720608 0.21315084868865
0.900896515481663 0.214989026201739
0.904889106302808 0.208560327674914
0.897772120405005 0.220015492317839
0.905417345035741 0.207711853257387
0.913235368090765 0.195124640788856
0.924182576099458 0.177496324713012
0.903892123792305 0.210165120908695
0.904492893176659 0.209196551294487
0.917513297096066 0.188235461872253
0.908778150913029 0.202296750532392
0.910425974871986 0.19964684163503
0.905274505213672 0.207939487892166
0.905760678553758 0.207155614182429
0.918831012592179 0.186113455474201
0.901611542603257 0.213831688422569
0.91373857014019 0.194315211031711
0.92006864006172 0.184121443169722
0.924539414667702 0.176922489967368
0.906213700810077 0.206429267743928
0.91326645728944 0.195075927215934
0.909691567949045 0.200827614394208
0.901641988199487 0.213784385532914
0.920474027457798 0.183470250694716
0.908794442688979 0.202274984683108
0.878802992625801 0.250525308946385
0.897617373100731 0.220261791611368
0.899851570045015 0.216667952717459
0.89688622090317 0.221444900589567
0.876943471344768 0.253510624455943
0.92087260268374 0.182827861064809
0.904809227529847 0.208689363353947
0.912802015654804 0.195824896424857
0.912135894119946 0.196893016515538
0.879604782712591 0.249235494508025
0.925592679350786 0.175226811585527
0.913345531673102 0.194948244967351
0.908916143026452 0.202078635654253
0.873624522889286 0.258842156269741
0.876997479427389 0.253425564768004
0.903456703267428 0.210871977601599
0.897969353410996 0.219695440983928
0.923397490729114 0.178761107387911
0.92438230901677 0.177175235734688
0.916103222726725 0.190508441225428
0.914667355506067 0.19282004688143
0.907574895534704 0.204237932867268
0.924547025209352 0.176910232295293
0.89811135915962 0.219468997210911
0.898430543247732 0.218955810342872
0.913006047902528 0.195493449693024
0.920225395474358 0.183870149389377
0.908606709683779 0.202578111536155
0.902274077652587 0.212768233900889
0.896678256679826 0.221773290454398
0.921088226292868 0.182482376201597
0.913668355121622 0.194429090458618
0.901637691829861 0.213793810180008
0.918091162721918 0.187305458721783
0.89881170846273 0.218339695380245
0.924938843243069 0.176279327812479
0.911541353204906 0.1978520554894
0.921828372558411 0.181288800678238
0.919181754105214 0.185552704069251
0.920435969874825 0.183529770454275
0.911060750186086 0.19862731643326
0.902983928245705 0.211624611176777
0.9204831669385 0.183455465701255
0.898902136410884 0.218199724794263
0.900759817499967 0.215209071086193
0.902269271594445 0.212775966113427
0.915114127605307 0.192100389066674
0.924595594211692 0.176831852557857
0.919629783398802 0.184829071932316
0.902539188490678 0.212342755018494
0.923530701988692 0.178546637417826
0.89624462527264 0.222471966522824
0.913198284003549 0.195183090459616
0.918976729067827 0.185881019462159
0.899116772926048 0.217849234117891
0.923195360388941 0.179086890159933
0.924939698892482 0.176277949875097
0.913176028079185 0.195221786603277
0.920247140682607 0.183833981353301
0.873036887559502 0.259797113268658
0.897317409983549 0.220747118602883
0.903787479882386 0.210335488501961
0.906416478594586 0.20610025137007
0.89825190514931 0.219244778843542
0.917516711704851 0.188231309494179
0.871272695153116 0.262633831486046
0.910720869948654 0.199172402479354
0.902574481755882 0.212286070737666
0.921888384436277 0.181193326625988
0.895954809070395 0.222939463247002
0.901125482578214 0.214616854415346
0.918073744464188 0.187334955817207
0.876383681456785 0.254414782311594
0.918190136773666 0.187147271843524
0.908885866925366 0.202126098028711
0.922346015404661 0.180454509353814
0.871525136153785 0.262226429236424
0.919537222218315 0.184977473946593
0.924084978036851 0.17765435887897
0.91176877526075 0.197485975720845
0.924429541188156 0.177098544160604
0.916553235824628 0.189786018649382
0.91690089341422 0.189222180003587
0.902000472639568 0.213207512923027
0.900929557882783 0.214933820781867
0.902179995851636 0.212923258804718
0.902364190720861 0.212625940570659
0.919170092699173 0.185570155982302
0.899237896155906 0.21766216791948
0.909185054891599 0.201647238776443
0.918751096450795 0.186244415571103
0.90076671652853 0.215190996543692
0.897871605976537 0.219855289616457
0.913671768394328 0.194421574587331
0.919537379479517 0.18497693401336
0.919006674273464 0.185831752770801
0.915821194975164 0.190961918785641
0.916111452596064 0.19049457060004
0.906659920192128 0.205711579482341
0.917351893927513 0.18849717997278
0.922555527621164 0.180117521212487
0.913877997222669 0.19409011211538
0.913374501085028 0.194900477039461
0.912724656849901 0.195946327700093
0.917548884208719 0.188179493962986
0.920914700881746 0.182758881328921
0.91498143254882 0.192312072784234
0.910110042679907 0.200155228944286
0.869286966885385 0.265818156125969
0.869713012798797 0.265135334509177
0.925174886179602 0.175899264103486
0.876080120882097 0.254903533622857
0.920471141755987 0.183472962158253
0.915035271250938 0.192228181107
0.924340291793729 0.177242668066259
0.908342103594503 0.203004872476468
0.916586067088126 0.189730451625922
0.872555023352343 0.260567770387148
0.921965036320161 0.181068577949186
0.922854371310663 0.179636362832127
0.899618887207655 0.217046366867407
0.868056826950112 0.267783720385357
0.920783597224317 0.182970718885597
0.904261577680161 0.209572709580676
0.868020558728505 0.267863729328805
0.898571147362336 0.218731642695924
0.903621774138468 0.2105999570596
0.921925276970337 0.181133075117495
0.914064903386584 0.193790268244693
0.914979313237116 0.192315258515897
0.9110594707893 0.198628825206536
0.91516422106098 0.192019360245072
0.916872480680891 0.189267209615676
0.867963234485435 0.26795312416189
0.898656180603974 0.218591320112075
0.904760675101825 0.208765778483778
0.925327558346218 0.175652677457695
0.911017300085944 0.198698198998169
0.921389504432781 0.181995679103808
0.92435794523995 0.177214234828208
0.905739764731151 0.207197812386626
0.91560387665967 0.191310937685727
0.897083176087782 0.221120268598743
0.925322614605615 0.175660639958231
0.921983672762694 0.181039066052593
0.905634259911213 0.207362982198663
0.919531188211085 0.184987592164946
0.912499777747479 0.196308950316451
0.90642492506776 0.206087842516836
0.912432116702908 0.196419409301712
0.91057308168086 0.199413490189576
0.904297391946534 0.209512474124037
0.89829462943261 0.219174866540138
0.912472069350681 0.196355645846804
0.907270719219027 0.204728978181771
0.903339089073383 0.211057053009855
0.916585897968687 0.189732268329022
0.906279919418018 0.206323799188346
0.922313313316207 0.18050652980713
0.910475204030451 0.199571379367247
0.909772079291881 0.20070378091094
0.907270719219027 0.204728978181771
0.918838288811711 0.18610385366083
0.913530156831684 0.194648787157718
0.914274817115461 0.193453401010058
0.909676833329874 0.200856882517996
0.910747969680334 0.19912911708676
0.926030850662378 0.174520445900363
0.873841696053595 0.258496423498408
0.920385518562896 0.183611822944285
0.906603133776525 0.205805250373588
0.907476673694892 0.204394479661685
0.903644735938749 0.210565862801563
0.906963804576798 0.205218659043555
0.919926652211639 0.184351402261556
0.926894983183173 0.173128472180381
0.918555814702074 0.186558245802714
0.899781271221381 0.216783672293635
0.918846676804633 0.186089331208099
0.916815300339617 0.189360210650762
0.917305855965841 0.188571259242093
0.904353178260141 0.209423302499109
0.919554025172873 0.184950164536604
0.91124549951633 0.198331217483036
0.874751746830287 0.257027959750845
0.906251143523496 0.206367914096288
0.919297489146617 0.185365174509765
0.911642217450755 0.197690107938799
0.898993352807167 0.218048889783458
0.912677878897194 0.196021832302841
0.900656411294006 0.215372011931267
0.876554351643394 0.254148332187975
0.904686231563848 0.208883179204129
0.899065044430518 0.217937108869692
0.913542967699836 0.19462980643501
0.897361138572207 0.220672518818578
0.899363119718635 0.217451425049503
0.909252284021698 0.201534977996225
0.909631602533467 0.200929838505589
0.926858090357796 0.173187896647458
0.916419485154964 0.189997901381198
0.91798759426041 0.187475178477325
0.917194915292802 0.188751706966833
0.90357595988991 0.210670008803444
0.913364672364341 0.194917267020482
0.876002225046632 0.255026312954822
0.899248861081042 0.217635233700027
0.914226456009495 0.193527246143805
0.923137583847138 0.179180652502819
0.902023194355479 0.21317458670105
0.898442646360888 0.2189352547803
0.909774944405285 0.20069430310363
0.900731472585196 0.215250337390042
0.912548332931114 0.196229464275404
0.926077605953157 0.174445216799091
0.918421278848254 0.186773847287502
0.877306339829147 0.252928465692192
0.90267374880714 0.212129322996441
0.871214929349032 0.26271469642172
0.90737025209872 0.204563944188766
0.924483699364506 0.177011453701824
0.918814651179277 0.186142371984695
0.899972540208818 0.216469943086481
0.919273763937819 0.185403138210585
0.925505745233049 0.175365521169312
0.918218040976983 0.187101344325875
0.90173225009816 0.213642755914738
0.869309826821906 0.265786256177415
0.898129706319888 0.219436949733457
0.873762278385049 0.25863222315432
0.87388954227825 0.258421525044829
0.909885713370179 0.200520482493997
0.912046315616844 0.197037541705039
0.909520221437008 0.201103324264021
0.924606808368835 0.176813135755853
0.908893372084529 0.202114557104612
0.918532083852585 0.186597299843359
0.91915318286317 0.185595922166907
0.907860787524179 0.203774648869099
0.912180975048529 0.196824239598018
0.91152409492037 0.197882118775052
0.876427051616032 0.254341127718032
0.911347708458142 0.19816249788205
0.908670247786969 0.202470529472919
0.909621089011464 0.200940829003593
0.915358322289901 0.191705035543303
0.91758713330737 0.188120847233405
0.907536061498851 0.204299432403845
0.878790850757213 0.250538161119248
0.909520221437008 0.201103324264021
0.901811275939965 0.213511804193943
0.87152870178861 0.262219869023691
0.907935670661563 0.203654588667109
0.919378738248597 0.185231946925655
0.926499789584302 0.173764723292163
0.911964852933434 0.197170819486364
0.91909460251617 0.185692904877692
0.897197670747908 0.220941909185036
0.904462547300003 0.20924383313688
0.897506024051022 0.220440690567292
0.925679328478021 0.175086720351294
0.91045239175438 0.199602262091496
0.90922146702938 0.201585501437682
0.871317110162359 0.262557149658243
0.899646161340055 0.216996163580324
0.916218892065567 0.190320666460318
0.900617668919285 0.215439480863063
0.926471304303505 0.173810870479481
0.899047943952378 0.217961437968692
0.90629219953749 0.206303019717083
0.906170159095089 0.206496096503594
0.903183038339774 0.211306964432406
0.902037503381999 0.213148543630206
0.90232300581978 0.212685689543187
0.904994945692425 0.208392178361776
0.921476457135287 0.181854580267952
0.925853130759101 0.174806219269202
0.921412535393847 0.181958961598881
0.877478936280924 0.252647813954304
0.925662526718276 0.175113783584477
0.921096462770255 0.182466454823319
0.920146563777435 0.183995838946106
0.875033291770755 0.256588656420422
0.900839894692591 0.215074978196979
0.909196324133821 0.20163044876908
0.916963294277151 0.189124827242255
0.89842521482202 0.218964028440896
0.901446374641855 0.214097846737606
0.911505510877501 0.19790973090982
0.901960753318874 0.21327021976352
0.249115299025622 0.84619637701846
0.253728630558744 0.843827509182771
0.253728630558744 0.843827509182771
0.22400788366111 0.859113850808447
0.221206565517196 0.860560676147061
0.192829338271799 0.875132138705151
0.222826574572067 0.859723779564826
0.218063531206698 0.862168556291169
0.2331154854719 0.854430393095865
0.186343267446265 0.87847151375938
0.186923084979305 0.878172022444188
0.209701633267828 0.866464564760286
0.209701633267828 0.866464564760286
0.241840832894722 0.849944349815652
0.210016671255652 0.866303659356938
0.204817736241047 0.86897567873859
0.18813974723581 0.877545332710569
0.18823288375126 0.877497868096415
0.188424108021172 0.877401074061565
0.201598270655338 0.870629714527176
0.218843687736702 0.861769535037509
0.222458361889407 0.859912876730192
0.195243533964929 0.873892397158239
0.1775621979376 0.882979192013007
0.187073555397358 0.878091429001278
0.240603626996528 0.850575180685571
0.228614268249513 0.856743986985888
0.182706267358767 0.880334012392034
0.202447017211441 0.870192674115713
0.183002567046415 0.880184785689324
0.220747719609527 0.860782785897706
0.189257864152522 0.876970037015739
0.196926787745415 0.873028496442551
0.204025447702999 0.869385293586309
0.189458956319283 0.876866281379016
0.176827793320851 0.883355275815114
0.18598868646518 0.878648884376859
0.183319660116335 0.88002130618688
0.199745919729976 0.871581138359586
0.198127229008514 0.872415785661787
0.187886226252443 0.877673792233593
0.24544867802995 0.84808301107186
0.184163484629582 0.879587598113983
0.237844254980384 0.851999729657683
0.217629605356821 0.862394701720584
0.230271195936395 0.855894052110524
0.198556988506832 0.872192072664585
0.199532292696821 0.871696711963802
0.18897096199171 0.87712000939948
0.181009965434983 0.881210464842685
0.196079702020772 0.873468037465121
0.188151221424841 0.87753802091692
0.184163484629582 0.879587598113983
0.183400915232993 0.879978457518082
0.178986994129745 0.882245875631123
0.198478479256064 0.872238441269785
0.246588971701235 0.847497315093478
0.192983878201674 0.875059988404176
0.185985478849555 0.878648944530558
0.180386848030158 0.881530152546628
0.18900758212161 0.877100097439023
0.188269842222016 0.877476422201058
0.21339968048479 0.864566153100046
0.18160279306173 0.880902228604659
0.191460893130208 0.875840004752648
0.220766569807635 0.860780748175027
0.210896500431633 0.865853830986187
0.174022683733932 0.884796447246112
0.182431351633154 0.880475327271744
0.216962059741536 0.862732597973647
0.194708005239667 0.874171695299369
0.187179148102945 0.878038062276997
0.231215464596537 0.855405554279084
0.187319359325024 0.877966856415014
0.225183985227922 0.858510454622734
0.216534748664157 0.862959623989152
0.208311530482498 0.867182523378983
0.182762863593395 0.880305396123854
0.187782832020318 0.87773072766943
0.188827917593199 0.877191957553555
0.173941641825589 0.884838994098258
0.208311530482498 0.867182523378983
0.218052706642499 0.862172054523027
0.198658751276355 0.872137605074147
0.171058337186178 0.886319822703718
0.187445280459342 0.877906364214969
0.176474888305959 0.8835378203231
0.204046765784269 0.869371383193456
0.18272510310812 0.880328734187519
0.168689109178753 0.887534461954378
0.176735928142946 0.8834037583881
0.163982931591122 0.889951948860944
0.178972383377256 0.882253035432709
0.167476913541701 0.888157299250504
0.248738205902028 0.846398336611461
0.176996634567944 0.88327048830337
0.178732395049506 0.882375901135716
0.164988201398109 0.88943596254949
0.180280488200805 0.881583522905401
0.171046544824429 0.886323187528962
0.191442267782791 0.875844625706553
0.200035042050353 0.871430603507795
0.194398403024706 0.874331513496475
0.190740412581741 0.87620680583845
0.197400987070758 0.872783988878444
0.175271061764866 0.884154819297587
0.173299614027376 0.885166716722947
0.195786018147992 0.873617772490721
0.183370316964064 0.879994859635173
0.190021404984968 0.876573929340361
0.18160042111663 0.880903547487317
0.177193916939588 0.883167111488907
0.219515096132703 0.861422578784221
0.205060094998347 0.868852378052536
0.217556786206153 0.862430510850529
0.255003487375574 0.84316987799627
0.19268951393003 0.875205834054988
0.200158120950344 0.871367364222895
0.195013995675291 0.874014227447702
0.186080004447546 0.878601372915272
0.186982995197891 0.878139106711496
0.197528929909026 0.872720301167927
0.177198203261644 0.883165431562683
0.213756841326694 0.864379705222124
0.174722724566187 0.884436543715253
0.19379955449411 0.874637476532271
0.203325184546211 0.869743861920313
0.212751102430509 0.864900004112972
0.169605825217886 0.88706587077783
0.218020921162766 0.862195794530248
0.22473388861775 0.858744736406373
0.185839249011646 0.878725420821768
0.18858562678722 0.877315743080101
0.188391543131589 0.877413329552506
0.186113797326209 0.878582957214608
0.181782011024623 0.880810452375839
0.186676303496462 0.878298055180114
0.235885167115564 0.85300589133951
0.184258321246875 0.879536536699414
0.167871418640513 0.887955280507591
0.157400725266926 0.893332261297113
0.163444219328602 0.890227744912085
0.177082240103794 0.883223725738002
0.196947964037821 0.873017416243409
0.171394385259272 0.88614658692829
0.206585128161673 0.868065804150582
0.202998275426919 0.869912097472864
0.181897614011312 0.880750941527414
0.185534111662155 0.878885147730864
0.206863271397774 0.867926707794296
0.172633225471195 0.885509143467824
0.185576486136408 0.878860339443942
0.183924966644356 0.879713369343983
0.185375293305083 0.878965063479996
0.196965760919982 0.873011715757238
0.185194754809739 0.879057781558719
0.216112363378693 0.863170148084996
0.162431513005313 0.890748378584044
0.194460127922845 0.874299744110945
0.209054989647784 0.866801087943151
0.180139945957748 0.88165386329486
0.184337910042465 0.879500756343415
0.195280602391568 0.873872081452348
0.176148452769452 0.883703414432246
0.17854345560787 0.882472924751223
0.193687156538935 0.874692041895564
0.187325291639289 0.877961876721584
0.159040059311978 0.892489917556149
0.156155370382472 0.893971495437886
0.164490715444274 0.889690481457743
0.162890331429731 0.890512818333575
0.168575155005744 0.887593076048034
0.188441485498166 0.877387549799997
0.165857266020626 0.888988646194655
0.188858140595727 0.877173449659771
0.187066318258818 0.878096629100481
0.173205054250623 0.885215806983516
0.168500518329894 0.887633209627713
0.183401929233327 0.879977605247637
0.193586573202926 0.874750212320059
0.165538295956854 0.889153857613618
0.181329036722218 0.881043020716886
0.190041762317211 0.876570126562628
0.184246255507142 0.879544850017841
0.18492497607959 0.879195824576656
0.237689238865816 0.85208460949155
0.205981762549583 0.868371227698641
0.156984921263592 0.893545860175473
0.202087561803389 0.870377760344802
0.163007344112275 0.890453855776984
0.175351683714011 0.884113923696361
0.17035343515282 0.886682010701888
0.192017385480116 0.875555360654429
0.194785788822621 0.874132850812192
0.191268555944489 0.875938292991495
0.198930772194311 0.872004154486722
0.191593260593418 0.875772828552841
0.185895689045868 0.878699328182589
0.184184886516068 0.879577748932437
0.216068064042521 0.863197917297569
0.16738987097634 0.888201446083563
0.172455842750428 0.885602996909516
0.203403782589716 0.869704912125265
0.204287033368155 0.869251082109323
0.207988456846418 0.867349285646896
0.204243725525223 0.869273699682916
0.165892406575829 0.888972202621676
0.191355922419432 0.875891149797282
0.191456856175646 0.875841966656309
0.17178867003058 0.885943584983265
0.173920025230296 0.884848808005486
0.214751942766005 0.863873578554896
0.161370291303078 0.891293904324682
0.163910422590038 0.889988983119469
0.175514097017895 0.884027905549295
0.186042489764228 0.878620708013127
0.195726474404922 0.873644646372386
0.199591738711312 0.871663961602066
0.171547816947976 0.886066219106461
0.167714734836441 0.888035784109054
0.174412478101174 0.884597567989387
0.204940483048653 0.868915757903633
0.193011403094266 0.875040536230378
0.1819137994864 0.880741594307263
0.200070574784549 0.871417799550238
0.170557256975333 0.886574535416362
0.19058337957474 0.876287387015972
0.238009961629715 0.851912297273438
0.170228619913693 0.886744414598092
0.175364498980906 0.884107813444503
0.19755222546615 0.872710744057871
0.15938122273171 0.892314972808739
0.212967757060026 0.864793052061196
0.19290461487385 0.875094963255851
0.16303659165442 0.890437011064434
0.179922192865674 0.881770163796649
0.183548572810232 0.879901483908924
0.180525541112111 0.881455385860958
0.21069083527294 0.865953986454101
0.185706903628816 0.878792964130278
0.17521136121727 0.884186678042095
0.18721748532596 0.878020124058656
0.210528968373082 0.866034054538512
0.182207180965916 0.880590765115149
0.173896761152601 0.884862782537801
0.204665561246146 0.86905876278324
0.222984839209366 0.859643245459996
0.161355702229627 0.891301243207709
0.255846716200131 0.842736207107152
0.216309572908543 0.863071258309092
0.176787901123977 0.883376865708696
0.161745676619958 0.891101306339099
0.189377577667373 0.876914775732893
0.189452505264221 0.876871367163063
0.194488312693622 0.874286050505149
0.218156975557303 0.862127345279209
0.196277900680123 0.87336493541034
0.216073455382063 0.863195212360823
0.224799495159306 0.858713117245658
0.197009732152829 0.872988779769402
0.160566660507615 0.891706972479194
0.249778793425409 0.845863909680672
0.167706195836501 0.888039190245717
0.185745288070386 0.878773755819149
0.226403315985582 0.857884117996782
0.16096981059136 0.891499727694876
0.248061915498742 0.846738286941387
0.162273299187374 0.890829404097614
0.176056478712149 0.883751928048482
0.248700560626552 0.846410808458917
0.196281089888254 0.873362371929463
0.179637647773345 0.881912362495303
0.170952156721866 0.886373664119063
0.181908229944473 0.880744434025511
0.174688385721749 0.884453654065112
0.226225296754902 0.857978281728851
0.190408337372547 0.876383840791802
0.184514076775521 0.879405987866246
0.172752037162827 0.885446825480959
0.197707298480904 0.87263036332644
0.176935003935341 0.88329956413567
0.186312004485528 0.878484292484577
0.176266451903317 0.883643865184793
0.200955758031408 0.870960299886577
0.176175385560329 0.883690082417785
0.189707847909524 0.876739763612674
0.169601046694374 0.887069520403002
0.176175385560329 0.883690082417785
0.230866737945189 0.855577421641486
0.226720603543292 0.857712931129397
0.238768436928823 0.851525209093694
0.206088070709429 0.868322933026493
0.241405869026249 0.850170448252652
0.203797590737879 0.869497300356176
0.222229119730014 0.860025764902187
0.207216831402769 0.867740058091871
0.200453725842006 0.87122139024747
0.192804237655088 0.875147878045411
0.236532012917203 0.852666098826255
0.168999944776389 0.88737433292038
0.179386180313427 0.882039007447999
0.173160264072425 0.885237793367004
0.221700323178856 0.860296041854296
0.191178578103481 0.875981376687015
0.239875929341692 0.850950700377834
0.200039334187521 0.871427915879456
0.174713191883203 0.884441081747586
0.195369450724815 0.873833676245726
0.256254838091521 0.842528087503974
0.224837793482644 0.858685052303342
0.244875890430344 0.848384908700053
0.17702161691802 0.88325575658165
0.166337360932231 0.888742206106537
0.236448401919161 0.852709949335208
0.176214406711396 0.883668899536736
0.220269779625855 0.861035259316477
0.231970161317192 0.855011759043016
0.225348650164821 0.858426564202408
0.208987984503517 0.866827858351538
0.187826169520182 0.877710788912825
0.226621534739011 0.857764763615238
0.192211725631648 0.875453509979066
0.255259083078645 0.843040330088789
0.226560439298286 0.857795753997699
0.244748932674482 0.848444307788772
0.240231576394499 0.850775551553577
0.245818256982181 0.847889843696946
0.236675882216364 0.852592315735363
0.185972028411459 0.878656865888659
0.23321264689866 0.854375004949708
0.181441862760271 0.880985009954433
0.206295355661342 0.868215833145801
0.172063322400774 0.88580238802661
0.183498622493541 0.87992869486892
0.177639810878071 0.882937500856663
0.255259083078645 0.843040330088789
0.193934753503785 0.874567632102582
0.182956737601616 0.880213301290523
0.208338869014154 0.867169116849572
0.173956448687762 0.884829650829089
0.193384608687072 0.874850515578833
0.203094865814912 0.869858439669401
0.246541418457526 0.847520443073599
0.234029924629515 0.853957299061794
0.246541418457526 0.847520443073599
0.160864137326699 0.891553492605215
0.183435844560624 0.879963411061382
0.225685305875055 0.858256161429314
0.225049443766919 0.858578694502335
0.193636405016929 0.874717823381112
0.210545114186459 0.866030730911935
0.255259083078645 0.843040330088789
0.204027623153626 0.869379385407523
0.25590151501523 0.842712976850249
0.174188557913506 0.884709738778954
0.165203972622507 0.889326108291628
0.252654126783155 0.844385237518175
0.162340279037961 0.890795278058157
0.253781649079259 0.843796244455165
0.201417606003381 0.870724230033084
0.17481959306608 0.884385506932644
0.160650393913868 0.891663668304679
0.205696276371508 0.868522166547804
0.186766212461303 0.878254118643882
0.165635990512254 0.889104915221926
0.231819992748752 0.855094380611375
0.154266713944742 0.894941961990908
0.246911684388043 0.847330632447133
0.171698957884116 0.885990453257014
0.23515895256139 0.85337462953635
0.168458115723108 0.887653092731718
0.176076626591757 0.88374553772596
0.176797515681307 0.883369347090262
0.2420784350491 0.849822175489171
0.241948241314249 0.849903727590661
0.234624779611347 0.853650570140244
0.153171475354062 0.895504263629686
0.247701553676498 0.846933778176735
0.195894951661824 0.873567776842069
0.247680000096425 0.846949473457359
0.182582102714627 0.88039793072419
0.246223190118703 0.847687530936735
0.179677922938573 0.881891811144427
0.18509451748126 0.879111045361603
0.152117204360933 0.896045605070528
0.180446003376549 0.881500929550927
0.163154711831427 0.890377978525285
0.179891108288255 0.881782566696624
0.159558092348021 0.89222512547238
0.181016189185076 0.881203030556571
0.154266713944742 0.894941961990908
0.167441706466848 0.888176726672694
0.174682324795236 0.884459961871413
0.181561025019907 0.880926211618041
0.17560206646673 0.883986067450352
0.171618221739021 0.886032425161233
0.184839085634663 0.879242593913462
0.216208915272016 0.863120403318491
0.213289747261739 0.864618807545095
0.168929014234186 0.887412839949658
0.203738139071002 0.86953089271346
0.204160288421947 0.869319434358876
0.208736638728508 0.866968647183564
0.180742567869285 0.881346604340891
0.175569755661778 0.884003352006821
0.175546686274679 0.884014672917438
0.173703561096703 0.884960844114965
0.160648217814792 0.891665532286276
0.218932211293028 0.861722496871047
0.215231217113884 0.863628753897255
0.174094001075427 0.884760544573572
0.171521810841928 0.886082741470625
0.183831149134876 0.87976096326105
0.167612978851676 0.888089047086733
0.163411112485438 0.890247387809131
0.169081686197545 0.887334874499284
0.183300082224752 0.880031996041216
0.164316277222365 0.889782300100988
0.208402817835955 0.867129862208467
0.17657399485102 0.883489832116816
0.168487146570414 0.887640634116914
0.193264171434944 0.874914751572637
0.175570636538788 0.884000347414135
0.169791031874083 0.886969220685356
0.255224791767305 0.843061237645318
0.192222834170827 0.875449514279284
0.223801461224103 0.85922360140492
0.200651985431906 0.871114471371933
0.177384846407913 0.883072550308953
0.172044640380227 0.885812987904064
0.161199010356105 0.891382355556228
0.19893227602906 0.872003134549404
0.178241687076812 0.882631746195358
0.208829805741574 0.866921580403311
0.170014138175897 0.886855542796173
0.219493314622723 0.861434023943486
0.160241903522441 0.891874166486951
0.198996922298725 0.871972923893977
0.170322410353857 0.886699150503353
0.206729255312402 0.867999858410566
0.174535068657193 0.884534412914558
0.251098666144835 0.845184140298269
0.170223807456682 0.886748433248482
0.238550964152937 0.851632933043469
0.166674217834431 0.888570411931278
0.1679557186694 0.887912196720388
0.166363332969627 0.888731105829092
0.160791055936373 0.891591528767165
0.181508716593488 0.880950309632656
0.177803407925783 0.882855486998981
0.222436128308764 0.859920902451633
0.163742036622247 0.890076245991819
0.243854760341191 0.848902453017642
0.200816719075027 0.871027171385118
0.224016014202961 0.859112762158944
0.159536026471355 0.892236053837802
0.166289734012744 0.888768252922297
0.170647461703214 0.886529478809685
0.209784848392329 0.866425734491334
0.183150963744942 0.880113866313427
0.169644319095473 0.887044479998163
0.179706780522467 0.881877942180987
0.187770848860736 0.877737499038388
0.168415155181558 0.887676553846773
0.203434866081046 0.869685192401737
0.177162183873822 0.883185257423589
0.178813270807823 0.882337051889603
0.174649878412505 0.884475702212274
0.168905435281327 0.887425068531846
0.176924376019333 0.883306106577041
0.162706269370975 0.89060775375343
0.189146539033882 0.877028294399472
0.170367976693872 0.886673746243932
0.159905607037578 0.892046307442353
0.235805841358994 0.853041601746892
0.163922893239284 0.889983384537904
0.176489848947887 0.883532491244108
0.172188937725247 0.885738913746398
0.159481311807877 0.892263946787666
0.19810759181354 0.872426302809302
0.168609169348254 0.887576695183275
0.2086587729433 0.866996161780895
0.164460337597388 0.889707722752907
0.1826788302329 0.880350461176224
0.173295662203371 0.885171301521807
0.171699728980448 0.885989998974471
0.186843231973981 0.878213836841287
0.189980273980244 0.876602353032873
0.174110609783503 0.884753059315219
0.18303222379658 0.880169954192057
0.190209812024828 0.876482206499377
0.18387875308143 0.879735289680836
0.249699633750825 0.845902353912379
0.175234051919717 0.884175642429499
0.162460336873984 0.890734277115193
0.171170625977791 0.886262603376994
0.170076050072253 0.886825181272303
0.174280964528941 0.884663805881445
0.164767932816954 0.889549453829909
0.164959830810221 0.889451094217204
0.160872412769013 0.89154967508793
0.222017430058754 0.860134240111029
0.171472566675717 0.886106631921195
0.160455697377266 0.891764019382307
0.180087207955283 0.881682127961871
0.171524195647844 0.886081975320063
0.174407585586 0.884598679803253
0.166351823631455 0.888735554875782
0.180810098928411 0.881315094342253
0.90355904009135 0.210702831365847
0.905340682267833 0.207834619064725
0.906703295194668 0.205641067589346
0.918024446822277 0.187414290683974
0.917338751964061 0.188518047609974
0.90145124022416 0.21409413245574
0.909586738271453 0.200996712207988
0.907248771661823 0.204760806176032
0.907496832300317 0.204363960545062
0.913026241379193 0.195462163238049
0.920446450770126 0.183514347367191
0.900215192891731 0.216084723882326
0.921914489049693 0.181149256255847
0.90686032093917 0.205388391018937
0.918231607419654 0.187078919516712
0.91373220782944 0.194324093682506
0.918978744273983 0.185876634634032
0.909705338678931 0.200810010752708
0.918948748240567 0.185927033650064
0.877319448629219 0.252905374361312
0.919330657694539 0.18531120678897
0.908266145980731 0.203122391040408
0.902425946600726 0.212526581884167
0.908709211205358 0.202408066520987
0.909332441500416 0.201407931319791
0.908532626065558 0.20269703093399
0.912163968285358 0.196849280401267
0.91554754413381 0.191402083510542
0.908639598949795 0.202523664662117
0.902625171228148 0.21220697027462
0.917393115849082 0.188431501812368
0.916214239023961 0.190329131922766
0.917937952682 0.187552982231794
0.922466619368298 0.180259667733939
0.922282948028511 0.180555423714716
0.922466619368298 0.180259667733939
0.905953930213587 0.206851903247827
0.922011288693671 0.180992916522517
0.91709805380799 0.188905441836277
0.908379710963075 0.202945866923133
0.902402565163581 0.212563110866756
0.911553108775157 0.197836217019974
0.921234932680094 0.182243326314788
0.278392772899789 0.800731990334342
0.263846837150648 0.807256356644743
0.911963000292889 0.197172859169269
0.325750968925655 0.779471051739474
0.301127584712908 0.790529330053384
0.286313058278194 0.797178443547047
0.916091734528043 0.190526338347287
0.920013500493242 0.184211447344467
0.280165974522037 0.799934614669018
0.917471604743049 0.188304420887962
0.922864852247021 0.179618362024466
0.310644788422505 0.786256649733406
0.270804954176043 0.804135670836502
0.917873136718135 0.187657861180817
0.919456039427595 0.185107328794908
0.9227157525456 0.179858667268155
0.280273911517462 0.799886179732389
0.922864852247021 0.179618362024466
0.26971350314952 0.804625437394358
0.310654837036778 0.786249387578665
0.313007931968415 0.785193801628338
0.29352706971235 0.793939050082109
0.921539650654301 0.18175264966815
0.292457202737461 0.7944197107073
0.918318965010759 0.186940035509309
0.919379349651039 0.18523176241163
0.267677060803479 0.805538378685734
0.267234027527955 0.805737089262269
0.919653163723587 0.18479080631901
0.296452239383801 0.792627430314852
0.302847118696434 0.789756899882854
0.916183516547344 0.190380075899674
0.309417225725041 0.786806291173216
0.305450516310191 0.788585514580433
0.307753342798586 0.787552801723399
0.331547190885784 0.776865007734524
0.310415301529933 0.786357890735069
0.316624851178976 0.783570414815049
0.332965088199516 0.776228630515225
0.923478873088215 0.178630113182791
0.36231345869235 0.763032686227368
0.267322673754526 0.805697330644019
0.27319932624094 0.803061637411371
0.392703976459872 0.749357116569721
0.919785579360905 0.184578640343681
0.920755834367251 0.18301532946552
0.917124919153124 0.188863855044967
0.923478873088215 0.178630113182791
0.273078715732866 0.80311502800641
0.384811486014631 0.752906720849956
0.923132220990911 0.179188487989159
0.921217744222022 0.182272204852184
0.355670641569979 0.766022571834168
0.388453666279682 0.751265638524363
0.906033385667012 0.20672270375206
0.381615914912126 0.754352742363484
0.372600602421158 0.758410428365521
0.370594010441386 0.759309590009656
0.384043478967381 0.753257830085332
0.33413447066372 0.775704915925142
0.907285912031809 0.204703277673606
0.26741284832787 0.805656901814334
0.269128246284912 0.804887409076213
0.920374343533373 0.183630264437524
0.922948409730331 0.179484486543944
0.922897829682458 0.179565962227337
0.916987579123302 0.189084950066435
0.914283888515358 0.193437571711816
0.926452220232089 0.173841623440786
0.920772424645536 0.18298951965667
0.92289782968246 0.179565962227335
0.917472982837038 0.188303094337935
0.920772424645536 0.18298951965667
0.381268285987878 0.754509359853222
0.92289782968246 0.179565962227335
0.281389459170897 0.799385846127393
0.375289887135966 0.757198529634306
0.92289782968246 0.179565962227335
0.923145949956167 0.17916622201906
0.907821302543557 0.203843823221972
0.915802721277436 0.190993877195655
0.919763365660896 0.184613998120005
0.923495801958751 0.178603131092212
0.916445493860603 0.189958005668643
0.905044953074998 0.208308903404853
0.91242962792322 0.196423057542508
0.877308246262246 0.252923187326821
0.917743399569255 0.187868936729499
0.924803702586732 0.176497576367143
0.925240028332314 0.175794128898769
0.917493101627134 0.188269798856421
0.920192814665848 0.183921274316888
0.905751545721008 0.207174367095946
0.875006111107031 0.256629366137589
0.896305033783082 0.222378770799141
0.927256020824831 0.172546749982322
0.919512626161034 0.185017256440694
0.92134871950766 0.182060374113404
0.920015554214059 0.184206338118734
0.917228868210282 0.188694257132324
0.912223077773338 0.196754358316023
0.907685062119708 0.204064197849796
0.903846830185461 0.21023923529326
0.922984505949077 0.179425790628025
0.927226488292722 0.172594322017986
0.923356396527685 0.178828087348328
0.329513493386103 0.777780841340901
0.913799531500683 0.194219022397134
0.924316712879649 0.177280299457839
0.910983727973391 0.19875317012497
0.913925170741354 0.194016488830722
0.914551749653079 0.193007750623725
0.923305909940149 0.178909489402764
0.289534120928763 0.795731541570216
0.913926141453774 0.194011984285428
0.923263065968357 0.178978163767854
0.89671945414419 0.221708648809633
0.916244074407574 0.190281927056213
0.393062920676379 0.749187534016172
0.922571191153507 0.180091585893783
0.919536491132954 0.184978707349155
0.924279165510496 0.177341643128845
0.923973236374847 0.177835070318179
0.922633549406644 0.179991263366673
0.916339981270199 0.190125384429994
0.909681808224201 0.200847696851162
0.92388695482325 0.17797361356253
0.873046050823575 0.259770998822168
0.913841461438094 0.19415165841787
0.9270360715734 0.172900826324863
0.926747018460325 0.173366519060425
0.913839948199811 0.194152613152662
0.926406703760561 0.173914607886606
0.920442360137134 0.183521597494872
0.915171149859641 0.192010934047473
0.911585520495619 0.197783645444739
0.924462091519539 0.177047106188275
0.911784350753696 0.197461362036044
0.907538346636701 0.204297066499275
0.874603666114064 0.257271215815408
0.927446577450486 0.172239683175293
0.924091277720983 0.177643490162595
0.924091277720983 0.177643490162595
0.922750096932784 0.179803894541573
0.915085884357585 0.192145716942305
0.908648537465134 0.202513540257631
0.925704348691608 0.175045864686136
0.38138831735549 0.754444983632836
0.915380151014211 0.191671843677481
0.90908055763616 0.201810430899117
0.899165251580213 0.217772368242336
0.91908288288784 0.185708334967557
0.912054832207939 0.197027290373263
0.916402013831087 0.190024414403125
0.911229516848641 0.198353107645709
0.902343435098423 0.212660890338935
0.919302701554187 0.185356297577479
0.923539235459005 0.178533000290366
0.901687151191228 0.213714578862234
0.904707313188152 0.208850277013975
0.906088438767093 0.20662964920919
0.906248044072664 0.206372530070395
0.908352246755947 0.202987325015142
0.915412837323679 0.19161880198987
0.922403927862439 0.180360364916831
0.914948264804951 0.192367416210491
0.898779199085556 0.21839248088818
0.906506263221135 0.205958364828626
0.919211834252284 0.185503756778707
0.923941455845088 0.177884685173921
0.919808196031774 0.184542308377077
0.911772040816611 0.19748155556307
0.901067961910574 0.214710780112441
0.914439525158527 0.193186310868616
0.91526609528744 0.191857582273168
0.921315354876963 0.182113473230569
0.274114006569222 0.802651076258318
0.91866817453656 0.186378018951454
0.90204707794187 0.213141380130501
0.923833882150986 0.178058569225378
0.902636003896375 0.212185888178776
0.920932742729458 0.182729787927893
0.924416050765478 0.177120835940384
0.876867495873277 0.253627013285015
0.896705938183494 0.221730100420108
0.92387934919384 0.177985840177937
0.911379177099972 0.198114573617985
0.921797943820748 0.181338709492898
0.915126794502222 0.192078975237074
0.923527390162896 0.178553200227379
0.900007497974066 0.216425644040137
0.923944309332169 0.177880040629442
0.923170870942751 0.179126149824294
0.90746787444954 0.204410282630376
0.904062929240865 0.209888482860223
0.904089770853945 0.209851598791969
0.918203986938919 0.187126270168409
0.921873224040273 0.181217237175072
0.920095972404763 0.184078239293627
0.902507959022295 0.212396833409752
0.902836553517803 0.211866010726746
0.911142061689555 0.198496382300125
0.907751171472491 0.203954413643923
0.904305541677816 0.209500432452228
0.914960168776909 0.192347403897727
0.923619209694564 0.178404317726997
0.919989510049567 0.184250033989619
0.916468849075059 0.189919358722418
0.914577376623029 0.192962188406216
0.915843765790092 0.19092491619449
0.906746988746965 0.205568921676192
0.874525339619163 0.257391647379161
0.927449507395884 0.17223498098751
0.34307530455675 0.771690132471987
0.901870813104496 0.213423317530615
0.916431754680489 0.189979850321306
0.902586888828942 0.212269216810392
0.926456912128389 0.173833722560524
0.914984557774903 0.192308599467099
0.917504126947521 0.188252600961227
0.903710023473403 0.210459018160899
0.913167802286613 0.195232087907229
0.906986215486939 0.205185028381358
0.874525339619163 0.257391647379161
0.901498830904687 0.214016744454278
0.922034335690805 0.180956977268875
0.904417887258966 0.209321250196562
0.907162288425881 0.204902582605493
0.899349000803433 0.217474953411366
0.920344467331967 0.183677310257169
0.896331002974004 0.222333860268163
0.914573705042682 0.192972106102334
0.922735951109435 0.179826640846447
0.906357646489081 0.206193548320538
0.927156408041801 0.172707061829088
0.925799890345959 0.174891937828406
0.902773354929747 0.211965164231384
0.905733037535891 0.207209055853193
0.911811719822989 0.197415905817129
0.900921009309854 0.214946898146343
0.920550253143637 0.183349518043158
0.91874906950582 0.186247144009011
0.922003743633885 0.181006451466582
0.921978148672259 0.18104761308302
0.911006644509597 0.198711588708167
0.919179909740453 0.185554926866087
0.914648485174063 0.192849571121374
0.917287222258789 0.188602220196207
0.922290056070225 0.180544832918895
0.908050448112848 0.203471983433001
0.903712649416143 0.210454937809485
0.916300557058451 0.190189950187327
0.914914575995673 0.192422121781402
0.899322763524856 0.217517424333845
0.908194412395774 0.203238949752812
0.918746019326476 0.186252141989357
0.920239495274739 0.183846365107387
0.904941705553341 0.208478355942602
0.899666168452529 0.216965685361474
0.900101107073003 0.216270102403499
0.912214893905762 0.196766164009122
0.908516225755956 0.202722094149414
0.869792699006318 0.264998849438786
0.913251286551048 0.195103407047837
0.904812133290834 0.208684874869665
0.908983030669221 0.201974101575132
0.901023608239464 0.214778413814029
0.907804277133626 0.20387080087648
0.919260664634535 0.185422755153835
0.92106551461468 0.182516592067211
0.918405495433865 0.186798659894823
0.923895507422867 0.177960077202969
0.927635812733226 0.17193493276024
0.922842053448757 0.179655601992985
0.919312806710701 0.185340780810527
0.914590024484844 0.192942471194857
0.921599402132771 0.181657330131551
0.917159438371475 0.188808714106889
0.896537684584503 0.222004384638795
0.875770193933801 0.25539920296096
0.923247688342867 0.179002751678212
0.912610686153917 0.196130462641915
0.914909132845509 0.19243195735247
0.907827463952287 0.203830942199843
0.918591342195521 0.186501424567425
0.916490083793871 0.189884386627553
0.921041698572255 0.182555166013069
0.909260103309661 0.201524666141775
0.91181685208467 0.19741037660612
0.927606957723352 0.171981249771549
0.92076899357432 0.182994082921952
0.907298372311352 0.204685406833401
0.917763132249856 0.187835687347475
0.906939458353691 0.205260088320515
0.907363142780692 0.204580447405718
0.913471207546997 0.194746455931686
0.916178755381399 0.190385201517316
0.923980345298434 0.177822504779245
0.907805441579691 0.203863128588273
0.912616314467971 0.196123053916196
0.918262572426544 0.187029380787138
0.927371376294103 0.172360644866607
0.908633986886793 0.202531001343218
0.916779218988678 0.189418229308133
0.925114463132866 0.175996157611747
0.898227454212761 0.219283393483006
0.913420289146952 0.194827636748205
0.924630816228594 0.176775518302315
0.91682650407337 0.189342618589409
0.898978755888127 0.218075099617199
0.915760014357185 0.191060169216539
0.917595870554563 0.188104768415009
0.914902833348866 0.192441945689578
0.910904016182096 0.198877301292526
0.904293404161861 0.209524379718382
0.913080804713789 0.195376925478911
0.917583429232917 0.188122752706865
0.89931131425923 0.217533400689751
0.908320105206282 0.203038394052913
0.915159571966484 0.192026505476778
0.910593029057593 0.199376428143847
0.911438043682941 0.198019131313444
0.910440958251687 0.199622673405596
0.901175412921301 0.214541447111999
0.920444399733386 0.183516913066262
0.916909323878044 0.189211200650055
0.905666716306291 0.207314065201181
0.911145536658787 0.198491473467233
0.895809128131637 0.223178063481032
0.872492372271274 0.260664263374214
0.902085032665063 0.213081395357566
0.908876905515188 0.202144681965446
0.923077574307014 0.179275893858298
0.919011037260327 0.185825430011542
0.91846348548745 0.186708526773441
0.900824965907908 0.215098815152532
0.907368217052703 0.204570483006947
0.898279050388766 0.219203829106883
0.923628384317539 0.178389959765619
0.904924428454243 0.20850427026751
0.915864091909228 0.190892308297571
0.903886321858749 0.210173072702774
0.912547412155166 0.196234480844185
0.91382359928344 0.194177352908028
0.908933445002556 0.202048498222588
0.898644820111256 0.218606177285417
0.917883089974996 0.187641251654776
0.89690166651733 0.221413387571787
0.896951078722459 0.221332181831299
0.910674952809642 0.199244544667309
0.905667343994281 0.207310043621956
0.902551653839403 0.212324638322357
0.897571709006329 0.220337787475805
0.900400892167421 0.215782500518663
0.913612956488363 0.194517864587906
0.899056165620048 0.217947611472801
0.915519081877152 0.191448984982478
0.916795820411815 0.189393491193212
0.919149222673776 0.185603955655657
0.900453759484533 0.215695648023586
0.901259503841706 0.214400321605737
0.911382996987818 0.19810957804883
0.919790068213524 0.184571842671884
0.905531099928286 0.207526621641204
0.9117500501055 0.197516955131594
0.905262814777703 0.207957103394983
0.898885801098433 0.218225718534449
0.903466874332531 0.210845333850036
0.917615069945889 0.188074287269358
0.906302647967001 0.20628931629623
0.901843720379878 0.213458763502099
0.91032154197895 0.199816192564077
0.895761985414339 0.223248486384331
0.905840753109559 0.207026794101963
0.913582454276462 0.194566156765494
0.896841757259796 0.221513170251264
0.925073060128744 0.176062799864168
0.917605470385239 0.188088958554892
0.903086343848254 0.211459671735467
0.916224424295352 0.190314913845888
0.929309357872134 0.169239526214728
0.919583940599111 0.18490275719515
0.920178391663944 0.183946962634013
0.922749234799393 0.179805480152991
0.911628882402259 0.197715950710182
0.898234443546942 0.219279908892085
0.908444418090898 0.2028364052155
0.912374904561932 0.19651174300377
0.867924377125821 0.268001121573547
0.927606957723352 0.171981249771549
0.910567110385169 0.199422673080544
0.905774999246811 0.207135903686087
0.923314319921111 0.1788950227842
0.926150527742403 0.174327957943591
0.922929886398184 0.179514733855625
0.924656923055938 0.176733331391276
0.915557284783593 0.191386260483385
0.898818956431339 0.218328881643198
0.921045423027003 0.182548955486942
0.920650048996699 0.183186600375681
0.922415876280513 0.180341804969291
0.905636133418894 0.207359660188367
0.909065293036475 0.201836946629511
0.908613243853452 0.202566008451598
0.914868958094032 0.192494640722747
0.897505589583866 0.220441234028516
0.92242455538651 0.180327665339919
0.912117225112391 0.196926135501958
0.923583391891177 0.178461933698919
0.907717243346439 0.204010793685544
0.913901923218683 0.194055711625941
0.904666584913545 0.20891494680018
0.914677693827774 0.192804143483904
0.914496583687638 0.193096132781261
0.922950429214264 0.179481983707909
0.913069150144835 0.195393696958659
0.922295757890526 0.180535066822211
0.925273710609404 0.175739071143244
0.922505134614154 0.18019872113992
0.916452986960929 0.189944641446809
0.922948198395995 0.179485177422329
0.302132246191459 0.79007778129905
0.305491589440796 0.788570412981193
0.920596125547963 0.183274521810246
0.350942522365962 0.768150624564587
0.909469578616315 0.201189001447294
0.328602603609515 0.778188794921852
0.868805840559159 0.266595220256597
0.917399009490403 0.188422215716626
0.907523512366626 0.204321408482459
0.914799209581177 0.192609387658927
0.920459619582506 0.183493447638111
0.366553391359278 0.761128894062519
0.920198953323122 0.183912290189547
0.906271135908205 0.206340382907766
0.915130236427824 0.19207411462748
0.922847267521983 0.179647668998479
0.915433195303039 0.191587439376556
0.922493919487236 0.180216505613403
0.922034018135745 0.180957910578413
0.921277132771113 0.182176529354679
0.898199839546834 0.219327207261957
0.926209307154044 0.174232859388687
0.906458586291849 0.206033530469619
0.90787397521121 0.203754647361219
0.922521606669255 0.180172700691784
0.869645164326422 0.265242202930114
0.92288862736312 0.179581363106282
0.914582865365721 0.192957614415874
0.912401664460163 0.196465719424315
0.918762161659404 0.186225941842485
0.904575716325394 0.209071754396552
0.920085394338208 0.184094650567132
0.90347936876024 0.21083245022664
0.904250281437722 0.209589265000437
0.917082600146651 0.188930753632824
0.923501003306527 0.178594833228138
0.872471824216708 0.260699976352915
0.900638122558747 0.215398652217704
0.908128217228653 0.203345104298007
0.911022256678965 0.198686836297119
0.898184304977961 0.219349386640762
0.872544732014561 0.260581527394504
0.918517703488855 0.186619707891126
0.87816699637416 0.251555430325728
0.897477467849495 0.220492164547777
0.910875021040734 0.198924924549728
0.916655856044553 0.189618748236053
0.919245191497134 0.185449277199544
0.922859430030078 0.179628004636585
0.9063371096463 0.206226576242654
0.909636098375342 0.200921642855188
0.907454839378395 0.204428892303314
0.909559443845618 0.201043508891515
0.903153698583824 0.211352235689107
0.900121378209445 0.216240358762277
0.91691117829879 0.189206849995887
0.921995865352748 0.181019654146007
0.898200074828071 0.219324898751463
0.915947040815308 0.190758626517354
0.924337407626895 0.177247124039238
0.922696171782857 0.179890522589008
0.899218120579478 0.217684295019905
0.897637359879033 0.220234735926808
0.914135932668754 0.193675683540095
0.905188930468187 0.208076527826825
0.921258540320607 0.182206276467845
0.8987032392719 0.218517655297376
0.903910967465978 0.210132732138046
0.904488766481892 0.209203389999152
0.913911702747612 0.194034086357502
0.86809063506126 0.267732103476379
0.876605875455106 0.254052237853411
0.903082094579568 0.211465931040482
0.921028476239995 0.182576654813382
0.919273907829781 0.185401255561893
0.867559292216127 0.268596029989584
0.905740609278589 0.207186389751211
0.922630732497506 0.179996417949129
0.915121104740485 0.192087323559831
0.913911702747612 0.194034086357502
0.912615072869083 0.196123417950039
0.913615863208461 0.194515511094755
0.876049273566494 0.254946047360498
0.901674580303765 0.213732188220879
0.916012728984813 0.190651645282185
0.921809295401697 0.181318012049743
0.921062959733363 0.182520148203571
0.917699268883882 0.187938011047208
0.912597691938056 0.196154734342728
0.91890188146184 0.186002379705698
0.903111820250188 0.2114193852296
0.901439183347545 0.214112395990998
0.922692610733886 0.17989659590394
0.900450736603977 0.215701136475155
0.923191766231298 0.179093155780474
0.901439183347545 0.214112395990998
0.921846604942971 0.181258351546236
0.909049251594891 0.201864165037058
0.923531822599281 0.178546025489551
0.917043959602545 0.188990900215548
0.903310209798454 0.211098310676558
0.921248577720273 0.182222046647831
0.91760241020583 0.188093282678787
0.905987239362729 0.206791869762726
0.903244256121267 0.2112062485082
0.905438351955854 0.207675157398122
0.917326812184924 0.188537837890637
0.903775388018233 0.210352348784411
0.922229576903921 0.180642230389729
0.909758013706734 0.200721945680303
0.923984532462171 0.177815512805581
0.906022147507931 0.206734030730115
0.900765202412967 0.215201663130727
0.916060938095596 0.190574742916116
0.920553162575679 0.183342973064305
0.918082874724669 0.187323160673076
0.906070049510002 0.206662151013616
0.92351641779829 0.178570771387194
0.906606990670747 0.205794102110953
0.868080588293884 0.26774823718726
0.872095391839589 0.261300377836361
0.913979774155066 0.19392610713595
0.918176051301991 0.187168442828324
0.902036726397126 0.213151785949205
0.921679125272739 0.18153076226992
0.918527081151964 0.186602952190964
0.922122660524055 0.180813694859067
0.924511204808173 0.176967606997818
0.872351919648004 0.260892700994892
0.915292589729268 0.191811253539389
0.901624264265813 0.213812818379312
0.916284169551902 0.190216685056436
0.91578993091659 0.191013325976311
0.354615968332721 0.766500454164033
0.921869700417027 0.181221115940099
0.902834699151451 0.211867526400214
0.922080797798553 0.180881115815802
0.924268647343807 0.177358266120725
0.91668153701929 0.189575925682756
0.911331403642156 0.19818905456435
0.90820312774543 0.203225011073232
0.903971122617567 0.210038461640493
0.917420202122968 0.18838720040813
0.87824241331317 0.25143334899009
0.924234916079963 0.177412893576767
0.903816759598709 0.210287647898056
0.911517527530735 0.197888807399752
0.903765642500553 0.210373850845166
0.87326726517679 0.259420899152723
0.916297628234847 0.190194004248587
0.921546976855143 0.181742192163911
0.913016186329248 0.195477354861152
0.908740363441347 0.202359851385309
0.868080585700229 0.267748241355808
0.909525213189628 0.201096499412138
0.919592579493524 0.184889629340914
0.918613697402948 0.186464945279427
0.907167143928669 0.204896003215679
0.915452971960243 0.191554181075865
0.905223350911109 0.208025171470439
0.917087993490287 0.188922455188599
0.917087399215299 0.188923189761476
0.901607811153095 0.213841564321311
0.877158282600117 0.253158616956026
0.916302975198281 0.190186522981903
0.912787460543542 0.195844900507634
0.921785553150993 0.181356376944531
0.868105300285277 0.267708543969043
0.920439102582796 0.183525003516215
0.918100085238598 0.187290820457591
0.912313432821285 0.196608668670712
0.907707650198735 0.204025055121621
0.900021802766797 0.216397254214501
0.907657290331462 0.204104986190694
0.920655594096987 0.183176609598366
0.91014262843032 0.200105379301054
0.924491029446712 0.177000102030913
0.90992931939226 0.200446310135999
0.912209144812758 0.196774809896302
0.907776151447384 0.203912055583672
0.923474229866317 0.178637583230817
0.912585302749858 0.196169863634169
0.915851299842705 0.190913402025271
0.924734093427673 0.176608411782659
0.919161719775349 0.185583340851656
0.897933567766501 0.219756856286706
0.923688508457786 0.178293460456871
0.915642513449305 0.191248486771574
0.871772865355894 0.261821112162905
0.869011686953227 0.266257969267689
0.868601177178994 0.266913865929538
0.867766345078188 0.268259877684546
0.87241233788851 0.260795372393256
0.879283030116368 0.249764081725417
0.914535760496521 0.193031331964028
0.916851431384773 0.189303833149016
0.899935169451684 0.216533963701919
0.911734288122777 0.197543705466842
0.920743716028981 0.183034143929341
0.919024216799567 0.185804695024556
0.902145242425694 0.212978877143664
0.924820287971109 0.176469861477497
0.926843699920311 0.17321140563107
0.926647456779172 0.173527491093654
0.924786673387024 0.176524283986619
0.926647456779172 0.173527491093654
0.924873639088036 0.176384225949535
0.922505932570315 0.180198708472568
0.926582470338332 0.173632174166105
0.919369666013672 0.18525004958299
0.9248507438973 0.176421604327642
0.924492591466896 0.176997676212158
0.920034674322147 0.184178327392921
0.925496952930348 0.175380280350486
0.920695366939304 0.183114184005404
0.924092291920836 0.177642591295136
0.923599931453914 0.17843579407459
0.918149121373939 0.187214341354806
0.922827412062566 0.179680390884997
0.924379890292428 0.177179368598652
0.926627757264158 0.173559204765859
0.923190156051277 0.179095661376223
0.921917530120913 0.181145638033447
0.921951909323692 0.181089881197857
0.921335575864824 0.182084293457087
0.923979240869187 0.177825400919211
0.919259603072904 0.185426602308954
0.921335575864824 0.182084293457087
0.919801782107122 0.184554062335293
0.924786696572777 0.176523738222072
0.925116509866049 0.175993159316926
0.926844184448031 0.173210242464953
0.914908391469021 0.192434603546632
0.920216837765088 0.18388462357918
0.920601848988243 0.183265765325564
0.925495182643653 0.175383125939813
0.917191854430585 0.188755121015835
0.923300108378691 0.178918211742472
0.922625168786808 0.180005922221992
0.921561730701536 0.18171811437836
0.921673403426113 0.181538592292671
0.922674926436409 0.179925623700948
0.919806341633461 0.184545919509655
0.921711426594801 0.181477348454581
0.922149298496261 0.180772663334643
0.920627607863279 0.18322332035478
0.912710308171863 0.195974411207009
0.926965193961302 0.173015658808349
0.926839713928044 0.17321782430661
0.926937472329385 0.173060312827244
0.927365476523387 0.17237065080595
0.926938303248986 0.173058978316539
0.926839713928044 0.17321782430661
0.906239220156746 0.206386370845798
0.917539737924591 0.188195906002998
0.923625516575727 0.178395275925862
0.917477704676076 0.188296424409505
0.909550826962268 0.201056057268335
0.923652653246636 0.178350345760586
0.915735867010271 0.191098959041252
0.900399817486144 0.215787762086928
0.929130210204666 0.169528164307993
0.922437724870516 0.180307452909279
0.922100663759934 0.180851607896166
0.920405795204704 0.183581379831541
0.923455773667923 0.1786689208342
0.913686795317028 0.194398342044152
0.921162019911735 0.182360182369843
0.926949369431795 0.173041185320407
0.926706230865971 0.173432043448507
0.914896704217386 0.192449930159381
0.903836729845928 0.210260088691036
0.925843455325469 0.174821945140883
0.918168701854737 0.187182685143123
0.921143008876291 0.182390795801304
0.925376699079129 0.175573794580504
0.868083206060161 0.267741752550147
0.913457580539245 0.194764931661906
0.923702218241101 0.178270256265137
0.908070914115456 0.203439706275911
0.918553984799915 0.18656293578344
0.923702218241101 0.178270256265137
0.919757450353009 0.184623103344522
0.923008718683108 0.179387727640859
0.904998195654863 0.208386331848457
0.913351191056177 0.194938900219126
0.903355499990002 0.21102992659319
0.912010721001423 0.197100304498534
0.925311840706726 0.175678482925067
0.912468494634867 0.196361588910963
0.921572775278063 0.181702711029693
0.906192609069806 0.20646425400474
0.921151072329937 0.182377826769577
0.897571230842244 0.220346634982935
0.926949369431795 0.173041185320407
0.921618942199145 0.181625166680558
0.922302829962158 0.18052500483861
0.90773321046261 0.203980236377165
0.906073867430416 0.206656013042899
0.922865357415975 0.179617895876681
0.906286159415387 0.206313618020183
0.908134028761962 0.203340429315413
0.923471785984964 0.178642572266453
0.920197948658683 0.183914259935038
0.917529990551954 0.188210144554943
0.917799925630708 0.187775266568665
0.923667654133905 0.178326381863404
0.915793208951802 0.191006825289781
0.925700336890795 0.175052621214413
0.917278473649935 0.188618363940199
0.902410609339524 0.212548701871046
0.924133412232855 0.177577266379735
0.920113854577307 0.184051270930353
0.913221946582208 0.19514824716427
0.904220762361185 0.209640278632177
0.92474062941709 0.176598888727905
0.911627855416903 0.197716976604834
0.915777315818838 0.191032686277215
0.91751585596628 0.188232735118171
0.921572775278063 0.181702711029693
0.919971684352472 0.184278808813123
0.910510679757079 0.199514758227413
0.308532756203784 0.787203498581543
0.375955774474275 0.756898537894973
0.355468078918437 0.766118463455365
0.319569695600628 0.782246736069226
0.319714226569941 0.782182116514566
0.336135257489338 0.774803452773105
0.347616824442133 0.769643910852173
0.33554153351499 0.775069922977468
0.346077603433089 0.770336529845736
0.341274166891087 0.772493996626574
0.326104996070847 0.779309502759681
0.316882755864995 0.783453483757462
0.330456972292691 0.777355230405932
0.354356075296438 0.766613939780745
0.311882853117576 0.785698856063644
0.33155408251596 0.776862940677581
0.343419764511621 0.771530897673706
0.370589688870475 0.75931274782111
0.294263007046837 0.793609049871872
0.2866045565998 0.797048224032584
0.301341313513434 0.790432778124729
0.301783664333601 0.790235493493926
0.301213160775407 0.790491071505656
0.293539844304749 0.793934059197364
0.315612670626837 0.784024085073289
0.270321667955858 0.804352107143462
0.2888629805849 0.796033893751313
0.279546777673156 0.800213568036811
0.275985288487428 0.801811269876735
0.273771265976019 0.802805263152375
0.288534698884696 0.796179915641492
0.282105220327475 0.799064914688166
0.296183010765041 0.792747995009405
0.288561539637259 0.79616707627412
0.280307513472319 0.799872479260794
0.312348934347448 0.785489201098422
0.288082817856453 0.796383003431424
0.275271446776104 0.802132051790997
0.286206598638804 0.797225087618235
0.288735682100721 0.796090206302599
0.304919061934621 0.788826298786779
0.354095020481152 0.766729512183137
0.30239267600212 0.789959213406357
0.306314185138809 0.788198611588712
0.279777027966209 0.800110713614052
0.287395127927516 0.796690498532333
0.274414726640011 0.802515547014554
0.274298340130698 0.80256786949631
0.305484252113531 0.78857245146916
0.26664688580585 0.806000566747948
0.277079741618227 0.801319447559412
0.315265136923353 0.7841817506877
0.289073659279338 0.795939367399782
0.395287052120499 0.748187791375583
0.267951709177256 0.805415166585364
0.28132313754641 0.799416365415603
0.318406548070972 0.782767567673758
0.277777120052555 0.801007735865503
0.295577380966558 0.793020911900501
0.287635815599595 0.796583466741755
0.275967239184497 0.801820216532066
0.34663461486095 0.770088249375769
0.330715564971587 0.777240784104256
0.288711404128221 0.796101854390014
0.363920899726576 0.762312687751021
0.330505891020142 0.777334376436431
0.299422138188378 0.791294932290204
0.281356629021417 0.799401332097108
0.294159462341773 0.793656764593523
0.393858444227807 0.748834454088883
0.393858444227807 0.748834454088883
0.296866189733181 0.792441297964492
0.316630301319813 0.783570031426705
0.340305691530359 0.772931136677423
0.339931088510718 0.773102348470022
0.297962086823589 0.79194891278249
0.381447266343388 0.754428952208953
0.373320746285727 0.758081140373397
0.325022848979415 0.779796533466875
0.353987892687484 0.766779886688544
0.37590907403123 0.756914088739854
0.373624914221514 0.757949857782441
0.301955825979394 0.790156025910193
0.278386257416545 0.800734325870603
0.351866811879952 0.767734116568574
0.269866656758028 0.804555984942592
0.323359332737531 0.780547236217233
0.316466832546107 0.783643008757395
0.276277047151759 0.801680262090242
0.295145566126854 0.793214330254146
0.269934641444936 0.804525575412613
0.371765609364091 0.758787058803153
0.281106755083462 0.799513425372087
0.286033448553351 0.797303336501075
0.365831240323974 0.761453013698361
0.374223772649866 0.757683176016348
0.310480954383497 0.786329792876656
0.272310573584995 0.80345925469291
0.360364073169973 0.763910743989202
0.370485199687689 0.759359087917406
0.330711690099546 0.777242540908572
0.270042878403028 0.804477182004272
0.349595833402203 0.768755640936638
0.316993572199069 0.783404622939685
0.283988642100436 0.798221078185209
0.279320465429853 0.800314112546169
0.304399328184643 0.789061801682643
0.27404410057745 0.802681931124381
0.283372883689114 0.798497029869577
0.376288672645689 0.756745667128641
0.269583994239629 0.804682981253594
0.298626566102882 0.791651355106902
0.275705368536875 0.801937875123181
0.300493438801718 0.790813805802044
0.261054434864383 0.808508768968969
0.282715016142596 0.798792942725817
0.267026248639039 0.805830344535511
0.27555236778559 0.802006052695513
0.270882059987572 0.804100280831113
0.288884196965019 0.796023166701104
0.270825298659423 0.804125729499814
0.380420615480623 0.75488933425777
0.288949523435925 0.795995006301081
0.269253562072919 0.804830919577514
0.271937776856908 0.803627492472916
0.344944046640984 0.770848239246797
0.394205359856219 0.748680049711442
0.267026248639039 0.805830344535511
0.292821478269673 0.794255511438545
0.281823059823707 0.799191127004354
0.270882059987572 0.804100280831113
0.267004232345911 0.805840220213513
0.2670261812342 0.805830410156527
0.269401695814234 0.804764655004663
0.267307611389759 0.805704080077984
0.281423254883193 0.799371312627638
0.268777599286718 0.805044916669487
0.280357033490632 0.79985053768107
0.274402689695065 0.802520712686428
0.272971671795326 0.803163407637431
0.27849333211375 0.800685568837883
0.268828679620533 0.805021858349264
0.285953845234342 0.79733851268898
0.274866957486528 0.802313116448315
0.266862411374616 0.805903659961255
0.274055434021087 0.802676725327316
0.287474311281006 0.796655862415007
0.299787021495592 0.79113047641277
0.277622136765538 0.801076369626672
0.27993305847405 0.800041137234023
0.265089706566824 0.80669860556731
0.30931029167802 0.786856362087718
0.264470390347532 0.806976478161523
0.274057624575492 0.802675932947108
0.284086867407872 0.798176520444473
0.279144579951774 0.800393885273911
0.267389074836747 0.805667462388689
0.268136203906313 0.805332183915156
0.268059451920059 0.805366658504117
0.280949064511832 0.799584831968575
0.26182208288097 0.808164481292371
0.269621923188785 0.804666249391369
0.280407089814958 0.799826976961139
0.279260974201339 0.800340842987974
0.283268755204303 0.798543548974403
0.271408197656012 0.803864534374178
0.27608161530543 0.801768148823581
0.269513034138023 0.804714384873825
0.281267582412268 0.79944147983733
0.287108945207822 0.796820422153147
0.274907724857638 0.802294568326496
0.284058168148756 0.798188842297258
0.264470390347532 0.806976478161523
0.268136203906313 0.805332183915156
0.274036700351945 0.802685389262043
0.290386262178758 0.795350553701584
0.273673045801662 0.80284810870129
0.272550617045697 0.803352282056348
0.387948550063286 0.751494690272526
0.27764013724607 0.801068870290495
0.268049920061411 0.805371305244244
0.278422666623265 0.800719820034988
0.274296434052157 0.802568910164652
0.276719842642042 0.801481225105231
0.26858673288675 0.805130513981133
0.269850106885715 0.804563883833643
0.273295977406557 0.803018190247171
0.268761947399176 0.805051653957925
0.265667710956394 0.806439643477862
0.392040682629639 0.749653752352464
0.333681823658241 0.775909970882755
0.372479309639513 0.758458226146846
0.387029281744228 0.751910282424583
0.270247746472664 0.804385087567236
0.274214058923021 0.802606265657942
0.277089986669404 0.801315410792615
0.263761452785738 0.807294662589607
0.271550333085485 0.803800939155137
0.267448886751857 0.805640528460477
0.372492024611795 0.758455629149447
0.333707593991452 0.775896840126908
0.267716744795515 0.805520571846581
0.2699995596243 0.804495928794188
0.265810859911066 0.80637567388051
0.27744551793184 0.80115607595264
0.339780107522327 0.773168484656685
0.261848872006174 0.808152465017618
0.269386426211596 0.804771492561409
0.27292533542505 0.80318437625371
0.286755058081128 0.796979056983354
0.269797414282548 0.80458680341394
0.383401263156234 0.753543165451799
0.274407809739896 0.802519566570737
0.26288981038171 0.807685583435452
0.27037714932502 0.804326956984919
0.263867986688877 0.807246880773419
0.371840214963565 0.758747528136217
0.269601805470313 0.804675213332473
0.267907766751838 0.805434902704647
0.283189877760486 0.798579450583908
0.389011199442672 0.751016236797563
0.27999482430236 0.800012821209326
0.362711051997458 0.762860347095276
0.273440082910717 0.802952390117301
0.27024525204012 0.804386313410265
0.279145403094981 0.800393685651359
0.363376287917585 0.762556680025124
0.265189000342662 0.806654366167453
0.372479309639513 0.758458226146846
0.26703047778939 0.805828500724978
0.277050779078284 0.801334191199687
0.267519295003804 0.80560943146398
0.272159342496948 0.803527927908585
0.263161440318945 0.807563725984317
0.281113294437954 0.799509720024322
0.279308915048337 0.800320173984406
0.276594322279727 0.801538698698168
0.307649702945174 0.787601871461976
0.369827200701225 0.759659473063413
0.270389857109263 0.804321357544427
0.324435231626734 0.78006483720523
0.264449740362194 0.806985806278045
0.264179126973541 0.807107240247726
0.373735711727417 0.757900801866073
0.264213557717112 0.807091798771581
0.270051393982343 0.80447329876225
0.262231327772363 0.807980893934817
0.264994571901238 0.806741341784666
0.267598414025984 0.805573406260054
0.265058534105009 0.806712773404057
0.39037886999912 0.750401312353573
0.370338172247695 0.75942015984546
0.387693823019765 0.751610430392905
0.272507662679375 0.803371808059126
0.285305449733485 0.797629941753997
0.266994601735335 0.805844489828598
0.281011104253997 0.799556136875091
0.303162911679944 0.789614004205871
0.29968243301307 0.791176896922564
0.261843121654976 0.808155042199157
0.266343318023738 0.806136396216814
0.387135091000438 0.751862866135883
0.2636899100108 0.807326577615686
0.264190548263664 0.807102119328006
0.262166228454019 0.808010097513386
0.266004973833487 0.806288316328192
0.271086217062666 0.804009074921727
0.268662703025196 0.805096139911226
0.276207164199437 0.80171177723237
0.374827734931043 0.757406318665871
0.284876253772381 0.797822340325833
0.277789354173466 0.801001595866592
0.290048848502911 0.795499849451141
0.288200158788625 0.796330746706688
0.286515805710983 0.797086206697323
0.290781870419306 0.795171511014389
0.264310846082063 0.807048167795305
0.271904901210013 0.803641523702344
0.387033917489323 0.751908184493515
0.262234620057349 0.807979417405103
0.2693498073085 0.804788099751787
0.39091240715836 0.750160424632344
0.309421842443599 0.786804471253224
0.287340926965296 0.796716744925919
0.277781270888341 0.801004653942348
0.271402381026491 0.803867444489574
0.275323172290458 0.802109043175274
0.283651792680663 0.798372022322161
0.285711514288672 0.797447506446195
0.259287896417982 0.809301086557917
0.384342326916979 0.753123809830012
0.259788117169128 0.809076713795336
0.383073665242768 0.753689622423729
0.269844768485648 0.804565974543782
0.271216594991614 0.803950463801579
0.269616071542257 0.804668338827741
0.278305685106337 0.800769994911321
0.262726230915448 0.807758915418033
0.26182208288097 0.808164481292371
0.260856860108884 0.808597339919542
0.263277509072193 0.807511727668162
0.268049920061411 0.805371305244244
0.276879764333854 0.801410077748494
0.273975142786682 0.802712930302756
0.265986950281116 0.806296573025634
0.291709719221206 0.79475630193845
0.274651356047551 0.802410268966686
0.268049920061411 0.805371305244244
0.278003558259181 0.800906734833776
0.265128859204227 0.806681316912936
0.272154261154735 0.80352943416596
0.264731568304364 0.806859328721475
0.276284123713116 0.801677148463784
0.283726740682018 0.798338480767511
0.277401465220801 0.801175581674337
0.292925501569366 0.794210215242927
0.2721343274498 0.803538375106297
0.267257255590516 0.805726260142285
0.292417033094622 0.794438486483662
0.390965032000901 0.750135577559492
0.272277234819132 0.803474255123124
0.302450161718294 0.78993439805037
0.275189838386969 0.802168749883324
0.302907552562132 0.789728892645312
0.280441315137631 0.799812306637887
0.279120446101277 0.800404854666429
0.29867159521353 0.791630859231497
0.269897633393899 0.80454264643623
0.27757391051293 0.801098486307648
0.271794914063962 0.803691389756297
0.265843904810133 0.806360519704623
0.29528926939222 0.793149792988996
0.269936103872738 0.804524758490703
0.268862408243016 0.805006287229203
0.279427292696821 0.800266828397754
0.283120091096133 0.798609961774187
0.268927950416001 0.804977068960964
0.295894854270229 0.792876299917122
0.277025293390587 0.801344644087975
0.329960416088579 0.777581326728407
0.268927950416001 0.804977068960964
0.297261229305787 0.792262567082113
0.362468827303354 0.762965885253892
0.276964496845244 0.801371896173833
0.267421872605521 0.80565265051769
0.284630439885263 0.797931893971782
0.290780324726461 0.79517285733321
0.331078722632431 0.77707996830788
0.284888535768655 0.797816780518328
0.287237411776505 0.796761990728862
0.288728606199229 0.796093219422976
0.330507715544187 0.777332892805242
0.273199478736793 0.80306117405887
0.304317689020785 0.789096906827857
0.309350882408933 0.786838277179383
0.380417855116414 0.754891479960403
0.349362493535456 0.768860573339568
0.274978589700449 0.802262604035271
0.271562574843381 0.803795753132694
0.269164125120489 0.804871221107044
0.291284226372179 0.794947522502893
0.906223438893124 0.206412888499401
0.910822626398849 0.199007155247631
0.913431863842032 0.194808937480407
0.91334493005381 0.194951712064605
0.380589944308491 0.754808769863373
0.913356904811621 0.194930654054802
0.358857331451091 0.764592933932743
0.904330975304691 0.209458270589366
0.908539102446898 0.202686509176469
0.917361142741841 0.188481387733457
0.914624857508334 0.192889331148381
0.909122725437723 0.201743932704231
0.907643184869658 0.204126145321725
0.914673257497055 0.192808102354061
0.34454920839618 0.771023395246389
0.900700935503862 0.215302790236995
0.912919817232261 0.195633480947542
0.917141962132293 0.18883469598744
0.302817658270467 0.789768674211408
0.297141705323244 0.792318669498185
0.297141705323244 0.792318669498185
0.919617230808231 0.184848605230917
0.919729507524412 0.184667778677171
0.906448328651568 0.206051301049852
0.904601233106647 0.209023532347667
0.916745316054789 0.18947241114697
0.285961425831127 0.79733395020294
0.909333005422024 0.201404456505037
0.916032125913754 0.190621368319473
0.311696891467142 0.785781526822097
0.910882934799619 0.198914392937601
0.282075802062464 0.799077677624204
0.312730336398987 0.785321271685857
0.917958725196246 0.187520198145189
0.318735117579405 0.782621689696132
0.912219588027833 0.196757456205224
0.289743849972836 0.795639349107307
0.916044018549202 0.190601471718583
0.283623113082219 0.798383876285946
0.295556800042325 0.793027111961553
0.916455763313982 0.189939207070439
0.901140550529845 0.214592923277347
0.919164467805653 0.185579474112358
0.897571627318194 0.220341658679162
0.90134105160791 0.214273373436623
0.921632040020325 0.181605946339011
0.868104289313251 0.267713642243271
0.902190389697781 0.21290426297667
0.917564123887445 0.188154453025113
0.904518467168662 0.209156388704819
0.904518467168662 0.209156388704819
0.919717344203031 0.184687368626641
0.913126187391378 0.19530074779504
0.917735326798321 0.187880555003167
0.905431162202185 0.207688443953074
0.900407952824171 0.215769665805329
0.917809746079615 0.187760450725922
0.908384331034725 0.202935816889615
0.917086779204461 0.188924693475278
0.90448591215056 0.209208782067234
0.902110864317275 0.213034771544392
0.87760390760398 0.252451713441461
0.908880195914821 0.202134852454979
0.877341100212801 0.25286649065081
0.918365523995754 0.186865291167239
0.919982153235084 0.1842610905126
0.913714690596025 0.194352838659754
0.91294663232519 0.195591168816233
0.903791874674753 0.210326735449964
0.89805323667296 0.219560174050245
0.912036169588019 0.197052510893903
0.914580426664178 0.192961346871496
0.907307272431762 0.204666361491161
0.920938087178092 0.18272307255697
0.896214212059523 0.22252102218973
0.879139381225009 0.249979487125164
0.909517885607577 0.201107632193163
0.912157145991094 0.196863043082073
0.918172544479658 0.187177170307736
0.920803391521487 0.182940898535651
0.919009540200236 0.185827159180831
0.917830957541994 0.187727658886572
0.897309521639243 0.220759380299708
0.91774231583625 0.187869283581687
0.90813111964188 0.203340997975566
0.897316338136734 0.220748894635544
0.871781681497309 0.26181662391585
0.911719049360029 0.197565446242046
0.903981409697978 0.21002103231359
0.907204470079563 0.204831350424858
0.903628148364876 0.210587415695767
0.895737594119216 0.223291575730501
0.913229264021926 0.195134906773877
0.896881776594925 0.22144874181509
0.90459123637054 0.209036238621829
0.913537766948278 0.194637746073487
0.910762632120715 0.1991033955868
0.920459028779248 0.183494294661853
0.877952066226317 0.251900708074656
0.906249121078472 0.206369523526061
0.915550994429453 0.191401220581912
0.911101250810149 0.198563051315379
0.919115499656635 0.185658503975156
0.907805131706904 0.203864239273444
0.908565933371559 0.202644109346329
0.912378415211645 0.196503714343433
0.909499192942595 0.201137724313388
0.877258053775908 0.253012591077381
0.907127340363984 0.204955629170238
0.90476894705705 0.208757793770856
0.907979648823189 0.20358377385843
0.918145262929932 0.187219098840964
0.917598931851438 0.188098780650949
0.915462731428343 0.191539117381207
0.916817823210569 0.189359244416936
0.910076143808469 0.200212582189769
0.872520022840323 0.260621100269162
0.868641101864221 0.266859770348305
0.922786076885958 0.179745993400781
0.896554331838265 0.221980444249152
0.898203450968672 0.21931998096201
0.903668383255329 0.210525080534722
0.907438640246815 0.204461161309257
0.91113477894688 0.198505961122376
0.916164832153526 0.190408089357452
0.915462731428343 0.191539117381207
0.918555011908921 0.186561575417647
0.925451338284329 0.175453415617657
0.922628102928191 0.180000703577919
0.915538237530053 0.191418455598603
0.91409519478813 0.193740356917096
0.92420703342588 0.177458117589993
0.902593300636254 0.212263156400075
0.922643780454616 0.179975462334423
0.916040163075627 0.190607920850512
0.921654191693335 0.181568223702995
0.919167874995359 0.185575482151607
0.921411725296713 0.181960570903172
0.919718970597807 0.184685043922178
0.922756354908344 0.17979456711867
0.923906435306998 0.177941918149473
0.92413596795383 0.177572876003649
0.909687771007237 0.200837522197265
0.919973367038893 0.184275401322724
0.913392449075245 0.194873503728272
0.912222903379275 0.19675659787561
0.899135461010975 0.21782534591778
0.92255435173656 0.180120637365238
0.911605341224798 0.197751773549568
0.914506390127407 0.193080649476704
0.919908239473213 0.184380177448883
0.910868063037166 0.198935342302129
0.91688037737389 0.189257337225376
0.917567407676341 0.188150002275005
0.92097812844354 0.182657786010166
0.91892747219443 0.185958850855425
0.914255625911502 0.193483175341911
0.910002305980162 0.200331811157658
0.922924977711423 0.179524198588017
0.901908942053775 0.213359946948324
0.911850975743599 0.19735349807114
0.922124079907269 0.180812380949549
0.917861609516722 0.18767496719172
0.922583986420059 0.180072453560539
0.925808876973739 0.174877932680581
0.922786076885958 0.179745993400781
0.901355550111518 0.214247623678082
0.922786076885958 0.179745993400781
0.908730516600285 0.20237596887438
0.909224768283664 0.201579410797761
0.905935435710232 0.206873102297267
0.908301279292165 0.20306995129406
0.915419009762558 0.191611099557857
0.900470607891541 0.215673161809683
0.918452104184265 0.186726182529179
0.912954320097905 0.195577317198002
0.915302266665646 0.191795971383804
0.912421610918697 0.196432036177094
0.90018190438598 0.216134884811818
0.922300579002375 0.180528294168234
0.924612765928933 0.176803927950021
0.920647086423573 0.183189990955198
0.919812248075621 0.184534834118597
0.919662397813131 0.184776561227379
0.901162330275169 0.214561670364936
0.925493205804149 0.175385765812279
0.902578112892524 0.212275775156024
0.918095678407066 0.187298526299742
0.921724376198364 0.181456433825491
0.910232399887811 0.19995765815192
0.908260033329587 0.203134742276246
0.914449157566013 0.193168526869991
0.909876930753049 0.20053031801253
0.918330227976016 0.186922017143181
0.898510180734287 0.21882349678684
0.918456332703507 0.186717946895952
0.905230485683984 0.208009161889514
0.898781846877361 0.218389025708093
0.903010002960663 0.211585523669898
0.90309208055066 0.2114527183552
0.877266987720719 0.252986938130553
0.914704562270142 0.19276083635378
0.921825442292843 0.1812944530943
0.904802071861567 0.208699221007649
0.918193783198063 0.187142010072886
0.900442433158819 0.215721420538369
0.90575677467011 0.207160656118035
0.91877528013496 0.186205275965517
0.905096865318495 0.208223091684003
0.868483634437706 0.267123698089424
0.900714679857314 0.215276797595569
0.903894346591942 0.21015983535157
0.911576557354708 0.197795084305355
0.900999257214397 0.214820793306185
0.918341978916856 0.18690153460364
0.902578287154908 0.212275494450114
0.926866807686033 0.173173878997052
0.910617741982609 0.19933762675774
0.917018732349901 0.189033219665281
0.922465753982195 0.180261025797767
0.910040667680165 0.200267396210307
0.90217464986277 0.212924562527344
0.879257264673785 0.249792664993162
0.922465753982195 0.180261025797767
0.91479522188934 0.192615773939713
0.905324396152198 0.207860295305896
0.89951554436446 0.217204799237824
0.913969900941306 0.193943023001125
0.909957245624144 0.200400659390968
0.919073724241948 0.185725051363347
0.873867624182049 0.258457755207115
0.897407377080258 0.220596963919722
0.910591302680526 0.199383652561145
0.923359252444611 0.178823688012661
0.874173748808062 0.257970099730398
0.899970375082995 0.216480426529644
0.909993630840565 0.200344232837965
0.897583805026708 0.22031511855192
0.925448014178693 0.175459128559163
0.914473117262567 0.193134607221831
0.913282428828386 0.195049420551649
0.91243533703866 0.196411157020989
0.905830538656234 0.207043359828873
0.919213272048579 0.18549888281151
0.92700356311557 0.172953650323859
0.879224102657222 0.249843188989458
0.905651040900917 0.207335631933225
0.872210691009321 0.261116763328808
0.900862450112523 0.215041825415504
0.918103658096401 0.187284807280348
0.912303253141044 0.196623793159211
0.877952339414231 0.251894945179864
0.914479440675729 0.193121460127611
0.920073731702287 0.184116871091693
0.915944454314182 0.190761350583262
0.925872134063054 0.174775847212094
0.873272943121402 0.259409759741825
0.90007568649643 0.216304074443475
0.897613613522866 0.220272285385122
0.877952339414231 0.251894945179864
0.873062590963011 0.259744242258059
0.906112708273089 0.206589299985758
0.908517923475137 0.202721377981486
0.870749659990486 0.263481471923626
0.903560199766952 0.210696821648406
0.915605241081031 0.191310207401154
0.926727482095748 0.173398133851798
0.922446520093264 0.180293745373655
0.877068012870563 0.253307854777182
0.92841530592541 0.170679506990555
0.921978717151874 0.181047386469946
0.925816197773991 0.174866387451597
0.920662430384959 0.183166393028986
0.910324852623943 0.199813315767676
0.907128803938571 0.204955382684768
0.919038020059142 0.185783436538353
0.923416426503913 0.178730958412567
0.925497376377691 0.175379108327536
0.909314517052106 0.201436794147616
0.911952189890022 0.197191919068896
0.921845309768387 0.181260768278948
0.872807755437927 0.260157980585831
0.912899132564838 0.195665877244565
0.910828138599076 0.198997654541524
0.868345169396353 0.267346092739227
0.917494887515513 0.188266778560753
0.896089883183913 0.22271470535944
0.924276582702557 0.177345244814201
0.91081928870295 0.199011898343115
0.920277124217872 0.183786766148647
0.908006322136201 0.203541211025349
0.911391061401087 0.198093522738942
0.909935696893759 0.200434091826082
0.872688689965162 0.260345235352333
0.90335364823092 0.211034316882371
0.913274980294146 0.195062830430482
0.90512200832279 0.208184835206723
0.910541189177224 0.199459384673471
0.89933686669329 0.217491884047044
0.916948578096218 0.189150831399277
0.9045512824383 0.209104769149755
0.921185041119707 0.182324250460311
0.921952883465869 0.181086798518001
0.911197322038435 0.198407009833674
0.90787325707649 0.20375546454098
0.920569523323683 0.183315753430801
0.895781818679763 0.223215682644577
0.921948622653168 0.181095643055498
0.908145753215517 0.203317560146535
0.911937114179363 0.197219333134357
0.907459121351 0.204425124766621
0.924358557696122 0.177213149139115
0.920241211442523 0.183843521796055
0.903730516895085 0.210426198731261
0.897939633011907 0.219747718328774
0.910679917440811 0.199240106351433
0.928975281455269 0.169777518859101
0.913569044761742 0.194587128046364
0.928975281455269 0.169777518859101
0.917525271045933 0.188219520667398
0.907481146992524 0.204390804854266
0.915448997910476 0.191562510141742
0.917017533036822 0.189033472061724
0.923279941559447 0.178950957150212
0.926920019381219 0.173088223564293
0.906715414353443 0.205621072233592
0.925158709171967 0.175925809550259
0.919734712023143 0.184660458856347
0.915079131181279 0.192156457407759
0.898212283679164 0.219309924325027
0.91405306342878 0.193806188141962
0.916438707144555 0.18996899812339
0.903931555198541 0.210103639457256
0.9177919850506 0.187788597619061
0.903857995023789 0.210219825618755
0.92833925379807 0.170802006412988
0.913517783869154 0.194670854209401
0.901523357637222 0.213978413554744
0.916608756298643 0.189692372566193
0.922299352933477 0.180531080887386
0.910225508316978 0.199971641793486
0.911907716126316 0.197262520735199
0.8722294845742 0.261098702191261
0.875376421688733 0.256033533045305
0.911664914339243 0.197653704972617
0.924098185208989 0.177633581309222
0.925278093552572 0.175733045529782
0.917703063478104 0.187931141749299
0.906071039264338 0.206661379786941
0.901769514336814 0.213579002694264
0.903846059602686 0.210242255381215
0.924855211116701 0.176413460695323
0.906102903753297 0.206605641651006
0.913422976551533 0.194823943182034
0.918918851716479 0.185972753061674
0.924148529514526 0.177550875756728
0.914052672090306 0.193807905562891
0.905711731485542 0.207238533943042
0.920317507979674 0.183721781354059
0.92566450927954 0.175110442111171
0.90380386460281 0.210308230232652
0.928226585060319 0.170983574485563
0.91622532669465 0.190309998792128
0.920364308325956 0.183646685027321
0.923022629674712 0.179365032558961
0.912445909163562 0.196394325843056
0.927503712177472 0.172147927633835
0.925755348943275 0.174963734255353
0.917597814104507 0.188099834411422
0.895976673362884 0.222907793607983
0.92621719388235 0.174220765056943
0.911636480942278 0.197698028848108
0.918009039030879 0.187440188081321
0.907917125971683 0.203689633764236
0.905546497954822 0.207501364393488
0.911428430348202 0.198034299213147
0.91835584986759 0.186878881288361
0.918445533157798 0.18673608157272
0.89868199406406 0.218549188155627
0.92048880359734 0.183447199895603
0.918276338378799 0.187007745488057
0.911775566123068 0.197474603907309
0.926834545491949 0.173225851900482
0.90184952075688 0.213452112967686
0.923161685669118 0.179142719151894
0.903245229553235 0.211204850186327
0.900324225699222 0.215912124612268
0.898141544161878 0.219421501574674
0.901561956188639 0.21391468939865
0.90575224055598 0.207173240522581
0.924594547293765 0.176834315733956
0.903026442359889 0.21156338563541
0.925349522646647 0.175617767180301
0.920717052988982 0.183078761954118
0.923406563049863 0.178746518319866
0.923066171712609 0.179294359058361
0.904133003549396 0.209779936852461
0.913598779646188 0.194540737015308
0.904715913750035 0.208836616723013
0.906519314543084 0.205936169995095
0.91487151508775 0.192489497359536
0.913718630494556 0.194348314824187
0.920772964198191 0.182987415168909
0.901653857868412 0.213771984455633
0.914801214144375 0.192607471525284
0.913668607315169 0.194428784219813
0.911994364190647 0.197125864282508
0.916914440164441 0.189200392564799
0.878216321344003 0.25146720447274
0.921313670978181 0.182117459247989
0.91088144679555 0.198915322971911
0.919795228492665 0.18456349709315
0.903013575495498 0.211579023713723
0.921885201511442 0.181196946906115
0.897919711464538 0.219778359616987
0.91657194724878 0.18975166485869
0.908990943129202 0.201958927677282
0.917875622036695 0.187653769881476
0.917204282312505 0.1887353619852
0.911397064177547 0.19808398255976
0.916861343167376 0.189288612801751
0.919653092237452 0.184792090629707
0.915309723212349 0.191785814281282
0.921389575197802 0.181995459771583
0.912523657081219 0.196267971973663
0.909786698860966 0.2006745855224
0.911392216515448 0.198089302740165
0.90651188353295 0.205944327211871
0.908605361332265 0.202580170244444
0.91727491495564 0.188620963578557
0.911104875478327 0.198555108967433
0.91992339066993 0.184355357475793
0.907756127255006 0.203945664524904
0.896540057032347 0.221997832871163
0.902318377252473 0.212695152979629
0.906020449043998 0.206740571364252
0.92352856525914 0.178549643020541
0.917175291838556 0.188781780321394
0.920090890665518 0.184085612517434
0.92185375812481 0.181247200709895
0.908105165154983 0.203383718840201
0.904056235863611 0.209901571523213
0.919919800804758 0.184361062661314
0.902279554288763 0.212765554932515
0.908493768839391 0.202757360971354
0.918661738974238 0.186387528481409
0.920442711823114 0.183519095113015
0.905805514340012 0.207087216459231
0.900071955004812 0.216315757723259
0.919881588433173 0.184423222199839
0.924259785838337 0.177372031556122
0.919104449505078 0.185674644691886
0.920746384779144 0.183031378266731
0.921280260118014 0.182171565444546
0.90948846148755 0.201161848327374
0.915500538324154 0.191476960488624
0.911881009598832 0.197306086742541
0.912171000569052 0.19683920537701
0.92756729151247 0.172045153933766
0.909048341604132 0.201870982758269
0.92756729151247 0.172045153933766
0.903801660492258 0.210312468317888
0.911253890917264 0.19831603692885
0.921651981314031 0.181573235750804
0.908879131752357 0.202135492669973
0.915219454273982 0.191929663671185
0.911295140727125 0.198246081446133
0.922176876254269 0.180726708600389
0.92039723070302 0.18359232822976
0.926888211617519 0.17313892417203
0.917600660760036 0.188094803969497
0.922248277151857 0.180612398189336
0.915018603913333 0.19225319637407
0.901968061264364 0.213263948451653
0.926219913656792 0.174215182820298
0.926952180770444 0.173035901922903
0.91209215399002 0.19696498935141
0.912542811363354 0.196240041929098
0.925362320984562 0.175596787848942
0.89762209922149 0.220259676794399
0.925790897355371 0.174907023192032
0.916194113745909 0.190361593549675
0.911827831709518 0.197390719017225
0.917549519698406 0.188178720125106
0.924272048061969 0.177352521316086
0.915726948811789 0.191115509363343
0.920392751251139 0.183600097403671
0.915345506558691 0.191727889860485
0.907607802227891 0.20418804343756
0.923216921112391 0.179052003332407
0.917231636739006 0.188690559742707
0.922635539718502 0.179989184979349
0.910257488930573 0.199918947914202
0.909742775298274 0.200748907085456
0.915166677101936 0.192017401230963
0.91660786972548 0.189696080093094
0.924641013601823 0.17675855217406
0.908592572370209 0.202601296360553
0.903759874429888 0.21037848118137
0.911620270356628 0.197729584617828
0.919229721561429 0.185474586552287
0.919496616639847 0.185043202515946
0.91952115200963 0.185003941559139
0.912549636315386 0.196227591101331
0.926961782741243 0.173020434795589
0.900025983389348 0.216386898248599
0.910317965104282 0.1998251548743
0.908925801321904 0.20206145860426
0.914249172113824 0.193495039536191
0.915039878548283 0.192219124559442
0.91652518495312 0.189830193791209
0.899681531361818 0.216943967435764
0.921470431276984 0.181864739000402
0.919845332848057 0.184480924431568
0.910021632739602 0.200299555979067
0.923824243456231 0.178074823984413
0.92767954131464 0.171864394280299
0.925470416974654 0.175422116522522
0.926888211617519 0.17313892417203
0.919382525758293 0.185227392462286
0.923875039382877 0.177991526274192
0.902127404970409 0.213007049296213
0.920477312024445 0.183464767007658
0.918186084727023 0.187153487856667
0.924353032433832 0.177222028271408
0.919469181729958 0.185087459772524
0.91542886554964 0.191593813210086
0.913938114007774 0.19399272653689
0.926942659162356 0.173051225125857
0.919982036691001 0.184261817260516
0.926396282436924 0.173931358655391
0.913188478894738 0.195201905699592
0.916343402361322 0.19012120231313
0.92045551248967 0.183499729651684
0.917762874285373 0.187835891600632
0.897392847463261 0.220620269707279
0.924117477120878 0.177601709192772
0.901472207483958 0.214061315777
0.924063838077271 0.177687471697148
0.907349165162923 0.204598490553735
0.908942414380036 0.202037526679437
0.924460090806327 0.177049550455773
0.918202025356276 0.187126431549316
0.922282824814286 0.18055567942323
0.910311867548021 0.199831271467586
0.917189224372287 0.188759454867144
0.913862412546496 0.194113352992393
0.921900695728779 0.181171272662093
0.902319327861075 0.212692446788031
0.918027745582758 0.187408303188524
0.910946186046942 0.198810604650383
0.908375254593029 0.202946766920134
0.897214902164173 0.220912326177669
0.918469345880819 0.186695984044903
0.903921482171066 0.210116399492429
0.911998756038593 0.197114773073792
0.902666574112716 0.212133915259913
0.920023243984332 0.18419383334851
0.919319955431505 0.185326267066876
0.917015840440149 0.189037420330245
0.913276382285973 0.195056832017744
0.896398850084359 0.222226304944486
0.924789000759037 0.176520584409897
0.909799781491412 0.200655224867605
0.910431655622347 0.19963636213092
0.912064649874016 0.19700887329124
0.916009017700054 0.190657439907236
0.921587460491638 0.181677489692717
0.919616175237356 0.184849505156039
0.920350907736351 0.183670315033785
0.920751229305587 0.183021789302115
0.908740769471803 0.202358610517431
0.918172673592508 0.187175326140424
0.911833224079576 0.197379474903238
0.908709122315169 0.202409346651605
0.917298963481133 0.188581081488928
0.910762552746674 0.199107716761539
0.919499369919351 0.18503958810414
0.902422420237079 0.21252714959702
0.920022649102297 0.184195808607236
0.919589244806009 0.184894063950589
0.922588419218331 0.180065107557362
0.919911767029079 0.18437482799209
0.911619752164559 0.197729646810328
0.921667333900701 0.181547325451816
0.908113418807006 0.203367208324158
0.91948730582277 0.185057148447156
0.920650188239199 0.183185561593243
0.923308482604357 0.178904702081254
0.911264926166502 0.198295792496676
0.911848892685889 0.197356391317797
0.923015789161595 0.179375897608008
0.910310732796608 0.199834973152073
0.910271434614395 0.199895324239344
0.914067533678207 0.193783464579873
0.92025603485197 0.183820717703419
0.924570572918434 0.176871967688698
0.918579314407001 0.186522845449041
0.926362276495073 0.173986136745898
0.922234129569022 0.180635653443738
0.910760373106074 0.199111556721352
0.920276772604008 0.183787702997753
0.922770425705403 0.179771367410917
0.920178397054134 0.183945251089705
0.911469954968894 0.197965716332945
0.923405050993754 0.178748648613054
0.917303885405071 0.188573162647633
0.877362335038604 0.252834724857512
0.904031785674894 0.209939014053005
0.913471525966767 0.194745831811352
0.876489494308128 0.254233321871202
0.907252927848958 0.204753539396613
0.915117995048634 0.192095166631623
0.915599762459518 0.191317926561766
0.905168774331653 0.208107577118559
0.920228814597893 0.18386621394049
0.907037874976307 0.205101123697629
0.916301731994429 0.190187974439261
0.913694012567078 0.194385348069876
0.912055134400266 0.197022383871113
0.925184434126375 0.17588326764551
0.907356292445859 0.204586998771865
0.921311919247662 0.182119600395263
0.91757086451054 0.188146588715771
0.915633703394039 0.191262983133255
0.915117995048634 0.192095166631623
0.904712499878947 0.20884138110164
0.92133085614181 0.182089313670516
0.914007561180114 0.193882912502619
0.906964600026498 0.205217226712188
0.875844830357936 0.255280144027202
0.923689113715828 0.178292757666198
0.908562878488162 0.202644771224656
0.923223972379094 0.179041545200999
0.877690797354199 0.252321377587118
0.916284320925459 0.190216468854511
0.919194529705126 0.185529767637737
0.917707982018885 0.18792305973987
0.918353721613994 0.186883907985494
0.900460487637363 0.215686228667375
0.911956610607856 0.197181644767882
0.905975541535911 0.206808636595994
0.923035426645381 0.179344291906314
0.924924078863538 0.176302982994661
0.907698431676414 0.204035703123259
0.921851021642119 0.181251881199447
0.910508974401992 0.199516324913926
0.926374564352636 0.173966342105549
0.911495242197946 0.197928370876593
0.921387147662704 0.18199968701122
0.917167216743992 0.1887940543396
0.910386759487746 0.199708904660823
0.912834564669761 0.195768123616968
0.913493718912621 0.194708611648898
0.916846601765372 0.189311122085643
0.917446646812304 0.188343486975154
0.869277223563709 0.265833184525762
0.87056690953479 0.263758093312238
0.907497342359042 0.20436172292487
0.927558063591455 0.172060342748482
0.923649490589576 0.178355620262273
0.921828436345889 0.181288474131851
0.908082172131603 0.203418604308278
0.917730498423614 0.187887419761942
0.916395602702618 0.190039274681533
0.925247513569134 0.175781693767457
0.906442278908651 0.206058950728693
0.92097814194048 0.182657742565808
0.916837433809544 0.189325889780502
0.914607419241534 0.192913208004618
0.916268518655295 0.190239748809867
0.89776002226059 0.220032552493349
0.899906308913918 0.216578889286879
0.913273280373624 0.195063415374245
0.915486916199628 0.191498429713992
0.910245951473708 0.199939884695426
0.913259322857114 0.195088375297906
0.914329943848646 0.193364163437069
0.878556021090579 0.250920223840396
0.91715666004623 0.188811733014405
0.922240540677074 0.180623560846376
0.922858913712973 0.17962895630304
0.906507405310358 0.20595335897084
0.910991132257057 0.198736114412583
0.869577003559238 0.265368488384868
0.909991527853368 0.200344303827071
0.92023868415609 0.183848683279835
0.921952689672024 0.181088224417601
0.903119917761 0.21141572767325
0.907840034410499 0.203810861261684
0.907818109859932 0.203844765156819
0.910998317665289 0.198723173703749
0.89741481079943 0.220584074234847
0.872397154804435 0.260824382947847
0.915761036352509 0.19105997144831
0.904126948265353 0.209786856651271
0.915403158211862 0.19163645602363
0.920197189270433 0.183915355183423
0.92378365143075 0.178139548652817
0.922351528448866 0.180446036263452
0.868161855720602 0.267621627327873
0.918136553481592 0.187233629185019
0.905181086439472 0.208091723175718
0.910452383835487 0.199602915595859
0.902633577989737 0.212188430482617
0.910836938463726 0.198984093496626
0.927678958277896 0.171865333375371
0.924770957239457 0.176548891625095
0.921769907151605 0.181384053684958
0.911306660047068 0.198231764354952
0.896108795643665 0.222686657579534
0.923324209850318 0.178880104827083
0.922847665221071 0.179646416395406
0.906990398855204 0.205174307672331
0.872791665411596 0.260195724603657
0.918145317790153 0.187217847353714
0.921071025327563 0.18250741998505
0.920415337851964 0.183562273290692
0.926273142269311 0.174130367778518
0.908507609520547 0.202733237831661
0.900332759777321 0.21589335687097
0.878513952758769 0.250987799212543
0.906855214940468 0.205392733159338
0.910927951313399 0.198841930712597
0.913031622094981 0.195451430928067
0.904107376777928 0.209819122916753
0.92532045339063 0.175664838270905
0.926098574776215 0.174410880593912
0.90762269989205 0.204158160458556
0.920556560343137 0.183336509800177
0.909393128996063 0.201308307452658
0.913627239797906 0.194492148370684
0.902379907803258 0.212596191461961
0.919089107252937 0.185699204854501
0.901086076140759 0.214677298425027
0.920813808515796 0.182921459571657
0.919226641614494 0.185478067157472
0.927684836405271 0.171855867023876
0.913637020347679 0.194475508593627
0.897700255669545 0.220132404954401
0.90486760691378 0.208595063673534
0.907238328795934 0.204783420037511
0.902660625857938 0.2121474449916
0.914192079562187 0.193586554820049
0.924341429533955 0.177240883670866
0.908363693209206 0.20296663164403
0.903170586800269 0.211321332238244
0.914192079562187 0.193586554820049
0.925410705768156 0.175519120032166
0.907503606454479 0.204351558294773
0.908773079408754 0.202305336875407
0.903537963690871 0.210733761366084
0.913676185080598 0.19441244401943
0.922328332776088 0.180483399433787
0.914722443978029 0.192732444851028
0.908724649842146 0.202384778930036
0.91045927557193 0.199592148666213
0.896986437201282 0.221274996418859
0.92291561971469 0.179537196218249
0.914448587970755 0.193169346748761
0.909560626431706 0.201038456058747
0.926538023743332 0.173703566128832
0.873518105642456 0.259021755650087
0.915947765170006 0.190755473139948
0.910680984665225 0.199238010607047
0.91410447028813 0.193723585570215
0.905925888550925 0.206890249905839
0.919023461262757 0.185805752386886
0.903514882452504 0.21077529983311
0.877330890536508 0.252889127064274
0.874647437131207 0.257202704651197
0.90170192274992 0.213688078452659
0.925346517507459 0.175623188997789
0.914714510376545 0.192740732024371
0.9103520846651 0.199764818218016
0.909921248414069 0.200456975874588
0.905853788746737 0.207008483887145
0.90414809704592 0.20975164119422
0.915586591938613 0.191338773807235
0.924469350827246 0.177035817500111
0.875391436759907 0.256001894418554
0.919545553809287 0.184965186410613
0.917642639330409 0.188027524051204
0.898121538068369 0.219447419149256
0.899822296787596 0.216710441358012
0.909657335138964 0.200882057098604
0.918187246872005 0.187151108308798
0.923305397598362 0.178909952258476
0.917719686886774 0.187903106382596
0.909286770287809 0.201482517432984
0.911073976008611 0.198601772146197
0.876798602336365 0.253738896274079
0.902976616356455 0.211634917327604
0.908755159425762 0.202336332613838
0.924535180629389 0.176928869554221
0.905715871581424 0.207228858792412
0.912690467977724 0.1959992961406
0.913212110815107 0.195162076661394
0.917719686886774 0.187903106382596
0.920841319969208 0.182877085595469
0.909278238226181 0.201494144799392
0.909232964450399 0.201566985113776
0.91389102722735 0.194070297393657
0.878227078224444 0.251450092061606
0.921615872513453 0.181629901535046
0.905954254902233 0.206841512830475
0.900158548288332 0.216168182463063
0.871154028008322 0.26281054050123
0.911704770990661 0.197588258246924
0.897715273556361 0.220102593752784
0.915436956753014 0.191581495958105
0.912701475984476 0.195984807483381
0.927440431450164 0.172249570873563
0.903888322760129 0.210168181866235
0.903267187203793 0.211175485656503
0.921827090775089 0.181289113166463
0.903882840060154 0.210178795547273
0.910622488292933 0.199330538911826
0.910201944465275 0.200005545467009
0.904412384227932 0.209326273788219
0.918595450579166 0.186494019316735
0.911737445075369 0.19753449540715
0.902599386717049 0.212244749707634
0.906153583887 0.206524930867505
0.916710391207695 0.189528237383552
0.918006345821895 0.187443330566599
0.921218733286507 0.182270154125776
0.907760264997223 0.203937152766873
0.924903189053841 0.176336344616398
0.916044011725439 0.19060357491018
0.8759824127912 0.255051567109675
0.905571299620279 0.20746073208313
0.908522093074448 0.202714094365086
0.912535466647647 0.196250996161739
0.901388012229983 0.214196026976325
0.911430845507353 0.198031065458299
0.909565889542872 0.201035607345328
0.903454347867822 0.21087274939579
0.869163480305424 0.266014148783503
0.915088274658193 0.192142918436808
0.908863883488453 0.202161066030331
0.911430845507353 0.198031065458299
0.90609261290745 0.206624319088791
0.909089894697667 0.201799511368829
0.916360092599777 0.190094207450036
0.91205921786662 0.1970178173972
0.917816743228212 0.187748226577264
0.90964946959332 0.20090048729425
0.90809871038848 0.203398161452512
0.27627114335662 0.801683681734068
0.272341762371307 0.803446212376238
0.902794046657962 0.211934667927558
0.923500652580151 0.178596528629252
0.314940766904273 0.78432607721382
0.277668473287219 0.801056573648676
0.92094447673427 0.182713822031066
0.27530487422662 0.802116203330748
0.904879299262655 0.208582026157708
0.925071752556914 0.176064228625696
0.90503666143076 0.208329937983103
0.924081052449131 0.177661144661443
0.273753995432387 0.802811594244822
0.283449256851451 0.798461735779746
0.291217467848951 0.794975241354402
0.308099042941962 0.787397144064751
0.916325825497799 0.190152175332699
0.909483025431393 0.201167198841097
0.924082384953266 0.177658988354724
0.921501827476001 0.181814511654834
0.266119724927426 0.806236902112036
0.92117233088433 0.182346243275972
0.873767353288832 0.258611677315166
0.919148838580023 0.185603956479856
0.296588174969373 0.792565475013191
0.292504114102794 0.794399874560444
0.923672168190716 0.178319792189703
0.278685589866527 0.800600294894468
0.920086184468885 0.184094528170472
0.906294834806371 0.206300033050976
0.277561357643089 0.801104342864895
0.306148100450948 0.788274978677391
0.277571806798719 0.801099656713143
0.271053994617047 0.804023894126535
0.916993891247528 0.18907601873968
0.280102587168732 0.799964591398558
0.367303827133778 0.760792128509189
0.911628477416964 0.197716150456328
0.267934517614307 0.805423094557138
0.322793708137624 0.780798602074636
0.276389987375023 0.801629632509689
0.344141680539885 0.771210316284917
0.276063822223323 0.801777369630187
0.346715185234902 0.7700524567326
0.275457621856686 0.802048628631906
0.271654828041486 0.803754262867615
0.915241683094893 0.191899784434831
0.921515452174619 0.181793525460963
0.924818452660392 0.176473461414367
0.278060897161446 0.800880382878348
0.284303068081972 0.798078508992403
0.919747162263764 0.184640629100103
0.927794984636034 0.17167886609763
0.266411337084641 0.806105911230988
0.925316092066365 0.175672287838092
0.923640170229924 0.178371205307341
0.344056378815271 0.771244483454388
0.265498861363016 0.8065153613711
0.922808869931456 0.179710827868552
0.29190050648743 0.794671109632649
0.923802892302616 0.178110339725105
0.924685642139759 0.176687595022791
0.919225352506755 0.185481260084069
0.920548232149828 0.183353406596418
0.899858327770626 0.216655424325498
0.904763796175544 0.208765168631302
0.28092225943475 0.799596382520375
0.273353659498911 0.802991845388728
0.926512400887732 0.173744752362608
0.269879913294426 0.804549811492883
0.895915444716483 0.222999503878407
0.92470233470468 0.176659798468653
0.269427687894548 0.804753399173576
0.919763027619008 0.184615591403617
0.918072370185151 0.187340518976748
0.925633192976983 0.175160740025651
0.920670237171232 0.183153925931586
0.270457173300439 0.804291665315425
0.916947958143044 0.189151309967062
0.914588664460815 0.192944548095321
0.909732448001031 0.200769993352309
0.922235783098415 0.180634574338047
0.269060270454146 0.804918029154043
0.925475994370548 0.175413849981087
0.921413882174204 0.181956243587461
0.919752229489743 0.18463297702903
0.283672169120619 0.798362834207148
0.916332623969012 0.190137331980793
0.270195322142601 0.804408671981461
0.296717878887022 0.792507829949661
0.272836543754233 0.803223849170067
0.265234070192476 0.806634024381359
0.920012969846414 0.184213198878038
0.919265786169376 0.185414525563599
0.920054916270439 0.18414305541696
0.26556030581788 0.806487780952
0.922141710808136 0.180784033381912
0.266232319110006 0.806186371549196
0.902089411820623 0.21307077897742
0.283803899994565 0.798302849055685
0.29287992104939 0.794231727933708
0.922454983771092 0.180280499705449
0.276044242909539 0.801785334479181
0.276794185404389 0.801448317505387
0.919750838157211 0.18463647736929
0.920990808208346 0.182637715336185
0.916820478642743 0.189351455797736
0.281877042941007 0.799167901084428
0.921802296177929 0.181330118979956
0.91774217392302 0.187870762570594
0.277019050110138 0.801348614637496
0.27138438365 0.803875081583341
0.871479277072676 0.262311924799866
0.307040415280236 0.787874769569745
0.923956368173744 0.177861571983451
0.285078378476656 0.797731561838179
0.871106087571764 0.262897893702798
0.910387896960132 0.199708182508109
0.269400356141489 0.804765430886526
0.917822903153484 0.187740898481815
0.286862350226613 0.796931843967545
0.293195374784358 0.794090304521999
0.279121122855447 0.80040442412514
0.918548525249136 0.186570956483122
0.917682639130804 0.187964347007344
0.277151645100176 0.801288022595738
0.266232319110006 0.806186371549196
0.922433136427469 0.18031653577722
0.286523560498666 0.797082714816017
0.926160303119382 0.174312118283906
0.273978446642289 0.802712129210541
0.927199598515419 0.172637702732341
0.874832492839702 0.256902783554462
0.266187689166051 0.806206387321389
0.926538779277415 0.173702256553509
0.870127254885283 0.264464584254353
0.918614819607678 0.186464814948636
0.274747882352633 0.802366557030506
0.912772263905073 0.195870333848697
0.921534371644235 0.181763614922114
0.924200034326891 0.17746857840729
0.926511378536946 0.173746400595987
0.868934994056234 0.266397332761454
0.921556880066881 0.181727063262046
0.274951547913843 0.802274703958408
0.920201184990348 0.183908519820843
0.925295980740017 0.175704298906202
0.273558088567181 0.802899896698776
0.912293630142266 0.196644873304175
0.273584058311778 0.802888187491982
0.269638750386129 0.804658441690313
0.273337250848586 0.802999019735939
0.275169158969904 0.802177504296316
0.273391211427932 0.80297507295809
0.92598489514303 0.174593826028508
0.927253105540354 0.172551443255801
0.271073750481736 0.804014485699804
0.925201541586757 0.175855751530604
0.8778045061378 0.252140877020942
0.913936567788679 0.193996821719752
0.877738882019172 0.252231226862007
0.924620957156094 0.176791480571784
0.272101716529242 0.803553229790094
0.919246067202643 0.185447972138695
0.269181157251872 0.804863298634444
0.295381569009551 0.793107601340523
0.926731898742331 0.173391542841105
0.28377769659945 0.798314514941175
0.280741977551315 0.79967816854538
0.87639366551743 0.254393323858094
0.287074211209117 0.796836257101491
0.919467960471264 0.185091381665079
0.917206608204998 0.188729719730022
0.266385043329996 0.806117857785333
0.26463208153571 0.806904201289204
0.269915550420848 0.804534844764736
0.282064873419402 0.799085240218609
0.283550543212545 0.798416585875122
0.283550543212545 0.798416585875122
0.284161269805065 0.798143723733143
0.274912312938271 0.802292756968551
0.278323121055893 0.800762108107333
0.918416577076555 0.186783900659157
0.3139786222468 0.784756659007256
0.283593970216277 0.798398043190316
0.290259324424824 0.795406400088357
0.265762458854043 0.80639680852934
0.282412873812338 0.798927154946179
0.91897317114038 0.185888749434904
0.267807243032376 0.805479711253141
0.920632890574458 0.183213192700718
0.921120550776404 0.182430182629893
0.380944739177569 0.754652818306382
0.872151064673559 0.261212746435429
0.909070107193407 0.201832826858942
0.905969335777058 0.206821523134546
0.896683228774273 0.221763483868052
0.897537221220764 0.220390921078517
0.318976878228804 0.782515924414627
0.914803977063116 0.192599028438606
0.879602650136372 0.249238098888155
0.904501614831612 0.209186930112472
0.907482489254868 0.204384396998104
0.896683228774273 0.221763483868052
0.896775228871351 0.221615483507419
0.899365654774686 0.217447379714196
0.90971957499552 0.200782605172187
0.877063173294167 0.253331943128572
0.903760991545307 0.210374677591101
0.870767532296222 0.263441753645325
0.896791414488302 0.221594752214307
0.875963562384675 0.25510415047214
0.873219033500499 0.25950871521476
0.86861069881437 0.266913005853424
0.917234911463581 0.188684077893034
0.904482680528212 0.209214651805351
0.870767532296222 0.263441753645325
0.899623554348532 0.217033151895815
0.870703310480217 0.263548950543594
0.90622015636593 0.206420071039689
0.90118838490417 0.214516860040581
0.910888637553001 0.198901791861759
0.298616375926559 0.791655066989835
0.289365765347519 0.795806880036818
0.916829214206657 0.189340614900035
0.287622606311143 0.79659009474734
0.904652761018869 0.208942933758966
0.904309329520567 0.209497511326657
0.922568673456871 0.18009629641362
0.273442290756585 0.802951677488329
0.913082855539858 0.195372194043561
0.310140598531265 0.786481892203695
0.273472527079991 0.802938117119128
0.916861184862562 0.189289006670789
0.29769275736764 0.792070016540896
0.298003759298033 0.79193110549797
0.285133378931991 0.797707997506855
0.288053453131921 0.796396412305847
0.279586591074372 0.800194950153874
0.917326554542808 0.188538816797758
0.283013571962107 0.798658745608727
0.274062100828658 0.802674039373708
0.290266318353146 0.795403413444785
0.281977797393128 0.799121698534757
0.910077940474416 0.20021195013782
0.27816053709465 0.800836384054131
0.288869637488437 0.796030008687469
0.287925205680588 0.796453929354468
0.917618385722886 0.188067628236426
0.27793596145825 0.800935704248193
0.915623630479853 0.191281017297867
0.321542144535581 0.781364454851663
0.310535071144086 0.78630659617812
0.283455257570434 0.798460002210406
0.282274610389982 0.798988529189452
0.302216574629634 0.790038659543347
0.286536035930511 0.797077356903365
0.915698899820747 0.191161517593503
0.295012064950141 0.793273750207188
0.301585872249231 0.790321903597507
0.28944303816641 0.795772835930761
0.294745644493194 0.793394066235403
0.286216192705983 0.797220801438892
0.920054580475181 0.18414559851994
0.301990561512716 0.790141236628622
0.384314926325779 0.753131149245358
0.291941578565031 0.794650934304521
0.296472455175982 0.792617865265872
0.922383243326938 0.180396356358888
0.326304885205562 0.779224454598764
0.925407353292024 0.175524207906652
0.27702203409266 0.801345966099087
0.905416451777518 0.207712118134973
0.924629154447726 0.176778080316725
0.901327440333541 0.21429617697072
0.921064406130509 0.182519267669513
0.916991773648513 0.189077065850858
0.919971864931942 0.184278222222534
0.868567595036209 0.266971732271947
0.904681526822214 0.208896522755217
0.920448819047915 0.1835104806338
0.900399180194429 0.215790228504381
0.905586651527398 0.207440148315561
0.297691382540532 0.792072786948052
0.915827754732127 0.190949838882447
0.916408055110928 0.190015753297734
0.91453386814304 0.193035016629558
0.917320857767832 0.188546663702343
0.918630311814531 0.186439634340366
0.379708624835535 0.755207251490887
0.901549814056601 0.213938070448503
0.921684064505285 0.181521596245488
0.90562910624149 0.207371713505499
0.901984547453646 0.213233995402527
0.895985981930405 0.222891488936951
0.919419786533856 0.18516701438316
0.924348163601866 0.177230883836806
0.906971460372344 0.205208828084555
0.922497123930281 0.180211834371628
0.920103877851737 0.184064925334264
0.92011196885968 0.184052362456165
0.905513840156781 0.207558321534176
0.907275347901482 0.204718362929397
0.909388946063967 0.201315682348004
0.915645315284661 0.191244080188531
0.912477565985659 0.196344823879187
0.869824335266301 0.264970964525826
0.914241973897193 0.193503078024245
0.876897670261498 0.253593392193699
0.91264375508225 0.196079910828441
0.907801539947905 0.203873545706641
0.917856155243437 0.187686260394768
0.924011655597483 0.177772988099278
0.912864116261081 0.195724006692674
0.904191178095912 0.209682622176813
0.896435192203203 0.22216333304154
0.921410651644395 0.181961022083349
0.92454347076889 0.176916096829663
0.906904887591027 0.205314512213191
0.922532353034783 0.180154376998851
0.923854771532579 0.17802615099075
0.869588022654659 0.265334428235215
0.906368261252402 0.20617839135327
0.91171738860627 0.19756604778414
0.912273625960435 0.196672520378302
0.914245208797831 0.193498685232754
0.927004970179956 0.172951495262312
0.924629154447725 0.176778080316725
0.89950107885089 0.217233871834461
0.913892591819167 0.194065280372223
0.916862274515241 0.189286052937993
0.917245159470033 0.188669185559283
0.91391989225577 0.194022814287839
0.909259810201683 0.201528590343714
0.916331607603712 0.190140404172528
0.918338591033417 0.1869075340368
0.922174317948099 0.180732732494773
0.921906375316548 0.181163657005536
0.921656579867462 0.18156575823564
0.923959835076955 0.177855995669125
0.901323583191373 0.214302048940924
0.922266130997549 0.180584797318733
0.924069739634707 0.177679515572612
0.916673510768178 0.189591411714426
0.922354155397052 0.180442224928169
0.896653181708523 0.221814888163427
0.914206048932793 0.193562564414743
0.916272581676484 0.190237362025274
0.920600875284932 0.183265953638489
0.923651935030183 0.178351555319597
0.375831430410525 0.756953502665262
0.896745483494959 0.221664081377614
0.907235085998837 0.204789102737466
0.920662068660505 0.183168798582598
0.921467284372072 0.181869767854152
0.9251651831915 0.175915023584113
0.926512899672955 0.173744162090005
0.914705218577243 0.192758995571505
0.919319225212889 0.185330713576189
0.923285606422408 0.17894261759251
0.91787626784803 0.18765288728856
0.897863444615561 0.21986913556525
0.922118153557028 0.180822385176318
0.919497080684918 0.18504310543448
0.921166627884746 0.182355314874422
0.923851974877961 0.17802948736071
0.916987555640513 0.189085044943128
0.921956260092983 0.181084111042583
0.926576786667894 0.173640929298488
0.920143505045412 0.18400065312317
0.914512190802516 0.193071654997832
0.911454812932641 0.197992853463804
0.919325130276727 0.185319486592095
0.920714964326295 0.183082662508237
0.918588736735952 0.186504586049718
0.918830493915467 0.18611762283468
0.921129764518393 0.182413621015669
0.922340380209077 0.180464422211113
0.913721603453183 0.194342725883237
0.913163106586963 0.195242604851432
0.911893270575453 0.197288801660662
0.926651745093469 0.17352041335625
0.910850179875186 0.198967868923588
0.926419455910749 0.173894355711913
0.916368497357107 0.19008220191802
0.919224443078908 0.185482695079876
0.913737013965809 0.194319015004441
0.923560832518503 0.178497926982972
0.918478947096127 0.186683042322475
0.923247617826354 0.179003194428279
0.915345119803778 0.191729734794364
0.924762575084064 0.176563050154471
0.90881469634901 0.202244521334101
0.927959659484037 0.171413608416982
0.926072702315372 0.17445288284798
0.916317533352374 0.190163054766605
0.916896059099364 0.189232405791084
0.924767414851878 0.176555041466762
0.920336055562752 0.183693623344048
0.927958541814066 0.171415396845664
0.924148483626409 0.177552625066647
0.912990749235021 0.195518985267087
0.922927612361923 0.179518037228114
0.911123325628791 0.198522903642494
0.924254205252062 0.177382163393064
0.925871863951506 0.174776192149772
0.906877973425798 0.205362198183682
0.916913891071951 0.18920330587249
0.290411273550596 0.795337322874091
0.899274464378963 0.217593273715999
0.925281570007788 0.175727152167303
0.923478767485308 0.178631256741453
0.923762861149421 0.178172873543592
0.903690228691402 0.210489099742426
0.923081313560412 0.179270141154679
0.91316751886571 0.195236557219228
0.919160961820681 0.185585279060272
0.917667793099815 0.187988971956207
0.905381430452956 0.207769347934828
0.914274868298998 0.19345181305022
0.91514033226398 0.192060232012842
0.898761523899549 0.218426288673544
0.905434082312829 0.20768367337199
0.899631524472056 0.217025730256888
0.915375680206473 0.19167980510716
0.912905915139867 0.195656767495264
0.901331946971045 0.214286559819593
0.916684249884821 0.189573175829474
0.324449888617735 0.780059056042663
0.329325351859327 0.777863469892306
0.283017854152058 0.798655115718022
0.329325351859327 0.777863469892306
0.268177561014283 0.80531382411773
0.272521611690716 0.803365545234992
0.274074306357741 0.802668741175943
0.271767157452087 0.803703663726633
0.278026101822227 0.800895783925559
0.266272287127724 0.806168599315055
0.31367472474544 0.784895000176829
0.31367472474544 0.784895000176829
0.269156010561681 0.804874889756639
0.333204609657542 0.776120681968815
0.312951211942976 0.78521795791843
0.286336667470032 0.797167297825432
0.316593287077426 0.78358334228738
0.276988687353342 0.801361623786948
0.295369267447178 0.793111929622073
0.315608774357679 0.784025149412074
0.293966335904211 0.793741822161448
0.27598540453978 0.801811219907634
0.267861657628807 0.805455307015558
0.287697585808249 0.796554602372922
0.303677560681265 0.789382395868152
0.299079157146932 0.791446178796973
0.316206884252865 0.78375799951111
0.303794944381134 0.789329711905796
0.337051207789585 0.774392836530167
0.292262113888747 0.794506812064556
0.301184210506313 0.790501449769552
0.300289719207288 0.790904233575788
0.334214970513789 0.775667405834
0.306819058330565 0.787971411253587
0.924878938065889 0.176375945780317
0.342416277243539 0.771980121940384
0.300428213641772 0.790840664555448
0.309058004392191 0.78696693463179
0.285757688423727 0.797425639279292
0.324303492085788 0.780118799856682
0.344729711305876 0.770942188130136
0.273524828602465 0.802915488298255
0.278532043160502 0.800668110882434
0.297242329309791 0.79227182579829
0.924288422190125 0.177327646386238
0.276699786195194 0.801490738115405
0.323732935572225 0.780375668203782
0.337214096357019 0.774320629564801
0.912476656409653 0.196349450983386
0.310388924214632 0.786368683616512
0.293249135725844 0.794065113165734
0.327349330874091 0.778751471877914
0.318108138412268 0.782903880539226
0.277591246606709 0.801091287530638
0.351819685383848 0.767754279881901
0.31349484304781 0.784976871113632
0.916979748794603 0.189097606512568
0.280882521925369 0.799614074368616
0.28739419188386 0.796691490700192
0.344847312668559 0.770888044698192
0.346902523612755 0.769967720762186
0.276847122594616 0.801424647666477
0.340704262150191 0.772752915635753
0.337957849806562 0.773983173991249
0.271234075272011 0.80394235304823
0.280631123489464 0.799727001501974
0.284538730604024 0.797973323099708
0.312730531605089 0.785317979031221
0.912476656409653 0.196349450983386
0.305997725784836 0.788339556233982
0.924052670415094 0.177707553819416
0.32371125840736 0.780385391161178
0.924965076129189 0.176237190406472
0.918851039559434 0.186083731629407
0.351851427662686 0.767737985579654
0.925614743583749 0.175191019462607
0.308726014073695 0.787117809574939
0.927555412773652 0.172064809190069
0.356620728951906 0.765591224480517
0.323800558294612 0.780345301209853
0.293992514326773 0.793731624583563
0.924035603584841 0.177735045761831
0.377718883789047 0.756100860007991
0.898651148798651 0.218599384055292
0.913809754233014 0.194203696223599
0.348343059725246 0.769314133631007
0.317357842372838 0.783240584927247
0.2934628621642 0.793967668857624
0.299983943573526 0.791042123200445
0.365068938314702 0.761797795235875
0.323732935572225 0.780375668203782
0.919976230122768 0.18427258519701
0.352402517261382 0.767488900147412
0.874459454987712 0.257505519628161
0.333527133427364 0.775976419238456
0.906769323070241 0.205533996634836
0.283068006235396 0.798632586871138
0.922533573247044 0.180153845191762
0.28852650058948 0.796184359863677
0.35234992686522 0.767512548207161
0.897480543184417 0.22049044207993
0.922254799029814 0.180602789011345
0.907696473450212 0.20404688915452
0.908497379800665 0.202750895420102
0.917089708761123 0.188922025107856
0.360447830867697 0.763871951043619
0.91957672302492 0.184914226277023
0.382153975720003 0.754101691167893
0.290637297272874 0.795235402041013
0.924049165024079 0.177713202530245
0.37619195538083 0.756789347221397
0.92256222695118 0.180108140722
0.924995429014406 0.176188911728647
0.923595358752066 0.178443953690376
0.919500871788186 0.18503863508967
0.924934247197248 0.176287470034118
0.921659752333132 0.181561138931103
0.926670277418356 0.173490436582076
0.922452183287101 0.180284972555208
0.281255617840801 0.799446103139646
0.926440640526276 0.17386045837092
0.921684691309272 0.181520358365994
0.918199507501871 0.187134436185883
0.917510072609345 0.188242976127044
0.922059313894892 0.180916355994184
0.91831403273727 0.186948385306583
0.918304350075345 0.186964040342775
0.924012212208591 0.177771769200766
0.921283429751342 0.182166367949457
0.918042143888139 0.187387725915326
0.927633565920452 0.171938982467376
0.921779586514361 0.181368177997151
0.924460818290785 0.177049470421024
0.927580642553224 0.172023861546137
0.867786339728428 0.268230986618689
0.361473642669186 0.763411919901933
0.924308418605698 0.177295098632375
0.923762124498095 0.178174998847993
0.91090299224994 0.198882247582661
0.926427346626212 0.173881240076907
0.87776567409098 0.252185762805364
0.92152822030089 0.181771931983603
0.918107504871436 0.187281266098524
0.925755030869329 0.174964232239205
0.917169225164296 0.188792428382866
0.90178613185949 0.213555536451187
0.924958916975135 0.176247726511789
0.377668300327402 0.756123642104972
0.397067821171114 0.747384061280706
0.898426330659702 0.218961000418077
0.901676822582883 0.213728874002449
0.924639000935414 0.176761844277284
0.920573274947003 0.183310290518086
0.923917307016256 0.177925314764688
0.922210253901664 0.180673217521765
0.286511651104028 0.797086851434986
0.914565542794355 0.192982562843213
0.926420449046398 0.17389234971881
0.324099752002774 0.780210220685735
0.914380475058162 0.193279773957202
0.359148065182806 0.764457747753811
0.917920737092266 0.187581571296686
0.870234362742227 0.264292968900139
0.897623823998092 0.220252608896257
0.900306170015393 0.215936507525398
0.393715752201277 0.748894565269277
0.915890200520479 0.190850600216388
0.922665291610616 0.179940008822953
0.912192596836592 0.196804905295263
0.915763542620463 0.191055816214958
0.909494782510166 0.201143536369807
0.89943657885624 0.217340145744894
0.914614538609307 0.192905011815592
0.920502359684726 0.183425018068169
0.920502359684726 0.183425018068169
0.910839109558066 0.198981101863502
0.901346098427599 0.214262522994628
0.901571944509761 0.21389914426712
0.920612255547818 0.183247631918284
0.899448684461268 0.217314006023685
0.899047182759596 0.217962575283491
0.915223570219021 0.191923279320255
0.925029709669339 0.176133230186569
0.906007526624516 0.206759895950574
0.922674344091052 0.179927159716709
0.925058555551449 0.176086508104175
0.911646228278939 0.197682823201934
0.902786028730207 0.211943999984315
0.925058555551449 0.176086508104175
0.903990963260341 0.210008790441919
0.921635010834464 0.181601172517448
0.922495262344079 0.180214840086409
0.907630365556211 0.20415334068001
0.920322734908827 0.183713405354199
0.913956701308107 0.193965644719234
0.922660997012521 0.179947852942125
0.912134301131955 0.196897713089258
0.911293132851544 0.198256622106692
0.923132729208018 0.179187599100508
0.901955253169122 0.21328509377189
0.913555790217577 0.194608519607572
0.908817699977717 0.202240364448509
0.921109377431128 0.182447730260877
0.919045480327641 0.18577119714414
0.9224082470779 0.180355589283426
0.913766972813455 0.194270484966999
0.927132312090264 0.172746063576313
0.925067181374515 0.176072623359806
0.923472196337794 0.178641857619701
0.923593988294631 0.178445734846521
0.924095659187184 0.177637257779289
0.916171005747821 0.190401089455738
0.922464803376982 0.180264506640536
0.92098952389904 0.182639402123256
0.915128409392986 0.192078660200098
0.915983533073139 0.19069966170747
0.915299469684919 0.191800632707068
0.917477248747519 0.188297488883352
0.918296828367247 0.186974291873186
0.910628681064285 0.199322964184884
0.921267113659934 0.182191691914437
0.9020755072553 0.213092403608424
0.922376257970726 0.180406255840376
0.921998286355263 0.181014948631634
0.915821580473188 0.190961358465177
0.919397630967848 0.185201256520978
0.920489416355486 0.183445206456358
0.922251007156425 0.18060797159409
0.913870691306569 0.194101872204746
0.91943823326538 0.185138099690758
0.908227619992737 0.203186336851692
0.919098840329514 0.185683526034232
0.925134887025162 0.175963676264999
0.911615968146627 0.197733896830014
0.926502886632838 0.173759879523991
0.918305518406838 0.186961575447277
0.919147286810951 0.185606036123864
0.918792849406695 0.186179190609255
0.921420416644348 0.181944866435201
0.922468342814754 0.180258058304918
0.924239278652419 0.1774062224187
0.91453382270502 0.193036414370699
0.91658252945447 0.189735849980024
0.915727884373545 0.191113876661728
0.922411077518008 0.180350267039804
0.905018454021035 0.20834847640921
0.87912220850272 0.250013161786343
0.927182638122953 0.172665017441156
0.925256148523522 0.175767448274219
0.926040429427097 0.174504931976081
0.922335372006486 0.180472108753318
0.924915213314966 0.176317044193414
0.913194846467799 0.195192940475775
0.910413611633871 0.19966875810879
0.904115054837037 0.209813835052264
0.911369081079069 0.198131752061147
0.921394891271522 0.181986565231934
0.911226214862538 0.198360538497956
0.923698048483892 0.178276997659277
0.904700171942687 0.20886615866511
0.911384243381314 0.198107172964377
0.919920814335806 0.184360385746884
0.922817942234669 0.179694363000107
0.92390636042706 0.177942829378672
0.90519533087655 0.208067887347086
0.871996408649351 0.261462074064113
0.920351852215928 0.183668265638625
0.913953702775288 0.193969429560905
0.911554102916747 0.197832851187763
0.919941005561029 0.184327822345884
0.916010828963348 0.190656122719867
0.916077000918322 0.190550065578553
0.924298643232435 0.177309716395556
0.914161813796829 0.193635421991065
0.915955328592259 0.190745605736302
0.915955328592259 0.190745605736302
0.902365961685172 0.212622678936727
0.906234499485785 0.206396890351632
0.876825652481579 0.253692666819637
0.918385100444918 0.186832006953046
0.873341296149086 0.259298717067196
0.912439924635337 0.196404866727863
0.926029868863832 0.174521930342847
0.908437246277524 0.202851813914745
0.921259677551961 0.182204337706058
0.913135520250249 0.195285424717706
0.917717926181733 0.187909112730578
0.925833631530301 0.174838494868794
0.928861404070904 0.169960968320183
0.925373203627908 0.175579631756367
0.92245668233586 0.18027678295657
0.926265337869634 0.174142467828572
0.91726111324744 0.18864463752507
0.917917037749282 0.187588340019952
0.925463809293825 0.175433702789451
0.929653514474014 0.168685126228753
0.920916778288643 0.182757706324715
0.901858987426784 0.213443739226598
0.908877598391528 0.202142034595517
0.925216425461568 0.175832271460798
0.927182638122953 0.172665017441156
0.91282909828628 0.195780755051284
0.921192515106962 0.182314093827224
0.915633210150233 0.191264992199268
0.922605285569796 0.180038628525073
0.914954306213841 0.19235963675871
0.918435794235974 0.186752978532127
0.921519190896345 0.181786039144352
0.921158656429713 0.182366637404561
0.923773885622368 0.178155167274807
0.909765615216437 0.200713531172918
0.928861404070904 0.169960968320183
0.921138777674882 0.182399893820474
0.917506486516483 0.188247929008345
0.91973179003643 0.184664417335022
0.915042623455187 0.19221693651219
0.922920156864471 0.179529944344384
0.921667206155904 0.181548719949842
0.916208102596443 0.190339813985238
0.924250564367196 0.17738825075849
0.926724045543466 0.173403640963785
0.924083594674433 0.177656331778561
0.919607940269453 0.184864551167288
0.92066675154829 0.183159236191134
0.898242817209012 0.219261785753019
0.898251802781022 0.21924832246294
0.923275753772548 0.178957750333213
0.914469456450457 0.193140772817949
0.910297513838284 0.199856192272337
0.919260498441382 0.185425456673337
0.927719476055319 0.17180033181355
0.914830259678149 0.192559291484303
0.920664686718274 0.183163294063316
0.927632734567204 0.171940005473652
0.899299694374795 0.217556589980394
0.928175594502827 0.171065630634967
0.898275657853003 0.21920972180051
0.921759237476669 0.18140063365801
0.928225809143119 0.170984756592516
0.928863292961158 0.1699579259913
0.928156838966031 0.171095821978397
0.910870412531636 0.198931582467895
0.922418261079032 0.180338829450876
0.899418430710712 0.217371291243207
0.872126698166274 0.261249272105563
0.870352134977295 0.264120205370367
0.867600229733168 0.268518729652451
0.878929899323962 0.250316133996364
0.872913472411265 0.259987602500907
0.327451420465588 0.778705165401484
0.356681466908715 0.76557063747325
0.333794478634965 0.775858959278752
0.346709038214659 0.770056147186494
0.90768893662875 0.204054806517243
0.339130791062906 0.773458645600079
0.363361164591665 0.762563365607261
0.905718681677377 0.207227362113249
0.899555078010509 0.217146382624232
0.900423541088772 0.215742951668763
0.351795872466086 0.767761906379795
0.349404284854345 0.768838662402718
0.34547099706293 0.770610000179384
0.346306173773352 0.770236235254641
0.392715304050782 0.749351956850286
0.896588563503069 0.22191965309701
0.381950920410726 0.754192297626027
0.389252993636259 0.750905517190445
0.912802168792841 0.195823013025771
0.901401744630486 0.214175031638084
0.898190336787109 0.219340160135216
0.909653214091154 0.200891678529793
0.36371772368983 0.762407771996774
0.908422799221446 0.202872582636692
0.2935754872788 0.793918652159285
0.900726346867915 0.215260742326165
0.918433324474683 0.186755494994813
0.913446341514918 0.194782941918866
0.913835901401575 0.1941560327284
0.919740889236066 0.18464829127858
0.919740889236066 0.18464829127858
0.896892893499734 0.221430104353403
0.911925517119456 0.197233338516536
0.896206848963862 0.222531721229126
0.919051501603679 0.185759737271183
0.915494479413441 0.191487881881222
0.89896240324882 0.218097252346171
0.911925517119456 0.197233338516536
0.916829214874222 0.189338010259553
0.919740889236066 0.18464829127858
0.915926538403799 0.190791406223539
0.294645723041151 0.793438163179092
0.914686897591581 0.192786884308029
0.917550985889506 0.188178355348199
0.903515267468487 0.210771612685139
0.910877014069335 0.198921051568068
0.919331214543332 0.185309918945055
0.902005878333305 0.213198585356962
0.294645723041151 0.793438163179092
0.907917563955049 0.203684309877842
0.330099109574159 0.777515575013981
0.315337964157754 0.784147537069687
0.900075555102105 0.216306396789327
0.919264283867621 0.185416404526383
0.897274882489215 0.220813737535879
0.908281385656269 0.203099422991702
0.907096037569285 0.205007925018847
0.330213613398792 0.777466506570605
0.314058952886139 0.784722028431259
0.916343433924626 0.190120606024504
0.334241814090486 0.775655970573177
0.294419422501768 0.793538232407844
0.356426014239168 0.765684925871009
0.901811551465063 0.213510912947024
0.906836424350928 0.205427696590838
0.911804884681065 0.197428899700646
0.322259371597626 0.781038263922769
0.918713949763928 0.18630322019496
0.872530872371676 0.260606386505835
0.89979954479932 0.216748455790738
0.917700617901224 0.187934974636101
0.914820621755351 0.192571632399152
0.353860633759433 0.766840700570132
0.900574736929919 0.215505876161588
0.92038912907737 0.183606976674399
0.905927560041015 0.206887678722386
0.294932611921095 0.793308417520333
0.323386155581749 0.780530826960622
0.907599834689384 0.204199334772775
0.917092176788673 0.188913147195501
0.912560868840258 0.196210744438193
0.910954287533069 0.19879642968749
0.917984874099155 0.187475706311558
0.276751547543768 0.801466735069229
0.913509203103532 0.194683483302507
0.281812739706743 0.799196926296758
0.28551916237264 0.797533417113185
0.289153114474565 0.795901667961313
0.282782037875484 0.798761416687136
0.276438528724501 0.801607843652486
0.282782037875484 0.798761416687136
0.922126610404571 0.180807304305255
0.900442289853838 0.215721645426253
0.906960827743908 0.205227202062041
0.292755453617963 0.794286165912164
0.275968968951447 0.801817749396369
0.289089990460284 0.795931155012371
0.295913172549046 0.792868624929272
0.905637170578238 0.207356896568314
0.283066414217426 0.798634108303106
0.916453416524329 0.189942453169466
0.914986465212577 0.19230718620078
0.278169249833736 0.800830815568664
0.271033571636263 0.804032165919659
0.918245464663616 0.187057781707345
0.278998048308698 0.800458439952507
0.282569628934692 0.798856713468558
0.285944759007552 0.797341528022631
0.275139181638753 0.802190067422379
0.278790580205507 0.800551852388861
0.280791093877717 0.799654264542832
0.274993427064209 0.802255597737485
0.289824084584098 0.795602257546656
0.278067673191437 0.800876831480075
0.302268348006036 0.790016532384129
0.293594747801858 0.793909398927853
0.275284386343447 0.802125876450916
0.292227715344918 0.794522725918919
0.283092061608028 0.798621663398866
0.316083387532154 0.783812914648467
0.283895459235568 0.798261667505718
0.279857713662645 0.800073515998481
0.921261455519632 0.182200215490988
0.920581775431692 0.18329582934039
0.90889820298024 0.202107058567209
0.294539788360085 0.793485248774134
0.288704060777498 0.796104403238561
0.278361825886742 0.800744887606017
0.302521085753329 0.789904061461215
0.914364233955421 0.193306500139159
0.27704496039628 0.801335372520264
0.918486778001562 0.186668385954683
0.295418547775607 0.793090526612363
0.295279365633979 0.793152575260629
0.917541997810588 0.188190652803456
0.292390483635987 0.794448459375771
0.919919424907411 0.184361087577125
0.312495385980364 0.785426752594713
0.292811573034073 0.794259565970475
0.918162837608011 0.187192248428249
0.906411128238206 0.20611429283576
0.275987184210003 0.801810484323315
0.925438177379451 0.175474291187626
0.28001140037809 0.800004552324906
0.922122610036357 0.180814019606214
0.310112797517982 0.786493168978457
0.295933371277305 0.792859769134761
0.919356858481098 0.185268365370579
0.282075366271745 0.7990786898015
0.916750659505381 0.189464914845081
0.924225884356107 0.177426431883352
0.923740732878307 0.178208538941559
0.307738813522217 0.787560093609717
0.323534500759127 0.78046546785809
0.310106967519975 0.78649578208831
0.299345177027491 0.791328692021441
0.920877470723271 0.182820604374399
0.922926732518019 0.179519832970135
0.920843992995855 0.182874053828809
0.904608281100617 0.20900962513388
0.923740732878307 0.178208538941559
0.911394349485226 0.198088923116239
0.896347212448965 0.22230513047011
0.903176224734232 0.211321151222576
0.910449761786211 0.199608260369143
0.915684351911344 0.191180592302858
0.902007082529174 0.213194668017677
0.924312232663336 0.177287690264274
0.924388919923403 0.177164180425026
0.905005974735247 0.208372785062551
0.922759549908662 0.179789074027857
0.91500239624265 0.192281425390787
0.903898779190371 0.210153163215739
0.918804624099543 0.186158500673922
0.913324034485968 0.194982774958454
0.909247981818494 0.20154195102722
0.921228531315917 0.182255484690338
0.910475472547139 0.199566918274462
0.913053024271833 0.195420422961292
0.921038849979059 0.182560523298419
0.327163859919304 0.778835160844781
0.287995768301512 0.796421588984558
0.924381543661305 0.177176310254259
0.92357405883223 0.17847637879114
0.310341789027138 0.786392260189737
0.917973456003152 0.187496037130339
0.90417586596019 0.209705439021033
0.916866617966858 0.189277975485634
0.927946199248977 0.171435059335032
0.896124341034697 0.222661186434138
0.902427603775709 0.21252220620255
0.903236880873471 0.21121724938232
0.924388919923403 0.177164180425026
0.910346305899327 0.199772694985386
0.909892549608158 0.200509659882358
0.907427024616394 0.204474555807961
0.916143849831999 0.190440001301463
0.920360502545671 0.183652601729938
0.91452896449366 0.193040165957599
0.919547885133119 0.184959509896559
0.919043406977021 0.185773764009148
0.904943489710987 0.208471704860709
0.907533754450963 0.204301848541451
0.919932587851501 0.184340432530885
0.898303398776479 0.219161690541258
0.897240933810497 0.220862921321258
0.922174737184923 0.180732364286149
0.918676097490133 0.186364918712607
0.906138301823431 0.206547224067321
0.911635357017974 0.197700782100395
0.90015330178047 0.21618368924632
0.914790050671444 0.192620164660615
0.905625368316228 0.207373345765558
0.877715984678797 0.252266808980064
0.918641098900722 0.186420636568733
0.907958618762937 0.203618578682106
0.92239318275427 0.180379263182437
0.924620566591784 0.176792065849778
0.92461631642573 0.176798913334171
0.902787568471591 0.211939931289947
0.921961870941063 0.181072515909537
0.909128620735842 0.20173808686314
0.913826115985978 0.194172560034033
0.913055704686171 0.195414547621188
0.900387339292595 0.215805882640387
0.874391983566665 0.257617231270817
0.902421553938481 0.212531577323322
0.916230010872297 0.19030558188441
0.92072267216862 0.183067908027249
0.895773320023424 0.223230876560371
0.923306337878461 0.178909478037733
0.926443523302285 0.173855557329663
0.913685628192754 0.194401345080468
0.918938751733489 0.185940104437069
0.920192827246312 0.183921025466856
0.91910933254856 0.185668226815628
0.899641639983125 0.217000398080163
0.922850258072944 0.179644174549079
0.912512848217843 0.196289276276871
0.919396293261579 0.185204047868902
0.909094262711515 0.201790805316093
0.899334273065422 0.217495623178006
0.305575619091846 0.788532321304612
0.927345599540466 0.172402671081442
0.91074904630872 0.199127572491235
0.921684254362012 0.181521453107695
0.90747402291366 0.204402779749204
0.91461688917608 0.19290132842992
0.906433417995081 0.20607695438455
0.917553145896199 0.188172845581532
0.872510455820903 0.260633285121141
0.92717511517655 0.172677011233032
0.90326818463183 0.211169777084167
0.906625205412359 0.205765413115769
0.90924546416039 0.201546856966505
0.899972370339724 0.216472594153244
0.871352841082152 0.262508518343836
0.92662561498153 0.173561858408804
0.922830468989497 0.179676050772621
0.907300688390523 0.204678742136815
0.922830468989497 0.179676050772621
0.921293491467885 0.182150736626463
0.925692780083822 0.175065480758374
0.925715061306371 0.175029586244484
0.900221780065245 0.216071792418409
0.911255843379232 0.198312185685515
0.914002489618699 0.193892351866477
0.919905349839254 0.184387198074975
0.922593208471481 0.180056444764125
0.904643889315159 0.208954763655468
0.913411921084471 0.194841178319158
0.923689788256431 0.178290282116646
0.927291665745402 0.172489550224786
0.89936492516184 0.217451310201788
0.904902307694253 0.208538369752625
0.91999696428455 0.184237053875201
0.900303223569172 0.215940469936117
0.920897563949026 0.182786775456355
0.926668621323437 0.173492594069028
0.911893497707789 0.197286457592398
0.921930412226918 0.181123263982857
0.902188877395721 0.212906221457075
0.911324897421112 0.198201472361347
0.90164959824721 0.213772781529993
0.917790706605606 0.187789428388156
0.925131993334606 0.175968193977253
0.906934857570045 0.205265635248408
0.914564217738897 0.192984744261332
0.917743575353618 0.187868368605707
0.922376489963316 0.180405804419911
0.390122140607925 0.750515386798477
0.909051191032154 0.201861148422518
0.922268781815777 0.18057964862418
0.904851145672721 0.208619208538839
0.918259803841885 0.187036489346388
0.914518106304666 0.193059022964911
0.921886009144373 0.181195695530043
0.922841340341603 0.179658745771562
0.92367439763158 0.178315984601837
0.921873644055391 0.18121660090192
0.898793627118295 0.218367107257
0.926191316225017 0.174261344016061
0.896844010667518 0.22151045480663
0.904464783176981 0.209242598950414
0.914206968450867 0.193560435082885
0.902849763243025 0.211838447347886
0.905478940343225 0.207612591773778
0.9141685184616 0.19362382744714
0.910988985824052 0.198740466215595
0.917051454065583 0.188981388795516
0.898489092752385 0.218863438503921
0.913927025205655 0.194011871634291
0.91868939206195 0.186343504318015
0.868130785920395 0.267676556287739
0.917311577110535 0.188560313199485
0.877640391404403 0.252395139548895
0.906076873770606 0.206646194921528
0.924374692834341 0.177188202015832
0.917628811827882 0.188050711758438
0.918641415845486 0.186418876279141
0.90951098327001 0.201119445896867
0.915733159973357 0.191103249720311
0.904816217667149 0.208677261227902
0.902188877395721 0.212906221457075
0.919538996334434 0.184976498932904
0.905658216975108 0.207320898965819
0.905461124064985 0.207637833392288
0.920087833574129 0.184090720343605
0.277930351566202 0.800938085609852
0.924485392978545 0.177010389381571
0.917268897246412 0.188630269885807
0.930820016028431 0.166806264208972
0.868700541180841 0.266756076108125
0.909968910402963 0.200383901030486
0.911321883941263 0.198202882082075
0.92771860321498 0.171801610413338
0.920203865655174 0.18390323156603
0.911324897421112 0.198201472361347
0.91651022626923 0.189851922409417
0.92209179071454 0.180862872726996
0.921663780901982 0.181553050259064
0.913227035137972 0.195137454336201
0.91555909460625 0.191383517869853
0.90351090224483 0.210779653822588
0.877252141090848 0.253025436324003
0.917383931334828 0.188443969600943
0.91357818202387 0.194571073293666
0.914837697728462 0.192542973861256
0.921765226466043 0.181390479675735
0.923528734512691 0.178549338873741
0.92221717703795 0.180663552831965
0.921723882051059 0.181457327424049
0.919515018043537 0.185012703587943
0.927791766126207 0.17168377304883
0.909100843654172 0.20178167151236
0.902588875334469 0.212266076163077
0.910253412566074 0.19992589695023
0.923369206960481 0.178807782815948
0.874517580876264 0.257409088054103
0.874156777414944 0.257990793421964
0.918916209462003 0.185977282244974
0.9092068868453 0.201611036343386
0.918248343776053 0.187051895634575
0.922288192695818 0.180546800856498
0.923738791020285 0.178211314398929
0.917169265671298 0.188792146806405
0.902534483408151 0.212348699809739
0.913803565581322 0.194211759858601
0.920781206593989 0.182974587656603
0.908514312034788 0.202727093280448
0.919334046568621 0.185305223226325
0.927816108000754 0.17164469402751
0.903503171908708 0.210791076638334
0.916857359703319 0.18929203225561
0.919648165682063 0.18480078882214
0.919601331128214 0.184874406161303
0.378295046877322 0.755840931262759
0.869145286891724 0.2660504065413
0.912153980745503 0.19686323801485
0.927791766126207 0.17168377304883
0.927831364958537 0.171620121933393
0.897374195361612 0.22065012051286
0.921946022090578 0.181099380558003
0.919477480963629 0.185072974363665
0.926538547107756 0.173702667650829
0.915875161798941 0.190876431941411
0.867888996527482 0.26807032635205
0.918772835244036 0.186209623256062
0.913621953558536 0.194501724018601
0.905767045720292 0.207146658288197
0.920573809364958 0.183308857280044
0.912809691156547 0.195809878330842
0.911572273300484 0.197802691513288
0.922615750294354 0.180019803424757
0.904244274719621 0.209600081288948
0.927481029382111 0.172184488964558
0.922137617797592 0.180789638427902
0.927481029382111 0.172184488964558
0.91679235108856 0.189397426546315
0.918552060586463 0.18656425026449
0.927834744022354 0.171614679418044
0.923983428997312 0.177818626527253
0.924863579268424 0.176400309407298
0.911117179958381 0.198537641914913
0.911414104258276 0.198055472435314
0.926620930770603 0.173569715740969
0.926870846766696 0.173167175419508
0.911982645093266 0.197141184036797
0.910827569775823 0.198999566778705
0.899385976423286 0.217414918462586
0.916573154825208 0.189751631688674
0.921291473617081 0.182153699689495
0.910782117076866 0.199072204548132
0.918311913230114 0.186952297961685
0.90779564620217 0.203884492338815
0.926322606468192 0.174050393586026
0.926399528012506 0.173926808089392
0.916509791633787 0.189855338673474
0.910988370387107 0.198741839718874
0.925694469586748 0.175062686884431
0.908348369274394 0.202990702004652
0.897409570305275 0.220594734344001
0.927853101385849 0.17158511238259
0.896470469129975 0.222111652361019
0.908359543227387 0.202970957292848
0.927932661122609 0.171456962476185
0.912240556283228 0.196730076720735
0.923643478004443 0.178364713872452
0.907314273400416 0.204662045886172
0.919491291625501 0.1850518770044
0.927973484465964 0.171391205705158
0.927153732814833 0.172711987528811
0.920407784121089 0.183575279243427
0.920261361771653 0.183812878953012
0.907091046917766 0.205017568658632
0.918871218778161 0.18605092867665
0.919034424435916 0.18578803008005
0.926216431740041 0.174221865008773
0.920483970116701 0.183454040597947
0.916784737412238 0.189410596591134
0.91558861926251 0.191334221653149
0.89892634326958 0.218155802838283
0.919772090579128 0.18460167096768
0.91801991955903 0.187421139144102
0.920169339982319 0.18395962773683
0.905537427663711 0.207516717909593
0.91391698661067 0.194026122504177
0.920563930092688 0.183324334393719
0.905941918586407 0.206869192348052
0.902836679350332 0.211863501001201
0.91744824985544 0.188342151013726
0.927973484465964 0.171391205705158
0.904583780890294 0.20904878325565
0.903146353909649 0.21136475360221
0.909101317683763 0.20177803504615
0.922695100554376 0.179892464329729
0.900444003313135 0.215718188709139
0.873956430813908 0.258313004816008
0.925250433141205 0.175777579297621
0.913153733393221 0.195257346335502
0.921084699467638 0.182485277264567
0.904291120910243 0.209525478032077
0.921186819902335 0.182320652069796
0.874569239220165 0.257322880517315
0.900930243963279 0.214927339841235
0.920261935766151 0.183811672473138
0.916750417145917 0.189466380797392
0.920111178602956 0.184052981525812
0.909655731194507 0.200887972999737
0.910543995935212 0.199458913743657
0.923595703068932 0.178442614444421
0.914895841088165 0.192450790110373
0.899207884377772 0.217703487050486
0.897512645160461 0.22043477662282
0.89766857698365 0.220180849393221
0.920902455064524 0.18278043915534
0.922189655499906 0.180706824379339
0.920875031674167 0.182822846662581
0.898417374338172 0.218979105154691
0.925694469586748 0.175062686884431
0.91824673079638 0.187055185003083
0.923958524111276 0.177858742513514
0.921042030347235 0.182554688093892
0.388067516906463 0.751444971194463
0.914956869840904 0.192351781500399
0.922819086733122 0.179693782547381
0.867514751128358 0.268678253679791
0.926110184683637 0.174392166622135
0.914620405488422 0.19289387657333
0.926052713921583 0.174485391007598
0.38941862760381 0.750830782443539
0.920539794751595 0.183364620191497
0.900112277125366 0.216250150079236
0.923535181147922 0.178539294298666
0.917504883480527 0.188250160201456
0.922463347481896 0.180267334069869
0.920303150916873 0.183745317325359
0.300300669129906 0.790899784557543
0.925739070421422 0.174989891015127
0.921782463446835 0.181362323972192
0.917800777308099 0.18777516914606
0.914620405488422 0.19289387657333
0.922241206814781 0.180622873300284
0.9017820988444 0.213558293946903
0.924235800800929 0.177411265557126
0.898908067764655 0.218185442859815
0.917582498465319 0.188125913064555
0.913952438701235 0.19397076165444
0.920264155077477 0.18380763143055
0.901398409874646 0.214178429187006
0.920483970116701 0.183454040597947
0.907550799391797 0.204274946456156
0.920483970116701 0.183454040597947
0.917211222037081 0.188722933406439
0.92043396070526 0.183533937074467
0.294359052726752 0.793566790133508
0.923521928725498 0.178561794848925
0.898007125693877 0.219632422184476
0.920350075937008 0.183670451323424
0.926449869926645 0.173844983612683
0.926561401150303 0.173665796465445
0.91131344207573 0.198219906890183
0.928001953876942 0.171345350525628
0.921177775619866 0.182335749441574
0.921514009115509 0.181795377658203
0.912101642132283 0.196948812802896
0.914661105577523 0.192829217422115
0.872382212188203 0.260836577375036
0.919292095178457 0.18537307068523
0.210376769071674 0.866121027613944
0.23130276216455 0.855364691956716
0.194131158608704 0.874468494673112
0.229555911925626 0.856262718588273
0.192584652222984 0.875266777012542
0.905328564416432 0.207858588659499
0.167357188130369 0.888219354709414
0.232291216157644 0.854853679903905
0.17734713517781 0.883089384796407
0.184018816046641 0.879662700667615
0.905899673054762 0.206935535988028
0.188576207281239 0.877318942375636
0.907001239527109 0.205160187506781
0.195253702765722 0.873886662251476
0.182723577303816 0.880330562600089
0.173316723034431 0.885159765999745
0.206628473971181 0.868043953513041
0.182468890381803 0.880455509402788
0.199132136136226 0.871894714216688
0.209423323291721 0.866602175115149
0.187705582878666 0.877766291061775
0.161487082838168 0.8912346973778
0.195081201146047 0.873979871026465
0.190002641752108 0.876589370603469
0.175635898025981 0.883971724956009
0.172215152967598 0.88572512528675
0.898361965970829 0.219071765368995
0.166359770775476 0.888732374373301
0.161815619629412 0.891065841571345
0.216737123198603 0.862850568498608
0.18279072097322 0.880296282862357
0.193615397609894 0.87473408643466
0.161067618036997 0.891448582976037
0.181363073393266 0.881023088743523
0.907731015514683 0.203984908462578
0.167839751892349 0.887973332574332
0.174114016145662 0.884751604004594
0.200571206179578 0.871153875054832
0.163586926513222 0.890155452075562
0.247472918885536 0.847040357289578
0.198874039620493 0.872027010377912
0.170889029430095 0.886403822326563
0.171477336335246 0.886104006955778
0.190864433903667 0.876145249334272
0.19545429102726 0.873784048903226
0.164251461756685 0.889814714808154
0.184150314853746 0.879594451993387
0.222107786434461 0.860089304337381
0.222468276598961 0.859908728203846
0.248298660569642 0.84661609632961
0.195311420051517 0.87386049792763
0.182569766917281 0.880406031197275
0.251743973296943 0.844842652024148
0.162140458070926 0.890898102581863
0.238016866817463 0.851909604419834
0.189775150505693 0.876701247403274
0.206121133845901 0.868303981145447
0.206713487336893 0.868000974917429
0.193880896769182 0.87459825392153
0.170176799247749 0.886770805394892
0.211673775846387 0.865454623157042
0.191201303528405 0.875970498253723
0.16561791576349 0.889112059721687
0.183814790308813 0.879768419044031
0.187298508441848 0.877979212420325
0.182440522085623 0.880473881839396
0.197801409040711 0.872583325337495
0.183442976041267 0.879959154210271
0.198400118157827 0.872273112314972
0.166219328945121 0.888804799731737
0.197216620802869 0.872884910108743
0.208830046312628 0.866919346987167
0.238362783143525 0.851730150993666
0.201918877927877 0.870465156279533
0.188835904324734 0.877190757298271
0.219078215419562 0.861643748498191
0.175613483389324 0.883979344949839
0.896820126806183 0.221548947399992
0.192481933258256 0.875315500128252
0.898717313245898 0.218492357478528
0.898985833645687 0.218063238090992
0.904814901338651 0.208680947770704
0.879523320036198 0.249356461186123
0.904389610199488 0.209364830075437
0.904389610199488 0.209364830075437
0.916962012644301 0.189127815854168
0.919597484003501 0.184880256269943
0.911283511123364 0.198266459117098
0.913687949118248 0.194397741691147
0.879523320036198 0.249356461186123
0.919678209574947 0.184750209239993
0.902711539716446 0.212064862553121
0.877923399860012 0.251939260981478
0.901801279676079 0.213525851776339
0.89612033036236 0.222672220114619
0.907789971763592 0.20389239400164
0.915069588823322 0.192169896190046
0.896128512469798 0.222655476202885
0.868431051770046 0.267194863050039
0.902143573861593 0.212982892546536
0.904781304013294 0.208738804551755
0.920428293458097 0.183544676565933
0.911244300687853 0.198333034439125
0.912018120070922 0.197085613065154
0.896001799958414 0.222861899027409
0.919622031711362 0.184840738067329
0.91634705048953 0.190115324595981
0.919442776267926 0.185129323776191
0.90161027262112 0.213838068042925
0.896567901449661 0.22195778839887
0.918190005782195 0.187147920113671
0.918133411076852 0.187239011322211
0.878387674613338 0.251188916703637
0.919425954330869 0.185158640990221
0.912127451839501 0.196908204091224
0.20604804817464 0.868340634834224
0.897182918159348 0.220959532924318
0.9028178980435 0.211894574002934
0.904057993334466 0.209900480716495
0.8988527724066 0.218278525158572
0.897688835570787 0.220145545449114
0.906820708446488 0.205451449202366
0.905081435840576 0.208247483170112
0.911729727957144 0.197548722133068
0.920419400369024 0.183560096757598
0.896944293655517 0.221347767753229
0.912102546554518 0.196948632259955
0.915047151251973 0.192209449846426
0.907028412788223 0.205118402644632
0.907158427667855 0.204903683860822
0.876858325877967 0.253641355944051
0.914000217200979 0.193895680401866
0.92063396678254 0.183213166203802
0.920199999003615 0.183912227071158
0.920199999003615 0.183912227071158
0.921704600240403 0.181489285975899
0.897658249044911 0.22019955211652
0.923437384887683 0.178696789783948
0.903384578696044 0.210978475278662
0.917081158702368 0.188933825427715
0.923277449224864 0.178954278663317
0.912918298759917 0.195637938941452
0.896555060465191 0.221979355157538
0.912567227366476 0.196199321787587
0.915496126278685 0.191483851729603
0.919629849711759 0.184828175060392
0.898291021348708 0.2191798844099
0.90679909166873 0.205486327455632
0.916324179116881 0.190152599399485
0.917424531634238 0.188379698945666
0.874411253517854 0.257590754419733
0.921602076652796 0.181653427505708
0.902967498847233 0.211652215027393
0.916857280496983 0.189292755991893
0.913201659210278 0.19517936379885
0.917163241989361 0.188801272944517
0.897237370511445 0.220868980892779
0.912543219083886 0.196239153837861
0.920839363706889 0.182880134577685
0.904905758897503 0.208534030459428
0.899871778415786 0.216638609004701
0.910144897448552 0.200099555387436
0.911114597545124 0.198538810922737
0.906484504585463 0.20599326425496
0.904532141092375 0.209130423175404
0.922423619062209 0.180329210649862
0.9266261282709 0.173561560347682
0.919080986125083 0.185714744301362
0.925488276809803 0.175394468252808
0.909766579202975 0.200709799242163
0.915246669791496 0.191885509072099
0.896110874274668 0.222686440680553
0.906702790868149 0.205643726139534
0.916319078787246 0.190161972907506
0.900086579491945 0.216288449698847
0.903737352806051 0.210411934016033
0.908307445850427 0.2030571481949
0.914650469051603 0.192845102769819
0.919065468008055 0.185739241742252
0.917834248941153 0.187721784912072
0.90631705823903 0.206267560656107
0.906957362702986 0.205231700518608
0.910865598912332 0.198941436701027
0.905111074598914 0.208205823214231
0.914777798128596 0.192642775716218
0.911629356661458 0.197711601883373
0.900483144930849 0.215652881782161
0.925272886769399 0.175741486977059
0.912041158332452 0.197047717716546
0.91739825982912 0.188422691433647
0.90662688663707 0.205764575552714
0.917516985222376 0.188229945390017
0.902468718994221 0.212454531914026
0.916139587870757 0.190448000333336
0.910443213387257 0.199618985765755
0.915446975439201 0.191567285853287
0.907446478687821 0.204447345532247
0.898299456794906 0.219169204559905
0.917516985222376 0.188229945390017
0.915151352560918 0.192039900057646
0.896914719938285 0.221394714862002
0.926532255641504 0.173713174018923
0.917452598814287 0.188337057323214
0.906639758703779 0.205740653424323
0.912327582107477 0.196588923751567
0.917291923446497 0.188593355944186
0.906327057664888 0.206244990823805
0.905196726098968 0.208067311799621
0.922956673419965 0.179470855950043
0.919090756655676 0.185697707288264
0.917660795268892 0.187999314880088
0.909626477349902 0.200935958437428
0.869454075292677 0.265552010380962
0.925192951060229 0.17587015762513
0.925202285643781 0.175855084440871
0.925543936503472 0.175305021081972
0.921750091759293 0.18141553774084
0.912892483699447 0.195681543198619
0.921613181889203 0.18163579316659
0.919624647133479 0.184838068851841
0.925899910557237 0.17473144838697
0.878355645056999 0.251239618598914
0.916836329743244 0.189328604702549
0.922259147003747 0.180594158302855
0.921398975516104 0.181981219096114
0.354147797844041 0.766711459458009
0.395140910604538 0.748252148563642
0.371121542047804 0.759074041167135
0.905853273370168 0.207009858251715
0.902235513347843 0.21283241483212
0.875262174610683 0.256210663730939
0.900429837008864 0.215734275989593
0.902582912130474 0.212271812772283
0.900250034674836 0.216027360008491
0.897675331644148 0.220167758547051
0.90709265381591 0.205014490043722
0.914134037609642 0.193679828999888
0.918119805999365 0.187260229159846
0.918119805999365 0.187260229159846
0.895729903196825 0.223299648138998
0.895783296201315 0.223213746575945
0.909680137671221 0.200851692810404
0.900600760199153 0.215467032745458
0.919282468738416 0.18538742660253
0.903389750257093 0.210975908652203
0.918004790802364 0.187444610516302
0.911889009045052 0.197290966042699
0.923160055493563 0.17914346600999
0.912032933322136 0.197057905077261
0.923996646051877 0.177796925442283
0.913682432668796 0.194403489863343
0.923996646051877 0.177796925442283
0.916018454768263 0.190643271344812
0.908814110712733 0.202244767856794
0.923996646051877 0.177796925442283
0.904716466776959 0.208834660896804
0.897304727551046 0.220765896795283
0.917400378060565 0.188417087813774
0.913616361972964 0.194511362265303
0.919994311356703 0.1842427135077
0.902526978459573 0.212362442666421
0.918574048653835 0.186530417395558
0.921996498719456 0.181018850164188
0.922902520885135 0.179559400789786
0.875596549480118 0.2556817886471
0.904460168273807 0.209251062612772
0.924090642296375 0.177645851667919
0.906167633953318 0.206503579214346
0.915463255778105 0.19153557758762
0.911484085251125 0.197949760422517
0.910971924769538 0.198767731383474
0.91012074110285 0.200138894554432
0.915554480379548 0.191389467558723
0.913596096720767 0.194543953446648
0.926015552531482 0.174545227729029
0.910016146328381 0.200306333026251
0.91894248222082 0.185935940334515
0.923590405939211 0.178452054280763
0.919388720482599 0.185216928930019
0.918094370037637 0.187302625028287
0.914141985526704 0.193669658853017
0.919054879327449 0.18575694243291
0.919388720482599 0.185216928930019
0.922447124661514 0.180293113941945
0.92157329731418 0.181699682622419
0.912765414982981 0.195881659564968
0.911984544097215 0.197138817524083
0.903360257791489 0.211024961995425
0.90870478377761 0.202418014882239
0.905182167968575 0.208085179652426
0.924859132954928 0.176407478793917
0.92004744315643 0.184157166507163
0.923763806175127 0.178170600363723
0.922322417830157 0.180492559700739
0.923573329518088 0.178479566437562
0.918536223151372 0.186589566525793
0.915871701735595 0.190880272524391
0.898428713405247 0.218958956036641
0.920079108957155 0.184105487915297
0.904250381418653 0.209589154829247
0.87225550852428 0.261044255419706
0.907765847098719 0.203927056985559
0.918500089164332 0.18664903596357
0.901949457081157 0.213293710071136
0.922960282354964 0.17946592697042
0.90563143240562 0.207366556236971
0.91445161375915 0.193167028610929
0.916989873985742 0.189079799927244
0.918472284912184 0.186693364082528
0.907425668437235 0.204480609015379
0.914483014690557 0.193114603785233
0.913682301791497 0.194404977077803
0.911616434674372 0.197733495974059
0.898601636226419 0.21867942203026
0.904957654162854 0.208449561586582
0.911468990035096 0.197968914971094
0.916971601996744 0.189109228454065
0.911213712023064 0.198381816622101
0.905399256532391 0.207739155398779
0.91062189661806 0.199330745459713
0.903825965085706 0.210267674048451
0.909489681241794 0.201154320294541
0.910750730854311 0.199122388768407
0.913828078599442 0.19417148555536
0.923933460764651 0.177898978305625
0.924961701358777 0.17624284367008
0.915748410761217 0.191076372723702
0.899689674476736 0.216925820206567
0.908188387452055 0.203254357652576
0.90163133180753 0.213806311681019
0.910938627353158 0.198823175524304
0.911941274769568 0.197207888762902
0.915118253590274 0.192093449906191
0.896780594118336 0.221609543130683
0.919986023779266 0.184256649739945
0.922473491976378 0.180250650384939
0.924061079916707 0.177693120332473
0.915507147845125 0.191468798333871
0.905636980225068 0.207357237680084
0.924958034487738 0.1762478360232
0.925126206336646 0.17597732345737
0.896371610651266 0.222264233667348
0.914974450494305 0.192325008764661
0.906827869503824 0.205440796018058
0.914126828075613 0.193688486032896
0.91153687079251 0.197858037946263
0.916197475686845 0.190354840796062
0.912949233176999 0.195584500959354
0.911304511775459 0.198234818544643
0.914645294667396 0.192854368006072
0.918887678404886 0.186023348207335
0.91144007290286 0.198012309050183
0.91590351400685 0.190829041576051
0.911877232756541 0.197313090496659
0.921992539841614 0.181024240958925
0.912087094185738 0.196971778112557
0.920762821573228 0.183006077879953
0.903065507499015 0.211491313909563
0.922779103752511 0.179757975949694
0.923928512685371 0.177906116627997
0.921747316074477 0.181418582558742
0.913295037293553 0.195028281654284
0.913885293370035 0.194078234139825
0.920833284740752 0.182890654266841
0.920317241629306 0.183722587952191
0.91501187610597 0.19226415776878
0.924556457115229 0.176895141092622
0.91738866055086 0.188438446624079
0.919722518140483 0.184681817732524
0.908784300826974 0.20229163644427
0.912399377245431 0.196473830648359
0.896544479381024 0.221982867437211
0.923928512685371 0.177906116627997
0.919460707345789 0.185099703764254
0.906510542951715 0.205952801054333
0.898098288036169 0.219493642236986
0.919640512850901 0.184812170784538
0.896322565724271 0.222348734915316
0.916545111431578 0.189796230276393
0.921320998670927 0.182104901813272
0.920840781063985 0.182878825180427
0.898170150004109 0.219377647704977
0.904159423986548 0.209739650460451
0.918398101828148 0.186812364877697
0.901959725851738 0.213278483412571
0.922726061137435 0.179842399548432
0.907314611455014 0.20465723058688
0.91247700568078 0.196347880801021
0.91590351400685 0.190829041576051
0.871362025898545 0.262494083810094
0.924158057401008 0.177536814220732
0.913106671957404 0.19533357754101
0.909941156525942 0.200429670450713
0.919765331198086 0.184609926147789
0.917768960583742 0.187824339839839
0.905891261198705 0.206952466701183
0.90028177619172 0.215973771967535
0.914180555797544 0.193601919936436
0.919488876930771 0.185055960494807
0.917768960583742 0.187824339839839
0.926737731547633 0.17338168848523
0.907877540185702 0.203750355129215
0.906979630732901 0.205193688535965
0.872652898167826 0.26041211756973
0.921390773242646 0.181992884788316
0.922873226272136 0.17960755691985
0.906979630732901 0.205193688535965
0.913605539131491 0.1945280988535
0.925128394314647 0.175973560306895
0.873393396369679 0.259217036520804
0.913072788612189 0.195388013979672
0.903935369781715 0.210094647182121
0.915511390124787 0.191461492184102
0.87213543343795 0.261232954341425
0.914504247147544 0.19308256583726
0.876703580132413 0.253890761698453
0.916084684826896 0.190537274117985
0.874591301178047 0.257290027655103
0.911750356448487 0.19751336706596
0.915630521766488 0.191267834032241
0.914953434310341 0.192359828424241
0.899760798090969 0.216810829605098
0.91618790376022 0.190370803749401
0.922007953983026 0.180998305671798
0.867568612477836 0.268586645780181
0.900163811764046 0.216162045936751
0.922006936744582 0.181000210991982
0.919307312478132 0.185347308625444
0.89585902094506 0.223088484000339
0.914916373560144 0.192416298292462
0.917951835839878 0.187531692465753
0.915100037458415 0.192121636034023
0.903664954120425 0.210527389928524
0.899637231472978 0.217013379368191
0.899943224252008 0.216516055357594
0.918195103946782 0.187138194650232
0.874294057215876 0.257776701602876
0.913031429800241 0.195452717009793
0.907691707265933 0.204049917895477
0.912147635810465 0.196876949642082
0.903903196149646 0.210148997010094
0.920678445406119 0.183140624711409
0.922075753870103 0.180889863421151
0.916932750030613 0.189171223574516
0.898025094193986 0.219613850487285
0.922780287923686 0.17975665864837
0.925874215996619 0.174772838462073
0.919660437547402 0.184779214759414
0.920389732076304 0.183604805276804
0.917775330593068 0.187815272415171
0.915692820934153 0.191167384090488
0.902344745286345 0.212651903501287
0.921958372947605 0.181079139721763
0.922987939640217 0.179420534103894
0.903047961934413 0.211523150742712
0.909087670986258 0.201799761662936
0.917163419059799 0.188800123556106
0.878980741967092 0.250231306584485
0.919099613711416 0.185683395853397
0.874972532176737 0.256676099574476
0.897913579500766 0.219789602038456
0.906212940720282 0.206430244991432
0.915137436028628 0.192063001265253
0.912876108707355 0.195702123173673
0.901007020464948 0.214806809833476
0.867583438393444 0.268549506868566
0.920096471084637 0.184076417979702
0.911823574417295 0.197398052348742
0.906928590666029 0.205279079451633
0.875414894930413 0.255962500602449
0.904515966927403 0.209162197212748
0.910209789314677 0.199995090050158
0.903211022754486 0.211258740932637
0.896291547306251 0.222399143751501
0.897077444116294 0.221129279785849
0.870900497084683 0.263230235979541
0.898703466899354 0.218517287340932
0.905372914421847 0.207779590473129
0.90684220010509 0.205418208943876
0.922581816308927 0.180075511147204
0.907548190346156 0.204278679469896
0.907886415119547 0.203740417203986
0.927173446400503 0.172679741568627
0.920276085570982 0.183787962137484
0.918590423625218 0.186504355935453
0.922342326439636 0.180462223059425
0.908762949081522 0.20232851426203
0.916154038440874 0.190428131154344
0.912277509490915 0.196667426974246
0.90743200105907 0.204469725346907
0.91294651478226 0.19559298027279
0.903440034645692 0.210894883745109
0.920097018531193 0.184075475534847
0.8715525993452 0.262174374580793
0.900593086340359 0.215477670076555
0.909586574757525 0.201001733257172
0.912022365462814 0.197080382505445
0.91948875734175 0.18505693336133
0.917436104540458 0.188362095390852
0.920477477332099 0.183464587011052
0.924348947769278 0.177229391945121
0.914968200915204 0.192337231318477
0.916467536631592 0.189921250028791
0.915499925458268 0.191479135481748
0.923159664345209 0.179145077366598
0.92103961325354 0.182557633872814
0.921300006063096 0.182138500765963
0.907024419966205 0.205125917443007
0.91313489882866 0.195289020671128
0.918920396669863 0.185970755525355
0.916390240924249 0.190044719408613
0.907069933919228 0.205052103674316
0.91831208586555 0.186949879036203
0.925671461559217 0.175098891168586
0.925594974634887 0.175221916418397
0.916566898794958 0.189760383100995
0.915846159202549 0.190920773780886
0.909523878666394 0.201101608695269
0.921444158601373 0.181907326759309
0.926789211478299 0.173298467554344
0.914078253848754 0.193768236657961
0.902777286098416 0.211965008787063
0.9230277702196 0.179357019509346
0.919768182206493 0.184605100726229
0.917043293340498 0.188992787643464
0.922768437467321 0.179775161911669
0.916233151035232 0.190301366627077
0.918573918742569 0.186530964694561
0.901236646795544 0.214445622745714
0.918432795221428 0.186757151545146
0.920156914363251 0.183979180396622
0.923558191446223 0.178501976798273
0.920899602451296 0.182785395800295
0.923430878303432 0.178706987972032
0.920637821043726 0.183204437431263
0.928729192991802 0.170173788859965
0.918304256655422 0.186964278546376
0.904049704537264 0.20991119010912
0.924287578870033 0.177327968520244
0.924422482095495 0.177110677033588
0.903618683366072 0.210607255818421
0.871244885011349 0.262669093295195
0.921236649641875 0.182240010833095
0.924764880013125 0.176559656799255
0.911407998841835 0.198067645494665
0.922054518072776 0.180923777835447
0.901296405935025 0.214348610249485
0.918018016464388 0.187424733066016
0.909286354207838 0.201485653430106
0.911326164737466 0.198198946460215
0.921751453458725 0.181412131647133
0.920813458378259 0.182924077351818
0.90270250401249 0.212083504121482
0.920437560350504 0.183528478069253
0.911539481471349 0.197857216462499
0.92390219828688 0.177948805977043
0.915755906115152 0.191068608969052
0.920174102587016 0.183951918683195
0.92161084364656 0.181638781719362
0.911639741502669 0.197696110603747
0.869892898259567 0.264859321612326
0.917112981929795 0.188881268532616
0.877126054133518 0.253222870827866
0.921910995465621 0.181154603257125
0.91860727376099 0.186477035240018
0.92533211733247 0.17564536933482
0.923831390294376 0.178062928759806
0.925397479417626 0.175540100021622
0.925470742217996 0.175422105511633
0.923537870222099 0.17853582229013
0.922983811786354 0.179427813140638
0.92308681770049 0.179262223235665
0.878895051377326 0.250373006540794
0.925278477968892 0.175732061901105
0.896428596973574 0.222174542141279
0.920660601983892 0.183168862278493
0.924094061435185 0.177639994312593
0.920012276937265 0.1842134003997
0.906481997407187 0.206000680616747
0.925549333091091 0.175296078937879
0.918022913085971 0.187417759853477
0.90098233406584 0.214850141346756
0.868299102104868 0.267404549867971
0.873940473540299 0.258341982518213
0.919968063021923 0.184285035299343
0.896428151289759 0.222175259235687
0.913966943892739 0.193948267647673
0.92196436845357 0.181071403682218
0.915426618982894 0.191597869600346
0.898901136120814 0.218200799681593
0.923966120752244 0.177846238170947
0.921793657959845 0.181344710273615
0.925545713714106 0.175301906341801
0.871229427622582 0.262691645841713
0.926175083914056 0.174287941554922
0.924649562575667 0.17674577918718
0.925716399259525 0.175026776181941
0.925134294468291 0.17596371844698
0.901225900331415 0.21445232030731
0.921590824308457 0.181670848786473
0.86893352582474 0.26639749203872
0.873718780920621 0.258690936776152
0.925716399259525 0.175026776181941
0.915097519962934 0.192127732185057
0.924738531253976 0.176601527287288
0.926175030322941 0.17428802780347
0.920766489927774 0.182998530032757
0.915158611184664 0.192031121918827
0.915523625295495 0.191443294089386
0.897831821989536 0.219917127178545
0.9097828948642 0.200688250430468
0.923875977721858 0.177990923110236
0.91640061096583 0.190028699799448
0.870635703466719 0.263656193711589
0.90751224457178 0.20433946810836
0.924794038770604 0.176512096637411
0.922712279522622 0.179865432639469
0.920686832948075 0.183127789966747
0.924578049499296 0.176860071473378
0.871732022334526 0.261887588794501
0.915752034284192 0.191073854037467
0.91487643411729 0.192483725022073
0.9115112922199 0.19790379557933
0.923273523961234 0.178962643747071
0.917016537863645 0.189035603585537
0.868198885317205 0.267565528751877
0.867885977648172 0.268071068705196
0.925800970227969 0.174890335850644
0.869976917614878 0.264716835157152
0.875638014416268 0.255606088453228
0.870749807394318 0.263476719088634
0.9237911056335 0.178127382372997
0.868211323122464 0.267545534965839
0.925792411729946 0.174904654100353
0.914392028189866 0.193264339952419
0.877198450333861 0.253100608561123
0.923731118149508 0.178224092187678
0.921050746405481 0.182541016140727
0.876110438385594 0.254856691439111
0.922374743652699 0.18040846549957
0.870847052628079 0.263304599757444
0.917196882764636 0.188747676738434
0.92515973305954 0.175923441611904
0.870732326164693 0.263494031267679
0.879441075134004 0.249496941389882
0.92787884040162 0.171543584700572
0.923309127611771 0.178903198929842
0.923545541225656 0.178522762843313
0.925716399259525 0.175026776181941
0.921338308990815 0.182078475258686
0.90571384143088 0.207232973466604
0.904985231473547 0.208407744282869
0.928243909028835 0.170955773310449
0.928233661406946 0.170972280309347
0.922767905328954 0.179775454407016
0.920218465783917 0.183880901589127
0.92344095686667 0.178691277965964
0.874795027053065 0.256965537802464
0.92824037901364 0.170961458883079
0.922409663135929 0.180354003932384
0.921910877989506 0.181155727060733
0.924213460197991 0.177446757226431
0.9149421699902 0.192379401074144
0.920218465783917 0.183880901589127
0.920569300375197 0.18331686734291
0.870052173273302 0.264588047100564
0.30055487242006 0.790786284438539
0.30111023346471 0.790538400628674
0.322928987307167 0.780741303200917
0.286068495104422 0.797286895774968
0.302536650060235 0.78989621441521
0.297031005742622 0.792365867085341
0.332481309348345 0.77644658830586
0.311417983168126 0.785908730491562
0.311417983168126 0.785908730491562
0.38017511803754 0.755004904121535
0.345339771831891 0.770667535314949
0.271914419195347 0.803638196624359
0.394039945616959 0.748748685669445
0.270854829942664 0.804113323103769
0.379986626507584 0.755079815567723
0.264769371935234 0.806842666477722
0.267596898561884 0.80557451035861
0.388647895904082 0.7511840599518
0.266830835605652 0.805918131728853
0.274237803382059 0.802595728804271
0.278410196665283 0.80072323009589
0.378217110377757 0.755883109078256
0.317309639513287 0.783261002112022
0.334067946875735 0.775732801060691
0.274864128975643 0.802315153244508
0.385335126294381 0.752670711993058
0.327752838983043 0.778573270788259
0.277016278702694 0.801349159594751
0.39633081914474 0.747719754141485
0.37907180498135 0.755497967841326
0.357612063945399 0.765148576460972
0.350009453474401 0.768571254562263
0.358009543654589 0.764969006831884
0.354211678687091 0.766680915529079
0.346955250382311 0.769946716085812
0.268478914429427 0.805178463059487
0.353818439748901 0.766855784699843
0.372597356748225 0.758410928444034
0.299301960996018 0.791348700165462
0.322873242607353 0.780763322608845
0.320150263544797 0.781986762041751
0.306471989795066 0.788129242199154
0.271166406626205 0.80397352927403
0.379670143648299 0.755223634662281
0.381163283669877 0.754553173294401
0.266833731529641 0.805916832989875
0.30387789776696 0.789293879085182
0.363337121548414 0.762575977552672
0.339477040906588 0.773304090370221
0.330029703095714 0.777547213590707
0.378464238979795 0.755770246146767
0.369314086456955 0.759887447820766
0.364437611485238 0.762076467989455
0.277706151958376 0.801039849982866
0.388279004444932 0.751349771629473
0.364742965751741 0.761941763869135
0.364436258865549 0.762079276725528
0.364927726890265 0.761860981751025
0.36224274713939 0.763069419606496
0.377697589435653 0.756108362327491
0.38946655846341 0.750815935035458
0.391055375708795 0.750096774518363
0.337386975991587 0.774240677962769
0.374095332076257 0.757734459352372
0.383877001387889 0.753330219621822
0.365544293854276 0.761580241984016
0.353269693796182 0.767108869144362
0.372822937927245 0.758310147807119
0.390178416081625 0.750497957162769
0.380253633411981 0.754963199832667
0.37485204758443 0.757392614568054
0.385266064853555 0.752707927863317
0.371315352146309 0.758987869014631
0.376300178047469 0.756739762062644
0.379734140810219 0.755194692270067
0.361474503948447 0.763409820980664
0.370722079033231 0.759251145633872
0.339743617628395 0.77318509338853
0.374931925103641 0.757364097652384
0.384432751013078 0.753082633475802
0.359211571086304 0.764431700108812
0.369736409590114 0.759692667011558
0.27731661411967 0.801213679985371
0.342782045673714 0.771818844170439
0.383850673897609 0.753339974127508
0.373954095373771 0.757794397169593
0.351073651349689 0.768093453879319
0.285545429493315 0.797522058523253
0.367614446852003 0.760653817200348
0.381020646731248 0.754617994778238
0.325128306463542 0.77975010974828
0.353821576725712 0.766851297756729
0.374269209910564 0.757661364504799
0.385671808602119 0.752525723454042
0.361020441074427 0.763616734843504
0.337390164036177 0.774238930954498
0.34483276096347 0.770892527920628
0.387555584405655 0.75167272597629
0.344226244218725 0.771167654471117
0.388829312621851 0.751098273156058
0.381498435228933 0.754404434586057
0.264420937226373 0.806998879456014
0.355344234500369 0.766170136302836
0.38908240048941 0.750981712404464
0.266980839203495 0.805850835570027
0.376557139421141 0.756622890594867
0.306520231911087 0.788109437721204
0.389220052582345 0.750917331195882
0.358565062590944 0.764719999783795
0.34778518503051 0.769570358665127
0.352139136340436 0.767607134572817
0.270704234083237 0.804180905869138
0.395951112505929 0.747887978371339
0.291436345419272 0.794877708104977
0.376556685256816 0.756623091289532
0.358830289263588 0.76459964430908
0.298581426935153 0.79167122963823
0.34270664129386 0.771851833081958
0.359887653225828 0.764123272493563
0.310395288176104 0.786365839071889
0.264420937226373 0.806998879456014
0.378980052468849 0.755534019603993
0.393100142400384 0.749177054797367
0.38871438406434 0.75114872258758
0.871304346445585 0.262571152794356
0.896757726017541 0.221646531884991
0.903003079110905 0.2116026267151
0.91591902783212 0.190804236337543
0.906657888788937 0.205713232421783
0.920593687399613 0.183276620226158
0.920593687399613 0.183276620226158
0.920593687399613 0.183276620226158
0.908622268949662 0.202551286072906
0.919273655458659 0.185403690618743
0.915595383624087 0.191325468915814
0.907557980682537 0.204262245240838
0.913429509396646 0.194813709818564
0.915351220346151 0.191718795006436
0.869775909598596 0.265029159777423
0.918771748259382 0.186209830913629
0.919580311599519 0.184908381451024
0.915761445321659 0.191058135693736
0.918221893310035 0.187095776962908
0.914966040495609 0.192338593634921
0.922748622263607 0.179806293182018
0.917725774386729 0.187894608006012
0.921447876614697 0.181900978485447
0.917536938717735 0.188199933076617
0.922798028701351 0.179726401214895
0.915045793156275 0.192210529998165
0.915198355613371 0.191966579789456
0.92226755394753 0.180580810317295
0.912241151109785 0.196729276142008
0.919332313166947 0.185309494513583
0.922064803131044 0.180907090577062
0.924009748254325 0.17777457946132
0.923028013789712 0.17935534000384
0.913446091026982 0.194787322811548
0.914544315899866 0.193016579608348
0.920122199980679 0.18403543222157
0.922798028701351 0.179726401214895
0.917910435333674 0.187597066487912
0.92012140076431 0.184037410533237
0.910370457568884 0.199738759340854
0.923031196860204 0.179350746621217
0.907906182271683 0.203707150910598
0.910649783963054 0.199289102621284
0.909231008432098 0.201571865189141
0.918558115944521 0.186554264883268
0.910899179721952 0.198886956915521
0.906717103386041 0.205618281369568
0.910943730185359 0.198815761677695
0.917893385654703 0.187625795390441
0.897430339342553 0.220572370690268
0.919417968599176 0.185170437103429
0.920317774878204 0.183721229201776
0.918544147254377 0.186577630375849
0.91971779115642 0.184686136412306
0.918199820504799 0.187131493257902
0.919313289052602 0.185337542823799
0.918816590664181 0.186138367143388
0.914619345887421 0.192897487112941
0.920183955116392 0.183936900707448
0.916601591984432 0.189706930005936
0.912719326839201 0.195957763618183
0.920869215419857 0.182832681614911
0.920201646142165 0.183908438035054
0.91917062543083 0.185566978316058
0.911742434599687 0.19752859810182
0.923200885306451 0.179077372788666
0.909571262951491 0.201028459384054
0.918689756677574 0.186343127971544
0.91980706976121 0.184543353216325
0.919834137014201 0.184498700448941
0.918347014056913 0.186896335275293
0.921495560754045 0.181824471072451
0.919045586367498 0.185769850956031
0.921537931096109 0.181756099226621
0.921479438291053 0.181849025983466
0.912295660217313 0.1966391364717
0.923613932121405 0.178411746830692
0.917943779441601 0.187542473272218
0.923155511487478 0.179149936430913
0.918832704227136 0.186111015131547
0.923724721584416 0.178233328832704
0.918843700660432 0.186094510755796
0.922340561181258 0.180463384866603
0.914685401684069 0.192791049467709
0.919445047576437 0.185125319131718
0.907921306058515 0.203676130263605
0.921706914646306 0.181484409672349
0.914961711082702 0.192345530313267
0.915276144329333 0.191838978133119
0.912248064620779 0.196713674606509
0.9182146170065 0.187107059113358
0.923615513727902 0.178409195097468
0.917351959728403 0.188496419514307
0.906949839443193 0.205242933751433
0.921167344825438 0.182354817886767
0.923129463583308 0.179193058126255
0.920721066629311 0.183072751102002
0.915417652843627 0.191611223310143
0.917909924495934 0.18759838441881
0.910565528024259 0.199423618226685
0.922053292334526 0.18092636166
0.909538250736522 0.201077526376368
0.910376842732122 0.199728457569451
0.923871779818995 0.177996882420125
0.918738676287761 0.186263014121348
0.918025718109745 0.187412662894101
0.916092490420473 0.190522600438107
0.921628377158307 0.181609948517335
0.920061357931022 0.184132647373978
0.911547966066908 0.197838903437916
0.921891214187163 0.18118739799339
0.917023470040685 0.189023846704111
0.923843508367779 0.178042574532074
0.914626754172932 0.192884882793254
0.896693745545951 0.221744386006469
0.919505245461304 0.185029263936397
0.913781862111746 0.194245958677872
0.912410829484498 0.196451658026767
0.912798446380597 0.195829320764821
0.921867806442321 0.181224141960333
0.913383958286301 0.194884570530193
0.918681997823372 0.186356322753489
0.915679769186477 0.191189426927928
0.920346592550715 0.183674149290527
0.92145230589718 0.181892775597404
0.923876139956866 0.177989858563188
0.916864811072866 0.189280640559431
0.913715922734589 0.194352421934145
0.918857524471459 0.186071940142166
0.905768315889898 0.207146173556771
0.874099973352584 0.258081823973556
0.876009825691592 0.255019079891095
0.919505245461304 0.185029263936397
0.923821100437092 0.178078468312715
0.91879906832583 0.186166532462146
0.916694427272655 0.189554291443543
0.91424089046756 0.193505909662956
0.912818026991218 0.195797817010493
0.923479124748825 0.178628986049198
0.921237614742471 0.18223942431344
0.916020562448723 0.190640600163112
0.921848231060123 0.181255410050752
0.91394254059665 0.193986541010109
0.923304855422329 0.178910175999478
0.918609734899077 0.186471608997086
0.912504957526873 0.196301645884484
0.919104747255357 0.185674288266559
0.912445264009085 0.196394477420363
0.919356482566156 0.185268685800273
0.916831572151255 0.189334162978157
0.912016702367355 0.197086932029274
0.923480096554666 0.178627421227603
0.916106348242818 0.190501067621575
0.912632593803273 0.196097170540493
0.916305932410352 0.190179191134877
0.917071983673 0.188947875449192
0.917172364584609 0.188786588493513
0.91911596195678 0.185656313130539
0.923489768505135 0.178611845397064
0.923754336819038 0.178185686877443
0.923482642087731 0.178623321553161
0.91615203491947 0.19042862942676
0.910621591201403 0.199334904007296
0.918818815626194 0.186134194527766
0.915462130280525 0.19153912169721
0.92297919481547 0.179435039299967
0.9174190896042 0.18838983557439
0.914480885637057 0.193120020647106
0.91540856163481 0.19162604431578
0.913368859600546 0.194907835058533
0.912445264009085 0.196394477420363
0.919141945773927 0.185614848852507
0.920171831800032 0.183955084627845
0.914194626066665 0.193579056251868
0.924608719500667 0.176809751917454
0.920206717106983 0.183900712374183
0.923379658173384 0.178789176116372
0.924608719500667 0.176809751917454
0.920679507201175 0.183139107797336
0.918862497038287 0.186064604268059
0.916733686385312 0.189491445574667
0.924603181441388 0.176818663757448
0.877311788564187 0.252922318648148
0.920284737000093 0.183773219116983
0.912327482350512 0.196588985192311
0.91719503331252 0.188748694598573
0.917778692162805 0.18781144078512
0.913588861482614 0.194556629072488
0.923665289338225 0.17832948086778
0.912208121251943 0.196778365796862
0.909090734048194 0.201796042607402
0.91823325948465 0.187075858474148
0.915032070980512 0.192231516751857
0.910767274217526 0.199100474047997
0.919014018915757 0.185821112992191
0.919500922449246 0.185035154380522
0.921340060768498 0.182073767238935
0.922578876082009 0.180080517342448
0.918973926214354 0.185887033263894
0.896339949209872 0.222314559636566
0.908265749021397 0.203122843156005
0.919460653284695 0.185100874122917
0.900873612974584 0.21502169316687
0.917209148839028 0.18872493318069
0.902726704538383 0.212037496827764
0.914137259189944 0.193672161225912
0.921579455451939 0.181688478492915
0.91496616470337 0.192337799955091
0.908830945777762 0.202213199241708
0.912197373491868 0.196798267073959
0.916618324768468 0.189680370292289
0.923977065733225 0.17782738995404
0.908243070814661 0.203158584833131
0.917879191690588 0.18764734590649
0.914476995111223 0.193125538300528
0.914539964982387 0.193023572455841
0.904754285106208 0.208779843599374
0.923138509267388 0.179177483679339
0.923665471130232 0.178329188097064
0.924602665366934 0.176819494857807
0.916380840520572 0.190060489784054
0.921433235366222 0.181924009609744
0.91919104729855 0.185535110531596
0.906804146093145 0.205476320458006
0.919040953354808 0.18577725238476
0.919152319198873 0.185597172273823
0.906429523883505 0.206077518312341
0.900666409638027 0.215354340174491
0.922039326352454 0.180947764417332
0.926954448314412 0.173032227022419
0.922213010177705 0.180669893272109
0.915975845118279 0.190712873099585
0.925221892593477 0.1758226956757
0.915667158042538 0.191209359989347
0.923477055483812 0.178632560506329
0.914266288527996 0.193463512462648
0.923477055483812 0.178632560506329
0.912710458832856 0.195969286085179
0.918898506309991 0.186007375338845
0.919249698862316 0.185439783614644
0.922947212376539 0.179485918932072
0.928023144832782 0.171311194322988
0.923120345397315 0.179207361640199
0.902196913062905 0.212890053612992
0.918528197538624 0.186602031811386
0.912200455805519 0.19678858559538
0.924582691042541 0.176851957773091
0.919885861626652 0.18441511077329
0.919322055903585 0.185323607913226
0.920552370491683 0.183344553918703
0.92314055405602 0.179174181841876
0.921342664631517 0.182070459633114
0.912182102385235 0.196817767728784
0.920103322354675 0.184066433715234
0.923712523242296 0.178253758674245
0.919373394921872 0.185244009372446
0.90941630626815 0.201274789157714
0.919338996957583 0.185297269295616
0.916224700999674 0.190313712980774
0.922250106892233 0.180609073675798
0.914886116739268 0.192467885640351
0.926777225592162 0.173317762641859
0.910900482500677 0.198884895465503
0.923304877350638 0.178910170780818
0.92035674791593 0.183657959884372
0.918719163326755 0.186295254453931
0.925517380439759 0.175346869086999
0.919138372138511 0.185619544199482
0.924808350697291 0.176488672045595
0.902438461209862 0.212508655634669
0.917771570549806 0.187820533324776
0.898683552849946 0.218542951197533
0.918561230498281 0.186549491374446
0.924427622111279 0.177102039884252
0.914759040266206 0.192670568209606
0.917988333312074 0.187472518133051
0.914805850834628 0.192594327352888
0.901464253556017 0.214071207919387
0.924256687774834 0.177377324563666
0.92194455183132 0.181101361563328
0.925048252432503 0.176102039795346
0.919538021804042 0.184976882777351
0.921709886044724 0.181479211365291
0.908066254018092 0.203442512684519
0.916039004291429 0.190611224644473
0.913514094672534 0.194676297572797
0.920301821514467 0.183746507742541
0.906651937337586 0.205723130309438
0.924420587983199 0.177113209924918
0.918690861089047 0.186341452563059
0.918286491975102 0.186992709790385
0.91337219528158 0.194904737694382
0.925143339925937 0.175948929920202
0.916665508889072 0.189601822603303
0.907199525287542 0.204841087654537
0.91933854568945 0.185297996038998
0.912043068997367 0.197044435850686
0.915647159122868 0.191240409386738
0.910635675593343 0.199308094906009
0.913689359754981 0.194392790572252
0.925277646741482 0.175733109194104
0.916609722096559 0.189691800257508
0.918064207683152 0.187351809872241
0.92551891360701 0.175344565623913
0.904833470801823 0.208650460573012
0.917457466270754 0.188325481062785
0.917854056160339 0.187687305855076
0.904309854046118 0.209494232021878
0.920521264613223 0.18339193935229
0.923328608267418 0.178871789737216
0.908227370399068 0.203191994761972
0.911640325972014 0.197695945276356
0.913759980726698 0.194279011444329
0.916574007799424 0.189747941220345
0.914835166832368 0.19255091648415
0.910589487092218 0.199384762378909
0.920511654539291 0.183408693638674
0.919124538350132 0.185642559108809
0.907382930195915 0.204548195185997
0.919765637800238 0.184609772433808
0.912838722667312 0.195763741390921
0.910480436190761 0.199563152253654
0.915647116450334 0.19124343218791
0.915495465967054 0.191487723194234
0.91784942285633 0.187696917467093
0.919816859844107 0.184528042298917
0.918951585585645 0.185920230166327
0.925911196330816 0.174712521065131
0.916184150900406 0.190374780462487
0.912083124873764 0.196979123177872
0.903450879960782 0.210883012431402
0.922164863397325 0.180746102056619
0.921548304445059 0.181739064010199
0.919564379060221 0.184934780988371
0.905604837044635 0.207408601131152
0.924152327359321 0.17754478309114
0.917488351604731 0.188280575513257
0.921148955129133 0.182382567292853
0.908053960193536 0.203466903769111
0.920837989688169 0.182883321638549
0.925031957671048 0.176128813612759
0.922420894500222 0.180334183571692
0.923423044227882 0.178719946619273
0.913816790674662 0.194188933228925
0.923938941683734 0.177889325301077
0.9224221923623 0.180332093483332
0.920756599602271 0.183014857014627
0.911259995875258 0.198307278500863
0.917620411591984 0.188063845373727
0.9183531382412 0.18688494497598
0.9269549609569 0.173031401500604
0.921214439879735 0.182277317013159
0.916585839138193 0.189732441390928
0.922926916502851 0.179518831195537
0.92027903506387 0.183784087192347
0.923629449208085 0.178387320114483
0.916965625294913 0.189118410285575
0.899008050050676 0.218028130676631
0.920231537693874 0.18386007134562
0.925635550176504 0.175156843845
0.908818611094833 0.202239837130344
0.919677485952191 0.184751844018107
0.913250320918391 0.195103817633299
0.91562628026902 0.191275176789216
0.922601323567038 0.180043809226266
0.915364163309567 0.191696278183543
0.912212926634757 0.196773031794799
0.90683425846527 0.205434998427252
0.905713480291366 0.20723502369376
0.925201225794342 0.175855931928837
0.919795129249294 0.184563746148174
0.919338979565613 0.185297297109752
0.919336034914511 0.185301855562002
0.899679858426849 0.216944364202178
0.909419836535499 0.201271363521546
0.923157913181848 0.179146368527094
0.925713020730457 0.175031802857053
0.910480803184074 0.199562561487731
0.919901336259688 0.184392290170652
0.910568924630603 0.199419096572386
0.909757887864389 0.200727339976552
0.916071991211662 0.190559271968644
0.921002928807925 0.182617302300514
0.92000454530436 0.18422568511406
0.924684050231342 0.176689149822196
0.918181221844122 0.18716132129433
0.921002928807925 0.182617302300514
0.913516293764142 0.194676211103044
0.917849837735561 0.18769441538782
0.926117320693063 0.174380499723705
0.90551875121951 0.207552677848583
0.920038976874259 0.184169997263807
0.901254487148363 0.214412278410937
0.918619617654629 0.186455490628028
0.873316128294199 0.259350478814988
0.923075700729247 0.179280019994374
0.900053978865774 0.216344767796596
0.9269549609569 0.173031401500604
0.918144604389758 0.187222100586569
0.926226303860633 0.174204946419893
0.903623133915192 0.210596785199347
0.896611058441831 0.221879730030219
0.913740096288485 0.194312505743669
0.916637189100678 0.189647047446363
0.919549696899102 0.184958796372596
0.91595314639957 0.190749126942065
0.916039004291429 0.190611224644473
0.913583173218453 0.194565062125275
0.921555648167391 0.181727511738225
0.917354779732482 0.188492572031997
0.915616720822935 0.191291846710987
0.915468555560034 0.191527950666641
0.9184830614426 0.186675350009552
0.919311740479039 0.185342183200293
0.923745258613617 0.178200908213798
0.917638594136633 0.188034118104075
0.925413271441358 0.175514431196521
0.91565736039912 0.191224249842334
0.92050738551953 0.183415651651584
0.919050883070745 0.185759791200781
0.902044027648696 0.213144614844546
0.908606525729494 0.202580022417859
0.921604862761817 0.181648580475855
0.919037092571891 0.185784131611537
0.925830684835153 0.174842071218325
0.920314339863199 0.183726543634816
0.921555648167391 0.181727511738225
0.92695433603638 0.173032408133522
0.917909566814868 0.187599006156366
0.917233864559781 0.188688136311395
0.924138239561032 0.177568996288345
0.915890006276763 0.190850694959522
0.921746701892604 0.181419167670348
0.913154027678095 0.195256957921402
0.926955900904553 0.17302988750253
0.922013488723331 0.180990348303423
0.926815382971215 0.173256148015566
0.897443508657005 0.22054414983771
0.924971532764198 0.176226109287636
0.918348044524383 0.186893912928456
0.916045664795277 0.190599341038552
0.919581322794877 0.184906608029875
0.925601114363115 0.175211883007774
0.918557798791567 0.186554284790273
0.921384683807044 0.182002850175339
0.867423424931377 0.268803202550587
0.918305575884127 0.186961534310711
0.923629398734531 0.178387401343162
0.917401690979361 0.188417078691456
0.908677972259908 0.202464611029616
0.899361930225208 0.217459577861141
0.919025094038495 0.185803077346079
0.925574719905063 0.17525430224768
0.917606844346648 0.18808660767754
0.923169542319018 0.179128124841631
0.925665439411723 0.175108348835688
0.919410282569469 0.185182261830941
0.9031228064513 0.211404174704386
0.910341816432266 0.199784512764425
0.92001989848927 0.18420277968211
0.923438981712984 0.178694403114949
0.919239348669445 0.185457073505736
0.920442679184496 0.183519139445513
0.917309903768612 0.188564812345145
0.914040456207856 0.193830128290728
0.908284381345158 0.203096101215928
0.914909056136629 0.192432780806975
0.923198363665183 0.179081568250189
0.92610485077797 0.17440109052646
0.911771676416395 0.197484185091071
0.91632920820674 0.190143324942953
0.907993884600189 0.203562498608531
0.919102463950219 0.185678126853696
0.914360766120187 0.193313307784011
0.925518391230864 0.175345407057064
0.90929735466001 0.201465707910693
0.916734415238793 0.189490665217316
0.920000340001386 0.184234304811907
0.923918677201099 0.177922114977981
0.898921636460398 0.218160650091976
0.92567399201283 0.175094227829217
0.925388451400012 0.175554574782884
0.925412772617597 0.175515234668203
0.921148669927856 0.182382924824435
0.910979197365191 0.198756630926445
0.898935680362019 0.218137031486447
0.90865381600821 0.202504899067447
0.91785959432896 0.187678765237621
0.898022081328051 0.219614077033812
0.907380272788082 0.204549653354468
0.919586046199009 0.184899576432053
0.921920777126032 0.181140259292649
0.920648377150851 0.18318830558565
0.874098866407334 0.258081971737374
0.910966051997529 0.198778765044864
0.919359880871102 0.18526321391107
0.913940252374475 0.193990375726041
0.920649798373027 0.183187482712123
0.91690328384595 0.189219597904488
0.920341442790933 0.183683298900479
0.916660574593456 0.189609606661798
0.918859804414573 0.186068804855756
0.870981385968328 0.263092316918447
0.911925136403227 0.197235974480183
0.924889717645864 0.176357869471024
0.905678322147444 0.207292750583145
0.921459692522602 0.18188427683974
0.912617478912687 0.196119985486819
0.875506566513064 0.255817168879977
0.911743345213228 0.197527149472238
0.904568335133779 0.20907340307349
0.917572808119005 0.188141773804931
0.908254068761127 0.203149085238904
0.915342314420072 0.191732626499083
0.913108002740033 0.195331769076684
0.920496169723289 0.183433306931249
0.925201093202041 0.175856145433274
0.920530466479901 0.183377996773078
0.918859804414573 0.186068804855756
0.91816404285034 0.187187857244236
0.921493619947516 0.181827733340035
0.871406507609977 0.262408126762386
0.921893875608669 0.181182365544826
0.903034833977601 0.211542694927659
0.91761516199164 0.188073643647902
0.915041696685095 0.192218266140132
0.9269560797364 0.173029599479331
0.9234547608197 0.178669679015467
0.899438348309748 0.217337518297124
0.914465965059606 0.193144498793483
0.915566828645612 0.191372387813779
0.91861668246021 0.186461703182757
0.917371719924221 0.188465624665001
0.918746717682752 0.186251528902588
0.917659257004426 0.188003178010449
0.90302956523472 0.211553793326566
0.925041859452588 0.17611291561384
0.91919890434883 0.185522463084567
0.918621273872783 0.186453211098098
0.921991409550325 0.18102660022708
0.923187315860141 0.179100194543805
0.920990250057189 0.182637944536096
0.908492283105155 0.202764943376655
0.909464315655877 0.201196799096261
0.923424096425479 0.178718188049091
0.917718071916311 0.187906958172594
0.899189573986523 0.217732438855121
0.926957327368974 0.173027589964594
0.921810768426848 0.181317718997045
0.913216994222254 0.19515588570618
0.91486856182662 0.192496810393842
0.907558813515221 0.204260820737012
0.913681735328372 0.194407986905464
0.920895505268709 0.182790561147494
0.924257353392495 0.177376252369473
0.901431312076428 0.214125397507222
0.925053078309777 0.176094859736697
0.922641763364811 0.179978618357367
0.919389405088891 0.185216599460674
0.910759016735619 0.199113396607227
0.90138557631303 0.214200118694267
0.925049036091129 0.176101106489876
0.914985151709633 0.192307905088527
0.919354499490396 0.185271250428397
0.920129119719115 0.184025068192098
0.92256388136114 0.180104183104697
0.91365670718508 0.194446759149699
0.920288682163391 0.183769477043922
0.900102475201627 0.216264195441382
0.916173970561617 0.190394486813461
0.924150126494434 0.17754926962742
0.915542184144149 0.191411463463714
0.919455967584237 0.185108611156847
0.924805771910054 0.176493303848376
0.92392874685866 0.177905041396656
0.921986172484028 0.181033875452721
0.392800517799983 0.749315217734501
0.346124537112867 0.77031636382555
0.332746588680259 0.776328139978373
0.362037971763461 0.763156662514997
0.904072671000477 0.209879627213202
0.917673280601486 0.18798150042625
0.921022380550333 0.182586882411341
0.917673280601486 0.18798150042625
0.92077236044245 0.182989672139799
0.907770989991829 0.203924846240613
0.318400528075154 0.782774389772301
0.919684785380626 0.184739495660063
0.918413116658438 0.186788394231747
0.923257177212856 0.178986978372361
0.910068096502442 0.200223614940928
0.919626008077341 0.184834735686063
0.91735774509389 0.188486462908996
0.924238914644447 0.177406279593556
0.911906404191741 0.197266094166296
0.919626008077341 0.184834735686063
0.919891766537821 0.184406694926289
0.908865992666567 0.202159706029417
0.924389481569745 0.177163749866143
0.904537592392226 0.209129165558508
0.912685685217457 0.196011951401517
0.917972915353317 0.187496360598252
0.878600138439626 0.250857437291351
0.92178061951273 0.181366562182635
0.903459028835592 0.210865758161584
0.913319046438604 0.194991128496835
0.92329523545315 0.178926420345655
0.90481753849691 0.208676820399621
0.913541071821832 0.194632847712526
0.905696152982135 0.207263665088621
0.923446952023827 0.178682058623516
0.915037686387449 0.192223965726485
0.924390622965652 0.177161892452576
0.924120266757828 0.177597751359653
0.922919569264467 0.179531713289966
0.920488622277249 0.183447209245481
0.924382163717221 0.177175537105917
0.924331366640295 0.177256645917348
0.917793792787242 0.187786080768123
0.924056928933257 0.177699445121455
0.914288016712365 0.193434741241677
0.905681477890048 0.207287669983312
0.922919630201958 0.179530358161146
0.913947053368424 0.193980520501341
0.920268426801462 0.18379957087586
0.922801679974159 0.179719970732609
0.922052060342792 0.180927495247497
0.902731826142338 0.212035639343722
0.921459702593879 0.181881926667562
0.914635719311277 0.192872208727799
0.918425276961424 0.186769244598736
0.908224130336808 0.203193281464929
0.915123140375737 0.192086113192382
0.920153143889779 0.183986352499732
0.921823541883895 0.181296809173842
0.92029508384579 0.183757218305994
0.915427257350332 0.191596121442129
0.920481062325977 0.183459386100857
0.914773434128359 0.192649167608042
0.918930995039747 0.185955333104158
0.907510726297124 0.204342161580201
0.924383221008961 0.177173834263015
0.915560729651649 0.191380777049615
0.917357355921874 0.188488983853825
0.923108336554886 0.179226227537235
0.920762050636473 0.183006781280749
0.923108336554886 0.179226227537235
0.924051002049462 0.177708292979421
0.915520384241695 0.191446707672565
0.915641237071266 0.191252212354767
0.915484284870172 0.191505845963039
0.91317181015161 0.19522852127435
0.925500692377968 0.175374045742679
0.92058902068338 0.183283421543314
0.910787775091668 0.199069082471422
0.911009046025278 0.198709172502755
0.91984990224637 0.184474003030764
0.908510702848691 0.202728649641084
0.905815851591082 0.207076348465301
0.921712965449442 0.181474258876144
0.915271389247371 0.191846257026254
0.913673541037118 0.194420390081636
0.913095545025919 0.195352570627938
0.918251396761003 0.187048721042706
0.913389886389871 0.194877174754069
0.919825044549257 0.184515276038299
0.925718933769228 0.17502300364278
0.90551661296773 0.207553335932983
0.911390784667661 0.198095620203627
0.920175047192099 0.183949435182516
0.907397097799137 0.204522734515428
0.905206443913001 0.208050499995066
0.905206443913001 0.208050499995066
0.907636964127171 0.204134266513409
0.914270418802799 0.193457520760393
0.917130720888854 0.188853065324273
0.910229935812401 0.199962033502839
0.922141998935761 0.180783634426294
0.921174398452684 0.182340967289737
0.926322149013271 0.174050523285604
0.922060929275742 0.180914687753857
0.897452079216353 0.220527767323546
0.919056252524392 0.185754270375201
0.927320593777384 0.172442827085148
0.917933972008566 0.187561332533265
0.927342494681778 0.172407598050509
0.928677143426687 0.170257854409505
0.920828517437128 0.182897291980759
0.908845018572994 0.202190241613047
0.921153853335922 0.182374741742009
0.901995891864401 0.213213123785561
0.910308334496686 0.199837291753184
0.905092111902709 0.208238762032996
0.911599234608227 0.197756101793036
0.898861531315546 0.218257407321815
0.911317483650079 0.198211137874165
0.92137131307644 0.182025136433834
0.919269316029911 0.185409924758129
0.916342813331519 0.190122730749904
0.92115645203858 0.182369632991227
0.924309077811995 0.177294022184942
0.914788246698143 0.192625214380206
0.901103175530638 0.214657657343274
0.901443908158135 0.214101275521573
0.90855544703122 0.202656848160776
0.914811248877361 0.192586429435949
0.877170777678427 0.253149353934259
0.924890800120714 0.176355817242917
0.874845959063658 0.256891273357006
0.919981474338892 0.184265579615002
0.92228465262319 0.180553737704539
0.913561848097996 0.19459853884179
0.903261031198705 0.211181166165341
0.896772096830632 0.221629903483656
0.920244221379714 0.183839367998907
0.924417537011443 0.17711926300157
0.919165864342684 0.185577220864658
0.911932036803655 0.197220504619958
0.898172166906912 0.219369461431747
0.926631676734353 0.173552645240165
0.877283925957841 0.252964589502469
0.899931712954092 0.216549383653872
0.912558734078556 0.196213209664795
0.926431742092055 0.173874290377232
0.920632102266374 0.183216474212714
0.904329023087048 0.209463020054214
0.867910747972202 0.268037259871454
0.916905057522554 0.189214769259243
0.927397765666961 0.172318308799552
0.901145331661242 0.214582113034828
0.922097826737484 0.180854433490477
0.912838227925217 0.195766802374073
0.922121376103481 0.180816293629778
0.918519415308339 0.186615142519539
0.911486643802138 0.197939021257845
0.917433754637987 0.188368736400651
0.895946512969955 0.222945713937564
0.925041491929007 0.176113152834346
0.913975644199118 0.193933022891521
0.910753999373329 0.199121635406743
0.919797798754977 0.184557363180441
0.911555524520393 0.19782650085981
0.910639629918841 0.199303409955825
0.926038560599749 0.174507997219437
0.912794632867817 0.195833003052031
0.896438858783675 0.222153604028257
0.9059891426202 0.206788114713759
0.912838189291265 0.195767222713575
0.900673281027108 0.215345465205005
0.926164146303894 0.174306022763567
0.915711574153988 0.19113632642373
0.917679328055538 0.187971826441037
0.910117216205304 0.200142680396901
0.919818388442976 0.184523848242671
0.911726998298595 0.197550321083751
0.920830010683155 0.182894887193482
0.909805416852335 0.200646805877115
0.923804670319011 0.178106369698508
0.924011791942571 0.177772785833652
0.907065312861529 0.205059155228114
0.913047167730078 0.195429864374891
0.877283925957841 0.252964589502469
0.908023224801297 0.203512311760101
0.906878608121702 0.205356071703934
0.912329761176519 0.19658374904796
0.91781182735778 0.187756263178284
0.927397713784839 0.172318392394869
0.920754253349011 0.183017645197406
0.913258294746205 0.19508954410051
0.917673306359331 0.187981026612605
0.907714016205635 0.204014713379883
0.921427763276929 0.181933502854512
0.869365057111527 0.265691381096501
0.905431656577928 0.207683707930849
0.875602300289461 0.255674962876864
0.905070088642852 0.208272558439673
0.908394332607161 0.202916932289663
0.90283009823001 0.211872984489933
0.903909896542698 0.210135531605265
0.913475912624284 0.19473664779973
0.921287046015744 0.182159525701071
0.902294827242565 0.212733872865676
0.926120328700987 0.174376422256821
0.920724183360887 0.18306607669738
0.910777147693818 0.199079965053019
0.914337921490865 0.193350062881464
0.913643916703749 0.19446863367653
0.914056410718166 0.19380146486106
0.91767743359297 0.187974498341217
0.909620499522138 0.200943082255099
0.919649634890175 0.184799901322187
0.904256789303275 0.20957592327169
0.908489016583947 0.202765639313134
0.920184751676408 0.18393438469046
0.927397711401232 0.17231839620091
0.910078782705718 0.200208628758424
0.92250667092712 0.180196421722689
0.9106833463209 0.199230588362003
0.897215147284129 0.22090967053145
0.918338102191396 0.186908273801436
0.912207541991266 0.19677843496629
0.911786267569764 0.197459534844589
0.897833037878281 0.219911364217277
0.901602899424774 0.213849440317928
0.918138308358826 0.187229391361041
0.903333006489793 0.211064439962698
0.92117028207515 0.182346866725888
0.91566228052033 0.191216281231211
0.920770937985651 0.182991439685096
0.926228958300287 0.174200882782574
0.918910556669594 0.185987350927742
0.910450357358298 0.199605678738685
0.900686760649091 0.215324836187374
0.923510826775417 0.178579579552222
0.926120521151556 0.174376112261942
0.913934713081185 0.193997324927282
0.906408245902325 0.206116713064845
0.927457146063723 0.172223227852032
0.915201272537532 0.191958660952622
0.908504814726135 0.202738672286233
0.868135129099175 0.267670612639303
0.901435566379653 0.214119445286323
0.922703265404 0.179878692599093
0.923189523258193 0.179096844002073
0.915600152980085 0.191317133805926
0.916114801555908 0.190488136853747
0.910981495803582 0.19875490066273
0.914785032839588 0.192628135594412
0.870078844656061 0.26453571418815
0.919927492452028 0.184347945611373
0.92651391882986 0.173741980589918
0.918805591044671 0.186155764709936
0.917607483221503 0.188084244556314
0.918702448485869 0.186320893781627
0.912377132821464 0.196505249492453
0.922950665391466 0.179481234411334
0.924253494249325 0.177383137945015
0.899132074760735 0.21782828516327
0.927660484938224 0.171895534220828
0.918600500903465 0.186487821920189
0.904679522129537 0.2088971516355
0.922586904860394 0.180066598220262
0.920610607208105 0.183248850297506
0.91612318577337 0.190478935986686
0.912159122251843 0.196855858857218
0.920209437007665 0.183894050919455
0.926415972847187 0.173900160672427
0.90789813433872 0.203716994890323
0.91332293317877 0.194983177906674
0.909004595089985 0.201934695490841
0.921120980930919 0.182428908063146
0.922061025840365 0.180914243012801
0.871200141427282 0.262747298230419
0.911000183706321 0.198721735410661
0.907316574530784 0.20465224086305
0.912555569827224 0.196219499734333
0.906178113163737 0.206482500433587
0.911574494275794 0.197799389205475
0.912249771038833 0.19671094052745
0.915617667247368 0.191287550621327
0.903201775178021 0.211273176439867
0.913370733697913 0.194904858872334
0.924033163367351 0.177737017285215
0.926607233881511 0.173591728033619
0.89924823903555 0.217639027804808
0.914576481390884 0.192964188950443
0.895786832736651 0.223211016370795
0.912613393150675 0.196123823504248
0.917950172367629 0.187533635922579
0.9043311099322 0.209457257100578
0.900319147708462 0.21591690435579
0.920266591311088 0.183802051577928
0.917587821636796 0.188115653979287
0.915289313682935 0.191818043911436
0.913385986087567 0.194883223837385
0.908739812648501 0.202360043205292
0.917180666413648 0.188772054020353
0.919015971665297 0.185820113442493
0.878094142699889 0.251660102290112
0.877951780434012 0.251901254215242
0.923453456514272 0.17867274269774
0.914514084713532 0.193065047327665
0.915164066073933 0.192022677019794
0.914917850465159 0.192415766240046
0.906309429097995 0.206275445806703
0.902743990950641 0.212014062093117
0.908046285752562 0.203479117458601
0.920735290790899 0.183048186686969
0.927794371611765 0.171679482463011
0.910644073680357 0.199299490498406
0.923304551564833 0.178912019699253
0.923473572552313 0.178639885921454
0.914258248212451 0.193478811722826
0.91085865738684 0.198948993919863
0.916752454568337 0.189461221206003
0.914453349665396 0.193163301870677
0.910009023954273 0.200319285401735
0.90857243696241 0.202629482939364
0.922890179754911 0.179577860977161
0.871189750280992 0.262770345109597
0.924242952197484 0.177400205651244
0.920543240931871 0.183359973427741
0.912823637895154 0.19578904647146
0.923450174922252 0.1786780273545
0.914833326834293 0.192551037264782
0.926120110765544 0.174376773284451
0.923653197195519 0.178348572211396
0.867881164433002 0.268073635458047
0.926120166587337 0.174376683372888
0.904739504544371 0.208802826763215
0.912088128917037 0.196971768419634
0.871127391569343 0.262862651748928
0.926120105496695 0.174376781771716
0.910256446530618 0.199919390695974
0.922656101871291 0.179956041349803
0.90899929358292 0.201942610606115
0.926495902386744 0.17377111538848
0.899031489556889 0.217987825048377
0.919699491919566 0.184715558264244
0.911101562704424 0.198557606953394
0.926692980731659 0.173453541808815
0.92461454879992 0.176800887097722
0.912739899751273 0.195919985453943
0.908870757500888 0.202148466301761
0.924655742725038 0.176734835403783
0.914557824894027 0.192994861271979
0.905733794912961 0.207203283487374
0.913182570978028 0.195208021974596
0.900747563572212 0.215227660420963
0.910616446304212 0.199338760694843
0.89764661783343 0.220216793156128
0.916974378406879 0.189103246765937
0.926302280478168 0.174083439025547
0.921945660661761 0.181100008720442
0.869460996220267 0.265529299499936
0.911950696176047 0.197194967381349
0.917424747137983 0.188379186843882
0.911742819327496 0.197528369169155
0.91486349091891 0.192502163091097
0.910189042343607 0.200028825878229
0.922503137056937 0.180201947718693
0.901590782891466 0.21386758436588
0.925105427304015 0.176010153049053
0.928305622596742 0.170856225906091
0.897542508901603 0.220379700802519
0.909638059722446 0.20091748715204
0.908037601813785 0.203491885376316
0.911947611298565 0.19719784968319
0.870954306652058 0.263135848851011
0.909145985924803 0.201708391415261
0.899238868155404 0.217654113785131
0.906135832746255 0.206552964461681
0.919377164728933 0.185234600280674
0.917625902563164 0.188055479041356
0.908575349613394 0.20262479515802
0.86731763762526 0.268980938093674
0.915612463224129 0.19129934603608
0.926128379745 0.174363454869754
0.900852198991365 0.215054405612539
0.898552422017522 0.218757782453648
0.911679685918446 0.197629952842336
0.901372460947037 0.214219422874356
0.926772190025797 0.173325846811328
0.907566941357956 0.204250669799987
0.921518250958302 0.181786507795378
0.912859302468612 0.195732650061584
0.914433630585522 0.193194095760521
0.916905977781794 0.189213930613067
0.897795588926921 0.219978236812129
0.913266978763406 0.195075901345061
0.912745392856194 0.195912589194632
0.925772300879055 0.17493617096683
0.916295607593546 0.190197779441012
0.919162140259358 0.185581497228907
0.913198033834094 0.195184052799494
0.905302750106736 0.207896671953365
0.896875250710525 0.221455252324995
0.924569649199004 0.176873752725267
0.928578442788042 0.170416666549201
0.916062402070023 0.190571286924661
0.909661425129743 0.200876129403202
0.8998743827077 0.216632107082335
0.896106400798868 0.222691663170694
0.901481931170952 0.2140468592044
0.897359197862602 0.220686665650934
0.873629288251102 0.25883733951019
0.920735290790899 0.183048186686969
0.898160950007691 0.219384005596938
0.917250105292886 0.188660699010783
0.902946220843239 0.211683911970785
0.923808152288362 0.17810140097286
0.899654762989939 0.216984145395925
0.918709819249327 0.186311005590891
0.924065007878421 0.177685575362088
0.909100296628188 0.201782584623287
0.922845628512207 0.179650853843235
0.904142493611726 0.209760754779926
0.871929004381091 0.261574340035714
0.909721191174248 0.200779589308708
0.868767787498689 0.266645474864414
0.914419877910512 0.193219955696033
0.902450749692699 0.212481758055977
0.366761346943097 0.761032171498462
0.913403139693923 0.194857590463963
0.903658966698026 0.210542313722315
0.879247880276757 0.249809052593528
0.903697714644886 0.210481167910737
0.918471451845452 0.18669484856304
0.918336398590673 0.186911246699475
0.911980599453115 0.197147249971828
0.92475492563246 0.17657498722294
0.925808685100861 0.174878146394664
0.908996285916346 0.201951946049718
0.869561465067497 0.265378851464878
0.919101803985271 0.185680045596654
0.918461703379327 0.18671027922155
0.924959883751003 0.176245111479345
0.91667187025337 0.189593058107825
0.912341635529824 0.196564419494272
0.925808685100861 0.174878146394664
0.914153995660078 0.193645142510909
0.919627731752255 0.184831662094723
0.924959883751003 0.176245111479345
0.92419614713508 0.177475989661243
0.912364741075728 0.196527218141403
0.92067744441362 0.183141786576636
0.917421061319436 0.188385910937148
0.917423106383363 0.188381672672244
0.918717475668073 0.186297457189472
0.910333952065181 0.199798314791649
0.925332901120838 0.17564348677482
0.9242690083697 0.177357424649129
0.922434057685076 0.180312289091257
0.341970813618478 0.772186640394689
0.923753898136052 0.178187264872285
0.917669396720192 0.187987112627655
0.917847837428523 0.187697446169809
0.927832983191442 0.171617268539086
0.914433331488827 0.193196145448298
0.904749688275061 0.208788583926846
0.919774507409672 0.184597821429604
0.92437809433537 0.177181782434278
0.925935934876729 0.174672481745568
0.925149578444372 0.175939295634183
0.900123270642655 0.216239877716204
0.921838469088737 0.181271799533772
0.919408418248235 0.185186606575299
0.919564050741852 0.184934790232842
0.92612957346261 0.174360734513079
0.922801134754885 0.179720845877818
0.910464217857787 0.199588997316551
0.924933079481672 0.176287957058082
0.915783979411846 0.191021770091439
0.920605200107408 0.183257384217395
0.902372021859363 0.212611291493662
0.913569373036151 0.194586961115006
0.9239201808925 0.177919370292333
0.91317403910235 0.195226250725315
0.918216196085883 0.187105227418561
0.896731467464791 0.221685761002084
0.910305692224281 0.199842964291228
0.922136564967281 0.180792530793302
0.920757457064135 0.183014043328798
0.911796898135494 0.197441988867495
0.923966175027554 0.177844887455114
0.922750843968067 0.179802317191726
0.925917100414541 0.174703110305303
0.924584601014333 0.176848819220974
0.329330733619345 0.777861191249518
0.923967522957499 0.177842789001968
0.924916536565397 0.176314373106021
0.379098614720543 0.755483855549989
0.911354974364399 0.198152950478086
0.283082545956476 0.79862623393351
0.923175716599415 0.179118652997729
0.390326003122895 0.750427400448619
0.91815480499311 0.18720397483173
0.918774495184773 0.186207647901937
0.340602829814114 0.772795541439909
0.287719230746326 0.796546315739431
0.926798869740971 0.173282618322483
0.303221945636673 0.789587545925521
0.922800187239765 0.179723583447932
0.912823641474371 0.195788655820752
0.296828026736959 0.792458624807377
0.925487103390148 0.175395572308341
0.925487103390148 0.175395572308341
0.914209306991768 0.193558715575582
0.329330733619345 0.777861191249518
0.312687369922074 0.785336624846081
0.915774558773533 0.191038789508112
0.29664140276337 0.79254274596594
0.919339075745458 0.185296246351605
0.912626191656373 0.19610693071018
0.908645796804432 0.202513981905622
0.921211108423219 0.182281554106897
0.922413832599567 0.180345288691743
0.911037135160403 0.198664189875819
0.912750723548685 0.195905924145017
0.913095674446587 0.195350122006964
0.923843695443864 0.178042417097509
0.909029909451799 0.201896734482053
0.922163678021977 0.180748138758667
0.926883901582477 0.173145670434866
0.926763966542606 0.173338830718284
0.922341145085914 0.180462350336416
0.90708096091899 0.205033398649386
0.928088782018727 0.171205208741707
0.922806284112975 0.17971282034942
0.917378417239303 0.188452891246572
0.913499316688996 0.194699445056694
0.912007142775815 0.197104642353866
0.928406951128729 0.170692843741535
0.917750681232474 0.187856237466428
0.923825299588238 0.178072617789902
0.919612118481759 0.18485656822561
0.920010171158459 0.18421518430419
0.920875801670529 0.18282264439696
0.917612820599573 0.188076792021609
0.923420274005753 0.178723691065408
0.926273901934449 0.17412806765627
0.911359791830468 0.198143158039221
0.918998721698731 0.185843769947695
0.917060786147868 0.18896641342497
0.905426499182262 0.207694743378792
0.906775296558206 0.205523356981698
0.923363030531744 0.178816284242567
0.920038049941613 0.184172159075136
0.920614532705997 0.18324433545
0.913478974187566 0.194732207309692
0.91148526077833 0.197943610080349
0.926645180615782 0.173530122184857
0.910515742820774 0.199501794145068
0.92041495608486 0.183565753161687
0.917213783466953 0.188717905772583
0.926162825186918 0.174308027990385
0.920788242883093 0.18296404025375
0.914703955146078 0.192761524786811
0.919212997567485 0.185500277216149
0.929014372327848 0.169714568784795
0.917130681056518 0.188854559422879
0.904692676759739 0.208879500178076
0.918986375646747 0.185865112511965
0.913365673426732 0.194915306223166
0.904219503982657 0.209640877283807
0.921605953105621 0.181645446892747
0.918987030491788 0.18586442610339
0.916583374482433 0.189733783391202
0.907715480806705 0.204013216929847
0.919011225460124 0.185824270283774
0.895979831165197 0.222896484675001
0.920650514853764 0.183183740315465
0.91841323348056 0.186787669532386
0.918014776975219 0.187428802660606
0.916969719629645 0.18911182450239
0.915784635062632 0.191019203161172
0.92426961916751 0.177356625738808
0.910749969479756 0.199125318339191
0.912475128353023 0.196349810880253
0.926873609354918 0.173162700576717
0.922584901003094 0.180070146707349
0.914113121364373 0.193710912664154
0.912314195935397 0.196607282728767
0.914088341645222 0.193751548107957
0.919896270864787 0.184400218347457
0.912661618032816 0.196048354415746
0.92195645190733 0.181083408685463
0.91333448988758 0.194965364811266
0.914326616260468 0.193368976553636
0.914982595940247 0.192310795864291
0.924423360871676 0.177108845733441
0.91720216077567 0.188738391213242
0.914880038212675 0.192479318530284
0.924017727063399 0.177761725829407
0.917266873916796 0.188633604257591
0.910359629684146 0.199755379804806
0.879327337279646 0.249675875792508
0.907944944500419 0.203642448173748
0.914796340723673 0.192612422149664
0.915107949277168 0.192108876056127
0.906297140406354 0.206294017021729
0.922661791303165 0.179946809890162
0.918401265381195 0.186809172622132
0.916547349736055 0.189791633494695
0.914313814725839 0.193389566003306
0.917102832520347 0.188896535939352
0.921609856714073 0.181640154563397
0.923754307035123 0.178186919940049
0.924080534692873 0.177661420333591
0.917445123637751 0.188346268014016
0.915188048460993 0.191981822190461
0.921025633530127 0.182580612862881
0.921914208492098 0.181149718090434
0.911633245653555 0.197704089992846
0.913092075571646 0.195356051347003
0.916571165884152 0.189752617887028
0.91913958559354 0.185618256817438
0.89775038497689 0.220052060458077
0.924972500408432 0.176223876220509
0.918846516418602 0.186090235112365
0.922195385109042 0.180697025816142
0.907080821974189 0.205037767238097
0.91699405035854 0.189072583154822
0.925940262724578 0.174666354235275
0.919216277286162 0.185494730160701
0.92686182559649 0.173181825989188
0.921339450582174 0.18207496982775
0.913655702794817 0.194449905150867
0.915337765576851 0.191739925603302
0.908227576111999 0.203190138169317
0.919282313675184 0.18538914900259
0.923677241753846 0.178309853749186
0.926890063566115 0.173136237688912
0.92454400390281 0.176914541794622
0.921253954487597 0.182213489690365
0.920333561553195 0.183694791068156
0.924118497508373 0.177600093830505
0.911624396279512 0.197718462802422
0.919804893222335 0.184547159201645
0.917832167658249 0.187723349551395
0.91644214780094 0.189961659174254
0.915017180580099 0.192256713586703
0.926943726107166 0.173050266925637
0.924474628303285 0.177027527109379
0.926118880683476 0.174378743117768
0.919200655273453 0.185520450127892
0.926118880683476 0.174378743117768
0.923852985327152 0.178028986516551
0.912707731188161 0.19597470381867
0.904575912373843 0.209069059176625
0.926521021320049 0.173730536863897
0.927254635349711 0.172549429829605
0.926943726107166 0.173050266925637
0.921743553172832 0.181426224168829
0.91617566862493 0.190392163770462
0.921010825084599 0.182605071336685
0.926225807975754 0.174206596729878
0.920011342695354 0.184214690241824
0.921613186337513 0.181634093418443
0.912940168685576 0.195603229933672
0.919144752363946 0.185609730352249
0.920081502322665 0.184102283928097
0.923463719149468 0.178654180230975
0.928180664002188 0.171057617325327
0.925517841630725 0.175346726755938
0.895812539118154 0.223170342931925
0.898493880994503 0.218858705881418
0.896495521259295 0.222073551262721
0.89824473943937 0.219257657229207
0.89824473943937 0.219257657229207
0.268518564884085 0.805161225386189
0.279087051033618 0.800419994431524
0.902858422731331 0.211830258022029
0.290629789180966 0.795241277748982
0.909577074406523 0.20101560716869
0.32601176849186 0.779354165867254
0.897770946931767 0.220021523389826
0.267272754154604 0.805719706903206
0.28616391254812 0.797243674148218
0.904077401231909 0.209870660202717
0.28005956675927 0.799982751294024
0.273695312421813 0.802838015536515
0.283756349471418 0.798323718349067
0.905976578316657 0.206808195733331
0.296085789649559 0.792791527684039
0.910944074504681 0.198814753872427
0.295254427495016 0.793163283788718
0.908843239258063 0.202196414805476
0.273713792110807 0.802829729713455
0.273695312421813 0.802838015536515
0.907642704912533 0.204129012851349
0.370944492584215 0.759152929852494
0.908750156623794 0.202346467613448
0.271645936992904 0.803757581514541
0.912897549948438 0.19567008035928
0.907297839845014 0.204685717996694
0.285943397548144 0.797345346266442
0.906580659401993 0.205836777015985
0.912882886556548 0.195691620719992
0.26563564491531 0.806453630181604
0.278849964822711 0.800525593677886
0.907337418457482 0.2046234942541
0.912002541741826 0.197110092421917
0.89841068153636 0.218988214003628
0.912897549948438 0.19567008035928
0.914342381515565 0.193340906976265
0.301815948053849 0.79022068601321
0.905912462202889 0.206913517488069
0.91598325586391 0.190700062669925
0.911854793412649 0.197347996592081
0.909211487049079 0.201604555523807
0.90959826647766 0.200979037029785
0.909980994071941 0.200363921828273
0.908263517180089 0.203131586018356
0.914399024848109 0.193252012413408
0.906608140869845 0.205791306188157
0.914399024848109 0.193252012413408
0.91610169513884 0.190508645328427
0.907362883776869 0.204583175698312
0.916597088282368 0.189712444432533
0.910790789516977 0.199059579880619
0.919760255882393 0.184620372583593
0.275648425398079 0.801962719255218
0.279118581190079 0.800406072157096
0.267386727195067 0.805668142651621
0.26563564491531 0.806453630181604
0.904764865330586 0.208761505705973
0.913280721617334 0.195054904736057
0.912990179367252 0.195519097627377
0.912867999793783 0.195717527719829
0.91708171478536 0.18893103023773
0.917059243176493 0.188967210800646
0.900514793198819 0.215603240156807
0.901551624023232 0.213935506454544
0.269735309618605 0.804614722573269
0.917006632811716 0.189051910403931
0.898563630868192 0.218740590104194
0.915932154133955 0.190782043335509
0.909882865449606 0.200522107067976
0.267621987149182 0.805562965086962
0.906166599549713 0.206510261388336
0.27613444902707 0.801744454305415
0.917723568521079 0.187900068833973
0.906473566843464 0.206011196861083
0.900062183576098 0.216335421002634
0.898655912450086 0.218593792591681
0.909857003746978 0.200564313810749
0.918085821622878 0.187315040567105
0.2754098339301 0.802068705634083
0.897367571044624 0.220669406515019
0.915302675332835 0.19179544255938
0.900533884994388 0.215571266805297
0.912737736511798 0.195928096038023
0.919878266989529 0.184427908682791
0.90656429114495 0.205863190760139
0.912943077745882 0.195595456310641
0.900032460676163 0.216378730251042
0.903809687943857 0.210300183499793
0.912723010897505 0.195948320123433
0.919878266989529 0.184427908682791
0.920406752100457 0.183577657022595
0.918791497318832 0.186180734002004
0.914936603009714 0.192385800319511
0.26529794778668 0.80660532467582
0.914823158572268 0.192570171960415
0.917254249338027 0.18865400398611
0.92368467296789 0.178299469734528
0.923736051251686 0.178216644436036
0.91882321301997 0.186127240777176
0.916460873412835 0.18993169152073
0.920842876703315 0.182876307755048
0.916712645629246 0.189526518615084
0.913206689459074 0.195170747129272
0.924068910561464 0.177680084557307
0.911639564976075 0.197696760948148
0.900898187511062 0.214987057882331
0.915861394003567 0.190897880247221
0.913204561839092 0.195174955286663
0.922498040386729 0.180210289259811
0.26863853123781 0.80510668669628
0.926756676098336 0.173351303398156
0.914142524294917 0.193667432569422
0.921083973938176 0.182487057787615
0.92163076878388 0.181607738704898
0.912573889557849 0.196191799442857
0.263396702380404 0.807458017098314
0.919297447237848 0.185365296356034
0.923817108882564 0.178085587878818
0.271458561523207 0.803841680133126
0.907986850105766 0.203574278681787
0.915821880337876 0.190960668556828
0.923628765270069 0.178389520069276
0.289681020458082 0.795665178269304
0.265272757770002 0.806616581380919
0.269387924653556 0.804770382306413
0.908888104907528 0.20212300276586
0.907193628185615 0.204851882222577
0.297955791124932 0.791952345129253
0.270964587631854 0.804063520283527
0.918226703325514 0.187088453519474
0.297415772071321 0.792193988464238
0.27410101106873 0.802656563853133
0.919336279786321 0.185300978345053
0.907293269799825 0.20468895953283
0.267157805525633 0.805771230619121
0.903496206286701 0.210801134491515
0.896457124274953 0.222133993451078
0.916416728031038 0.19000630778443
0.917073086962423 0.188945782727857
0.923727487599067 0.178230568248918
0.919053599378671 0.185758144617716
0.913062295752286 0.195403329448424
0.915461038480368 0.191543368963614
0.922618490727205 0.180016103371753
0.910179295728011 0.200045461461425
0.895959045224968 0.222932589569006
0.911597455877353 0.197763512614058
0.918658497808251 0.186392650386877
0.27813936430148 0.8008442292415
0.907565624231375 0.204251808608291
0.919299608759565 0.185360867367385
0.926353631333382 0.173999963576556
0.925807807768338 0.174878856667952
0.91663376862254 0.189652140894857
0.277070227263755 0.801324116434165
0.868800871282426 0.266597288998749
0.905970550377108 0.206818648640789
0.923414084811072 0.178735404957978
0.925567755661433 0.175265444412957
0.919958820558511 0.184299988488129
0.914521782817411 0.193054174537844
0.906929661470504 0.20527802598276
0.923780936552664 0.178143619692366
0.919824451138689 0.18451782873612
0.923762449326555 0.17817291556694
0.917598782521015 0.188099204480225
0.91255503374106 0.196222990030112
0.910400835375325 0.199690050481451
0.917050127614316 0.188983449326568
0.920078916734105 0.184106083949718
0.274425449260833 0.802510930511402
0.923888413588659 0.177971152646714
0.912013133151057 0.197094944479102
0.904874332912717 0.208586128939278
0.91303654985985 0.195445598650547
0.90499482612761 0.208393605614132
0.91555416706949 0.19139290217336
0.270964587631854 0.804063520283527
0.923185728346839 0.179101947441339
0.907802874758944 0.203873434924823
0.92364736004062 0.178358267309439
0.916361273911541 0.190092424684781
0.912224843581759 0.196750430793948
0.901421079440652 0.214145034337715
0.92364736004062 0.178358267309439
0.913875360535579 0.194096301010667
0.911871187540508 0.197324276548164
0.925622953899261 0.175176553499929
0.265919849178781 0.806326276056636
0.925178617189227 0.175892395759801
0.915715414406857 0.191132709755874
0.924046333466103 0.177716699668828
0.279848092406051 0.800078017553683
0.905939731994604 0.206870015756218
0.906187123378517 0.206472302558956
0.920161295192582 0.183974106224386
0.903344528288807 0.211048452668628
0.918548939367007 0.186569067004635
0.917534981830711 0.188202268045498
0.912267741972085 0.196683100990484
0.92368707221616 0.178294961211301
0.910301207971714 0.199851835448401
0.265768409476163 0.806394093528111
0.920165039396384 0.183966266323114
0.921416116011878 0.181951753076305
0.923115098431599 0.179215358366203
0.922675779259705 0.179923859810316
0.924766858327907 0.176555877050471
0.907469726648168 0.204407746923242
0.921740905671253 0.181428759902862
0.922860008346968 0.179626446208045
0.915528308261857 0.191433196236029
0.911331866306763 0.198188425919123
0.910948096833166 0.198807828226131
0.916285457691801 0.190213952563241
0.920318155437821 0.183720907254092
0.922273255239046 0.180571155164036
0.920022240345816 0.184197186936908
0.274327917728905 0.802554787446988
0.909732735423709 0.200768939533016
0.911499590165845 0.19791921630772
0.911719873364385 0.197564899982859
0.911069483031744 0.198614463065716
0.925654188227953 0.1751262710182
0.908588057253024 0.202608177699085
0.911220701218439 0.198367978956229
0.912021900859984 0.197080500987203
0.924628508427205 0.176778716039772
0.924717548691026 0.176635719128743
0.908667004079115 0.202477740086471
0.917236833219371 0.18868121298085
0.915316775048118 0.191773655293514
0.922228965399808 0.180643360398362
0.360292968861129 0.763947626206793
0.919209470402 0.185506424239357
0.917702058385678 0.187932344712957
0.912551251710471 0.196226927667528
0.924574172215491 0.176866206526941
0.915956488986101 0.190745286290247
0.919593866185415 0.184888514773416
0.911088278248929 0.198580987558827
0.917562883600609 0.188158679956143
0.910321152623194 0.199817985861635
0.910737228174247 0.199146405475033
0.92547514197233 0.175414601273432
0.913483714502227 0.194726292727217
0.920383557306449 0.183615677297002
0.917865898926757 0.187668906979527
0.922989366955853 0.179418431866151
0.896399086890868 0.222219727730193
0.924145911493098 0.177555700498359
0.386755797198667 0.752034404201457
0.909200106755816 0.20161988549681
0.351505290457487 0.767892977821675
0.905565717740736 0.207471080014686
0.918380651431473 0.186840097821813
0.920596497999037 0.183274049247161
0.92632486256781 0.174046278423539
0.911257940054472 0.19830754907757
0.921945124119682 0.181100504756104
0.901107007254347 0.214649324817751
0.91648429974542 0.189891791395762
0.292546588061258 0.794379575533227
0.916593233983762 0.189716996651669
0.916244386168862 0.190280621694743
0.91292475225437 0.195624094126707
0.919820623223426 0.184522043898718
0.38526611630993 0.752707157857895
0.917446539898942 0.188344733868442
0.90460113276634 0.209027465063939
0.916934982796166 0.189167892902728
0.911853073517338 0.197350447997555
0.91697433455426 0.189105947388248
0.90960079790296 0.200977286379425
0.91121522895615 0.19837743333698
0.915728511627109 0.191113043655641
0.919086506978823 0.185705095522958
0.918300837776661 0.186971893501648
0.916540676599414 0.189805245989305
0.901986347818785 0.213231409954181
0.92508318389697 0.176046462957855
0.923522858447043 0.178559177726783
0.922003781969708 0.181005365600085
0.924380344657144 0.177178873828168
0.925448937879031 0.175456819266049
0.923899946548303 0.177951229519515
0.912493786647514 0.196320335258082
0.918049524442078 0.187372339889729
0.918575986885088 0.186525864232072
0.914071402722644 0.193779741928082
0.926298607232454 0.174088815626919
0.921270068786407 0.18218720136659
0.903591423763915 0.210649430713677
0.912434771980233 0.196412984711113
0.914278469876026 0.193443944482075
0.906668475132743 0.205695382833601
0.922546485399652 0.180133483657838
0.922655244485221 0.179957378708436
0.9213516638615 0.182054811520467
0.919826533104211 0.184510889136058
0.911985888864829 0.197134678084248
0.917921682007309 0.187577965533424
0.914593163341784 0.192937724416388
0.919882047914118 0.184421850284366
0.923360329790962 0.178820486435215
0.896357502085911 0.2222904408343
0.907792932495623 0.203884805539706
0.907955530213917 0.203622115656713
0.911680043115868 0.197629918890556
0.912673145844309 0.19602866470634
0.907111976471303 0.204983772696551
0.900014378420771 0.216402836851355
0.913767345365138 0.194267256968627
0.914120837255425 0.19369944504723
0.910545381050564 0.199453690353514
0.909606697423083 0.200967533405128
0.911988570571564 0.197133711386773
0.924580308696975 0.176856011027457
0.917775127845113 0.187816260156774
0.909862674580979 0.200553641794084
0.921238675392475 0.182238568251262
0.925028175882531 0.176135157499257
0.913655388410147 0.194450149571961
0.909188254789426 0.201641097136904
0.903003704555026 0.211601691438185
0.924191717694531 0.177482695300299
0.920897485175717 0.182786783832537
0.916547901577963 0.189791192429023
0.916424746295046 0.189988716181486
0.911648199513484 0.197679896659049
0.913438874765491 0.194796764994477
0.911448146031698 0.198003223089298
0.900629003135752 0.215420730312896
0.918667978440288 0.186378718967777
0.925306707939628 0.175685778917365
0.878103024191888 0.251641986437795
0.917349176389301 0.188501194903568
0.915919866879583 0.190800942239305
0.906631849229874 0.205754377872002
0.917496397068075 0.188263569797704
0.925326643528857 0.175654151304554
0.924385489088815 0.177170189079694
0.92484223564265 0.176433789996665
0.919111423377315 0.18566430388696
0.925596119992508 0.175220466650262
0.904565112576505 0.209082503434945
0.921565812878252 0.181711324872719
0.915143164889671 0.192055516548029
0.9161911724032 0.190365094630569
0.920793867979727 0.182954087915398
0.916478313310627 0.189904785576941
0.910247057452129 0.199934671103659
0.913987201190703 0.193912653305782
0.925241428253298 0.175790912094176
0.917177253717734 0.188778764940567
0.922238838440273 0.180628177739425
0.924042348838713 0.177722953537443
0.925171277516705 0.175903993750898
0.92397989844143 0.17782308059914
0.924335824807282 0.177250296437623
0.925344839243816 0.175624463358194
0.904865985029014 0.208596109578197
0.913108906108387 0.195328431632044
0.925171385070353 0.175903820700913
0.899236360024549 0.217664475934876
0.924349554812135 0.177229326058799
0.925600401938093 0.175213569612896
0.92322080095957 0.179046070142528
0.921766519298731 0.181386796021674
0.923083189479265 0.179267278341412
0.898742668745059 0.21846046799919
0.90583633162687 0.20703461511401
0.918945523225964 0.185930129401864
0.920658513587219 0.183171156537999
0.919671817107668 0.184761914841563
0.922916592043113 0.179536721560556
0.9178242804405 0.187734853793099
0.911752760235881 0.197510814962455
0.916897790255235 0.189226999965818
0.918873491994762 0.18604583491595
0.923243756367648 0.17900958860272
0.912340119720994 0.196565617950634
0.923686036132302 0.178295927697091
0.904028660135391 0.209944350758141
0.927577962132597 0.172028133435824
0.92337343317998 0.178800377414898
0.927577962132597 0.172028133435824
0.92233379799487 0.180473562966123
0.922914752699041 0.179539077184076
0.910165602259139 0.20006859577999
0.916921528584426 0.189192525789064
0.925166272363801 0.175912929797629
0.910190333589797 0.200028779016185
0.910165602259139 0.20006859577999
0.920305456501599 0.183740402554295
0.919683181003345 0.18474250239502
0.923930029526387 0.177903337471994
0.923943119153957 0.177883522289859
0.92428607011852 0.17733101128772
0.917192839092129 0.188752497447589
0.912282290794432 0.196658506737799
0.900935569926217 0.214925118420895
0.918395510737736 0.186815557652461
0.920226616529708 0.183866363899403
0.919076026297508 0.185719312749667
0.928956995898963 0.169806954984443
0.90971871204436 0.200785865951921
0.922035730606873 0.180954131405482
0.917396057282923 0.188427675539853
0.908922054069598 0.202068494784835
0.917989100721098 0.187470240295661
0.926980245267698 0.172990618509788
0.924960654879458 0.176243791425109
0.90584750247687 0.207019683896599
0.87706509621658 0.253331549118267
0.919031252562799 0.185793235908723
0.924807202271047 0.176491282674308
0.914146652963876 0.193659805094102
0.915847572167919 0.190918571598385
0.917878907414065 0.187647445088852
0.927577962132597 0.172028133435824
0.927745017047316 0.171758957033269
0.904881865029131 0.208578928443111
0.917933425036907 0.187562526934831
0.927750602602984 0.171749959928872
0.924492368810136 0.176997847710366
0.925352943660051 0.175612575607037
0.924042120995995 0.177723597141998
0.927053928008155 0.172871947421781
0.918379289436233 0.186844834781195
0.903590012093107 0.210652542486843
0.910723856935839 0.199168645117577
0.919021141608517 0.185810550756552
0.924916835461556 0.176313824235618
0.901850424568356 0.213451250442436
0.903184353161176 0.211306011775968
0.926185622824057 0.174271046009159
0.916163839665085 0.190410578862062
0.920682339499387 0.183133571657908
0.924355506615977 0.177218844828284
0.918711487050412 0.186307301425177
0.914567917533548 0.192981145419547
0.919011978067256 0.185822795790256
0.907023168372976 0.20512758790791
0.925553520902167 0.175289193891917
0.901484022793418 0.214035642606207
0.912019069282589 0.197085105211685
0.905467867646044 0.207628243409849
0.924078630995516 0.177664789099131
0.919865106512717 0.18445120488245
0.91228787197004 0.196650461640761
0.909953891964707 0.200409450733832
0.927130053067835 0.172749657463071
0.917971166350142 0.187498646189163
0.925588779652816 0.175232067903977
0.924673217926665 0.176706526033783
0.878298679751764 0.251333775700954
0.915362944960769 0.19169774413027
0.914680767224372 0.192797704936685
0.921683053453167 0.181522445838831
0.904191444071232 0.209682112234724
0.923470937109999 0.178642994337114
0.902366939035192 0.212618754722337
0.926954791531626 0.173031811571652
0.920878018910015 0.182820027298881
0.91028094901438 0.199884614643753
0.924133665159007 0.177575927849369
0.92062883866907 0.183222267703692
0.928833365952295 0.170006052757337
0.913999672148653 0.193896332651975
0.906350659051648 0.206209151717318
0.92326586693478 0.178973639254069
0.911055979076728 0.198638495740035
0.902829639702503 0.211874625755352
0.875272472183392 0.256203153578982
0.902098232874165 0.213053362014348
0.917410040420519 0.18840203486869
0.924845364523091 0.176429296306872
0.922677588913214 0.179920487639196
0.877315422109484 0.252905458719737
0.873451414388726 0.259134697454331
0.916831303823092 0.189337713912671
0.925738580530696 0.174990731795078
0.92711096735955 0.172780392405288
0.917581771039186 0.188127895908843
0.923374172289749 0.178798311762922
0.919545543340471 0.184966353383431
0.897345750444697 0.220703165268378
0.91244986907208 0.196388823052817
0.92695894769881 0.173025389431711
0.908582652216522 0.202613199811531
0.924494534226535 0.176994491206863
0.910366474697665 0.199743715293237
0.919417275487907 0.185172204180836
0.92451966107974 0.176954977242113
0.922729915281312 0.179837445094248
0.913024836582406 0.195462324997195
0.911478924061537 0.1979504337928
0.925776622859907 0.174929128508903
0.927147810776066 0.172721140094232
0.906865943203715 0.205379029446448
0.921688430303385 0.181513787059569
0.913281551828282 0.195052887735535
0.868510873805046 0.267071617998878
0.918426157537362 0.186767715771292
0.919907497130616 0.184381494213469
0.906167090795196 0.206506857026408
0.910457410045148 0.199596300365346
0.909186133038892 0.20164410990047
0.928839608256955 0.169995998523609
0.921144177259367 0.182390362198997
0.870658964362678 0.263612940754849
0.922779842349561 0.179756836521244
0.918673663171874 0.186370508325252
0.926193842572447 0.174257398388673
0.925380839274456 0.175567092776889
0.905818001518153 0.207070264122922
0.90609264105983 0.206622507663898
0.877607464307941 0.252439050625798
0.915753430864263 0.191069547702717
0.868756855210926 0.266677516134275
0.916038294933139 0.190613688723421
0.917784173815464 0.187802435441452
0.92032808068375 0.183704813981334
0.923575703798697 0.178473837549255
0.917515860600266 0.188232095289065
0.914184754124916 0.193596092938192
0.910316785162168 0.19982567787366
0.921403592443875 0.181972577596347
0.914856500405495 0.192515220532568
0.92683498154285 0.173224930813441
0.918148961560987 0.187214389740883
0.91698340487964 0.189090637416716
0.922391517825294 0.18038239096453
0.903116066418383 0.21141597652008
0.918169451826094 0.187179503194955
0.923969641112156 0.177839360912821
0.914778415809007 0.192640590198385
0.913403907338979 0.194856202991664
0.916566566277704 0.18976094976879
0.921488321234609 0.181835727388033
0.905720831341737 0.20722360962775
0.923971345010854 0.177836615953133
0.912095380147798 0.196962838974452
0.920325879912875 0.183708357786363
0.921632486606369 0.181605623913243
0.92019666397095 0.183915847185714
0.919122366456085 0.185646554489122
0.915665315531652 0.191213342093819
0.917272146568818 0.18862390947321
0.90758587702563 0.20421856602801
0.917370351090971 0.18846743247681
0.921522034474106 0.181781958067142
0.916997507093342 0.189066291805445
0.91803887275175 0.187390197279943
0.913894547630451 0.194062062467455
0.874460969299237 0.257501788768834
0.926818395640127 0.173251646151849
0.899856006927534 0.216663887371078
0.921605849398389 0.181646468805054
0.913779958028226 0.194246541127668
0.924328884785039 0.177261663298283
0.920097012213391 0.18407614091506
0.920028148315306 0.184186773059659
0.921888243348867 0.181193722246387
0.903761980059152 0.21037395347855
0.923628083199063 0.178390390312026
0.872587874557699 0.260511992908623
0.92266753002617 0.179936834464981
0.921644285014743 0.181585276172332
0.875354635790354 0.256074285782833
0.91922540991352 0.185479041014676
0.920524491138006 0.183388223849231
0.907630585578549 0.20415153230979
0.918116429122142 0.187268782132311
0.912879276610049 0.195699320228932
0.911669355316208 0.197646591349069
0.907919362407458 0.203680972980123
0.926130187692281 0.174359762607441
0.915447666490731 0.191563083956299
0.907996421916172 0.203559629820413
0.924969520914578 0.176229699646786
0.921033001660761 0.182568457101045
0.896453035884792 0.222136984874406
0.921249784284731 0.182220907504067
0.918539608450742 0.186583121506736
0.914826970847857 0.192563530097757
0.873298875995302 0.259374278151206
0.91875442744716 0.186238146677464
0.905893106016626 0.206940833794141
0.874749332300558 0.257046233617987
0.906089606955495 0.206629273781963
0.920991277332141 0.18263762238741
0.923890062966295 0.177967468483446
0.904166564044272 0.209728655452302
0.91520881700386 0.191948412268807
0.914623524905287 0.192890008844347
0.925179512387303 0.175891722641677
0.927312061552412 0.172456213136227
0.924306550524177 0.177297424982202
0.920212740306926 0.183889957296758
0.909173154633708 0.20166140297587
0.91758276509591 0.188123959833959
0.877946022260192 0.251903852363129
0.920255148398242 0.183823719683906
0.918016365587275 0.187426113997509
0.900603969231438 0.215457080049201
0.917679249622726 0.187972584158846
0.908915885242687 0.202080315455572
0.92476729604041 0.176555410784401
0.917963013797511 0.187513147362109
0.922618159060545 0.180016698083032
0.922473714615324 0.180248345217026
0.867802894285865 0.268205829572063
0.925423980121596 0.175497041660072
0.920603470002482 0.183261326394616
0.909229967600706 0.201573201286569
0.922680341717022 0.179916228671319
0.926818892116561 0.173250846474738
0.910067593509544 0.200226536767459
0.922778064975666 0.179758796355205
0.920938233794806 0.182722498983168
0.908095382098086 0.203401967070774
0.869398090556031 0.265636558166878
0.919152818266728 0.185596217868063
0.926811637959628 0.173262556069335
0.920290974145671 0.183764671484054
0.913743728263123 0.194305305203515
0.906605915267257 0.205796769645767
0.899074419378751 0.217921163297157
0.904348120984674 0.20942812806442
0.898325119428217 0.219122039956624
0.919889960926628 0.184410270541931
0.921781229110861 0.181364409624262
0.899565966131533 0.217130326129237
0.905734933237989 0.207199189479298
0.915426194038152 0.191598559347761
0.902223076348915 0.212848232245264
0.918882641751846 0.186032916246162
0.913718706804547 0.194346463191525
0.919961357965205 0.184295356425981
0.901504965003258 0.214008093201376
0.922062532483114 0.180911827144178
0.913708148576616 0.194364532124665
0.899177815630196 0.217758492901707
0.90045721462507 0.215693860826162
0.921728587686016 0.181448345441711
0.917978392077637 0.187489009368241
0.919970835877786 0.184279166074201
0.913260885981544 0.195083305925719
0.913091553295366 0.195357808834799
0.917786266172463 0.187798861464499
0.917365666370115 0.188475634708455
0.920807954425564 0.182932201715955
0.928838675800049 0.169997500437391
0.918396559448366 0.186813992851505
0.91619991921636 0.19035080321155
0.919126253815449 0.18563903882239
0.921585233805947 0.181679811334073
0.919116211357415 0.185655415346717
0.924578148593613 0.176859781256385
0.923342142877909 0.178849878966218
0.907647580017999 0.204118551842388
0.924542688874109 0.176916935095022
0.869111113419182 0.266091178232146
0.8972789816765 0.220808177514586
0.909229967600706 0.201573201286569
0.896578653724672 0.221936843538464
0.907550770976637 0.204278460625165
0.916439093631039 0.189968048113448
0.874431607149766 0.257545058648539
0.920675945057439 0.18314626744065
0.913240108922506 0.195117089793697
0.915699412488766 0.191159557542537
0.922225661850969 0.180650451517523
0.920646564984039 0.183191456386776
0.921292331006014 0.18215133620458
0.918554607647943 0.186561708747111
0.920804840895213 0.18293734217042
0.917050702514446 0.18898169998678
0.9121798567481 0.196827542488173
0.908470178921322 0.202795594965252
0.921332550740298 0.182087091977536
0.919546629230866 0.184962397924357
0.911972089979827 0.197158435572728
0.914571805401279 0.192972634527554
0.921122292694734 0.182426046726658
0.914950201746304 0.19236229549495
0.92606711420852 0.174461359268352
0.923006848209024 0.179389982156884
0.921936077667786 0.181115973904659
0.921247817230845 0.182224147922195
0.923019137654928 0.179370191911792
0.906889813738635 0.205342817752411
0.923964757783381 0.177848406538406
0.90581219670891 0.207077000258272
0.907674873661623 0.204074797909985
0.869603559427836 0.265303953188707
0.903685296998582 0.210496257840245
0.902289907398057 0.212745694802934
0.919681209748957 0.18474598649987
0.921792904479295 0.181345994601414
0.922896376700465 0.179568698391304
0.919984396694795 0.184259386436422
0.910983981284498 0.198750930472563
0.904259307159428 0.209574900889266
0.89940320604881 0.217393407530636
0.919271864560658 0.185406416815609
0.906146295358351 0.206537351165419
0.915473837221537 0.191521629961915
0.902334452612076 0.212674058447912
0.914029679711723 0.193845523975649
0.912483637128572 0.196334260690688
0.909016998714482 0.201915456044443
0.874316912451787 0.257735414541044
0.910280901440347 0.199884979444163
0.906260631453514 0.206351996533778
0.9069256731269 0.205285012114313
0.896193484410832 0.222550229593779
0.912692084469525 0.195998641802069
0.926634892795613 0.173547539138613
0.924062348001677 0.177691726476134
0.905102122542674 0.208219705442721
0.90892678636024 0.202061329732044
0.902918922362012 0.211736589260759
0.867202205659396 0.26916154787527
0.920006492468724 0.18422140527472
0.92215247707333 0.180766357877682
0.905886317359349 0.206959449242029
0.902918922362012 0.211736589260759
0.909777121415266 0.200694264672493
0.920651671288237 0.183182131995669
0.918289465700532 0.186986322581423
0.904126922138285 0.209791215984291
0.907951737049302 0.203631263008319
0.905922903587591 0.206898232712037
0.921543593490929 0.181748824637948
0.916398165120074 0.190031079876929
0.90770726777527 0.204025693568722
0.922628553697947 0.179999450264963
0.903601431301473 0.210630745555329
0.897007941165918 0.221249635487361
0.918989689429802 0.185858826773679
0.925099184024177 0.176020319834493
0.916193181636358 0.190362704657738
0.909085773877757 0.201805584946639
0.904107344265084 0.209820668505431
0.905369441722714 0.207785428890409
0.910621856128712 0.19933480929224
0.920126700342282 0.184027353526768
0.915250650509338 0.191879589366105
0.914362890009274 0.193310275749306
0.920071563558268 0.184117638632722
0.923107214763281 0.17922987737962
0.914866106018922 0.19249843799824
0.875431285450662 0.255941725852363
0.900227604241881 0.216065039319393
0.917620970965688 0.188063740397203
0.901655237616014 0.213760315339547
0.90483872457445 0.208646730776984
0.909823093162291 0.20061646223616
0.897920859539775 0.219776055872232
0.909505759154415 0.201132090328403
0.896590421834084 0.221919064464602
0.914452177309115 0.19316485388769
0.911306304039529 0.19823292150611
0.910619159310051 0.199335811319711
0.910619346637491 0.199335509778685
0.918027571433093 0.187411593127584
0.917998813933648 0.187456457889169
0.915880044643 0.190869081586839
0.905364782824684 0.207792913043972
0.922416710231535 0.180340428670793
0.897903467217485 0.219808652904457
0.908607576436608 0.202575113094141
0.911280106803377 0.198272332065032
0.906982359079443 0.205190390582164
0.913850959293335 0.194132927438554
0.921283580660626 0.182165554739297
0.92145622551762 0.181886682974429
0.896192870318615 0.222556915783461
0.918204842839102 0.187123024371607
0.921381899532671 0.182006362994211
0.896150544683016 0.222626291815067
0.90104777930901 0.214740361548269
0.908719258793693 0.202392727718759
0.913033682590596 0.195449431494975
0.920745131016577 0.183033335879002
0.910255383222934 0.19992395198578
0.908495920926804 0.202753871718585
0.907282756728152 0.204706303756769
0.91086614315865 0.198937848060965
0.917613172110986 0.188075385436789
0.919257999140305 0.185429218412741
0.909220440387088 0.201587966817715
0.904475469283873 0.209227632061809
0.898873853992842 0.218243491576576
0.911027248147452 0.198679503215391
0.913769782440549 0.1942624200191
0.909904705800366 0.200488943029167
0.906751705557852 0.205559622665994
0.91310819534054 0.195328806014725
0.898180594871754 0.21935868221382
0.925099597618279 0.176019653697003
0.920774689080398 0.182985486307001
0.907414766688712 0.204495844937341
0.916817929367475 0.189356427087502
0.915968386750267 0.190725290609049
0.909790164743996 0.200670622958197
0.912953010783707 0.195579504298062
0.920700416413733 0.183104307555524
0.898456171814254 0.218910685180724
0.920139300139 0.184007068820816
0.912234428546978 0.196736009729848
0.904861141163138 0.208602936962645
0.896940780298286 0.221350890981987
0.913232945721425 0.195129222728576
0.914381425620518 0.193278728499158
0.921861679534646 0.181234103236306
0.908134884301325 0.203335518244877
0.916537371602847 0.189810537078384
0.918884404011526 0.186027493121743
0.91552702490139 0.191435099588069
0.899415718759985 0.217372796944772
0.906558485644423 0.205870154120135
0.897262229824407 0.220828742308004
0.873931027857168 0.258352109864993
0.905029099341894 0.208334496667866
0.896166859026519 0.222593713839534
0.908159091701429 0.203295900434775
0.916005019560139 0.190666776223041
0.918372756360007 0.18685445018066
0.909777830566733 0.200688763936227
0.911894266907606 0.197285410705512
0.908000040714302 0.203551654703857
0.918352813718654 0.186885670027099
0.901872007786512 0.213413378099308
0.899092440674427 0.217887798914953
0.921916459129641 0.181146566499266
0.916803237524688 0.189379356003591
0.911154599376196 0.198471727108413
0.900075294334682 0.216314168383161
0.916035990639563 0.190614917645734
0.901055340380915 0.214728530249373
0.918149832951934 0.187210317530895
0.909868645267655 0.200542345202778
0.923548167348271 0.178519319816271
0.916879756523765 0.189257838074696
0.897969803391703 0.2196907803651
0.924450066109741 0.177066314694036
0.921342518709511 0.182072471569846
0.902090453626962 0.213061090522054
0.927292908664876 0.172487220541839
0.915575472905782 0.191357922580945
0.905351770887658 0.207814477537518
0.896628603413284 0.221857535851077
0.914030988936261 0.193843436302516
0.910096013921672 0.20017785166799
0.926634892795613 0.173547539138613
0.918529577116586 0.186600548965397
0.905520742206417 0.207545775169739
0.896712553035682 0.221723473281186
0.916777391461568 0.18942092461133
0.90709155819317 0.205015092964888
0.916485007533137 0.189890963711608
0.918050987475236 0.187371355667364
0.904635371960697 0.208972269046652
0.909533278248372 0.201084345822358
0.909431755702358 0.201249072757648
0.914069455184803 0.193781635251977
0.910838553145366 0.198982267628625
0.919260165283348 0.185426179037689
0.871628606897923 0.262050736378574
0.918522699285166 0.186611291057544
0.918064055240616 0.187352250915764
0.898189596486276 0.219346691544241
0.924127861173434 0.1775856798986
0.90954962544412 0.201057435088099
0.92662652615536 0.173561014893731
0.895927380237138 0.222981954202814
0.916614229558601 0.189686165940237
0.895943490754559 0.222957617868449
0.908492535328914 0.202763354683067
0.927824790136561 0.171630860035822
0.926479791116321 0.173797314219174
0.925954363841693 0.174643675995672
0.908250731393225 0.203150597466116
0.906953668061007 0.205236132612378
0.920189613518185 0.183927362181234
0.925529854909446 0.175326949966107
0.92582258469103 0.174856378667716
0.925463384713982 0.175434317622232
0.910181409447897 0.200043894502715
0.918389818726792 0.186824953071596
0.923675976933895 0.178313724241
0.91530995479844 0.191784460486245
0.92662808015122 0.173558514661855
0.916940041187341 0.189163118143427
0.909192015552341 0.201632141247934
0.904318949679108 0.209480843529729
0.910919981688739 0.198852490382241
0.912003875518584 0.197107811877266
0.925990636251714 0.174585533534069
0.916883371404871 0.189251092746254
0.919996141472899 0.184238230053744
0.91590082253003 0.190834657302717
0.875692806103961 0.255515889788282
0.906902205137106 0.205326320696539
0.897768418543101 0.220023834976964
0.902229247432228 0.212846119203491
0.925740248123907 0.174988101805552
0.914462322789911 0.193151791036398
0.925111214524842 0.176001491787353
0.908665888104306 0.202480395612986
0.914462322789911 0.193151791036398
0.925089613663807 0.176036523273043
0.923666562226013 0.178327448684417
0.920779137673784 0.182978780128382
0.904403422004802 0.209347947642664
0.921748823399968 0.181416807317727
0.916431189239774 0.189980283967191
0.904086960779786 0.209853190494095
0.919996141472899 0.184238230053744
0.917033954592162 0.189011208566872
0.908673708205878 0.202469810365376
0.915550076842769 0.191401342773798
0.92257024495496 0.180094263087597
0.921200249932131 0.182301555538694
0.90661274295134 0.205790193756831
0.925089613663807 0.176036523273043
0.904628405276324 0.208983583257333
0.921200831851764 0.182300619497615
0.907252295425916 0.204759349447184
0.920906034511004 0.182773818496312
0.920345005265018 0.183676576130309
0.916849128909494 0.189308081390041
0.924969231604281 0.176230390057478
0.925725426962515 0.175012507140989
0.923665132287372 0.178331035937647
0.924202763812588 0.177465151554913
0.919550031307382 0.18495841312813
0.920735263614993 0.183051701765909
0.926212592783738 0.174227657578783
0.914968613660467 0.192336435784112
0.915180391497304 0.191995930160095
0.919654961494624 0.184788317596853
0.927817660471085 0.171642344847924
0.898947694421101 0.218127356995332
0.927094904625025 0.17280657744749
0.920422336180695 0.183552503110424
0.927267880968948 0.172527731430241
0.919523188590947 0.185000620580573
0.923666285573191 0.178328971940323
0.903230940072281 0.211234572779217
0.916326299843868 0.190151948260806
0.90336648863493 0.211008923812813
0.921947462615447 0.181096738936109
0.919348135233409 0.185281571497596
0.923655088106225 0.178348191182341
0.921608096394303 0.1816444491041
0.907383103539215 0.204545919491779
0.92062254211565 0.183231570423837
0.921197419445299 0.1823061124211
0.926855023202536 0.173192740592259
0.920525104965761 0.183387154752827
0.923058980270429 0.179307000464575
0.8719627743207 0.261519392757426
0.900337823042876 0.215886923965745
0.923004644400716 0.179394737068059
0.923226573064949 0.179037520456535
0.918942786374547 0.18593563439467
0.926136241101262 0.174350748960311
0.908222521105022 0.203194505852039
0.918536857215211 0.186589228957764
0.916553873169197 0.189782429007172
0.90115997989609 0.214567336496246
0.928032595058112 0.171296157676208
0.870818754884159 0.263351767769657
0.923888111648369 0.177972568012822
0.92101773469779 0.18259326566268
0.89861960976097 0.218654471806806
0.925059899460732 0.176084427975618
0.899359231255885 0.217467245345921
0.925012829242769 0.176160162955317
0.924096152991998 0.177637094667788
0.914056375872689 0.193802406828436
0.91820700502591 0.187121882669346
0.915823368359516 0.190960427764202
0.917104037278793 0.188894873075716
0.921732721428662 0.181442844998401
0.92755574867937 0.172064343558482
0.918315767160233 0.186945353982277
0.909397707272223 0.201301385008027
0.910902510789712 0.198882676881077
0.91520911673148 0.191945663293604
0.918323850385139 0.186933051522174
0.911494264942314 0.197930073930656
0.920720445912265 0.183072999965207
0.909452966696256 0.201218478877625
0.909733711996009 0.200766111589528
0.906877946414122 0.205365856046157
0.912465742450211 0.196365436222224
0.91889483768513 0.186011825159386
0.91541907790143 0.191607372513448
0.904035402394879 0.209937168464087
0.907114467716365 0.204977951438975
0.911114342549358 0.198539249552823
0.925920383468885 0.174698130817203
0.916956055538991 0.189135687974412
0.929431058614278 0.169043548560481
0.925290352018256 0.175712772250082
0.915614790932634 0.191293217423345
0.897301941789964 0.220777395003761
0.920451867902111 0.183505978533652
0.92167659727945 0.181533931269236
0.927340938525512 0.172410120034689
0.923094650931662 0.17924952158064
0.922057432617439 0.18091975166548
0.923573437188055 0.178478746532529
0.912266629484125 0.19668542781386
0.921979247786611 0.181046332829903
0.919497808087469 0.185041495458513
0.92539530345225 0.175543848650693
0.929168112530449 0.169467063597238
0.927527201087875 0.172110067315254
0.914890797976733 0.192459258049499
0.92734658592297 0.172401022292164
0.918756948125836 0.186236500110831
0.911323601343323 0.198202875201175
0.915620493118145 0.191284231992929
0.924237198127004 0.177409905511018
0.92573727203187 0.174993624385175
0.902208223106133 0.212879826127595
0.915612607298678 0.191297984671549
0.915729038267412 0.191112445879228
0.913397916812548 0.194863348476217
0.875384279313636 0.256021041274552
0.870741375574834 0.2634920138955
0.905209550319749 0.208044522637955
0.902107372695778 0.213038569819397
0.919263805466077 0.185417928449276
0.910519820949295 0.199496481214197
0.901066783427498 0.214713580578329
0.912367283361682 0.19652401536816
0.919078931071486 0.185716816405528
0.921114333086833 0.182438782151954
0.917023155604146 0.189028319178076
0.917915997782205 0.187590918844222
0.922162144441876 0.180751315458161
0.910216926484846 0.199984006188936
0.920400184616238 0.183588614481265
0.915909563467506 0.190819713207605
0.917685811123797 0.187959594032981
0.909238213646174 0.201563781713924
0.903353128535241 0.211038560096188
0.906816627442274 0.205457731137317
0.915235094446674 0.191905079316964
0.899684038065878 0.21693599724831
0.90989183858967 0.200510558246057
0.909285239125846 0.201486334351544
0.907420635491616 0.204487842324066
0.909285239125846 0.201486334351544
0.899533031634318 0.217182847823457
0.900174818402228 0.216151392322485
0.874376421450331 0.257635102426958
0.871148817167447 0.262826868653214
0.898823126091216 0.218325693316042
0.870467240592146 0.263916274970511
0.910773102300964 0.199089124485875
0.879060213847857 0.25011266389102
0.920237672290516 0.183849731363574
0.90884446224667 0.202194589260636
0.896236094505324 0.222489925991691
0.922610131613782 0.18003055373889
0.897223715927317 0.220896176329517
0.910373458872684 0.199735829715838
0.924327608301432 0.177264942538372
0.905286814092271 0.207918451987007
0.919316984169526 0.185335008434604
0.911582050313153 0.197786976800672
0.903670861285021 0.210519402692138
0.901184165735716 0.214521510904062
0.914633953321668 0.192874139023492
0.911793414004434 0.19744467206259
0.913004342623606 0.195497345282562
0.900959345677516 0.214884725726111
0.922610131613782 0.18003055373889
0.914208417818315 0.193559748177438
0.905237238545059 0.207999038440077
0.905297971939591 0.207901269625326
0.906950781722586 0.205241661945243
0.869939767547043 0.264762620687971
0.923737031950157 0.178214881748019
0.909699055857003 0.200817146946192
0.915188714060302 0.191978959451949
0.901268101581194 0.214387081734669
0.906067017912852 0.206670031390331
0.913788371510524 0.194235765001914
0.921080882651049 0.182492533568287
0.900917070343894 0.214951575298793
0.915525989700178 0.191436317342928
0.907950559678343 0.203631690692278
0.872767579520591 0.260217848951066
0.917179988633852 0.188775642734113
0.89586438939592 0.223081063785747
0.922149078940819 0.180773017071025
0.921517420054828 0.18178930015172
0.90507656461442 0.208255935033588
0.896139595400678 0.222640098414207
0.90149969301045 0.214011782155708
0.910702177279719 0.199200349024288
0.904697639791306 0.208867730510679
0.916903393756986 0.189219285815062
0.915264660118958 0.191857630913483
0.922244759555059 0.180617831763723
0.91091492571577 0.198860181993453
0.919195851608529 0.185526968437883
0.91479829744149 0.192610861191193
0.899185963578379 0.217737995067725
0.904629437732682 0.20898316151337
0.905246934729404 0.207984230906881
0.912427139753266 0.196425593219648
0.905359692410882 0.20779897934069
0.877627594794606 0.252413829194131
0.911755360257733 0.197507169528484
0.92044735688329 0.183512197284688
0.906450517833129 0.206044991376495
0.898141557648793 0.219419082362176
0.899814582243068 0.216727011941469
0.90812487284548 0.203349296185675
0.899662469198547 0.216969165841744
0.917952108008599 0.187530747021352
0.90194465862205 0.213295805585866
0.905319076756741 0.207868243226406
0.915947764318818 0.190757766706595
0.919158118291868 0.18558890012772
0.921634195519562 0.181602049899665
0.901433095604531 0.214121477159706
0.91181894108943 0.197409989028815
0.91918042475352 0.185552971574148
0.923725921773057 0.178232778559031
0.912340729878425 0.196564483316617
0.911003228205383 0.198720460817783
0.918212354650425 0.187112522655508
0.917154216204776 0.188814022861128
0.917052792917082 0.188978664996626
0.908381872012609 0.202940979438928
0.904115236754986 0.209810589556265
0.913664014685279 0.194436631344137
0.916724478958777 0.189505696622909
0.923731397100557 0.178223956523839
0.905507565074886 0.207562618085446
0.916225022540116 0.190310851713633
0.901841076989787 0.213463854337107
0.912317342644756 0.196602138356759
0.923362753933896 0.178818317999347
0.922911849659028 0.179544511452571
0.908218224638365 0.203206344282302
0.903918470950298 0.210125581549323
0.919809683720514 0.184541323139257
0.913163171878998 0.195240653485598
0.901838665589438 0.213467731201725
0.907822606507921 0.203837396984121
0.908617746095539 0.20256073284762
0.923267426794871 0.178971136319808
0.924053545075133 0.177704544631499
0.913978099019552 0.193929167229257
0.922087287333694 0.180872566625138
0.914399110838055 0.193251836023003
0.915653845419868 0.19122944240173
0.911217976907721 0.19837397572167
0.918127008344519 0.187247959088905
0.916701885885775 0.189541795644669
0.911120734727199 0.198527343356512
0.914757089788731 0.192673473448971
0.915064986259325 0.19217836992468
0.916553695789956 0.189786008272067
0.920431707529456 0.183539237078209
0.912394433372532 0.196479213935737
0.916436380073225 0.189970961835591
0.919950923982037 0.184312671981914
0.922142874332094 0.180781651105027
0.920803863172525 0.182938433377904
0.909982066572663 0.200362580443014
0.918346345857354 0.186896451001735
0.919131250229136 0.185632295704099
0.917166121238017 0.188796370357109
0.918163679469264 0.187189403647073
0.924551374711166 0.17690296373498
0.907364193701589 0.20457746302486
0.318400557472405 0.782771999538964
0.323069302394925 0.780674376479392
0.316954365535051 0.783419922091084
0.329361445938722 0.777849445458403
0.327522247271681 0.778675387715323
0.352940673058649 0.767257835370058
0.338090841352636 0.773926279094004
0.383458125805818 0.753514986016726
0.340142782092777 0.773005257190631
0.334501943315528 0.775540907364967
0.344218253730712 0.771172142052774
0.8722971764308 0.260972945981925
0.336747109543496 0.774533614158528
0.3077954100473 0.787534943196392
0.273922956452821 0.802736405067211
0.292656302374347 0.794330303352971
0.305080409362568 0.788754152870274
0.282354154272119 0.798953311709403
0.29622704292492 0.792728421541684
0.311977038855972 0.785657651408286
0.305080409362568 0.788754152870274
0.312370543609778 0.785480664847803
0.291397746202759 0.794896124320978
0.306539812676109 0.788098444107419
0.324949931511569 0.779830974000328
0.911300381567811 0.198239144555012
0.285021032033579 0.797756355826808
0.299290867284226 0.791352334917895
0.327021657198134 0.77889953727186
0.303063336922477 0.789659537837332
0.904932385040723 0.208487019094997
0.280222338349459 0.799910295302383
0.911199528840462 0.198404905654864
0.345165676185976 0.770750092112162
0.302530250149305 0.789897338697614
0.914143052607391 0.193663267185332
0.323442394021949 0.780507558649004
0.287143697235111 0.796804813400803
0.356604709643228 0.765599787536176
0.318708632446433 0.782633532286325
0.338710309945372 0.773647289033193
0.287437426377808 0.796672249731583
0.323442394021949 0.780507558649004
0.318177047400799 0.782872434505087
0.272018114940304 0.80359120090282
0.345165676185976 0.770750092112162
0.908049570564948 0.203478003276565
0.288076473612663 0.796386047257119
0.286700388685422 0.797002655987047
0.276717080749354 0.801483071106552
0.90955806408635 0.201046823913745
0.344054907267976 0.771249055365022
0.920080846614682 0.184103057132453
0.916673397194259 0.18959268325719
0.910508291508325 0.199519512573128
0.92362282116262 0.178399668426437
0.878069457814662 0.251695762526226
0.92362282116262 0.178399668426437
0.918756635004849 0.186237198981052
0.877372787741198 0.252820082347121
0.900355263054115 0.215853730310891
0.877075049662923 0.253301075388011
0.877822429059023 0.252096704261279
0.869548631898323 0.265398950238663
0.903523976646177 0.210761229340496
0.924462860062608 0.177046609048874
0.926466421788018 0.173818888343823
0.915138208868376 0.19206214060062
0.916529157239148 0.189822924333701
0.925628780194511 0.175168616675726
0.922063683627908 0.180909411608924
0.917732845652991 0.187885095053688
0.916305642947241 0.190182288244644
0.91940337465888 0.185193030580787
0.92575624657333 0.174963139036099
0.904471402783983 0.209234384371201
0.916335565144809 0.190134412765692
0.919212103569874 0.18550092083358
0.921935931890119 0.181117484003968
0.923651226840937 0.178352352686805
0.896461635349713 0.222119839367104
0.913705051390705 0.194369042043561
0.923812965245153 0.178093058908014
0.86746038002978 0.268762257793617
0.921944542022623 0.181102573145312
0.925138115364265 0.175958626497664
0.925678188799115 0.175088279511165
0.924557195159983 0.176894290109973
0.905806438479676 0.207081478284919
0.920624510169491 0.183228692254109
0.918190678197337 0.187144773314707
0.921923105374492 0.18113754813895
0.913879174398309 0.194087334621401
0.923789835503722 0.178129653590662
0.910181569078581 0.200040678934529
0.868614376127211 0.266905817107535
0.924097049948427 0.177634866935643
0.899443734397633 0.217331124458657
0.926556109810248 0.173674217511123
0.920168858932402 0.183961102524095
0.922437045054849 0.180307497365219
0.902969517595025 0.211648268720761
0.907100864497823 0.205000673825419
0.926710355459613 0.173425927654037
0.923235079018514 0.179023146916102
0.900382777274264 0.215814574614257
0.913185901419878 0.195202736156198
0.901768722412225 0.213584280863261
0.900092801239036 0.216276975498615
0.910732714322831 0.199151721703534
0.918654039706665 0.18639996867707
0.89585885426999 0.223091785864412
0.901768722412225 0.213584280863261
0.908796339609471 0.202272522783573
0.923463778989211 0.178653798459831
0.914709806012215 0.19275212118169
0.909975853957844 0.20037070243824
0.898104790599181 0.219482035456879
0.902891282637472 0.211781349897056
0.900828470746339 0.215094019804616
0.895955924582871 0.222936089978939
0.91120398982445 0.19839242882273
0.873949216217833 0.258324402960636
0.871803257002976 0.261784576343047
0.920730862247833 0.183054357345296
0.904972224325258 0.208428717864169
0.91803306535746 0.187400638672365
0.901635327582194 0.213800530304461
0.91704239006415 0.188993947558719
0.897886243212543 0.219825976282115
0.900705687712997 0.215294305369709
0.918646264548698 0.186412472391083
0.900988614437156 0.214834663559297
0.919423448980125 0.185160416166548
0.90624363401519 0.206380369577432
0.91764324010509 0.188026391788204
0.918167255172623 0.187186650974593
0.913464428069154 0.194757370897253
0.911004465436521 0.1987158172134
0.911534827546739 0.197866278008366
0.908200440744853 0.203229043724216
0.925131050084051 0.175969197651829
0.918570883251768 0.186533133004353
0.908679771943416 0.20245662253871
0.920522706768222 0.183390101871929
0.91026968835893 0.199896330967253
0.923822291882062 0.178077986771779
0.900133402802452 0.21620968236757
0.910182606613396 0.200036849273107
0.895861909345659 0.223086868895418
0.903567528212021 0.21068698714569
0.898362016269422 0.21906471218424
0.899585129254137 0.217093208068694
0.923856652791996 0.178022661949324
0.918083439934273 0.187317001685745
0.9182276949136 0.187085652480268
0.913664200148584 0.19443625562388
0.926367651779411 0.173977694008111
0.90801321848863 0.203528607487343
0.900742646977871 0.215229225381965
0.915285647985556 0.191826800094903
0.910287488855928 0.19987076561673
0.917358304497298 0.188485198232782
0.36680131314811 0.761017060363866
0.911621075446484 0.197722910817388
0.920229901967623 0.183861796306645
0.910630589644841 0.199318589113693
0.917049266885972 0.188984005996704
0.897905229607631 0.219799186609788
0.925429936687553 0.175488448491999
0.922709424666051 0.179870525335667
0.919202750893483 0.185514995128237
0.904319000798857 0.209477763211793
0.905421973991275 0.207700160162772
0.910595238780836 0.199373617362965
0.907157599291567 0.204905909078508
0.918011652364592 0.18743365383358
0.91930105060847 0.185358656577774
0.901998572600216 0.213211223543274
0.923243585465128 0.179009659747641
0.917426671660906 0.18837701841936
0.916849646588141 0.189307050441316
0.923238551008136 0.179016931058952
0.912908733634739 0.195651213115328
0.901576960487909 0.213890032968467
0.876928719129007 0.253537901147257
0.910381666107392 0.199717052733944
0.907991060272175 0.203565064776702
0.907561558153792 0.204256882033703
0.909813674070487 0.200630723499729
0.921053438477093 0.182535068471747
0.872901126917727 0.260011162531026
0.912935067962342 0.195606730901069
0.897349429653069 0.220689777058904
0.904082253534869 0.209863090592146
0.903791732372261 0.210327593916163
0.908989005154782 0.201961303666706
0.909571672288295 0.201022244026947
0.907989830650285 0.203567044312551
0.8997412213414 0.216846726292026
0.904279029279281 0.209544903192585
0.901561557344252 0.213915490637649
0.907834970579255 0.20382091972228
0.917002458921415 0.189059390913585
0.916919682617146 0.189193982649934
0.922385384752573 0.180391547335785
0.900262345018625 0.216003726781777
0.90458807837419 0.209045979079813
0.908827720073808 0.202217869047355
0.897499300576281 0.220449677092766
0.867844634354807 0.268132173779484
0.869610788181958 0.265291395179532
0.92389327707315 0.177963102403812
0.918445837160705 0.186734115523566
0.878907540032589 0.250353364145181
0.877175435033349 0.25314396674819
0.904082253534869 0.209863090592146
0.920568538070619 0.183317793797642
0.90058088783366 0.215491395110193
0.910087064975733 0.20019285667438
0.916395464839055 0.190039511717812
0.897665558222212 0.220187689049861
0.913302653005156 0.195017191157107
0.921318979436291 0.182107829192345
0.906306867590858 0.206279325532729
0.922497508030023 0.180211733045718
0.912206052518902 0.196779378377046
0.897811471916985 0.219949634477803
0.90043330540434 0.215730236199109
0.919638377233365 0.184814689827133
0.908756089294662 0.202335534976448
0.911066750146452 0.198615915016883
0.924163276825796 0.17752764373683
0.909354744960658 0.201369846542772
0.904992868052868 0.20839450435497
0.911021344359807 0.198687728710812
0.905273778056358 0.207940641783357
0.869055796988609 0.266196045607496
0.878919461623371 0.250338205679568
0.877430911248436 0.252728457870527
0.92183628828735 0.181275338950294
0.876536579368536 0.254172313553289
0.919923022922894 0.184356061678492
0.90934414827971 0.201387498063553
0.90568658110991 0.20727335956801
0.904011794702634 0.209969061310021
0.901621297279203 0.21381845490613
0.897327586394574 0.220727292373517
0.919370435650692 0.185248434730577
0.898787935548914 0.218384256873009
0.877190248081082 0.253132690179736
0.902899431797667 0.211763440011534
0.917229538755945 0.188693464993248
0.897707098993579 0.220118764459183
0.921687601350211 0.181516047517696
0.895733784301155 0.223294744761416
0.909369751500829 0.201348004278514
0.878531484544786 0.250952837800414
0.921605243032266 0.181648411961824
0.91162909260359 0.197712435811872
0.906741837599912 0.205575693210163
0.911267578882854 0.198293101310682
0.921449057767784 0.181900765732548
0.916700275753166 0.18954705135582
0.896199702308797 0.222547683099496
0.916244829041945 0.190279290428988
0.911104996166278 0.198554283816517
0.915076894197432 0.192157779964214
0.90794019449125 0.203651466446049
0.921778104332478 0.181370031911712
0.909773594501124 0.200698410455929
0.921056249410909 0.182532158354402
0.898622883743481 0.218641753133902
0.870583762993015 0.2637356472547
0.900313345599935 0.215922669885934
0.870023636213495 0.264636086893534
0.878672865526982 0.250730142877214
0.912645825627498 0.196072303135016
0.916841277423208 0.189316871340206
0.913678185648878 0.194411992985708
0.902879612620811 0.211792136363584
0.898987239956315 0.218059693229329
0.901768954594319 0.213582116640685
0.913745977386269 0.194303600338627
0.922087549502199 0.180872207850315
0.919347939498671 0.185281645123588
0.909379531725037 0.201332800952488
0.902473329570928 0.212450516660689
0.905699225657984 0.207254650815931
0.91934632086233 0.18528456673742
0.903024793515165 0.211564609949124
0.922945483027246 0.179489234611623
0.908153416872174 0.203307180946741
0.918648711806246 0.186409311257107
0.92653403718476 0.17370976807058
0.910249117729626 0.19993110666742
0.905056691747597 0.208289211005885
0.91760366631075 0.188089883719815
0.909169839028859 0.201672719945416
0.916432186971889 0.189978671291988
0.914744673889132 0.192693642349395
0.918890792105313 0.186017787499319
0.920393063569958 0.183599918646761
0.918576332137752 0.186524367339754
0.924644459997963 0.176752522589614
0.92531499401325 0.175673616809218
0.922598655254689 0.180047740438143
0.908967816124391 0.201995268455441
0.908207625183026 0.203219749132499
0.906995740229834 0.205170770682278
0.92018244859013 0.183939427184377
0.919379638246673 0.185231409330354
0.904992868052868 0.20839450435497
0.918811668952707 0.186145913487613
0.901695498212076 0.213703343535087
0.922511110058384 0.180188770898184
0.900528289897239 0.215576706256012
0.898750248134598 0.218443248309321
0.917002765982616 0.189058563764701
0.911502593694212 0.197914626684458
0.91028353117768 0.199876959581133
0.909134870442566 0.20172738778084
0.909847044555207 0.200579461485447
0.912371989303117 0.196514859997288
0.915832227628318 0.190942477544714
0.917175594037503 0.18877996735952
0.912803224521917 0.195819549238867
0.895742721660395 0.223278081660787
0.905214827207229 0.208035660199963
0.908654350764684 0.202499927451313
0.897817426088043 0.219937458828146
0.912622743204451 0.1961094697582
0.900561480371879 0.215528201576203
0.896047517046404 0.2227869275212
0.901108388029678 0.214643669701253
0.91417977884083 0.193604168996788
0.921374665271103 0.182019736089959
0.911250866259577 0.198320756121218
0.915124163526071 0.192084070370894
0.914970287795007 0.192333965884124
0.921234118080088 0.18224488852153
0.876585560558965 0.254094304179157
0.918191573452899 0.187143568798745
0.906492103609307 0.205981668861418
0.919803946263073 0.184550953184629
0.92377648838091 0.178150383451663
0.90103120332055 0.214766145815754
0.875101500067583 0.256474683621351
0.925364768677674 0.175593072522094
0.901327597434561 0.214295655706117
0.903796084457551 0.210326597891538
0.909013661703826 0.201922555112817
0.903490697726504 0.210814504396321
0.901297358068943 0.21434380457713
0.916479921722011 0.189900338906627
0.908717067457907 0.20240148521745
0.903319602345505 0.211087275716314
0.898440369849264 0.218940467747457
0.917650325799258 0.188015342626274
0.918974124888668 0.185885712378666
0.907189417176203 0.204858814117727
0.918053993419629 0.187368890473952
0.912006716983085 0.197106258470192
0.92335031622456 0.178836657191657
0.874784884553308 0.256990020963897
0.916648383799867 0.18962917603608
0.87866476925439 0.25074192090782
0.909646627366647 0.200903700569088
0.910080358040392 0.200203427996153
0.915962834305148 0.190733281272318
0.921379748413104 0.182012432450212
0.897636300234836 0.220235248631991
0.912912604615845 0.195643619797134
0.923430177870069 0.178709521780722
0.924643521030319 0.176754375347027
0.904256083613469 0.209578455642806
0.910919520444905 0.19885517122738
0.924823489369588 0.176464493890973
0.897746945133537 0.220052488716224
0.913156514791602 0.195256111884692
0.922083038710213 0.180877699202208
0.910435593915359 0.199633121841921
0.921621063058273 0.181622861627874
0.905802809545791 0.207088638151859
0.908571650228598 0.202632391063442
0.876604843507215 0.254053999754201
0.918648711806246 0.186409311257107
0.907796120278709 0.203878999189909
0.913066902586083 0.195395813201533
0.91114621711151 0.198489435815302
0.921614936015736 0.181631628794745
0.911056075581378 0.198638136348058
0.872002295217494 0.261453739774883
0.897732374172682 0.220079700965879
0.911976980930879 0.197148847961164
0.869298582554117 0.265801044940729
0.899372240974455 0.217441131157357
0.879104067252809 0.250048679536309
0.895698067193222 0.223354855972745
0.899422624470302 0.217356609073371
0.920154382004811 0.183984032878732
0.914802136030411 0.192603788985615
0.922380161681998 0.180399119635442
0.902395332203902 0.212577198585347
0.901952729307501 0.213290811566194
0.921392600573719 0.181989113558116
0.91606447111 0.190569267051871
0.92158058406397 0.181687461832938
0.904835611808296 0.2086475417412
0.907619034594726 0.204169473398434
0.910536247476907 0.199470941403425
0.909549209334317 0.201061526367581
0.916350877323484 0.190109143485893
0.922783618236967 0.179749558816892
0.908717399766849 0.202400962398578
0.913991565970941 0.19390717987056
0.897801933186586 0.219969598317045
0.898756696792719 0.218428305660218
0.898771336608038 0.218410563531293
0.906872633831917 0.20536597594466
0.923669696098039 0.178322745039198
0.90855010652812 0.20266783450596
0.901240352585957 0.214433719173984
0.906761448827036 0.205547341140392
0.907553787420283 0.2042712396006
0.911779121100495 0.197466644429085
0.918906799805681 0.185994606347005
0.907758664331036 0.203939021790632
0.912923072702241 0.195627367232582
0.898938697648824 0.218134669299085
0.89700166108589 0.221266360197528
0.910653536937642 0.199280163440354
0.896014571148374 0.222841908899661
0.878379825544917 0.251199408938096
0.874458970485598 0.257511723010238
0.912619167137557 0.196115195880255
0.899129852038602 0.217829613416101
0.896024988118069 0.22283010621089
0.895743556864295 0.223276386508845
0.906684090929258 0.205671098544205
0.876732498405157 0.253860930622699
0.909726391148911 0.20077668010016
0.90321750784456 0.211251779002606
0.919777817048905 0.184592324883086
0.911025137087953 0.198681613288272
0.904021579535287 0.209960920863864
0.899191197022447 0.217728920039723
0.907099898366925 0.205001059124846
0.900339319054164 0.215885153138839
0.916168762457837 0.190402256262751
0.909651834382374 0.200895500673336
0.912369585782667 0.196519182533411
0.922106278308282 0.180841332293875
0.910847548073092 0.198968952914692
0.868467132986185 0.267138822986344
0.869340944150549 0.265723209923922
0.872298822990698 0.260972674276007
0.904060220573761 0.209897567079494
0.907392028507558 0.204535643602995
0.922211490525936 0.180671538143177
0.902231342918321 0.212841617671186
0.909565676713996 0.201036730908873
0.868715192151789 0.266739065809212
0.922211490525936 0.180671538143177
0.913076379862621 0.195379116089383
0.922659912616573 0.179948922018847
0.922659912616573 0.179948922018847
0.919887971814732 0.184412450620047
0.909593550123036 0.200985825696304
0.91943992493192 0.185133363734587
0.911786227355235 0.197460902634347
0.913452932596632 0.194773743404869
0.899144632337961 0.217807799772663
0.919442854161877 0.185129067943274
0.914585892965769 0.192949771823368
0.91690354694053 0.189218897511794
0.897293719949009 0.220781832619093
0.906488448749775 0.205984485641752
0.921750978824322 0.18141216413075
0.905891874121823 0.206944611742521
0.915392009750269 0.191652082712214
0.915029977971793 0.192236589561889
0.913822571979612 0.194179229522632
0.919235053287244 0.185463098433009
0.920103236058939 0.18406710505932
0.912278010646607 0.196666310663218
0.918315086753519 0.186947496125478
0.868452315958909 0.267156969942395
0.903719525337788 0.210440873112941
0.923198031099776 0.179082565549219
0.924131309135778 0.177579319922171
0.914728322150567 0.192721480300408
0.921302860083921 0.182134330219367
0.912773429891855 0.195866941317033
0.922141437467458 0.180785794116929
0.922664043621134 0.179943403419804
0.921572906903098 0.181702032373528
0.925009283861089 0.176166516981689
0.919208613627149 0.185508729760971
0.349632110009958 0.768734097288307
0.876373393669918 0.254436577785646
0.908225339375861 0.20319318403271
0.923105221071325 0.179232284082625
0.327377406622967 0.7787427611866
0.901809451354732 0.213524313818702
0.338597317709654 0.773698313197562
0.918440959466773 0.186743505756135
0.907456313083449 0.204427935902172
0.276135135444296 0.80174433202477
0.286933482061697 0.796898671039011
0.919421278836441 0.18516522940025
0.280055720294726 0.799984374559889
0.917434777708935 0.188364608599203
0.902089942146439 0.213067708998572
0.913272580514649 0.195065781466958
0.299458465328774 0.791278897059834
0.35542753421506 0.766131436160462
0.922422951299508 0.180330846448577
0.299743909460257 0.791151945579426
0.30380412810293 0.789326064886526
0.926722290698366 0.17340666971857
0.91519798330317 0.191966725613724
0.360663956938516 0.763781897861165
0.279361943608134 0.800296404807795
0.917198923709958 0.188744750434869
0.274998672444671 0.802254239050052
0.905798791557772 0.207098964787516
0.926113091676749 0.174388019263847
0.915025058096047 0.19224392277952
0.921421678038593 0.181943630465254
0.926113091676749 0.174388019263847
0.325543502624253 0.779562239832539
0.921121003444399 0.182428589567902
0.92429256923206 0.17731986862735
0.925129110457429 0.175972951988034
0.927829114220463 0.171623517482486
0.922577792269067 0.180081106489011
0.318130199138113 0.782896468350622
0.914725968075493 0.192726778967738
0.913807769117284 0.194204103859935
0.919234892676017 0.185464791099325
0.917320684092123 0.188547226750336
0.908844377116311 0.202195540695463
0.922596002744508 0.180051784064545
0.924327668508064 0.177263354845257
0.292551571290551 0.794377317577687
0.895922125151844 0.222987850348139
0.879235272952056 0.249821944982942
0.920404245755945 0.183584190951293
0.924484759522249 0.177010571218848
0.908259334694866 0.203137834798262
0.904107142746829 0.20982269115638
0.905226634403848 0.208013170418699
0.897359650654906 0.22068401447683
0.918110388512915 0.18727446066925
0.914730494214696 0.19271765548375
0.915315442129951 0.191776618105372
0.909615677259968 0.200954339317757
0.28974123546381 0.795639507965199
0.919508309810831 0.1850238911347
0.919491189535219 0.185052803189844
0.902754906678065 0.211995573666752
0.925509247160754 0.175360503369773
0.907067935519712 0.205053120382272
0.898892193369042 0.218214485936593
0.899835021501868 0.216691042007496
0.908339063128914 0.203008649503232
0.911969417288312 0.19716053848964
0.899582821073028 0.217100581818434
0.322376660102509 0.78098670170571
0.921901841193008 0.181170828834906
0.905802620775551 0.207089496037876
0.920627241048295 0.183223902690801
0.925680227659261 0.175084846776421
0.925322465585288 0.175661590978734
0.909196957854136 0.201626858501555
0.919502364735791 0.185033291002177
0.927507013603056 0.172142721889499
0.920464001684962 0.183487209293058
0.916253867050182 0.190264350556236
0.925577520218427 0.175250473937873
0.915063756652704 0.19218044765162
0.90466298525907 0.208924179303608
0.919674605515714 0.184757721999834
0.926816311724296 0.173255571398626
0.915570934233227 0.19136580008927
0.91679977589213 0.189387260118915
0.92162693480962 0.181613470148919
0.924649871080283 0.17674415521281
0.903353939297303 0.211031990985724
0.921744236455178 0.181423955071537
0.913785585985952 0.194239571314186
0.922830573610957 0.179675035872312
0.924571210972452 0.17687090645778
0.927507999011155 0.172141134500247
0.900154383864473 0.216177471953848
0.91730043992931 0.188580704428495
0.924250981644826 0.177387359905466
0.914289696938097 0.19342945135551
0.923803165160444 0.178109379256895
0.925036458276792 0.176122202594436
0.926918921154337 0.173090282471142
0.907337807234549 0.204621247545126
0.911193644123924 0.198415974335353
0.923090023039178 0.179257482966333
0.920514852995471 0.183405394897219
0.916891089301896 0.189241725230888
0.924552471863489 0.176901580434375
0.915023855616683 0.192245243803712
0.38898008960658 0.751027712185347
0.923348706243481 0.178841428030041
0.92348443455226 0.178621879879959
0.897131014373582 0.221049601943843
0.920419588664881 0.183559978109959
0.897493423697668 0.220468579748239
0.896419767600046 0.222192210853418
0.919136692708532 0.185624770707583
0.914470206618082 0.193137889629663
0.918419038907327 0.186780121259621
0.902234017843851 0.212836566358377
0.915196196951763 0.191970035736799
0.918712734560425 0.186304943113233
0.925901090763128 0.17472925540094
0.922167981895176 0.180742662706168
0.918613445261766 0.186466412540709
0.927570941623425 0.172039750833543
0.907057748647834 0.205069525738952
0.278837575428825 0.800531297308358
0.924385968141819 0.177168680287752
0.921279856431442 0.182172858048267
0.92347380917256 0.178639006993522
0.909884580032946 0.200521088313492
0.898439747775838 0.218948197587384
0.901528103668249 0.213970132771773
0.902417775663395 0.212543257735035
0.910093705521866 0.200182150761614
0.918674207651028 0.18636955166695
0.910144092653223 0.200105287049623
0.924254049302689 0.177382686515368
0.906393688979428 0.206140805974529
0.901991145849776 0.213224406920867
0.914739530727591 0.19270503387444
0.916010858742466 0.190655659202262
0.915457318930752 0.191545840072647
0.900946432754058 0.214909263180959
0.917219390139745 0.18871171961291
0.911217235252315 0.198375529035848
0.920776591713185 0.182981621306834
0.355692722613097 0.766018496585547
0.925299380463309 0.175699120232711
0.919444713309383 0.185126695770513
0.925005607370174 0.176171092254888
0.898999498067443 0.218040812272949
0.921006128012882 0.182611557087382
0.92051315442425 0.18340629964704
0.908530500539608 0.202700204984243
0.909261963851405 0.201520244347132
0.906485915759371 0.205989874618469
0.368495951822801 0.760253769693792
0.922699605840695 0.179884992337171
0.922198007071335 0.180692292670447
0.394730324094467 0.748439704991846
0.905154076310658 0.20813529215
0.921214353716625 0.182278190402743
0.924573492179213 0.176867468752195
0.907310244025991 0.204662397617796
0.914235947401863 0.193511883005962
0.903309665779268 0.211103216458711
0.923400362452497 0.178756313748942
0.924799363530575 0.176504593858714
0.918040188538549 0.18738922824421
0.917011390294111 0.18904629528175
0.9082508643987 0.203150217494072
0.91703400790752 0.189010932738891
0.87053997783988 0.263805639774329
0.923499866313556 0.17859756911725
0.909975754148272 0.200375874971168
0.91701337677309 0.189044923946495
0.911876225414423 0.197315442422602
0.906222048713922 0.206416293364634
0.925566548271205 0.175267898620063
0.918235072322789 0.187074102694756
0.922380856723161 0.180397758591703
0.917361110301205 0.188483511739013
0.921008528540878 0.182609535535379
0.907140283434698 0.20493375208271
0.919008798250967 0.18582991322375
0.914345436461552 0.19333824886676
0.923529310636027 0.178548865708343
0.915353421292816 0.191714510247313
0.915306279871652 0.191789974336691
0.911764044591226 0.197493102537384
0.915011983654674 0.192262408094498
0.919561794478216 0.184938578995377
0.924043240252716 0.177720940068395
0.914854387664178 0.192518526865237
0.913454051563785 0.194772374115696
0.908261521756025 0.203134236789891
0.914302749115641 0.193406691785108
0.914877341034298 0.192480126628938
0.924052349887028 0.177707686950354
0.921003875002918 0.182614714596772
0.906028368018972 0.206723325201705
0.905771679897489 0.207136384293144
0.920476417938589 0.183466929716874
0.915441560399325 0.191572990243259
0.879474783190714 0.24944564528739
0.923205882546364 0.179069510667297
0.925751320928206 0.174970399852757
0.902115973313692 0.213020186452075
0.917347743536214 0.188504009504106
0.912258541249247 0.196698329045788
0.924521170861142 0.176951104133643
0.925946445497472 0.174656392237127
0.919925396928784 0.184351839225425
0.925259853215809 0.175761252467396
0.920434973866795 0.183533656146091
0.926156775764907 0.174316822991943
0.909143757069803 0.201713254461072
0.918873126090641 0.186046708703345
0.922720189469401 0.179851160678657
0.912868047140241 0.195716689292229
0.925356669880843 0.175605323195989
0.909546746957586 0.201063114033546
0.916470001519098 0.189918481328251
0.924160224002418 0.177532017601942
0.922551060008759 0.180125394602265
0.922291886690989 0.180541075919875
0.923719823937285 0.178241813464111
0.91016195371987 0.200070036660109
0.918476455729355 0.186686136153365
0.91052102952229 0.19949363842689
0.918268557788195 0.187019101066436
0.921204523055448 0.182293628005506
0.918681040729365 0.186357006103913
0.926054972898911 0.174480772453764
0.912324591150232 0.196593322248665
0.924025317831525 0.177750272650775
0.92463432562472 0.176768721453338
0.926151899045576 0.174324676647702
0.914618867266953 0.192900399915302
0.914309870291801 0.193393846357891
0.918349380714114 0.186890136695081
0.903541815325997 0.210727527193291
0.918325998898165 0.186928936078099
0.924417644506349 0.177117774948436
0.91697706957278 0.189099030278961
0.920693174670294 0.183115717793435
0.914250881892637 0.193489859008324
0.918864897565411 0.186059407902834
0.919198221026469 0.185524021775333
0.92183383126608 0.181278360660306
0.927245011689572 0.172564542833154
0.912458519137549 0.196376198083087
0.905383546331051 0.207766621244721
0.918932334010211 0.185951700564018
0.912913546777697 0.195642703447751
0.9062489128589 0.206371067000334
0.925265930929673 0.17575146428335
0.926215547280384 0.174222168730695
0.91698274722811 0.189091095667539
0.922388722466385 0.180386488771692
0.918496978656128 0.186652398686751
0.916039460266039 0.190610389605212
0.919509700677679 0.185022222302077
0.906370913130595 0.206178056809267
0.922388722466385 0.180386488771692
0.920843283295717 0.182875583759207
0.916954454108365 0.189136637415663
0.916619433324752 0.189677143768297
0.897211634605173 0.220914945409953
0.911562756884274 0.197818109311958
0.9124346244651 0.196414683079533
0.914481650253157 0.193119169138707
0.914659833054125 0.19283045824469
0.919798947050919 0.184556114572273
0.916704909517449 0.189537932541357
0.916260412354851 0.190253106169594
0.900623218750986 0.215423761541918
0.921048448131746 0.182545561285149
0.913521691502781 0.194665303176121
0.915517449140693 0.191449050937797
0.916889529134649 0.189242297671399
0.91993890076228 0.184330014276567
0.920294281299125 0.18375870417305
0.91096278095036 0.198782402213223
0.905753675759841 0.207169210278815
0.924518710017785 0.176955377575483
0.91625843855016 0.190256494270345
0.899504256269268 0.217226771536364
0.918549691674529 0.186567401392756
0.919402027143862 0.185196531436509
0.91922355810655 0.185484514667672
0.915388185973315 0.191657062745611
0.898531957086089 0.218790510610295
0.919687567234067 0.184736058964761
0.912839543506113 0.195760745377021
0.90728375002079 0.204704191671994
0.925106637922733 0.176008904247336
0.910466154092898 0.199580696760362
0.919144278748633 0.185611103678654
0.916654525205826 0.189618912452777
0.914232770234125 0.193517479570447
0.920181480893258 0.183939745229407
0.919715805356616 0.184689734878942
0.920181480893258 0.183939745229407
0.917672136758361 0.187982850046806
0.91352374381365 0.194661146162983
0.925067538904746 0.176071725473264
0.910416003615724 0.199662583526569
0.918725227591524 0.186285962910552
0.913326067306906 0.194980474941476
0.915258389606697 0.191866255805467
0.915673285725585 0.191200921359196
0.924869917148575 0.176389736934501
0.924341109167245 0.177240919051479
0.909203983819369 0.201613411853899
0.915047242409127 0.192209338255192
0.920487476716281 0.183447458547507
0.907409919582377 0.204500631928851
0.904957611400035 0.208451419869871
0.915313421847305 0.191780782013313
0.925067538904746 0.176071725473264
0.92618928812833 0.174264458173416
0.918177915981461 0.187167515777868
0.921361151912863 0.182039595223205
0.905677105450919 0.207295893339787
0.913603242501077 0.194533445910067
0.907489768012911 0.204373158710256
0.926202704975701 0.174242850773098
0.903240923293097 0.211211871860803
0.901105144945507 0.21465267670157
0.920948427298239 0.182704069829359
0.923136336083313 0.179183401189646
0.916855902037104 0.189297421312759
0.909321850138134 0.201423706196712
0.905045055066811 0.208307490652013
0.92133151250964 0.182087332762499
0.917477866232226 0.188295731370205
0.911449373980477 0.198002444180995
0.907723917485159 0.203996105522367
0.912703448885805 0.195981323517977
0.913021950404576 0.1954664219432
0.917157924872556 0.188809892235213
0.902663925838944 0.212139941203497
0.898668188706254 0.218581621160971
0.925344198538892 0.175626363774878
0.924083522530318 0.177657492731888
0.921260162172682 0.182202828725916
0.920882600407927 0.182810926820881
0.926740889252018 0.173376834876296
0.912585961828053 0.196167667099129
0.926747738004071 0.173365804608698
0.923349657902322 0.178837743979636
0.928149859793366 0.171107023799565
0.921336027342595 0.182083522953077
0.910499506743852 0.199530527701082
0.923735059424609 0.178217040125294
0.916759345761434 0.189451253721655
0.928156270091274 0.171096696993924
0.918984536852904 0.185867412413837
0.916759345761434 0.189451253721655
0.924132078648257 0.177578952913555
0.907949537423198 0.203635619258315
0.908500332757898 0.20274744119477
0.925229755675466 0.175810538969827
0.917953548964741 0.187527767997505
0.907044914163052 0.205092527695036
0.924866685573398 0.176395723069825
0.914521596829021 0.193054671681021
0.911149613180523 0.198483645652752
0.915831740399885 0.190945118179088
0.924718989634481 0.176632970349057
0.915868396983454 0.190886082376355
0.919676645190498 0.184752256246632
0.92303277416772 0.179349350634728
0.921670764011604 0.181542203543675
0.922098875491838 0.180851654582374
0.908478250337234 0.20278422445273
0.913282256150169 0.195052246721964
0.9132452732787 0.195109474001956
0.924264654826887 0.17736619459957
0.922039006448856 0.180950193551381
0.905149640616111 0.208139803575339
0.923035274947423 0.179345329200301
0.921549301772135 0.181736953001573
0.90668521002945 0.205666778508323
0.91519485791335 0.191970669862202
0.921510692508072 0.181799532161188
0.925829519000183 0.174844885390811
0.900594897329091 0.215475069306235
0.911011659246274 0.19870515377636
0.911166455415981 0.19845931361388
0.911854300051482 0.197350145459593
0.914741114598968 0.192702781782833
0.922472397072596 0.180251144128314
0.914311909735074 0.193393747044984
0.909293558833828 0.201471603542663
0.90456293286396 0.209085462321876
0.914491419344951 0.193103447238968
0.907775399628595 0.203917843979395
0.909951512262011 0.20041584997049
0.905703500091311 0.207252398584446
0.920589855690067 0.183283038565948
0.915825826133027 0.190953588988906
0.925570477101381 0.175261846925653
0.920192411529587 0.183923763455565
0.916466356730169 0.189923221241903
0.904616937100025 0.20900165256913
0.915756035394984 0.191067625766965
0.921840376005635 0.181269482821099
0.909644084579164 0.200907426427292
0.920031008573634 0.18418463618729
0.927838841581679 0.171607864743432
0.921643239959398 0.18158579933778
0.921437089558985 0.18191832343562
0.873105971469072 0.259688022900015
0.878406642453323 0.251157211862818
0.90869465331379 0.202435085516842
0.912534258308563 0.196255481451109
0.916377268450703 0.190066491566093
0.915576591464026 0.191355832346651
0.918629469067123 0.186440299941775
0.911477493407854 0.197958572070823
0.898320079165252 0.21913945662431
0.919621307432274 0.184843160420506
0.919293472638941 0.185370646301082
0.903247494200526 0.211199580790924
0.92054355484747 0.183359544224468
0.903001402896842 0.21160334568958
0.919300060723646 0.185360160523594
0.92352198292837 0.178560857319633
0.918485503764328 0.186670238474977
0.900169901005534 0.216156503224766
0.918485503764328 0.186670238474977
0.925335058588271 0.175641391635278
0.902471044522908 0.212452293740882
0.914023177758452 0.193856371011414
0.91733953829434 0.188515868372769
0.917172096350383 0.188786651318158
0.905987815877024 0.20679182910043
0.90741825791249 0.204492974890659
0.916584354856644 0.189732443684699
0.897878188433412 0.219847429660833
0.903866546402974 0.210210516014879
0.919809965318016 0.184539625336414
0.916441717803083 0.189963436015263
0.91867698759873 0.186364534058139
0.897659105667068 0.220195511588978
0.916121004217935 0.190480838977454
0.914339052007844 0.193348911980668
0.869882767301481 0.26486873302537
0.919911243714905 0.184376010587918
0.898926752111961 0.218152515334127
0.909887748909219 0.200512759678076
0.921149909376909 0.182380882122879
0.915329222093741 0.191753059738392
0.921973320418699 0.18105609388378
0.921227343761548 0.182255574768825
0.925335587095565 0.175640541153689
0.896269578062544 0.222432005098642
0.926515663585386 0.173739157713416
0.914082097251189 0.193761401108089
0.906331753054127 0.206241223068278
0.902338046112445 0.212663214252714
0.920271597615969 0.183795738877943
0.911593606124759 0.197768148435966
0.900899466735892 0.214982779445186
0.90761809181262 0.204170719323691
0.920692081415021 0.183117481495691
0.917654550495349 0.188009860197147
0.909308012513102 0.201447709273723
0.92392247125686 0.177917339867483
0.917190094251614 0.188759139359455
0.927900561775586 0.171508617829457
0.917596257680543 0.188104493035785
0.911399628624618 0.198077537598279
0.876722311177098 0.253868149734638
0.922335850963558 0.180471515588206
0.921754295448719 0.181406465126068
0.916871284687787 0.189270690223159
0.921989761576384 0.18102990206655
0.919792923020146 0.184565687680991
0.905266684674817 0.207951068921986
0.921242697136608 0.182231724594734
0.921515536572727 0.181793051642952
0.901620759237185 0.21382624299146
0.91996305795925 0.184292221445892
0.876030008528681 0.254986847088081
0.919858104142956 0.184462392653664
0.924408257327795 0.17713398756905
0.915738110038966 0.191095325344625
0.918371508856574 0.186856897087984
0.915934530363499 0.19077911890967
0.924957574584224 0.176248731561345
0.871398012678828 0.262428356434743
0.909748173838883 0.200742282217186
0.920848142526097 0.182865799970056
0.921828630708636 0.181287280457587
0.926208274880261 0.174234128471805
0.917995247603068 0.187462129378981
0.918280553444689 0.18700221871675
0.90612792959509 0.206569749644687
0.918381326293126 0.186838268525286
0.874499673451911 0.257447782084718
0.914122818764284 0.193697956304422
0.909340742959373 0.201393755130741
0.925643439517858 0.175144669180185
0.91259571823386 0.196155602683983
0.897590866267861 0.220312964502682
0.911064347717362 0.198621000156508
0.916703178722292 0.189539278460506
0.919774520188508 0.184595696224485
0.923404717264202 0.178748757625393
0.928655047320246 0.170293495637297
0.921213314650934 0.182278327033588
0.921372916125703 0.182022482373726
0.906281021365268 0.206321915302241
0.922175078133122 0.180731963230431
0.907295543662067 0.20468612357159
0.907309419874428 0.20466280356981
0.923068475123991 0.179292115385607
0.924445434179308 0.177073438826552
0.923376746334911 0.178794793038888
0.916000854847656 0.190671821616261
0.928655047320246 0.170293495637297
0.919934793343097 0.184336881682069
0.913976486855199 0.19393226486014
0.927495537521565 0.172160976321718
0.924380666608779 0.177178166207236
0.923066972024239 0.179293617822396
0.916158024600343 0.190418684238567
0.920901039120662 0.182784475051999
0.928695564165826 0.170228227276374
0.918768667396328 0.186216796742647
0.918982142139433 0.185871436867938
0.921330736046442 0.182091106159306
0.921541105464301 0.181751645271797
0.912165588172313 0.196848223179549
0.907832917144338 0.203821688128564
0.920168583156488 0.18396188868015
0.878911699985465 0.250351805042561
0.928676102515202 0.170259501755179
0.920474201998343 0.183468294273425
0.918223255234191 0.187093667790947
0.920017546567633 0.18420499788552
0.908704617699436 0.202419685247025
0.923843155514303 0.178044846146723
0.919110568769298 0.185665730367465
0.919405528450184 0.185190199146708
0.916211837061104 0.190334068048699
0.92130543302942 0.182131030186075
0.901855748121401 0.213446142415531
0.92166037464951 0.181558512916602
0.910924420296893 0.198844877390944
0.915818914143646 0.190965530719431
0.917243921046371 0.188670789838236
0.928955347907028 0.169809817699807
0.918284264280637 0.186994926971448
0.926829448545433 0.173233571214043
0.916155712605613 0.190422049627818
0.912995077081186 0.195511554729108
0.912937826076429 0.195604563233272
0.92652346993792 0.17372718556794
0.92136491590531 0.182034416996248
0.918070390978742 0.187341546861802
0.901342083394633 0.214271313995455
0.925593611908984 0.175224019051092
0.910444997754486 0.199618619946916
0.919042137029069 0.185776794844511
0.921447269514368 0.181902894518061
0.923051868537467 0.179317335778098
0.923149278463917 0.179161750008134
0.909615492630353 0.200954442664001
0.91211099999996 0.196933831749978
0.913914967900679 0.194030015869202
0.911896449031616 0.197281906822804
0.926465913751722 0.173818992161759
0.923784849935436 0.178137892146478
0.92170906696558 0.181481203377101
0.903287999501628 0.211140535985538
0.917874735039399 0.187655446455402
0.920179588828964 0.183942599688269
0.918911404562183 0.185985898816463
0.923876123749795 0.177990863456765
0.925937953353504 0.174669804226579
0.922897909284137 0.179565203567512
0.921284480608247 0.182164402860799
0.920691419081328 0.183118537157064
0.925454557196048 0.175447978850295
0.905930222034683 0.20688766167984
0.897656479440225 0.220203092271512
0.919895479767717 0.184402056123144
0.922482536456567 0.180235385650917
0.912523183267966 0.196272483923469
0.918600324171289 0.186488041931544
0.915796962069515 0.190998666640641
0.923195665660949 0.179086715833537
0.917347226225621 0.188505862960018
0.918144662489214 0.187220631170969
0.928148648337334 0.171109155261142
0.90332625182048 0.211078878862744
0.914795082435947 0.192616328447431
0.898911492180264 0.218181893265849
0.922395285580774 0.180376674332441
0.924320812377048 0.177273957522841
0.909236787082919 0.20156543490342
0.907152266281295 0.204915666169887
0.918023210646174 0.187415632642569
0.925596419260014 0.175219166409113
0.912653395513913 0.196064119910994
0.925103180263704 0.176014350380336
0.917898606971594 0.187618188089331
0.918265494064575 0.187025527779633
0.912049005380593 0.197034964411448
0.916885375355861 0.18924928725883
0.922387805305759 0.180387126422597
0.929206846824561 0.169404647867424
0.904146569388055 0.209756150212916
0.917802105014684 0.187773741832448
0.917151772484569 0.188819556609248
0.919866149044606 0.184448573024766
0.906848343177592 0.205407423421021
0.921683043298807 0.181524878555178
0.896525802149287 0.222022309904676
0.922512143129103 0.180186896740088
0.91882557896744 0.186123865343958
0.919429945845201 0.185150090517171
0.921455701596191 0.181888108356645
0.928314680335797 0.17084171334069
0.878765590757722 0.250577365455406
0.911524252819516 0.197881989954167
0.917041875989193 0.18899655985392
0.905817981692929 0.207070899360177
0.929238250121065 0.169354089949297
0.908323910099366 0.20302924157446
0.926414875020638 0.173902289635651
0.918249879108257 0.187050849997393
0.923796394753617 0.178120567632111
0.874257631237985 0.257822346968005
0.926419739836113 0.173893449312927
0.917955701816591 0.187523455408533
0.919817021289878 0.184527609161298
0.920413570016312 0.18356922643381
0.899546153025898 0.217156844953308
0.924881818894792 0.176370651823271
0.915174624423891 0.192002467782823
0.926775468391563 0.173321259059816
0.925527208359501 0.175332152857998
0.919556239363922 0.184945928488217
0.907220019277141 0.204805383338317
0.914816599154663 0.192577334902405
0.924986628442948 0.176201627242006
0.910607364596565 0.199354346869846
0.905628624786804 0.207372940826651
0.913169545618123 0.195229372521864
0.899783980708835 0.216775545974657
0.920619835739931 0.183235000688235
0.917085002026248 0.188925268424269
0.923153720885046 0.179153635527417
0.922127010888606 0.180806351960395
0.908335989829766 0.203013041048603
0.92143442816674 0.181922361024976
0.902280111514525 0.212756839161355
0.909180121113907 0.201655713836016
0.92079619963956 0.182949747461199
0.925158805823957 0.17592550756893
0.918749956793468 0.186245136265918
0.925052794427551 0.176095824281348
0.918482204688092 0.186675911369025
0.870961536392439 0.263129017692328
0.909009586509628 0.201926085639593
0.917456809708764 0.188326696842519
0.928101908634972 0.171184447345013
0.897893325387396 0.219821925614705
0.923612013710358 0.178414891622599
0.926271113338057 0.174132956326561
0.918067415262402 0.187343555292006
0.917732360545361 0.187885648509321
0.905287242793518 0.207917333067799
0.908763767645513 0.202328061716426
0.9277485526543 0.17175366979162
0.87242320135371 0.260777966494365
0.927305764967354 0.172466578219295
0.919575646532853 0.184914951789454
0.902841654173969 0.211855502077508
0.923598902794814 0.17843885934255
0.903840995938527 0.210245303851101
0.920188105086875 0.183929268429842
0.909441425063163 0.201232335669286
0.898078026804987 0.219520740497231
0.91822936077795 0.187084444531861
0.907692051713253 0.204048182678773
0.902260045861065 0.212791275679292
0.919954083549033 0.184306306082513
0.928200387517941 0.171025766636442
0.876912994796197 0.253560567322083
0.910829918901206 0.198995309383953
0.923763790298764 0.178172419346434
0.9012656665006 0.214387513221848
0.924573794084514 0.176867325807306
0.916211917620367 0.190331967682674
0.920861852631616 0.182845619821045
0.918999654479214 0.185842747152152
0.918490675359398 0.186664029793188
0.913285215574038 0.195044402317262
0.91259198377535 0.196158011497079
0.926250239033962 0.174166769603696
0.92264927193186 0.179966661984607
0.923258805061099 0.178984981207904
0.918276652776896 0.187006732570535
0.928038243451839 0.17128698850564
0.917328585341165 0.188534642455977
0.91019033675343 0.20002602915665
0.914814609085815 0.192580676705365
0.920011548008015 0.184213440030742
0.926304511488572 0.174079560612297
0.916403216137071 0.190023317433882
0.91857529241084 0.186526539642415
0.9015575268628 0.213919983500205
0.91911937411555 0.185653487703169
0.921403050399926 0.181974805531852
0.899269717726019 0.217607587152142
0.911405385057559 0.19807196736416
0.917746736315517 0.18786100939768
0.909715697610834 0.200790901922253
0.910392919138532 0.199701057598316
0.924696011195701 0.176670148631064
0.922270459065574 0.18057844222562
0.911160853950507 0.198463799410054
0.905350435124761 0.207815921655631
0.910727069289931 0.199160677769209
0.899459367945615 0.217298354360967
0.913443584681498 0.194790408378799
0.91907272497743 0.185725564226247
0.92160984739511 0.181640846786917
0.925292171659208 0.17571063374421
0.90727284619633 0.20472203082759
0.907962280808214 0.203613948130962
0.911066103148428 0.198617400990831
0.897631865419124 0.22024348205342
0.907835101225339 0.203818667356098
0.925436212945605 0.175478152354111
0.91548145573651 0.191507835829944
0.922002944169782 0.181006670171824
0.908574764733198 0.202628581161988
0.916392452361659 0.190039611807466
0.92455656111774 0.176894735105177
0.921212112001245 0.182280360690525
0.91292339656253 0.195624787808485
0.911946398651101 0.197199928030034
0.90256357463468 0.212304703599493
0.912065681224398 0.197005568306158
0.909121058250126 0.201745531689251
0.914277032871153 0.193447722583654
0.925579392713149 0.175247570143136
0.902396284059448 0.212570602197503
0.923422302351664 0.178721797244775
0.924001587879651 0.177787843849088
0.91365600048966 0.194448476767885
0.924482713115589 0.177014190760895
0.918306289687203 0.186960808559201
0.89624204790926 0.222474245322222
0.917863193094635 0.18767397080172
0.910322453018895 0.199813469802134
0.917312791525535 0.188559961288315
0.914387043231745 0.193270403182032
0.914637430095832 0.192867111128341
0.872581330967202 0.26052914489144
0.917903433578682 0.187608517848812
0.917511503545604 0.188239410678118
0.917688713877381 0.18795735631344
0.914453596978123 0.193162738524524
0.914196400474194 0.193576250186436
0.899729167149355 0.216867166520511
0.90539009442927 0.207753660046831
0.907864337828119 0.203770039306401
0.916939630826238 0.189163130391836
0.92177082527417 0.181383160067356
0.907280157460055 0.204714380886096
0.916326746606888 0.190148217531342
0.908977908201963 0.201980799309332
0.928019367735168 0.171317410063564
0.907654738469259 0.204105660219933
0.912675358129177 0.196027042648379
0.922270459065574 0.18057844222562
0.927979895853752 0.171380993191434
0.897179035655163 0.22096550044254
0.926986601059852 0.172981023422672
0.924648103129561 0.176746949611386
0.908870171879369 0.202151641781917
0.904937047447356 0.208480896209153
0.924899108473399 0.176343573851442
0.921385042289451 0.182001864713892
0.898047149274686 0.21957217553609
0.91424762110833 0.193495370659051
0.911530743713518 0.197868776845712
0.921173221347767 0.182344039202115
0.911315267629451 0.198215766444355
0.910567154979241 0.199420010573756
0.904138526612104 0.209769301818897
0.911030240483997 0.198672406419201
0.917068596552748 0.18895563054359
0.914610415975576 0.192912397754794
0.918134431835193 0.187235269236136
0.904067920041167 0.209881571849308
0.867534322494766 0.268638341914036
0.91517888684239 0.191997150283278
0.926701407971305 0.173439975209185
0.878108820662457 0.251636616008096
0.899942750280363 0.216520288618349
0.92324490808793 0.179007819719916
0.897555875252814 0.220365829221644
0.896706981306477 0.221729693611784
0.904769731239297 0.208756020016663
0.899085753846269 0.217901368832665
0.920625579249324 0.183225042091306
0.912961908565856 0.195564038204597
0.897301967954516 0.220776994938922
0.916511365741748 0.189850612070515
0.907253849752699 0.20475205027619
0.898314961598507 0.219140117585509
0.91514098098386 0.192057559129079
0.872023064477996 0.26143221322314
0.898073475969304 0.219527538839511
0.901169568040403 0.214545838302204
0.869057437089682 0.266190503359319
0.919881579240996 0.184423294651636
0.923913820473546 0.177930385294645
0.91707392387852 0.188945384736409
0.921796491161405 0.181341190306281
0.921796491161405 0.181341190306281
0.926264763518101 0.17414383546228
0.919251217902587 0.185439527839697
0.899016429584489 0.218007066506396
0.919594018943998 0.184887925743039
0.869484993219578 0.265510949064141
0.909990843821264 0.200348696494797
0.897421184277943 0.220575156753991
0.899997165446112 0.21642997260492
0.918657835131964 0.186394173426822
0.92516267075623 0.175918678738181
0.921474041021968 0.181859960164752
0.922115257830305 0.18082700766879
0.912762638076898 0.195884231846142
0.91589483862623 0.190841783833169
0.925330308068416 0.175648235463919
0.904981961417214 0.20840930905804
0.917438983783152 0.188356081381647
0.925503695830825 0.17536943010355
0.91476974798066 0.19265519169229
0.925970335292225 0.17461815901484
0.899575121536264 0.217108988985561
0.917936607300836 0.187555723652134
0.876067304870123 0.254919263878613
0.925162670756229 0.175918678738182
0.910397470233849 0.199691686155182
0.919844441197991 0.184482767085197
0.925879956283632 0.174763250131343
0.913118344519073 0.195311320212818
0.903184441235953 0.211302811243527
0.920110673534961 0.184056035823705
0.917265058450652 0.188635352562646
0.899675961829895 0.216950114012499
0.919754282827275 0.184629620448488
0.898834068379037 0.218309231533942
0.925916129634927 0.174704989489907
0.914664047365686 0.19282224048066
0.916721348965812 0.189512561606078
0.92510317726658 0.17601449383944
0.925945773059205 0.174657250051838
0.927417155855177 0.172287297207471
0.91358193065097 0.194567011426799
0.923091791911109 0.179254785274262
0.916042673198717 0.190607326266581
0.91911583813809 0.185658217827754
0.904503623911687 0.209181004939601
0.922179558640231 0.18072293853155
0.92116099604582 0.182363676741814
0.915318576406416 0.191773154480976
0.898872679069848 0.218246272352012
0.920102376317219 0.184068554594253
0.909168859723286 0.201676481010547
0.898449744768647 0.218928863093163
0.912094950746792 0.196964102657853
0.906661899661968 0.20570960342693
0.897702692545216 0.220129350733488
0.921200835121592 0.182300172504393
0.924473842415308 0.17702805862325
0.910428490271511 0.199643438889663
0.920429584569358 0.183540482773126
0.916281648930239 0.190219777748649
0.922009069748549 0.180997733464375
0.926718222569642 0.173412969911391
0.918325648455101 0.18693065632048
0.920890730513168 0.182799315695913
0.925870864207115 0.174778148332263
0.92713825538337 0.172736627366356
0.920321480675561 0.183714651707755
0.916268022227704 0.190244249220943
0.926718222569642 0.173412969911391
0.907988001125303 0.203573878073261
0.904356005810983 0.209417102040404
0.899481122840318 0.217258934188285
0.912997694097765 0.195507507538264
0.922002036996505 0.181008795532557
0.911210851776652 0.198385379796456
0.921357519642835 0.182046671559521
0.921695861868909 0.181501944902018
0.918922648050035 0.185966460513713
0.89608113741619 0.222735455084894
0.902556014552479 0.212314313044413
0.926721670871967 0.173407409055998
0.9239348264039 0.17789649688408
0.919604930643176 0.184867960992802
0.925168823927912 0.175909435994643
0.927320345947708 0.172443267341791
0.871198199711698 0.262762929245654
0.926486955781147 0.173785599012078
0.91064155550005 0.199300064816657
0.913448484212651 0.194781224827212
0.897911970140852 0.219793391107209
0.918183153020001 0.18716087320265
0.91999352600072 0.18424496908716
0.912199015743889 0.196792713379503
0.918534418489405 0.186593687768761
0.921118890724866 0.182431905956165
0.907180872373199 0.20486929943482
0.924674383479187 0.17670412682751
0.924812438602776 0.176482297480161
0.914335749381144 0.193357260918189
0.906493261438213 0.205980436081149
0.923429486566003 0.178709685446615
0.913725990368357 0.194334195668858
0.919983945044362 0.184259530004551
0.91979162503851 0.184568977651743
0.917068994021058 0.188953892785987
0.922883117453825 0.179591197508781
0.917615166334827 0.188073339634956
0.91419458458825 0.19358045475047
0.916740458896877 0.189481008566177
0.924972433155757 0.176224856674798
0.915498209590455 0.191481982244942
0.920310363577013 0.183732724091274
0.927084038700262 0.17282405117913
0.906289582014247 0.206309582418628
0.877236754747527 0.253034640989998
0.923100686312083 0.179239308580044
0.875359150682425 0.25605857985169
0.911511924414404 0.197900393698523
0.910653941807082 0.199279039515684
0.918009345820005 0.187439304018214
0.907932671491166 0.203661534639075
0.920668083774312 0.183158745196988
0.920566169896091 0.183320531256152
0.920502776874389 0.183423108392473
0.923693205561132 0.178284299779459
0.921228671422417 0.182254084508327
0.910093837310286 0.200181035111987
0.922469138256425 0.180257328847969
0.918624237205174 0.186448688266803
0.914876269251259 0.192483835805619
0.91979162503851 0.184568977651743
0.89568753792336 0.223370091224189
0.911039525072064 0.198663972970227
0.900798491894661 0.215145236699233
0.919413157231476 0.185176939453243
0.919692543906405 0.184728009360597
0.918557724294102 0.18655496087792
0.921689003687023 0.181512356834199
0.91058870245672 0.199384930575159
0.914222652452196 0.193533685019645
0.905525098780494 0.207540850204691
0.875903700806351 0.255184986384744
0.921730913967048 0.181445010488193
0.92149400806392 0.18182711100691
0.921623712654921 0.181619963295807
0.896473585711813 0.222105582570856
0.919489016066015 0.185055213178825
0.923175237595421 0.179118702060226
0.92797860669233 0.171383066963334
0.927047870523111 0.172881953362789
0.869053306381589 0.266200749588299
0.922546927130294 0.180132827611297
0.923814821097459 0.178090063565092
0.922287170317274 0.180549239379118
0.916989123265734 0.189080662230426
0.910741357419226 0.199140594423813
0.90626262597359 0.206349419921378
0.90344145404712 0.210890820031622
0.916310330228296 0.190173293286816
0.920271516826339 0.183795976890104
0.914005517294093 0.193885705733092
0.918849127014451 0.186086306772129
0.909350739129947 0.201377614568594
0.909256992406507 0.201529820675465
0.924678096450555 0.176699102834501
0.904702991971093 0.208861719553527
0.917671306553117 0.187984874574641
0.916979804768501 0.18909759490886
0.908834475937202 0.20220704023505
0.89914586996637 0.217799523268517
0.907096450135236 0.205007822082596
0.909730076775892 0.200770691282779
0.907713062502877 0.204015413741686
0.899844829404651 0.216674506993444
0.905425296491075 0.207697185370117
0.913510294491666 0.194679738100891
0.901872872513509 0.213411077545215
0.903222593012972 0.21123880215053
0.903475046432918 0.210838399099461
0.907726410037132 0.203994789830217
0.895896273422396 0.223033021978473
0.906568976484914 0.20585703349742
0.911902037425753 0.19727418327397
0.907375305404971 0.204555999857689
0.915938051361199 0.190773303710377
0.91695249077375 0.189141172668642
0.925645526903658 0.175141322253382
0.906573672946483 0.205850742585928
0.896735717411361 0.221676542052423
0.91876412574008 0.186221386888468
0.921394139663955 0.18198858738318
0.90492129569122 0.208505585755569
0.919100012943188 0.185682177999682
0.906288375709423 0.206311921525472
0.914612563857622 0.192905599806614
0.920456978877271 0.183496560285389
0.919437067817868 0.185140205966256
0.905448115664325 0.207658647137284
0.908690885270997 0.202439643054405
0.921167537558387 0.182354003241366
0.904009378542691 0.209979015372514
0.919235758871027 0.185463083220178
0.917251980355952 0.188656486193478
0.915257050075774 0.191868579870115
0.910330851826968 0.19980221858248
0.917479400025582 0.188290918179999
0.902335773232785 0.212666070034672
0.904252522637196 0.209587021696688
0.91241863431067 0.196440748676843
0.902099384692013 0.213046919397185
0.927070512678593 0.172845481012222
0.899456204452622 0.217303220807938
0.919513925083201 0.18501429986182
0.927205332758051 0.172628462654993
0.91635482339225 0.190100459272156
0.901336387160186 0.214285696230731
0.922513437172829 0.180185223981531
0.929195586238567 0.169422891248302
0.923838321574936 0.178051298843748
0.920773137473286 0.182986926240651
0.919206555350881 0.185508844583801
0.286484344607821 0.797101596212832
0.284154347720174 0.798144988632749
0.359288932218612 0.764395832353682
0.276376643021755 0.801634753105232
0.300894438733491 0.79063389276388
0.307707532921362 0.787574100804188
0.339170440237031 0.773440811713352
0.318457383335063 0.782746766929702
0.317452797945645 0.783197690216657
0.292568300333045 0.794368909503416
0.288409253154806 0.796236736741743
0.914984455487704 0.192310766300476
0.309433712437777 0.786797275114915
0.291784489500379 0.794722169932549
0.338113391169836 0.773917395135623
0.28759030776819 0.796603801164251
0.911894282358618 0.197283544380725
0.896991224002227 0.221266368072601
0.324120156591132 0.780202545228662
0.870867928821283 0.263279253333135
0.300061565887329 0.791006954942375
0.341097550348219 0.772574758742643
0.908257457242492 0.203140313200634
0.913902437775559 0.19405313615294
0.311396207787568 0.785916636802154
0.909587861200227 0.200994117552187
0.902949259722698 0.211680414896719
0.912030749639058 0.197062699853198
0.902306369774392 0.21271370859114
0.920957307799764 0.182693132219132
0.341894671206355 0.772215687204148
0.912391383747419 0.19648203390492
0.903390715153211 0.210969226860523
0.904234730620106 0.209618507830262
0.914581259070695 0.192958380831555
0.909618745693901 0.200944000224556
0.289256420679929 0.795854987331539
0.899875504258582 0.216628813107965
0.909662128636739 0.200875089928696
0.91194460847892 0.197200617558925
0.917806045186798 0.187767101883686
0.908205298269973 0.203220028100724
0.912332152848494 0.196577393790911
0.909956194534522 0.200402042560838
0.920140914166227 0.184006588015467
0.306894078688245 0.787939209907242
0.356712019160145 0.765551083070475
0.921421626541208 0.18194486063638
0.908630736200049 0.202534754377995
0.274720211430178 0.802379393787267
0.867497648435468 0.268699445224856
0.284063725419669 0.798186728609985
0.324082601392332 0.780220133092581
0.298832565896365 0.791557724372435
0.345565816513706 0.770564280423512
0.905869370038089 0.206982353023383
0.918883238780921 0.186032549801875
0.90710105006264 0.204997611695166
0.90556368620369 0.207474550941956
0.290209987869786 0.795428775123955
0.912463843344237 0.196366054216237
0.911201298784414 0.198399308632546
0.917711109330195 0.187919140501569
0.319197106965297 0.782414092738244
0.908237381772344 0.203170188257308
0.317279543673299 0.783277146815404
0.909469782935756 0.201188626457209
0.919491743487641 0.185051710113292
0.900640003256701 0.215396970387555
0.873307946336922 0.259352728485526
0.918967545024151 0.185894628397725
0.903767041047037 0.210367796970879
0.908940713752686 0.202040504081221
0.908142875582634 0.203321628162727
0.913868107181395 0.194108194774327
0.278835245632785 0.800534454949497
0.908940713752686 0.202040504081221
0.292397537051366 0.794446926840759
0.272904793325562 0.803193309423621
0.867722604527453 0.268332695385493
0.271906548218869 0.803641028457131
0.901329861736764 0.214288295331543
0.913424401738941 0.194820264975755
0.910647339074554 0.199292115301813
0.31202213136795 0.785636652272095
0.909929469598577 0.200444285671501
0.278375604118306 0.800738011227198
0.276104518713352 0.801757488971769
0.915070435358339 0.192168885659033
0.280493162030506 0.799789316504377
0.906343514094273 0.206220598759806
0.922828082205108 0.179678968956619
0.283274761491867 0.798540049428657
0.909188071554669 0.201642504926525
0.923787994544211 0.178134052727714
0.289778984522149 0.795620910869678
0.280573779105251 0.799752379082015
0.273254699004588 0.803037020127966
0.9174889724966 0.18827850429845
0.285205059373978 0.797674671170116
0.283577420957744 0.798404198190219
0.917719506263386 0.187905256145961
0.90512005918894 0.208189765453531
0.268965266097513 0.804960237582856
0.91925562363256 0.185430392530777
0.285964713480829 0.797333720829975
0.276822181054012 0.801436827906329
0.26897199382708 0.804957167046894
0.923496633006779 0.178602595429046
0.272510099877827 0.803371209163264
0.266777464047595 0.805942204784686
0.272510099877827 0.803371209163263
0.269952013928918 0.804517424212322
0.302775753258512 0.789786910023293
0.27493364002538 0.802282508881641
0.904597602515682 0.209030466910877
0.288926410117585 0.796003602751265
0.291996234389783 0.794626511439423
0.282510132879828 0.798884193341449
0.325569703823031 0.779552612242563
0.278965873569115 0.800474217023141
0.924018735253929 0.177759879794857
0.90095255557598 0.214896518150274
0.902419302268802 0.212538630233841
0.921070336120184 0.182508371764094
0.31099953258574 0.786096186616625
0.300270576717898 0.790912474977488
0.309708979563097 0.786673854440488
0.917072377223751 0.188947211536685
0.91121201043639 0.198383303398165
0.356757052152932 0.765536761824027
0.273070922775123 0.803117955317665
0.26602496093456 0.806279297067538
0.916473362324611 0.189910905738231
0.916657374628855 0.189614721445593
0.920214982669945 0.183887144593799
0.265230001518566 0.806636134006575
0.914706288769789 0.192757318596812
0.921145878050602 0.182386250429902
0.271172896490443 0.803970066150281
0.921737975504254 0.181433715623976
0.921430384900126 0.181929096907637
0.311300165925795 0.785963032698087
0.270462290430366 0.804288801947779
0.281574126108071 0.799303882470479
0.913217896449801 0.195152414850333
0.285690418360463 0.797458409344471
0.910841489159004 0.198979505842664
0.923881683732514 0.177981943749709
0.270998038208829 0.804048767076691
0.279392149058165 0.800283580406302
0.270538433739114 0.804254635610124
0.270546330464158 0.804251084936992
0.279944465384432 0.800034368263117
0.285555583800786 0.797518392946933
0.914442675681173 0.193181283895629
0.919832428672344 0.184501000977925
0.921568389483012 0.181707188872469
0.279554976206613 0.800209979672218
0.902658271608184 0.212151628086894
0.322450460679457 0.78095702820715
0.293573710062111 0.793919366884679
0.267514266346937 0.805611444762237
0.279870993482868 0.800067736696696
0.92029841624454 0.183750996510143
0.916397982160255 0.190035308943866
0.279477860931969 0.800243707123655
0.914362548245337 0.193311926717712
0.282365689761386 0.798948482689741
0.270141768290394 0.804432888787092
0.377910139385112 0.756021711334155
0.275791986673264 0.801898070768049
0.908553855353737 0.202664115730393
0.294223753007048 0.793627369077609
0.916841124186522 0.189318010840895
0.92518193105931 0.175887403472537
0.922383519882753 0.180395256221234
0.918086098878977 0.18731389593094
0.919425243148519 0.185159468834726
0.285052834939373 0.797744082005809
0.921449962428608 0.181896676310303
0.919758764635328 0.184620475173063
0.277856857070752 0.800971860036168
0.288936679677162 0.795998787875816
0.916343538295892 0.190120528203932
0.911714796373853 0.197574941277089
0.919146544085701 0.185606806257026
0.923438118029122 0.178696750515495
0.921449962428608 0.181896676310303
0.920853505023926 0.182856769218437
0.908164002681816 0.203289479285587
0.914742564234031 0.192698344309757
0.914201064199212 0.193568594685229
0.9216963343962 0.18149994362257
0.916137402478212 0.190450512019199
0.925086214076574 0.176041398852319
0.911239040772649 0.198341889354226
0.903019576990189 0.211567456239573
0.906362138665426 0.206193097777771
0.912485016230275 0.196330391842254
0.924383381922822 0.177172918559012
0.87945472192728 0.249470366262526
0.91935536400561 0.185270510441523
0.910687554852837 0.199226064969673
0.908317760488474 0.203044781085195
0.919070611042204 0.185729167018316
0.870207791092494 0.264331489798732
0.912268347870256 0.196682741512508
0.907591614146539 0.20420789215176
0.904118800172495 0.209802482346587
0.895809685815542 0.223177878763454
0.90981938191944 0.200624998486519
0.923000860502441 0.179400648057687
0.902255237540529 0.21279903372798
0.899807336369414 0.216736743234285
0.902173931720745 0.212927147611468
0.903535782605034 0.210743550348512
0.913749256950332 0.194296613347944
0.903300866162179 0.211122068766649
0.903650364370631 0.210556614767848
0.899096659294687 0.217881384395903
0.915765107361633 0.191052480436874
0.915635727022823 0.191258948447394
0.898281773839507 0.219197939092236
0.904075783211531 0.209872042537078
0.90825421668906 0.203145997220338
0.911197059153553 0.198408440708386
0.90666681909106 0.205698874173708
0.921820063415358 0.181302872263251
0.926601808502412 0.17360009069538
0.926259912389243 0.174150863113567
0.906743982285553 0.205573830430277
0.922238444397747 0.180628796385586
0.909683328638476 0.200841145264883
0.917331120392801 0.18852832656047
0.915038664884741 0.192220808726152
0.916398995869027 0.19002950600527
0.898001727774463 0.219647135677931
0.906158931413312 0.206519610368894
0.918066508340628 0.187346981129213
0.918122069902367 0.187257237094925
0.921266452609114 0.182193628827505
0.916277354966751 0.190224815781109
0.923162080913544 0.179140771277223
0.921058788274902 0.182526607653007
0.914686816919371 0.192789756788515
0.90474050208686 0.208801775688816
0.926344186428433 0.174015146221108
0.908966887547329 0.201995288976553
0.920708628562709 0.183092282501465
0.905400749535151 0.207735643394864
0.906556158607032 0.205876658186453
0.899751113457796 0.216831076162935
0.907964794286642 0.203609449158884
0.916510185127813 0.18985404567199
0.907326302806534 0.204642380787818
0.910790985754501 0.199059223999328
0.917618946448783 0.188066386483612
0.919003710627663 0.185836235801494
0.911913347519617 0.197251007481872
0.918387710222086 0.186830727173025
0.916664844689092 0.18960498658027
0.926270611945953 0.174133676888638
0.909855849674617 0.200564577693113
0.920834166282054 0.182890003617515
0.914396228074196 0.193258175341808
0.904236325684353 0.20961134783155
0.912425748968758 0.196427316524777
0.918241036880657 0.18706618287256
0.921268987156877 0.182189540821143
0.925661385018566 0.1751148624528
0.897957625036574 0.219716157196604
0.922147447489323 0.180774338441007
0.925532721253714 0.175321928784264
0.909901927491782 0.200489510597021
0.919635291338396 0.184820040830626
0.909494291329256 0.201146905984883
0.915150746592145 0.192043086631615
0.921317318804501 0.182110926843332
0.915395933946088 0.191645682456226
0.899668884346905 0.21695993328001
0.906465220249252 0.206021510264928
0.920511486186702 0.183410393799158
0.904884323577643 0.208569598017596
0.918595139798864 0.186496692871428
0.283433226466432 0.798468773337885
0.912129524287077 0.196904755212329
0.921266452609114 0.182193628827505
0.921602688970632 0.181650788125626
0.912225008323887 0.196750172685536
0.916878306807062 0.189258771316374
0.916294981664827 0.190197868853979
0.922016385280589 0.180985386445044
0.918716396502726 0.186298336879264
0.907739770985054 0.20397158569445
0.926444442967175 0.17385375557286
0.920551523545615 0.183346854355463
0.923550285173147 0.178514854472454
0.912813023665985 0.195804083146633
0.91750291931777 0.188253378822235
0.90210568854619 0.213038702526975
0.916355880900526 0.190100090157443
0.925197819989383 0.175862368973505
0.912669029058684 0.196039870199332
0.919167035881107 0.185577210491087
0.915847190510579 0.190920251953294
0.915851007133886 0.190914252535105
0.902229395140354 0.21284311907345
0.912279413392765 0.196663360040342
0.910220806742186 0.199975284886059
0.900397718160188 0.215793710233031
0.925524046291695 0.175336586874366
0.912315076764045 0.196606952853275
0.920554203142859 0.183341707707249
0.920560234859905 0.183329588658725
0.90286049916479 0.211825286211603
0.907680819549694 0.20406982332329
0.919165853422829 0.185577502819192
0.918696762933123 0.186331771893967
0.92092574080995 0.182741402509913
0.919954333781787 0.18430530378187
0.916958192072668 0.189130773802138
0.900540153575845 0.215556741365548
0.922002807856793 0.181006823760671
0.914435152369864 0.193192177569098
0.923624198475031 0.178395409360512
0.906853464149971 0.205402320787611
0.907118950843619 0.204970832683989
0.908654933370305 0.202496991610776
0.922002807856793 0.181006823760671
0.867220055585336 0.269138915737492
0.904935610054382 0.208484980649917
0.90727586133629 0.20471759317792
0.911279320830666 0.198273362817914
0.900797038587173 0.215150796444948
0.923896986249858 0.177956639232084
0.907635634546757 0.204137800853031
0.908877261609959 0.20214303859061
0.910367027313961 0.199742847446291
0.914786386894724 0.192627449588457
0.916715802480809 0.189521170778604
0.920706565349003 0.183094405606821
0.909433289693037 0.201245395093489
0.925524046291695 0.175336586874366
0.9174602392014 0.188321757870386
0.920718210270245 0.183076287819266
0.916560593865868 0.189770770101906
0.921784003072137 0.18135920578089
0.902689530524966 0.212103358628771
0.92630121948765 0.174084785582052
0.914256735949615 0.193480344307548
0.917618054305008 0.188070097680774
0.911351232265484 0.198159734407053
0.913362676652083 0.194919902254197
0.915753351910635 0.191073781812237
0.923715564987071 0.178248401431226
0.925719883773026 0.17502069540607
0.907520783663351 0.204325686066082
0.925417577298807 0.175507916794584
0.899838389869768 0.216689909546573
0.90304793556885 0.211527461468695
0.909404790920292 0.201292385496063
0.915637386108969 0.191255630841122
0.923409938417052 0.178741090588786
0.917835960667559 0.187718924792055
0.917463625952796 0.188318796981215
0.899551110652889 0.217155498896318
0.903852855206439 0.210232834740873
0.925336188302086 0.175638965016613
0.92077318917634 0.182986685075533
0.905924295581903 0.206893717097716
0.921329589829599 0.182091174703114
0.920445572098613 0.183514871428482
0.909772556586553 0.200701424599289
0.922626033525439 0.180003375854195
0.922626033525439 0.180003375854195
0.905615598870937 0.207393468204152
0.912008137692894 0.197102346726855
0.91803755074511 0.187392860426149
0.915142056027896 0.192055725543759
0.926503053035057 0.173759431994717
0.900052187480146 0.216346089209734
0.923389765992074 0.178774164449686
0.920312194815685 0.183729903664921
0.911027368162422 0.198678310747271
0.902870277729003 0.21181080823172
0.899916177604113 0.216564747073927
0.912758511155702 0.195894112993156
0.873571676970253 0.258927294484197
0.871418232480646 0.262389243235631
0.871418232480646 0.262389243235631
0.903719295232815 0.210450329217591
0.903719295232815 0.210450329217591
0.908265624647031 0.203130084643346
0.920974020973362 0.18266570873994
0.919922876554468 0.184358898964229
0.91700923041211 0.189049518664217
0.873007950624406 0.259846267451487
0.868399213823855 0.267233953998192
0.901837673342014 0.213468291772019
0.90632858799862 0.206242420318676
0.914839681441262 0.192541176829253
0.904206946560273 0.20965476456927
0.90216584606858 0.212944791675391
0.895936252177708 0.22296748352061
0.911490308088627 0.197933056802044
0.899103771669457 0.2178764950051
0.919412145808135 0.185178255467387
0.89777866642719 0.220002279172053
0.874069978963659 0.258129617708456
0.896829026670925 0.22153586977259
0.919268457933896 0.18541168661968
0.897255224487442 0.220846190894274
0.920974020973362 0.18266570873994
0.919098310284245 0.185685955744236
0.924861284152024 0.176404643474128
0.920119012790383 0.184040938631954
0.924914680048796 0.176318621655532
0.920082657377668 0.184099471783652
0.909809850167716 0.20063869478804
0.915999789004601 0.19067378845897
0.910262073987111 0.199913720255552
0.903529344174799 0.210747662704443
0.91026590040243 0.199905337098113
0.911171976064108 0.198444159345188
0.918720616173278 0.186293523623357
0.905544929940732 0.207507336685271
0.918773295249531 0.186208114904745
0.902140259242123 0.212986620150143
0.909627600230586 0.200932121030132
0.91303530224093 0.195448447527413
0.924073187105948 0.177673273846698
0.904899620364963 0.208545286689475
0.904590756969021 0.209043358025692
0.898548394059237 0.218773017194546
0.919814727203335 0.1845295771912
0.910773861010823 0.199088157288542
0.913711177863152 0.194357772821034
0.919472833927579 0.185082045864973
0.907711235432332 0.204022024958298
0.913889215127717 0.194072657544908
0.91340812096096 0.194845412947356
0.911962346426323 0.197175770837595
0.919125436960707 0.185641722841554
0.912727717925318 0.195940529633672
0.905282997362808 0.207925742381296
0.920419790789339 0.183558407706198
0.919597205531496 0.184882783461967
0.915742719196241 0.191090802315751
0.908730191466743 0.202377347877871
0.913156676264245 0.195256012710175
0.925488299014591 0.175394081283566
0.921024173159117 0.182584804419394
0.91628846187142 0.190211652620106
0.902160443631063 0.212952929306435
0.91765203553532 0.188013290232907
0.924914680048796 0.176318621655532
0.919067223323279 0.185735852432102
0.896629326327525 0.221855463771886
0.90822584150401 0.203192726697224
0.927323909230278 0.172437447336406
0.876154269615387 0.254799153007935
0.917339048525746 0.18851753990504
0.920669892905598 0.183154248397976
0.911950538270076 0.19719660681639
0.911086885982803 0.198584830368289
0.916702530095629 0.189541535417863
0.918001803881644 0.1874498425404
0.906447341574406 0.206056378132354
0.916909551380968 0.18920830067001
0.917041721538381 0.188997339649271
0.915844322283223 0.190924193957195
0.911148840944783 0.198485436511369
0.920350022758468 0.183670625889506
0.912635019524248 0.196089967870413
0.913128591732433 0.19529866393693
0.905768810585834 0.207143582155981
0.900328418970416 0.215900765455147
0.918326478743506 0.186928272932922
0.922113085452746 0.180828946895364
0.922134317668691 0.180794747089496
0.910169843305121 0.200064102735231
0.921250411903863 0.182219205654435
0.917794652378861 0.187783735348777
0.895742443139593 0.223290471542157
0.920398665867287 0.183589963162756
0.872855861018792 0.260080264185382
0.917806059792171 0.187764448433268
0.906199578253781 0.206454925662308
0.922165285038229 0.18074488595845
0.918284210478941 0.186995059140049
0.90347120164861 0.210839626884848
0.911577150649315 0.197792520808521
0.903866027303705 0.210212212869304
0.909375560600073 0.201344477599747
0.905639493403324 0.207353323844262
0.905414984960308 0.207715175672509
0.92232298578991 0.180491134188076
0.901721696984985 0.213658508030645
0.916374231564849 0.190070248769447
0.925229834120764 0.175809735171658
0.915906938564955 0.190823457050384
0.924463868961522 0.177043136278349
0.914041028361657 0.193825401554685
0.9116975094679 0.197601748224974
0.902806851126438 0.211908555105637
0.912989057245889 0.19552215145747
0.922111584167894 0.180831364402135
0.906845367515299 0.205411569601634
0.903882365637928 0.210182905179771
0.899691125704445 0.216923097191762
0.874639385113894 0.2572150540435
0.900314972596046 0.215919632642655
0.912632797499668 0.196096419314118
0.909584362348431 0.201002118063572
0.913535047709297 0.19464271895977
0.915917538376775 0.190805786900275
0.916701232220867 0.189544531931059
0.904201628859245 0.209670615408222
0.920435063331799 0.183530794406565
0.896814362972734 0.221563465916169
0.921060547199769 0.182526159828223
0.922205500876235 0.180680656418287
0.922922516367115 0.179526155968927
0.920403307756197 0.183585097394503
0.917519195489017 0.188225687006985
0.908624070071396 0.202550983833079
0.912171412628652 0.196838318349545
0.925927488888062 0.174686084557443
0.92460258496941 0.176819834578322
0.916337945129007 0.190129669455041
0.928063972781328 0.171245312255488
0.921590760443987 0.181671600938267
0.916970397234992 0.189111310710312
0.92668541665226 0.173465628229461
0.927577575101263 0.172029228175435
0.923427260836231 0.178714046733069
0.926982214554414 0.172988362706597
0.916842751170071 0.189316683929486
0.915624806872179 0.191280630577795
0.911923759763697 0.197237017248866
0.926982214554414 0.172988362706597
0.907223732067183 0.204801897094973
0.92040460050957 0.183583973000573
0.906210877475172 0.206434236082629
0.913307861508682 0.19500817066805
0.920904638835862 0.182775971409903
0.913242364557521 0.195113782047075
0.923501905127275 0.178593698933996
0.909641366633522 0.200910704330706
0.922531804853722 0.180155168662751
0.917822510973061 0.187742476035611
0.924278069266527 0.177343583053969
0.917002281715467 0.189059747010703
0.915694402394489 0.191164393192446
0.899243211766029 0.217651297030688
0.916801640786948 0.189384361315764
0.916249579471731 0.190270945291519
0.92704302324003 0.172890406505897
0.912793144083353 0.195838384101393
0.922962144144552 0.179463555375796
0.909325622867103 0.20142074860348
0.907777067606006 0.203911870221805
0.919426391411567 0.185156916476863
0.919405513187419 0.185192079631761
0.917116249738768 0.188878032428766
0.912557304547185 0.196217572470825
0.908112610811685 0.203375186869552
0.912497719116799 0.19631372013942
0.920440282804857 0.183524360376184
0.920527750442537 0.183383677854534
0.928077301703398 0.171223955690987
0.919304129895419 0.185352626241981
0.925017139602133 0.176152770900044
0.921355829463063 0.182050492443834
0.91471990916204 0.192733734182224
0.923095994239361 0.1792472294777
0.901234049158935 0.21444709027698
0.907520225880105 0.204327452842224
0.923836585681956 0.178055358953708
0.923564569996352 0.178493987841961
0.923860413234183 0.17801633540444
0.903396224696158 0.210960946272416
0.920257982584893 0.183818552584956
0.897732998756566 0.220079483303295
0.916905312429346 0.189214297620505
0.91567753360906 0.191192392906549
0.917542865217662 0.188190269514052
0.914397659948146 0.193257783117384
0.917160259627323 0.188807032779301
0.922712785461277 0.17986496127109
0.91796636202144 0.187508194258473
0.87366820808189 0.25877185537356
0.920994810729258 0.182630077181034
0.910440148520749 0.199624458899847
0.917663306640009 0.187995599408099
0.913362372413652 0.194920589128449
0.909385619330108 0.201323705725902
0.917976502620029 0.187492285021903
0.91127256160256 0.198284298826053
0.924299997957787 0.177307535271899
0.906745105521452 0.205572345452447
0.911897385687876 0.197278420816964
0.927299680453578 0.172476717676421
0.916274315304404 0.190232293433983
0.910363599769045 0.199749331804706
0.926984639483532 0.172984454096483
0.913670952198681 0.194427080890942
0.926983486697058 0.172986313216864
0.904693754251095 0.208875038632866
0.904693754251095 0.208875038632866
0.917638082126007 0.188038763436888
0.926887879068373 0.173140332473451
0.914321006650899 0.193376289487541
0.900841638782439 0.215070981162501
0.921807406159916 0.181322457793784
0.909697094732982 0.200821729250186
0.905534674618537 0.207520522429026
0.922962458112302 0.1794627317786
0.914636386137849 0.192868270811961
0.923467967640503 0.178648406746697
0.915474195759848 0.191520448212486
0.920738714896265 0.183044746562386
0.924574659438882 0.176864615620057
0.919514440144225 0.185013993020431
0.92178981425523 0.18135281649229
0.911715878784091 0.197572021438908
0.922518580645064 0.180176775355117
0.926741559432211 0.173375055019617
0.871389698172889 0.262434416601221
0.92295353124577 0.179476911253564
0.914911142599828 0.19242744395997
0.914203598717277 0.193565918738626
0.921308420388215 0.182124373414821
0.921139599143087 0.182399554914215
0.900377720871035 0.215820522144159
0.904195111279433 0.209676023390226
0.92370995270105 0.17825906262825
0.905240657366495 0.207994350874076
0.900230323123485 0.216060215503856
0.910409942769409 0.199673085686656
0.91899791172604 0.185845965172569
0.923366494200745 0.178812074711272
0.916985871639786 0.18908781345692
0.915426141922508 0.191598855847269
0.901362152403646 0.214238373501581
0.921951018242228 0.181091019941531
0.90708172219696 0.205031451416354
0.908392042165926 0.202924005151121
0.91148670516513 0.197938566491193
0.92513830925795 0.175957729227202
0.917910847613784 0.187596655710431
0.906187636813553 0.206472261019661
0.915561138459231 0.191379280710833
0.919597407347162 0.184882643689303
0.926085211233851 0.174432404681987
0.906350458564858 0.20621007455553
0.912309103339965 0.196617139910676
0.905040967748273 0.208318594146569
0.916834370569942 0.189329717292838
0.903651317186124 0.210553361037654
0.916818679678566 0.189355955644681
0.908464406113423 0.202804365397866
0.925928761171443 0.174684043549158
0.924818305985836 0.176473886591171
0.909901544505658 0.200493399131657
0.910253601112319 0.199924524820875
0.89995809015511 0.216498181793924
0.922358612860993 0.180434638067453
0.916818679678566 0.189355955644681
0.899268568649824 0.217611086147616
0.903012978997619 0.211580022707517
0.919999810476179 0.184234659680034
0.919558588078499 0.184942742412926
0.910047003515608 0.200257198594238
0.9130886860124 0.19536164780096
0.925562852405423 0.175273669060785
0.910082329191817 0.20020185041583
0.921464740367173 0.181875144065759
0.902231512588104 0.212839655026288
0.897318310612794 0.220742643130167
0.923164431069841 0.179137040023849
0.919189322081969 0.185537695072648
0.918721353519367 0.186291596157801
0.89639702184023 0.222233151915019
0.918129582921987 0.187245437311609
0.927256367829143 0.172546071881006
0.921327280695965 0.182095501531568
0.90938776841343 0.201320121772629
0.908521185196974 0.202715338726844
0.912085814155435 0.196978218213456
0.913616153642771 0.194514435623509
0.908150815741395 0.203308089455185
0.92075808892407 0.183011173196583
0.913958921041479 0.193960341067283
0.915747283149869 0.191082506159066
0.915805269550216 0.190986201192593
0.903797592066338 0.210320304729396
0.927524480314551 0.172114389620185
0.913988304925775 0.193910199224854
0.911529319611744 0.197872686040674
0.897924511450772 0.219772180588224
0.924206051975186 0.177459635421732
0.914675924924526 0.192805218580241
0.911023160753023 0.198685760330001
0.910585263788864 0.199390265285548
0.918022232336735 0.187418189230019
0.911472557855703 0.197961645709067
0.922226032137221 0.180647060731042
0.911277227383415 0.198275190747617
0.923801475797801 0.178111333230122
0.91993120264686 0.18434526885996
0.912720324162527 0.195951900074691
0.920045945825174 0.184158247800826
0.876279000514209 0.254577583642567
0.905449463103306 0.20765655184047
0.926157531001268 0.174315934527249
0.921500150927447 0.181817027183741
0.92179965362168 0.181335288531053
0.908291302159884 0.203083846016778
0.921626441429286 0.181615262751517
0.923493022847354 0.178606989331834
0.926763505657641 0.173339709825436
0.914998012673414 0.192286258384472
0.871278311720877 0.262615658099502
0.91282026454627 0.195796231645115
0.909918393469237 0.200463873241449
0.909994570125462 0.200341514226487
0.913741094682907 0.19431074377241
0.916257313883691 0.190258873641945
0.869851563742755 0.264911259768842
0.918913626808423 0.185981114924384
0.91557348723201 0.191360472528672
0.918778584040859 0.1861979173983
0.901640994243901 0.21378742418527
0.910421149285557 0.199655039411241
0.913413755921037 0.194836470541548
0.871462848312131 0.262319814888737
0.872500197421195 0.260654782485132
0.903835885976534 0.210260627356898
0.91900353141575 0.18583761498039
0.907211815849976 0.204818630459091
0.926518243527731 0.173734866535974
0.925209685677639 0.175842110962066
0.873343086218715 0.259298513664544
0.918471946328158 0.186693805741821
0.920545243145891 0.183353829522426
0.905260915588378 0.207959434326696
0.333104316387765 0.776166791904894
0.349424681804224 0.768828947878563
0.35975747786367 0.764182859014337
0.35975747786367 0.764182859014337
0.365987347747713 0.761379503100491
0.340140428186782 0.773007888773888
0.356085009008479 0.765834265383982
0.340193431132507 0.772979506584619
0.372374497995843 0.75850815448672
0.908112124255862 0.203377336168473
0.331525103530832 0.77687378828451
0.323628521734345 0.780424139123577
0.392754568801398 0.749327198267937
0.347704871230969 0.769608057431983
0.901307008125847 0.214332033804834
0.913654434297132 0.194453081786604
0.911283027844745 0.198270086471476
0.33431917768065 0.775619837630414
0.304431015901385 0.789045590213148
0.919182589103177 0.185549019554536
0.917136781677132 0.188843468585929
0.293631370229488 0.793892179234321
0.913065060024669 0.195399864981852
0.914538165190792 0.193029783948418
0.913924854295688 0.194017544831519
0.904159138281209 0.209741613853836
0.909626148729684 0.200938894050283
0.323401131985017 0.780525657617067
0.875950186756535 0.255105697753933
0.902151622585849 0.212967437884778
0.902203372923793 0.212886039789675
0.324521097766351 0.780024777622711
0.911148542491142 0.198487256615017
0.921641535850851 0.181589520905401
0.291521489697985 0.794838952878445
0.914335943010835 0.193355685061317
0.353965172365344 0.76679200299783
0.337365078157478 0.774255491340751
0.30771838097486 0.787569439418407
0.2961781912198 0.792750258995617
0.919603420313032 0.184870755105665
0.916524818497045 0.189830891713034
0.92131730379292 0.182112552691445
0.917631644197546 0.188046648698485
0.302063578019629 0.79010652333294
0.921492476161181 0.181830266596745
0.310480462997561 0.786330371137066
0.287171822685129 0.796790650543182
0.30724835557572 0.78777942988972
0.918247633510552 0.187055109754345
0.910160070152751 0.200079199676071
0.918795855987535 0.18617256798784
0.90690041544097 0.205327119877066
0.298013805978307 0.79192555130834
0.316821991573554 0.783481899324546
0.916759225355346 0.18945353650776
0.304478517648853 0.789022802025884
0.358293323061074 0.764842589356333
0.921556992773477 0.181725786954685
0.921012616848879 0.182603082127578
0.919288789310862 0.185378601278861
0.329786782657007 0.777659363693939
0.294558400383144 0.793475884905956
0.39440239899045 0.748584109868668
0.912927369113624 0.195623517498173
0.298131603234345 0.791872908551796
0.912469603694594 0.196358272844357
0.312008540255926 0.785640438710971
0.280527294153218 0.799772567333607
0.916843180221662 0.189316425961911
0.284643257626556 0.797926406812989
0.326169875251958 0.779280211103849
0.919575054187866 0.18491765265235
0.306632271749983 0.788056276283456
0.288332692252419 0.796270382375241
0.375528059199687 0.757090637999923
0.286110831062523 0.797267652985244
0.314329483455331 0.784600265840135
0.921196704017349 0.182306908364886
0.302257659951329 0.790022099149679
0.921578366942675 0.1816925133783
0.921578366942675 0.1816925133783
0.281297393165673 0.799426926254027
0.306315420916166 0.788198207397275
0.304172728575752 0.789161501462906
0.300022763729372 0.791022784966796
0.331731983871399 0.776781175084287
0.284754749542369 0.797875961788363
0.283589384973197 0.798398317425851
0.332442534539514 0.776468203240416
0.915089845298735 0.192142358799762
0.347841739188952 0.769545496807485
0.916460500204952 0.189933737804497
0.283440626267405 0.798466448099706
0.918730045649684 0.186278498331057
0.279714843607872 0.800137418849863
0.917529934419669 0.188213309849207
0.295135370599367 0.793218342624515
0.283968650441174 0.798228117304971
0.926845263624325 0.173208611880053
0.275623649518629 0.801972600888052
0.290125248947584 0.795464949928544
0.292807974401942 0.794260838844626
0.290125248947584 0.795464949928544
0.271753129720317 0.803709927303949
0.294759453608572 0.793385839992491
0.300959188547765 0.790603962927606
0.299413373775606 0.791296838795967
0.27935859404133 0.800297102662645
0.290038743108498 0.795504673160783
0.269956746998411 0.804515574667052
0.273474829917159 0.802937030017035
0.902231743006907 0.21283791954687
0.91055367772578 0.199442054156979
0.305873088147703 0.788398029367243
0.915898759203765 0.190836725367969
0.294221270735924 0.793629247250136
0.290873188300366 0.795130265183644
0.320774802684613 0.781704800622084
0.308679184704927 0.787137062021512
0.912849344447392 0.195745812136869
0.301978290819727 0.790146745879025
0.285974536533789 0.797328127659773
0.913894035412103 0.194064369539963
0.280612932980934 0.799734248748913
0.921764725730702 0.181390791813576
0.287931821451652 0.796450015933297
0.923815249874191 0.178089446452358
0.902205442670412 0.212880245263358
0.911513097954794 0.197897448604353
0.331904331900095 0.776707944659887
0.33135276515817 0.776953854608385
0.313647873371203 0.784905438652052
0.293601869997928 0.793905272747999
0.289296791886632 0.795838517837124
0.293363735255983 0.794012659387989
0.91632381252012 0.190155378469265
0.32357458460096 0.7804486791118
0.917610294077555 0.188082825677205
0.919107695988844 0.185670969703239
0.919873592281262 0.184436284597361
0.283162799034112 0.798591202008298
0.287898526880639 0.796465064952664
0.290853429344974 0.795139483521359
0.287868861326951 0.796478439276514
0.285633132655905 0.797482425310926
0.920555606724788 0.183340475155981
0.898727272212892 0.218479130103302
0.287684356889608 0.796561048044331
0.290460939902691 0.795315526368333
0.282972908808047 0.798676154264914
0.922968942726844 0.179452945358836
0.905562796413716 0.207476471519088
0.919631846931343 0.184825972287768
0.304339998481866 0.789087026855223
0.907526499894907 0.204313836515636
0.924029913646192 0.17774361025624
0.911398189701761 0.19808279006329
0.923892997758391 0.177964166756685
0.917805068952911 0.187768466880291
0.914953419478201 0.192360246055508
0.926159641258489 0.17431270146732
0.911846717289884 0.197360636191035
0.869334639252574 0.265747654955929
0.928222918103362 0.170989232182567
0.917361677884961 0.188480688997504
0.898997036221378 0.218048415383515
0.920347913914906 0.183670895802233
0.872829878425924 0.260132767021641
0.91048164368121 0.199559749920718
0.909761909651692 0.200718309939122
0.915191070634777 0.191977167339948
0.918402993288068 0.186805994272823
0.915510804235183 0.191462832024841
0.289119377168499 0.795918177842902
0.909635711373657 0.200922496964432
0.924989208998544 0.1761976816545
0.906720191600984 0.205611294024623
0.295740402441923 0.792944981702565
0.2737675940216 0.802805926142112
0.920056306222278 0.184142272994992
0.904370015295429 0.209402452571081
0.89851652458819 0.218821541198151
0.899632047667483 0.217019680701308
0.923302119923849 0.178915259416089
0.907848551321762 0.203796813445269
0.92334550390899 0.178846540843007
0.877849859524396 0.25205146118684
0.922536522714336 0.180148170721722
0.920391396449437 0.183602324588281
0.918471206584437 0.186695546276351
0.928561582259427 0.17044389677207
0.899841211768379 0.21668982747737
0.901310957045443 0.214315764169781
0.922040971361909 0.180946301642944
0.91449140461199 0.1931040890414
0.92507788812348 0.176055763989103
0.915649723225376 0.191236499663154
0.925724226584729 0.175014247389493
0.898742859864728 0.218454324965845
0.905810176961 0.20708076983582
0.91699817805957 0.189065527713575
0.918272539939751 0.187014761562019
0.918015169441361 0.187427949264747
0.899227877323998 0.217672767257256
0.879284517211498 0.24976382523174
0.928294795146221 0.170873794628221
0.913329403767182 0.194976325523196
0.90726365700719 0.204737112737253
0.916437579256732 0.189969975194485
0.90394844425255 0.210078110768985
0.340211826294622 0.772975463438058
0.903681318225016 0.210505947796563
0.921293091792272 0.182150992086026
0.922279463970664 0.180561502109597
0.926206710118978 0.174236700540339
0.902170509423358 0.212932999240352
0.917453710790399 0.188334572709272
0.915001257405309 0.192283138896373
0.912826400180883 0.195783794928754
0.907145131990931 0.204930701528933
0.903694454084729 0.210481893359507
0.907325197398203 0.204642451552353
0.919406786429647 0.185189898554334
0.917463827404157 0.188317461296781
0.911746141831144 0.19752421710196
0.909091557735526 0.201794295538782
0.912029557526143 0.197065795174921
0.915708899537011 0.191142792842994
0.910693366909695 0.199217007053867
0.921320004071339 0.182107495276896
0.925180190370568 0.175890836109448
0.875540948846075 0.255779447032762
0.901729149439373 0.213646938510612
0.909592294433922 0.200989504278935
0.916209871963946 0.190336253335624
0.913859395911647 0.194122169670923
0.921856170664292 0.18124557156839
0.928394949081777 0.170712236678632
0.920934263656374 0.18272824986538
0.92552802052841 0.175329475240092
0.917091621406593 0.188915088327634
0.91157275653703 0.19780130799407
0.927773803461613 0.171712782677176
0.896716621550913 0.221712132550618
0.921269697756011 0.182187660985554
0.912270667876007 0.196680222794625
0.916982534511149 0.189092166882433
0.915505767739337 0.191468838742801
0.912168665769123 0.19684535912193
0.925011081656008 0.176162102488832
0.903805640025047 0.210305797812176
0.919392079919401 0.185213054487259
0.909181309476831 0.201651060448648
0.921618407403606 0.18162594014846
0.91475725693261 0.192672446003412
0.913125491804314 0.195301100671572
0.918058892801023 0.187358214364885
0.926579438720498 0.173636457115183
0.909416707077338 0.201272501591628
0.91216276728731 0.1968520502043
0.912624629183343 0.196108049037623
0.911094225756349 0.19856996209784
0.912433640518887 0.196415458032722
0.928978810891629 0.169772018161041
0.923254225454119 0.178993589081709
0.926064421679618 0.174465752429578
0.878509851739008 0.250998458093662
0.919910037680107 0.18437808730987
0.919219815399343 0.185489236012406
0.917984081747379 0.187478761215635
0.915386609781709 0.191660978061241
0.904274736298276 0.209546364834407
0.925427016865854 0.17549233115802
0.917851576086822 0.187691772779912
0.903926775179434 0.210111064670069
0.916233378140467 0.190300113155144
0.913577772806076 0.194575730855271
0.907590822334333 0.204213182034505
0.924946834044637 0.176265296901781
0.898210067438524 0.219311687428479
0.898451976898398 0.218921102779344
0.924960723031941 0.176242928792414
0.921943537447266 0.181104291785012
0.86907140851326 0.26615577083267
0.909375889051806 0.201338018791997
0.873937330070457 0.258345123490005
0.910447347086715 0.19961375449091
0.916324136850959 0.19015278501365
0.924417220720624 0.177119938479385
0.336974915562639 0.774427090455487
0.914681112004146 0.192796940084968
0.905042626050427 0.208318204136128
0.919853344594324 0.184469314351102
0.920137286480377 0.1840103347541
0.925030331484356 0.176130856772862
0.905648071336754 0.207338043902476
0.919034866785562 0.185787240856955
0.910632437287383 0.199315549755185
0.904196073161775 0.209673636129813
0.923953346741549 0.177865831263623
0.90941838809296 0.20127249323579
0.915914470563981 0.190813829210918
0.922349754257111 0.18044789221889
0.917698909960188 0.187938156911503
0.895962725490913 0.222922878371016
0.922418039678034 0.180340197497371
0.906704774698426 0.205638302626576
0.904630713922848 0.208978822889139
0.921511452417599 0.181798267175782
0.926132745932998 0.174355917115498
0.923082859867967 0.179268637250927
0.897538176446387 0.22038560703333
0.919895043026378 0.184402167716798
0.922547119304502 0.180130660821745
0.901963849474449 0.213268557283818
0.391004385342678 0.750116195527179
0.921036583885922 0.182563040689031
0.919582277840547 0.184905047208064
0.915286525530862 0.191826366745347
0.924179565982002 0.177501831476975
0.919350059349262 0.185279743921984
0.918371517937867 0.186854985254351
0.914498133722464 0.19309349571502
0.908296982974698 0.203073395522723
0.923496409034121 0.178602630811074
0.923078076088418 0.17927483232597
0.916477563287431 0.189906044157348
0.927992801998084 0.171359772626266
0.908658753129477 0.202494392171393
0.920883807258115 0.182809771112344
0.920480961058292 0.183459940928975
0.924164739293118 0.177525965686898
0.919932013777781 0.184341742443569
0.920896237318176 0.182789102937979
0.917926728136919 0.18757107169553
0.916130516817384 0.190464127758398
0.923062810677823 0.179299372918522
0.920366159717213 0.183642576561661
0.868146604142571 0.267650849154169
0.917167551139189 0.188793540256173
0.301029821773229 0.790573336505585
0.919109752550177 0.185666905749445
0.911252473553572 0.198318180802655
0.921734746639225 0.181439783993818
0.907170025987234 0.204888680309019
0.924439504420371 0.177083793717176
0.919084529097041 0.18570767134405
0.922484859454147 0.180231521081418
0.91539060034372 0.191655178663319
0.922786012016714 0.179747805817515
0.922989352361948 0.1794188656087
0.915192743299607 0.191973849723187
0.910908344504852 0.198873023556741
0.916035809630825 0.190616168508533
0.877137025755283 0.253200440898042
0.921723053579818 0.181457714288749
0.920697330135162 0.183108950778788
0.918867796439064 0.186056712971315
0.910469148515556 0.199578652803807
0.914654343952802 0.192838315143999
0.917878294575593 0.187649073436294
0.922573367762548 0.180089349588477
0.879002933537052 0.25020737995101
0.920448801641447 0.183511358295708
0.915415765967182 0.191612588261332
0.918557198397197 0.18655634139553
0.925637820122597 0.175152885914586
0.922594869471818 0.180054956571669
0.917882614912164 0.187642004524115
0.915408096074622 0.191626548735803
0.910309057514004 0.199836858758518
0.925022860677437 0.17614331481726
0.9201639313675 0.183968605049731
0.918854414553989 0.186077356595096
0.879083882195608 0.250072304713066
0.921936492984843 0.181113334712604
0.913622259461356 0.194501588262157
0.922887144834281 0.179584038499929
0.867312623461394 0.268996284301824
0.906282869858395 0.206316970262974
0.376337764606669 0.756727756267578
0.905574804480112 0.207458883907439
0.899603692709424 0.217071975914309
0.903327832782584 0.21107262170538
0.905010627736981 0.208367620255685
0.904252320901201 0.209588280719617
0.89637384707599 0.222262808721054
0.877845355693354 0.252066242545508
0.873782911009484 0.258594590301005
0.871565907260584 0.262151877959923
0.868974155659803 0.266322393876579
0.89896499430689 0.218095248389431
0.874981833067611 0.256659087594637
0.895760565432763 0.2232502670172
0.913757823429035 0.194287276790161
0.868294968275702 0.267413171560793
0.910711582490476 0.199190037323127
0.905444237888419 0.207670517491854
0.90666194838875 0.205705517496818
0.918940781330766 0.18593773826202
0.898252927927959 0.219244757520059
0.916003725983724 0.190667814559768
0.911254287689256 0.198312574843621
0.90577835930536 0.207127369917426
0.913494587514121 0.194706695085542
0.916502748982386 0.189865063667616
0.898165665063577 0.219383060167617
0.90306399428891 0.211503996211165
0.923926271536944 0.177910062537211
0.916309956016507 0.190174855259081
0.867415756012965 0.268814486343212
0.923926271536944 0.177910062537211
0.904431107095339 0.209300507953486
0.272319849925042 0.803456377170537
0.923926271536944 0.177910062537211
0.922294115948185 0.180538971738361
0.86729003966188 0.269016342490561
0.283076321090853 0.798629669728124
0.909405475463686 0.201289173226401
0.900012372119011 0.216413379364173
0.918189250997523 0.187150943990873
0.867439160786876 0.268776712215883
0.878074317834651 0.251689886992797
0.923036929865059 0.179342393329313
0.925019162453808 0.176150173183519
0.921377781270681 0.182014791474619
0.925019162453808 0.176150173183519
0.923926271536944 0.177910062537211
0.922886298040388 0.179585030948555
0.924809404372407 0.176487507015455
0.923729520007736 0.178227532388815
0.912327336939461 0.196590596872132
0.295272469358076 0.793154519880002
0.924749768415949 0.176583548515666
0.914972495118962 0.192331629876955
0.922798663547214 0.179725921845193
0.920983923190375 0.182648052720439
0.920859553570703 0.182848307751226
0.913261710207115 0.195082324208065
0.91987081512695 0.184441297834452
0.904911796894087 0.208521894159512
0.903428502390161 0.210913422442588
0.868154331139829 0.267640198060697
0.917354380866374 0.188493868711179
0.92190397759977 0.181166887256922
0.90588312247817 0.20695981901651
0.921900097449856 0.181173693018522
0.912980651766618 0.195536503291101
0.911899343601724 0.197275035549288
0.918400601407929 0.18681092348818
0.90014799532553 0.216191553061226
0.904741899453804 0.208797388617582
0.914508517780945 0.193074792003894
0.916591281969285 0.189723387755146
0.914387015746618 0.193271013638642
0.913528901849519 0.194651066020016
0.915645483527145 0.191243671362506
0.923808569012364 0.178099886256905
0.911234563346985 0.198345296518012
0.906346578256339 0.206218138680754
0.906149598590489 0.206531202298037
0.878385989098582 0.251197582010686
0.907883796463298 0.203740528974528
0.902608260595126 0.21223174134205
0.896531586369687 0.222008779190006
0.921038393761458 0.18256097866381
0.905835635642992 0.207038789667035
0.923293366555239 0.178929601229431
0.2820265866929 0.799101232783035
0.91589035207894 0.190850075759326
0.924685122145141 0.176688443740436
0.907375029782726 0.204556885110181
0.914146378655824 0.193659880003089
0.917700845265062 0.187934063405143
0.904105985286613 0.209827640975365
0.91069815350582 0.199207416190179
0.924664604031528 0.176721498497632
0.908919031599983 0.202072644795674
0.917802219950776 0.187772390367866
0.906653630774303 0.205719718668513
0.912177700482446 0.196829207018663
0.907886697812455 0.203736734218346
0.903213897554382 0.211256223420784
0.91614148049924 0.190444288497153
0.910282923913872 0.199880011582163
0.902934635758084 0.211704364543278
0.898261485945459 0.219237644616657
0.897309476196182 0.220760388601013
0.920858823172196 0.182849931000298
0.873735651522225 0.258674380406539
0.908962407743771 0.202002824345428
0.918503950827365 0.186640693949864
0.874811603688484 0.256936799033829
0.91174762308141 0.197517448217806
0.9151476981199 0.192047109704968
0.925629342034077 0.175166462064618
0.9052605579059 0.207961200150448
0.92521750542305 0.175830288378921
0.926142671788366 0.174339419356036
0.921018462247009 0.182592586284557
0.914093358686537 0.193741881617065
0.926673529781112 0.173485251269725
0.908342796868051 0.202998889517379
0.90261454436176 0.212227388501999
0.923444274509994 0.178686314022513
0.898950817608255 0.218117045929726
0.910172608294018 0.20005546864907
0.904113833109784 0.209814162688935
0.905079816255664 0.208254994165556
0.925271170051833 0.17574342948678
0.922160196137075 0.180753824406913
0.909240149481617 0.201557175924104
0.920674857506082 0.183148393399614
0.918543195444212 0.186579878997189
0.914114709941521 0.193710740777763
0.916684469267798 0.189571249105429
0.910532860673821 0.199476121332304
0.902138512747417 0.212990461415729
0.925271470126327 0.175742946157041
0.916730882451238 0.189498887799906
0.921666321775674 0.18155038495293
0.903301109641014 0.211120390997454
0.920874306931575 0.182825625296836
0.924044946891841 0.177717752532668
0.913770863011298 0.194261922921238
0.919517949223673 0.18500906084475
0.899196786923189 0.217720171702024
0.914726508276363 0.192726499410958
0.919198988155926 0.185521311093445
0.92667296528579 0.173486160454294
0.900589450448611 0.215479537504186
0.912958801579468 0.19557249815199
0.919936443346351 0.184333799346658
0.916690542639516 0.18956169254334
0.928569603821188 0.17043115816928
0.928569603821188 0.17043115816928
0.921596581493485 0.181662294075171
0.926679441052499 0.173475731088101
0.898756003712886 0.218429888988252
0.916860003768832 0.18929165277511
0.909478836046292 0.201175012838065
0.91932633022542 0.18531633127596
0.914305933252699 0.193400480021647
0.919495529208826 0.185047130235283
0.905944174588178 0.206862636686467
0.911501991098711 0.197917740310237
0.915672561246666 0.191203542679267
0.924628097247885 0.176779863532589
0.921276780174107 0.182177949237669
0.913790305177726 0.194231257798655
0.926728589544272 0.173395964816762
0.91065938512587 0.199272674748898
0.924624303310698 0.176785974994643
0.927696964022946 0.171836531391161
0.926120736353099 0.174375784841577
0.924657883583461 0.176731491296381
0.919494507747644 0.185047525575243
0.925089146694047 0.176037266372324
0.927170859871037 0.172684088110205
0.924526148836035 0.176943473143399
0.924596015999778 0.176831184879269
0.92011941315241 0.184040194444047
0.925584268761916 0.175239553992232
0.923073419162325 0.179284311920255
0.920639419212755 0.183202861298368
0.921350049957603 0.18205980324647
0.925689924542439 0.175069439395294
0.927723737249544 0.171793409988693
0.927576077497882 0.172031360461255
0.915171354135225 0.192009862723061
0.918660355391973 0.186390362027901
0.921515922457065 0.181791594849442
0.927066575612294 0.172852305866076
0.906915979534514 0.205296686508662
0.920538679947903 0.183364818203476
0.9246652848687 0.176719305571654
0.916426116362324 0.189986341181577
0.924551871686173 0.17690264833637
0.916719843759257 0.189515580199731
0.920710867493659 0.183089114975898
0.92506977140796 0.176068543503886
0.919897369567371 0.184397390529083
0.910835721512858 0.198988916002118
0.928651409390564 0.170299311244576
0.923366304490851 0.178812268871235
0.91572845735038 0.191113401298536
0.921360051235093 0.182043148187266
0.915163946234504 0.192023144020385
0.927642123296173 0.171925025888232
0.91525333702417 0.191875957295825
0.922117599503505 0.180822952297239
0.919714677365053 0.184694143716992
0.909106972454677 0.201775751261828
0.913464911308495 0.19475541276156
0.928553386745326 0.170456961476583
0.914926056123236 0.192404915222901
0.900706911410509 0.215289525481065
0.874829773393399 0.256903971671608
0.902709034358337 0.212072114665545
0.93014077478308 0.167900316869859
0.921587066008273 0.181678583180483
0.925242904962471 0.175789245398187
0.92238013078854 0.180400393716362
0.922953376914387 0.179477180984198
0.924722803916074 0.176627222037282
0.923714006436085 0.178253218147779
0.897130473912056 0.221052588483663
0.87018133845252 0.264393651396299
0.923714006436085 0.178253218147779
0.907517827059369 0.204327945987041
0.910666385211689 0.199260329720613
0.896365755471057 0.222277130209387
0.914932864205032 0.192394431145513
0.917738186524805 0.187874656303184
0.907303820479919 0.204678677917672
0.913733753744498 0.194321780495753
0.910884905493558 0.198909992921715
0.921535827451934 0.181759820061337
0.915026924114339 0.192239933801549
0.900294343746518 0.215958231921867
0.926117555312393 0.174380452182466
0.926821993567291 0.17324600157358
0.905733531310471 0.207204905170296
0.920994213079696 0.182632143814658
0.919640572311854 0.184810887209183
0.914715913760622 0.192739701926959
0.920249686255521 0.183831131793438
0.915107320823002 0.192112872332794
0.920849741926195 0.182864122157116
0.91888843776408 0.186022942967576
0.877314359639795 0.25291281560663
0.914898730777634 0.192447128840077
0.902495581628935 0.212412260334896
0.922698356774444 0.179886885506381
0.918012500748479 0.187432911905156
0.906571832200731 0.205852631216165
0.925431567114032 0.17548561706497
0.910806518788402 0.199033831438797
0.917481448543882 0.188289872260695
0.912014429436031 0.197090216335087
0.912515709823641 0.196286624498667
0.922337026348983 0.18046868088019
0.904604656232864 0.209017497588959
0.921071899107668 0.182505810200631
0.871814211414207 0.261770401009494
0.922424172359257 0.180328219173879
0.902504687765193 0.21239787677333
0.917758343667506 0.187842197408054
0.914669790280023 0.192815141885716
0.906304800405748 0.206283245176071
0.920854816562636 0.182855793864616
0.867998538839251 0.26788867006097
0.905486565588935 0.207597808618715
0.927571355927114 0.172038968373938
0.905275829670716 0.207937801065509
0.917567334626539 0.188150238100903
0.919727993213985 0.18467184635443
0.921880249037464 0.181203819256474
0.903167800182111 0.211331589515762
0.91531431370293 0.191778062489183
0.899746891794839 0.216841116788843
0.91529729598245 0.191805953674584
0.914956140607358 0.19235777881819
0.917024482228077 0.189023451600065
0.905198597791079 0.208065728833233
0.926208793383463 0.174233514182267
0.913833858275213 0.194160770502827
0.879382956894342 0.249588647619093
0.917886483046837 0.187636733024275
0.913871153337961 0.19410110069465
0.915786338138111 0.191018415653327
0.924630011922395 0.176776349085453
0.919983577449363 0.184260101935561
0.900920715264648 0.214948647418829
0.917604409904703 0.188089328378677
0.923620779941008 0.178403456594547
0.916744957562254 0.189474284669563
0.926076782784414 0.174446813067428
0.921401176932594 0.18197590978361
0.876817942159781 0.253707552365518
0.923888385206259 0.177971585061584
0.910193973031185 0.200023963684325
0.918902576537331 0.185999481882279
0.915582192225039 0.191347221815132
0.927628672339119 0.171946652196697
0.918974624269606 0.185884468054709
0.92478517930488 0.176526739643103
0.915956637977048 0.190743503868219
0.929326510996875 0.169211898938267
0.918827454018609 0.18612201194543
0.915993960973389 0.19068229017448
0.922400168380101 0.180368444269208
0.910993130320741 0.19873498113179
0.917540606437452 0.188193934665034
0.879569217102445 0.249286459782748
0.90031487243383 0.215920523627756
0.916722361209384 0.189508682716781
0.915829368940498 0.190949135279639
0.924058589409179 0.177697195067171
0.922058235262245 0.180919116384489
0.905266616275975 0.20795441933103
0.907401299623333 0.204515077378634
0.913059677725512 0.19540874873196
0.914570341242877 0.1929764132608
0.91012060347253 0.200139740705676
0.92072850645189 0.183059832848387
0.919945398249419 0.184320101350223
0.929383705818864 0.169119774309168
0.912495965466912 0.196313766494009
0.918479609499617 0.186680521018031
0.870562715803904 0.263770208514321
0.918913631006981 0.185981049479457
0.920941960817879 0.182714953117033
0.904157893066876 0.209743834668293
0.918899023548547 0.186004573046965
0.922940501790815 0.179497160052255
0.90464904504653 0.20894475384709
0.924194771525622 0.177477410833193
0.911684425248489 0.197619032569957
0.92138022499341 0.18201088184956
0.915993960973389 0.19068229017448
0.908497370657467 0.202753515481811
0.9187160910173 0.186300464649545
0.919088721448545 0.185701778489856
0.902024335414801 0.213169312516653
0.909563934773235 0.201037446925393
0.917827945351567 0.187733477335365
0.923074793168288 0.179282434999693
0.926086119751453 0.17443109201345
0.873113170239538 0.259668579952922
0.908368716702731 0.202961994311981
0.909404443939472 0.20129493612015
0.86915937731907 0.266029985576515
0.8990439965591 0.217970453294003
0.870291814671452 0.264204882816672
0.905607089173865 0.207405155952287
0.899697949583143 0.216913678684613
0.907569868288199 0.204243800474614
0.86905829671856 0.266190237797511
0.867298443410174 0.269016011033238
0.918401481483149 0.186806079607661
0.915623539233991 0.191281744862952
0.915213163387424 0.191938353198021
0.905345380958232 0.20782580840065
0.903460596998081 0.210863260811466
0.904543194611239 0.209114049087103
0.896381261549324 0.222256610313477
0.872109449787814 0.261280237731451
0.912369668633297 0.196516381935723
0.914943281817924 0.192373888688963
0.898056971469411 0.219559080717448
0.913092861454527 0.19535284503798
0.899338320724346 0.217491115781076
0.906479870925927 0.206003211811972
0.918139655295444 0.18722726013845
0.871120672398876 0.262874158732177
0.912184554511729 0.196815217282119
0.914501161257067 0.193088033072198
0.921886629130646 0.181195498403307
0.872753786127827 0.260244154364227
0.896015582966767 0.222836714157075
0.906266053017402 0.206345744140685
0.906322575452523 0.206254501828035
0.903735827334977 0.210420809386818
0.897525564924704 0.220412942985077
0.870354935677243 0.264111795656121
0.90698300261516 0.205189192535188
0.901242276699363 0.21442988757036
0.897826078040618 0.219931147672523
0.91479731963515 0.19261108644642
0.903165865178957 0.211338525657082
0.919565865869218 0.184930209871787
0.919312271262902 0.185342105098608
0.912507673201156 0.196297675822086
0.923326758142152 0.178875466178984
0.917928170820329 0.187568579832339
0.919267456043596 0.185412963638567
0.915780494500254 0.19102875923074
0.919708939519561 0.184702925118275
0.917636382446417 0.188041048934925
0.925315934561345 0.175672612268271
0.916085414368254 0.190534636245996
0.905783915611482 0.207118480492344
0.913046287461165 0.195430528098027
0.91858175466492 0.186518434455664
0.916677716259989 0.189580634605713
0.90448649846723 0.209206050860006
0.909209244830202 0.201605637914539
0.923813753063594 0.178091474794672
0.899565777062177 0.217132041126948
0.898385997092515 0.219023167338675
0.919486927460032 0.18505945376118
0.905915973359784 0.206904854783337
0.916771383760872 0.189430602815986
0.909351649789346 0.201374803500445
0.915348603694286 0.191721411543867
0.922455804468872 0.180278348248334
0.904491830322617 0.209201274343076
0.907272554368961 0.204728686178197
0.907672955625044 0.204079438248973
0.917933204200107 0.187563563601169
0.925930816709454 0.174681133733334
0.904755739339228 0.208772091555579
0.870637432793987 0.263646349021115
0.924798159066328 0.176505552394567
0.911979884997204 0.197148132236662
0.919281285788332 0.185391290742716
0.897711179614995 0.2201125623165
0.919972439852807 0.184276731362265
0.924016622927789 0.177764881780354
0.916881701964061 0.189255897974772
0.925022350279602 0.176144368830541
0.912954483688968 0.19557591336479
0.923335922670884 0.178861495651495
0.921387360793694 0.181999304140244
0.917994267907958 0.187464040662082
0.923178283446155 0.17911539604389
0.905843577642582 0.207024405129622
0.909395575558107 0.201307086529715
0.899065939361337 0.217930553237208
0.91575627009823 0.191067267149859
0.906851435520628 0.205402677741095
0.913789429595922 0.194231877304677
0.911370071833761 0.198127672438019
0.92299919744231 0.179402818578156
0.906104434277439 0.206604001930463
0.920675980235562 0.183143846344929
0.908427622254827 0.202863108901746
0.918067126659791 0.187345365027445
0.90686117437447 0.205383489485812
0.906953307131359 0.205236198604648
0.898265472311739 0.219222795931316
0.914692401229809 0.192778219851105
0.927230899528056 0.172587350364571
0.918341593872099 0.186904996679316
0.922455804468872 0.180278348248334
0.914672491667746 0.192814269000285
0.918341593872099 0.186904996679316
0.916196491358869 0.19035999162388
0.92120451146693 0.182293690701149
0.921115227742317 0.182436710476758
0.915219192505101 0.191932585269262
0.926993527244736 0.172969692590332
0.92697127457657 0.173005535935247
0.917570623881654 0.188147021063865
0.922311343724198 0.180510708362285
0.874062813276639 0.258142765978355
0.907154792933135 0.204914438854807
0.912844407870681 0.195753698454277
0.915050969674831 0.19220082017649
0.918668878940981 0.186375543607574
0.91228857936769 0.196648782360596
0.916907982296533 0.189212798246253
0.91411569484139 0.193710658467125
0.920889279613536 0.182801405758647
0.92697127457657 0.173005535935247
0.922311343724198 0.180510708362285
0.925715676854623 0.175027833810021
0.900537521948458 0.215570188310292
0.910532157970942 0.199476220660935
0.91961031512679 0.184860104786294
0.91572386935284 0.191119918047336
0.923508677764142 0.178582177948428
0.92697147356208 0.173005218368116
0.924948440238299 0.176263164396471
0.92125231706358 0.182217139871677
0.921212631634949 0.182279279341943
0.908909304258892 0.202087728973203
0.917413520928311 0.188397908399646
0.926675851506204 0.173481366208993
0.920936239387194 0.182727247660009
0.908650526705062 0.20250730059219
0.926974388013394 0.173000509783111
0.918097651034093 0.187295718715229
0.878811550792277 0.250509350673046
0.924150828974953 0.177548643584641
0.914312868283574 0.193390021976291
0.921931630889766 0.181123113218357
0.876769924598575 0.253790913296221
0.928597540827057 0.170385970987365
0.924239465149071 0.177404918840443
0.923508677764142 0.178582177948428
0.923508677764142 0.178582177948428
0.926732526519534 0.173390083558884
0.916849649166969 0.189305716967104
0.925188657051203 0.175877418119416
0.918791696462527 0.186179707998644
0.922934993654729 0.17950643712222
0.920903113644958 0.182778390790171
0.922048854733182 0.180933529560657
0.910365202134718 0.199745516428315
0.918563251815114 0.186546093863179
0.915022341144654 0.192249046467097
0.917297183493359 0.188586660581002
0.869107113560941 0.266108158039692
0.92689115656566 0.173134562537026
0.911498196621146 0.197924402804794
0.920924477716115 0.182744424646876
0.878256988136916 0.251407572378527
0.923427422539377 0.178712712163627
0.923213647831843 0.179056453783024
0.910007022899545 0.200322012619261
0.918088960208836 0.187312690513645
0.923569333741004 0.178484282736223
0.918429809463238 0.186760289955666
0.905022984400336 0.208348268247781
0.921265425603092 0.182195541283335
0.915328796342169 0.191753738498642
0.921027527388806 0.182578483840642
0.924176270064444 0.177507504776547
0.915250223600345 0.191883460656974
0.919416543278175 0.18517290038295
0.91028599644289 0.199872433307616
0.925225311323172 0.175818017504579
0.92341191447575 0.17873769957523
0.925471223525351 0.175421993604714
0.900245824851636 0.216035643481284
0.917942160381697 0.187549173835506
0.913775025341994 0.194255402815576
0.922668532560195 0.179936218990548
0.920855172393282 0.182855623322134
0.900787311761071 0.215165290914525
0.907108773129265 0.204990659952374
0.905282073279615 0.207929204256282
0.914710855655624 0.192749362883108
0.925898624754086 0.174733848992422
0.911571246809003 0.197806398807768
0.925337728604571 0.175636103181353
0.926693875276833 0.173452307166439
0.915995127507154 0.190681157395309
0.91803668398448 0.187394310788526
0.913383082426405 0.194886390760108
0.921473055311694 0.18186132521846
0.896638484745981 0.221839147522761
0.867631564060438 0.26847483840573
0.907143140175926 0.204931858165952
0.91368066120267 0.194408513965338
0.906765396174026 0.205540223955718
0.924684307967098 0.176688764342287
0.909077464622124 0.201816830546611
0.913930921297446 0.194003021928978
0.903769368627644 0.210364357565522
0.89665784322042 0.221804285404751
0.926212392671877 0.174228003332568
0.916305057203244 0.190182541022717
0.921834324067463 0.181277773616611
0.910596627735743 0.199370407989088
0.909880083571741 0.200523703485424
0.922144814021471 0.180779113011442
0.918553356343967 0.186563330537382
0.914371051371782 0.193294590302546
0.92698784366134 0.17297883990206
0.918715667105664 0.186301784646423
0.919140800626333 0.185615279534233
0.90186905303948 0.213426782538982
0.9225574071029 0.18011361250538
0.895896412115797 0.223030223054606
0.896547529443304 0.221982563632411
0.920287112829894 0.183770272914624
0.925573253625417 0.175257211807518
0.924526059686367 0.17694365153403
0.913796925198517 0.194220795443279
0.918627098507006 0.186443674757114
0.920598808962348 0.183267491875405
0.913648754531922 0.19446087393879
0.915872229709443 0.190879698816394
0.924553636445107 0.176899938095525
0.925557406516243 0.175283171926674
0.92307198294027 0.179285178858298
0.923148464051679 0.179162110354348
0.907204162927413 0.204835207303928
0.915215750942251 0.191935758358735
0.910667913765748 0.199256804281083
0.921090445085321 0.182478366476533
0.921118164153985 0.182433163625991
0.921815155404099 0.181308571698288
0.913088836455834 0.195360963170687
0.913930515436675 0.194003677173649
0.912275061174991 0.196671097207989
0.922800155684005 0.17972409709863
0.914836410740339 0.192546118156523
0.89914039393037 0.217817098603172
0.920488875677858 0.183446304613115
0.906680877335156 0.20567771989819
0.906478534001188 0.206004926678955
0.917347888893261 0.18850389683894
0.911865354569286 0.197332663987384
0.916196712149923 0.190356321704641
0.922224634025184 0.180650563249146
0.922540675108947 0.180141968882564
0.920066078166565 0.184125877680926
0.927246967330695 0.172561415061799
0.908441951755592 0.202844421992102
0.907825046322005 0.203835221729239
0.927232441243673 0.172584823544323
0.922100819493692 0.180850912375374
0.923920258575099 0.177919155702448
0.913957013955492 0.193960989411129
0.909856462097675 0.200564453284639
0.868648082874629 0.266847747881262
0.922307236404373 0.180517056094692
0.913657873021884 0.194445154978107
0.918328814592714 0.186923292017176
0.913883854203176 0.194078826254767
0.903154988671284 0.21135052691712
0.919885358399027 0.184418684097946
0.925863470202837 0.174790147220765
0.903126041166453 0.211394898935456
0.909213005690904 0.20160327441196
0.918112354772028 0.18727136158997
0.90247908390729 0.212441723162111
0.925779790894711 0.174924394648613
0.908433151464406 0.202858894664823
0.909410045654876 0.201283661662728
0.907556045177094 0.204267116492169
0.913886270166405 0.194074915469383
0.913285029701194 0.195044535692647
0.900809198310158 0.21512273135317
0.901016183875939 0.214798808309617
0.898876584132592 0.218232623867023
0.905754174485977 0.207165202786454
0.909297547021318 0.201464137974323
0.90932659982342 0.201415126247757
0.924105088772467 0.17762174189198
0.915533724423072 0.191424927347324
0.914466985880633 0.19314240007406
0.919697520881127 0.184719573315619
0.920464715113111 0.18348670061918
0.898819495781982 0.218326764944275
0.913928541302715 0.194006858095315
0.921247146210413 0.182224480889021
0.901401507746016 0.214177651871549
0.914386352473588 0.193272542371232
0.917261451289615 0.188642979214508
0.916867967157127 0.189274305237589
0.918769575608807 0.18621473087372
0.914024620688975 0.193853849976113
0.910614039478215 0.199348196280635
0.917287589499017 0.188601439133965
0.908995994406188 0.201952542520469
0.918697913692135 0.186328546578329
0.918645189349663 0.186414161202584
0.899468656866055 0.217281033496122
0.906536087868101 0.205908760042634
0.918020516856617 0.187420364221443
0.926253474106535 0.174161741819419
0.911648510149116 0.19767926913651
0.908438235568786 0.20284551786168
0.91379205298847 0.194228903776483
0.924381145861062 0.177177054416167
0.91433716955058 0.193351720050975
0.903127525618679 0.211392511881184
0.922710339082274 0.179867626913095
0.899329317904374 0.217511268338234
0.918712059592639 0.186305955135862
0.918000230428941 0.187451047516139
0.901288526720726 0.214358201913156
0.903098513846905 0.211438911219412
0.922073514690719 0.180892768920947
0.902351460673854 0.212649389784116
0.907711896725918 0.204020893498984
0.919927285682109 0.184350521625111
0.904404469582692 0.209339740747102
0.921256170231361 0.182210507132857
0.906602211806505 0.205807738706302
0.917230704782589 0.1886918477844
0.897516254019372 0.220434100891287
0.905998775166466 0.206773535080422
0.924843881923755 0.176431278486218
0.905491288614152 0.20759157023311
0.912599004846147 0.196152424949852
0.906655336683318 0.205717149111903
0.909558625073758 0.201044638477315
0.91007387799586 0.200214061710129
0.92242053762667 0.180334544754716
0.926962085406183 0.173019962781608
0.916854334594276 0.18930058985209
0.907603111233825 0.204191718349603
0.925179297476855 0.175891898005662
0.900904689248516 0.214970374445775
0.921890908999728 0.181188751753247
0.910361909278037 0.199749606699388
0.879265642907447 0.249775480204247
0.912118611129217 0.196925127725935
0.907027344930624 0.205120347674875
0.906035182377667 0.206719924690406
0.923039521984858 0.179338934595698
0.919077953927418 0.185718986019833
0.913628659029236 0.194490560640586
0.922645259416878 0.179974043907094
0.922645270793128 0.179974025579227
0.914214347777199 0.19355199056846
0.915736623742161 0.191095715648164
0.922831251513332 0.179673341049239
0.913779349410247 0.194252289807107
0.922956259193248 0.179471537229484
0.92295621854631 0.179471602689992
0.917285139229935 0.188606348094007
0.915830617454012 0.190947541989077
0.911571120691875 0.197808393520226
0.914219977285214 0.193539302055044
0.914662747456457 0.192828918279238
0.92485222068421 0.176419199845058
0.924638619746391 0.176762518481037
0.917537560623017 0.188198811641793
0.909742875323082 0.200744746712404
0.926598249178696 0.173606177789152
0.919145599984986 0.185608908167752
0.911867519273797 0.197327696586344
0.913839707248406 0.194155035134966
0.914020972877514 0.193862989669784
0.915316275365169 0.191774935644228
0.897253635533782 0.220857140145447
0.921573741687444 0.18169911993657
0.90638463987281 0.206155877265979
0.919407602703196 0.185187447908818
0.915929648141856 0.190787023345683
0.921229634704347 0.18225299703844
0.921573884920366 0.181698889202019
0.911764860483019 0.197491878892647
0.87053605251083 0.263811939053234
0.910215521223163 0.199990278978097
0.903260873649366 0.211183085020026
0.905674412061602 0.207297565581462
0.909997075243253 0.200341434278869
0.905703204067507 0.207253530932604
0.921582832712975 0.181683461244805
0.908065698500414 0.203449827247664
0.900079552871885 0.216302257312136
0.902992537414987 0.211615810047702
0.910025496851037 0.20029386143986
0.92256667396889 0.180101261029834
0.920987348932812 0.182642430897513
0.914992065115239 0.192297146748278
0.921572899521664 0.181702661295711
0.915354280870595 0.191714131916804
0.92463861584287 0.176762524774209
0.921690203538215 0.181512162188309
0.915929647510984 0.190787024361684
0.917539619091888 0.188197005866173
0.917872158345874 0.187658742234471
0.921089830252536 0.182478953142701
0.92214071984874 0.18078583740435
0.919385598355515 0.18522257514919
0.900393827499461 0.2157937634734
0.913773830142375 0.194257915873162
0.915804635794379 0.190990663133581
0.907219399951374 0.204808767093885
0.921622633282871 0.181621589188827
0.924417567979201 0.177118667030484
0.913182368158825 0.195210746672205
0.924472791121753 0.177029490885818
0.920323471821307 0.183711610885231
0.925717282369649 0.17502533496208
0.915929703946032 0.19078693349805
0.908075401672852 0.203434384870934
0.92200105537321 0.181011548214365
0.911499393354222 0.197920742866432
0.918331198232697 0.186919714856041
0.922285606866212 0.180552456694511
0.925638801209554 0.175152010362183
0.899494516207564 0.21724321817746
0.918350834493285 0.186887918199445
0.920401555130398 0.18358711531201
0.922565038033775 0.180102796545995
0.914431715316454 0.193199990198189
0.914197172342263 0.193576239439922
0.917874030144996 0.18765583376195
0.899201494858782 0.217719821041378
0.920085207537577 0.184095254896917
0.923883480451022 0.177980003808161
0.906849498562011 0.205407252576148
0.926744279681032 0.173371385580351
0.92674429554378 0.173371360030769
0.902184794443139 0.212910876149236
0.92546983648815 0.175424297720541
0.922077628207673 0.180886685675422
0.916358582942004 0.190097092642922
0.925363703263029 0.175595519367273
0.925363645994206 0.175595611619356
0.90360403631394 0.210629719142557
0.907233794123894 0.204789925410456
0.918937796126506 0.185945634881297
0.921040471512596 0.182555944900809
0.869245513858335 0.265881575610921
0.91653012870494 0.189819100067817
0.923186722114132 0.179101413094949
0.913214084029116 0.195159934570942
0.922903058203711 0.179557293636403
0.907329463141075 0.204637212896201
0.915194513667416 0.191973407110467
0.926523346773743 0.173727459968963
0.905213114188183 0.20803732457778
0.922376104663332 0.180407557223037
0.915982630136598 0.190702329555505
0.910404108747026 0.199683956866327
0.915431611359333 0.191590536222794
0.899451947744916 0.21731113896915
0.906460594833577 0.206032914269445
0.878354125442823 0.25125439077474
0.916048759795034 0.19059437822332
0.920972278141233 0.182670008099531
0.911515231696414 0.197894672158637
0.909363712410352 0.201356385481559
0.908836697413276 0.202204727650159
0.904364560983091 0.209404671033785
0.922376104663332 0.180407557223037
0.922222031489719 0.180653796314236
0.911452071488493 0.197996773679688
0.900191111492356 0.216120781492723
0.908752157334007 0.202338464764568
0.919947683600429 0.184318886749946
0.904514649325314 0.209165373005081
0.908456471541752 0.202817302053491
0.921884520734062 0.181200083163139
0.923918007563468 0.17792419942779
0.911138847898023 0.198497335731496
0.918645239959735 0.186414025203136
0.909068002967445 0.201834082036611
0.903698535508851 0.210476182723119
0.921600968083377 0.181656150454828
0.923103997247769 0.179234787163309
0.896536033670822 0.222007698336931
0.91674190347998 0.189478447635004
0.869973467837961 0.264717486410319
0.913671014662412 0.194427005904094
0.920559451250106 0.183331946486763
0.912714545705617 0.195962495542018
0.90689431394683 0.205334011671482
0.910388709820713 0.199706222801971
0.90344419853688 0.210888912393986
0.918098266157548 0.187294041845686
0.926744339845395 0.173371288672151
0.926129215160168 0.174361346845978
0.914130116315668 0.193687083251343
0.89681475284244 0.221561343053722
0.901272687435549 0.214381237134175
0.919075817303588 0.185719441462728
0.911535290275683 0.197861915406059
0.926744290153672 0.173371368711126
0.926192933674631 0.174258984075786
0.925985977463276 0.174592792709835
0.87597186744482 0.255069956096494
0.911593535633764 0.197771160106504
0.905636770713712 0.207358490221736
0.923300665895046 0.178917885038062
0.91346140251451 0.194759465160506
0.913927055178801 0.194009177678095
0.915809226040609 0.190978525220299
0.905508473947968 0.207560020061113
0.92167952785323 0.181530647075984
0.907874873898825 0.203754125434157
0.896026885392801 0.222816766234602
0.913461401076472 0.194759467463141
0.915095170845631 0.192128408484914
0.909970313570277 0.200379743247236
0.925063428114739 0.176078799677962
0.904266113453325 0.209563761963472
0.922853161590804 0.179637814252624
0.909056269678847 0.201855579033364
0.907737580936818 0.203972752473402
0.9155782282908 0.19135328423575
0.913908597550611 0.194039949806281
0.908913242970845 0.20208404217498
0.912794375188016 0.195834171372294
0.914085103722755 0.193754686366312
0.873373406761263 0.259257798958894
0.343405440327194 0.771541102765948
0.285114914060364 0.797713824401569
0.296342462961052 0.792676304263463
0.274661667124755 0.802404973349215
0.279451434450623 0.800255850010532
0.293041769521029 0.794157192877865
0.297807097701355 0.792018624235119
0.300934702381653 0.790615658976739
0.277054120815607 0.801331793039444
0.32026038717823 0.781938710030825
0.266048730112294 0.80626870018565
0.304859495145381 0.788852578042651
0.278502464598614 0.800681517242995
0.349546158231005 0.76878000653291
0.311801725347289 0.785736906107794
0.357830119971177 0.765053265007333
0.287045231725416 0.796848339319625
0.28555961577197 0.797514492849273
0.279382916482646 0.800286527624929
0.302336567932863 0.789984266370649
0.2841883402894 0.798130687967636
0.308267489059465 0.787322857151412
0.315202281550892 0.78420749324793
0.297759902550775 0.792038156013558
0.29481063742372 0.793362927879011
0.285741922027801 0.797433736884752
0.307620720477498 0.787613643538182
0.286647353524033 0.797027781822652
0.282673105151176 0.798810544870286
0.265863080557779 0.806351727497464
0.279451434450623 0.800255850010532
0.279179778591009 0.800377438658937
0.26997189172537 0.804508597800638
0.274135620175549 0.802640899379765
0.344478924232617 0.771054442925793
0.279591893868411 0.800192867533416
0.281420654240252 0.799372076391007
0.2721323158336 0.803539608100343
0.274135620175549 0.802640899379765
0.294754301245148 0.793390840705987
0.2930718884 0.794143222328609
0.274135620175549 0.802640899379765
0.269854366888913 0.804561653757613
0.344323307496601 0.771124415789292
0.287158113570069 0.796797581059303
0.273742731446851 0.802817433688201
0.282695781743643 0.79880007833568
0.272994824408373 0.803152587111014
0.281712704017007 0.799240695088534
0.284339977449093 0.798061807989358
0.273277606234978 0.803025846024612
0.2721323158336 0.803539608100343
0.269904187993677 0.804539310594728
0.390985489072185 0.750126594602432
0.270726361905832 0.804170322807205
0.270753910069181 0.804157928447186
0.274569790835793 0.802446408624871
0.271173909654694 0.803969849076404
0.278402271956984 0.800726891275893
0.287414802225567 0.796682306758109
0.28205200289437 0.799090038416935
0.27250849526838 0.80337122156056
0.281460197743336 0.799355335143367
0.269970160731394 0.804509709771816
0.384500808605791 0.753051209041126
0.267708894008853 0.805524243404518
0.287240260513272 0.796761717193915
0.284697599092539 0.797901217355308
0.269486234684116 0.804727163237284
0.270136097270505 0.804435431176149
0.267869887451799 0.805451603486868
0.272952250309678 0.803172183429222
0.269945691699344 0.804520749138561
0.288450046694506 0.79621848527171
0.273539921655636 0.802909349188329
0.264202244113356 0.80709684959411
0.265626087911653 0.80645834476961
0.263828160890364 0.807264641700213
0.268581166556395 0.805133041095109
0.32713108740855 0.778851501045477
0.271251911528295 0.80393454994035
0.264211398821516 0.807092742821534
0.269697873240491 0.804632168808957
0.273405463478044 0.802968684182461
0.278391649625955 0.800732265181969
0.27022226064916 0.804396717761355
0.272515837549215 0.803367647423293
0.37465006376135 0.757479953795909
0.268451286487122 0.805190826430422
0.269290686958945 0.804814565513752
0.275657308919701 0.801959128063932
0.278052800343591 0.800884319474095
0.284477502514762 0.798000542814614
0.275336720678046 0.802101953961872
0.279707060175114 0.800141643998109
0.270667733356031 0.804196617953791
0.276901673651547 0.80140105668534
0.272651235187902 0.803307134533526
0.270483979575799 0.804279777392863
0.266132952167197 0.806231170263345
0.273554997671934 0.802901675757159
0.270920805043479 0.804082936719886
0.356212408056892 0.7657816619556
0.271219390107639 0.803949700879117
0.265625095860794 0.806458789546655
0.312512177803021 0.785416505746741
0.273460760077319 0.802943870216194
0.284092972451492 0.798172702166081
0.274132061896542 0.802643011851784
0.284280173768459 0.798088592608814
0.267739573650318 0.805510358359746
0.286192503802089 0.797230861884619
0.267311641684386 0.805702316521752
0.281605730061156 0.799290282881955
0.265855133719122 0.806355491600194
0.27073518773173 0.804166514360125
0.275800107790433 0.801893689671497
0.290015942228659 0.79551575054725
0.273654666789627 0.802856880290204
0.273794307266734 0.802794618826654
0.268817441515575 0.805026714139199
0.264726496574408 0.80686163748501
0.271396455980216 0.803870227035811
0.29115982795786 0.795003171016351
0.288747033369096 0.796084833153296
0.269686310986946 0.80463681606431
0.271577187268754 0.803788588436637
0.296624791088961 0.792548832195016
0.287827988280309 0.796496535305882
0.277715930211668 0.801034748616205
0.263931470413979 0.807218446906421
0.277371520142166 0.801189607886519
0.271027748411211 0.804035308617201
0.277715930211667 0.801034748616205
0.303786276291359 0.789334126859188
0.262640907460155 0.807797283310376
0.265855200660842 0.806355461575858
0.288788614935991 0.796066117665357
0.279529963817838 0.8002204746894
0.288904137280207 0.796014991693233
0.266903811950362 0.805885194317792
0.275497543983839 0.802029743246751
0.267101683926006 0.80579640669292
0.269483994107934 0.804728080670307
0.271321905909298 0.803903561025228
0.270659135927944 0.804200836602003
0.290179223723291 0.795442784552699
0.287881216671758 0.796472989665424
0.299308135872986 0.791344938757898
0.273428844061614 0.802958188663688
0.265154392273739 0.806669698356889
0.351864913304516 0.767735047524809
0.272422677738717 0.803410509353776
0.264901708986795 0.806783078998335
0.275039716060771 0.802235865856018
0.314976651219288 0.784309116412562
0.277530164422907 0.801117777334249
0.274308441042626 0.80256412329915
0.275211378264285 0.802158855577597
0.269363410225963 0.804782176115779
0.268551624976003 0.805145587872545
0.27172816627533 0.803720679294035
0.270100624108541 0.804450765643385
0.277212391126911 0.801260421201481
0.27187856068849 0.80365314943709
0.281056809386474 0.799536034617961
0.265888627094218 0.806340554723765
0.266163726851508 0.80621741485405
0.273847107999437 0.802771432793989
0.268552246285371 0.805145389504806
0.27223080376189 0.803496131555168
0.26986913793782 0.804554928779648
0.286931979297995 0.796899078909949
0.283012774481652 0.798659725221049
0.271241158177237 0.803939112121487
0.269363386080548 0.804782186946711
0.269133653063252 0.804885238197835
0.261923364691541 0.80811904556035
0.296205211840011 0.792737651482425
0.272717556125932 0.803277540728426
0.261857435485513 0.808148644517871
0.269363410225963 0.804782176115779
0.278685782438664 0.800598826321175
0.273299514566122 0.803016536590975
0.261923364691541 0.80811904556035
0.264852315747082 0.806805441979681
0.261858309305572 0.808148252569017
0.261923649750986 0.80811891770433
0.286622325538162 0.797037380038933
0.289484584257412 0.79575287124069
0.287359883938945 0.796706922929081
0.289440626609082 0.795773447320365
0.275827291125701 0.80188192611742
0.285168315332458 0.797690037607892
0.289087028460206 0.79593229974726
0.375408273934416 0.757146188760988
0.289641461501586 0.795683003856332
0.271342375159802 0.803893595465559
0.272176506578056 0.803519402063346
0.282257023503811 0.798997514974812
0.266241870034859 0.80618201737401
0.282594035752829 0.798845337907136
0.310243825921872 0.78643528342142
0.275088816525578 0.802213883619921
0.26654653862951 0.806045285302939
0.282735828974681 0.798782517427455
0.269452013129279 0.804741746980191
0.262485313216803 0.807866982538943
0.261858865816642 0.808148002971463
0.271586655971634 0.803784783340567
0.366920904201291 0.760961800034436
0.266546498767281 0.80604530317753
0.286912193126608 0.796909162137473
0.272029541014652 0.803586043695251
0.297533611920794 0.792140725918611
0.301081880149727 0.790550103432443
0.273038695275361 0.803132595827585
0.273299514566122 0.803016536590975
0.26804295291836 0.805374503567309
0.286855213867446 0.796932953314373
0.374960232453666 0.757345759593943
0.381065498163563 0.754594745230956
0.279510870847694 0.800230245798195
0.282016724102886 0.799105950848658
0.273174473404255 0.803072204824964
0.273803923221893 0.802789478434413
0.371768310515461 0.758786238575751
0.272555706913176 0.803349353316921
0.262122663326907 0.808029660401116
0.265130949591541 0.806680361179922
0.275035733259398 0.802237063966419
0.279913118920021 0.800048175542171
0.381909808554352 0.754216650178485
0.390652693597054 0.750278149024894
0.268698522100576 0.805080165024461
0.283751684092175 0.798326845210157
0.277405048489537 0.801174056544357
0.287507472143787 0.796640250385837
0.270992571445742 0.804050790284816
0.275399500601852 0.802073723660037
0.293997644384361 0.79372785988062
0.293749503005318 0.793839516465043
0.281335248393036 0.79941081338798
0.385259342915625 0.75271011649425
0.275360033924599 0.802091663601268
0.267021689481091 0.805832355102652
0.288866860280472 0.796030038382477
0.3714874949068 0.758906963986385
0.359283648389697 0.764397529138506
0.274371317658823 0.802535025860957
0.279859329234184 0.80007309273771
0.287549657675045 0.79662177629455
0.267999322253543 0.805393704659139
0.266546453203739 0.806045323618183
0.266452672416451 0.806087435648407
0.28373769384714 0.798333068283764
0.273052444471817 0.803126708298714
0.286729749573367 0.796990757636312
0.270945459136501 0.804072342602488
0.271844321061084 0.803668505086916
0.280469795371081 0.799798264373874
0.268344570734146 0.805239013607687
0.276040243230323 0.801786528117363
0.261357424733423 0.808372842532291
0.26409246011745 0.807146027168049
0.278245219229033 0.800798387662594
0.285660201613429 0.797470065708243
0.378062773976482 0.755944753147429
0.276181665616188 0.801722673759069
0.274781794633006 0.802351755719447
0.271466699745453 0.803838863809305
0.275477068989739 0.802038753660695
0.331423700707574 0.776923631792424
0.341481507067103 0.772404767552202
0.277727905179581 0.801029527364785
0.2760866468247 0.80176585929407
0.273811298968109 0.802786465553395
0.385474410587661 0.752606954868732
0.263738668931989 0.807304692020777
0.271645311753164 0.80375818763589
0.269062756259459 0.80491638240167
0.27100711562168 0.804044511243384
0.286090660491469 0.797277323201104
0.289324316049284 0.795826317186944
0.269255689023458 0.804830172085125
0.33090924083661 0.777152685320779
0.267277240643899 0.805717475565066
0.269918591097741 0.804532911022441
0.270977922898784 0.804057528138417
0.339548523501266 0.773270742943567
0.270423440708756 0.804306087529148
0.279016250232877 0.800452151939775
0.271680753762792 0.803742161376506
0.289828694147958 0.795599980462252
0.266752187774078 0.805952970894146
0.271348578412948 0.803891493543574
0.271442432219308 0.803849053144415
0.278373244038762 0.800740866488707
0.270263336937819 0.804378235329676
0.268374189658761 0.805225472109354
0.367486232027512 0.760708437225288
0.335776611960568 0.774964010299996
0.335176381825635 0.775235033237403
0.274629487047298 0.802419594851743
0.377802249261013 0.756063620169753
0.271899613259698 0.803644610126556
0.273710447622718 0.802831869416232
0.331700798098427 0.776795760557906
0.294655442400638 0.79343386207875
0.281144752061926 0.799497614799547
0.273841153604239 0.802773551597572
0.272701003697124 0.803284727798046
0.270156437722023 0.804425861121993
0.269417129479249 0.804757486407611
0.26761262372716 0.805567248758757
0.298278799597231 0.791807587699189
0.27426643616667 0.8025823363779
0.276448791053755 0.801603779301186
0.261098876963123 0.808488841861094
0.26840335043192 0.805212600110237
0.270146220974689 0.804430947280772
0.282285322124844 0.798985964296024
0.281951441256498 0.799134812700082
0.274823615445196 0.802333172360955
0.282052680042536 0.799089341438615
0.279743741678521 0.800124634914344
0.303881002074499 0.789292203986372
0.297427577761281 0.792189179923393
0.263356041079784 0.807476440550052
0.281574915406979 0.799303273995249
0.286333123129351 0.797168354460257
0.322911683575924 0.780743909946398
0.266880346522208 0.805895712791077
0.280925502870525 0.799595137725527
0.270021413222915 0.804486880946932
0.266920237149512 0.805877626365718
0.272403009637607 0.803417931129951
0.325360096169301 0.779648163937535
0.285451110505753 0.797563531069803
0.276153779822405 0.801735503860762
0.272688738587425 0.803289610827022
0.319704562393127 0.782185325110437
0.282843415369299 0.798733534217229
0.336452276290842 0.774663454116271
0.280178851792752 0.799929725083259
0.268486267943511 0.805175093621202
0.264910507167197 0.806779098092585
0.270609971016274 0.804222852037941
0.278535705869358 0.80066692370339
0.286766820544292 0.796973988576218
0.284519030468737 0.797981282210182
0.275709204561885 0.801935021623815
0.267482793858911 0.80562513497118
0.271843568598484 0.80366882364704
0.27963389319363 0.800174778439131
0.269484518302429 0.804727967273121
0.374363992764952 0.757611532223764
0.281804896622866 0.799199820376728
0.285237694694423 0.797658964985062
0.266737955634217 0.805959676764599
0.278847882091167 0.800527636858215
0.274567725167832 0.802446908042256
0.280016459060108 0.800002233510336
0.298245620073373 0.791820361827571
0.272304320008454 0.803462766173255
0.283861756460145 0.798277448253188
0.278600090458786 0.800637035839225
0.286713093845587 0.79699858072585
0.281213658617826 0.799466456910949
0.270802163360569 0.804136699138707
0.265898146397505 0.806335988843634
0.272555021806383 0.803350187018046
0.273630320426042 0.802868044274397
0.275151974138864 0.802185905908791
0.268716678514879 0.805071919294506
0.272313665969441 0.803458486633887
0.280081860434559 0.799973295017276
0.273241759935194 0.803042318336177
0.285953261682813 0.797339448251826
0.272498421578668 0.803375036954347
0.272952470086616 0.803171565383732
0.266414832096966 0.806104593451099
0.273675754503003 0.802847427540286
0.267350667927643 0.805684620986057
0.273562377330397 0.802898057402253
0.278470577333084 0.800696193510562
0.263910735152117 0.807227531242612
0.318586436262823 0.782690212002268
0.262962386082853 0.807653026346355
0.272955753140217 0.803170091997092
0.286610473849869 0.797044778858234
0.271189338892584 0.803962885270606
0.272567278378335 0.803344832322588
0.285570520514327 0.79751056615816
0.268341390661162 0.805239874335637
0.272956421372754 0.803169792230228
0.267248607574904 0.805730316665895
0.330170061713843 0.777486393974641
0.267179173873989 0.805761419121431
0.267765515065287 0.805498639483246
0.269591639585058 0.804679494617023
0.270123622341639 0.804440754541194
0.283762792832303 0.798322357433439
0.272967845586343 0.803165010396917
0.265517215046442 0.80650709064901
0.315643363385007 0.784012510215279
0.327991241049704 0.778461270542164
0.277863367362901 0.800969734579632
0.267644442522478 0.805552839128604
0.268442721041079 0.805195145422616
0.270123622341639 0.804440754541194
0.268514624224489 0.805162725915031
0.2753000141498 0.802119410090663
0.91716143802449 0.188805054665636
0.901501740513636 0.214009402925238
0.915831012690702 0.190945706563981
0.910426889742578 0.199645839915009
0.900782419248599 0.215169144024
0.913416097723624 0.194833045740481
0.911825009830579 0.19739555341775
0.915831012690702 0.190945706563981
0.917555096660479 0.188170310177728
0.907367764343039 0.204570820974484
0.922400556417454 0.180367764362542
0.916073220701163 0.190556223657706
0.910930350070157 0.198840032517299
0.919804408272762 0.184550817694139
0.9142518506219 0.193487335150874
0.924490753015372 0.177000268538095
0.906943323818909 0.205253569436623
0.896691248469968 0.221748663766705
0.910379184180854 0.199723336563368
0.919458078362894 0.185104621888079
0.910150448077462 0.200090492220248
0.912712337407106 0.195967205963602
0.917713774720208 0.187915333408871
0.92612776449269 0.174363678146183
0.922892709285259 0.179574118620948
0.908174357082503 0.20326950880122
0.916575194020087 0.189747493183719
0.91962877796856 0.184829566198776
0.909302623369645 0.201456186474932
0.919220837590688 0.185489159762382
0.909652774191853 0.200893646304298
0.904082613133718 0.209858356195902
0.921134456212771 0.182407333879077
0.911571599639486 0.197805002229997
0.913221183567221 0.195148319936768
0.908294022313034 0.203078902443438
0.917670185734419 0.187986673200254
0.91048550738679 0.19954992149485
0.916506052059151 0.18985738044829
0.925003022295837 0.176175815745379
0.926071364387083 0.174455359003526
0.926063518888035 0.174467141735794
0.925003022295837 0.176175815745379
0.907247985031344 0.204765279740328
0.921443853137348 0.181908051514345
0.89861603362703 0.218657220170967
0.913903140069728 0.19404961608813
0.912974873203259 0.195541629702466
0.912322341214238 0.196593534189181
0.916230544683614 0.190303093080445
0.917146564932301 0.188825921244545
0.909403387397848 0.201295539049684
0.909216390913016 0.201595762092696
0.911904430792588 0.197266841927105
0.901893748559607 0.213376937594918
0.910127612665713 0.200130035102348
0.911689383331142 0.197613998823495
0.918706799451267 0.186316283619666
0.915186785153655 0.191982526743846
0.919532514262048 0.184985444715313
0.926950777726008 0.173038160109611
0.922465274731812 0.180262237902294
0.922376304292453 0.180406095085536
0.899681838763715 0.21694056314807
0.917546895903698 0.188182047579163
0.917660218300869 0.187999871701866
0.909698363194289 0.200818365316594
0.908659986349705 0.20248938117976
0.916826356127246 0.189344231941453
0.92612776449269 0.174363678146183
0.920636454712963 0.183206548365079
0.916632190193547 0.189655269761467
0.923823722957872 0.178075171797469
0.910717359249655 0.199177631804332
0.921265755835386 0.182194226505888
0.898278756269165 0.219207515635547
0.909555575787511 0.201047967592591
0.919403310814173 0.185194600876029
0.920468360793213 0.183479941456873
0.923823722957872 0.178075171797469
0.915465697828751 0.191533869683179
0.914130771376524 0.193685950533022
0.877420934999855 0.252743520535257
0.927043599204036 0.172888598799432
0.91940924447312 0.185183817108219
0.908033865826302 0.203500825205684
0.920932503739902 0.182731515146082
0.913875525225024 0.194096202430934
0.920074179274753 0.184112434554115
0.922164414143677 0.180746795721317
0.92185882437478 0.181239947122131
0.919963731859834 0.184290926262644
0.902895930258874 0.211771944211586
0.919426157781403 0.185157495196932
0.906813394310021 0.20546179232234
0.898072755346793 0.219529628372783
0.909289921211334 0.201476125699603
0.923514700265852 0.178571864754978
0.911743940772185 0.197526844755854
0.908547667229163 0.202671527557287
0.926134111017055 0.174353458045351
0.91675600150318 0.189459048431811
0.925519239041464 0.175343852094437
0.905665058701526 0.207314793355674
0.91671619427988 0.189520523285019
0.905655787804456 0.207325298392745
0.928820125583104 0.170027371530663
0.915845116507206 0.19092128602051
0.909854552876406 0.200565076946116
0.908629095581774 0.202538098989225
0.896145046809379 0.222628340983031
0.907185311127421 0.204866379660176
0.916531713269787 0.189815461245754
0.907575685196426 0.204233868692688
0.918420831418316 0.186776220490833
0.911638318590699 0.197696840476494
0.915923509302245 0.190798968327395
0.908840185889763 0.202199614499928
0.918156119378 0.187201291557891
0.910713645150836 0.199183366726871
0.90746502233475 0.204412535999571
0.920489538469265 0.183443399017548
0.918466793874133 0.186701314040673
0.910893188013261 0.198895140037926
0.877325020702268 0.252903825139145
0.911542804342145 0.197849899371042
0.921748964330465 0.181415862397239
0.907745282474189 0.203964958396142
0.899453836533055 0.217310825275575
0.906635759280101 0.205749711424494
0.921159978113064 0.182364438262659
0.922121323903414 0.180818015327196
0.923578617098841 0.178469291236242
0.901780989647283 0.213565449601068
0.910131400910291 0.200122716121571
0.917014084051915 0.189040929506541
0.915745627405222 0.191083260546598
0.927739356369887 0.171768132462496
0.916303196919184 0.190185665433733
0.901336486919463 0.214280979948582
0.920975736624013 0.182664810837141
0.925264162754005 0.175755514208559
0.898598389924815 0.218681427030181
0.92760014060022 0.171992578443406
0.915146157722044 0.192050112201293
0.898474607320149 0.218885405677303
0.910353224214192 0.199762437254222
0.924022007123474 0.177755317442347
0.914332126452866 0.193358716963502
0.925594054506129 0.175223209420852
0.92214445765253 0.180780741212423
0.898896323747873 0.218202789104944
0.92293188355393 0.179512000751323
0.915567786331716 0.191369758030687
0.901830323270062 0.213486609758992
0.916380912706373 0.190059216539535
0.918827686014705 0.186120055293863
0.921524753642066 0.181778371877263
0.922881301222082 0.179594531062387
0.918669252084904 0.186374655708085
0.925364374160817 0.175594334572265
0.902442258250333 0.212498765453017
0.919736504165933 0.184658849171477
0.90239106615009 0.21257837579924
0.91740599770295 0.188411653101967
0.896095177168842 0.22270750665485
0.926801423611341 0.173279017109974
0.908676792221001 0.202465264391671
0.906177955863332 0.20648761293522
0.917692905218858 0.187948174118133
0.925087616970806 0.17603928772376
0.918160211546233 0.187195818148341
0.920485678002383 0.183452835739742
0.921593480375944 0.181667845309994
0.917101028960267 0.18890220183762
0.924400251170646 0.177145850195494
0.915865674422096 0.190887900167501
0.897837242258026 0.219910827579723
0.917893403987939 0.187624336684545
0.90323116021153 0.211231451548032
0.926005515157504 0.174561361948094
0.921592972881581 0.181668738410221
0.922624350086888 0.180006207568916
0.902862748212151 0.211822604284389
0.925667742685692 0.175104760279088
0.911659111056529 0.197660320372848
0.925220196464204 0.175825873711209
0.91897655210647 0.185881889121565
0.918466724671974 0.186701596883681
0.926781955629952 0.173310372233831
0.901567200928976 0.213903620102686
0.903736060404986 0.210414622351842
0.912186563049451 0.196810518751414
0.916986691035779 0.189085484968672
0.921642058678128 0.181587987826101
0.897678717762972 0.22016086237135
0.919628588695745 0.184830519929827
0.918755180914397 0.18623760861864
0.914896743043489 0.192449688678976
0.926662637469635 0.173502528851256
0.926609745379567 0.173587990276475
0.916548751904867 0.189789173433506
0.913661749493096 0.194439372690047
0.920849096206193 0.182865362389357
0.901798034010274 0.213540261012673
0.921223954613433 0.182262034674868
0.907521159176029 0.204322904605051
0.927681869792642 0.171860914003135
0.923322160518609 0.178882387541856
0.90191771764086 0.21333830456719
0.914200651935202 0.193571625080082
0.919129928630251 0.185635282469095
0.912812262010641 0.195806422174423
0.927593649940852 0.17200303356885
0.921398746238918 0.181983193322634
0.911667787994483 0.197648307920564
0.909591182590178 0.200992183551166
0.914017514331569 0.193867132297778
0.92454693288167 0.176910292129673
0.925090636604485 0.176034424158605
0.897793608246931 0.219979666300163
0.923188704537181 0.179097297647073
0.921122663346499 0.182425337525156
0.919100135453662 0.185680649847275
0.898333772576204 0.21910687035009
0.925912549226286 0.174711238943732
0.898099863754506 0.219483048076509
0.924150664555707 0.177548650231153
0.898082179332656 0.219516318208451
0.917225696354811 0.188700715231549
0.902905902797967 0.211750430705156
0.907535938418891 0.20430143265917
0.924454056304814 0.1770595911238
0.913175062720676 0.195223844072345
0.912676438071575 0.196022726026908
0.905888398564601 0.206956760472177
0.877133862394966 0.253206369303736
0.918332684708853 0.186919146786113
0.905156362033051 0.208133626725528
0.918924290581814 0.185965543106188
0.902914857162663 0.211739019780348
0.906927192570275 0.20528302707155
0.922239593238781 0.18062712772645
0.925382563865066 0.175563941900962
0.919184009382962 0.185545352664775
0.923886568026982 0.177974658769539
0.904839117116047 0.208645300165468
0.875061442459445 0.256537644641614
0.923060772955177 0.179304350795226
0.927039962340359 0.172894857820013
0.906463440665472 0.20602717807736
0.869902200508057 0.264828467910015
0.924479163568632 0.177019128103286
0.898638833972887 0.21861637431653
0.924555597916296 0.176896012058899
0.925910734439283 0.174713120062751
0.902130825154234 0.213004493952692
0.919193793522022 0.185531871856583
0.872198904264217 0.261138687397043
0.911859620043502 0.197339469724513
0.923537917037169 0.178535458564416
0.898593410556464 0.218689573103408
0.922067487197463 0.18090378015932
0.91097445651409 0.198765569492574
0.923220566160656 0.179046829797978
0.927058684165435 0.172864984516594
0.921925940028477 0.181132144599701
0.91592822378459 0.190788954825432
0.921871601827371 0.18121818328228
0.91213149298904 0.196899705980961
0.923478810044277 0.178630351888884
0.91439739271494 0.193258164093689
0.92390226256215 0.177948559786772
0.922145538638647 0.180779010222462
0.92135375617447 0.182054608124441
0.916196466950784 0.190360535398826
0.916982748670577 0.189091091966451
0.926272244718872 0.174131456674485
0.91011797350033 0.200142407645329
0.908193409885508 0.20324322582168
0.928245845474197 0.170952561072146
0.917434839192564 0.188363673341778
0.911778390443263 0.197468627119547
0.90935721444536 0.201368134642723
0.922005975028128 0.181002643440829
0.925383493885663 0.175562579167832
0.917133836034176 0.188847861098105
0.879191695570865 0.249896691871546
0.906116771126354 0.206581107560862
0.922156585856655 0.180759134558741
0.917416434635685 0.188394669563801
0.911033828440954 0.198670050347024
0.913448093366126 0.194782676911259
0.90465742292506 0.208930309785385
0.922677364704214 0.179921929011295
0.926479210727362 0.17379783487039
0.922788292554012 0.179742822625318
0.896640167391297 0.221837942194901
0.915508421584417 0.191465338986862
0.911033828440954 0.198670050347024
0.875064691134515 0.256535698575831
0.926479210727362 0.17379783487039
0.916943173422794 0.189155623771874
0.924180866818063 0.17749969704054
0.915499788572559 0.191480179416224
0.879556072054204 0.249308664360488
0.910196626922457 0.200018383731129
0.906543493592023 0.205898715727785
0.923324011935358 0.178880289799578
0.920941953005295 0.182716462790409
0.90667311544663 0.205685820204093
0.91435193821988 0.193326121123491
0.916002228105115 0.190669312450307
0.921176751187331 0.182339855466398
0.912742988284476 0.195919158586935
0.908387654397049 0.20293220923275
0.914911431112112 0.192425741215484
0.918006614287013 0.187443070805099
0.927831604976247 0.171619889110749
0.915389418532395 0.191656327778568
0.921757966471158 0.181401120953869
0.92754536626916 0.172080802379142
0.902479424433216 0.212438226258565
0.912488324937462 0.196329991849441
0.915497350129394 0.191482403047175
0.902668497012052 0.212130870987096
0.918697376225555 0.186330533638143
0.913657101088867 0.194446627321926
0.911873918938784 0.197317299478097
0.909041956617906 0.201877335319738
0.904734670866921 0.208810735880254
0.903744724354884 0.210402600719073
0.902958936773645 0.211669031982811
0.902430793186717 0.212515795963779
0.904866751792817 0.208595928756658
0.911610511877512 0.19773889272572
0.907869276584514 0.203767296097738
0.922506509902871 0.180197760420395
0.922025220696463 0.180972995163674
0.91975344006748 0.184632264767468
0.872043388167774 0.261390577170389
0.923525465429984 0.178556853524929
0.923525465429984 0.178556853524929
0.923851422637797 0.178031411601813
0.920057999564163 0.1841410702364
0.921604421985583 0.181648707657103
0.923710840004923 0.178257864544062
0.915491097555379 0.191493762313668
0.912854779938848 0.195739490245465
0.923525465429984 0.178556853524929
0.923847808277348 0.17803725371224
0.91969487663516 0.184723793166267
0.919455777410432 0.185108891670767
0.923847808277348 0.17803725371224
0.919078852634633 0.18571709852685
0.899865285854943 0.216646650919655
0.904202555847314 0.209664062884528
0.921874079193116 0.181215205262338
0.920431599699788 0.183539292400326
0.907814624685778 0.203853593415883
0.908703564717225 0.202421715927045
0.919660380129696 0.184782212582523
0.91332848951651 0.194978010746239
0.912429371628018 0.196423987886259
0.908396772972949 0.202914286808743
0.922643675158848 0.179976191739546
0.91904969924647 0.18576448780476
0.908907246518065 0.202092280503728
0.896072930418572 0.222746110971517
0.915353850205451 0.191714316037634
0.901396971581604 0.214182419349188
0.89780416960187 0.219968116253338
0.878961556549826 0.250265247394065
0.923525465429984 0.178556853524929
0.921919412593686 0.181141339722127
0.92478272443772 0.176531646626308
0.924915833255962 0.17631552177474
0.913665024381416 0.194433858476947
0.920189132476419 0.183927688870116
0.923686406733314 0.178295581060152
0.921805262985485 0.181324742813175
0.915850395845812 0.190915109085146
0.912822110507778 0.195791235405591
0.920189132476419 0.183927688870116
0.92261928160026 0.180014615870229
0.918107723396908 0.187281064392189
0.912271552851086 0.196677912985439
0.908953345941193 0.202018188946747
0.915766955258385 0.19104718046952
0.922826500617743 0.179681511290691
0.910550498811321 0.199445587392384
0.919301462559227 0.185356339881543
0.925309416950584 0.175681597711848
0.925077133460788 0.176056622020438
0.915497088811576 0.191482972231022
0.924982323391821 0.17620843746025
0.918200931659091 0.187131279928151
0.90803979668451 0.203487193821278
0.920775051242918 0.182985440674644
0.920817115760518 0.182916266912209
0.921435361977629 0.181920651273791
0.911768741470765 0.197486252598551
0.916461221951379 0.18992976626561
0.920531960911177 0.183374981527744
0.918787369434841 0.186184608358578
0.920946119034121 0.182707826124879
0.87375506171873 0.258638605851345
0.920522097957825 0.183391004796905
0.912772784374245 0.195868127000887
0.919928814901427 0.184345787959851
0.913147153846128 0.195265785545727
0.913298578035221 0.195026689384187
0.873837206817806 0.258503554022626
0.924892591873456 0.176352951843367
0.877228802857121 0.25305838004633
0.921727121066681 0.181452065926061
0.904044804115462 0.209919951851154
0.918720621846402 0.186292427525838
0.877345501150368 0.252866473272035
0.921192482844438 0.182314375018647
0.897925189134863 0.219770220824472
0.924501636411851 0.176982867936761
0.923140377661342 0.179176821673551
0.918149648889162 0.187211345363828
0.916006828975057 0.19066314789531
0.920232702482706 0.183857962477683
0.877345501150368 0.252866473272035
0.917945211429101 0.187540137043138
0.925283583719763 0.175723202571459
0.914269058805678 0.193458751574478
0.921125390107866 0.18241936457055
0.916273093520142 0.19023730544419
0.928232450868915 0.17097425059649
0.922036051131403 0.180952733841474
0.92073983808486 0.183040957219524
0.923919531541308 0.177919728777462
0.86848009292225 0.267125286820533
0.927249979190048 0.172556135540229
0.923811471316679 0.178094922044417
0.92619660738539 0.174252900504635
0.92619660738539 0.174252900504635
0.914308396442043 0.193396660168667
0.924617771212816 0.176796356697013
0.921385651762608 0.182001516068533
0.912887082240151 0.195684266706244
0.920945174322408 0.182709249016465
0.916958422097072 0.189129130376347
0.922910890294235 0.179545447600835
0.898096535644104 0.21949437314792
0.923094031476691 0.179249856101994
0.913566462525304 0.194590244172934
0.915444278502793 0.191567390504816
0.928540962920207 0.170477128637134
0.928540962920207 0.170477128637134
0.922264967939056 0.18058595618954
0.922705608643634 0.179876234868407
0.921964953842684 0.181068837705892
0.906334987066817 0.206232060824667
0.919572682527527 0.184920417961501
0.877352281059609 0.252863579259487
0.912224642965048 0.196752934676844
0.919030347272783 0.185796844458849
0.92195906200583 0.181078327792769
0.912286725882146 0.196651398385656
0.922510010587151 0.18018960049266
0.922448667368661 0.180289285233898
0.918965805611515 0.185898391755655
0.90996133975781 0.20039527967465
0.923176544124194 0.179116621513774
0.928411916731607 0.170685013719152
0.904652483403484 0.208942998755203
0.924305740706494 0.17729965522693
0.922705608643634 0.179876234868407
0.897731899457815 0.220080699046259
0.928287343414517 0.170885466597542
0.922994664923281 0.179410626123578
0.917677485153188 0.187972955465772
0.914855453807151 0.19251526174874
0.920130806269311 0.184023385754075
0.912411089179293 0.196449799760079
0.921274531690318 0.182181616760412
0.906447275972934 0.206057497804043
0.922220014022754 0.18065638607548
0.92167506981996 0.181535109391678
0.922773276153189 0.179766762934661
0.927615007553585 0.171968396138706
0.919879731697149 0.184426614430092
0.914612109632443 0.192909333947355
0.897968896202462 0.219700707258907
0.910827194362538 0.199001892251548
0.922418968492963 0.18033712799393
0.921964839078346 0.181070038334221
0.911160539491933 0.198467710623008
0.918900554822375 0.186002876861297
0.920444603992427 0.183516057435359
0.914992655890406 0.192294885430922
0.911254082963608 0.19831600782398
0.919421845716032 0.185163806474518
0.926807307341618 0.173269126791786
0.923629720699352 0.17838659971874
0.914999923751264 0.192285967569603
0.906258316645185 0.206360737693836
0.919899139713647 0.184395844832757
0.925766802758116 0.174945289785125
0.924189281878753 0.177485270973526
0.909836720252738 0.200595574022065
0.925114595739612 0.175995309902139
0.913796515531681 0.194221441724583
0.921181752980492 0.182328755791743
0.913733809002141 0.194321737755464
0.918792357685408 0.186179422714184
0.923911203933866 0.17793534381338
0.873650125463685 0.258806201890117
0.918864368390456 0.186061630187937
0.917279149397181 0.188613698207859
0.909113782623776 0.201762530328999
0.925107995877824 0.176005929599817
0.901599684630481 0.21385353245274
0.912572188225465 0.196192179401602
0.917970895392325 0.187499316536647
0.923662275251006 0.178335582669661
0.918532493675261 0.186596500493475
0.917023238869938 0.189028002165768
0.913002274347523 0.195499406324337
0.92278262025151 0.179752667150529
0.912353322601305 0.196544236730831
0.908124115864522 0.203350912185118
0.91447166806002 0.193134800589887
0.925677018566531 0.175090159172269
0.912373143512384 0.196513377192243
0.916943242534043 0.189153570607611
0.917470448817236 0.188305234344083
0.915196588792085 0.191968218228878
0.904962411300425 0.208440473826356
0.915569530403919 0.191366829011686
0.914488863497908 0.193107988808564
0.915204542919357 0.191953538166124
0.92429019342707 0.177323327702293
0.900272568517205 0.215994558375383
0.91308972001884 0.195358335274453
0.918411257531174 0.186791303123228
0.923817362938042 0.178084891091279
0.926692667637612 0.173454062347106
0.910091062138625 0.200188145365226
0.925970609155066 0.1746174235417
0.913164400847764 0.195239821005812
0.91590412723733 0.19082791887027
0.913783579687144 0.194245555423598
0.906688525685276 0.205664282699566
0.922111147690177 0.180832465391122
0.91076845731072 0.199096144505324
0.909850279782476 0.200573384861942
0.914707212496114 0.192754821884845
0.92290366704304 0.179556424027619
0.920100727374248 0.184069659312213
0.91252869214212 0.196262531573366
0.916894269322018 0.189233275826524
0.917491353095151 0.188271849389767
0.91833272172585 0.186918020856026
0.914939475851552 0.192381439477807
0.916097307115939 0.190517969149168
0.903650374571165 0.21055577378736
0.910512696649221 0.199512065012065
0.912608371794755 0.196132305739594
0.915463010919164 0.191537185424879
0.905882401007417 0.206959908986402
0.916235329338455 0.190296252728615
0.923475563985143 0.17863540328869
0.911367025770494 0.198132092387748
0.922263122454695 0.180588487434253
0.870599710655447 0.263704013314333
0.923507796786356 0.178584091321421
0.911422491718443 0.198041670855422
0.91510547677579 0.192113425429054
0.920098588342296 0.184075011431088
0.911207402986827 0.19839193518152
0.920330040142781 0.183702499394797
0.928404905490331 0.17069615332952
0.903797043453968 0.210324503682363
0.916549585753448 0.189787444126946
0.928282065371799 0.17089396711324
0.879371479920253 0.249616825168285
0.90307213661436 0.211483405055977
0.922473591182537 0.180248826939729
0.926613691497257 0.173581186481869
0.916269661221472 0.190238773059392
0.918213770576381 0.187107724556951
0.923229313365859 0.179032426601414
0.91440413146311 0.193241998666516
0.922836729736386 0.179663819894557
0.904846495545191 0.208632441646065
0.911722495873547 0.197559727263205
0.924779940555093 0.176535635868352
0.908254184205579 0.203148351948734
0.919059072964347 0.185748596008539
0.916939074391106 0.189163749752153
0.918092516858376 0.187304063957521
0.913054042719608 0.195417283505993
0.908481134022415 0.202777953974994
0.904124339590197 0.209791691880158
0.928181972104223 0.171055432783284
0.920662166162785 0.183168043736542
0.913712783629522 0.194356680704229
0.919551008285244 0.184956574557675
0.907184878236355 0.204868003041464
0.901212838875456 0.214480676514064
0.923472373830948 0.178640479554397
0.916724083408117 0.189507704444925
0.915171900380033 0.192004800926032
0.897144889886299 0.221022116289312
0.925399921049404 0.175536654420957
0.898289229098468 0.219180978950946
0.914937930439892 0.192383927982242
0.920614946615222 0.183242448740772
0.905526862172429 0.207533762263184
0.910952570803755 0.19880136436193
0.920422939952889 0.183550742645396
0.926013417783423 0.174548561365228
0.896609231813977 0.221884780665817
0.924388737985151 0.177165383207072
0.905690659799679 0.207267175897162
0.903841546501892 0.210244554943324
0.918959304066124 0.185908230381504
0.924450963681436 0.177065260170471
0.914347093836543 0.193333645541377
0.913874315396923 0.194099021732068
0.923714922987438 0.178249886682165
0.90301043071069 0.21158274832661
0.908097342469201 0.2033995300978
0.925782560350684 0.174919843699361
0.920341744583648 0.183681864942894
0.911216504697653 0.198377025700022
0.912145404873881 0.196879732938432
0.914556880854642 0.192999080619986
0.916110707675185 0.19049537439315
0.918297712181767 0.186973488102703
0.900240637998441 0.216043208377837
0.913865919593972 0.19411066444597
0.92325220339769 0.178995969974421
0.904379823369993 0.209379349329703
0.913801430293492 0.194212443312199
0.924097151192844 0.177634552677886
0.92374361757122 0.178203886495846
0.920056462544758 0.184142130382649
0.914150298830151 0.193651325863708
0.918158970093721 0.187197070391574
0.904512484114082 0.20916902208147
0.904423523473538 0.209310452531662
0.914709672994623 0.192752487234339
0.92076395816926 0.183003413515526
0.914844707665006 0.192535317108617
0.905568423157715 0.207470634046425
0.922583064089608 0.180074316623559
0.927549509180379 0.172074299486684
0.917131681484182 0.188850825978224
0.903507597411116 0.210788033434066
0.916784476939446 0.189411178877584
0.923147646454365 0.179163886520464
0.920209048048179 0.183897513728125
0.906471274333292 0.206012656971209
0.905430223816509 0.207690192288265
0.91312636011803 0.195299388507985
0.92002565517539 0.184190739721999
0.913804023749655 0.194206500577274
0.917119127917718 0.188871557780275
0.907558685105514 0.204261622509972
0.896062034887266 0.222766719908653
0.91768426943874 0.187963409802599
0.921060921500669 0.182524768905175
0.919575106371622 0.184915585978637
0.89775711954729 0.220042550072131
0.925292782798831 0.175708761617924
0.917960055393181 0.187519533612714
0.910516772440339 0.199501739572073
0.919938747558811 0.1843315660708
0.904674246964143 0.208907802321667
0.916691368993484 0.189560198960804
0.903726117898628 0.210435101143114
0.902863580991733 0.211822538430316
0.92475276086985 0.176578767913216
0.924414872712163 0.177122576337691
0.927063579589221 0.172857006857071
0.920965463721457 0.1826794841051
0.906025434535958 0.206731445340533
0.909004865392425 0.201934551557202
0.921145876160785 0.182386925650631
0.912514543079581 0.196287198685886
0.912666857281831 0.19604197650454
0.896240244517113 0.222481935978612
0.915815720481759 0.190968801109698
0.922233413676762 0.180636816532099
0.924353705974582 0.177220691733336
0.920001368661143 0.184229541639893
0.912576958526725 0.196186921325407
0.917500195161725 0.188258247900973
0.913850448708962 0.194134224969353
0.907650708222494 0.204115542287031
0.912907953561129 0.195651946400305
0.918591683271506 0.186500079540022
0.913857278795934 0.194124028985363
0.919731757143708 0.184666097109919
0.924994345384663 0.176189738208318
0.909812617673037 0.200636677852468
0.914935417967437 0.192387974481617
0.91704704893609 0.188986142028489
0.924374179327062 0.177189207132024
0.924872674977564 0.176385261678838
0.923786089391572 0.178135197056776
0.917406324791888 0.188410381263674
0.916266240517568 0.190245498962251
0.922770597773256 0.179771080707328
0.907934629813901 0.203661130218164
0.900448797945522 0.215706139537356
0.928633251339621 0.170328510594852
0.926088496169998 0.17442673412605
0.905495960648049 0.207586212156007
0.917222109442831 0.188707035596403
0.914599379279137 0.192927374462987
0.871354098659071 0.262502907658039
0.916412374009778 0.190009956412987
0.919338093586344 0.185299322498382
0.874066043982799 0.258134686627097
0.905474829271349 0.207617688163506
0.924921311367667 0.176307755296549
0.91212753382773 0.19690774075015
0.913202236180178 0.195177348582942
0.917926605808335 0.187575456544824
0.912712978156354 0.195966766320692
0.921512017515196 0.181797287513262
0.90840230211505 0.202909090130815
0.922290203055392 0.180543912720344
0.902129790991002 0.213006899712767
0.907138861065019 0.20493945064233
0.911878362423612 0.197308402675605
0.9095126686653 0.201115842474109
0.92268847158743 0.179903187726262
0.902596190976893 0.212248718418476
0.926217358206884 0.174220171343233
0.910949426461447 0.198805433498361
0.928468688002181 0.170593473099674
0.926861151348962 0.173182911433028
0.901773907827847 0.213572848525634
0.914847621567146 0.192529075586209
0.914478637364831 0.193122511057412
0.92546538437672 0.175431468168491
0.868504511047179 0.26707707210481
0.919161210499514 0.185585256393514
0.895849405699507 0.223105191253042
0.899843706181474 0.216681894276653
0.908336829349138 0.203011823060087
0.925664102153851 0.175111278694514
0.915611521642537 0.191300154781544
0.923099113113004 0.179241566854744
0.877465380111266 0.252670555226435
0.920385628673037 0.183610765367529
0.918635590889032 0.186429700736635
0.927273029383085 0.17251954200399
0.91298808006253 0.19552289040562
0.872955920004122 0.259922072460669
0.906362405699062 0.206189694138927
0.922481253698109 0.180236790688234
0.924136202605536 0.177572259814834
0.903288168238245 0.21113859002322
0.897719266246813 0.220097612902494
0.912772356059173 0.195869227428475
0.920613337913267 0.183245980307045
0.903485971861149 0.210819490827932
0.917374877847107 0.188460343764472
0.927501272473684 0.172152011924185
0.902665820399261 0.212135743201587
0.921812691113006 0.181314529569452
0.925645929920808 0.175140218017224
0.914111502853995 0.193715972941801
0.897564875998977 0.220350881098492
0.906575297005141 0.205844920477716
0.91212753382773 0.19690774075015
0.901395541060588 0.214187614563628
0.926699133315689 0.173443975977919
0.922498998282264 0.180208426204881
0.915441374900694 0.191574666059303
0.911293272921432 0.198249902447329
0.907588217851975 0.204215180074868
0.910686142984059 0.199229125402135
0.915714553771147 0.191132830925872
0.916647597819681 0.189629970945241
0.914656103094263 0.192836330579541
0.911711256771966 0.197577092189533
0.910957217549041 0.198791709970775
0.92738258033659 0.172342762220488
0.921546430969845 0.18174266637088
0.920692570197128 0.183117277044651
0.918983599663153 0.185869824392752
0.928247430664533 0.170949998325024
0.922403053413912 0.180363981228664
0.904451464305396 0.209266171602421
0.899734979287032 0.216854017200456
0.898875544002872 0.218239353894241
0.922413036717789 0.180348359202011
0.916160632670284 0.190414535514594
0.900691721899709 0.215314528422005
0.912449140215543 0.196391483198449
0.913617128638452 0.194511090994561
0.92248240024173 0.180235585934442
0.918250524211685 0.187049943269123
0.918970672429881 0.185889150052415
0.908514799452561 0.202722158696189
0.907042316284378 0.205094905693053
0.920755357930757 0.183016419753346
0.920247118793922 0.183835025083466
0.876074298322199 0.254917242803262
0.898629977536122 0.218637143364167
0.916602505569554 0.189702883605384
0.915102456811178 0.192117116839029
0.903706988647613 0.210460835553272
0.925228203487122 0.175812325331641
0.921733251309477 0.181441324960774
0.905513778997592 0.207559368896539
0.896520592720029 0.222029988686359
0.918241716963177 0.187064524320645
0.917282764297422 0.188610198935631
0.89891287773066 0.218181418787919
0.904254214857999 0.209579974709508
0.920185851753126 0.183932870558404
0.928647546249409 0.17030548492885
0.910247693678305 0.199933897599526
0.874990047996745 0.25665227726305
0.911851486839047 0.197351931953892
0.923635197049235 0.178379458689594
0.92284258232202 0.179653978765096
0.906988648426393 0.205183763222089
0.920950519549053 0.182700932868054
0.896820668181281 0.221547719111831
0.926411282608657 0.173907168152304
0.918290719297506 0.186985330806814
0.923458677693092 0.178661971683137
0.915103032572198 0.192116189027991
0.924422384293631 0.177111309276017
0.896847135429716 0.22150340090041
0.915304539684555 0.191793884284459
0.921605250185646 0.181646665326954
0.920195141639636 0.18391930529315
0.906320981095547 0.206256873841272
0.916023852602401 0.19063487782355
0.904164512786721 0.209732330171711
0.922712109006398 0.179866281952814
0.915613985386428 0.19129496148261
0.917861592040819 0.187675293581622
0.869826648634513 0.264958665548604
0.907298586360554 0.204684442016695
0.924896639569149 0.176347500689072
0.92551011266093 0.175358546182987
0.910338720302856 0.199786639931154
0.899830899796284 0.216701430628158
0.920191863856118 0.183924290343056
0.924748330593905 0.17658604083774
0.924513224152057 0.176964104077833
0.916957308910839 0.189132541972152
0.92013579624403 0.184013707410411
0.917500031441125 0.188259256363812
0.918109125522344 0.187276887697219
0.909392506124629 0.201310545482915
0.904747691714743 0.208791598305279
0.910892203846773 0.198895643714486
0.910370526939159 0.199735880664556
0.896411996910515 0.222202969068779
0.899830899796284 0.216701430628158
0.915433795409518 0.191582935977726
0.920856020736122 0.182853879345076
0.901764111492474 0.213587260579984
0.916369740587346 0.190077701867407
0.899833667691381 0.216696985209933
0.923332110335697 0.178866386188611
0.919308045793394 0.185346322310422
0.926395948809977 0.17393215751401
0.917025705296108 0.189022784661958
0.91612291791869 0.190479594766646
0.917181897159932 0.188769342551598
0.914732311394304 0.192716870640449
0.89593206094037 0.222977087396337
0.895767840932469 0.223237264473213
0.92012438828199 0.184033924057944
0.905060606813553 0.208285808364669
0.925939098938332 0.174668735083504
0.91511938879875 0.192089845401883
0.908612171286558 0.202570161980074
0.923209052000376 0.179065729076608
0.897784015753139 0.219996909025906
0.92451828893999 0.176955628606262
0.90476828627144 0.208757886391149
0.909895212318841 0.200506179170883
0.906518346688059 0.205940471224476
0.906794446508371 0.205493289595692
0.911599229917199 0.197760944481985
0.926661163804769 0.173505154554971
0.899257681261053 0.21762383294177
0.90523788802965 0.207996063193467
0.923062136199472 0.179301277943561
0.916375263307039 0.190068881733913
0.924826837668215 0.176459271295638
0.922487383731404 0.180227539549239
0.92675773459838 0.173349063270286
0.91962869807255 0.184829918237496
0.921830450534241 0.181285446723767
0.922233153925631 0.180636841622083
0.906864023691516 0.205382003521057
0.906110249603464 0.206598560322525
0.918839675743457 0.186099797666737
0.923641708021633 0.178368340293143
0.91129045838465 0.198256800694733
0.902722368106622 0.212048937818325
0.90316750264522 0.211334138599588
0.914243140200327 0.193500401029432
0.906040207656706 0.206703699570045
0.908717199047484 0.202401466215319
0.918041087071622 0.187388747474927
0.902846666901629 0.211843845393673
0.913862148157607 0.194118025108383
0.924987362616888 0.176201442970508
0.912707364568575 0.195974794279965
0.901751744623888 0.213606725630015
0.916345746427079 0.190116124965597
0.910121140327904 0.200138304047467
0.925454221290187 0.1754489749723
0.915290928654001 0.19181610301221
0.904304613899848 0.209500989748847
0.92412466367851 0.177589825930222
0.92250804660108 0.180193477794948
0.905271928310332 0.207940651444879
0.92156741828166 0.181709338345396
0.922486120433871 0.180228354650777
0.905291840037438 0.207909726356561
0.922404326879883 0.180360282285935
0.911227886566548 0.198355715467615
0.921372622286618 0.182024061624312
0.909196358423608 0.201630173971596
0.922373137892251 0.180412134058671
0.922324706375557 0.180490310211015
0.877567521893207 0.252507238023444
0.921051459655407 0.182538981464083
0.898504214506481 0.218835710964931
0.919702821550281 0.184711463180811
0.920505502851233 0.18341862326665
0.924832789053031 0.176450143972309
0.921887743175443 0.181194870414711
0.914732466918957 0.192714077943615
0.921235454772379 0.182242856908662
0.924899979307706 0.176342340964641
0.924586097242434 0.176847577897863
0.896886795077631 0.221436190039106
0.897073847564451 0.221137308004345
0.919497925915913 0.185041265278573
0.92484076470252 0.176436837337147
0.898336701291023 0.219100073498762
0.910810840624813 0.199029463000363
0.906141614653301 0.206543697247823
0.906040207656706 0.206703699570045
0.922914468630047 0.179539109463421
0.911539798643619 0.197856931353817
0.913465782680327 0.194752855044471
0.922025355813652 0.180971623923783
0.918639250704421 0.186424039457778
0.925068726003738 0.176070109747
0.911623745266217 0.197720620452053
0.898245540139539 0.219249572190756
0.916383726263843 0.1900548320326
0.922657135592517 0.179952848043756
0.906522989643505 0.205928577225796
0.915916216027482 0.190811067100601
0.918888970361237 0.18602160317251
0.867858850173406 0.268120895022726
0.922285081567126 0.180552508720178
0.896372307776026 0.222263601653757
0.924790182113413 0.176518437595679
0.918204498455415 0.187124917406207
0.912334546038919 0.196575544115604
0.924833731594023 0.176448119060793
0.9217357720929 0.181436086677575
0.925941675959506 0.174664242269304
0.903256622212057 0.211189221075776
0.915987262201916 0.190692800055118
0.920425220042513 0.183546882315713
0.924115761738379 0.177604695155081
0.923774975024788 0.178153128431721
0.915457269973634 0.191547837736081
0.920036012243938 0.184176884749248
0.91198576955898 0.197136793448397
0.910133763813138 0.200116159685132
0.908255011189783 0.20314074921751
0.897824168008543 0.219932731971216
0.878084492396064 0.251670563478076
0.927638673214602 0.171930827043549
0.920132795466169 0.184021189013262
0.906114185560923 0.206586612289145
0.872085424002514 0.261322781495601
0.912123632266877 0.196915607839557
0.917364283073483 0.18847691251921
0.905339416852206 0.207841400455584
0.911369423893055 0.198131400532007
0.917046442803044 0.18898937947518
0.906258080828737 0.206362400933185
0.917076892147981 0.188939641879951
0.928194606313929 0.17103508156171
0.917939373210774 0.187551600481381
0.867251809277266 0.269082141281538
0.919009960624031 0.18582685124145
0.904743761474987 0.208794650968749
0.923215642851166 0.179053346107969
0.907394363856936 0.20453196081199
0.920780461829518 0.182975765540679
0.915485291609251 0.191501871990536
0.867824160766497 0.268178339984473
0.920653785109725 0.183181454532493
0.921074547942323 0.182501483181579
0.920268162352982 0.183800169839369
0.867299167088693 0.269008237117504
0.919455078172018 0.185109566675532
0.918499294090739 0.186650157406776
0.899834920187895 0.216694963799565
0.895797444388267 0.223192961747088
0.912348814859313 0.196551197707253
0.905750971799636 0.207175174832863
0.90879786356441 0.202269484438877
0.927213813729847 0.172614552437413
0.924825983142665 0.17646148517012
0.897335839428312 0.220717064206058
0.896384843757809 0.222243753277263
0.898636033434685 0.218632365452955
0.919551471257921 0.184954956872592
0.912509074507798 0.196296846723945
0.923458677693092 0.178661971683137
0.917684719874192 0.187963239825018
0.910346248784475 0.199773484532221
0.87817057344945 0.251552700329457
0.898293977220615 0.219175230010477
0.921348638291526 0.182061024234884
0.868144776986924 0.267653258044859
0.926501584530536 0.173761814112159
0.917916289075295 0.187590388189574
0.925111346033656 0.17600139124089
0.872368129599845 0.260864431831212
0.917172595771178 0.188785038326354
0.923853195366346 0.178028485141068
0.910488410045743 0.199548015260513
0.922572641604174 0.180089820097585
0.903539553512075 0.210733549039802
0.924187354461519 0.177489634842992
0.897381094799232 0.220639094130275
0.87297124336843 0.259897700989423
0.905451487424613 0.207655339587041
0.914494218516835 0.193096488121239
0.925650950162797 0.175131387965901
0.904399193425716 0.209354301831173
0.898430698390676 0.21895536277303
0.914436977305946 0.193189748628726
0.912579002253826 0.19617959996585
0.910101903026105 0.200171306036758
0.92682031873786 0.173248733608984
0.922298429825092 0.180532670865859
0.904026191543104 0.209950438587884
0.921693100177517 0.181504962239537
0.912788340390429 0.195842968514656
0.920707193631958 0.183094148955838
0.918198622848867 0.187135190777493
0.916383726263843 0.1900548320326
0.899137525024546 0.217823846950758
0.902406413989065 0.212554505720678
0.917128825321965 0.188855534782368
0.921887743175444 0.18119487041471
0.915651753121564 0.191234658634324
0.922757269965121 0.179791851900484
0.899262555329858 0.217612693743145
0.92561213674359 0.175194045184786
0.917356135027805 0.188489603936311
0.915380727680419 0.19166992161327
0.916995766485735 0.189070994568151
0.908255011189783 0.20314074921751
0.924819809945205 0.176470316986106
0.92426029681532 0.177371752120321
0.916801877590826 0.189383360961391
0.924890221276475 0.176356947530574
0.900938104776749 0.214921363223193
0.908312850618575 0.203051282344667
0.922378643832656 0.18040291993697
0.89926928644562 0.21760764683562
0.915951638215519 0.190754254398535
0.926823468899834 0.173243401466847
0.870269482027641 0.264257215401658
0.916809303149219 0.189370519930441
0.91897974991402 0.185875607274944
0.912820352318488 0.19579164241688
0.910795553471981 0.19905050704216
0.911278862030541 0.198273838208172
0.923153533514186 0.179154305755404
0.874380149240784 0.257634611051384
0.899538835832624 0.217167846238573
0.902124833420125 0.213008625087534
0.868976368196254 0.266321509593442
0.914131175265482 0.193685191555926
0.912143552840346 0.196885601058526
0.915738907985931 0.191093000874248
0.91092574515666 0.198842894314559
0.902510515820147 0.212386765400012
0.904549606961013 0.209108637772558
0.899298815798319 0.217564651641936
0.926752614077846 0.173357310910499
0.923318394503469 0.178888798322187
0.909043727560538 0.20187164359122
0.911907867325699 0.197261717801564
0.920733773913205 0.183051922062973
0.920116998319511 0.184042899543347
0.921957254475506 0.181080475787018
0.915809082806566 0.190984645339059
0.915942248079573 0.190765882235484
0.869849635394222 0.264922240931848
0.899046455791872 0.217965771294743
0.918382751979455 0.186836578264295
0.923343772321949 0.178848382160654
0.915775694349082 0.191035329409875
0.914066412411007 0.193788131564426
0.902683741026494 0.212109242861323
0.923018515241747 0.179373485431121
0.918890185754045 0.186020329781654
0.908770517037946 0.202311874622676
0.901622664199139 0.213817794489345
0.910952875073243 0.198798567287506
0.924842991961251 0.176432962195635
0.92333052823781 0.178869224039099
0.90431724639618 0.209480996998794
0.917159007664979 0.188809223194778
0.923455928735269 0.178666694680268
0.923690830756884 0.17828891920596
0.902891496287623 0.211777313467679
0.925924341199638 0.174692364230096
0.871562071265774 0.262156475896403
0.903960981525411 0.210056865858749
0.896797466260602 0.22158827926831
0.911938871216229 0.19721076208767
0.906793752226448 0.205497387652026
0.911525285515593 0.197875250400625
0.89569968850314 0.223354616610213
0.90712341432387 0.204965109335561
0.868798745420805 0.266602584832387
0.90420553389685 0.209657262784617
0.911669881754631 0.197645205642099
0.87140078982029 0.262426902647502
0.910344366115403 0.19978037446374
0.902221810227199 0.212853915990389
0.922197567450575 0.180694416230003
0.872083826080917 0.26132535251107
0.920526555808225 0.183384418117098
0.918623480982657 0.186449259813455
0.895879670507136 0.223059179970172
0.899922751684077 0.216551771441718
0.921814119299487 0.18131189700757
0.923299196573301 0.17891949949026
0.876351185088623 0.254465313076379
0.927653850780667 0.171905810250816
0.925813816219698 0.174870129929984
0.913996958482644 0.193898230794401
0.911836178682777 0.197378033918496
0.907538068730643 0.204297102412689
0.897481065066006 0.220484185269536
0.87397505633859 0.258289630357636
0.922586201740827 0.180066911991562
0.920223440474375 0.183871984754065
0.915942248079573 0.190765882235484
0.897322773334747 0.220741685618537
0.923823264482204 0.178076679090437
0.898920991322543 0.218169418694977
0.917053705287874 0.188977693598874
0.9175768612322 0.188133728443229
0.922833190660275 0.179670323372451
0.903951819805836 0.210065571395221
0.906919678903055 0.205292193248715
0.921595057582959 0.181664955108953
0.908119199757741 0.203365522870662
0.904790068417887 0.208722605007872
0.902385855545396 0.21258749177109
0.919979881772828 0.18426714271041
0.91777360262516 0.187819270429772
0.922192447146208 0.180701212443738
0.91887232892495 0.18605029896203
0.920718114923925 0.1830768817588
0.903095804018841 0.211445531051837
0.924283880756233 0.177333152386969
0.910325387799054 0.199812880157409
0.915639560932552 0.191253247709408
0.89733818516733 0.220708148624423
0.924842881744541 0.176433157695787
0.912381335794166 0.196497242856776
0.928072927791803 0.17123111057032
0.872116524192025 0.261279187711368
0.929039458801237 0.169674314378823
0.924818575939198 0.176473118432089
0.92702738074775 0.172914994860576
0.923552626097605 0.178511349575465
0.875124603619442 0.256433825661288
0.924469632906723 0.177034014567569
0.922921747030701 0.179526708954688
0.927516754751433 0.172126658447949
0.923874049857402 0.177994151306282
0.915382889226209 0.191665458559373
0.922782667128209 0.179752400078944
0.919687394611028 0.184737609396546
0.92182234809166 0.181297255162096
0.927516754751433 0.172126658447949
0.916470663075098 0.189917920174235
0.875140985673884 0.25640750070293
0.912324676198674 0.196592290538256
0.922928600571914 0.179517709374177
0.926892238412372 0.173133355331155
0.925258788277467 0.1757638048846
0.915399083763473 0.191639385390427
0.915812098266173 0.190976795025184
0.917767990369097 0.187827638779516
0.923828243646233 0.178068613762118
0.871097152546429 0.262901350863184
0.898565598129714 0.218733854423664
0.913822072777801 0.19417964349784
0.874558845763077 0.257344258429357
0.909118605094559 0.201748968989812
0.925209279416589 0.175844378262699
0.873088402171507 0.259716490639033
0.912234057948996 0.196736940610754
0.922434784445388 0.180310624216525
0.922172235570973 0.180733540383609
0.879470543307884 0.249455320675566
0.918526857565115 0.186603803444323
0.92517356493855 0.175901471842883
0.921900558909722 0.181172385996238
0.913351708814944 0.194938112196221
0.914418860099838 0.193220064959551
0.872600587022125 0.260496022454089
0.917097963162004 0.188906152332558
0.915051780016924 0.192199675685778
0.912291200473585 0.19664502153653
0.911188476088855 0.198421703881818
0.908532608737909 0.20269950136335
0.921725782018828 0.181453543613294
0.919724794378198 0.1846777637952
0.916891780409026 0.189237491597826
0.916891780409026 0.189237491597826
0.91535694685598 0.191709830617978
0.922218755783885 0.180660298009755
0.902417313210069 0.212544555269617
0.916952328154653 0.189141896358301
0.917392654093132 0.188431719419487
0.919174546760394 0.185563003616379
0.921688906928202 0.181513629271972
0.91479456605459 0.192619187012253
0.924434310430776 0.177091434082821
0.910797339047228 0.199050196581852
0.907170717949319 0.204885128572888
0.916485780150266 0.189889854689284
0.897470593319526 0.220495933843668
0.915404676073855 0.191630886841801
0.916266740688713 0.190244910303842
0.907908797039936 0.203698235300165
0.906269825820039 0.2063422096104
0.913178075812025 0.195217936432344
0.922110120960459 0.180834283527179
0.916546757869008 0.189791858174444
0.902331054745515 0.212678769083357
0.901215526264054 0.214473131272258
0.900869922408006 0.215029321975231
0.8973947388767 0.220619950740525
0.915600405044058 0.19131517941604
0.922723327400723 0.179849218770113
0.896102061172016 0.222705588412985
0.874012763890075 0.258223096975001
0.913301685719665 0.195019532427116
0.901604853197298 0.213846424600123
0.909727138768302 0.20077150077101
0.911355685452276 0.198150443753276
0.915978157598928 0.190708247319721
0.914277495567381 0.193446105370335
0.911355685452276 0.198150443753276
0.914652029286299 0.192844339301661
0.919151513708133 0.185599175419226
0.905121326135398 0.208186613431419
0.92371357860297 0.178253334111946
0.916291318940431 0.190204171823319
0.92305353340375 0.179314816015205
0.91338637020491 0.194881522347237
0.908362836313204 0.202969813555634
0.925715781860622 0.175027007858918
0.922364049598973 0.180427407609262
0.923707553921901 0.178262487787092
0.918691042580468 0.186340193788492
0.917143455784875 0.188833294127551
0.917082688285626 0.188929148140864
0.90895842132643 0.202008412049761
0.917724580648595 0.187898220189082
0.909976935138969 0.200369700194584
0.917034524571381 0.18900765818973
0.920283915751043 0.183776868135038
0.911184843770942 0.198424581386204
0.898659708803154 0.218582948116064
0.909057494993743 0.201852681827239
0.916050101911688 0.190592131494614
0.913345680751302 0.194947995662796
0.912419522830492 0.196436869721565
0.913131249344049 0.195294763424882
0.91097499072414 0.198763754165535
0.911096894044839 0.198567740282893
0.901930482460529 0.213321451821642
0.909966758477803 0.200386083116305
0.907784128746747 0.203897834811384
0.904212102340323 0.209646243342605
0.915501182850598 0.191476580198181
0.910959826068526 0.198788167049865
0.872705201247997 0.260326567835019
0.896284133980987 0.222409276936696
0.909714809631776 0.200793642985976
0.900082394606245 0.216292859995692
0.903770493914913 0.210363194963877
0.911498810604638 0.197921294514195
0.921821705043451 0.181299264040497
0.9148807238543 0.192473750069978
0.898610430309476 0.218666549523628
0.912579923936779 0.196178467435897
0.912416592114054 0.196441588668533
0.921095573564425 0.18246742563111
0.899021939572445 0.218003951012093
0.91692889760362 0.189176668486657
0.91050230579332 0.199523051404302
0.912768352544412 0.195878720796376
0.908932693834613 0.202048669693003
0.876427484707368 0.254338614025035
0.904621736160516 0.208987890947628
0.923505039593096 0.178587472079788
0.92962195420216 0.168735901931892
0.923937770235343 0.177891140426329
0.915114374019789 0.192099778558384
0.924416716950185 0.17712078385056
0.923402811189111 0.178752293555949
0.911328414347826 0.198194865132761
0.927294613921073 0.172484320526636
0.915103537303209 0.19211559682399
0.919178321799546 0.185556272378382
0.923167567718721 0.179131792798664
0.912928735974926 0.19561875349236
0.924320788908071 0.177274190313668
0.925679395290631 0.175085830568895
0.913953579604371 0.19396997446266
0.919367847565424 0.18525032416933
0.907851703010181 0.203792125978203
0.922672623790256 0.179929360304765
0.903663090292152 0.21053213735734
0.898809329264283 0.218345206128144
0.917845500363639 0.187700888464762
0.918377613607936 0.186845907531935
0.919577175431002 0.184912554068599
0.897743732610264 0.22005843653313
0.922299589189171 0.180529097167329
0.922189492644432 0.180707460118964
0.923803703427262 0.178107726875841
0.898603620718082 0.218677027218219
0.926093481505082 0.174419124868269
0.920689996881157 0.183121134800014
0.926095371599503 0.174416079544697
0.924507342562161 0.176973661176284
0.924837289888978 0.176442286512546
0.919112422002578 0.185661726016331
0.92697919490649 0.172992451761681
0.904465561987782 0.209237981981854
0.905556024898839 0.207487332025353
0.919148284053177 0.185603957363755
0.906544712080041 0.205893189029054
0.91742807849109 0.188373367410909
0.9264096404786 0.173909640311912
0.919987764120279 0.184252283796868
0.919332862966441 0.185307746421897
0.924002758898641 0.17778674687944
0.896923175556822 0.221379872146604
0.924328099636717 0.17726241584258
0.922513686613052 0.180184483692475
0.905745315230685 0.207181568241023
0.875212658477199 0.256298061836852
0.911664062994214 0.197658103541814
0.912303835372094 0.196623191912963
0.900211851101206 0.216084968447644
0.917285751747009 0.188605425205166
0.92639360745642 0.173935703531251
0.908878747547472 0.20214000919395
0.907851703010181 0.203792125978203
0.867226496201588 0.269133973359069
0.906666418025456 0.205700623446052
0.909972682671519 0.200377415389107
0.87385266269586 0.258486210445699
0.910060438998941 0.200236476672154
0.901857587068328 0.213445074010217
0.923951496625637 0.177869159826384
0.921323461938138 0.182103299856032
0.915288013161721 0.19182178307514
0.921262478529051 0.182199348951633
0.92012978351528 0.184024200511366
0.914609237565169 0.19291280428043
0.924387696350876 0.177166117909975
0.916270448138019 0.19023819631902
0.90224487862686 0.21281680951008
0.918404231111629 0.186802853631743
0.901852821844913 0.213446335213699
0.918945149078238 0.185931415553719
0.919973514190853 0.184274820655675
0.921232789622278 0.182246790574079
0.912720256998633 0.195953582753452
0.909242928856956 0.201552709333394
0.921285428620015 0.182162143800692
0.901787605327208 0.213547357455462
0.92133265709332 0.18208612369543
0.92697919490649 0.172992451761681
0.909156476813953 0.201691936189811
0.922046441860013 0.180939220817752
0.903810748617086 0.210296737703397
0.913237576298291 0.1951204122672
0.905156368965277 0.20813180813498
0.917343365424617 0.188509854766108
0.922571161735624 0.180092071851692
0.919875293813929 0.18443373262576
0.897854412827339 0.219878649086904
0.924837289888978 0.176442286512546
0.910758466879928 0.19911469186476
0.906079669785463 0.206643739375505
0.905459889748129 0.207643546260211
0.908544575535919 0.202675502452593
0.922942266515797 0.179495439249625
0.915481030355389 0.191509894629846
0.904816187025944 0.208677438810649
0.925653531888551 0.175127589727736
0.922904539802228 0.179555247511702
0.914988696974041 0.192303226654992
0.905839053143498 0.207030966934424
0.92696629771084 0.173013227640912
0.927834157439828 0.171615637426028
0.925321424499615 0.175662757838831
0.917324930184064 0.188540245194397
0.901476169261706 0.214058990500051
0.922013818982179 0.180990174186555
0.918108552060797 0.187278374022783
0.917569146230344 0.188147632599528
0.92735383582185 0.172389146417092
0.924211485583835 0.1774500360492
0.910587849011458 0.199390044145419
0.917415375657959 0.188395967516276
0.918012938078361 0.187432741579175
0.91562222252883 0.191283433622729
0.926151714977033 0.174324963569353
0.910014975982173 0.200310376617002
0.925366768047742 0.175589508506385
0.92036955696593 0.183640743707317
0.918492509034437 0.186660408078051
0.899701605039707 0.216911697281771
0.918179610895773 0.187163874862341
0.919086229741251 0.185705779750506
0.927218838898389 0.172606790416131
0.913964908787322 0.193950969917102
0.908705964666171 0.202414912635296
0.918538103952341 0.186587056913419
0.921917811845586 0.181144300487476
0.907609822100851 0.204178111287661
0.920749785986676 0.1830257359021
0.920137183981941 0.184011673765844
0.926506622511502 0.173753808496836
0.915715828818223 0.191132034090152
0.86826182335826 0.267466972911892
0.926131313301524 0.174358248437883
0.907283425893447 0.204704803032803
0.925081122620135 0.176050154113925
0.927001071236471 0.172957468178898
0.898548612912778 0.218764651362885
0.905096677367546 0.208227092780663
0.919642470238475 0.184809127769694
0.927834157439828 0.171615637426028
0.927995818890637 0.171355124690239
0.926370487518553 0.173972930721783
0.926494261400322 0.173773807121811
0.921615541945614 0.181631590866107
0.914423465550222 0.193212957068087
0.903464440350737 0.210849294009367
0.918698903333933 0.186328416049514
0.91345704672243 0.194766085768017
0.919559773643049 0.184942288123562
0.91038967266116 0.199705953981058
0.911238392960852 0.198342915158509
0.905086449212034 0.208239288694708
0.9246633111067 0.176723267159934
0.87773444091656 0.252237100134656
0.922905057265039 0.179554488775719
0.918027429186071 0.187411660761919
0.921725019811139 0.181454476499676
0.927016806411699 0.172931985028308
0.920440497607992 0.183523339579883
0.916874478793386 0.189265374313971
0.908943641425634 0.202034132923216
0.922352478598646 0.180443493274364
0.913087864555505 0.195363005601987
0.926910872812446 0.17310254274118
0.923501206935284 0.178594100286989
0.907209672863919 0.204825072153164
0.922235976989584 0.180631697233479
0.916757158921055 0.18945477518885
0.920151145519036 0.183989518760961
0.917688979282144 0.187954768159582
0.903932189198789 0.210101412409884
0.924279822158004 0.177339777029019
0.927995818890638 0.171355124690238
0.924658706349635 0.176731468242644
0.924608510479865 0.176810655471422
0.924495516959591 0.176992712377738
0.927995818890638 0.171355124690238
0.905482415901952 0.207606502073955
0.916897437297649 0.189229283481032
0.919462404971577 0.185099069787068
0.911575063598953 0.19779927201452
0.928708697847039 0.170206958112667
0.923526917727706 0.178553438687782
0.914726743209229 0.19272571641622
0.92601033476923 0.174553558865622
0.920625243663962 0.183225368040602
0.90024164438178 0.216041144379905
0.913672079911261 0.194421174814729
0.925471999361454 0.175420215454642
0.928708706220716 0.170206944732207
0.903894116161556 0.210162459056964
0.912867850954095 0.195721134647896
0.905460628464194 0.207642116321328
0.919373566339637 0.185243300375128
0.90948536120079 0.201163571159163
0.922509112444674 0.180191643144047
0.928420652644992 0.170671012227539
0.928298167756714 0.170868304909954
0.906273056768218 0.206335963893134
0.920883963292064 0.182809457349034
0.921526988706745 0.181774398396645
0.905520183058541 0.207548348661683
0.908434416168922 0.202855807576299
0.914740072808438 0.192703388285838
0.918606417745243 0.186478004674267
0.910144260931039 0.200103821303929
0.924565098146038 0.176881518442686
0.904294286094227 0.209519221931904
0.89753557539022 0.220397870719728
0.919399849988577 0.1852005810708
0.911261809164519 0.198305670493779
0.903500249289704 0.210797067444291
0.923238998286114 0.17901678581315
0.917757861790507 0.187842804359767
0.908028250543999 0.203511842020359
0.922390298734752 0.180384035423984
0.923020939058861 0.179367749752837
0.911180238178232 0.19843471548903
0.921764027559962 0.181392022956506
0.917664793859921 0.187993371743913
0.925775800890831 0.174930583915324
0.917412584413428 0.188399582414062
0.928417793615134 0.170675618060359
0.900716111423516 0.21527499791483
0.925819739964052 0.174860219363864
0.925807733131762 0.174879519177612
0.875049672577202 0.25656471056922
0.918109330209232 0.187276537158323
0.912342384613789 0.196563828325798
0.869211101541182 0.265945341513856
0.906732856293578 0.205591810048645
0.915308227262825 0.191789655546591
0.923165987313226 0.179133577262693
0.917929098166866 0.187568301985207
0.914737386451575 0.192705601079536
0.922788721231181 0.179742719552735
0.906129990197052 0.206568303472455
0.926106290412588 0.174398508494853
0.920836738809536 0.182886187807667
0.920049916230313 0.184152100712155
0.923968883035479 0.177841727251495
0.924307091211203 0.177296387694836
0.911109536463751 0.198545575754813
0.926846102088554 0.173207541797667
0.911446593541076 0.198006304286148
0.928293042374468 0.170876561720789
0.871762967926084 0.261841523312643
0.928702795005563 0.170216465437443
0.911484984248586 0.197944428533336
0.928708296222308 0.170207604766476
0.925699823036868 0.175053586674854
0.928711756751157 0.170202030334691
0.908572386730818 0.202631526189578
0.928655641888482 0.170292419251319
0.917440674253778 0.18835547322088
0.914477325043137 0.193125017792545
0.92332609758037 0.178876298531492
0.92084339240485 0.182875494778581
0.913715296815744 0.194352602568768
0.921888566043395 0.181191551694671
0.920042455502353 0.18416420989169
0.926053698575426 0.17448313464596
0.896013527022369 0.222851745071181
0.899359157654152 0.217467353228915
0.918521428789551 0.18661330677434
0.918638392485982 0.186426475245053
0.928636702537193 0.170322999147923
0.918999457855528 0.185843705475513
0.917656024522944 0.188007546015125
0.919526956741159 0.184993484429531
0.922319307453516 0.180497380438108
0.904284833512787 0.209534157827772
0.905124838750474 0.208182223025248
0.927565722578213 0.172047896093642
0.910534676228705 0.199473089343916
0.904997206882694 0.208389586431074
0.914823441864125 0.192568029486016
0.915422888583366 0.191601259600134
0.910017546297969 0.200303811804784
0.919838829927053 0.184491218107592
0.927884279506063 0.171534695859228
0.923517174767657 0.178569481151383
0.925736783170624 0.174994011675451
0.896468424611572 0.222112401997366
0.913697628464557 0.194380522748425
0.924298441890253 0.177311404133099
0.914678202636176 0.192802998789276
0.911214924823363 0.198380634492373
0.913788737923589 0.194233633848259
0.918491674631407 0.186661479884226
0.872576933227626 0.260531485279214
0.867977040484457 0.267916901349969
0.916944821068686 0.18915230398075
0.926878334560684 0.173154832784789
0.877869317505023 0.252020854227211
0.928601323661419 0.170379870084302
0.92369484226429 0.178281985050324
0.918649309724177 0.186408460301805
0.903638655576858 0.210575801444783
0.92527499032814 0.175737868608579
0.900398193299059 0.215792835117787
0.917593433166187 0.18810767059238
0.92048979251605 0.183443264212226
0.926540846696148 0.173699046848725
0.908580038895427 0.202618829628479
0.923559858633535 0.178500658263052
0.914725177887079 0.19272804381662
0.920389903263488 0.183604743080645
0.901310056605832 0.21432583910454
0.909273885096644 0.201502305168842
0.895807550739715 0.223179784573607
0.915369973921841 0.19168689337154
0.902255602598411 0.212798009823311
0.918459853792683 0.186712786727779
0.907811535611326 0.203853990822317
0.905718916526624 0.207225661620489
0.908526780823637 0.202707228041756
0.912072848145895 0.196994754625149
0.902255801152112 0.212794603724235
0.868648865615924 0.266842641183116
0.916128366872405 0.190466801284269
0.905133758567065 0.208164962882673
0.899887324917035 0.216611295944914
0.910080730347764 0.200202308796457
0.908550667941774 0.202664900448746
0.900865677664269 0.215032114895337
0.908996903888359 0.201945655496171
0.918459853792683 0.186712786727779
0.909644917696289 0.200907174894878
0.90805758708717 0.20345769465545
0.904385005315536 0.209370654683062
0.899818436687347 0.216723724686914
0.909479413043683 0.201174350842747
0.903122898389192 0.211399078877554
0.897935556638922 0.219748412860286
0.899064280559867 0.217939975799393
0.9167733860083 0.189428646435519
0.914183622772283 0.19360050195285
0.906558295576772 0.205872294898879
0.896665823706915 0.22179323233794
0.906757499315335 0.205550020927983
0.920526290016022 0.183386139350946
0.920931296762308 0.182735306794226
0.898840020467175 0.21829486557933
0.900808796065124 0.215125836607587
0.896927508435218 0.221371427600876
0.911652465964402 0.197672173818482
0.90888961398224 0.20211943035264
0.915961048556681 0.190734172106229
0.919204755439609 0.185513703480168
0.919073623168003 0.185725120424481
0.89868804241963 0.218536567976753
0.911359216347227 0.198144226684747
0.903033500703941 0.211546381401103
0.900388310334665 0.215805531793721
0.923064106150278 0.179298226776484
0.919269814496401 0.185408419000346
0.907852749848078 0.203787896291372
0.904272350415334 0.209548987462895
0.909690079537232 0.200832162059764
0.924779976715943 0.176535108388728
0.913711590212602 0.194357109846725
0.910544063337797 0.199457189482414
0.922522664502192 0.180170751925388
0.919234397691394 0.185465764901594
0.918138718693228 0.18722911781963
0.920336626505857 0.183689434548026
0.900921649367859 0.214940583948154
0.896702116256144 0.221730267386017
0.896502046059293 0.22205154419901
0.918631862399806 0.186435479319535
0.922409880718759 0.18035176705007
0.911842930492752 0.197367769830377
0.870682795232936 0.263568536784089
0.922770320023461 0.179771487250872
0.922011694930243 0.180992240897796
0.903252888128285 0.21119359030084
0.924316667856903 0.177282228129181
0.92439713861686 0.177152592927688
0.916154501472803 0.190425830478545
0.91604321474066 0.190606230532597
0.871208434275892 0.262729499894247
0.900195518725154 0.216114860800141
0.922113631859072 0.180828589038953
0.908559804197802 0.202653581560845
0.918833937444466 0.186109061004246
0.921055767061017 0.182532221215266
0.910030650965072 0.200287682596311
0.908960701367435 0.202004041750551
0.904319958250277 0.209475971733156
0.90915379781279 0.201694254854377
0.898353474326339 0.219076201187892
0.923124472365413 0.179201101675727
0.910528387163241 0.199484576955759
0.925838219469471 0.174830198523312
0.918271584604399 0.18701680304796
0.870574733587565 0.263741355882259
0.922003119230901 0.181006653833672
0.92269198376912 0.179899717180565
0.925986145789787 0.174592115186859
0.924231609277456 0.177418650511674
0.915591799165707 0.191331855581
0.918885179226053 0.186027366150958
0.917518981760168 0.188227336743715
0.918036319032282 0.187394612117544
0.923325458511218 0.178877633829171
0.918582158200621 0.186518047530204
0.917074372259445 0.188943103504276
0.923325458511218 0.178877633829171
0.911997916533131 0.197117497291502
0.923443977409194 0.178686784916765
0.921811401479339 0.181316140778678
0.914520437360321 0.193058252840371
0.919751403254548 0.184635134629401
0.913686334578506 0.194400389405267
0.917168852686625 0.18879296440942
0.922091516338856 0.180864799492483
0.919668339640149 0.184767473702727
0.925986145789787 0.174592115186859
0.925986145789787 0.174592115186859
0.913402326098204 0.194860867228244
0.92004864318505 0.184155432248063
0.905917596803963 0.206904596019068
0.913402326098204 0.194860867228244
0.919319249347268 0.185328957891711
0.916951458580644 0.189142496618479
0.906269779103625 0.206344760906172
0.918947325280187 0.185927478616185
0.92070295190302 0.183101742688242
0.901747949531401 0.213618968108105
0.913429446171151 0.194815453348053
0.902053123697405 0.213127758103259
0.925986145789787 0.174592115186859
0.925986145789787 0.174592115186859
0.921517045515131 0.181790268910803
0.925986145789787 0.174592115186859
0.91590292030057 0.190829873691028
0.913482125943558 0.194728238780102
0.914843169348034 0.192535687037899
0.920360498865624 0.183652886265661
0.922077444131401 0.180887379758558
0.921934937447851 0.181117665359103
0.914521091447693 0.193057462359813
0.904125457599309 0.209791406046148
0.915346091805185 0.191726882136451
0.914928625325638 0.192397364474455
0.896973645138323 0.221302812646911
0.921006902748231 0.182611188402347
0.926789757887756 0.173297852797645
0.919563864673976 0.184937307616387
0.922695064945073 0.179892785380993
0.923538537594566 0.178534170588242
0.918495525624333 0.186655779550724
0.926618016815275 0.173574510187218
0.924707176889373 0.176652679949667
0.90370498633359 0.210471871175494
0.916855060692956 0.189298051183033
0.926996500919307 0.172964557495282
0.901496829701204 0.21402477180173
0.91126480845547 0.198301442444868
0.915596114454071 0.191323727117246
0.910345899846228 0.199776508424839
0.918201103143277 0.187128533704524
0.912961650631404 0.195567237735416
0.920160230009455 0.183977929518001
0.913015652823512 0.19547948402322
0.916520638267804 0.189837389835825
0.917683086239683 0.187963718349213
0.925356223976524 0.175607090008077
0.914731859504551 0.19271729884735
0.914239078790724 0.193507908761704
0.921478339052773 0.18185209014669
0.916657289758941 0.189617035402816
0.92221189946437 0.180670189146656
0.923638743173052 0.178373858649299
0.875737374681765 0.255446045908716
0.916214044898636 0.190330757704028
0.926512603285189 0.173744275687995
0.911337736570835 0.198181249767941
0.925477031561156 0.175411906402547
0.917966085115494 0.187510253343913
0.915532647266575 0.191429680387607
0.928785542079296 0.17008319659825
0.928785542079296 0.17008319659825
0.915241726083268 0.191898094145629
0.918819822237912 0.186133165453435
0.928318639261255 0.170835250850757
0.927632073099283 0.171941167422306
0.909247837896809 0.201546448352856
0.925942810500009 0.174661874820417
0.923799547803692 0.178113450431696
0.925286619689079 0.175719101867575
0.910873954980431 0.198929268600091
0.918675343986191 0.186365549476343
0.90610074316635 0.206614608589856
0.926348883631495 0.174008171165797
0.920273849588121 0.183791628364462
0.927378904928147 0.172349049044753
0.902302928538062 0.212726007140876
0.924479224423439 0.17701892846442
0.920730001400095 0.183058615282266
0.911015692172589 0.198702512604214
0.919238645105568 0.185459992592748
0.897136655643256 0.221043142979609
0.923456716677334 0.178666549105708
0.922769671730535 0.179772002303328
0.924334452988106 0.177253059988801
0.923726095403514 0.178232754515537
0.911177815951738 0.198440577663543
0.905867430816162 0.206983101928008
0.922883484413643 0.179589050165819
0.926303546860168 0.174080832915039
0.920295907560098 0.183756627777373
0.909010791574289 0.201924194185686
0.91750125030483 0.188257379993688
0.910611805497792 0.199349584350754
0.914497396654681 0.193094565596736
0.914547786454094 0.193013656322377
0.922294768552239 0.180537272921445
0.921883667712625 0.181200780700173
0.878244495594705 0.251427699960208
0.922415628560536 0.18034365493004
0.906441693797062 0.206064408561688
0.926228866110891 0.174201665257055
0.915091729044905 0.192138908646853
0.920105717531646 0.184062364911447
0.920972749179856 0.182668385933689
0.922280622914657 0.180559259089192
0.928236710222529 0.170967219240075
0.922651455639214 0.179961617713345
0.878264727510474 0.251395167777233
0.923017461838376 0.179374469081399
0.918728315293331 0.186280039239126
0.922933870260006 0.179508264692105
0.916962053140227 0.189127292120212
0.922156091445883 0.180759428354275
0.911046026565326 0.198651307515401
0.91919405247515 0.185529967622016
0.920695550772768 0.183112673203778
0.918665672619506 0.186379650027231
0.878959551300517 0.250274577089878
0.876505105266275 0.254217833297696
0.877583933084316 0.252494329526762
0.898111667055154 0.219467537491304
0.915124834929864 0.192083592374978
0.913386196940082 0.194882859387605
0.924075901588119 0.177669613239352
0.922955634240613 0.179471846383655
0.924163215506791 0.177527804489066
0.920825797463991 0.182903870094331
0.867569488313055 0.268585054485438
0.926450454928786 0.173844770158101
0.923579191275224 0.178468891875137
0.918921929661886 0.18597025417799
0.896396489878845 0.222233449908364
0.918733937637503 0.186271298765073
0.924239327785519 0.17740567100415
0.918261866230854 0.187033675287776
0.92506063160372 0.176083539781919
0.924863019638598 0.17640064463454
0.878916080931177 0.250350354070518
0.918996612772819 0.185850080830822
0.869699728500325 0.265149427247484
0.920860069756805 0.182847395340592
0.922537626648621 0.18014648695104
0.921254283258656 0.182212735904693
0.923934906467392 0.177895239221513
0.921672246252933 0.181538946074312
0.92742381950173 0.172276498654738
0.929164669544362 0.169472671702212
0.923988209566726 0.1778105220803
0.911732337234567 0.197543994237065
0.918600843594778 0.186484250820661
0.919066851762376 0.18573603655156
0.915022855392119 0.192247552593141
0.879481563083112 0.249428197411593
0.92096622863156 0.182678513072142
0.913546763653575 0.194622950191314
0.922227674461638 0.180645595062537
0.873221176406839 0.259488792780341
0.923724460190837 0.178235433503419
0.914858349197174 0.192514108846113
0.903281332004285 0.211152553010142
0.914849730381712 0.192526404456081
0.911725050530912 0.197558842205984
0.921650472180226 0.181574670769358
0.925476191820779 0.175412943846017
0.915072155406007 0.192167336390606
0.924635058765929 0.176768119077487
0.913810448421509 0.194196876531005
0.926719139077557 0.173411471238693
0.91926252046351 0.185421866327691
0.923249447422806 0.179001543578699
0.914543437936877 0.193018411269385
0.91156712181281 0.197811061099068
0.911867698932037 0.197327157750721
0.91915923854557 0.185587428172967
0.924342489656614 0.177240304329858
0.910497297571609 0.199532724111259
0.869293270794919 0.265807910858956
0.899903275839479 0.216589361580676
0.919346734984367 0.185284363461726
0.907419809405912 0.204488542493315
0.911735103044829 0.19753933392372
0.915917277345932 0.190810603753568
0.915695743775428 0.191163896215795
0.9172866173485 0.188602737114438
0.915065615315659 0.19217834591991
0.91896473520004 0.185900212353235
0.918078178601793 0.187327267120237
0.903460864856582 0.210859132833232
0.910321062146607 0.199819518963609
0.924206657926633 0.177458757263661
0.907693868954 0.204047961934473
0.922613019620153 0.180023663468936
0.915367296149847 0.191692223573451
0.911062105175705 0.198626028800112
0.918593439634832 0.186498950688871
0.922623292420506 0.180009274227431
0.908005831461687 0.203545777087596
0.927745493212301 0.171758624761918
0.921132448007678 0.182407905179813
0.916454408809469 0.189941391362038
0.920134858827033 0.184016993584631
0.912310288174803 0.196616051225006
0.920277607421191 0.183785466077112
0.913551696145813 0.194614083934947
0.915714473881763 0.191132894681392
0.912169740927296 0.196841673079532
0.92776204189899 0.171731878568715
0.908345643762956 0.202996397567175
0.904722084110308 0.208828718513731
0.925410234500766 0.175519579570586
0.901748227755294 0.21361832436898
0.922997377500453 0.179404928572566
0.917967109296928 0.187506335499788
0.92426744965444 0.177361290649225
0.907003935850369 0.205158898305798
0.912159797008927 0.196854344484928
0.903452105149266 0.210875799636384
0.910437239094113 0.199629322459507
0.913112584984638 0.195323850592182
0.908236697178674 0.203173532039173
0.908236697178674 0.203173532039173
0.351754289114462 0.767785422766652
0.917542884775797 0.188190039705264
0.33091689477972 0.777149223675699
0.919030950552376 0.185793845895265
0.354782067964504 0.766423549722951
0.349023865154489 0.769011781972332
0.335098678606779 0.775267550075202
0.359987818273734 0.764078147245094
0.359987818273734 0.764078147245094
0.328790711643222 0.778107370168421
0.360350331965717 0.763918414411945
0.341000732499031 0.772615205105199
0.923991462634455 0.177806127503324
0.355347212229823 0.766167951108502
0.329006663753041 0.77800713051628
0.355141746032434 0.766257427025374
0.328009974332541 0.778453064882327
0.922857818071806 0.179631580195656
0.921644450505077 0.181585053629995
0.323523014730602 0.780472335258154
0.334928409818479 0.775349258470223
0.30668424777082 0.788036443732372
0.920412222540425 0.183570048771545
0.917824141731652 0.187740699623484
0.32168132659079 0.781298901607149
0.304965667545011 0.78880635601187
0.336882864639437 0.774471370362864
0.910984990423785 0.198747935517689
0.921740718741498 0.1814316690491
0.917765365720208 0.18783363518411
0.34986292535436 0.768638722310166
0.926488418815239 0.173783403135299
0.342973099944721 0.771734572811157
0.926967769897574 0.173011597381939
0.923055021989469 0.17931360825243
0.92526745806722 0.175750591474235
0.31677870714125 0.783500274466046
0.311411353418741 0.785910024637471
0.26824336312943 0.805284601702098
0.920076760981712 0.184110972276877
0.345920413519341 0.770407975792886
0.922371785779623 0.180413368870582
0.923055376057921 0.17931274672611
0.927477795761687 0.172189893071076
0.927567656472324 0.172045142896503
0.321496076252686 0.781381057757106
0.922098708161054 0.180854240784183
0.310374571919301 0.786376028628325
0.927610491878559 0.171976142371506
0.921708195546721 0.181481888425628
0.284438380326397 0.798018423808063
0.276962052555377 0.801373027396405
0.297727548754607 0.792054505724423
0.28655271367428 0.79706940102311
0.922451578809882 0.18028578471664
0.307902130565723 0.787487014225786
0.92175960309999 0.181400137906753
0.927464052615628 0.172212027282392
0.913265107795361 0.195078356933039
0.927537635134106 0.1720935002623
0.273930947352073 0.802733512740247
0.914046034991129 0.193819121721471
0.287026929549286 0.796857213928476
0.920417296443656 0.183561616292234
0.922425861054361 0.180327212007261
0.917623122594321 0.188060686572727
0.914013282493172 0.193874931508123
0.916729382107165 0.189501779413946
0.302210632868045 0.790044713684026
0.287475397815507 0.796655465951238
0.356107369488362 0.765829005240676
0.923513606998144 0.178575258703599
0.926773863969346 0.173323706566186
0.915485312153353 0.191501596928276
0.922636272229368 0.179988630929865
0.922477796954548 0.180242735329736
0.289141918430012 0.795908686570186
0.302143766413217 0.790072467318928
0.923760378437852 0.178177457602017
0.873694754048282 0.258738093572008
0.288778921077277 0.7960716148538
0.921669864097849 0.181544242931699
0.915268692862314 0.191851821355292
0.913114919588615 0.195323242729411
0.922492274632476 0.180220634188574
0.289306434740767 0.795834154537559
0.922447859364993 0.180290658855145
0.921366936455772 0.182031438589755
0.927619785379689 0.171961175026609
0.333400094341209 0.776035305073897
0.291560539236585 0.794823545877313
0.293140055716358 0.794113928556594
0.896229051476465 0.222496485869233
0.307287291096165 0.787761521843198
0.285103342647667 0.797720154835112
0.916797558743519 0.189391084431458
0.274446192310533 0.802501206628864
0.27409756405141 0.802658114619081
0.28910482960997 0.795925014962354
0.924173616851272 0.17751183571076
0.279574445927227 0.800200846861587
0.303089024107932 0.789646867652165
0.363938831217568 0.762300047288516
0.911071374997476 0.198609880333005
0.877567599099777 0.252505147618509
0.31882112269277 0.782582125929788
0.270396334183537 0.804318215818461
0.919967507075024 0.184286053943887
0.363115402534764 0.76267702393909
0.280916452067902 0.799598997032232
0.388954365360023 0.751046521175212
0.308649790111792 0.787151192548727
0.293618837261075 0.793898072181313
0.282922997104969 0.798698758536446
0.367129574331571 0.760868801772458
0.288364333248823 0.796257244743229
0.924407110729417 0.177136432173723
0.927931526816283 0.171459112140764
0.923331489447933 0.178868094912488
0.293363049025622 0.794012902909895
0.284651988879221 0.797923051631894
0.927610491878559 0.171976142371506
0.338995847923596 0.773518982166445
0.286691755278119 0.797007810265163
0.340366617456853 0.772904754584122
0.916810711579985 0.1893694462126
0.300672565323583 0.790732741539231
0.28271263280145 0.798793956229317
0.919268373017682 0.185412123076669
0.919262978494878 0.185420612237916
0.902638616181707 0.212180560594947
0.927236143824421 0.172579004881925
0.906004001469887 0.206762731565492
0.912715847437872 0.195961120988429
0.922387270140363 0.180389909162468
0.925096396050629 0.176025156399175
0.29012020738203 0.795467356855327
0.378149604259226 0.755915022905958
0.916855316043946 0.18929758060387
0.917013943251766 0.189042746117459
0.904362821736112 0.209408310830241
0.922556522589763 0.18011662036614
0.89735219779418 0.220689034414739
0.287388280660123 0.796695752462221
0.920030657216699 0.184184975954335
0.333892427867992 0.775813002009305
0.282338468611772 0.798961605923684
0.913693900283812 0.194388060413841
0.923144870973955 0.179169454743252
0.381890615917464 0.754221166570438
0.914682642015603 0.192795891682132
0.29277738923918 0.794275179792781
0.921220579480966 0.182269202358515
0.341149699814597 0.772555214958655
0.365580988344986 0.761566665869522
0.924749613135063 0.176584240244043
0.913305928233074 0.195010862463578
0.279823535758007 0.800089250096245
0.908167974743095 0.203280664687237
0.908897164304919 0.202111077112581
0.919143308512772 0.185612905820492
0.916614210494136 0.189689445454823
0.912158495623315 0.1968613273766
0.911814340038847 0.197413808172816
0.337552771719299 0.774166196343295
0.268345999382685 0.805238771641159
0.911753722859199 0.197508796294677
0.373867619881257 0.757835775538454
0.916361601366023 0.190091419941856
0.898653963423905 0.218593859738816
0.296748583246939 0.792496357877338
0.274288018172939 0.802572561850877
0.907321159359208 0.204645914059455
0.28363421442694 0.798378610139614
0.266474384937648 0.806077983493548
0.366155941247079 0.761304366150425
0.909142346486443 0.201716344284328
0.271607029925676 0.803775474518844
0.294058699935288 0.793700504603869
0.91170339989263 0.197591768841386
0.290078644466176 0.795488304786165
0.273282954180123 0.803023659853158
0.298721051367612 0.791609043169018
0.916518207066627 0.189843413580794
0.871002634453067 0.263063061871286
0.9247730356442 0.176545854179626
0.899297814595862 0.217565628268735
0.266403013705448 0.806109990438802
0.875108697803138 0.256467814693837
0.911762586855217 0.197495361285446
0.269025315359864 0.804933366989088
0.272655733120804 0.803305099306111
0.386083335633041 0.752338861252764
0.919847914581024 0.18447861374403
0.274429184206777 0.802509373550771
0.909143393004464 0.201715260233409
0.921104680934137 0.182452785810871
0.927475223957467 0.172194042809329
0.278629204085326 0.800625674411993
0.273624346086987 0.802869682395554
0.271224921629266 0.803947368335787
0.907680803191733 0.204073602170716
0.342769047068062 0.771826315318207
0.910004289910878 0.200323135023917
0.367217383856829 0.760826020031505
0.276831353577644 0.801432456321955
0.274347886093011 0.802546461613833
0.92413130300299 0.17757987117186
0.911616679835823 0.19773116659548
0.920673568260783 0.183150672124039
0.335125038834821 0.77525976884262
0.911168773573516 0.198455263548944
0.916928884109093 0.189179899565243
0.918735517256387 0.186270826486073
0.914831900984549 0.192555982551831
0.280052645678658 0.799987403312468
0.34021364667789 0.772974896551412
0.913085974616042 0.195369049104863
0.279252517807103 0.800345932172274
0.270166682558441 0.80442228594757
0.281614518307514 0.799285573619744
0.925534195823751 0.175320788419165
0.282039157650166 0.799094408966563
0.267429977844471 0.805648910803006
0.924137840043005 0.177569206194044
0.927500642680447 0.172153099589857
0.911422086044738 0.198046794147833
0.273129499885074 0.803092487831303
0.919345850715818 0.185286467246852
0.269142464575563 0.804881259177341
0.927488752257038 0.172172228553965
0.921540413114832 0.181752468376257
0.273445694001803 0.802950420016503
0.916979901613311 0.189097519133879
0.92694395173079 0.173049724174935
0.273624346086987 0.802869682395554
0.339411876020558 0.773329394789088
0.924455723197808 0.177057046853206
0.917037049795647 0.189005650577471
0.273667376492072 0.802851486177911
0.3901323600862 0.750512492056174
0.91738669790874 0.188441551669445
0.927709316207939 0.171816949855664
0.27801218040873 0.800901138255879
0.922777398888144 0.179760586463182
0.2713772887523 0.803879038550694
0.334504962516207 0.775539055309228
0.356781866397499 0.765527612367187
0.29729937987203 0.792247644415942
0.920375334977056 0.18362884222356
0.352882351019067 0.767276657999569
0.921241338625399 0.182233826817888
0.913516668291421 0.194672748088425
0.390474201145406 0.750359162474487
0.92030897727488 0.183735679640576
0.391834247560667 0.749745322283266
0.343978988829254 0.771278798068739
0.915502573544429 0.19147465281
0.278871112757791 0.800517133292394
0.918548959109232 0.186569061709023
0.383991190331708 0.753279307495548
0.314109823778537 0.784699139612242
0.318608849658524 0.782678586400406
0.92372297569214 0.178237039657107
0.915451338075432 0.191557399986281
0.271302378337655 0.803911969787359
0.906921268885745 0.205289976935832
0.923503144399661 0.17859103947925
0.917196057956166 0.18874814089759
0.916161494933618 0.190413701025676
0.917224148300162 0.188706018424445
0.321673989581007 0.781303083189789
0.276401756483732 0.801623972280926
0.907439617742316 0.204458308080211
0.275913076637511 0.801843323222628
0.303511987380977 0.789457694847074
0.396381881269445 0.747705653973984
0.927761295968622 0.171733221253028
0.305767924399768 0.788445057757682
0.908050565514739 0.2034691274391
0.916396374451384 0.190038746081772
0.917122343760116 0.188868592291479
0.921179357668635 0.182335368565703
0.273767426882812 0.802806190021748
0.28887797789081 0.796027073112927
0.276172442868181 0.8017285068541
0.897187673859912 0.220955628318983
0.278206473550828 0.800814950233674
0.919859196326429 0.184460449618102
0.919094407739503 0.185692984706012
0.926511122988335 0.173746918246896
0.920982476526942 0.182650912279206
0.381650376495904 0.754337759562183
0.911218378239061 0.198373680620418
0.868215989908421 0.267542790910971
0.923541535476473 0.178530089317296
0.923097634405924 0.179245400589385
0.279481780229081 0.800242274182789
0.916068021487786 0.190563761334679
0.923795439085654 0.178120986085494
0.394332841085845 0.748623950905471
0.915451803192556 0.191556651113476
0.918056010292601 0.187364997171565
0.923585256256125 0.178459055576732
0.362911455041311 0.762771427909497
0.924364930734838 0.177203258346419
0.269556971334272 0.804695594428135
0.926567050249394 0.173656850087352
0.277965613539698 0.800922093436115
0.292547988404835 0.794379291174666
0.923975472138905 0.177831181641302
0.37795636639056 0.755993994855821
0.913977297796566 0.1939299147415
0.914652774235472 0.192843950486954
0.273448262350063 0.8029495695695
0.925845930060684 0.17481813640844
0.912404021184234 0.196464257363864
0.377980036872172 0.755984757986287
0.275689027226442 0.801944541769031
0.365182208794731 0.761742126734999
0.919270633265297 0.185407905189848
0.324316759645797 0.780115976505975
0.355714812645998 0.766003456555567
0.266960451446321 0.80585952338202
0.272194028514178 0.803513147338836
0.922421588397974 0.180333567192568
0.37394060023996 0.757808047503038
0.928029536844465 0.171301135616909
0.370257486150758 0.759464756463025
0.281893721102989 0.799160576797508
0.920083392151998 0.18409928036519
0.922225781414888 0.180649042386776
0.362466350085675 0.762967690253029
0.309591083684143 0.786729653208051
0.924422933605808 0.177110525924443
0.920108567014038 0.184060793631868
0.367574698192544 0.760670121136357
0.271253329927118 0.803933574853427
0.277120607097589 0.801301820912046
0.917650144828626 0.188017501481261
0.29753848451359 0.792138051169883
0.920319974452922 0.183717211835622
0.919393819230038 0.185210238375786
0.29109560218504 0.795030650066687
0.926843193028259 0.173211748325673
0.916509659924912 0.189855743942972
0.907952819718095 0.203626763596178
0.898021972988227 0.219619472371971
0.905923584907352 0.206895753138037
0.306282056289191 0.788214886238317
0.911371124470659 0.198125283594402
0.902053666106058 0.213125258406335
0.902686733193919 0.212106229003345
0.906712704685771 0.205624158355024
0.316882551397198 0.783454779239689
0.89781716597313 0.219944752202261
0.898300291575482 0.219167360607971
0.897364064250361 0.220671568038173
0.908621816782155 0.202553015155001
0.901493368010726 0.214025230625731
0.307319305102284 0.787748819571302
0.901065232552372 0.214714536422337
0.36474774784942 0.761940209960237
0.907974222998802 0.203593737538398
0.900643365635688 0.215391968990395
0.905192902594001 0.208072702109096
0.895996874366058 0.222872718159696
0.911755627168653 0.197506938764253
0.903723165762591 0.210439872149329
0.906273910874426 0.206332632671256
0.907730843513564 0.203986150953222
0.910141088662316 0.200105476531769
0.9103686935977 0.199739064320933
0.900530782564943 0.215573068032788
0.90078576232792 0.215168480351423
0.913057862973967 0.195409624282963
0.912161470112039 0.196853159927412
0.911801039778548 0.197433700271632
0.912478936358474 0.196344166920815
0.898961782962577 0.218101520320018
0.330875313233063 0.777171071087388
0.297096794894251 0.792337132575007
0.899753797135654 0.21682674673656
0.900170195872394 0.216153055104514
0.910584431240007 0.199393044287564
0.905339868958277 0.207835656898305
0.909582986469854 0.201004457957749
0.899445867748238 0.217323590423814
0.918794129593434 0.186173899096474
0.282001828258591 0.799110782386004
0.917320794329881 0.188546920978166
0.919385389644333 0.185223419079741
0.924755864074289 0.176573914234612
0.909034486949618 0.201887291216986
0.917806952602646 0.18776395874867
0.914944547723798 0.192372919195488
0.919385389644333 0.185223419079741
0.307750889035258 0.787555198356618
0.916095530824993 0.190519938257565
0.911150226122912 0.198482835160438
0.873375809018837 0.259240446276256
0.917803792353922 0.187771066292005
0.918781672535047 0.186194072667075
0.912242577000181 0.196725614454754
0.914933969288795 0.192390667764799
0.304357376666195 0.78907821162413
0.907886421576559 0.203739064026836
0.286227104117444 0.797214578838842
0.325497480855324 0.77958564116084
0.914432672719945 0.19319787146044
0.91148340497126 0.197949863090867
0.281490755084615 0.799340073274268
0.922594411759532 0.180055232437966
0.874660648155844 0.257197129492847
0.338127868151741 0.77391174230638
0.9083087268395 0.203055681646989
0.372999138879051 0.758236448746184
0.90536289954393 0.207795768788588
0.292213289906164 0.794529062293389
0.922648417163737 0.179967988084013
0.918779922482179 0.186197648332561
0.327421288958564 0.778719872268594
0.28148495842757 0.799342716410172
0.906633255467789 0.205753915525381
0.899250370525038 0.217633465648659
0.911077294804335 0.198598645702882
0.921529118290598 0.181770957475071
0.319875561898057 0.782110027869867
0.317771440673444 0.783056361167149
0.913688396664366 0.194396197903151
0.920020082097275 0.184200755861973
0.91867377664417 0.186370372767193
0.283673637048065 0.798361156340636
0.916764795477173 0.189442432915439
0.923138141530015 0.179179002458766
0.912339684920563 0.196565972784436
0.921100541213843 0.182461482983549
0.924112325016729 0.177611051581244
0.912633696320229 0.196093166492336
0.923615300925003 0.17840993827364
0.897839257992332 0.219902432874131
0.91255856030603 0.196214427598413
0.920441700954687 0.183521908645277
0.923640321622206 0.178369639285148
0.916625156650827 0.189667222809646
0.912415308250655 0.196444255319216
0.897839257992332 0.219902432874131
0.92363287796784 0.178381678545777
0.91749557398907 0.188265755287688
0.911502512096051 0.197914715427915
0.924704276800804 0.176657193302347
0.902526736080498 0.212363785155455
0.915290358832529 0.191816680625407
0.918856120335139 0.186073530733728
0.906827333883523 0.205442640228057
0.912662350634185 0.196048101118914
0.907621074259217 0.204161633929971
0.918718917356506 0.186295320101974
0.92361632125626 0.178408295211222
0.896274748560189 0.222429653742502
0.922259514084665 0.18059352071088
0.923192376854483 0.179091308372526
0.909005124997959 0.201934238538637
0.923125222104846 0.179199388642765
0.907252608848198 0.204758047833042
0.920441700954687 0.183521908645277
0.923049252240786 0.17932208258568
0.906623769566855 0.205767943685639
0.927005442716421 0.172950208541518
0.927322905848149 0.172439235149731
0.874000709676781 0.258237639917176
0.924704276800804 0.176657193302347
0.904989025307874 0.208398211317201
0.900289170690367 0.215963681903801
0.918173779580922 0.187174332353143
0.918354683014844 0.186881566328251
0.92425644395528 0.177377823555798
0.914383660738951 0.193275878362114
0.906571198359278 0.205853938109558
0.906169649091115 0.20650114773467
0.918621974244877 0.186451265887457
0.875690969937262 0.255525381585395
0.926559782739224 0.173667876453428
0.914323399970338 0.193372761142386
0.922680881894627 0.179916069049062
0.917311363071901 0.188562022877679
0.913795427110309 0.194222986569967
0.91477614566603 0.192644456141186
0.873963580479566 0.258303802393373
0.876643628665765 0.253993946882771
0.916538173020003 0.189805297187655
0.909439845199945 0.201236684226133
0.913948030852811 0.193976821456439
0.911271248633363 0.198284830939916
0.909904752423104 0.200487166548202
0.904472315619696 0.209229726718362
0.915302151304363 0.19179988745456
0.899405173840473 0.217384222189032
0.921719680820345 0.181463202827488
0.903401968828822 0.210955711719972
0.921111613905874 0.18244109078751
0.909678442964951 0.200853258929517
0.92090926277808 0.182768393234644
0.914453257732642 0.193164012543701
0.906652703837874 0.205721540723787
0.914807063726256 0.192593538240102
0.874220475199206 0.257887782565853
0.917200924571803 0.188741124881672
0.907568530389409 0.204250176247694
0.896025362129654 0.222829198657862
0.92386973682943 0.178000967546406
0.914218880478208 0.193539633067079
0.921743565074314 0.181425759018626
0.906007162314782 0.206762567689614
0.913156694670142 0.195250091141511
0.900797184099243 0.215148270849672
0.913408117655742 0.194846112343591
0.92138282230253 0.182005544322663
0.910603217081009 0.199360584700034
0.922697756794093 0.179890271377442
0.910124997873462 0.200133047196327
0.916538120383442 0.18980538192748
0.910294001270364 0.199862239916134
0.876765215171112 0.253793147522639
0.927799960972185 0.171670431168487
0.919596315571404 0.184883486882687
0.920848075472326 0.182868148008858
0.922007828234003 0.18099964190915
0.92161189490063 0.181637695404272
0.919052959940609 0.185758242517945
0.913615311390647 0.194517312320131
0.924645810782818 0.176750684247742
0.903626044910965 0.210592574039159
0.920442611573375 0.183520780530115
0.912153074413927 0.196870434517588
0.921675065906212 0.181535541568205
0.912822668961963 0.195790373721175
0.927695864372529 0.171838468407888
0.918159765553782 0.187195836206195
0.920394446966193 0.183598066603388
0.923901124870114 0.177949639238807
0.898887424366848 0.21822467670449
0.918167396564975 0.187182710403669
0.922905560904239 0.179553542178255
0.922985519512017 0.179424763950661
0.917320681493412 0.188548837614273
0.912958521193014 0.19557466838336
0.92512811479303 0.175973688617735
0.926557604773568 0.173671537559481
0.924567702368755 0.176876704573898
0.925759394433545 0.174956980546666
0.922915453462853 0.179537990770354
0.919260542679894 0.185423675306339
0.906312869221495 0.20627339963955
0.922569901925876 0.18009466526154
0.923870772836029 0.177999298850108
0.919674456784904 0.184759093732753
0.916621389077159 0.189672925395712
0.923960865446303 0.177854763833858
0.922810372791983 0.179706803469742
0.924396800018202 0.177152878877213
0.903457965421202 0.210868572673547
0.872209838503601 0.261118588201759
0.911634261250241 0.197703566934336
0.915054234064015 0.192197929377687
0.920924274475764 0.182746592633524
0.9202312045617 0.183860812404206
0.904733064248343 0.20881499418721
0.920524392167186 0.18338849103096
0.913077084996405 0.19537832433917
0.927695723518507 0.171838695305131
0.908856581011016 0.202174963680489
0.898226368989402 0.219284334141191
0.9177367494931 0.187877725690781
0.911919390141215 0.197246606652929
0.925107652837874 0.176006734496946
0.920940328035579 0.182717712176452
0.923105078594466 0.179232352558077
0.929301139263445 0.169252663488533
0.87895823291384 0.250282176400583
0.924597450258627 0.176827952156906
0.923792805218404 0.178124194491375
0.929301139263445 0.169252663488533
0.920851496080623 0.182860950070821
0.926417316196937 0.173897646135739
0.916139567278169 0.190450344331812
0.926681690129335 0.173471553207878
0.921840242664818 0.181270286280671
0.870000887898525 0.26466551616435
0.929301139263445 0.169252663488533
0.921497355538359 0.181821632504349
0.923703786739727 0.178268195499325
0.926519599882564 0.173733026764825
0.923659405542499 0.178339220007776
0.92098161662224 0.182653867934016
0.917350885434474 0.188499328465268
0.924512344587254 0.176966218230344
0.921847790975186 0.181257264525408
0.92575380758927 0.174966053876728
0.917622955253954 0.188061724193127
0.919866345176557 0.184448434908584
0.926177707464133 0.174283485568527
0.919720209863723 0.184683386728001
0.920099552696462 0.184073440323476
0.920583941699371 0.183293092830191
0.926671205835731 0.173488704346626
0.919106328422324 0.185674088733176
0.919757295592366 0.184624399902748
0.91753297611941 0.188205430018714
0.91811958948286 0.187261969638045
0.921531672302913 0.181768094247004
0.927375073231656 0.172354858994222
0.927109949193725 0.172781905311687
0.917258819152187 0.188646981838649
0.925782529966648 0.174920009567354
0.921109491320011 0.182447567028243
0.91687816345896 0.189261779955301
0.922248999765593 0.180610845634272
0.91467313016452 0.192811191138094
0.929064151430244 0.169634368096043
0.915985699553549 0.190698125199567
0.920623345846166 0.183230375320314
0.919192181383069 0.185534391676136
0.919715388457829 0.184691220309333
0.914356955141027 0.193319470961372
0.912621585377619 0.19611302125398
0.929301270026788 0.16925245286389
0.922139916400058 0.180786788940877
0.922364212612812 0.180424871487244
0.914958686803658 0.192349715913826
0.919907437425509 0.18438204002302
0.92441870156624 0.177116843672087
0.905109473844292 0.208210525741975
0.9251789755359 0.175892104040262
0.929064310935987 0.169634111191227
0.915577294558703 0.191355304503188
0.897995660901607 0.219656473212362
0.919866442732569 0.184448277795456
0.925172537065207 0.175902597258847
0.913281177015221 0.195053689535238
0.921992958920549 0.181023910334859
0.918864066752784 0.186064028082503
0.925337680162427 0.175636209578817
0.912197111805387 0.19679902629259
0.904410490957476 0.209334653977005
0.918649815207302 0.186405645438162
0.922885579715686 0.17958584899969
0.915535085615179 0.191422629326641
0.908846462915785 0.202188906253018
0.921517507339689 0.181789234069337
0.899049090048955 0.217957993104827
0.868886971966962 0.26645587334684
0.908193316483756 0.203243623172052
0.913787370010228 0.194239126947966
0.913422729528533 0.194825265806793
0.916113480353153 0.19049113336537
0.906996134958605 0.205168326928151
0.912840245222931 0.19576005569784
0.910730492959793 0.199158682630552
0.928485349805818 0.170566714090522
0.916887526829832 0.189246047218759
0.920396635121818 0.183594249630277
0.911676173389709 0.197633173054188
0.917575676178623 0.188137353028343
0.914870768649369 0.192493587326509
0.922885281744039 0.179586328911435
0.923680540951799 0.178305784647052
0.92184367131767 0.181262963451734
0.908034133287298 0.203498334700984
0.920283919776064 0.183775808824427
0.909305609525346 0.201450026448193
0.915063584978794 0.19218139330376
0.901935573999117 0.213314276254621
0.92441870156624 0.177116843672087
0.914285278410538 0.193436913667665
0.913870646675173 0.1941022784097
0.918824236997661 0.186125302623368
0.914530362082783 0.193039474315466
0.878558326675079 0.250911776989301
0.92541722358667 0.17550881389403
0.911720834039332 0.197563796289704
0.911460659957081 0.197981365318894
0.927261407098406 0.172537928437502
0.912322014190521 0.196596661531066
0.911586663225446 0.197780383548891
0.897171361223794 0.220981146221475
0.925252275478871 0.175774227743503
0.916274051477284 0.190235918255283
0.926728553365466 0.173396050076561
0.909227582464621 0.201574844741708
0.922836279356808 0.17966665537201
0.9159701305849 0.19072147943394
0.912122828069198 0.196915778297321
0.922275993882819 0.180567047251164
0.908231049063957 0.20318033768471
0.925426848037958 0.175492711200861
0.898974920279686 0.218078119347323
0.898974920279686 0.218078119347323
0.907745963177356 0.203959767582666
0.899604549204119 0.217067818159892
0.928854769786339 0.16997179731279
0.895842002982375 0.223124373897261
0.874364989938306 0.257654830369129
0.923055864406317 0.179311819990794
0.926187035328264 0.174268392273803
0.920111120702643 0.184053807293369
0.905563416770501 0.207475482187019
0.925580648951703 0.175245224287667
0.916746395454621 0.189470518765148
0.926671079683186 0.173488907547891
0.915944046228901 0.190765649599923
0.9284852653978 0.170566850049884
0.914490884553052 0.193104127016248
0.912018869668607 0.197085200953774
0.909007064014944 0.201928796631372
0.899891272083836 0.21660555252575
0.908358666214923 0.202976347904679
0.909033116352551 0.201892381137223
0.906515733568691 0.205942120330572
0.904792178446223 0.208715977244943
0.918616701278932 0.186460254847352
0.922604145808608 0.180039510877935
0.91594416693198 0.190765455173257
0.914911020300015 0.192429748760121
0.921993192056367 0.181022479498306
0.913016725887037 0.195475126311231
0.917170305025598 0.188789087521649
0.928153755390555 0.171100761052117
0.896507398182136 0.222049633051384
0.904558863542456 0.209097541886192
0.911954222418963 0.197188693846288
0.918095745135332 0.18729831287033
0.898601334423787 0.218681267372993
0.915805520175345 0.190985905414372
0.916323430233788 0.190155550939285
0.913722681474162 0.194341271534853
0.922116281908412 0.180823361564033
0.915425544925249 0.191599017507616
0.915011045537397 0.192265194880431
0.920621057704401 0.183232372506556
0.908334425416716 0.203014031527004
0.913310925712822 0.195003673403094
0.921391711632136 0.181990997440148
0.905024777744142 0.208339956735561
0.907867277553514 0.203767597438444
0.90892791504452 0.202058323089806
0.90068251015308 0.215332802153089
0.929301103817318 0.16925272058386
0.924728325187146 0.176618502856353
0.922194219168824 0.180698948288539
0.916570962356072 0.18975548635743
0.922787481660513 0.179744044616603
0.915305884123896 0.191792067337908
0.903229321415243 0.211235175533747
0.909734627730087 0.200764072626414
0.917990008733047 0.187469476039267
0.928498556041803 0.170545335848993
0.90518610431569 0.208083306089157
0.898228570762108 0.219280986894861
0.916260156218857 0.190255685646466
0.926053111399654 0.174484774874238
0.916870707010975 0.189274219479395
0.928198870967278 0.171028113784619
0.91892212360997 0.185968944899449
0.899904509669823 0.216582979986301
0.919540134542985 0.184973332426806
0.915331757776427 0.191751079698867
0.871150969432909 0.262822949265227
0.924978772679682 0.176214492359006
0.921487793015282 0.181837769782533
0.91676765785029 0.189436794871662
0.928955179301806 0.169809942915696
0.917114666506032 0.18888064586516
0.913984813405065 0.193919175798446
0.872786621709504 0.260201427137203
0.910664571671618 0.199261422397603
0.907136671222505 0.204939831233365
0.91760017098967 0.188095465467168
0.913512744822996 0.19467780498913
0.916595631942572 0.189714919048344
0.929300994158606 0.169252897205888
0.913185278800729 0.195205843717422
0.903194008628422 0.211289507681814
0.914049904208388 0.193813772205311
0.904554479863806 0.209100609354416
0.926325474346251 0.174045606285841
0.928049583174314 0.171268688470954
0.906534323270041 0.205911783509026
0.91759639153528 0.188102659402173
0.928262717458815 0.170925302327152
0.911840583504144 0.197371948444964
0.908101509353773 0.203391666993059
0.918556749129255 0.186557320393821
0.919866451570622 0.18444826357393
0.90264827178429 0.21216658062786
0.905799814912254 0.207092375928012
0.9190644372225 0.185739305133757
0.912784072741154 0.195853192250546
0.910050495452746 0.200255648139272
0.911519152153824 0.197888007659143
0.905378608767413 0.207769502088176
0.87762553541334 0.252425871798022
0.908390786750084 0.202926727770188
0.914124249899227 0.193691497440228
0.917474339169664 0.188299791724322
0.923741539518247 0.178208135785889
0.875725770473424 0.255478693938875
0.913665684677641 0.194432841321707
0.9220936244961 0.18086194173417
0.926037322691468 0.174509338865761
0.90749249876567 0.204366770246124
0.874138894005921 0.258021894326623
0.906276069507791 0.20632456754425
0.906821812211095 0.205450659400785
0.899790405927265 0.216764551806916
0.908446577466515 0.202833876362832
0.876746075054676 0.253823171337031
0.904523915370515 0.209149700366629
0.917812264511687 0.187756207707913
0.904042334180748 0.20992675178025
0.910910322480802 0.198865385033441
0.907703613400466 0.204028362165354
0.927786898973541 0.171691636665112
0.906674661755371 0.205684176953055
0.921446339528372 0.181904565504152
0.9064033798254 0.206123816796221
0.903404965260056 0.210954409471729
0.923992788454817 0.177802108562149
0.897478542334067 0.220490896713741
0.915907378357873 0.190823273613531
0.908799977475562 0.202269120115086
0.897955567309461 0.219719923029912
0.352261864538528 0.767563988250964
0.322241464503538 0.78104863909258
0.297330033758 0.792233505337581
0.287287457663202 0.796740248249446
0.314725966600922 0.784423939266241
0.288050464096137 0.796398306674682
0.298896086356746 0.791531989091477
0.267927077765435 0.805426062995587
0.303846068216799 0.789308858270877
0.290296222764805 0.795390534168913
0.27863473575308 0.800623026761197
0.3650484417935 0.761809686972436
0.348855585481896 0.769089142628882
0.26618307380357 0.806208081925148
0.285499870070329 0.797541157858501
0.281670961915958 0.799260683873014
0.271908250829353 0.803640349842648
0.354479565693377 0.766560727632269
0.285510266952414 0.79753636256686
0.268400591989394 0.805214321100122
0.282700579137549 0.798797588949848
0.364912572497394 0.761862055424849
0.278581116358852 0.800646631123265
0.29235402480331 0.794465524646276
0.27058462189944 0.804233814251205
0.290811313418001 0.795157387201635
0.296127143932598 0.792771590051937
0.278867779701581 0.800518458208826
0.273958007568885 0.802720614703602
0.280561278914766 0.799757769732922
0.283768087289659 0.798317943686988
0.280900969399862 0.799605587818388
0.308310905126242 0.787304902313389
0.27170135555288 0.803733074592417
0.338834560903182 0.773591343980738
0.293430544223539 0.793984495192609
0.31978890540075 0.782148794990729
0.273821112498653 0.802781737110586
0.373990660547316 0.757780572143665
0.270885410352235 0.804099757435367
0.284601183100822 0.797944814729442
0.290675364298093 0.795219310500007
0.284539820265633 0.797972194141862
0.281654516764854 0.799267134902384
0.294121705502342 0.793671946129675
0.333587944000763 0.775948476291276
0.283442044743402 0.798465365984147
0.270548395719225 0.804250442610774
0.278992314950898 0.800461985210229
0.286956779804193 0.79688685181753
0.285633910792229 0.797481640523869
0.267823031886422 0.805472910515153
0.280337948504199 0.799858449741142
0.281567409938747 0.799307036352681
0.321250298555794 0.781495322280167
0.282350743156352 0.798955537787751
0.300463392725264 0.790825431707098
0.361804066644645 0.76326412019779
0.275810405688681 0.801889201462214
0.281909220574468 0.799153415062952
0.278319923632806 0.800763597982381
0.335582879874417 0.775055175299298
0.27576457118254 0.801910887323937
0.346457496179047 0.770164175213551
0.366798174822521 0.761017131027916
0.272895058872196 0.803197428991895
0.276074714479757 0.801770906800052
0.276863807975328 0.801417104636223
0.389908436807304 0.750615889316016
0.267732998492773 0.805513286377657
0.396247883645919 0.747761855168847
0.393962559090143 0.748782523496667
0.351684036082515 0.767821187143455
0.362802303764315 0.762814687575099
0.355631218320206 0.766043841916367
0.273465536003974 0.802941772833544
0.321478955445836 0.781388060828059
0.365787577971137 0.761477678398091
0.342988436378389 0.771725074613505
0.268790012717994 0.805039470270188
0.267740659053454 0.805509862910602
0.277436427842727 0.801160327588182
0.344776852355028 0.770918812199979
0.283470552406426 0.798453389387635
0.379434537305732 0.755331649399261
0.35803629225752 0.764957272082592
0.383805074544162 0.753359488907044
0.28572355407483 0.797441706089393
0.290958238785487 0.795091382808378
0.298756245907068 0.791592416579711
0.345929428200087 0.77040132242862
0.391228603883913 0.750019830653734
0.323018592339703 0.780696339346951
0.358441901558897 0.764776681435323
0.297198691025315 0.79229115217515
0.373390004383538 0.758049511896799
0.331730209401824 0.776782989957813
0.396294625884783 0.747744235191828
0.358976414230242 0.764539297042992
0.323208205473661 0.780612398256426
0.268031154651033 0.805379589546755
0.304574480512678 0.788981151097998
0.309426276979539 0.78680299696731
0.294620203315996 0.793449639001139
0.267953116391858 0.805414555452145
0.303753163715349 0.78935001666596
0.343831376902898 0.771347332026927
0.375740018326212 0.756995986208687
0.277992730669309 0.800910623924118
0.285007907039113 0.797762803647273
0.286955967676532 0.796889195265652
0.37985933515274 0.755138369932234
0.268491432699188 0.805173277471997
0.362543097247445 0.762932289606542
0.308635607076686 0.787157197272501
0.265316705970316 0.806597121989181
0.273023214377165 0.803140022395588
0.335602631130066 0.77504199622447
0.26520725901087 0.806646125964711
0.32527828022238 0.779683675415741
0.327686309578873 0.778602466776406
0.264799814854281 0.806828985581341
0.265073398957021 0.806706096518884
0.378945855112532 0.755557652815672
0.267075968031289 0.805808150893537
0.272283675464722 0.803472234246332
0.274376043090993 0.802534055521056
0.275896058812192 0.801850874284852
0.285179467901889 0.797687395500723
0.311421982100888 0.785905933458903
0.395947897189137 0.747895813773876
0.29872070861501 0.791610013616923
0.265641060814996 0.80645165442754
0.385564319158188 0.752570438983283
0.264921197409632 0.806774536945192
0.283218267457307 0.798567012058615
0.268381592379047 0.805222310178599
0.282606678805476 0.79884022530883
0.268446977309379 0.80519293654335
0.282308162876275 0.79897424312872
0.350100726172926 0.768529361848158
0.321605312917403 0.781333937942053
0.383206708380361 0.753628986882892
0.275944605562096 0.801829325408844
0.313997771737874 0.784748207578784
0.310629976944712 0.786261571863535
0.289292200270093 0.795839041492478
0.328961750676094 0.778028480901539
0.271283637110703 0.803920957515763
0.349697292524445 0.768708188585055
0.38051757196758 0.754842485424678
0.276166326316683 0.801730663639776
0.271170560406351 0.803971559285851
0.351765546031799 0.767775726579416
0.334738836471266 0.775431766079489
0.302541682444882 0.789891790731072
0.33763798919419 0.774131316984442
0.269022186649765 0.804935188988799
0.271456681151408 0.803843797062662
0.264835584831272 0.806812795907703
0.272572255288541 0.803342487252139
0.350601116592157 0.768308297195938
0.364247926122088 0.762168636681442
0.331058603353104 0.777089765908738
0.375466138338567 0.757115807658511
0.272240591650335 0.803491674908267
0.358388019472876 0.764802365472134
0.330201850845708 0.777471054372372
0.273040585360912 0.80313247829854
0.331683301267852 0.77680397929287
0.269773232357468 0.804598097762612
0.270923480183378 0.804082015133251
0.303374142893694 0.789519616886999
0.347522582595391 0.769683644930638
0.301911956147298 0.790176052476696
0.34093199564533 0.772649918557647
0.353907559039446 0.766815524891449
0.339881489645249 0.773122194018411
0.341365753429015 0.772452448244766
0.264802786841142 0.806827564597625
0.313187567843886 0.785112030990679
0.321576823689967 0.781346734373272
0.270727843364132 0.804170033661607
0.273587825683311 0.802887482869887
0.291353397498511 0.794916868762605
0.274034751778334 0.802686786768162
0.357900658751165 0.765023326193606
0.321716061894714 0.781282027576872
0.288069147670413 0.796389486318542
0.279075695637501 0.800424437181164
0.295536041660812 0.79303850141751
0.28638633681325 0.797143609617327
0.89989071441605 0.216607853922082
0.89721911369159 0.220909336625664
0.282498523388595 0.79888820006149
0.899359271436423 0.217461723723851
0.276550223422642 0.801557539922208
0.276554271893333 0.801555741793965
0.278486375271345 0.800688737942784
0.288668248152934 0.79612105211626
0.276851567442316 0.801422335399919
0.274353503471937 0.802543540132376
0.895760913731017 0.22324977375489
0.901115525470732 0.214636446255079
0.301648716057994 0.790295957881634
0.871590512969463 0.262121675490764
0.914206462506529 0.193562513484635
0.901302130665259 0.214333204726648
0.920551372304808 0.183348369569349
0.920551372304808 0.183348369569349
0.909558585072049 0.201044751344853
0.906322321360236 0.2062551852471
0.89768634092425 0.220150365929625
0.910508854740992 0.199516584069561
0.381014758640503 0.754618012103165
0.907119445994421 0.204970455152845
0.896577962546237 0.221939104016531
0.92090310406891 0.182778875132577
0.320295801926182 0.781922788961767
0.913937134409144 0.193996456006436
0.906130517318145 0.206567076371799
0.916466197553939 0.189923955257021
0.878605902116494 0.250830992845692
0.904124337137046 0.209791882971659
0.921241304986336 0.18223450100997
0.921246668201051 0.182225383350379
0.913625253531987 0.194498770233612
0.917217719800156 0.188714239990359
0.337281929585611 0.774294269551614
0.919769499849118 0.184603755496646
0.905632152223823 0.207363499062308
0.904616464570089 0.209005144681747
0.914361837081609 0.193311986116519
0.915597575298962 0.191322611899525
0.92450922409098 0.176970542092149
0.920068836211732 0.184120912070411
0.90574626799577 0.207180938768091
0.897387970504041 0.22063652485977
0.903621661593863 0.210601210792299
0.915277444062756 0.19183598861735
0.915268523828313 0.191853045881782
0.909853710758653 0.200568607827896
0.914052135479676 0.193809415980499
0.913608183984394 0.194522683346337
0.898804777357974 0.218355253056562
0.91778453004773 0.187799234487543
0.913608066108698 0.194522874110177
0.912414173556809 0.196444562314341
0.920567652956326 0.183318452481957
0.906703009709389 0.205643611687344
0.92656479737492 0.173659814243356
0.926121035779803 0.174374502889667
0.925656832526086 0.175122112630441
0.908962471721631 0.202000790484059
0.920469111764117 0.183477029506204
0.906829728094924 0.205436014561052
0.915095098970417 0.192129229171684
0.916984687139166 0.189089013147182
0.917309083207899 0.188565193032218
0.91448874053864 0.19310852454822
0.922753918894771 0.179796961170507
0.914388910046964 0.193266170205838
0.917316598368996 0.188553021525848
0.920423634461116 0.183549705682892
0.910754843548302 0.199119841275126
0.908636187050785 0.202526152743934
0.917242376009975 0.188676700056528
0.899149175642482 0.217799166370609
0.920314926522802 0.183724905633638
0.923036945357003 0.179342162515202
0.913269801976383 0.195068153908489
0.901932938575248 0.213316521353294
0.899826538898878 0.216706949561948
0.902476288561341 0.212443941886617
0.899075600874148 0.217917173802541
0.896830170034919 0.221523861265937
0.909079208687395 0.201813860675171
0.914630528958726 0.192876374329061
0.896966350730359 0.221310603443766
0.899631923905266 0.217023683830046
0.92166419413778 0.181551662149068
0.916131187882165 0.190460919217517
0.907737411145503 0.203977299135771
0.899836498768966 0.216691008726544
0.900335734617973 0.215887221965595
0.920578299238947 0.183302294754199
0.916916496392383 0.189195944050764
0.904176939916503 0.209704242883402
0.906829728094924 0.205436014561052
0.913390532862561 0.194876775234431
0.920233425259291 0.183856171166206
0.915410108697796 0.191621137827473
0.895677714600169 0.223379172499101
0.924904704716514 0.176334647040476
0.90265941638277 0.21214807923791
0.906665210995413 0.205703211741693
0.910246136897227 0.199934815910056
0.920863350259228 0.182842373769451
0.912346870803187 0.196555884149499
0.922626578668312 0.18000238195405
0.918354265814708 0.186882046286791
0.905848252567194 0.207018618347538
0.905403396228105 0.207730424354226
0.908917966863572 0.202073074769422
0.877909204599568 0.251955530206528
0.915367325882249 0.191690267846834
0.918219659598189 0.187098275352508
0.92774427962869 0.171760338012617
0.903548574528 0.210713912068074
0.908679072510049 0.202462819379314
0.92561668281987 0.17518730285561
0.922382963430136 0.180396424969848
0.923702487485283 0.178270179011948
0.9281951501896 0.171034093209633
0.92464809616312 0.176747088151937
0.91104864076779 0.198646352791186
0.920258039765813 0.183817511401918
0.918743819330091 0.186255007902379
0.918727679977682 0.186281785136908
0.922457228111425 0.180275877414581
0.921929957301219 0.181125781254978
0.918566665936619 0.186540485357056
0.925430834224558 0.175486055770572
0.917990061212631 0.187468729425388
0.906165127646148 0.20651093112864
0.919284674707873 0.185384057659991
0.918105737030873 0.187283701397165
0.906011859519591 0.206749766254732
0.910784283457527 0.199069406174966
0.926489658791524 0.173781526091222
0.909482584843049 0.201171246248669
0.919149663532296 0.185603231873601
0.903308127756256 0.211106684009784
0.914467473264466 0.193142142783809
0.919828619118372 0.18450903418991
0.90401727081174 0.209966970066289
0.922744941001803 0.179812777325882
0.908974759300547 0.201981858403905
0.907757579496908 0.203943343765313
0.908898456243759 0.202104231361377
0.898750603452245 0.21843831621399
0.920419211819313 0.183560711465311
0.905345945049992 0.207824585898643
0.915656616384637 0.191224877356691
0.910696681059802 0.199211086910564
0.910014885987826 0.200310596580188
0.920361998930328 0.183648641274283
0.92877573398727 0.170099183344059
0.896382036042697 0.22225638622433
0.92790485780839 0.171501990306676
0.903851485220084 0.210233641161107
0.922068961619178 0.180901947190637
0.895721451304005 0.223317815993866
0.917676298469145 0.187976240436625
0.920581770668769 0.183297058197492
0.920581770668769 0.183297058197492
0.901147366699223 0.214577631112335
0.917868957175228 0.187665034277457
0.874151109782749 0.258008235794724
0.91973040416819 0.184667001210368
0.913660883162283 0.194441080370168
0.909916295927562 0.200465182997111
0.92058667669723 0.183287677981863
0.907451201877433 0.204436929749427
0.899667271042797 0.21696440740219
0.921661245070856 0.181557722654094
0.907242458753422 0.204774332631655
0.900668209436827 0.215348634147344
0.897405153446747 0.220608883677357
0.910208108120399 0.199995974360041
0.902709172895039 0.212069134002224
0.904498997036767 0.209190944384526
0.874117356905003 0.258047087911257
0.920370142779553 0.183635807988845
0.913134068516445 0.195291162972226
0.922199358134739 0.180691346600205
0.922992504575417 0.179414836925246
0.922251243680304 0.180607206152539
0.901443064946844 0.214105544953237
0.919048605401278 0.185764959652876
0.922422821665096 0.180331344940553
0.920563611811043 0.183324886601186
0.926055530058374 0.174480090990854
0.911993273861504 0.197126796920934
0.920805031770874 0.182936110013853
0.900457246354414 0.215689853897375
0.874591288280181 0.25729764457161
0.928259966966947 0.170929716736233
0.924490887827819 0.177000192439085
0.900999521088757 0.214820570189704
0.926672060447659 0.17348790852129
0.925235286576783 0.175801846558955
0.915865591470267 0.190889370223239
0.925235286576783 0.175801846558955
0.873251292371875 0.259450837193987
0.877132585690608 0.253222739112479
0.899729663536679 0.216866281798744
0.921051474508448 0.182538778819064
0.910381550713279 0.199717978959167
0.927672287320739 0.171876366947314
0.919692178056572 0.184728375430184
0.919504949160674 0.185030972606378
0.925235286576783 0.175801846558955
0.924806733341602 0.176492595427208
0.9124786350372 0.196344778548591
0.924546807639488 0.176910736486545
0.874688923468203 0.257141371300018
0.906931869309641 0.205269470146955
0.874960205426986 0.256696222494442
0.923289725519193 0.178935755949171
0.900899972518019 0.21498202274568
0.879138065800284 0.249983784934527
0.912581423641689 0.196175622189973
0.919879896453814 0.184426134349288
0.920038481770519 0.184171149965489
0.91789903643995 0.187616263194851
0.920683682740317 0.183131800507194
0.905329634563556 0.207852625448963
0.918610671160996 0.186468844992798
0.919026685478268 0.185799447828745
0.90043997405795 0.215723155673735
0.916347501228741 0.190115250260667
0.914795336680151 0.192614053801902
0.920911891483809 0.182763959186233
0.918655578750966 0.186397576495677
0.916696782909466 0.189552538607496
0.926203619159918 0.174241628970438
0.908274467117096 0.203110423193148
0.914214625049432 0.193549457732017
0.926261194402456 0.174149221331171
0.918915863896357 0.185979480244728
0.914924729461762 0.192406497318339
0.907967984806262 0.203603707611447
0.928396075128526 0.17071074284695
0.903904690196304 0.210148625607431
0.928872528844174 0.169943063595785
0.920509468442762 0.183411613034178
0.910553378841815 0.199442183507413
0.919587153887708 0.184897808483943
0.896591581166546 0.221914007207533
0.903065015887462 0.211496527124767
0.914131936522342 0.19367997527266
0.920617768906623 0.183238615442425
0.9015410054206 0.213947722736466
0.875179148612736 0.256343221996394
0.906190223485711 0.206464292453158
0.926774609392125 0.17332174547191
0.925566700540374 0.175267761288846
0.906216406680002 0.206422253212201
0.872054575645169 0.261360647956821
0.925565947180495 0.17526890749167
0.924173871807717 0.177510138346065
0.904310991580611 0.209489839319996
0.904901919276578 0.208543680460875
0.898881677371348 0.218227336917473
0.923063657557607 0.179298658945233
0.919938673200904 0.184331867192865
0.921072524762089 0.182505249901116
0.911251047409792 0.198320216207623
0.91207251938812 0.196998479524594
0.917130977203316 0.188852478202878
0.919186556818229 0.185542893680697
0.911691615992253 0.1976088743313
0.911860319454041 0.197338876321162
0.925817334481532 0.174864269433022
0.92469757172699 0.176668062079905
0.900111802064644 0.216252468751483
0.90011775618658 0.216249114501834
0.905859257937753 0.20699790032679
0.923905634828471 0.177943381208884
0.914099299438257 0.193733653800534
0.914014002060569 0.193869591750643
0.902103931190422 0.213040879069827
0.906998948853605 0.205164070543045
0.906094740592802 0.206617437263259
0.921186547420795 0.182321503580853
0.92084963647655 0.182865115426871
0.915562875371791 0.191377190433646
0.918456989997289 0.186716469288617
0.923247775489079 0.179001668785256
0.919221181438326 0.185487174060261
0.914283600195823 0.193437818280923
0.906137649164173 0.206549112088121
0.914071616492324 0.193778680673442
0.92882011359059 0.170027511797144
0.926024283495034 0.17453066226183
0.922776500904516 0.179762175319727
0.919877987054605 0.184429518918151
0.923103351326371 0.179236043892929
0.923566109074995 0.17848904235106
0.926058089440405 0.174475892328838
0.909796143909419 0.200662318193072
0.918695627219639 0.186332820427788
0.910558531519644 0.199434938732729
0.912765103211275 0.195882897047312
0.912495439706368 0.19631615583088
0.927029837481622 0.172911138513393
0.916501269372629 0.189867255520248
0.896280575395823 0.222416024675755
0.918155209713153 0.187202193885884
0.905413757070138 0.207717937552061
0.909335839653058 0.201402072521949
0.919252064611338 0.185436759101942
0.918748128837001 0.186247146699211
0.878418169703676 0.251147588398162
0.901482744931413 0.214046136986465
0.927517136803441 0.172125969997229
0.912980061330725 0.195537182657995
0.922943789603798 0.179492335470723
0.920162217091239 0.183972124664299
0.900985043967237 0.21484279060857
0.925356575606521 0.175606137590842
0.921406303502582 0.181967181711694
0.91515934218517 0.192029796656226
0.876429341663453 0.254333797917948
0.909429263064613 0.201251379345854
0.901159531238558 0.214568812019496
0.870221687167092 0.264311362536262
0.915861387688813 0.190898761939971
0.914216087699063 0.193545501945938
0.914750391980812 0.192684194972444
0.923447443116257 0.17868011920353
0.923218663311949 0.179048992575854
0.90872140939659 0.202390501834062
0.874699688547979 0.25711483349072
0.922044266623737 0.180941863843133
0.906285338950586 0.206316115352548
0.909510818463842 0.201123773700833
0.918912328020909 0.185985050663071
0.921818387199687 0.181305092270727
0.924186965761957 0.177490387184649
0.914913713840712 0.192422899489501
0.918307538194678 0.186958707172827
0.921000291354139 0.182621913687585
0.912576260659847 0.196188292579413
0.923185166640691 0.179104554117337
0.911771959145053 0.197483852033702
0.907472678928304 0.204403772264316
0.915322115118334 0.191767538519455
0.922583391321266 0.180073885365116
0.923392491939441 0.178770711979156
0.922203006178787 0.180687401656498
0.917626262695813 0.188055420300724
0.923945936104197 0.177878908923534
0.921881319682193 0.181203621552878
0.381626496364946 0.754349579942765
0.92270171513327 0.179883910762338
0.921076914449944 0.182497651857172
0.369623871497987 0.759748754157438
0.920501518483372 0.183428030009888
0.917839920554692 0.187713734596625
0.918028658098187 0.187407121113965
0.34577480714178 0.770470414541546
0.332928945960772 0.776247536730273
0.36360986940294 0.762453554805226
0.380138473246929 0.755017640613252
0.340766769146497 0.77272748191192
0.338183942060189 0.773886967919241
0.359035045390506 0.764512831985785
0.365870359904097 0.761434680319694
0.343324001205877 0.771574964673085
0.913525769026136 0.194656510694962
0.271300552343306 0.803913167975261
0.371430563347261 0.758929174734433
0.341079438413327 0.772582339515866
0.91892471358002 0.185962665879182
0.92090266712137 0.182779568885507
0.920825018892839 0.182905363446868
0.321706286015594 0.781287387813931
0.922779981977831 0.179756785589839
0.289373644778636 0.795803457304094
0.328833978482409 0.778086778620987
0.302278130873556 0.790011522316562
0.280019782208241 0.800001121831461
0.281159976473428 0.799489224200976
0.294525848879103 0.793493116306521
0.921252945531156 0.18221623401097
0.303818965802157 0.789320630498335
0.279019203660093 0.800450693214861
0.924197345474188 0.177473669492831
0.280089792114796 0.799970090038958
0.267661082804141 0.805545372334113
0.280089792114796 0.799970090038958
0.272170912271836 0.8035221939424
0.285880082204175 0.79737087244624
0.274175196395129 0.802622702008418
0.896089350123518 0.222719720063772
0.911400455118345 0.198076202388192
0.919310876485892 0.185344109924816
0.915701718409119 0.191154441751537
0.327726491682446 0.778581709027219
0.278176057546852 0.800829488936438
0.27912844748736 0.800401905203251
0.273457395977569 0.802945491156558
0.291890430619175 0.794675480385658
0.268805675056331 0.805032352893359
0.271049983738966 0.804025108162723
0.926781408885009 0.173310894574484
0.274653862264543 0.802408544568436
0.295779884313061 0.792929438713936
0.920630252619554 0.183217208486719
0.920025338031586 0.184193043529806
0.921135069347526 0.1824063646074
0.914669798276759 0.192814800618682
0.913559608426441 0.194602899684426
0.92561374818115 0.175192177578478
0.91752398691539 0.18822158188669
0.910832009443511 0.198994866340133
0.919471083463837 0.185085588479722
0.91132963944068 0.198191907998094
0.924185425006884 0.177493049534526
0.922984221221453 0.179427515865053
0.925792869843164 0.17490408676663
0.926338610363217 0.174024519698901
0.917498102336483 0.188260746323662
0.907093157920471 0.205012645425086
0.918851225930285 0.186083318220854
0.902295908633679 0.212730627541307
0.910749956032421 0.199125366835011
0.903633859229305 0.210586125387166
0.339297825078934 0.773382354974722
0.900679129780694 0.215337638919927
0.901076817651557 0.214703544454216
0.311210071441674 0.786002513226639
0.297839077506847 0.79200335896169
0.926097145986483 0.174413398068466
0.367817827241321 0.760562771029947
0.914775182168121 0.192647685087823
0.923537354671295 0.178536520006774
0.911869659989741 0.197324959379388
0.286737138788469 0.796986485541109
0.909928734953249 0.20044849323471
0.922054124441271 0.180924792844274
0.919744376206062 0.184645080339888
0.915935603872215 0.190774956425037
0.909344100442174 0.201389362796037
0.896460548748813 0.222121125484489
0.917954996609855 0.187526645377552
0.900645811900286 0.2153893169567
0.923999106948685 0.177792495164824
0.925671335484664 0.175099412119934
0.906058468059117 0.206678237994642
0.915625765720283 0.191279251609875
0.923041058963824 0.179336884139155
0.919117364577957 0.185654419907276
0.917327020893051 0.188536866847823
0.917349860882467 0.188500894566757
0.917270377579535 0.18862911851235
0.90955425606527 0.201052057877452
0.917663863394928 0.187995145390581
0.924100925115148 0.177628985348522
0.361059170427948 0.763599196910552
0.91946366384677 0.185095701357794
0.922401286646975 0.180364899212104
0.915043313412781 0.192214135771328
0.90829227232767 0.203082189591046
0.349237263490158 0.768919356611273
0.923235181873269 0.179022883816397
0.925120074174931 0.175987185136934
0.927448330406364 0.172237399813843
0.925610046656736 0.17519865191494
0.925542707194973 0.17530653091103
0.902727254947553 0.212036669519938
0.905559922783369 0.207478282253921
0.909198743156788 0.201626185577925
0.917144071062185 0.188832729438871
0.905125706371166 0.208175547868563
0.91687486290464 0.189265012202947
0.915686296643328 0.191176434357724
0.906972780077397 0.205208537504102
0.924164988572673 0.177525795227769
0.918416943337295 0.186783525282845
0.911461305403723 0.197978194990294
0.904966974026894 0.208434105851349
0.905434614281606 0.207678263135596
0.922537189258989 0.180147089008102
0.380416395720341 0.754894856400671
0.910355226423763 0.199758491235244
0.904345713785722 0.209436837264982
0.923600718746075 0.17843510424821
0.902309203597303 0.212711944747474
0.897879056249116 0.219837412835785
0.902867507049666 0.211811160340892
0.902614817525666 0.212215964016146
0.905742644280651 0.207185369954415
0.903870028538257 0.210198698453929
0.918618941256759 0.186456079057082
0.912244378216122 0.196723607507901
0.91610589805017 0.190502080091541
0.918241284069589 0.187065196061084
0.917109691091274 0.188886393161747
0.38899562080356 0.751022122324033
0.903358532724934 0.211027408490107
0.917321640726144 0.188546660663487
0.904511253578414 0.209170232488763
0.922579746415831 0.180078875391041
0.916708343898272 0.189531449089658
0.903520044657744 0.210764968007317
0.90645408444285 0.206039731787503
0.922114788043234 0.180828048858179
0.906724261019142 0.205605434047012
0.925752892669668 0.174968024660794
0.925715521694786 0.17502874297675
0.906177666901901 0.206489104002628
0.923143552838276 0.179170191390468
0.906464499793501 0.206022069432825
0.899939218381675 0.216522800882715
0.916708343898272 0.189531449089658
0.879538398822841 0.249336399374678
0.92279285059364 0.179735999287867
0.877381252405623 0.252811710938616
0.877783664536769 0.252171682096301
0.919621161013884 0.18484400870891
0.902305333964481 0.212716115853061
0.919530548582694 0.184987813104741
0.922223397747434 0.180651738283621
0.906254165761323 0.206362846357416
0.906395764351537 0.206131911267493
0.90707106518193 0.205047159477806
0.875765308733757 0.255402393599521
0.912685221842739 0.196015145968719
0.899786044968853 0.216768433916692
0.919328152300899 0.185313015629276
0.901584071030351 0.213880783575378
0.900722109760375 0.215269864878175
0.912034585007672 0.19705635618531
0.908444095553739 0.202837218831419
0.899876740695566 0.216625318326587
0.920520719216727 0.183395544925385
0.876311629707987 0.254523042408006
0.904376011832662 0.209382403331364
0.923026044682972 0.179360296230994
0.904223797046792 0.209630253189998
0.914506808748183 0.193075804741828
0.924694095632401 0.176673075361344
0.87764874377451 0.252375876399818
0.901245856009607 0.214424958292312
0.897117436812558 0.221067117956961
0.905608839737292 0.207402472154265
0.910597401767184 0.199368429641773
0.90620376261384 0.206447133672139
0.901916202172415 0.213344062216013
0.911387674942815 0.198100947477901
0.905593842580144 0.207422446569754
0.906372342002601 0.206171263010816
0.873180876043733 0.259555272420705
0.910500949431855 0.199528438861697
0.910769703246373 0.199092652763561
0.91163215549593 0.197704761094004
0.874162655337947 0.257978018962585
0.919499326224958 0.18503985175854
0.906319600830121 0.206256942002834
0.87540885970892 0.255981098254796
0.907227928691482 0.204796764473868
0.912540667353739 0.196241562977629
0.900862929564918 0.215035642605806
0.916495041952184 0.189875697915414
0.904800356549449 0.208699619528901
0.907545978245108 0.204280714129413
0.869235130757647 0.265890883670553
0.917274041033939 0.188621867467572
0.916548604255533 0.189790487895542
0.903054317988268 0.211510091799797
0.916239138835127 0.190287794137194
0.927363370090284 0.172374302107681
0.909238184961953 0.201564865937114
0.875754848045518 0.255419202985788
0.902218577874053 0.212860572647228
0.899983826212877 0.216452796441928
0.903273103410972 0.21115770895844
0.898606196528139 0.218667649640764
0.91662981879392 0.18965767118825
0.916483306749034 0.189893250657593
0.90298685274598 0.211622644525016
0.917139897065888 0.188838545577214
0.912362193484236 0.196531848681862
0.905160958913172 0.208118815663164
0.898921975837352 0.21815984007491
0.918787313488093 0.186185989113948
0.915364959262938 0.191694069493525
0.901580265033792 0.213881399513766
0.911607173986345 0.19774430115133
0.918725988056221 0.18628393269443
0.909450330644553 0.201218661633957
0.9165928256397 0.189721123919156
0.908404357033541 0.202898802426425
0.914851845623428 0.192520404053933
0.900823828609291 0.215103180835152
0.898476863974645 0.218882536048119
0.902191634769732 0.21290008334262
0.922215665457288 0.180665748073179
0.309655884612978 0.786697902855389
0.912671269184597 0.196030365805638
0.918339612008776 0.186905821145729
0.916474998919985 0.189906707175793
0.912746919600975 0.195909276776933
0.924140196327458 0.177565231270024
0.913075335515191 0.195383239589133
0.921960606921298 0.181077622187353
0.922500392269457 0.180207233632418
0.916483306749034 0.189893250657593
0.900364889564318 0.215844878419621
0.900255068039997 0.216016921194002
0.914667648554999 0.192817866351294
0.896760713017202 0.221638232670872
0.922357817890311 0.180435019411181
0.910819938179586 0.19901075858409
0.901438501967934 0.214114395222549
0.914276912562268 0.193448099921152
0.924599639316385 0.176825379010839
0.896213182686359 0.222522303949641
0.280042893290208 0.799990316692201
0.915055316165218 0.192192768756838
0.897527126816305 0.220405266147436
0.898620831064397 0.218642510505873
0.876516480437462 0.254194303693041
0.918265089334585 0.187026319464963
0.905605095439616 0.207407147819321
0.91311059247557 0.195324718972835
0.901431289061885 0.21412591264236
0.922657723879906 0.179952378772132
0.898126461445167 0.219442868410571
0.903245624613361 0.211200816092156
0.919305745689629 0.185348950198733
0.906252323197139 0.206366928911805
0.879084532716716 0.250062993056719
0.906186846374298 0.206473870054807
0.918638044074629 0.186426817107889
0.91155504965609 0.197831953396289
0.917026099336326 0.189019547887142
0.898917488650071 0.218173377968999
0.91680656115458 0.189374421465872
0.903954685602352 0.210064656733313
0.918485167203256 0.186670534124082
0.911937414534229 0.19721792513581
0.906215643205559 0.206422314425865
0.9005469909763 0.215546443703183
0.875365212869592 0.256057960597493
0.875792833244877 0.255366575017107
0.911613796199303 0.19773526326519
0.898716533126072 0.21849393454599
0.876857363645167 0.253654278485528
0.905793624631411 0.207102793458083
0.899148531347346 0.21779944682579
0.89920598537934 0.217709695566277
0.904146848499225 0.209755646738437
0.899120844654976 0.217844720482463
0.899708636313149 0.216899874890618
0.899937226422633 0.216529568349936
0.913810429276323 0.194197107162176
0.904846917218824 0.20863094459086
0.90469726736917 0.208868455707931
0.902874464022466 0.211800992281205
0.910354996314763 0.199759808412148
0.903574672995587 0.210674092299242
0.91435049011911 0.193330044348633
0.911297131934791 0.198243646873073
0.913008542233652 0.195492828764073
0.908624109634643 0.202545935391857
0.912345999818649 0.196556779404894
0.899347487178976 0.217478007713042
0.912460379300058 0.196371025098918
0.907059183463288 0.205064862568418
0.898778168445139 0.218395093449591
0.910341087287166 0.199784909962233
0.89812077564668 0.219452387616653
0.916146871466334 0.190434981090479
0.91133775857834 0.198178097796842
0.908600641309151 0.20258695721058
0.91435049011911 0.193330044348633
0.912245054843038 0.19671829409956
0.914786888039239 0.192625594303564
0.91013161923483 0.200120003412493
0.913695594472971 0.194383481697076
0.898430974399697 0.218951898207407
0.900687855406934 0.215323795175304
0.913647518883227 0.194461469654402
0.914641559342572 0.192859408220503
0.914724573338936 0.192728173073563
0.914957326843256 0.192351372397475
0.878584470435253 0.250875065420689
0.872871900407436 0.260054191243904
0.910091697533249 0.200185584300071
0.921648528081309 0.181578683209724
0.86909316890705 0.266130498812084
0.871836933957914 0.261717864003296
0.922990722969114 0.179416133614853
0.912553621755281 0.196223217222173
0.904713562023179 0.208840494111754
0.918138251555441 0.18722984813284
0.904713562023179 0.208840494111754
0.91093132620713 0.198832768348204
0.913370158860797 0.194905282234779
0.906366611104014 0.206180846235759
0.903708943228976 0.210460521130792
0.907768444382131 0.203926600216883
0.91240987680973 0.196452850589896
0.914679061849047 0.192799968339983
0.921967244795121 0.181063947332989
0.922515484046636 0.180181124097111
0.90616081313787 0.206515444433315
0.905821068921317 0.207058174260608
0.90979052938449 0.200669937136877
0.922698829868685 0.179886693765732
0.905736327818457 0.207198375030969
0.898403705127116 0.219001344284014
0.909240428490748 0.201554605355729
0.89759125693696 0.220305559613082
0.900130022157596 0.216219219376055
0.916992971164288 0.189076367675804
0.914078893416362 0.193766213786126
0.901195862528041 0.214504279988376
0.911342658229671 0.198169059447544
0.902735266528401 0.212028222471409
0.909835532308939 0.200597381093066
0.908666910798369 0.202478835448222
0.898825311764651 0.218319507388214
0.906126764090484 0.206569867067285
0.909185213266346 0.201645211467966
0.919242034677241 0.185454562912123
0.909192505891395 0.201631403673032
0.91962818199447 0.184831031076543
0.90274574625452 0.212009080150962
0.926917183726661 0.173092405342068
0.923961817187156 0.177853195160288
0.916464255040096 0.189924377160131
0.91449934708535 0.193088380124777
0.926336016944662 0.174028867345852
0.921702442731546 0.181491455238503
0.919561654728954 0.184938929892187
0.91405165418603 0.193810770174724
0.924573084814544 0.17686847698375
0.910881711367064 0.198914865364189
0.926705887427327 0.173433043663906
0.902396181921021 0.212576052259203
0.920160307360147 0.18397437468675
0.91137859068943 0.198115751116484
0.924066792705587 0.177683759270119
0.918474357737766 0.186691301130015
0.900754654101581 0.21521762358294
0.911625924152963 0.197717399802611
0.903905622242346 0.210147509921435
0.916503084813528 0.189864097470303
0.910473493206924 0.199572073305587
0.923810990861497 0.178095113031481
0.922136255626957 0.180792665008659
0.902589916865909 0.212263363725224
0.916118018339562 0.190483800303099
0.923881075945315 0.177982855395209
0.917478560264858 0.188294125165846
0.904662160278058 0.208928378400354
0.906594379973052 0.205818883768772
0.914116027003802 0.193707621454272
0.902858499094315 0.211829136818238
0.914975636341182 0.192323418454086
0.917428756443828 0.188372984018358
0.920579653206717 0.183300306335411
0.92252703894019 0.180162477370899
0.923560476183407 0.178499663475348
0.907098992594673 0.205006344519397
0.926709048767446 0.173427951452005
0.912029095808264 0.197066605305058
0.924563762637172 0.176883506822253
0.922338400835127 0.180466038031133
0.916383158590441 0.190055672289521
0.911820712894151 0.197402205537759
0.913105161664249 0.195334233289165
0.916273568740982 0.190236475922026
0.923253880068915 0.178993677208187
0.913842835576793 0.194146276002914
0.903244214021708 0.211209346659414
0.91986949431553 0.184443195595866
0.900061324859958 0.216336196783956
0.901602672415847 0.213849974268441
0.897050515891786 0.221173536788388
0.910260938923525 0.199914708981388
0.916143423832462 0.190443696330763
0.89757972703924 0.220330124841031
0.919177345165627 0.185557081127154
0.896306741992615 0.222376257065516
0.902041387631954 0.213148172920183
0.90937161243407 0.201344561518271
0.904818375337219 0.208676431652368
0.897063850108993 0.22115487073404
0.902713249644139 0.21206249684577
0.874764112505145 0.257019980754531
0.874343253351388 0.257693978706473
0.897631299343869 0.220243599947968
0.9227961788145 0.179731244253564
0.898388725454433 0.219018180229292
0.904728567827382 0.208817902987593
0.902225928452645 0.21284810953219
0.926503870700112 0.173758331422003
0.925750910250039 0.174971320760431
0.917695538937889 0.187943947223204
0.9196307659949 0.184826608588508
0.867613090860798 0.268511650242747
0.870054979499722 0.264575487474799
0.91477057125929 0.192651676094073
0.925585364142628 0.175237524541807
0.871790010946836 0.26178973509162
0.898585505925626 0.218707821388126
0.926700785393881 0.173441258604536
0.919107506957736 0.185671606375877
0.914173179609951 0.193614300838924
0.921685086811806 0.181519751435063
0.918391458138251 0.186823978002831
0.912719671410875 0.195956544235066
0.903417059317005 0.210932885542193
0.92310209048411 0.179236478824975
0.909360890499816 0.201361839401851
0.914084898396073 0.193759755185119
0.875797221064004 0.255352843222022
0.902960591770758 0.211665494325466
0.926890234304828 0.173135752158144
0.916567116651409 0.189759727024264
0.877044775894983 0.253349474995438
0.904913633499144 0.208520725050257
0.912768637019141 0.195876198995702
0.92335426054484 0.178831148867178
0.910265844205071 0.199908647594073
0.903898338081168 0.210159285777475
0.924432532718692 0.17709445465077
0.910241638847599 0.199946985954724
0.919867581901901 0.18444511289613
0.924677751002545 0.176699694407668
0.922498708798579 0.180209587725922
0.910833191797477 0.198992656897418
0.906587302449765 0.205824761775809
0.90741449048019 0.204497514817194
0.926875338126332 0.173159747958197
0.900876493867316 0.215019417285273
0.920770045257381 0.182991746821448
0.920291316593612 0.183764598592322
0.901151827980404 0.214575855313399
0.916675362458392 0.189584637902638
0.915428130651015 0.19159383047506
0.917236391006286 0.188681699283495
0.911661854008644 0.197658314055702
0.915701654124232 0.19115566399799
0.91672137202836 0.18951171055061
0.919096927879085 0.185689071164313
0.906187816146144 0.206470379250737
0.92344404405011 0.178686727610643
0.907327296776548 0.204639288442635
0.920508325196973 0.183415555152116
0.907488951269671 0.204377582586883
0.89832600752145 0.219121142387159
0.924674870610458 0.176703572313453
0.918004089411093 0.18744842046233
0.911294143870091 0.198248647021734
0.915254959369704 0.191873330928782
0.91288958869045 0.195683730718559
0.900876493867316 0.215019417285273
0.873096239178729 0.259706895192351
0.925578653210714 0.175248330550202
0.91292112892755 0.195630474235806
0.876275360493559 0.25459280573686
0.920617689825517 0.183239762454765
0.919690216299002 0.184734117573079
0.916364724961784 0.190087000767927
0.918836658892883 0.186106620309518
0.900373138306105 0.21583214741546
0.922815176502398 0.179700091467591
0.918577084568272 0.186523850669736
0.869577143421875 0.265365711768159
0.918804294019336 0.186158847404448
0.899373681202072 0.217437397149411
0.922994982035235 0.17941042803071
0.919480308118856 0.185071917312137
0.911585523110187 0.197780650728745
0.92260719938631 0.180034362907501
0.907619088882591 0.204166706585716
0.925036126209404 0.176122446145028
0.918929329505219 0.185956597662016
0.917563781808203 0.188156576063595
0.912189162799106 0.196809303337629
0.922294378811832 0.180538063884882
0.89981919827323 0.216722466582266
0.902147595772683 0.212975384251682
0.909702143346238 0.200812933753692
0.905964481701537 0.206834083917805
0.873613681094154 0.258868907690682
0.916115669108758 0.190486767786187
0.920832303137881 0.182891647208948
0.916328780850298 0.190146087072893
0.905706227845932 0.207245774174148
0.92354668013423 0.178520461525219
0.922934029598692 0.179507401890215
0.924901804462083 0.176339043058696
0.910724145506652 0.199167080276972
0.922954295007526 0.179475383571632
0.917152368225087 0.188819293129159
0.911092187808239 0.19857564117683
0.91540544094598 0.191630599984536
0.923165078605044 0.179135868431783
0.875300828887633 0.256146631860695
0.909133393126081 0.201727935921145
0.905546359044416 0.207503210141675
0.913103922034356 0.195335454802544
0.925547479860514 0.175298324786548
0.876450858719078 0.254318217424194
0.912896996513612 0.195670219930914
0.875931873541498 0.255137238474222
0.878099173232087 0.251655742424014
0.926882272751266 0.173148571807989
0.870670333072148 0.263604309031456
0.921353804872584 0.182051599607908
0.926890940223012 0.17313461319231
0.920459936333343 0.183493066441504
0.925583182183764 0.175241038913892
0.870648289989004 0.263636494858017
0.911271159946791 0.198287323564954
0.870363128863518 0.264095966390758
0.920978785947338 0.182655593772131
0.927854873166996 0.171582399150658
0.871500670398885 0.262278649949935
0.904753689092649 0.208783728551405
0.924312820621845 0.177286823754823
0.925679667087906 0.175085382036329
0.922736724330827 0.179825393275452
0.918653135595645 0.186400188025448
0.904564734173146 0.209083234099713
0.909047813941379 0.201871051405702
0.919987293407255 0.184253965857002
0.908195746192606 0.203237551569879
0.913109272006291 0.195326467141356
0.925869915776961 0.174779678119999
0.916240053116049 0.190285690525278
0.923810027377816 0.178096081080946
0.919763822676774 0.184613338347988
0.90295772778396 0.2116702084779
0.911982824847522 0.197139582381217
0.913359818961169 0.194922711336665
0.928395079326004 0.170712171829953
0.925987852968718 0.174589510947163
0.906110273843078 0.206595192880691
0.906888313791517 0.20534612385881
0.923704439658156 0.178266539350068
0.902312186225989 0.212711193868448
0.913947895812735 0.193977439930893
0.914752871703965 0.192681185636421
0.902837590001275 0.211862631388251
0.872265993398037 0.261042343052648
0.868424069264349 0.267206698631783
0.91607928868056 0.190546443526292
0.909842391971869 0.200587858517096
0.874549661371507 0.257365690785846
0.879019830042364 0.250170345230304
0.914574481896759 0.19296861356606
0.911435029177827 0.198022361141322
0.92190370551849 0.181169673763782
0.927854873166996 0.171582399150658
0.926417026390557 0.173898219946081
0.924552689097522 0.176900030302545
0.903377437381957 0.210989300359018
0.927878801996144 0.171543860106366
0.924113343139482 0.17760799887629
0.919001286700919 0.185839526068229
0.912925661843811 0.195623626951916
0.900907416081874 0.21496676145651
0.908373503256865 0.202948947443533
0.907255117169982 0.204750665790546
0.918154213491619 0.187205046966223
0.902163815273061 0.212945319944463
0.928037317197213 0.171288099844709
0.919159086144262 0.185587752360601
0.913655305132685 0.19445177773759
0.921876855193502 0.181209171821885
0.927936747020047 0.171450151510484
0.908819457691616 0.202230832231074
0.924608006499296 0.176811199179458
0.900010928348008 0.216413384129249
0.917552626055507 0.188172847172641
0.920753485699182 0.183018103583831
0.906787896030218 0.205502472005376
0.917759190443767 0.187841987737945
0.915282331725676 0.191827302411487
0.915584403783926 0.191341743594028
0.926418194685663 0.173896336130445
0.908219041994597 0.203201440085816
0.915602000970713 0.191313696435743
0.923255406204578 0.178989500869432
0.902155494997448 0.21296132515093
0.912342643806684 0.19656106977541
0.877999323721171 0.251809312790009
0.916412461650003 0.190007466161137
0.906603711350552 0.205804082829365
0.90452333668575 0.209151803319432
0.915217730842581 0.191934426470965
0.902777413989126 0.21195705811908
0.91123376214702 0.198349418833378
0.917733309010789 0.187882660732401
0.925389390603077 0.17555335543763
0.908721268517457 0.202392058925581
0.917863564715795 0.187673257778313
0.905073312635592 0.208262968442323
0.922195353607558 0.180697434848634
0.909014838591643 0.201921885626586
0.916317826725649 0.190162567058871
0.910186916661932 0.20003044200025
0.922753897778412 0.179798699148275
0.89730424920493 0.220769668188648
0.900001801098875 0.21642644200933
0.869349221406912 0.26571509107045
0.898997121878328 0.218045881722322
0.911524643680312 0.197877470669794
0.910855429263532 0.198959030095811
0.907483670056951 0.204382480341765
0.901051378742408 0.214734773606675
0.910965313166243 0.198780239611834
0.917813994526726 0.18775111664657
0.920740075119782 0.183040661496915
0.902149178773978 0.212972276616787
0.878293340763107 0.251340021143253
0.927215586309081 0.1726118044107
0.902939298777205 0.21169832326899
0.908995992864999 0.201953143880933
0.904744874911313 0.208791738420526
0.91170936339653 0.19758059364455
0.898271454045654 0.219213427197407
0.900218826452694 0.216077365803617
0.908500765548619 0.202743550549033
0.914288345841051 0.193431357100652
0.900061864341152 0.216335733657206
0.898966850683392 0.218089570370901
0.920563199982199 0.183326228998161
0.920155054910233 0.183982635653934
0.899982559820966 0.216454391618491
0.897162455318491 0.220996647199222
0.916286054248597 0.190212235801949
0.90224773590661 0.212811503527086
0.914616624441261 0.192903297810883
0.901834230750952 0.213486275352394
0.877723806366642 0.252259380314942
0.909445827315206 0.201224449364771
0.912316695211431 0.196604351977031
0.905030257803846 0.208332843666976
0.917947179682985 0.18753809705389
0.909786437372368 0.200677982645581
0.909177081978179 0.201657333031352
0.91903944982966 0.185779509612682
0.908387753506646 0.202929371099231
0.899533195807698 0.217180279514878
0.91834747198678 0.186894367332169
0.902726428554027 0.212041721396092
0.914812040487198 0.192585899782829
0.90827963239356 0.203104882512684
0.915037943026891 0.19222338229289
0.918997428921412 0.185846982795201
0.918439060470628 0.186746792756693
0.904221170206985 0.209638641548997
0.912969764176151 0.195554038143365
0.909293487139591 0.201473840149814
0.912726046053326 0.195944911538633
0.923181659310304 0.17910947186356
0.924226900998057 0.177426098216029
0.919448457605933 0.185122263938982
0.921124529755152 0.182424438441092
0.911166835880129 0.198455920750616
0.91059495759716 0.199376365604272
0.911245380927725 0.198331638602197
0.868695046471709 0.26677132846185
0.869872156263208 0.264880391687888
0.901454969752742 0.214085682699006
0.903950684728253 0.210071427732184
0.911762525168425 0.197496123593739
0.914276119313991 0.193450153405402
0.922101057386886 0.180850394894817
0.878063750064933 0.25171055428076
0.909070347217076 0.20182956998332
0.916301246497911 0.190188929973656
0.905453271195311 0.207654505440383
0.921126910098994 0.182419043861685
0.899390647040194 0.217405319226495
0.906221557465199 0.206416445582655
0.896672137839279 0.221782261803362
0.916271162279313 0.190237380849326
0.924154444272348 0.1775434348299
0.918210961936014 0.187113352885911
0.915267057757534 0.19185305004879
0.90279221679043 0.211935292965024
0.916108125228691 0.190500419115684
0.924202648733821 0.177465784822018
0.921600020560349 0.181656430735313
0.921248876711713 0.18222156931855
0.92087549374306 0.182822646797107
0.909710151233804 0.200801024764735
0.916860189460514 0.189290829472393
0.922447489732992 0.180291035511934
0.923432352181306 0.178706821129838
0.911731574098298 0.197546590939226
0.874913152337422 0.256777297004272
0.926068136099458 0.174459877369591
0.911791976850854 0.197447573117331
0.91360988011359 0.194522332311093
0.913260375482996 0.195084203682168
0.914047703004218 0.193816167440129
0.908479472359191 0.202780943514868
0.904450970214071 0.209269610913913
0.905444717553652 0.207668398818666
0.912902048005922 0.195659437271368
0.920868637557749 0.182834388353086
0.918591381362681 0.186500418073406
0.912570355376621 0.196197172805484
0.907285855414998 0.204703804631295
0.911988720517718 0.197133597629887
0.906823278797298 0.205449491630366
0.912816474076738 0.195798230510824
0.905052040357189 0.208295144848389
0.911201146138711 0.198401513551339
0.917087354130907 0.188924569278383
0.926245186399746 0.174175290784403
0.89958897697862 0.217090251969932
0.910470607423409 0.199576321270407
0.919232044294693 0.185468577093212
0.904873482651566 0.208588743976202
0.916151368005918 0.190429248150132
0.913274151798542 0.195063153648716
0.905394701472015 0.207753047994882
0.922900824238359 0.17956134340341
0.908370747431757 0.202958003134346
0.902510033075184 0.212392553944564
0.876674288170463 0.253947920842678
0.896945694836243 0.221337476834704
0.921824822644174 0.18129480943587
0.90292573728374 0.211718185563088
0.911589058878907 0.197775615407279
0.923726532100124 0.17823107067231
0.919374732999489 0.185239011344256
0.867939984166651 0.267976420346761
0.918868749969512 0.186053892930653
0.924731854152062 0.176612714435682
0.917138361850558 0.188839872162099
0.920629090417176 0.183220324243271
0.876845593696014 0.25366436944625
0.91978387313232 0.184580381559032
0.899385697917116 0.217414997598557
0.89632426643213 0.222338414395985
0.926068109840876 0.174459919661747
0.873694943259492 0.258735716148642
0.909429742779169 0.201249362729291
0.90869866003373 0.202426239843978
0.916531341796465 0.189818159564548
0.918537345831533 0.186587601768585
0.904238000623086 0.209606108865458
0.904120234939031 0.20979739208724
0.912844510931385 0.195752337867304
0.915718094009165 0.191127875979766
0.911201171353696 0.198401472934739
0.908538765709262 0.2026886239603
0.918799554032309 0.186165485311804
0.927840186174427 0.171606118531834
0.919661822822548 0.184778633344573
0.92708819387554 0.172817600759397
0.924137711786779 0.177569636456659
0.92612206852021 0.174373706939668
0.877642166009262 0.252390973243699
0.92119812127218 0.182304393121211
0.923426324497873 0.178715942350793
0.923142665744614 0.179171739332086
0.922908093903272 0.179550556004538
0.922391940020147 0.18038064627723
0.924860854442205 0.17640469956142
0.899454469182088 0.217305616289248
0.920925678085072 0.182744146253669
0.90820847896421 0.203218398216621
0.923861690807656 0.178014660586308
0.925793121899474 0.174903551131088
0.919535034594017 0.184983019553755
0.900553195534731 0.215539993257332
0.915075681081947 0.192163583912797
0.921268075788138 0.182191183323856
0.900234767469738 0.216049919908272
0.926274456172463 0.174127907152091
0.926278808552218 0.174120894732244
0.923861241808455 0.178015374330621
0.92400377801544 0.177784998700236
0.896674262597857 0.221780588346966
0.913197244666484 0.19519030188381
0.928774598291138 0.170100848535107
0.920428963485115 0.183543515190727
0.908979704911593 0.201978605524768
0.918465843003534 0.186705420799527
0.875286917449255 0.256171845283019
0.878943225570261 0.250297111214695
0.900008656482757 0.216422337290215
0.91070827983538 0.199196605868467
0.91070827983538 0.199196605868467
0.910767034137506 0.199101233749784
0.912951287243547 0.195581906697788
0.908968791872103 0.201993328369314
0.917307508654879 0.188570699368419
0.917307508654879 0.188570699368419
0.916172003513442 0.190398739613876
0.916685981360165 0.189569733023959
0.91562927073502 0.191272857237936
0.910747098586916 0.199129549781371
0.91562927073502 0.191272857237936
0.91579514124564 0.191004184216542
0.914909581886751 0.192430574970505
0.918684907013101 0.186348967715156
0.91814402035695 0.1872221756433
0.921399979907954 0.181978628164907
0.921336656626619 0.182083197146608
0.916165168743953 0.190407629515347
0.915706921198892 0.191145049548335
0.923313775421507 0.178896999678036
0.906123831780961 0.206577081953457
0.912153925113842 0.196869480334359
0.912153925113842 0.196869480334359
0.92344946542099 0.178678074362514
0.923210907465018 0.179062667800822
0.923122382001116 0.179204574540534
0.919957703768483 0.184300680173301
0.917563247769948 0.188157530200758
0.915034270209369 0.192229377195618
0.924071159987888 0.177675907015424
0.920763854448021 0.18300409428358
0.926737404101408 0.173382014885324
0.923120804700369 0.179207116093014
0.927079904119143 0.17283073556103
0.920763854448021 0.18300409428358
0.924406874825429 0.177136663665979
0.924851247809914 0.176420458777706
0.92024665893792 0.183836827181076
0.925235381281806 0.175801677260005
0.910582354999068 0.199399845318751
0.924363718074824 0.17720549180282
0.924849714270685 0.176423234729243
0.924044227071306 0.177720220383397
0.920251821815922 0.183825886970026
0.920248948274002 0.183832786736325
0.921685396232669 0.181518851766217
0.917733278619121 0.187884607383257
0.91863128858127 0.186438208059071
0.904359666519587 0.209413779253322
0.922166364369501 0.180744716841058
0.924682880047401 0.176691391582122
0.923253534091014 0.178993951084915
0.921219778625811 0.182269947191434
0.91803471073842 0.187399061747463
0.909704949004651 0.200810969423078
0.921186375990452 0.182323104312214
0.925295522737014 0.175704802457232
0.905612100996412 0.207400581189455
0.911646152483652 0.197685446440871
0.911277142616407 0.19828115970593
0.906672062972401 0.205691865732438
0.912243550291808 0.196724675359295
0.918784547587787 0.186189622094525
0.900659327517065 0.215370170521129
0.920266037858182 0.183804445629473
0.920004005939628 0.184227755204965
0.921973158976095 0.181056175880996
0.915854865349212 0.190905341567743
0.911303769462462 0.198235559051766
0.922682220929841 0.179914103857665
0.911993919337081 0.197125983060365
0.917509760977676 0.188243328776781
0.902978306974201 0.211631987799453
0.923253534091014 0.178993951084915
0.89980174774228 0.216742915477756
0.920030233250922 0.184186622491908
0.921022163949462 0.182588686879021
0.90215779613877 0.212960011322487
0.901179179712339 0.214534208189851
0.910760121749308 0.199113138800065
0.924540451786824 0.176920731305971
0.911951304966088 0.197194332408237
0.922633426824124 0.179992414926166
0.91412363042727 0.193694130559104
0.926872104974132 0.173165242495743
0.916610700665055 0.189691722132542
0.909606240741503 0.200971707687326
0.898643967496026 0.21861075294319
0.920025651199927 0.184191956386545
0.915314459589966 0.191778060681268
0.924111932495414 0.177611206320617
0.90216715446817 0.212941956757034
0.92798334550331 0.171375345406058
0.914726799864877 0.192724570477423
0.914749308071263 0.192690222416701
0.910843557726349 0.198977934905539
0.918943592037205 0.185934717557598
0.921692298148659 0.181508205830475
0.920469048681217 0.18347967933359
0.914034330631003 0.19383815792442
0.907879786355241 0.203747395039833
0.909251370986594 0.201540707061108
0.876080516064612 0.254898105499798
0.924592008524046 0.176837767732007
0.911534835552374 0.197865955474473
0.926122873848629 0.174371756954104
0.873095306114261 0.259712548396408
0.914531408050667 0.193038309224042
0.912962823256637 0.195563761377139
0.916439089692857 0.189968912839102
0.916689016884971 0.1895650115768
0.916661202496573 0.189607811830297
0.925299463261829 0.175698033198881
0.91610477323965 0.19050749982333
0.910376690118293 0.199728688068178
0.921791198924349 0.181347910848661
0.906614319000243 0.205784084007192
0.91758697580057 0.188121188999439
0.91120231418527 0.198398160375881
0.911738924290815 0.197531588833607
0.905792285813307 0.207104152171581
0.920970302096089 0.18267099604336
0.915104126689367 0.19211544529994
0.917528338485983 0.188213434029502
0.911806217013981 0.197424891595352
0.920014919504068 0.18421066050292
0.912622604291101 0.196109542418141
0.925659160794069 0.175119275508306
0.91263771721596 0.196085251651661
0.912272135333501 0.196674090764959
0.909428173768544 0.201251565305992
0.914176386461591 0.193609414382989
0.924164724745731 0.177526016466126
0.914527202321348 0.193045076161656
0.916516415142019 0.189845289009155
0.914066114518172 0.193789536213223
0.903558315752377 0.210702927611516
0.914096003298571 0.193739986238906
0.922925420509005 0.179520692094547
0.915166728481697 0.192015994877095
0.905713965559067 0.20723130361419
0.920716923702361 0.183080240368574
0.916756065361494 0.189455943291503
0.901229667727518 0.214448557190534
0.915591827547094 0.191331287450307
0.901729157452436 0.213644726259897
0.907196303099623 0.204845479341153
0.918935356026024 0.185946986445347
0.903788920201223 0.210329434737699
0.896001022822591 0.22286616124619
0.906601271338586 0.205809347654894
0.909838196095716 0.200592478702414
0.903251426123387 0.21119762933957
0.918671923332738 0.18637194318424
0.910482184935246 0.19955492174009
0.905411938793563 0.207719270318086
0.903847155737008 0.210236003191124
0.922531175285228 0.180158682471025
0.919995589700003 0.184240556709848
0.923293802742612 0.178928712061975
0.906234278758908 0.206400684160902
0.918116484057817 0.187268229673006
0.898368072685065 0.219064365130082
0.920814944675047 0.182919735376284
0.913776326347521 0.194252939220384
0.907839898706675 0.203812276831909
0.918280143024008 0.187002387065476
0.910092012046204 0.200184762888407
0.929377702292084 0.169129458172845
0.928568999895786 0.170432084885813
0.918329655974349 0.186922282146964
0.906346838413773 0.206216649740507
0.899498486599986 0.217242196959638
0.914993752624544 0.1922922967945
0.909527566047827 0.201093206739273
0.872937940757451 0.259957716957663
0.912739209378026 0.195924374653721
0.910674707122926 0.199251014681217
0.901099620124126 0.214659738024378
0.911911144842788 0.197260289961198
0.922721083907147 0.17985082899104
0.913577849154446 0.194575508044468
0.913334690164548 0.194962797143652
0.925396167794327 0.175542260569978
0.899025866732042 0.217998741209256
0.907945063292015 0.203641820503853
0.910089132665499 0.200189480867226
0.913986278462557 0.193914111169298
0.927548207068559 0.172075945077731
0.923372085612716 0.178802313688463
0.920688661507674 0.183125861777405
0.906644108349323 0.205740499132626
0.924157379619906 0.177538644382275
0.918540647059883 0.186581722997875
0.910851433727271 0.198966099288572
0.905148919894222 0.208141224491207
0.913539271626827 0.194634955863265
0.920684807953091 0.183129651112269
0.923955673015548 0.177862306659612
0.905875280310521 0.206970658696917
0.922670057311592 0.179932357244915
0.898807342947009 0.218351930265809
0.921307060969825 0.182127273022605
0.904775794217635 0.208739485384564
0.905790596712472 0.207110570835711
0.921485504487578 0.181842041387366
0.9175668948544 0.188150908104024
0.908603449875572 0.202585535572697
0.912680632223637 0.19601733718019
0.902496616746538 0.212412141313622
0.906213947945122 0.206427541530951
0.917679586967244 0.187971143123358
0.911687624682399 0.197618896861811
0.877777688154089 0.252174986142419
0.908821222070595 0.202228430549324
0.896626121519505 0.221861299352286
0.924322669055062 0.177271683971972
0.922390468990562 0.180383914519233
0.918380083401806 0.186841373321393
0.912310235512223 0.196616276417339
0.912123693307731 0.196915424437687
0.927590236186204 0.172008250859048
0.912085141336328 0.196978324241679
0.9185008601329 0.186646265873901
0.918067376631294 0.187344725027151
0.922670065483167 0.1799323440841
0.90984207265995 0.200590118103464
0.903918027889279 0.210130770215051
0.926125159153525 0.174368090440871
0.903973935896255 0.210032434391926
0.916712833703065 0.189525755300688
0.914836228768782 0.192549756346267
0.900041715130049 0.216360904925542
0.916650085093356 0.189626208882919
0.915524139499011 0.191438228417203
0.916986089676283 0.189086249492874
0.918380083401806 0.186841373321393
0.927409977004596 0.172299164241373
0.927569255411344 0.172042044673579
0.92621721523048 0.174220359896081
0.89880875049313 0.218346170447088
0.91077940735438 0.199079927876135
0.908514161664778 0.202727754651528
0.925080759898535 0.176050585311505
0.9158050156268 0.190987177356922
0.921246733655755 0.182225019816393
0.910060233383643 0.200237081706786
0.921705415512018 0.181488740626896
0.90825861638902 0.203138216079374
0.913460057609109 0.194763158910645
0.912658340794204 0.196052026343233
0.922714869741291 0.179860219539075
0.90193245157841 0.213317201393829
0.926505105733314 0.17375599302316
0.902445518646803 0.212489793330268
0.92038777095773 0.183607679741837
0.913217332405655 0.195155012488473
0.915905702000379 0.190825920884162
0.921115526870759 0.182436623192743
0.899432688866623 0.217342045732449
0.909105779916939 0.201776175325732
0.923475992815096 0.178634928146178
0.92372127707325 0.178241136525921
0.89707226088926 0.221140381095488
0.91657979691438 0.18973935030598
0.900780659928104 0.215171784218946
0.926424469215641 0.17388614297377
0.927387231254096 0.172335288776873
0.920618497712735 0.183236792849678
0.928224595889965 0.170986725738564
0.898424863068249 0.218966940350109
0.907045779073775 0.205086451394094
0.917215227473081 0.18871670657667
0.928836700407838 0.170000780782594
0.918949721082655 0.185926507286351
0.921677940036269 0.181531442023289
0.922067355174786 0.180904309389197
0.900818539966245 0.215110559578969
0.921307061975218 0.18212727140336
0.924044316838002 0.17771902399647
0.913451708302611 0.194775885662501
0.914762144865093 0.192667011803594
0.914899170236172 0.192446451672715
0.904188531082486 0.209688825100749
0.920041416873977 0.184165939903794
0.905367495949795 0.207788742549627
0.920255344364638 0.183822074952527
0.897611192637991 0.220276001223288
0.901744089459956 0.213620886705281
0.919493559104408 0.185048067066072
0.913597710052924 0.194543053525082
0.900798766437381 0.215141077578829
0.904577363785123 0.209061585476079
0.909043490698049 0.201872953336266
0.907358720759036 0.204584886134488
0.921295406837726 0.182147549766343
0.911147325932872 0.198488149230519
0.923758042999416 0.178180358369087
0.911346025277947 0.198167664664044
0.923057464496001 0.179308712045809
0.921366157523021 0.182032954181342
0.915180277683355 0.191996174379833
0.923020088277102 0.179368805171495
0.913381448130116 0.194891477885577
0.914845343217176 0.192533930159496
0.900900836324143 0.214976584154491
0.913189345403438 0.195199745283051
0.902837881392503 0.211859358933298
0.903262492561051 0.21117740743506
0.923219863794024 0.179047583890667
0.915759403568033 0.191063464626172
0.92422555323923 0.177427135235076
0.923592867343005 0.178446107292857
0.901406753998652 0.214161555474203
0.926024497040147 0.174530654358161
0.922183825816757 0.180715410619177
0.922647159851415 0.179969386295947
0.922081165750825 0.180880658946256
0.920976219100245 0.182663081151034
0.919017750988527 0.185814452427471
0.902460096194949 0.212472884539403
0.900445342335205 0.215714193129252
0.908547355308339 0.20267359781774
0.923539919799631 0.178532423214218
0.920041417036883 0.184165939641413
0.911199746944534 0.198403059538801
0.916059128076007 0.190579967139422
0.920579726860446 0.183298398581749
0.89949310849759 0.217245585929829
0.901704732903068 0.213682255137716
0.91304749937178 0.19542598514656
0.906378751754472 0.206164181310347
0.924262190891677 0.177368256673604
0.911434866459173 0.198023380435132
0.918595397475614 0.186494165637357
0.923773335890815 0.178155865978121
0.914171488117939 0.193619845362678
0.924022700163769 0.177755205157254
0.909152304547988 0.201694734477228
0.9188647678241 0.186060496100159
0.896866063760897 0.221472545391355
0.903015859998857 0.211573358481779
0.899579650331375 0.217100644808461
0.916236237058106 0.190292618609134
0.925884215538859 0.174756364730796
0.920214038107288 0.183887465510244
0.928093895576951 0.171197428804316
0.923246905108062 0.179004329058122
0.921801415903122 0.181334312159574
0.927976099610506 0.171387177555861
0.9089957971343 0.2019556832579
0.912698942075108 0.195989821104569
0.924585328585099 0.176848285441614
0.926095498594223 0.1744158332808
0.927114132841445 0.172775559715057
0.92148580948605 0.181841459022097
0.918754070586747 0.186241651990368
0.920259708001948 0.183815225963283
0.915831736081293 0.190945622844424
0.911857809348088 0.197343582438382
0.9292313801556 0.169365117162261
0.918022738715794 0.187418039794434
0.920510887647704 0.183410701498158
0.917754755377648 0.18785102636063
0.910816441169725 0.199021658536619
0.923286907291837 0.178939205023327
0.918568944002168 0.18653764291523
0.90756408626493 0.204256182806394
0.913919873240381 0.194024555098397
0.923848495337906 0.178034509729607
0.919913221995059 0.18437246142021
0.924462084223174 0.177047281919196
0.901322075054779 0.214308460835323
0.913660483906144 0.194441447229297
0.918506366531642 0.18663845165322
0.922719258734092 0.179854899412169
0.92330356034153 0.178914100050855
0.927846722309092 0.171595365947243
0.909294881965851 0.201471547453251
0.920168498579978 0.183963338007689
0.927548101883938 0.172076372952437
0.916377225461033 0.190066585182354
0.918989424105111 0.185860231565891
0.921970199600575 0.181059867242193
0.878786856248774 0.250545800588247
0.922787776318277 0.179743564555508
0.919012599142958 0.185821935923579
0.923823896541358 0.178074893030584
0.915345964045503 0.19172763375079
0.928180959237513 0.171057182039812
0.921166150795898 0.182355366742181
0.920664629319434 0.18316606678699
0.924089507662564 0.177647533048617
0.919887715507258 0.184413871385541
0.924253344165709 0.177384111291356
0.919392258282544 0.1852122875641
0.923722086236528 0.178239881193032
0.927428947034803 0.172268313599328
0.916047307526968 0.190595733122543
0.926321945731962 0.174051545420682
0.915319446588735 0.191771893632526
0.925054487296317 0.176093635759461
0.920393978579933 0.183599064609995
0.921365882791597 0.182033683983185
0.91767396990542 0.187979819011715
0.919780528117289 0.184586674442678
0.92715780847402 0.172705369094305
0.920466547348125 0.183481834662907
0.916611756367169 0.189690840342378
0.91207173634967 0.197001478817421
0.925773853809477 0.174934497470895
0.923372778141664 0.178801745479556
0.921128944347928 0.182416175036399
0.92274463766746 0.179813396324864
0.92367070089851 0.178322198150403
0.927033261528408 0.172905630662015
0.91842597545506 0.186768990568127
0.928181022397509 0.171057080299613
0.924539677687672 0.176922379611449
0.923618343235912 0.178405732352175
0.926314512839686 0.174063900879116
0.927119994000283 0.172765926651172
0.924518267015443 0.176956731196773
0.913671276654871 0.194424715189478
0.923290658275561 0.1789347390758
0.926465186291279 0.173820993183809
0.924908114762729 0.176329047280939
0.915242161827123 0.191896732988841
0.9269117146324 0.173101295760873
0.926911765766622 0.173101213405888
0.92068165501337 0.18313588243702
0.925054444363274 0.176093704921458
0.919419544961444 0.185167937133327
0.928181022397509 0.171057080299613
0.928179355770392 0.171059764864795
0.920696864394889 0.183110987040973
0.913222396144354 0.195147698494852
0.928181351049239 0.171056550922891
0.917734644035087 0.187881657575898
0.920068233293176 0.184123254287301
0.923837374835776 0.178054382149181
0.92372724402756 0.178230912739414
0.929305205820851 0.169246259118472
0.929305528305685 0.169245739659206
0.925812360371608 0.174872297754946
0.927306188115987 0.172465977699428
0.920557697938281 0.183335362672835
0.923320066999497 0.178886653346098
0.91693359163201 0.189170610587213
0.923928366343973 0.177906414707623
0.924709690063019 0.176648265814625
0.912757990704289 0.195894740591423
0.875064985208119 0.256529742840245
0.924920108698674 0.176309438707929
0.922836416422192 0.179665431914004
0.912249432229202 0.196713635595266
0.916589026229777 0.189727019595116
0.900242774461966 0.216039916120609
0.897819552104755 0.21993519497156
0.870717564134878 0.263531550910341
0.867280960861505 0.26903575328241
0.905945124617644 0.206857893766698
0.907753082093961 0.203952581066993
0.90169158939854 0.213704849298207
0.90150535680511 0.214003361108412
0.897401415675184 0.220616598831257
0.90150535680511 0.214003361108412
0.905709179141074 0.207241479190079
0.898528137662201 0.21879857388728
0.906377482057606 0.206168096008981
0.871663540875006 0.261992183867018
0.920251798913838 0.183827450445151
0.909506517228492 0.201126304513642
0.915864538558418 0.190891661487096
0.909072324966739 0.201825692765456
0.913325677249601 0.194981923125171
0.910277001647005 0.199886140082632
0.915930494288174 0.190785572717817
0.910144618820973 0.20010159778645
0.905429767921933 0.207693826673695
0.915875081492615 0.190877989487925
0.905318271811298 0.207869404300421
0.904052758131829 0.209904081382306
0.869865801931936 0.264892943645647
0.318674103150079 0.782649844442587
0.902743005376335 0.212015568622205
0.874325212116167 0.2577158035284
0.901368233328321 0.214229177250564
0.313773430979209 0.784850569381803
0.323736949297583 0.780374142135804
0.335358910615954 0.775158178497198
0.879489331099632 0.249417306679907
0.90377054917581 0.210360268575469
0.89628430484138 0.222405652935012
0.2969483777281 0.792403968633844
0.275166271478044 0.802179088013946
0.376736497527765 0.756543090555233
0.896071555673469 0.222746685038868
0.921584028513706 0.181682062847863
0.91085017016737 0.198968003054437
0.924600809292525 0.176824097221696
0.278203501532879 0.800816030567263
0.281260956443449 0.799444189431452
0.914234137799024 0.1935173290674
0.921710633169402 0.181478618927919
0.918506973411546 0.186636367855624
0.291936860470107 0.79465291212141
0.919906989846784 0.184382285334729
0.915295655975482 0.191806633353446
0.907905807905178 0.203708728007081
0.291441417885255 0.79487589038102
0.921140909123797 0.182395650673933
0.918736708043469 0.186267254625134
0.922776412897684 0.179762676034861
0.915431903259988 0.191589288270321
0.920748782500156 0.183026749409875
0.913490245634097 0.194717276384929
0.922105667549471 0.180844351307742
0.911650117920199 0.197678128887146
0.913546044656591 0.194626913575033
0.922912548951297 0.17954222597843
0.912709775822569 0.195974656358184
0.911909165449516 0.197260735469845
0.918127396104444 0.187246765048587
0.911384269033761 0.19810463344412
0.912114220311662 0.196931196266527
0.916667401060575 0.189600464329891
0.922905102934536 0.179554227811279
0.919646640267055 0.184802494268752
0.914155833272788 0.193643239787941
0.909968656230977 0.200384116246783
0.923174000405976 0.179120990199325
0.920323744095506 0.18371142025483
0.917198067595627 0.188746569910334
0.920222642138696 0.183876122547132
0.92266247308341 0.179945017958278
0.922646153347624 0.179970722272985
0.91858700973487 0.186509410240974
0.92446699575356 0.177038800961247
0.913982882663106 0.193922347528319
0.924647367973486 0.176747940967423
0.924460357748237 0.177049492402018
0.923354791951671 0.178831063145438
0.921145373574626 0.182388775751258
0.910433817340554 0.199635038570243
0.922610971156154 0.18002911485539
0.920205750069092 0.183901528346195
0.91206935845229 0.19700350059988
0.920584011594186 0.183292295570773
0.920759700602494 0.183008846951873
0.921995492479458 0.1810199660867
0.911320933937827 0.198210960610587
0.920031190579298 0.184183702140205
0.919400594434538 0.185199017664935
0.925699907645352 0.175053065744069
0.918475511541179 0.186687880598734
0.925338551088173 0.175634721262872
0.922016924473608 0.180984564031324
0.911783151225861 0.197464270638413
0.923722539514917 0.17823725482467
0.910364036981029 0.199748604078981
0.906476695699887 0.206005475707549
0.915437274822453 0.191578963921656
0.925351197663359 0.17561435105955
0.92190840404818 0.18115918581876
0.910115424695326 0.200148487254131
0.910902120086128 0.198883864210573
0.924234660586925 0.177413404380658
0.920572532995946 0.183311182326164
0.917116265496581 0.188876225764112
0.915282056809573 0.191830409558948
0.906648615493653 0.205731464998753
0.921306287069784 0.18213058810439
0.911957755495172 0.197181273676993
0.916025916193095 0.190630471987016
0.910084611107468 0.200200810320098
0.909020760093778 0.201910637223657
0.91883865891802 0.186103205415152
0.913121012083084 0.195308407005339
0.914013639778879 0.19387080078027
0.916653026819146 0.189624254017939
0.905104555126959 0.208211679521046
0.905472358008362 0.207627198359803
0.915779494183739 0.191032555537705
0.923024649358595 0.179362172747581
0.90775837900852 0.203942822319702
0.923612827945466 0.178414796506254
0.922382924249556 0.180396746478126
0.926848335157322 0.173203675490978
0.913076336139409 0.1953822113247
0.918874749062225 0.1860447699499
0.924331518787139 0.177256341693994
0.919817591972414 0.184525552307456
0.900309065237219 0.21593614463831
0.89596726882303 0.222916911020428
0.918443134414975 0.186740879914188
0.911734818503707 0.197542757929221
0.924282350046081 0.177335763632329
0.907595148942579 0.204207873870019
0.915126919964237 0.192078708223882
0.924290629509143 0.177322430010954
0.929101222317782 0.169574880075582
0.91635709325872 0.19009769970817
0.926708292656236 0.173428801785007
0.913595174206645 0.194547806119267
0.926848335157322 0.173203675490978
0.924387191700153 0.177167743444801
0.927065571470256 0.172853934026341
0.921499494499808 0.181818716464392
0.925205048522113 0.175850261958352
0.913174156617374 0.195225916038048
0.916964386646016 0.189122059110551
0.922182465636985 0.180717912843056
0.926835568643417 0.173224238081068
0.911637030742634 0.197697794314322
0.90551616295915 0.207556418452082
0.921588869063972 0.181674431410999
0.918146410652939 0.187216950514244
0.920176505990396 0.183947598722079
0.922023049434048 0.180975522368377
0.925994574861155 0.174578636738083
0.912793499762573 0.195837374247066
0.911047271366996 0.198648638779519
0.909708780031104 0.200804118813481
0.915912288240188 0.190814445999035
0.913781522530959 0.194246162636497
0.926852623972926 0.173196768502991
0.922723820824615 0.179847633670856
0.925217669852357 0.175829933986984
0.921515521237413 0.181793071637853
0.92585021469689 0.174811649899524
0.923033191576189 0.179348623653683
0.926015864037704 0.174544501122021
0.909953736999987 0.200413685581037
0.919755594718311 0.184627461835676
0.898681851469291 0.218554905191568
0.915772986909832 0.19104018791091
0.906142298984177 0.206542694689973
0.925607410489852 0.175202384383971
0.922858219377282 0.179631332762644
0.926860707535256 0.173183749045922
0.916069198752678 0.190561650339846
0.897184498855269 0.220955810330419
0.923200427285279 0.179079161390804
0.913422854361138 0.194824713236264
0.924970731612543 0.17622813253926
0.916883456329727 0.189250466950184
0.913132485409179 0.195291287366279
0.926872273533895 0.17316512081808
0.924156302263001 0.177539257780841
0.915673131463423 0.191202977731896
0.915907593372159 0.190822355735713
0.924117306755971 0.17760259107703
0.914298708562632 0.193412401226676
0.915823961327622 0.190954773801364
0.91917817507315 0.185556423501552
0.924309291129986 0.177293535416451
0.926836189688889 0.17322323859321
0.917037619884618 0.189002055546465
0.92409090178767 0.177645126497735
0.918689847061218 0.186342736962807
0.927663427368131 0.171890944485882
0.899350158755106 0.217473500702789
0.909827348765231 0.200610955716676
0.900704226247045 0.215301908749229
0.907854693887989 0.203787720319326
0.924816853750334 0.176475759125239
0.912752707162002 0.195901948803492
0.898267723563094 0.219213829799682
0.926274783085765 0.174127350933908
0.927610819685724 0.171975692769321
0.915458792079788 0.191544377820719
0.913078970566512 0.195378082242379
0.9079842535829 0.203575820083032
0.917144260385174 0.188831837264905
0.922068691503631 0.180902042873798
0.925193491851575 0.175868864442991
0.927643233929213 0.171923473116106
0.906602646090841 0.205807144549463
0.920144530150126 0.184000290720563
0.925740935201475 0.1749878841876
0.913353511691212 0.194937565001852
0.918751853090894 0.18624283387472
0.914769549046056 0.192657329662002
0.91810566464158 0.187284073484811
0.919265444005861 0.185416305721094
0.919447834364593 0.185122403561105
0.925710692511098 0.175035378854667
0.923074929899501 0.179281373750111
0.921756346597406 0.181404510064864
0.914026017527318 0.193853510185162
0.922078878155254 0.180884305899171
0.919825245535944 0.184514463385249
0.918094500347572 0.187300527219237
0.927404778427874 0.172307457077319
0.921097760655868 0.182465260545029
0.910510695934783 0.199512528024528
0.918682906115104 0.18635357635522
0.922348596195331 0.180450571185795
0.914930532484143 0.19239591604551
0.921673390824953 0.181538763686373
0.927550902946139 0.172071773060355
0.918747807309671 0.186248735576735
0.919693790046058 0.184726307207905
0.908737677701328 0.202367667933742
0.92220312266265 0.180685722145655
0.92144719967956 0.181904561233039
0.899227498250013 0.217681499858955
0.916161636038241 0.190412384982708
0.927657699304653 0.171900172717473
0.921423835783852 0.181940709850151
0.928198604122112 0.171028789759515
0.914374797884334 0.193289349127388
0.909528819481011 0.201091083254795
0.926753443610825 0.173356542377944
0.917005010816817 0.18905631336333
0.907009400625794 0.20514488415264
0.906242798527365 0.206381931226031
0.902397442477283 0.212570503051673
0.920067446166327 0.184125382350202
0.929693628297951 0.168620637688208
0.915099062855184 0.192127299324265
0.92809749619624 0.171191660484068
0.9136999256993 0.194379218254216
0.925561767840111 0.175276072311317
0.925156154921702 0.175929580290742
0.909637228609644 0.200918343572336
0.928198604122112 0.171028789759515
0.92664019431583 0.173539105669232
0.877012219681695 0.253394045933928
0.924735040964696 0.176606761112025
0.923766143511928 0.178168165882787
0.922690846562158 0.179900501486415
0.925256270337109 0.175767286554334
0.922611891851396 0.180027222092151
0.927144001628305 0.172727541245571
0.92089193247663 0.182798930390922
0.367441620546606 0.760731756371118
0.916675228248508 0.189588157210877
0.919890932754891 0.184410215112893
0.916823683368043 0.189348811057894
0.923806009184543 0.178103481978471
0.918271172863647 0.187017596196552
0.92664191262204 0.173536298574996
0.922870299984171 0.17961130100155
0.917760121481811 0.187841850741291
0.924847015824746 0.176426393121088
0.917760121481811 0.187841850741291
0.911418407668069 0.198050152154287
0.926365480863964 0.173981599945439
0.903343955411933 0.211055798931539
0.9228802960998 0.17959567383776
0.924747527096188 0.17658807414236
0.921188576424031 0.182319714946558
0.921840942498571 0.181268858364734
0.924380299703788 0.177179055194776
0.916966659727894 0.189117747088291
0.921043259837535 0.182553738155974
0.92200522994796 0.181003922400251
0.926120811320062 0.174375580810645
0.918294505511348 0.186979660533182
0.326337711375592 0.779209767971393
0.349353425001544 0.768865613084551
0.328874133185156 0.778069555457902
0.328874133185156 0.778069555457902
0.336889858524153 0.77446819567681
0.346777027575966 0.770024529104307
0.345085694115824 0.770782684819893
0.361096783320807 0.763581847575681
0.375769413496145 0.756985725280434
0.33288497038157 0.776266407612911
0.327914358671214 0.778498738421912
0.914992082385483 0.192295356252853
0.331265037866182 0.776996001665521
0.900023411372617 0.21639408478057
0.382138948599661 0.754109986169823
0.319938262947361 0.782082529944687
0.897476294636708 0.220494823109739
0.904794531135728 0.208715049650537
0.366652290174486 0.7610849805483
0.898846695324176 0.218294015505098
0.325126715399379 0.779752422992333
0.914865495836064 0.192500553128169
0.916721333636092 0.18951289681651
0.308178659005557 0.787363338847619
0.305677197277703 0.788485993464286
0.328853376810588 0.778079092360386
0.912889896252795 0.195683650133677
0.306948924554669 0.787913792627137
0.919737745066432 0.18465397443756
0.909611581263643 0.200959796558814
0.313161509658983 0.785123404570215
0.919677927693445 0.184751615699895
0.303440124299131 0.78948869145127
0.922611253562219 0.180028516142313
0.91202537777968 0.197078161856886
0.923737237420363 0.178214636097749
0.92416353795068 0.17752686777195
0.914044754021288 0.193821864183378
0.92416353795068 0.17752686777195
0.92416353795068 0.17752686777195
0.92320957965639 0.179064193912311
0.921649934333237 0.18157623962777
0.900648385959052 0.215384997527721
0.913953785316421 0.193965723041765
0.922946963554938 0.179487807837977
0.901649454072569 0.213779420935526
0.908518262249131 0.202718369614916
0.925564286330916 0.175271101798262
0.904559707225472 0.209091335673382
0.908877746838483 0.202140228496088
0.895816819977634 0.223162296643841
0.920642408155435 0.183200103568375
0.901204211722436 0.214492875339397
0.917755793509953 0.187846038993229
0.922771681449736 0.179768730749685
0.92210916221638 0.180836266711245
0.920722768598699 0.183067867712913
0.90697009758963 0.20521141684041
0.908135432635357 0.203334100429175
0.913925756560557 0.194014906281784
0.913852468205349 0.194131138874933
0.923237782098144 0.179018668823597
0.904022547160947 0.20995944729149
0.906134881609806 0.206558495137786
0.911754672095304 0.197507513714533
0.918600508578315 0.186486309583397
0.912726945098316 0.195944160782088
0.922659357521639 0.179949496527105
0.919695513192069 0.184721728179627
0.875456383840918 0.255897865037711
0.921439142373976 0.181913989146571
0.910821541944075 0.19900900675706
0.912395213491755 0.196475953131926
0.916479666586564 0.189903210423588
0.922047206974889 0.180935358427646
0.915978246685781 0.190707325404761
0.907941900307996 0.203645033941307
0.898999171785435 0.218043534153677
0.907906677615456 0.203700835322252
0.921285185732557 0.182162804278444
0.919459842730414 0.185101344098929
0.905765133882989 0.207150562476792
0.912639424209989 0.196081667097491
0.915992127822146 0.190684281061807
0.921475892156554 0.181855343163459
0.913224468350517 0.19514287139842
0.92474802295829 0.176586552549652
0.922186278421072 0.1807147119787
0.915036066373886 0.192224953163904
0.911539970585655 0.197856751675964
0.906771595159571 0.205529400585419
0.913380577153709 0.194892258829263
0.925103960096437 0.176012388725234
0.908857964815566 0.202171700414055
0.896484139220828 0.222086323622399
0.909180949652478 0.20165512522805
0.920450294555529 0.183509420915827
0.899961804083239 0.216492228380066
0.898029192021565 0.219600991115031
0.90128304552253 0.214363251629305
0.924375706250675 0.177186185674768
0.908107188298999 0.203379562360533
0.913923607412581 0.19401899880939
0.904485956894837 0.209207134187096
0.903106234164147 0.211436523005432
0.923085611919308 0.179262432347762
0.916379712860411 0.190063121447376
0.910377438835721 0.199723503437391
0.915931646445015 0.190784341589091
0.910930527073146 0.19883630791242
0.925755936566235 0.174963257195897
0.925755936566235 0.174963257195897
0.914354421926936 0.193321741443193
0.897524495127062 0.220413116242427
0.913009283855589 0.195486992314002
0.92214437848674 0.180781171408483
0.914036080046804 0.19383332388178
0.916781641932628 0.189416291976661
0.92342319124982 0.178718941026461
0.91758735751621 0.188117893455551
0.917429519501031 0.188371530346109
0.912892907988312 0.195676477338841
0.905248178517918 0.20798033895123
0.911883302969116 0.19730130402886
0.914005803737996 0.193885060827038
0.915532997295797 0.19142596515969
0.905640280827878 0.207351334090386
0.908539063843522 0.202687009426414
0.909139791533823 0.201718981767354
0.91966608335799 0.184770507892062
0.915290331356546 0.191817516757801
0.913425956989965 0.194817022196322
0.896212895938272 0.222525424053319
0.898015732437493 0.219623554616288
0.900572053750474 0.215505884483011
0.904024529336153 0.209953039846905
0.918054325324394 0.187366712069522
0.916801989269014 0.189382743590375
0.905177461096538 0.208097695583295
0.925611291411631 0.175195689767652
0.923487352841678 0.178616486660861
0.921404659618828 0.181971712692017
0.919733765549214 0.184661015695694
0.911071640528681 0.198607294977039
0.92159560709008 0.18166436547322
0.915977303670518 0.190711575663933
0.898789985545618 0.218384170887509
0.906810764509063 0.20546594254305
0.904230075912282 0.209620554859178
0.90018186673525 0.216136188592328
0.904444941990553 0.209275873217936
0.924707950440668 0.176651103507938
0.900539582839744 0.215566943947462
0.910051278514576 0.200252846463267
0.92484748886982 0.176426057673715
0.901322189805363 0.21430835523767
0.909085460026951 0.20180590215802
0.905679424045396 0.207291957432917
0.897305578297302 0.220763738510933
0.909668515303063 0.200871300162496
0.905908326420505 0.206919980128289
0.919792025433153 0.184566121730945
0.897057108465917 0.22116596424034
0.904374837419243 0.209387909524424
0.918815105227917 0.186139852458175
0.910529713272552 0.199481014509954
0.909832869838802 0.200602135701944
0.898457279780186 0.218908082888179
0.924643495706672 0.176754915704889
0.907771754201387 0.203920416854759
0.903919920723897 0.210118741108549
0.926022486445452 0.174533850180306
0.897100496437516 0.221095404075804
0.918875708967382 0.18604201556234
0.916401801326667 0.190027659741026
0.914415775001578 0.193225294765
0.917763801293861 0.187834871786273
0.916401801326667 0.190027659741026
0.905010039939679 0.208368739979793
0.911158655242944 0.198470982932609
0.919307886462665 0.185346352521978
0.920191308904519 0.18392501854443
0.926984272539833 0.172984703630024
0.385411325598034 0.752643435403703
0.879336710431708 0.249670741779077
0.914713762640763 0.192746564643587
0.918790092359765 0.186182683880478
0.919564674375268 0.184934144503157
0.92593730187595 0.174671053442929
0.920871116806765 0.182831895437652
0.923296944479202 0.178924120151108
0.923304851875593 0.17891199019665
0.924809644950881 0.176487158460697
0.926052445450674 0.174485597233277
0.920467942676021 0.183480279395884
0.917159460266629 0.188808483245618
0.923910137856723 0.177936564566063
0.921507024681689 0.181804850236035
0.922634599406544 0.17999063106455
0.924232778156759 0.177416485256765
0.926293967940897 0.1740964589112
0.919165776192864 0.185578807647645
0.916371751242871 0.190076743151295
0.923989052516729 0.177808993586489
0.925676476436758 0.175090852118336
0.365933343269627 0.761408123636253
0.920484577748937 0.183453198415473
0.915473181633245 0.191524055857059
0.923258976815564 0.178984860682456
0.924342910161578 0.177238645091272
0.927557015393607 0.172061921053929
0.919376416483479 0.18523720469575
0.92082005305712 0.182911442422073
0.923180353574683 0.179112130556463
0.920302067572762 0.183746015254392
0.869703183260071 0.265142336144933
0.915385168498326 0.1916647491402
0.925145586858126 0.175946526733444
0.913569003368485 0.194588773239212
0.926224299845343 0.174208671346571
0.916882059382731 0.189254136804628
0.915216562302892 0.191934624220427
0.916437262538296 0.189970823502917
0.926107551676262 0.174396912420331
0.917319543319604 0.188550537840487
0.922065270244746 0.180906124003821
0.92798328600094 0.171375531296298
0.922608032272859 0.180033121179159
0.917133681989038 0.188849995707417
0.925145586858126 0.175946526733444
0.925051316897037 0.176098144812713
0.907261164913766 0.204746707776549
0.872984980620281 0.259872210233518
0.91575079105849 0.191074574927568
0.920221815279001 0.183877717389398
0.876343499214733 0.254480818448679
0.923262123914702 0.178980083964844
0.87593463895803 0.255129129478389
0.899729903895555 0.216865812324526
0.923834854873511 0.178057249781377
0.925208542984019 0.175845247222396
0.925051316897037 0.176098144812713
0.916903060197879 0.189220360800447
0.908119568327462 0.20335945482397
0.89952983621339 0.217184824925465
0.91789720741595 0.187620282745957
0.90568160931155 0.207285459775888
0.919334615660971 0.185304010068191
0.924160214973609 0.177532945591572
0.925208542984019 0.175845247222396
0.915080487592493 0.192156357216396
0.910533790456247 0.199473579083524
0.910151920292487 0.200086108588207
0.92109840518308 0.182462751337199
0.923737918374918 0.178214617322738
0.87692805800942 0.253544378873132
0.922886553126399 0.179584324302674
0.915923811127914 0.190795922841549
0.899064048822594 0.217943015113417
0.907858658556716 0.203786879691602
0.907077331278456 0.205041114780614
0.922149298653323 0.180771811264445
0.923133827939986 0.179185729213999
0.905385026893502 0.207761059458204
0.916773813213914 0.189425696403469
0.92541936138181 0.175505068286806
0.873873014312935 0.258449481849995
0.925436460353217 0.175477533694541
0.903023222506343 0.211565353979338
0.921587992888337 0.18167645250441
0.901559054056252 0.213915633402292
0.911192634633785 0.198416430176274
0.922315039395239 0.180505009498362
0.917960867602135 0.18751484282629
0.927654907786646 0.171904608904324
0.91790359961043 0.187607784566378
0.897960805356888 0.219714078223593
0.89839334183849 0.219014803727378
0.896280264104375 0.222417900821822
0.907145174332488 0.204930288563107
0.905913599694105 0.206911796331742
0.91223301252136 0.196740987889529
0.875203693688941 0.256303322926998
0.916919663105381 0.189195071919987
0.875634768772945 0.255610381297667
0.914653893055245 0.192842979466611
0.915357206991834 0.191708867680929
0.921830839715157 0.181284285624437
0.900123360959695 0.216226846245031
0.90169389771826 0.213703350644355
0.908887631088792 0.202125762399205
0.921525187696595 0.181776662427124
0.923706769422463 0.178263207665344
0.908716698888311 0.20240314487281
0.919712439096903 0.184695221928924
0.92350283313839 0.178592742547081
0.915970848945957 0.190720174690369
0.923701964996966 0.178271884164095
0.923514631736327 0.178572792584839
0.909387589750605 0.201321693259189
0.917937026411697 0.187555239966125
0.918740396626029 0.186261872695685
0.922159068660313 0.180756455847551
0.910169388017366 0.200065673376843
0.906126588988205 0.206570670944713
0.902511685940392 0.212384291944304
0.902066196230169 0.213111523126631
0.86728400356738 0.269030538003665
0.878345828054351 0.251268190491267
0.922327114774081 0.180484958631192
0.921578769810622 0.181690386750141
0.906511259485384 0.20595100340303
0.927410673322263 0.172297747979337
0.909094000148527 0.201791209754034
0.903805753599008 0.210302929784671
0.871970038228126 0.261512793010438
0.923419934634086 0.178725381002169
0.910732447545766 0.199155924788144
0.912630569045638 0.196097188817475
0.910290266264422 0.199867205075278
0.913196427252952 0.195190694474808
0.913812729174448 0.194193094958899
0.396377379581814 0.747708485347881
0.91951362846209 0.185015549725847
0.918259992304517 0.187034367449753
0.914157259823437 0.193641727878303
0.919931205550471 0.184344892594987
0.913347279691748 0.194947705571648
0.912437678842469 0.196409049771419
0.871986977893652 0.261470821517718
0.923514631736327 0.178572792584839
0.902937718423808 0.211704155041562
0.896512359207361 0.222040612323832
0.909028359911283 0.201898264245547
0.927824158075207 0.171631912811349
0.909115714503168 0.201756748229514
0.898279875575299 0.219203246175602
0.898477916845421 0.218877213603741
0.922831175253965 0.179673381580514
0.919359004347921 0.185267648768336
0.8731292631077 0.259641574290153
0.91579036389457 0.191012778037595
0.869180949847003 0.265991550607633
0.899401140980535 0.217394460497278
0.91387440129299 0.194097098687658
0.871134370536814 0.262856367949406
0.913472939528993 0.19474299528895
0.911606269442454 0.197746782857078
0.919964931078436 0.184288915584427
0.92361300947825 0.178414054059623
0.910518498009547 0.199497176144276
0.90333426016239 0.211061216001771
0.922301161114508 0.180526718914299
0.867219116845338 0.269148323433989
0.924906282669607 0.176331155492902
0.910155502049816 0.200083613111903
0.917067129625369 0.188955816398394
0.905426795259231 0.207694557782229
0.898733996816811 0.218467460048118
0.87083621065458 0.263327059558643
0.913891778638817 0.194069458046314
0.925606343485499 0.175203976775147
0.905736469812626 0.207198195561647
0.920917078914109 0.182757010981359
0.90372792988361 0.210433050732968
0.874917910779742 0.256769780112297
0.911246122546655 0.198327702562797
0.921814211763126 0.181310874721184
0.919078931741945 0.185715280111725
0.913254817675495 0.195094394139361
0.923936678057923 0.177892668563829
0.873058082798155 0.259753924213011
0.918757111304958 0.186235907623745
0.902764802545857 0.211976574638871
0.91184036267462 0.19737234365561
0.910933882793611 0.198832122172906
0.873859973003543 0.258472600232732
0.878188779962671 0.251512831466526
0.909117601821475 0.201755202321694
0.915898868101364 0.190835725340507
0.909191953174844 0.201638214567187
0.896104777028401 0.222699890012585
0.873419766591259 0.259182390989226
0.872101154151455 0.261298709432788
0.902771822234205 0.211969961958364
0.913990068510236 0.193909406010034
0.913772469443852 0.194261094665275
0.906391732618506 0.206141143758946
0.920293133534684 0.183760821210071
0.911564309769795 0.197816717668228
0.898189003664866 0.219347210502061
0.911207746402311 0.198389886393569
0.905231710286139 0.208007736223012
0.921543622440882 0.181747491808982
0.895716478945748 0.223322659189245
0.899346200253613 0.217486038783118
0.877590120657447 0.252488799740981
0.903189244422739 0.211296926574156
0.922380364676475 0.180398830723892
0.91150818574244 0.197904406480513
0.916186891146192 0.19037409123422
0.874395540654371 0.257608933029042
0.908535051553581 0.202690356301208
0.871118740362935 0.26287574944425
0.910237675975657 0.199950285585615
0.903918909198713 0.210119316633192
0.907024820607765 0.205125868750057
0.908459855740511 0.202814713246224
0.875887623393104 0.255217203499588
0.925055058521551 0.176092247538283
0.927644658380942 0.171920817296469
0.923006243159539 0.179392600878951
0.872528817405107 0.260619669823236
0.907303983899046 0.204677195795165
0.908054848016356 0.20346615888528
0.905111222890815 0.208201236269145
0.903152444375218 0.211354811537405
0.907596501852201 0.204200529486389
0.902551808044117 0.212322355537343
0.911136608277467 0.198502429875858
0.911877511971402 0.19731191224667
0.924106533962307 0.17761947455241
0.870139743017892 0.264454387989127
0.903651779262277 0.210552637935553
0.927983286801706 0.171375530005098
0.910396408340671 0.199693067599925
0.918389314571119 0.186826815286212
0.905533316787934 0.207522863236855
0.904731620706465 0.208815276820176
0.87559823228972 0.255675055208155
0.869377431287257 0.265672452749142
0.919370636382689 0.185244941040426
0.922122338551094 0.180816045887009
0.903650601878213 0.210553872494952
0.901647261398255 0.213779842075066
0.915583354353613 0.191344950736809
0.905542503462626 0.207507942393647
0.92353299019396 0.178543223007102
0.902941256866776 0.211691472864017
0.873175357519458 0.259567319104939
0.917576570398491 0.188136177973727
0.902077319235033 0.213084984016537
0.917376702324938 0.188456772924667
0.900808353075446 0.21512909610524
0.905876249720429 0.206968727963051
0.922316108382265 0.180502242845003
0.92422047674229 0.17743651633809
0.916070411818359 0.190560729260149
0.870017855311327 0.264639822630291
0.901586057956426 0.21387756714552
0.868006551839782 0.267869671480531
0.909145531024672 0.201711385596838
0.900884825784369 0.215002615570682
0.867516130831016 0.268665699261837
0.872246698202188 0.261062985556596
0.910389587073904 0.19970597425755
0.872034816797778 0.261400705889975
0.905932366538425 0.206879855229351
0.875834363394574 0.255297860741656
0.919278743891198 0.185393562508576
0.872010515681824 0.26143622278002
0.915700154240904 0.191158760020791
0.903297692643424 0.211123077733522
0.923275479701249 0.178959034491336
0.923213268022005 0.179058355594939
0.869038367768502 0.266211316309156
0.920356259684969 0.183660569423965
0.908604919432959 0.202583307706667
0.905138833142277 0.208154851161809
0.916953324492254 0.189140746866412
0.878729561933893 0.25064986978163
0.907435269854239 0.204461229737093
0.918699903664405 0.186325971032539
0.910442356206075 0.199619246533039
0.91232157790237 0.196598266171608
0.874917910779742 0.256769780112297
0.911744590855037 0.197525054708958
0.908929019010823 0.202054736195004
0.905565356606981 0.207473107043976
0.915174449338074 0.192004678099337
0.915325942148959 0.191757647287728
0.917594205950931 0.188107611597972
0.906895170441649 0.20532843733254
0.91466815152439 0.192816711619054
0.914688789221313 0.192784158996322
0.91031362079025 0.199827836163976
0.921811690283066 0.181314600782442
0.878433599393469 0.251123420782487
0.903900061389668 0.210151993483527
0.899992487041785 0.216438834399588
0.907217697810957 0.204810671854721
0.917440846406681 0.188353364043223
0.91974342863675 0.184645963166984
0.912117039665525 0.196929110761941
0.90398189930302 0.210015919020315
0.898903080698831 0.218192599360304
0.89768102057106 0.220155618945506
0.874435593949529 0.257542951385561
0.896774149549953 0.221619821214882
0.907501133551747 0.20435999796911
0.904911760148657 0.208526186284411
0.874996242493763 0.256637613914737
0.903872215581466 0.210194018925254
0.869289912296249 0.265815664836499
0.903436126415434 0.210895538937127
0.901157609794441 0.214570184384576
0.902694293552695 0.212093088647551
0.908523723304377 0.202711508975928
0.902640668294275 0.21217794127264
0.899054667689432 0.217950782836347
0.912337158265139 0.196572695818113
0.911766104932423 0.197491235848207
0.903179789449893 0.211314741267746
0.917482713348351 0.188286035615281
0.89857002805006 0.21873316974615
0.910739277551825 0.199143993441138
0.868322555451892 0.267379868259092
0.917482713348351 0.188286035615281
0.912488537755194 0.196328471648491
0.914695560066675 0.192773917155794
0.922557286262498 0.180114606890974
0.901867026291611 0.213427536094032
0.915940049736716 0.190772318382603
0.914875315142155 0.192484686994701
0.920379489063798 0.183621220232977
0.919862305523189 0.184454332549264
0.919862305523189 0.184454332549264
0.91577574212322 0.191032981950436
0.900046088697828 0.216352109499848
0.912829739247059 0.195778862195121
0.910242800092447 0.199945476697415
0.911540922561898 0.197853652817708
0.908783164859079 0.20229275234375
0.907095011294666 0.205011242944976
0.91938697342249 0.185218569736457
0.896916501086988 0.221392660528367
0.905785438371612 0.207117204406516
0.921032068403049 0.182569894888051
0.902734507484124 0.212028754461009
0.908427167849094 0.202871044285786
0.915047741083434 0.192207550345595
0.898140183664555 0.219430452916639
0.903267451871221 0.211172562841256
0.921032068403049 0.182569894888051
0.913710465252538 0.194359534332241
0.914650136315786 0.192846187104787
0.916741727388416 0.189480929742804
0.917743694500748 0.187865134675498
0.917279502311085 0.188613247053989
0.918045200570089 0.187378830757096
0.917421648627538 0.188384202501579
0.922796485779454 0.179729106524632
0.917802599466298 0.187771370554987
0.903705534733385 0.210468642189861
0.922598066112371 0.180048471860594
0.901644358582614 0.213783007340481
0.922893808696661 0.179572544197168
0.916805216072589 0.189375904631831
0.923551972736667 0.178513011141063
0.875040928052012 0.256566451769988
0.896528426094574 0.22201805296073
0.91108270442221 0.198588356923277
0.901111039495905 0.214640805774999
0.910477394065321 0.199563468210324
0.904685951892274 0.208886608720676
0.900913469654311 0.214955510119704
0.868049811905147 0.26779620746643
0.917923788458007 0.187576093717482
0.920815300986128 0.18291935632465
0.913334270038415 0.194966386497331
0.924270586563692 0.177354860378459
0.916450172620856 0.18994986301588
0.923668137643081 0.178324796257978
0.924270586563692 0.177354860378459
0.872848690092122 0.260093949248344
0.914884160280924 0.192469758379763
0.921879804104545 0.18120456442839
0.910775715632179 0.199084413017361
0.919248678786631 0.185442821754624
0.924800280223906 0.176501671526373
0.923153001427877 0.179156730140148
0.919717158155789 0.184689099899556
0.915668782365396 0.191206083308667
0.897535628710513 0.22039470931772
0.91500127419205 0.192282338071627
0.922542560221561 0.180137978807175
0.92240011434629 0.180369478681877
0.913994447496352 0.193900330729461
0.911606092892724 0.197751527673249
0.908597495806122 0.20259767277048
0.913437584266945 0.194799866003031
0.917101221483756 0.188898285133347
0.89907078236079 0.217925835455114
0.913011267568014 0.195484566642908
0.914425662379209 0.193208207370073
0.90259577398021 0.212261879777794
0.912149020979949 0.196873040268848
0.901531907128789 0.213961149705141
0.911122205653489 0.198527053513438
0.924055589992654 0.177701214814651
0.92360191484972 0.178431315077406
0.920777688459718 0.182979596242154
0.912300091893517 0.196633379140216
0.91339076195615 0.194875289228992
0.92644025608109 0.173860785960792
0.900814601533755 0.215117463486031
0.920607255877285 0.183254787452883
0.904130857051767 0.209783344381302
0.914094750929292 0.193740755029909
0.919322725089805 0.185322461468855
0.920300401758235 0.18374854226445
0.91711718814754 0.188873274326162
0.902368839330752 0.212615299227343
0.896448049426356 0.222147893768554
0.900255825148721 0.216013587527222
0.899931752047732 0.216539722386799
0.923706186653874 0.178263514222712
0.909793799032362 0.200663799710197
0.914806949205641 0.192593754160726
0.919804645534678 0.184547345961714
0.904700214695067 0.208864138340154
0.896845659970091 0.221509252898706
0.914994672196205 0.192291450330066
0.913501837060728 0.194693823531671
0.87146487958916 0.262312043022716
0.868515181083037 0.267060009494105
0.903816996364387 0.210284859568078
0.908835774796472 0.202207035256992
0.908991534744678 0.201955729893963
0.877065442030114 0.253328106505286
0.914524877229557 0.193046840248883
0.916713384223196 0.189524857266934
0.909989208799271 0.200350831698194
0.909978621243342 0.200365456570805
0.900709899522813 0.215282385096876
0.915272993919228 0.191845761240885
0.908121104384713 0.203355125108874
0.874482323729229 0.257468076750866
0.896954749674357 0.22132812613229
0.915557284816632 0.191386250101701
0.923533480607802 0.17854165925522
0.922951965778434 0.179481039323047
0.897754388751198 0.220043031818385
0.878288244041309 0.251349200869052
0.913075067385034 0.195385065963042
0.903510070167883 0.210781024165009
0.899180676673138 0.217745814993131
0.912385097929068 0.196496631316174
0.89591112853342 0.223007899930517
0.923179343140845 0.17911250184059
0.912056215136811 0.197021591238738
0.908545295877897 0.202673725515768
0.910903236147179 0.198877702371775
0.916626926092868 0.189662430672109
0.871940894276633 0.26155218179691
0.912765088612955 0.195883338072712
0.877965455292155 0.251865322950921
0.915046414915764 0.192210169424606
0.868467595830187 0.267130908047264
0.909039845567093 0.201878111105623
0.908766797167308 0.202316316502205
0.908030575293869 0.203503944008723
0.911933478645316 0.197219753176273
0.89712095318856 0.221056470900645
0.912266622507898 0.196687541374072
0.916876997439597 0.189264938961171
0.900196897037225 0.216107417944241
0.91722095244573 0.188709029846862
0.870757444573018 0.263460170714804
0.923288530309165 0.178936280168676
0.921503273327615 0.181810933540097
0.926497705422675 0.173768246012904
0.913794876120895 0.194224731391727
0.904444011101218 0.209276320200362
0.920089389011598 0.184088881581708
0.898708351478794 0.21850946002503
0.914342988472085 0.193340214752587
0.910108419956587 0.200159042323157
0.913474159271237 0.194738389948997
0.913618241925656 0.194508111424911
0.911809342521617 0.197422142018554
0.918652733770991 0.186404561912966
0.926497705422675 0.173768246012904
0.919134237044873 0.185626246233089
0.91802417880016 0.187415224605326
0.916084472300478 0.190538403287644
0.917035231102875 0.189006050731826
0.876559827675265 0.254132892698731
0.87347214595741 0.259090757136405
0.921289417066937 0.182158723626226
0.912756407339045 0.195898018900037
0.913069257414145 0.195390194661394
0.917980139915256 0.187486145714689
0.905476194131355 0.207615838869236
0.907859582446946 0.203776859756734
0.910138555527332 0.200111035579673
0.908144117682971 0.203319228698357
0.90698514156946 0.205188057158236
0.924962751429079 0.176240409922765
0.912056764488105 0.19701969842569
0.912982296656438 0.195530840385328
0.903938892146159 0.210087302964944
0.909280389857934 0.201490633615424
0.915958596331183 0.19073945954769
0.908608939921283 0.202573153316495
0.867368975536617 0.268895077357331
0.922205607794935 0.180679830639145
0.875190478992195 0.256330366133523
0.907648933280554 0.204115751202403
0.90151793203435 0.21398142784197
0.904975258778011 0.208417995094052
0.903462511834669 0.210857167682351
0.913753294603755 0.194291152049034
0.917178706189451 0.188776636683071
0.918295730786172 0.186975285438028
0.920297541352992 0.183753832026755
0.926666440175421 0.173496012929591
0.923142574776857 0.179172054358879
0.919078254082967 0.185717598094299
0.877961152371894 0.251880322412585
0.873514532359709 0.259027786181798
0.915033151038869 0.192229800291925
0.911651308564086 0.197674702084512
0.905309709975746 0.207884574444466
0.870082224944787 0.264533447814986
0.91745343621594 0.188334765398047
0.914493909236398 0.193097917805422
0.896474782108058 0.222098739518843
0.919323724290732 0.185321713608005
0.905320860324216 0.207865746995668
0.902692254324269 0.212101874939232
0.92419794430749 0.177471765225098
0.869749902760395 0.265075039205607
0.87006952394476 0.264569945852186
0.876176776313205 0.254746627985752
0.922159113112774 0.180755324680919
0.914996305973496 0.192291202373756
0.874183414039271 0.257945802439533
0.920566488347159 0.183319034610561
0.878297029324046 0.25133784300379
0.926525334171043 0.1737232903825
0.924159466306306 0.177533577760706
0.925388384164246 0.175555569139006
0.912500077576545 0.196306738267768
0.923587865582642 0.178453910982742
0.879412498328947 0.249556777442146
0.917560256892579 0.188162109632635
0.920560099090617 0.183330755661564
0.913566510281427 0.194589246763645
0.895973343155836 0.222907950484
0.903268989414261 0.211167220540833
0.899723279944675 0.216870356679962
0.900446146032599 0.215712199428143
0.920865828815498 0.182837887204396
0.911654973586092 0.197668637040626
0.874869763170061 0.256843305712285
0.915329656006428 0.191751171206583
0.914502424598885 0.193086112316274
0.87250217226201 0.260649610893928
0.911750054146481 0.197514885213691
0.920757326980678 0.183014064876899
0.868659641245683 0.266822036333759
0.897454877534859 0.220522397136747
0.896670744548405 0.221790136528699
0.915234760788847 0.191906964912938
0.906555300510476 0.205882443672691
0.896850146816484 0.221499856391891
0.89714814689286 0.221018878238293
0.897522407050291 0.220418229971899
0.921734927940696 0.181438699649426
0.86892373223583 0.266407087844464
0.909074059534503 0.20182214376688
0.8764342135024 0.25432641047611
0.908409033638515 0.202897017521238
0.907796035164863 0.203883722409534
0.917960851471396 0.187516295301145
0.924596498293975 0.176830386542919
0.89846299269221 0.21890531660633
0.914827281651197 0.192561427197336
0.910744067667886 0.199134403914689
0.925046567473718 0.176105868683311
0.869961823424186 0.264735015534859
0.869671381074822 0.265204701755693
0.869866955195709 0.264890754118665
0.917268881305479 0.188630694463007
0.91369751145781 0.194380955834904
0.872253928441573 0.2610459083712
0.906036765738145 0.206712250564071
0.903987132020222 0.210009319997626
0.872393917394568 0.26082523028799
0.877375435844518 0.252817933595866
0.924953595318171 0.176256179781838
0.911560865186566 0.197820245216714
0.92071129332573 0.183085650836579
0.919709632539497 0.184701989209005
0.898761904242828 0.218420890376488
0.877215539244261 0.253074812579375
0.910043953037477 0.200262222297016
0.917765520085157 0.187829457157686
0.910250404356873 0.19992878592846
0.915027504062477 0.192238556299694
0.870427084867605 0.263978268566587
0.926380424691508 0.17395682171144
0.923119284109317 0.179210003411607
0.913593915836533 0.194548369817175
0.922565605614768 0.180101373518858
0.9179486641739 0.187537150234364
0.914058722672798 0.193798169219608
0.922994019590484 0.179411230951724
0.874190156261421 0.25793363993208
0.911052187669029 0.198639495919854
0.876131147211405 0.254821236261532
0.917866087121179 0.187667558299089
0.919600509911239 0.184876965170933
0.926793105712129 0.173292745683977
0.905895332659434 0.206938369714816
0.922441208377805 0.180300967019061
0.911031347675724 0.198670935503028
0.900037038997997 0.216366908958291
0.895921307693966 0.222995104082484
0.91273109930853 0.195936219885913
0.914441323122047 0.19318182207049
0.875475796329714 0.255867836524732
0.916255205518246 0.190261895341482
0.868678764431497 0.266787211533081
0.912769374228395 0.195873625251899
0.923976802491937 0.17782836868149
0.912686210265967 0.196008297860983
0.922441983945102 0.180300112133584
0.910078253285087 0.200210970686107
0.926730300332621 0.173393481487027
0.911221873332802 0.198364994660161
0.917646633875709 0.188021895778369
0.922565605614768 0.180101373518858
0.922758203396 0.179790970703686
0.906796591118523 0.205487819448647
0.923569096437222 0.178485960471563
0.922286888397181 0.180551567244811
0.870945887417552 0.263155635012051
0.920269415237474 0.183797425878439
0.925571075719407 0.175261209168797
0.922309935253258 0.180512224366476
0.916322461098506 0.190155954998428
0.896384345970319 0.222252283182777
0.920938304474103 0.182721806550482
0.918458544138377 0.186715377672041
0.917576778306118 0.188135256830467
0.913304904492067 0.19501352226339
0.92088084734343 0.182812956881445
0.913731519483265 0.194329011217732
0.921638584585761 0.181594168013034
0.918101883074515 0.187288022367071
0.920269347174228 0.18379829107428
0.916746754237078 0.189469455720304
0.918072580949723 0.18733891677075
0.926268405588103 0.174137255470718
0.923864779786643 0.178008008556581
0.923221997330939 0.179043282514563
0.908925158902196 0.20206795351676
0.922412499642535 0.180349204450456
0.914764839862003 0.1926627754517
0.919529028982505 0.184989861385425
0.916336285354552 0.190133995710363
0.926791563685431 0.173295230014719
0.914764839862003 0.1926627754517
0.921701383429075 0.181492085855026
0.869763755824842 0.265055973667865
0.925070918491725 0.176065837647103
0.923394984858138 0.178764823816218
0.923394984858138 0.178764823816218
0.920784859043267 0.182968636665777
0.906099618603712 0.206616286442333
0.925230580536786 0.175808828921737
0.914801241264196 0.192604380719097
0.916866898002441 0.189277647737327
0.920474823427296 0.183468222013281
0.901300753252869 0.214339582529151
0.899688030195873 0.216928048383772
0.920158836637607 0.18397864797007
0.924247434930348 0.177392614183199
0.911495500147143 0.19792802280832
0.915443546102468 0.191570419149555
0.925230580536786 0.175808828921737
0.911043002929525 0.198655188181731
0.914463775457716 0.193148284114609
0.918183234724949 0.187157920548089
0.89841835326486 0.218977438710572
0.907019290482833 0.205129337056699
0.91011685176655 0.200148400900581
0.905850521878892 0.207013396321796
0.872235367901003 0.261081140658903
0.907189624749743 0.204856540364118
0.916457554139327 0.189937658271046
0.920163382092447 0.183969928865106
0.91011685176655 0.200148400900581
0.923307061444456 0.178907989564003
0.917649906186672 0.188018681694189
0.901556556483295 0.213927102631262
0.89679574102064 0.221594271568831
0.926509967692667 0.173748263990091
0.921421772922841 0.18194238033197
0.912250677646633 0.196710267106527
0.913758553942269 0.194283516926752
0.906713839106245 0.205623228020225
0.897098841059726 0.221101403898575
0.920036257665679 0.184174877233977
0.921255055489282 0.182211520118121
0.917318649605102 0.188550890473569
0.92376001388972 0.178177630629553
0.908229470549567 0.203181582931567
0.906457297720174 0.206035925621715
0.924379086604261 0.177180200543777
0.927265107962624 0.172532257876112
0.918644397943435 0.186415798352115
0.912772034908866 0.195871189418057
0.919821675879228 0.184521383694384
0.909037693159067 0.201883319360447
0.922546660925797 0.180133319672789
0.928711564915751 0.170202439020763
0.917666280078332 0.187991823191408
0.920953933681191 0.182699114651037
0.924476563536415 0.177024840772056
0.920379472175678 0.183622203685601
0.917455715777132 0.188330578529241
0.919899199476639 0.184395244707349
0.91053504968924 0.199471426121457
0.926478619644644 0.173799667153271
0.913883080550411 0.194083829065412
0.903964553520866 0.210048369994549
0.922207636343553 0.180677886375977
0.908574795772749 0.202627288029058
0.925159789442326 0.175922825506607
0.919148232055573 0.185605361449833
0.913288769479229 0.19503917517622
0.904478757727948 0.209220162896808
0.917812931867132 0.187754088250446
0.903212804860669 0.21125703790485
0.918101473590168 0.187288741346655
0.904400876779457 0.209348382004731
0.922426210613094 0.180326246687023
0.913372823497374 0.194903829145598
0.92330271190323 0.178914895251003
0.917212754537538 0.188721608123281
0.896621552359619 0.221868348290494
0.922129019744211 0.18080452714928
0.917394004555494 0.188428075804816
0.913012625363995 0.195482084757575
0.911127477021511 0.198517242261411
0.90696151749059 0.205225187527584
0.899465965586703 0.217286799373616
0.919306815271156 0.185348832340801
0.904041983978627 0.209926798318541
0.915319447189681 0.191768742747453
0.906518767260853 0.205940283959422
0.896352219553625 0.222292866342392
0.919176869700329 0.185561009506373
0.918587723466591 0.186506140099505
0.92642463913252 0.173885809740556
0.922279854515692 0.180560844127159
0.92105080730907 0.182540091774619
0.916248603286496 0.190271909128944
0.911407019886694 0.198071074266145
0.904623656358071 0.208985214741602
0.897670023495925 0.220174729425837
0.924674234779354 0.176705564702832
0.904644482155423 0.20895169087965
0.900415054684772 0.215760789737975
0.899767360841669 0.216802244206762
0.919132445202683 0.185629824921635
0.897940130202799 0.219739443251938
0.901788142002446 0.213546338351774
0.925980130742224 0.174601676413962
0.913951573873285 0.193971358298378
0.901713867639037 0.213666390035385
0.926177839692852 0.174283383381346
0.915885647452725 0.1908559320708
0.908184266986502 0.203258169914941
0.896264533916579 0.2224371087234
0.924062201783847 0.177692479428098
0.928830686609298 0.170010569470332
0.923436372382146 0.178698157343511
0.916275324292402 0.190229048215596
0.901538739555432 0.213949455193565
0.923027887753497 0.179356353777391
0.908766742514556 0.202318800154615
0.921558302133185 0.181722850064224
0.922745873774956 0.179811744729517
0.910155676307565 0.20008103316734
0.915281335841908 0.19183103748267
0.925947711580699 0.174654959789317
0.922620589376203 0.180012565636174
0.907988748921761 0.203570931334285
0.895815649819887 0.223165630748883
0.914518102033336 0.193059145055776
0.898893349910941 0.218210516920547
0.928711564915751 0.170202439020763
0.91184854089987 0.197359041295099
0.906435622668066 0.206076142221829
0.916644507177586 0.189634474738899
0.918807353982781 0.186155305368465
0.928411741459462 0.17068534114482
0.919025707256673 0.185802901366334
0.926220971587831 0.174213592310923
0.917065398189415 0.188957417285661
0.911374028191613 0.198120015045918
0.915021130317365 0.192252437215199
0.901196793469926 0.214503973076459
0.920802148188647 0.182941923992857
0.871196912471423 0.262769768290167
0.928779659850814 0.170092756720676
0.901118241569754 0.214624103759886
0.921037483206618 0.182562241968095
0.920250574852419 0.183828107637209
0.921052516043985 0.182536640197587
0.923633586474768 0.178380989073181
0.918319879338834 0.186939588699454
0.91268979514636 0.196003664592196
0.903272645375466 0.211161668861822
0.899960576874776 0.216493815441318
0.908527473343555 0.202703016882595
0.867871789570263 0.268089614853931
0.905287677912992 0.207916981552487
0.917053745114327 0.188976605329611
0.906872597283643 0.205370651648107
0.925556258796642 0.175285044602844
0.89678698469679 0.221600048548526
0.906412675092361 0.20610917783298
0.91473397204499 0.192712584950959
0.922368479003373 0.180417871431005
0.926021344294995 0.174535616559257
0.928482991361786 0.17057057697769
0.924743599493354 0.176593011142063
0.909905613440846 0.200484582183247
0.916624933479101 0.189669454576441
0.923606442910651 0.178424504151967
0.900694024858451 0.215310443787053
0.917871534029826 0.187660546673897
0.913051130270801 0.1954212683392
0.92882980829941 0.170011984097883
0.91662761710456 0.189661768301413
0.921075856863392 0.182499839138464
0.87096426417669 0.263120774137788
0.922196977407338 0.180696530837206
0.917267141728272 0.1886317680952
0.907882080290432 0.203746156591177
0.915719687133908 0.191123914372856
0.915631631053677 0.191265554227859
0.923578102915279 0.178470556664643
0.902403107133848 0.212561636180833
0.918421828998201 0.186773125393686
0.915409505501879 0.191625307543792
0.922265055597256 0.180585845185678
0.916898715212301 0.189224642000692
0.92148313963477 0.181844565218977
0.916831847160691 0.189332920544201
0.927594646102385 0.172001159262544
0.897390826650515 0.22063147601461
0.918878764066939 0.186038668142025
0.91586323434703 0.190892624394538
0.920896253914381 0.18278820437519
0.909711491517221 0.200795579545064
0.91586323434703 0.190892624394538
0.924110608895438 0.177613472945362
0.909305001448241 0.201454433128219
0.925770529378124 0.174939983038751
0.917841629091327 0.187707195588536
0.922610438559729 0.18003053138824
0.918309527473034 0.18695432288274
0.909226801583572 0.20157797685139
0.914807951032687 0.192590709962744
0.901847848595109 0.213453927480881
0.915891108959518 0.190849837815171
0.924631353279026 0.176775300613706
0.91932945488101 0.185311584494017
0.918878764066939 0.186038668142025
0.923812119852429 0.178093631211016
0.922465018726425 0.180263185100962
0.923367111732229 0.178809677393615
0.900663469910076 0.215358129444145
0.923812119852429 0.178093631211016
0.905458062848374 0.207645815850137
0.919319078284281 0.185332429062295
0.928793621879905 0.170070151517484
0.91783850036236 0.187714222472119
0.923980666442216 0.177821935241871
0.928811501746341 0.170041353701045
0.922614880436384 0.180022772856541
0.913180140297965 0.19521197000586
0.920968900854515 0.182673784287774
0.917804024825809 0.187769572311058
0.875570249559086 0.255725024682641
0.873387613007999 0.259236886765435
0.898066447994303 0.219548447778232
0.903253144034308 0.211192623552673
0.870865126589624 0.263290555155608
0.903506003760891 0.210788454256334
0.902679134404202 0.212121047843887
0.907475687079892 0.204396062135987
0.902679134404202 0.212121047843887
0.900241690475795 0.216041002890594
0.898913903821087 0.218179572218079
0.906150033436291 0.206530176647378
0.906150033436291 0.206530176647378
0.898148883530656 0.219408032876397
0.906150033436291 0.206530176647378
0.902897351976494 0.211771785425958
0.91048841942556 0.199547970151818
0.90244872066025 0.212484078961532
0.896714526047269 0.221722113454981
0.905360675039663 0.207798486715203
0.900855548913122 0.215050229279792
0.901739440860091 0.213630803867319
0.900238995965702 0.216044716407083
0.904297854994639 0.209511710934038
0.905781920995915 0.207124330621418
0.912441790969619 0.196401332407523
0.90988172299749 0.200522384768334
0.907034237200401 0.205105461895012
0.904696666896145 0.208872966801065
0.927080250274914 0.172829611201902
0.896801527738314 0.221580482195256
0.922897858415184 0.179565626695378
0.908451556981208 0.202828108812109
0.923559484467176 0.178500706066808
0.924372033533044 0.177191301884923
0.925934808593357 0.174674385807647
0.919631449530864 0.184826372310938
0.924827731865294 0.176457174099325
0.920798226959262 0.182946372728908
0.920426933821431 0.183545610340877
0.915673794923534 0.191199536568552
0.919200508529254 0.18552094825798
0.925852611558227 0.174806596356636
0.925857941833107 0.174798012428314
0.896729552295575 0.221694983719096
0.919383990535758 0.185224660765609
0.90979791057101 0.200658712427633
0.923617478042059 0.178406311712123
0.905355299729428 0.207810241825725
0.918686863906433 0.186347849508716
0.915715930530101 0.191131807576876
0.909016911936427 0.201917407487646
0.913363145269312 0.194918273708784
0.918988281913382 0.18586150252125
0.9214193712052 0.181946417890341
0.925794975793516 0.17489941435662
0.903631043692715 0.210587000278864
0.924157491322211 0.177537093674366
0.91533419327995 0.191744710833072
0.925525974259588 0.175332602334441
0.922476670142404 0.180243422988496
0.919902918378922 0.184388182502022
0.913290295083956 0.195035538241253
0.92067150139454 0.183151575722025
0.909020137173625 0.20191204074474
0.876305598877093 0.254550010357343
0.907385060061088 0.204543305917084
0.870027472275761 0.264626404744025
0.923881163700642 0.177982739415746
0.910471635492296 0.199572268077244
0.902430487057222 0.212518656806421
0.904540425076566 0.209122866740993
0.921707168159925 0.181482633332262
0.903309645006343 0.211104299060674
0.923309944534288 0.178901387303196
0.916252729619352 0.190267102023094
0.92085240111347 0.182859312110102
0.915180826182948 0.191991243753054
0.919428378758123 0.185152196606648
0.915140020379612 0.192061637974105
0.915038294474742 0.192222615952974
0.90931076012892 0.201441202530545
0.917702303112068 0.187931932696304
0.912119224403958 0.196921112234595
0.922081580571783 0.180879750265378
0.916007685203965 0.190660008638917
0.925861517025179 0.174792254686863
0.925156564695998 0.175927534813694
0.878917886159973 0.250348828037318
0.912131035534241 0.196901868941562
0.925794570684134 0.174900066632816
0.924007885640044 0.177777530461042
0.904865333301827 0.208602098253003
0.914734582867107 0.1927124222102
0.909132323595611 0.2017289906418
0.91394879067923 0.193975321374636
0.910817699333998 0.199016219365866
0.87726666404325 0.252994042392785
0.926827182647341 0.173237226088686
0.922517145851806 0.180178638251594
0.92298706628554 0.179423552819231
0.910102159305014 0.20017062261227
0.927782192740116 0.171699117530905
0.925794570684134 0.174900066632816
0.920381017294392 0.183619059593802
0.909132323595611 0.2017289906418
0.898125903904549 0.219445113625067
0.91804474562389 0.187380491648063
0.918778238355219 0.186202429033145
0.918803600731609 0.186161181756383
0.914199430843661 0.193573758848114
0.909132323595611 0.2017289906418
0.925794570684134 0.174900066632816
0.903421454874222 0.21092644749
0.909132323595611 0.2017289906418
0.925794570684134 0.174900066632816
0.914098333189362 0.193736443752908
0.916921573690962 0.189190912988258
0.917625854479084 0.188056532190582
0.915644510713495 0.191246898681793
0.920645151311816 0.183194942313549
0.927292153462275 0.172488302482285
0.924597013157009 0.17682957056906
0.924549849733722 0.176905092410725
0.920478451070078 0.183462676846064
0.901339674795236 0.214273695119846
0.921691727412243 0.181508659662473
0.927175373395586 0.172676779965147
0.903579168900525 0.210668271913317
0.924710422616854 0.176646459420737
0.908673811580901 0.202465792981058
0.929185420950724 0.169439050106413
0.913788717957611 0.194235541376995
0.904051868850359 0.209906889081604
0.920905209373251 0.182774439698396
0.915627254327694 0.191273791170254
0.915308314716443 0.191786590557635
0.915627254327694 0.191273791170254
0.912777037398628 0.195862345105557
0.897864841148915 0.219864543670614
0.902945855969546 0.211688972683677
0.922863105165527 0.179622334575436
0.907222499272549 0.204803096000652
0.928444981930477 0.170631713797889
0.921052976016225 0.182536116820207
0.912355427224732 0.196540075614841
0.916137214645636 0.19045255208232
0.907363112155432 0.204581716861546
0.908187940256592 0.203254987842864
0.896742610840065 0.221670537893023
0.903235513453165 0.211226968155753
0.919272247220178 0.1854037651609
0.922153728981602 0.180765409084717
0.928987426937905 0.169757986659634
0.918807388853267 0.186154763695987
0.924340187876852 0.177242767745177
0.916820441629193 0.189353515999471
0.913932800271546 0.194001523254967
0.916725695328814 0.189504245689402
0.923635230833431 0.178378750201935
0.907624560602326 0.204155815293477
0.919543545963606 0.184967113647436
0.911821884310419 0.197401558001975
0.913329250286319 0.19497736505507
0.92310501259214 0.179234320700797
0.915991822614318 0.190686892490959
0.903252677700045 0.211196444899215
0.900358503373976 0.21584948639147
0.922475036407757 0.180246849106531
0.896510599790076 0.222043704225536
0.905386525394111 0.207759601890644
0.913504483568318 0.194691374537105
0.902955159164128 0.211674870929538
0.905098804272732 0.208221841196859
0.919474737281457 0.185081235394333
0.917760366339203 0.187838205874073
0.909960363905187 0.2003977829139
0.874633018576772 0.257221590875966
0.923080706616612 0.179271667434434
0.908085424893421 0.203413700567426
0.896643004000744 0.221835797592371
0.907229197572348 0.204793638993769
0.903160076990329 0.21134418302674
0.910381165259501 0.199718110545219
0.875872603116764 0.255238150244306
0.897448529046062 0.220536431885266
0.896115496024011 0.222679612915498
0.89891421273767 0.218174679939801
0.907689721040439 0.20405471457251
0.911751896654498 0.19751326009723
0.919699693895359 0.184714772281889
0.92200180029798 0.18100955026923
0.898433691944677 0.21895021018791
0.918650283930597 0.186405058776644
0.913313960502166 0.194998795588477
0.918523437670624 0.186609953649829
0.905166619989172 0.208113738902604
0.922268909706159 0.180579479026266
0.878824090795119 0.250496332732767
0.905827394420417 0.207048172250344
0.928985324271902 0.169761373384736
0.898624895613343 0.218641061231841
0.909825819697871 0.200611809952327
0.926192200411859 0.17426037564419
0.900731721737751 0.215247327095643
0.906383521571733 0.206158046625287
0.914120097669593 0.193700973969338
0.913395112052685 0.194865656749201
0.914222175700899 0.193535768594851
0.920948183521102 0.182704635579346
0.895680068200662 0.223378662236566
0.926341345047491 0.174019732624963
0.920142680205735 0.184004979315224
0.920948183521102 0.182704635579346
0.912566307255247 0.196201443143786
0.926549620405636 0.173684579429293
0.915045050021776 0.192213987911219
0.911078563011704 0.198597099270798
0.875074844967158 0.256516536274314
0.918732716471287 0.186271516781722
0.913252808084639 0.195099634036896
0.913345472610243 0.194951498015868
0.916813104242305 0.189364622995374
0.902161488884261 0.212951624074639
0.901919702126793 0.213338265648916
0.926946943101781 0.173044683644368
0.907646708698547 0.20412246945259
0.873656036083039 0.25880238231131
0.911681646159845 0.197625596858175
0.925359016730709 0.175601813086913
0.923453629203948 0.178671209086094
0.915565151407486 0.191373453855602
0.909183935708281 0.201647999078011
0.899009022427814 0.218023204457438
0.912236867651204 0.196735282093655
0.909150604112463 0.201704607386392
0.922456967952567 0.180276020753563
0.9020112284233 0.213193060546446
0.926680790112154 0.173472954340722
0.907623084918361 0.204157582386484
0.913210519393094 0.195166893889518
0.87658866639204 0.254075920619821
0.869016398413837 0.266257704508458
0.904805173628094 0.208692875793407
0.928088137847874 0.171206351103568
0.902361424498122 0.212628523837366
0.902413409612246 0.212547993232134
0.925807224130569 0.17488078117408
0.922267360913688 0.180581716437324
0.92307598269536 0.179278736491615
0.919356347919186 0.185269077057714
0.876219025632798 0.254688143144611
0.91241638823697 0.196443632013444
0.906707777671211 0.20563229832833
0.874194369863035 0.257931367775049
0.920511947289569 0.18340717802595
0.921714963579111 0.181471778364968
0.90960603569708 0.200972019946582
0.903692706326651 0.210487264525653
0.897256713398878 0.220842492128756
0.906160827027991 0.206511846856807
0.920579082676497 0.183300947040211
0.904885320642935 0.208568157423279
0.920898870481522 0.182786628976538
0.906802995605167 0.205483119294595
0.879581787717563 0.249275982027104
0.925957519675882 0.174638580409398
0.921416200441541 0.181951515240881
0.916038349824479 0.190612598558782
0.900287596001479 0.215965044633477
0.924340361784116 0.17724248771532
0.877618906734839 0.252431827126368
0.913342292290799 0.194954312568752
0.925657408883584 0.175121414299675
0.924918821740846 0.176312087186086
0.92325384931214 0.178993895004345
0.910892718744493 0.198895235350074
0.913491548944769 0.194714378874707
0.904079864722966 0.209864542626463
0.923419266198042 0.178727305583334
0.918403046905504 0.186803818839153
0.905188301844618 0.20807956816217
0.902063669205955 0.213111748981621
0.90323558251994 0.211226856816225
0.912588654808357 0.196164722542285
0.916055771016126 0.190584691845974
0.913144779978143 0.195273189313794
0.90418213881909 0.209698819962879
0.906289908859885 0.206308038636841
0.89754768083744 0.220378174176564
0.919172663645755 0.185564350053771
0.877674798566711 0.252328756818201
0.919276257265453 0.185397467453158
0.912035583727154 0.197054548229465
0.879509743978746 0.249386288839597
0.895912066470336 0.223007277841613
0.901795108028568 0.213543018819282
0.91724899818666 0.188661937391478
0.922196047294341 0.180696899474707
0.901127460915923 0.214614234442805
0.90995182947327 0.200414227143389
0.911108885413944 0.198549818211416
0.905038980147958 0.208319609196574
0.918507329131164 0.186636254395211
0.905694532192292 0.207264554389961
0.919451794836099 0.18511495219783
0.906142610481481 0.206542660425116
0.908481909028009 0.202774938874768
0.899798281476223 0.216754111554661
0.908959575343782 0.20200628038329
0.9257302901742 0.175004123714482
0.910572442895815 0.199415257699572
0.911179544685512 0.198436958215481
0.913283606429619 0.195045701132341
0.919174214290019 0.185563332221552
0.924797005933951 0.17650747342221
0.919731256926366 0.184666109779387
0.916097441861163 0.190516680927059
0.875889361000016 0.25520741530827
0.876095688125889 0.254885091734622
0.902186210902001 0.212908351044622
0.896865177869608 0.221477992571608
0.909544020563869 0.201067251660998
0.917859788101998 0.187678596418484
0.904323538346522 0.209474846006039
0.87333064493778 0.259327992458162
0.914420523537735 0.193215126281424
0.917926635288785 0.1875717975095
0.919778109666597 0.184592003347369
0.916700029063015 0.189550382913125
0.875445478551789 0.255918731491563
0.870385652489027 0.264055140885664
0.908288677877448 0.203091627250679
0.925113067948965 0.175998404009848
0.926550240742219 0.173683580357871
0.923583921989175 0.178460949497556
0.896618837336206 0.221872622754096
0.924482165035519 0.177014653341555
0.915198631112914 0.191964758519265
0.907348632569279 0.204602449166711
0.923182414194426 0.179107855172624
0.924737265152211 0.176602981865236
0.922930321857329 0.179514391696832
0.912900775366898 0.195662184050826
0.923329182383 0.17887153149096
0.920747971421978 0.183028070755827
0.908015420392475 0.203528117947724
0.870813094079397 0.263371795566332
0.902653820650655 0.212162689916886
0.916626293619162 0.189665317936959
0.910161222506814 0.200073411344471
0.923555002176554 0.178508603225535
0.874056844276528 0.258156681251023
0.919069124912727 0.185730861801976
0.901168907818518 0.214550717010616
0.874098693257944 0.25808926604512
0.910781907076724 0.199078737519449
0.902655625935605 0.212159745513348
0.918694046060168 0.186336501409202
0.928987662902215 0.169757606614829
0.870758921187386 0.263455667568021
0.920060301103512 0.184135990175744
0.919286095862461 0.185383619727176
0.903681610293849 0.210503688910708
0.924345707789256 0.177234001911752
0.919301227613554 0.185356832182088
0.876703418455268 0.253902694831368
0.917721273966651 0.187902410274128
0.903235780858112 0.211226538517736
0.911643187096111 0.197686702963001
0.898118373056185 0.219452806897243
0.925289731330266 0.175713304532928
0.903800166777064 0.210313661122556
0.913262567864027 0.195080695584895
0.919027576628881 0.185797249712774
0.90671941686234 0.205611412676912
0.926538269446095 0.173702749007406
0.908010821238652 0.203538622019931
0.922579036977746 0.180080456321589
0.91087439947185 0.198926028001636
0.912638337448272 0.196083906159242
0.910276157938291 0.199888784210005
0.907401091387968 0.204516048849842
0.906681335017264 0.205675387530691
0.911370715564286 0.198126789999525
0.927205631684168 0.172628006409084
0.919290576462401 0.185375674107708
0.873831031361246 0.258516262995518
0.901932055538594 0.213319611175786
0.901222223336318 0.21446410175786
0.927979398754373 0.171381770070788
0.909414905560395 0.201277240859655
0.919744804351973 0.184642049215417
0.906843117125117 0.205417095053883
0.91649342196252 0.189878411891263
0.895858485815951 0.22309756209602
0.922555722460873 0.180117413884113
0.876465437113863 0.254288608524213
0.915863050288709 0.190897499184178
0.907066361144821 0.205056396222993
0.918427761110976 0.186763921567812
0.917180179422606 0.188774600716222
0.90230331943653 0.212724051538781
0.919735868996642 0.184659361688353
0.897512569937168 0.220436268692025
0.908701664088835 0.202425380432014
0.898734793401161 0.218464114116214
0.907970197248958 0.203601945819764
0.91383059042739 0.194167603713914
0.921229995858436 0.182251143979739
0.910984336812153 0.198748374089707
0.919761302791636 0.184617232447698
0.876951849326879 0.253505020500108
0.905942404145371 0.206867496891141
0.916624704347476 0.189669480065277
0.918349465851249 0.186889199400157
0.901367425303577 0.214232587409431
0.915881990514018 0.190864082663332
0.919183991061204 0.185546733980062
0.909714545648391 0.20079490128549
0.909611286713827 0.200962773693005
0.927598117866462 0.171995717552901
0.928988461234618 0.169756320737522
0.923779985897613 0.178145937936884
0.913230599144799 0.195132103774861
0.877952442540135 0.251893429866679
0.915925498265182 0.190793569941433
0.927916030331594 0.171483731901192
0.919064369367599 0.185739575677789
0.905787647482517 0.207116464583126
0.897967704181423 0.21970193230557
0.904043630577571 0.209921195189599
0.897500416952159 0.220447491437088
0.901891526151727 0.213381255506715
0.928010556324397 0.171331419346616
0.918155122359423 0.187203323503261
0.912949748171453 0.195583353192386
0.905156891396495 0.208130316104315
0.918980903495512 0.185872077140425
0.903196878906099 0.211282289480227
0.905837035924188 0.207032282451355
0.904797424830229 0.208705262915623
0.920406948370016 0.18357750795892
0.912227597574567 0.196747572304985
0.909948541288368 0.200416424746747
0.899880385900931 0.216622444383597
0.927994739387937 0.171356920733551
0.913305030556242 0.195013029559072
0.925413961769116 0.175514231061947
0.913880590288623 0.194086937108731
0.924352289134036 0.177223433257835
0.874657807079782 0.257197248415377
0.912553221819011 0.196223703484528
0.901795187501203 0.213542890480422
0.87039760218142 0.264042166840961
0.925145125955851 0.175946899164882
0.922215994644487 0.180664168211113
0.919870860798286 0.184439316392064
0.927915931301287 0.17148389136954
0.910139978256056 0.200108849227578
0.90814958010007 0.203309176120086
0.9062903788195 0.206305202897467
0.923896599990676 0.17795754935278
0.905178556713113 0.208092486505085
0.914308546975665 0.193395013153019
0.929337032715931 0.169194915102075
0.919061453835445 0.18574450503552
0.908948730104487 0.202025923474011
0.900267062681509 0.215999685675572
0.911447242904502 0.19800413233695
0.898638182688027 0.218623076860337
0.879431494146075 0.249510574197168
0.877656797482903 0.252357749270597
0.908079866186376 0.203423355631741
0.874803497566435 0.256944739871815
0.90768573190216 0.20405912842838
0.926461795837484 0.17382558195059
0.91946496266228 0.185093425633493
0.916709898378723 0.189528909796812
0.875555542406061 0.255737636604371
0.897947367640063 0.219731718576969
0.916709898378723 0.189528909796812
0.919758721974054 0.184622173179025
0.921357016671282 0.182050234947339
0.918335362628909 0.186913376742057
0.87706779068724 0.25332327116146
0.923414673664396 0.178735386400675
0.907686082988532 0.204058563507807
0.900676404828368 0.215338504940881
0.878999193791301 0.250212916620254
0.924677351834537 0.176700470158286
0.871030952190447 0.263023588249683
0.913946884673506 0.193980700456011
0.910885659663418 0.198906754203849
0.869266483865936 0.265851308573449
0.877886391704748 0.251990444120653
0.871783345436743 0.261815483422677
0.925844635947665 0.174820394951532
0.876501223834097 0.254219816158284
0.910967121119126 0.198778088127663
0.917185184783872 0.188764445090596
0.90204748632198 0.21313495897245
0.924676702963628 0.176701515223578
0.91460539543274 0.192917840637577
0.920373139351989 0.1836310579432
0.895960464752863 0.222927750148826
0.869406755867567 0.265615557453449
0.901751405706146 0.213607232890749
0.915985310724429 0.190699257106777
0.919275264707313 0.185398926535302
0.918984120685543 0.185868320135942
0.910667159964801 0.199257775131297
0.915228179380366 0.19191523089
0.92446825053106 0.177037651452269
0.870537556846093 0.263806166521017
0.900749189299409 0.215225303105296
0.876202418801772 0.254697296685096
0.871043537357471 0.262991714212185
0.928886181067169 0.169921077714454
0.900832358777639 0.215089390895862
0.918368790981839 0.186859293311554
0.906690603959732 0.205658924750286
0.334545882923473 0.775518970173636
0.904828566254792 0.208654147061308
0.909384400564464 0.20132526360113
0.905877120548417 0.206968383392844
0.294887730996648 0.793328311421619
0.914615253866208 0.192903915499188
0.914615253866208 0.192903915499188
0.908209163733644 0.203215752896791
0.918678484672589 0.186359797182404
0.868323012791065 0.267364692810032
0.909217127320034 0.201594109978989
0.901198848593532 0.214499971945541
0.899319391837261 0.21751824325885
0.903673557316464 0.210516499195939
0.282909047723826 0.798704572436473
0.900707046811657 0.215288272268558
0.908652854192285 0.202506670584647
0.275703225481078 0.801938199746828
0.284878797389175 0.797819796188826
0.284023091148971 0.798204510383359
0.275703225481078 0.801938199746828
0.909705594708277 0.200804626517393
0.902374169466855 0.212604033426748
0.906236475136261 0.206391920954689
0.288119626387935 0.796364999868024
0.917039585786393 0.189000446223114
0.90687840334754 0.205356935364536
0.273122250457629 0.803095557226011
0.276537144301535 0.801564256021145
0.281565407318215 0.799307526378669
0.910957467103348 0.198790769614788
0.901628180369929 0.213809791345459
0.909183830661842 0.201648222864692
0.3001245970315 0.790978868868964
0.298363897213856 0.791767669402614
0.3001245970315 0.790978868868964
0.917687789939977 0.187958459500858
0.308981682679387 0.787003240742485
0.277259612605907 0.801239126469328
0.356824495169842 0.765501506464099
0.306580161740536 0.7880797979023
0.90301273677377 0.211581841074569
0.903575245401461 0.210671387197793
0.300988502948125 0.790589728856723
0.279746378747742 0.800123261310864
0.27512710125095 0.802195807503845
0.919363860730133 0.185257813733192
0.306999543754313 0.787890050716384
0.92110360217424 0.1824546111558
0.921077838171756 0.182496108293683
0.912098698199847 0.196953127560575
0.293626025941406 0.793893514367622
0.914700890415954 0.192765249534849
0.363860155809972 0.762342517957804
0.301057748275991 0.790557677023914
0.286392868008646 0.797140790739171
0.284589599975294 0.797950048052875
0.924376622618501 0.177184532156584
0.910175989245725 0.200050388877463
0.922591820678841 0.180058156850178
0.916622487337958 0.189672098166852
0.301604856587971 0.790311756927027
0.300494246028254 0.790813556750662
0.294854413452399 0.793342911250262
0.279307065755313 0.800320515645259
0.297937922597969 0.791961335091057
0.92038426401725 0.18361401630869
0.911996538358732 0.197118724623293
0.91684536814678 0.189311712897352
0.913884480730252 0.194078425989599
0.913549954540975 0.194616460175967
0.922371905486191 0.180412773483628
0.911942454092562 0.197203961734535
0.919161590300052 0.185585163863957
0.909669854824242 0.200863712522505
0.902625696857098 0.212205566267739
0.904333031909367 0.209453002825271
0.904301177386986 0.209507368959242
0.914694237272031 0.192775066519825
0.918350098099482 0.186888487087786
0.90667540496879 0.205682249725518
0.896516013082685 0.222031078302787
0.904172182790163 0.209714815043266
0.89731259723126 0.220750987525481
0.899896629139029 0.216591640472888
0.923441806028552 0.178689544444867
0.915934907400365 0.190776142062064
0.91680680214312 0.189373518628591
0.913989920898251 0.193909777687131
0.921757343910099 0.181402582291211
0.920339530363801 0.183684735502382
0.925319063435853 0.175666897650957
0.918994812952106 0.185853374856196
0.922971835299041 0.179446941594114
0.899867705784477 0.216642373626601
0.913428085757815 0.194816676648182
0.917173686577829 0.188785014227691
0.898857932396244 0.218262243244844
0.922276776247021 0.180566865435912
0.917416604986315 0.188392108038498
0.921225037348801 0.182260596337496
0.87574417884436 0.25544310493951
0.91088828343523 0.198905052507679
0.904202339312362 0.209667587965119
0.869526864799338 0.265439154414584
0.916949910403649 0.189142941522295
0.908042361570198 0.203483565031591
0.923925940920799 0.177911102374514
0.867436135345484 0.268784277959787
0.917140972267421 0.18883770522984
0.907631548983819 0.204148844826212
0.917136640192778 0.188843547032476
0.876916624998559 0.253551436239992
0.899256035494274 0.217626262451725
0.395687422138309 0.748015395976907
0.920464695192543 0.183486881076292
0.902053117123219 0.213129686195157
0.914933104520044 0.192391399085054
0.907379189192476 0.204555369177284
0.911063468123884 0.198625861913789
0.920138613648948 0.184009282194079
0.906776933090039 0.205520168342842
0.903760341805881 0.210377822990611
0.922684932551733 0.179911280412988
0.911044551465115 0.198652194849354
0.876537191901193 0.254169110849376
0.921628836341389 0.181609432070675
0.909465573368239 0.201191434784189
0.922615548412263 0.180022408502609
0.900589316106802 0.215483707050265
0.924664983544415 0.176719962774015
0.912229066546444 0.196745216113042
0.90607517511009 0.206654962871335
0.90967703969585 0.200856113991736
0.92497966671947 0.176213053841086
0.920466046152281 0.183482074305088
0.918348223117851 0.186891706789268
0.925232480491947 0.175805812619536
0.918116450573898 0.187268711008307
0.919805722715941 0.184546512032264
0.922621890145854 0.180009807067415
0.909238950385602 0.201563045710404
0.924463452498452 0.177045408723602
0.915022074151672 0.192249836006371
0.906133113690909 0.206559054450154
0.906194867481437 0.206463412967494
0.873535947030434 0.258992334188602
0.277772535560842 0.801008561052509
0.927216086677417 0.172611502615455
0.914125861191543 0.193690912768364
0.917136408437644 0.18884392051085
0.921597413041749 0.181659209183298
0.914380703087444 0.193279133460621
0.912026748599365 0.197071341036159
0.916019272229538 0.190642993656729
0.918042996017067 0.18738310755779
0.868450872840835 0.267159973980744
0.913330284047603 0.194970684393994
0.917659194346285 0.188004634512855
0.904894302669995 0.208553443267895
0.923197090876285 0.17908297529852
0.909872244291121 0.200540483542597
0.912570857085048 0.196192954878005
0.907165645830415 0.204897913877508
0.917858448272132 0.187680530007923
0.920570077498757 0.183314756111519
0.925183806852594 0.175884345935941
0.922991892992988 0.179415907902922
0.923680747465973 0.17830438913875
0.91099650134981 0.198726962994202
0.91658927341945 0.189726011000447
0.921818853265505 0.181304865445647
0.912952717225755 0.195581766971212
0.86925712403624 0.265855499188009
0.904442549753651 0.20927943753415
0.923270520676619 0.178965494634201
0.901434146475104 0.214120077902442
0.92533654636992 0.175638082751494
0.925336188990163 0.175638660187263
0.903942872514062 0.210086010510003
0.924325303032559 0.177267197624308
0.923777832727929 0.178149375126984
0.926553767494111 0.173677994839942
0.917261905300035 0.188641985784785
0.918938550422993 0.185941193010082
0.91453732576415 0.193031213584124
0.925061689080257 0.176081553894967
0.92320134916525 0.179076394173746
0.925006035483376 0.176170599523832
0.909614080806588 0.200955173189887
0.903353645513818 0.211036565931963
0.913024312655686 0.195464864893393
0.917522956659156 0.188223621198195
0.921119438666865 0.182431036106897
0.918713718776167 0.186304502647401
0.915224705095928 0.191920544696249
0.903587645250999 0.210663202625709
0.921711864631775 0.181476611977336
0.91147737687007 0.197958655885373
0.912599772806526 0.196151791548646
0.902516537348512 0.212383040737505
0.90459476197221 0.209036169434124
0.91598049025891 0.19070639201714
0.897953798095263 0.219721281521883
0.923263226391874 0.17897717904588
0.910875457837469 0.198922624025767
0.927284743353433 0.172500823612444
0.929176523079182 0.169453400935396
0.923331245220308 0.178868683300013
0.923380444373069 0.178788239585572
0.924792582875771 0.176515021385807
0.920932411230307 0.182731553556396
0.899969781509628 0.21648225011471
0.916304203174107 0.190184393545908
0.909435941744128 0.201241549130152
0.918192856315068 0.187142232651883
0.919572203743177 0.18492198448858
0.906469092051385 0.206015251618728
0.927284743353433 0.172500823612444
0.909128323105603 0.201739390831045
0.921251525309856 0.182217557483452
0.914165257823015 0.193627907961659
0.917705826401179 0.187928107943636
0.898636953011679 0.218627606540604
0.924720274677163 0.17663079779512
0.920966145185478 0.182678717305046
0.905241509332962 0.207991195598232
0.911202544160246 0.198396601379184
0.92046194489008 0.183488029420451
0.920409330186315 0.183573719758005
0.915360258070202 0.191703836878774
0.924714481145461 0.176640454294034
0.914154746992964 0.193644832346805
0.919538167299669 0.184976506985762
0.918562316370062 0.186547424093925
0.917255671715159 0.1886505196687
0.921161824397167 0.182362074245559
0.920575492845961 0.183306177888867
0.916428672463506 0.18998463115115
0.897314149483404 0.220749103883741
0.927499538112276 0.172154708615593
0.907977112928346 0.203591255655877
0.919666987340336 0.184769000581908
0.906521950247507 0.205932844684206
0.874811245219072 0.256937686379525
0.923491328612873 0.178611736856664
0.927171888139151 0.172682551617095
0.923257953556805 0.178985931196016
0.927135644879637 0.172740803260002
0.909632443647043 0.200924513390596
0.90801700574151 0.203524095848776
0.908300574924603 0.203070085685755
0.925429001930431 0.175489849811792
0.916822116459825 0.189350383064757
0.908508299337606 0.202731736343382
0.87062802373718 0.263666925629493
0.898631947541882 0.218633745485132
0.924266318012286 0.177362629458999
0.909670002699842 0.200863640654242
0.900584108283429 0.215490188221497
0.927512950973265 0.172133104226516
0.906387194187515 0.206149981039837
0.924516109053443 0.176959904273401
0.899968804484298 0.216483819993512
0.868586545173788 0.266946615784237
0.921726597015325 0.181452255272763
0.924285643999495 0.177331500070944
0.924050191594939 0.177710510841701
0.920972322550431 0.182668767113911
0.9148475846895 0.192529421439273
0.909653409330645 0.200890543947362
0.902559832063128 0.212305593981949
0.899954945791272 0.2165010163213
0.919091401118485 0.185695233112391
0.921395984059005 0.181985867507277
0.921155174215807 0.182374440913247
0.918032186548614 0.187402100306444
0.902150239353473 0.212968396401631
0.909696712379568 0.200823169836979
0.921306453247642 0.182128434487286
0.917664432202036 0.187994536693549
0.927713578429343 0.171809672385374
0.927615041178447 0.171968195844986
0.925904917887649 0.17472267501258
0.914006353616114 0.193884342353085
0.927713578429343 0.171809672385374
0.920644030069016 0.183195522660195
0.923298652858326 0.178920351961136
0.914489866594036 0.193107374072128
0.913043811726242 0.19543340286947
0.914868863372038 0.192495656148442
0.922426566022745 0.180324942106625
0.923506238600216 0.178585806017284
0.917150115664136 0.188823482567397
0.921485981455653 0.18183948395982
0.90362126353899 0.21060556244929
0.912359717631858 0.196537019554447
0.916602502996585 0.189704725450644
0.927595645200092 0.17199952972184
0.924549173779154 0.176906280168249
0.916115270676589 0.190487782551686
0.920913550669118 0.182761723241163
0.923261163618219 0.178981850329574
0.916785028773519 0.189410586950362
0.906538895909036 0.205908282612466
0.878230313975564 0.251447492557908
0.899014588105335 0.218011111792918
0.920801039132186 0.182943593470467
0.922559241219128 0.180111181602216
0.92148212926907 0.181846843155145
0.924622199498579 0.17678974937473
0.872698570517046 0.260334064308996
0.917783242472417 0.187802666888739
0.925979666556229 0.174602318719405
0.902467560883479 0.212456653018583
0.91991430419923 0.184371865388094
0.919559608933327 0.184942324682637
0.924304733016093 0.177300262677106
0.924983926834304 0.176206815675132
0.915690356638953 0.191173442204652
0.878577051919662 0.250891858441972
0.922010933869891 0.180993973527173
0.918677454315969 0.186364235699031
0.918740507894312 0.186261145298595
0.926298288111458 0.174089427544937
0.908046332738661 0.203478877033515
0.923513875469834 0.17857335923222
0.91030367925515 0.199845636898587
0.92539036497366 0.175552085581792
0.869224502073716 0.265919688765691
0.91949030028393 0.185053726883332
0.923513875469834 0.17857335923222
0.922041847438839 0.180944429109138
0.902764041105856 0.211982841407459
0.923991730962907 0.177805179924121
0.917952785657058 0.187529818925731
0.923557185393131 0.178503968956387
0.922909339219768 0.179547566615435
0.918273468599885 0.187013069258892
0.868444290785701 0.267177130041815
0.923925112488381 0.177911922926574
0.921066380104857 0.18251567999271
0.922162749860183 0.180751249734389
0.906728184876926 0.205601746629962
0.927260413527245 0.172539780656779
0.927093627058987 0.172808410464751
0.928221300183514 0.170991955849693
0.916463554383928 0.189927408035442
0.918522955895199 0.186611176283901
0.879413836680229 0.249547696026384
0.92176878608557 0.181384811902456
0.913791293481968 0.194231046314584
0.922978133704291 0.179437357971911
0.913434596888156 0.194806750162271
0.922576056327409 0.180084274013424
0.919059254933369 0.185748553935033
0.917153870239711 0.188815529887546
0.916326414045067 0.190149117248731
0.912892789318717 0.195681352412217
0.913718623340681 0.194349557644659
0.914447983381926 0.193172582815595
0.908165359758794 0.203288574480819
0.918184533652277 0.187156818667992
0.906866869891823 0.205377205375835
0.921358537321559 0.182045114505997
0.917674352777821 0.187977194790909
0.918160739937492 0.187195011272174
0.91943362019928 0.18514479781243
0.917079743083836 0.188936473605839
0.922455380247245 0.18027978271149
0.90454680797201 0.209112499043368
0.92819946910632 0.171027118345572
0.920766887610392 0.182997591113908
0.87085297428235 0.263304020323539
0.913587572172694 0.194560189965166
0.908561383201009 0.202648306337051
0.901836206874423 0.213480129097352
0.908068479581382 0.203442046353643
0.903956965192537 0.210059725387378
0.899227708291817 0.217678948394402
0.240975654187961 0.850395293704843
0.897486713959009 0.22047651318356
0.230389838884245 0.855833319473239
0.907709284892186 0.204022183003812
0.917589978269666 0.188112096663847
0.211403072485192 0.865592333008777
0.196587975907398 0.873212330726559
0.915262158293903 0.191859722906225
0.230710055814759 0.855672021947497
0.200443898307118 0.871226391166418
0.22702172044253 0.857561452193844
0.899918074054507 0.216561417839306
0.919903927089942 0.184387712520904
0.234999884711347 0.853469752273691
0.225518837831843 0.858333188168642
0.209342657461688 0.866650583133074
0.90590016043365 0.206935193616978
0.245235346304121 0.848202442448608
0.91640093634976 0.190028407313509
0.2444433852833 0.848601235623707
0.214744563414277 0.863874744825227
0.253960523307277 0.843714331763418
0.912444404814464 0.196398846438351
0.254755130753453 0.843296893830243
0.254755130753453 0.843296893830243
0.916434808085538 0.189973874293847
0.218238837563752 0.862079458642259
0.203230606717804 0.869792072683689
0.920292761989944 0.18376095017005
0.200130486685672 0.871385254977164
0.19942868454507 0.87174619929024
0.206474463856905 0.868123811754404
0.203230606717804 0.869792072683689
0.24333739657866 0.849175495995186
0.18312101417569 0.880120589817594
0.231805732620877 0.855104833828921
0.230423540939851 0.855814696658573
0.21857031535488 0.861918692871405
0.193763772132622 0.874655153800405
0.17854160206662 0.882473309746644
0.176639272349416 0.883450964913333
0.210958565125104 0.86582203894306
0.914475202247897 0.193127459999837
0.195946374063147 0.873532697324365
0.166443953707113 0.888688944992435
0.907614772499344 0.204171126364518
0.91976663804769 0.18460937444074
0.156872604194201 0.893603387884449
0.196603857483083 0.873201728158514
0.161961612306161 0.890990500721605
0.192902743743178 0.875095813062858
0.916726924206569 0.189502772700076
0.175034199700622 0.884278071935828
0.178215441543824 0.882642321761235
0.175946761946731 0.883806902333303
0.177181794641912 0.883171578354933
0.188129975007534 0.877550399080253
0.165236329561866 0.889308111734862
0.163348964983633 0.890278379699947
0.162281840710972 0.890825217355292
0.20655893953745 0.868078663096254
0.162224925727329 0.890854447329923
0.164508635803691 0.889682657614493
0.202372742633 0.870230530977494
0.205712336590262 0.868515982363501
0.238190024328316 0.851821501037589
0.174449368287944 0.884576915131878
0.165588326440964 0.889128178741575
0.175512794506742 0.884031186444847
0.200982032023774 0.870951183962151
0.18663929352098 0.8783153275542
0.227971797680836 0.857071486531224
0.187944212929419 0.87764459037095
0.21834878609615 0.862019780807332
0.228878346041968 0.856609250937168
0.250629211379111 0.845432159958102
0.17462243196721 0.884486786673674
0.178940987198914 0.882269731907614
0.161570357932962 0.891190717907127
0.178961302491786 0.88225930653863
0.175461866671338 0.884055813770555
0.905207794109743 0.208047021216588
0.239115466479663 0.851351096495905
0.923417279699393 0.178728889033815
0.165901786084212 0.888967595970958
0.911240279607453 0.198338509295026
0.205602717470958 0.868570039242114
0.173508349988116 0.885062599922886
0.205616748908557 0.868562867989633
0.187917906331793 0.877657220440663
0.150802916172983 0.896720163167971
0.188400589363129 0.877408898792044
0.197492119956986 0.872740641457381
0.909748412549378 0.200737176869066
0.18936596976016 0.876919141636662
0.918969053111018 0.18589194126507
0.150905763541299 0.896667348441144
0.220697410467285 0.8608160260695
0.168543383809961 0.887610840601517
0.173447083066975 0.885093754991192
0.235257398271858 0.853331350702947
0.168386124853503 0.887690068824363
0.163010264711664 0.890452092810665
0.165907888393574 0.888963944778197
0.224166278820233 0.859030849376295
0.16545653466495 0.88919529170218
0.158425964845986 0.892805226682076
0.172298441381393 0.885682707854576
0.919641760443265 0.184810644825552
0.230813435083097 0.855614325185911
0.91359342740682 0.194548429565363
0.230535838445461 0.855761113355692
0.227738346264139 0.857193704966023
0.912213074659903 0.196770423886091
0.195783046897364 0.873619820402832
0.221930070779927 0.860180424597404
0.201981225520081 0.870433431533658
0.180155915019481 0.881646361226694
0.203560045201042 0.869620771505242
0.90548895237067 0.207594355590419
0.913636442927525 0.194477988099741
0.243645851609805 0.849020769388382
0.171555074290678 0.886063957608159
0.249433762517207 0.846033461746638
0.171865867642733 0.885904587946564
0.915184024689268 0.191986202767365
0.215585262252934 0.863440602721042
0.171803970680318 0.88593730898282
0.166931517836716 0.888438283181396
0.175301961134117 0.884139053231879
0.169163150189987 0.887292141226973
0.190522704425473 0.876324227559859
0.232493786516636 0.854753529826734
0.172564083533907 0.885546312569637
0.189630254804287 0.876781302018897
0.921115834878689 0.182434913864235
0.253466916599412 0.843971259659203
0.201655202301772 0.87059600744978
0.205287604946132 0.868742280316396
0.199619419235726 0.871651676617765
0.91195301254544 0.197189714926208
0.237464604506506 0.852191760264665
0.909987498839253 0.200357330648614
0.912584603850542 0.196172678886085
0.171347652077119 0.886170206431863
0.17203542912947 0.885817621010481
0.174211191910425 0.884702573462609
0.921115834878689 0.182434913864235
0.156467296772679 0.893811563115272
0.194002003989678 0.874533621769734
0.231273324958619 0.855381870385223
0.166695211185407 0.888559439739181
0.18268474512222 0.880343501269576
0.910633245005653 0.199315230043369
0.226324449572232 0.857925437969903
0.17880360032723 0.882337749995789
0.239657910180395 0.851068389596468
0.157495880398827 0.893283684024562
0.169701013412759 0.887016520398334
0.919286097421203 0.185381674110095
0.234617138559233 0.853655719648536
0.179166725159283 0.882155559562087
0.187128518350998 0.878067193714813
0.177700817280875 0.882905898010035
0.171925172763926 0.885872277887039
0.157524791453696 0.893268527286536
0.16999370474049 0.886864302413128
0.183342990335701 0.880007864249463
0.172022743835319 0.885824126707887
0.178387562808621 0.882554068124709
0.1981544700783 0.872401839820008
0.920413594278631 0.183567125635032
0.155193617239626 0.894465977212631
0.916333903663665 0.190135049741581
0.165608098352084 0.889117665611307
0.181647969031345 0.880880739174182
0.172775770472176 0.885436776822176
0.164185472627299 0.889848614134415
0.166047446474316 0.888892168363437
0.160950689754441 0.891509416063296
0.16726754563075 0.888266547452287
0.166663802086612 0.888576062008796
0.171278390112829 0.886203671941354
0.897100980688946 0.221092049890357
0.170576447376797 0.886567723438227
0.19253938301971 0.875281448141113
0.163555415472086 0.89017211552075
0.205772899581322 0.868486697208692
0.183104801284108 0.880132204177174
0.190914963284963 0.876119716574352
0.213305231128135 0.864611936275701
0.156050487171871 0.894025841875163
0.171646177120845 0.886016876937203
0.236152769587363 0.852874225515025
0.922406713163716 0.180356507618311
0.155774243636496 0.894167485524166
0.15168323738949 0.896268102577025
0.164008549962704 0.889938903134792
0.230078121663135 0.855990977860144
0.913130287415972 0.195296648303908
0.159922358988413 0.892037278474438
0.165889000370081 0.888974107791219
0.899034387299784 0.217979509164298
0.179206311876858 0.882132326866142
0.194403288291618 0.874323530953778
0.164701515019146 0.88958309342048
0.173296720169871 0.88517057852309
0.148518229666209 0.897893413709422
0.15987365969496 0.892063297905772
0.15753215319457 0.893264281211121
0.174238908083408 0.884683734375462
0.164354982941147 0.889759823391361
0.170652851380069 0.886527626724182
0.186868049598821 0.878197526030014
0.188279853154003 0.877472379484144
0.905696660091304 0.207259275717672
0.901108456230929 0.214640881073461
0.196614234843705 0.873191897635342
0.900970767719519 0.214872936213195
0.922428687109652 0.180321116131878
0.195763061757185 0.873631533185889
0.176227948298857 0.883662343253728
0.161049404842369 0.891459062320334
0.168007931153127 0.887885508867749
0.161153856048704 0.891405438817433
0.905682962276993 0.20728133261856
0.155193617239626 0.894465977212631
0.165800404049387 0.889018729275048
0.182388868307832 0.880502790839711
0.185155415142674 0.879078811487655
0.162860053942714 0.890529414674999
0.175378907110227 0.884100946431076
0.18889694371612 0.8771541493076
0.181928804161803 0.880734151748606
0.155061049649393 0.894534044214328
0.17046777300362 0.886620971014322
0.162083653694326 0.890927705196359
0.182355761474879 0.880518145747657
0.172478935226183 0.885587283788341
0.191126853695881 0.876010512429159
0.181252774874805 0.881085524042708
0.179831318593558 0.88181494841619
0.17777042836515 0.88286864009965
0.169057367116737 0.887344869020162
0.166103060553241 0.888864887063333
0.161816422742475 0.8910654541126
0.19049765153006 0.876336569755482
0.165379036321377 0.889236066583964
0.180417071028715 0.881510590905481
0.159073611478103 0.892472647663816
0.171825671408228 0.885923697252645
0.172478935226183 0.885587283788341
0.179789837856731 0.881836406137756
0.906401615368393 0.20612548033032
0.170694133586027 0.886506765558197
0.224023073759191 0.859102928756468
0.913883400250156 0.194080876876737
0.902771244414985 0.211971828595922
0.185800167953517 0.878747713516757
0.191624509216997 0.87575186456738
0.159248147523718 0.892383550792675
0.168925831052711 0.887415800298644
0.921653177621739 0.181570454924864
0.181025338719483 0.881202212039566
0.172102442628961 0.885782952582156
0.155529592132577 0.894293248811067
0.188300795715869 0.87745876425511
0.19124777139589 0.875949450529707
0.921463905365227 0.181875290813569
0.184238351809181 0.879547324975733
0.205395782086849 0.868679298230636
0.921135923779837 0.182402980459593
0.189117104849699 0.877043650301193
0.179117848430325 0.882181529298292
0.192112081335873 0.875503113155824
0.180320217505697 0.881560563875151
0.225877936803358 0.85815369312535
0.180328803296795 0.881557596132123
0.189500307230582 0.876854928005609
0.905067073098619 0.208274937086378
0.179761535158775 0.88184615621726
0.922354252196149 0.18044123792406
0.169879916455013 0.886922369466522
0.182648983500783 0.880367571387397
0.206551917495021 0.868088305755385
0.176891603432498 0.883320565330028
0.181338611805455 0.881040239938183
0.17096858494415 0.886362945730487
0.179300789985649 0.882084911102178
0.196537742585969 0.87322941712249
0.240717162165194 0.850512345053902
0.898067146707612 0.219548366429183
0.224083474166401 0.859070135562758
0.172659347224657 0.885497965102068
0.180990084274087 0.881219591532949
0.182149323035531 0.880622436838598
0.15472791913889 0.894704954114398
0.200471958809976 0.871214018208954
0.183151541568113 0.880113826308486
0.177954181978311 0.882780214792716
0.156042941648034 0.894029673796885
0.194860274317527 0.874090430931125
0.175782288831805 0.883891465022252
0.205505181404314 0.868628840557664
0.220899336545684 0.860705837036049
0.168021970273138 0.887877790612817
0.171319074010655 0.886183280318533
0.195478232646673 0.873775172146849
0.183223460117384 0.880071295999975
0.185064606409409 0.879124217074147
0.171440407448479 0.886122881862266
0.923660281303345 0.178337848071832
0.184283195772147 0.879526186500686
0.189768882808076 0.87671101358824
0.216870820576438 0.86278016495772
0.184486365945507 0.879421091203761
0.165330850400033 0.889258996861259
0.186774626411367 0.87824804759794
0.191666258302197 0.875737607522113
0.180204158045697 0.881619206522415
0.20090321539388 0.870987414766573
0.177974002847473 0.882770028316659
0.222673694770291 0.859799235267672
0.254654876555917 0.843351092886966
0.234208094929642 0.853867335855854
0.182836487941413 0.880268490583054
0.179977334146161 0.881736692958399
0.152054016311879 0.896077643746757
0.254539351455855 0.843416023253734
0.181817629390193 0.880792913080729
0.235854231216262 0.8530232746886
0.193731826678898 0.874673490666018
0.177351780306559 0.88308926635109
0.164092134312048 0.88989602004358
0.221076663271765 0.860618827738099
0.168162809194021 0.887805769858749
0.185802199617438 0.87874388926135
0.22297024095493 0.859653797248964
0.176003682746816 0.883777802926272
0.153268966074335 0.895453923201607
0.229858546780097 0.85610259580635
0.228605923686426 0.856753288135354
0.160771808766585 0.891601243050848
0.181001453875192 0.881210681203467
0.169785507269238 0.886971244250222
0.191370216691924 0.875884744114333
0.170237469306983 0.886738919524262
0.169059355041779 0.887343837467223
0.916881865830402 0.189255378613586
0.252908228122471 0.844245703399295
0.225078452965808 0.858562609703212
0.919632464089231 0.184825549907966
0.254269410578656 0.843550935140027
0.167869783897116 0.887957299270409
0.18478446180533 0.879266823176676
0.909738866931237 0.200754523209287
0.165466962054343 0.88918996590856
0.227423746438012 0.857359512471183
0.176018015183593 0.883770147377267
0.920632654978527 0.183213917056327
0.912588556356881 0.196166710019056
0.218982381076094 0.861693616654148
0.228500724573882 0.856808758300301
0.202052591527638 0.870400364829841
0.910789500757685 0.199066143260136
0.227965305201331 0.857074046643711
0.250372997881285 0.845547855504261
0.208626468456367 0.867014588435464
0.193846603009326 0.874613053028453
0.167869783897116 0.887957299270409
0.166667231110061 0.888574601896053
0.169155577412256 0.88729627042016
0.226598591580231 0.857781917107004
0.918672046095449 0.186370997278963
0.925675974299508 0.17509199081452
0.167831116077671 0.887977489194848
0.210945721235964 0.865833130797049
0.904891679753163 0.208556478236158
0.17282236648071 0.885415685812462
0.918301438538032 0.186967470185513
0.911576298585939 0.197795445113555
0.157559165737469 0.893250370068472
0.161300696087222 0.891330354416127
0.169583077233938 0.88707579356456
0.163256008179905 0.890325543725652
0.901062837338656 0.214720506980654
0.172064250172683 0.885801016981772
0.914074426547141 0.193774627075955
0.896445826209485 0.222152422787194
0.904352776105447 0.209427126604838
0.209718912615731 0.866454370671737
0.197862840789394 0.872549327696367
0.199492246518522 0.871712204419284
0.175145125005706 0.884219393870761
0.159539519625348 0.892233468610274
0.173852508891049 0.884882448148557
0.90928656701678 0.201483994015129
0.180666537218477 0.881383621155843
0.911991687984821 0.197127203532422
0.912906437451913 0.195655179479433
0.911414956136746 0.198054501181247
0.899714304454965 0.216888441105869
0.875771708028374 0.255394717206195
0.916558546114616 0.18977380814841
0.914912901059967 0.192424966233315
0.901022614871048 0.214784230275228
0.216672131066816 0.862879748677838
0.909672166622209 0.200861708027163
0.876653836921616 0.253981962111846
0.896318677717754 0.22235682684498
0.924027146061584 0.177747981637782
0.926548766259889 0.173685555414515
0.926494289730996 0.173773290827986
0.919351172716609 0.185277855443626
0.921337352169223 0.182081021481821
0.920864016421928 0.182840991073363
0.918656124611036 0.18639575077573
0.917764257749242 0.187834445387083
0.901942762688372 0.213307339323534
0.912229726674773 0.196742560109717
0.919786255085332 0.18457851424463
0.921324832321226 0.182100433758094
0.914593057049598 0.192938004460423
0.910326788214256 0.199806558382459
0.913056913619738 0.195411799407173
0.903296303286382 0.211131818397469
0.923292577356515 0.178930343681289
0.900477639321252 0.215662889304257
0.89778883777447 0.219988956506856
0.922944801468695 0.179490896391544
0.905174351247332 0.208103042449691
0.90363391239411 0.21058347306622
0.904856723405008 0.208617696126828
0.917883336385619 0.187639835415441
0.896036183197693 0.222810149604386
0.915743180277518 0.19108797831743
0.900352320417538 0.2158618736129
0.902219693796045 0.212859133507122
0.927767189363087 0.171723423550909
0.920763130201991 0.183005593225448
0.92462013632036 0.176792465122031
0.922493080719683 0.180218592427835
0.921778845207442 0.18136901823039
0.913332088633585 0.194968459873831
0.920763130201991 0.183005593225448
0.923317013833069 0.178890794393239
0.904435919345739 0.209292480960355
0.906211584377298 0.206430919544443
0.904370769764581 0.209401700134231
0.923469084622143 0.178647905031404
0.908173518858136 0.203272504015653
0.921967135210252 0.18106572366521
0.905159034275552 0.208127589068259
0.905234417043847 0.208004545142142
0.912109507820471 0.196939180232868
0.926473452297534 0.173806849529342
0.911355224823173 0.198151608031466
0.897167914599539 0.220989034405102
0.171901151844796 0.885884980666008
0.901794813111556 0.213545267536691
0.907077397165571 0.205038210015092
0.920548084405174 0.183353648747375
0.905394728702065 0.207747032476237
0.910637570064495 0.199306575390154
0.906663970957783 0.205703317865623
0.922021917608227 0.180976608984869
0.925409746795256 0.175520658653801
0.92415869569681 0.177534965065477
0.906001406500119 0.206769841484105
0.903876938458025 0.210189499503684
0.919697206407359 0.184719918040329
0.912309011379066 0.196618109011392
0.920999945943616 0.182622795802903
0.921093694987114 0.182472036252147
0.913633522292905 0.194483000000048
0.207274590712624 0.867713303446348
0.914603792552547 0.192921413824044
0.87855252155768 0.250929357524447
0.919542549839819 0.184968882133563
0.900976564382445 0.214857898882301
0.907434861416331 0.204463425599761
0.899193918456777 0.2177258203076
0.902209846882997 0.212872131907705
0.913014824944607 0.195480150201389
0.926498953177396 0.173765786677583
0.16892971016511 0.887411058884053
0.923079243607353 0.179273683817038
0.914748367776469 0.19269052205215
0.922982792980811 0.179428336580367
0.896497554280428 0.222066402260265
0.915422176229854 0.19160338829554
0.901625522880351 0.213810879811665
0.910467104598667 0.199579591343836
0.910413312493964 0.199670971959595
0.897620800352119 0.220260328768018
0.897015206144344 0.221229075383643
0.904619782559277 0.208992482788086
0.920297130326306 0.183755364734409
0.921427987533377 0.181932633869725
0.901596785074912 0.2138580627153
0.156074971559551 0.894013264228471
0.904237148930413 0.209610020110116
0.876740213587045 0.253842946497438
0.91100576450531 0.198712906908035
0.919697206407359 0.184719918040329
0.913463648500703 0.1947573716278
0.911471096758206 0.197963697670402
0.905667999545332 0.207303729832711
0.91294920293439 0.195586892543734
0.199833599358044 0.871535104859975
0.918574676398884 0.186527289549858
0.921008722663383 0.182607660291449
0.896553604587136 0.221981972703932
0.87109365017178 0.262913578479844
0.905464388333928 0.207635831353339
0.915393175067703 0.191650064125785
0.91430383106914 0.193404561530276
0.900834686816447 0.215088007406312
0.905934322485059 0.206878096532238
0.175613649242886 0.883977701665666
0.923355911649082 0.178829039474391
0.252353067864667 0.844534983938737
0.912685078579935 0.196016011030209
0.924877099413507 0.176378876503854
0.925075325683609 0.176059670994438
0.898274427848004 0.219210812366758
0.926478787948686 0.17379825686089
0.914846068625134 0.192533146131401
0.920909823055943 0.182766236914845
0.924951713042771 0.176257605402867
0.902122705025221 0.213014447265349
0.919050318341864 0.185760952471596
0.916931301364844 0.189173000056569
0.908165874690457 0.203284443240387
0.914167520837087 0.193625350542396
0.873645290706507 0.258819173115285
0.927755922494204 0.171741539843403
0.89905655319078 0.217944391070396
0.911497032472871 0.197926739882004
0.919643822452491 0.184805061186019
0.923007042988065 0.179389282316444
0.166490517623766 0.888666276249442
0.921278122147503 0.182176131905258
0.895735905782003 0.223292788038283
0.920939810565894 0.182719786591739
0.179924436111797 0.881765741332062
0.927717182787097 0.171803938875037
0.910217683122146 0.199980422341353
0.900957650061876 0.214886811360587
0.914190842108187 0.193588137660755
0.907015333465693 0.205138464823266
0.254948457728901 0.843203870828633
0.921452237896146 0.181893073545024
0.902683254992655 0.212109424492727
0.907971839456948 0.203597172814988
0.904904698730586 0.208536716275439
0.196335297936416 0.873336726232004
0.918953203427611 0.185918642407549
0.916127976230348 0.190466810219782
0.906057174871036 0.206681822931975
0.898454444926206 0.218913082583535
0.905683773230797 0.207278664755106
0.908249796748096 0.203153956751238
0.900204053731143 0.216095441976899
0.904391472020573 0.209362235661766
0.925620691312037 0.175180019379507
0.920086371278668 0.184093407709223
0.903928366585804 0.210103660985518
0.912352986380209 0.196547771162216
0.906354033814486 0.206199682428936
0.918218024025883 0.18710236785487
0.91729597916474 0.188588869407718
0.922960660867062 0.17946519679005
0.915346781520007 0.19172516854974
0.914403038084111 0.193246735571461
0.924097528278516 0.177634283975691
0.921496115238498 0.181822825420683
0.924352163985943 0.177224857975094
0.916121699815697 0.190480265895981
0.924352163985943 0.177224857975094
0.919973782598069 0.184274188660864
0.92224267032728 0.180621828625055
0.902518378402435 0.212382896970092
0.919130149450284 0.185634022761178
0.89910423868334 0.217867277857695
0.924452822382721 0.177062100884003
0.90191724887724 0.213339902523549
0.87748698143241 0.25263530135238
0.926969692829308 0.173008022242225
0.922327842317573 0.180483851763527
0.903563751559182 0.210691775857328
0.921281388300489 0.182170276585331
0.90382817843737 0.210266114598135
0.927594510053323 0.172001835005686
0.912351350768401 0.196549772555432
0.918129786510378 0.187242828149049
0.89717263873192 0.220980110196304
0.921454178791158 0.181889968346175
0.913546512043751 0.194624082577279
0.929186838476173 0.169436892983241
0.925331090221914 0.175648058129907
0.907144934300918 0.204930915849251
0.925954169688095 0.174644314606222
0.923833476477472 0.17805978464335
0.926306407508032 0.174076912063205
0.927721386388919 0.171797461897071
0.922356289797334 0.180438146447412
0.907741954727714 0.203967980147503
0.911247978487805 0.198322506116345
0.919725150018528 0.184674360328423
0.904689278251888 0.208880510187124
0.903779068464374 0.210343842290152
0.92144142112648 0.181913001552667
0.899625401638108 0.217030192294387
0.917690055220603 0.18795053889898
0.905588600858245 0.207431090794938
0.897326560518866 0.22072788210057
0.9263977450936 0.173929346606757
0.927230040211878 0.172588450087281
0.910140369728342 0.200106122413276
0.900035981045384 0.216374875302991
0.897573782590839 0.220334967394261
0.923641839225075 0.178367641597781
0.919054029001926 0.185757090023176
0.912825164744745 0.195784327787641
0.927079920644713 0.172830625586419
0.926933928438946 0.173065989374221
0.927927228207274 0.171465883728647
0.897567699923989 0.220347294998224
0.923075646965743 0.179280371417199
0.916552079286717 0.189786205238948
0.92455658889145 0.176894691997343
0.927927097445556 0.171466095960826
0.922836646826606 0.179664157505828
0.914904675719086 0.19243546133814
0.924666459950614 0.176718412189085
0.917219291534258 0.188711996726298
0.916541947165623 0.189800081171926
0.911365187833697 0.198134663100778
0.920835075072133 0.18289000230555
0.909258996060561 0.201529550289542
0.927200627175605 0.172636379315628
0.926683337059353 0.173469348543905
0.898174852100406 0.219361888815428
0.918291429836307 0.186983988552793
0.912595059109459 0.196156580933566
0.928914342434068 0.169875840892792
0.914622127895132 0.192891619171783
0.924814433350886 0.176479980912476
0.911192735690536 0.198415982594694
0.909982988083639 0.200359125614864
0.904590820525922 0.209042506951623
0.916360671892103 0.190093877622726
0.912548053177829 0.196229839626314
0.913425885208791 0.194819720945301
0.914250147715724 0.193492261268637
0.913897564250717 0.194056445616858
0.926300735529685 0.17408598939568
0.911928730704445 0.197227484216441
0.914561866937005 0.192991766730158
0.916090134377844 0.190529466991808
0.920894697211495 0.18279384661883
0.928921363770007 0.169864531355975
0.913119779018894 0.195309506803977
0.896833999413961 0.221518642450436
0.922537771582016 0.180146100211202
0.897190031557164 0.220949547462471
0.925696369986089 0.175059051851289
0.924462352835312 0.177046962026855
0.909072212208002 0.20182652680667
0.925712161689961 0.175033553250455
0.926487843199447 0.173784126098175
0.919402701992369 0.185195312486961
0.914661901842674 0.192829170227705
0.923318376091009 0.17888933965596
0.922480755376647 0.180236888264397
0.906976931134239 0.205198606310797
0.911530452448873 0.197870652525655
0.92513241037258 0.175967413881856
0.91751552718156 0.188233291309977
0.923050209047282 0.179321072303952
0.919243720582091 0.18544962081868
0.907386366009311 0.204538554652867
0.922537771582016 0.180146100211202
0.906854842541095 0.205399412277825
0.924122597768533 0.177592558172498
0.919865697929266 0.184450896709759
0.920452829426736 0.183505773709385
0.904813612732769 0.208684398456683
0.926225899029508 0.174206262900955
0.923837880194615 0.178052389308364
0.919139126716902 0.185618492656093
0.919303829063219 0.185353904237079
0.910983425960332 0.198753322311077
0.897312725958693 0.220749514386892
0.916562871599849 0.189766389578054
0.920949950117595 0.182703363389897
0.916386050011266 0.190050545293929
0.920949950117595 0.182703363389897
0.919947744570542 0.184315677583013
0.917092084833025 0.188914510685236
0.897417805371383 0.220579897842365
0.907871639412224 0.203757623646724
0.917998359816384 0.187456809608883
0.920044930325254 0.184159747847164
0.916599874381725 0.189708433984808
0.927358493014243 0.172381913994903
0.919680636269399 0.184747192230987
0.923806488071539 0.178103091556225
0.908147061053144 0.203314018745307
0.904813612732769 0.208684398456683
0.915513789736581 0.19145725326676
0.920832453812474 0.182891084113731
0.92585918328888 0.174796976133148
0.922788861684462 0.179741785744693
0.908566874770313 0.20263913076485
0.926319392659204 0.174055588270676
0.910272517949266 0.199893520814632
0.920845090252781 0.182872990372637
0.923457280319271 0.178664759920034
0.913720833895934 0.194344171293476
0.91498951278641 0.192301093058313
0.917257156128351 0.188649349514462
0.911192735690536 0.198415982594694
0.909555435881732 0.201049686513701
0.912562135901885 0.196207219259787
0.912968735694692 0.195555884866323
0.907657592255191 0.204100729794631
0.925233981937159 0.175804676354919
0.915513789736581 0.19145725326676
0.911358937602615 0.198145838335302
0.897417805371383 0.220579897842365
0.918932304883675 0.185954193707458
0.916296058391412 0.19019687018909
0.919982666147161 0.184260774066725
0.921773644338988 0.181377002478899
0.906951688131366 0.205237961191435
0.924935978639947 0.176284396557102
0.91284030114184 0.195759257289628
0.926487843199447 0.173784126098175
0.923834967428204 0.178057071664245
0.926068638171915 0.174459763052638
0.921821577822114 0.181299671391245
0.915680075215843 0.19118756340806
0.879169393944313 0.249951406421271
0.8741533968247 0.258000053952165
0.901422287340168 0.214142225982583
0.872675272542526 0.260372229755727
0.873471471047535 0.259091540496924
0.898675955004428 0.218558180992527
0.870224784937646 0.264302812559839
0.911641017266057 0.197692581053421
0.916860826510975 0.189289581777939
0.912735340637328 0.195929288101205
0.922925275793479 0.179522646793291
0.91684972731802 0.18930396401482
0.927129946642082 0.1727501157966
0.919707274082188 0.184704938711001
0.896894296303662 0.221422668288644
0.910125878206585 0.200132092336905
0.908945322577331 0.202029169686647
0.90254273858877 0.212334264644179
0.911191330549671 0.198416980736409
0.910540328954836 0.199462826832132
0.915539181898155 0.191414391538548
0.899686229083633 0.216932324707681
0.919787455412087 0.184574938399769
0.921348242115039 0.182061589394137
0.923454162481923 0.178671077200414
0.907631025601929 0.204150027094899
0.919038900362961 0.185781293403518
0.907037291264347 0.205101753274831
0.919573256531613 0.1849192559676
0.907635284099072 0.204143787291782
0.917524485485288 0.1882198706293
0.917221543546903 0.188707735431668
0.923389322974344 0.178774850587131
0.914796161112265 0.192612539825456
0.912173324045462 0.19683409277594
0.921497088170423 0.181822360234356
0.919552276665685 0.184953021094108
0.913803887220988 0.194208256534463
0.915834508258014 0.190938999443423
0.907421298597243 0.2044875200285
0.921240444004289 0.182235874824192
0.924681853716584 0.176692762282797
0.918208168738946 0.187119785333997
0.923443156953116 0.178687151187691
0.906175257569791 0.206492228603256
0.907225425586148 0.204798536305077
0.924662215131503 0.17672440625156
0.910099758566929 0.200173011220995
0.922072165801836 0.180895740201962
0.914425940230141 0.193206030518077
0.924655835748974 0.176734659247097
0.926366186857978 0.173980464607766
0.924647659894973 0.176747829562402
0.922325291826718 0.180486971610622
0.899755946162005 0.216817278912309
0.914819536943387 0.192573997648495
0.908220408751496 0.203199081028646
0.907850132807448 0.203792901363375
0.912831999631811 0.195775875394046
0.919493084766536 0.185050361566988
0.924709774248443 0.176648146831928
0.912596191740302 0.196155460320562
0.91226126369204 0.196692078537642
0.91985279559999 0.184472035920252
0.926158223999327 0.174315194594715
0.912831999631811 0.195775875394046
0.913759170398369 0.194282976318513
0.906291295710107 0.206303750738579
0.870932321769666 0.2631665861231
0.920171201509693 0.183958436622351
0.915306142961618 0.191790922233277
0.919733465605668 0.184661252159811
0.915397077674779 0.191645013397143
0.922070083394674 0.180899249554861
0.922211054554923 0.180673184367592
0.904372224638962 0.209391342752266
0.907238442727095 0.204777574732106
0.917335088204213 0.188525948638151
0.920780936758514 0.18297546529087
0.922325291826718 0.180486971610622
0.919435793952899 0.185143071910206
0.918449029142245 0.186730102536674
0.925355183075237 0.175608417521534
0.918903554307997 0.185999396897861
0.923590592253642 0.178450696365242
0.920498774018794 0.183429661165692
0.910420094128217 0.199655444948944
0.914019232991272 0.193864042922987
0.926155515489211 0.174319557697548
0.925328266240236 0.175651661436678
0.919289139500943 0.185377761707079
0.908987128016444 0.201964150938947
0.919627394121057 0.184833494942212
0.929834279451994 0.168393943761316
0.927025623877546 0.172918280757489
0.905479863362536 0.207609546443458
0.901327683643889 0.21429312447607
0.898788960098551 0.21838419263825
0.920371875254947 0.183633045811505
0.927128980296594 0.17275120967137
0.914245984703215 0.193496320800153
0.900114948616268 0.21624953612235
0.896196253587111 0.222550092251129
0.921977065704918 0.181048882580607
0.927128980296594 0.17275120967137
0.898150370559038 0.219407803591619
0.920017693590395 0.184202837803308
0.916766634695022 0.189437768634384
0.903302992629806 0.211112934359014
0.912657332934477 0.196055504260046
0.878604902309489 0.250851939283476
0.89629219078282 0.222394617700611
0.903417584976429 0.21093011987463
0.909021574169887 0.201908084065558
0.914303944559065 0.193402593514124
0.903296803257426 0.211126082630968
0.911174506110129 0.19844111765668
0.87914819724932 0.249964134828755
0.910292341609106 0.199862851048918
0.907937648272394 0.203652436529979
0.895965024355379 0.222918091111969
0.916521001962901 0.189835611871709
0.90728613660631 0.204702983967141
0.911678283397895 0.197630211042406
0.921441598578644 0.181910507004003
0.905989558942005 0.206787675369679
0.89973346758808 0.216856236761931
0.896784666106463 0.221604734840943
0.90328285044239 0.2111485240882
0.898413337629808 0.218980919375231
0.903383251487466 0.21098233065776
0.901154018532983 0.214573178138045
0.912657332934477 0.196055504260046
0.914770428538075 0.192654578534466
0.920152551948797 0.183987157595468
0.925384340010124 0.175560827800407
0.912328669250269 0.196586888741317
0.870346752054226 0.264123219566086
0.902432356123727 0.212513934094778
0.913311547250409 0.195001505854633
0.921977065704918 0.181048882580607
0.915655545730831 0.191228946670506
0.900589373850401 0.215481698931942
0.90432492353553 0.209469933675293
0.921490029063246 0.18183291183708
0.910069430371808 0.200223519930048
0.918560080761748 0.186550992503005
0.910564996413896 0.199425174603059
0.869076200238155 0.266154076615009
0.909275870389837 0.201498303446136
0.900334108246749 0.215892268679636
0.900078478512196 0.216303475865665
0.876063631919255 0.254930159340929
0.921168149009224 0.182350798468673
0.913940387550095 0.193987984594768
0.904294347500039 0.209516242910688
0.927259348245451 0.172541517020892
0.924618430222986 0.176794824386522
0.89829467038592 0.219171293162661
0.908003514301914 0.203546486210098
0.920091540759568 0.184084176387318
0.902356389288111 0.212632585849991
0.910708951232682 0.199192487429695
0.906118929772264 0.206581019307013
0.872779037958798 0.260205769987233
0.920871605441679 0.182828596524034
0.919435147164085 0.185143336434821
0.908905222485319 0.20209433205264
0.904942613847563 0.208476243531617
0.919556174002927 0.184946422287199
0.919221962865151 0.185484675656744
0.922573946703035 0.180088183051452
0.901725437099787 0.213656511577074
0.901403149194679 0.214170392483838
0.871660010678324 0.262005005058257
0.898951556125552 0.218114490716271
0.919503609386049 0.185031744540954
0.912790733116715 0.195838984602769
0.914754787553335 0.192678587226334
0.919480459271259 0.185069938251406
0.901551950822024 0.213930730187229
0.916881296655607 0.189256437533597
0.913942862720921 0.193985970128856
0.876180568784282 0.254732368247813
0.909251869176885 0.201538270378301
0.911523391945908 0.197882332031223
0.875887916430733 0.255208124985809
0.916307950196687 0.190175890863303
0.921741696808588 0.181427387162547
0.926046343258482 0.174494779815365
0.91817449441062 0.187170705503978
0.908511289924265 0.202728336597725
0.904968935550772 0.208430408664091
0.867350015010473 0.268925322561764
0.912894001809974 0.195675433074101
0.907994618558899 0.203561898321725
0.918903960566095 0.185996391836098
0.924165931709678 0.177523432937383
0.907042266729138 0.20509515992639
0.907963175918836 0.203610702022833
0.920022364040299 0.184196778739024
0.905974987726075 0.20681227020287
0.896401320606055 0.222216153608679
0.906331897501152 0.206236037203008
0.911673831890548 0.197637252544191
0.912529302572662 0.19626211939981
0.927472500820295 0.172197977573889
0.919249682635257 0.185441212560839
0.916058287743551 0.190580112637995
0.927472188888299 0.172198479910304
0.912090312931703 0.196971029769779
0.921614721120892 0.181632220701347
0.898745882212975 0.218444862425308
0.915842820902727 0.190926292473599
0.89649845665927 0.22206037390182
0.869915606311605 0.264807426949349
0.89649845665927 0.22206037390182
0.920603826338248 0.183261027780562
0.914689803413464 0.192784076153193
0.925487350012196 0.175395356721637
0.901988034617555 0.213228109820231
0.909694552065262 0.20082576178717
0.923524442008251 0.178556984217429
0.91355547410691 0.194608621205557
0.909782974932583 0.200683575990528
0.877156967810355 0.253169146001199
0.91376294847137 0.194274517561855
0.924315529362845 0.177283364732347
0.918208498666065 0.187118765005735
0.909830721001052 0.200605588745036
0.905686256058875 0.207274972745382
0.901017416456296 0.214789909019533
0.897789203304404 0.219985311152051
0.916482030830544 0.189896726204492
0.902800206872394 0.211918786937225
0.920882011631951 0.182811255397106
0.919720567624089 0.184682566190987
0.914938175265984 0.19238270285041
0.878960413040136 0.250269509664198
0.913338024094863 0.194958303130835
0.909318227466399 0.201430575477215
0.878160974447312 0.251557426843908
0.916251722913978 0.190268059597333
0.908639687113021 0.202521775731145
0.922358822327434 0.180434622488008
0.922913421681703 0.179540886086766
0.915897345139155 0.190837252176124
0.922674111211996 0.179928048000483
0.90785900187342 0.203786138341126
0.89761526954182 0.220262288805487
0.874209617977401 0.25791258597971
0.9157141775688 0.191133446093619
0.913603683268626 0.194530432993425
0.914008579442479 0.193880533485324
0.919119562096716 0.185648810465724
0.877146696370732 0.253182409798202
0.918185825673213 0.187154317386728
0.907346892615651 0.204603256376007
0.914755887893412 0.192674663802408
0.878520380241748 0.250972114240007
0.905624145392382 0.207373913515353
0.907099096210699 0.205002728165692
0.922979351381649 0.179433828969795
0.923614656243424 0.178411601578538
0.918452863193774 0.186723880053966
0.897440377361258 0.220544480699516
0.900319307176082 0.21591609492109
0.906548278174171 0.205888680788448
0.869139797429482 0.266066606487779
0.904758836838723 0.208768465784947
0.89738273156432 0.220636900708002
0.903679025990504 0.210508996198038
0.899562542077464 0.217134904563752
0.920738749329372 0.183042470484149
0.907595637539963 0.204203309913106
0.92081451266884 0.182919799631169
0.914333672635863 0.19335864993531
0.914863012197035 0.192503662278165
0.926404141192572 0.17391844734207
0.871126232157106 0.262865391208741
0.902342044845218 0.212662974710565
0.874494825196212 0.25745392555713
0.905753476184225 0.207172011116466
0.922989970657454 0.17941832323933
0.921826018792528 0.181292937287467
0.909039697613894 0.201878345450422
0.911701142213763 0.197593485182593
0.905294343122581 0.207906373196367
0.909115849663461 0.201756310303624
0.870647808068558 0.263640677699183
0.923777893165027 0.178149118972888
0.922137881337645 0.18078912684575
0.910326610149385 0.199810410444945
0.906489621325758 0.205982784402793
0.912502648613589 0.196303479791289
0.878485693908643 0.251030985396132
0.873619156902468 0.258863067413491
0.902511831289641 0.212383368161068
0.920032345832312 0.18418107865826
0.913940283339315 0.193988152335851
0.917968675101097 0.187501960141503
0.871486353981167 0.262286982547138
0.90190908457956 0.213358765512641
0.917761441416797 0.187837987536611
0.897984326037704 0.219675153420814
0.905836873018911 0.207032535215894
0.924687081021437 0.176684165639624
0.871346017092629 0.262513143658466
0.879385741304127 0.249586375660029
0.916085534405452 0.190534507608041
0.908274548775753 0.203108910610657
0.922976580328198 0.179438842236605
0.899271990228128 0.217600863221584
0.900546016177423 0.215548020863045
0.918360102446347 0.186872088431196
0.910490367791539 0.199541966489379
0.914046203798595 0.193817407452572
0.923481562073651 0.178626137559774
0.927600758014526 0.171991498544405
0.905851280597974 0.207010977005333
0.87925662758285 0.249806745088825
0.902989000891418 0.211616552744362
0.920454582439906 0.183502500284713
0.924611345134622 0.176806235883755
0.878357665948548 0.251232535928098
0.90298404333733 0.211624545087688
0.918534982800509 0.186591201100374
0.89832216008334 0.219127667495986
0.911487883382869 0.197936036273621
0.916340824157573 0.190124097777373
0.897083205089028 0.221120006922674
0.922494035688079 0.180215822218165
0.919266210447236 0.185414003841529
0.914903516993938 0.192438801218024
0.923445883432109 0.178682656011715
0.91408057956672 0.193765352566858
0.919156011082238 0.185590836750314
0.922050740310012 0.180930103237117
0.896375165928027 0.222258509258056
0.870312877757275 0.26416626437284
0.896507915333531 0.22204578969843
0.918019059159231 0.187422045469003
0.895746247440567 0.223274048556979
0.903214885405921 0.211254097166696
0.897159024978493 0.220997733199357
0.924670195284605 0.176712779261915
0.902983888224861 0.211624793873216
0.87435886176015 0.257681465293762
0.90359714461783 0.21064143689738
0.923613431992399 0.178412518032599
0.921217399963169 0.182273798049295
0.900569211232434 0.215507891886068
0.915469181344419 0.191526389320305
0.912259191977575 0.196696484931822
0.896333568407045 0.22232848670345
0.872438473700606 0.260749864999992
0.915152933380227 0.19203796578228
0.92251457196363 0.180182666894554
0.916502971978983 0.189864905899248
0.908177684002792 0.203265585447561
0.898589058946765 0.218697542789776
0.906208138801037 0.206437362931834
0.920457223207078 0.183495483708185
0.91886597619683 0.186057660280374
0.905539184036534 0.207512769256001
0.920188765807179 0.183927733501672
0.908862569899186 0.202162765382953
0.906837524199014 0.205426489311627
0.873043434626234 0.259777929812361
0.924493417865798 0.176995995191088
0.910800249499954 0.199042325589212
0.908555954234954 0.202656307022208
0.914866574051204 0.192498223165676
0.897056577231397 0.221167179012434
0.91587871037691 0.190869675373373
0.922909706910584 0.179546003017579
0.874615311761957 0.257247613214554
0.90568215743993 0.207281940153972
0.86815004094218 0.26765050369989
0.915502972201163 0.19147442447192
0.922186860186432 0.18071097690257
0.910009653179221 0.200314539329128
0.913645475243993 0.19446250810106
0.917965489723026 0.187511035999658
0.917967824144622 0.187504234578156
0.876716948031672 0.253874125506966
0.919994827918462 0.184241361065313
0.916729731954715 0.18949900811237
0.918491688980079 0.186660677673083
0.923222831885884 0.179042621935073
0.868347312055367 0.267328988988359
0.926837946240849 0.173220233368817
0.895918430418998 0.22299823869404
0.920669268435974 0.1831544145621
0.914081436233989 0.193763305572914
0.912845165242838 0.195751854053913
0.874860310168263 0.256862238448788
0.907146314435718 0.20492468955388
0.904167013998776 0.209721773936891
0.918796424744132 0.186170085380905
0.89598562512062 0.222895723489065
0.919586784511362 0.184899377014645
0.908398212043899 0.202912191126132
0.904167013998776 0.209721773936891
0.926938459252296 0.173058439025764
0.911307848870252 0.198227575686098
0.916149557612118 0.190431757054246
0.901633077683405 0.213803256432302
0.907146314435718 0.20492468955388
0.905446955224569 0.207660867553828
0.915250824216726 0.191879299636602
0.921045382231167 0.182549833559327
0.906425607943417 0.206084254682661
0.873186177007328 0.259550894947535
0.925119430097312 0.175989125361752
0.908583998545043 0.202612981206689
0.92264226546899 0.179977399802593
0.914101488269271 0.193728897311326
0.898723916718119 0.218483302260209
0.870305381077619 0.26417832492335
0.910836272403106 0.198984641400759
0.877357468563112 0.252842999034186
0.909470177687387 0.201185168002935
0.923273899081612 0.178960393164697
0.926152243082071 0.174324513426492
0.91240839575872 0.196453680077205
0.898582319154911 0.218709479325471
0.907702788495876 0.204033018009555
0.915498065329684 0.19148199020526
0.922792064464558 0.179736373529333
0.902209029661655 0.212877618488861
0.912618374657867 0.196117648277412
0.91981029416987 0.18453943315042
0.925143934113605 0.175948627247401
0.899797493485794 0.216755729156869
0.873479616057559 0.259070379147062
0.921210493272761 0.182284151770501
0.90885011922505 0.202183077946916
0.914826716930134 0.192565468441096
0.896801922122883 0.221579315688509
0.906437126489921 0.206071285767043
0.918743446761264 0.18625614993895
0.902302811494788 0.212726580314991
0.91142112283898 0.198048460586262
0.903899719311526 0.210152403206384
0.919671078562801 0.184762088580086
0.901955852422462 0.21328111943752
0.91055421191034 0.1994390191241
0.917147236340905 0.188825055220965
0.905113203167698 0.208197588800459
0.917150155241525 0.18881989912787
0.924965612614236 0.176235730832014
0.916458628804617 0.189934371164255
0.899908175509673 0.216577154720776
0.907176897251132 0.204874677903788
0.92284066487377 0.179659882664332
0.906119378818637 0.206577916583848
0.877357468563112 0.252842999034186
0.915772477649693 0.191043248778735
0.920826944874952 0.182900806756189
0.900445491137039 0.215712466540112
0.914058127895646 0.193798363897038
0.873509521724278 0.25903318461368
0.90926649026845 0.201513914561595
0.917965489723026 0.187511035999658
0.874974222960024 0.256675301722752
0.908831000734716 0.2022115826057
0.914009109522307 0.193878280667772
0.910627811239792 0.199324441671913
0.904464397985865 0.209243653227894
0.909262594422329 0.201520118177178
0.922534700461052 0.180149852417509
0.912237250271929 0.196730333856597
0.918859084872464 0.186069910119364
0.906116532050108 0.206581750553146
0.924742976863993 0.176594111730826
0.873812248802388 0.258545535343587
0.919590764438387 0.184893148517676
0.916218473604929 0.190323042549671
0.900595680147613 0.215471712683302
0.89941979890841 0.217364327452821
0.869909494646984 0.26481482851109
0.925059350051637 0.176085027603669
0.91566965843826 0.191204223687032
0.92376945102762 0.178161663138094
0.874223710121148 0.257879942437594
0.913882018292227 0.194084304106267
0.923979974777515 0.177822878535017
0.918030289958302 0.187403184465605
0.909832034942688 0.200603471851538
0.912855177989131 0.195735901297655
0.916221445541332 0.19031892460538
0.914026589610552 0.193851318160109
0.878014624370004 0.2517919735293
0.870996681642191 0.263082629294358
0.925332126316764 0.175645074141412
0.902327653913132 0.212679892323928
0.905312596059936 0.207876689178154
0.923123238335828 0.179202680614232
0.917335660091645 0.18852148016386
0.907102676272132 0.204996960319776
0.91110514150465 0.198551830417555
0.908628438484279 0.202543683007981
0.897007475117859 0.221250399562542
0.876534566610774 0.254179385669236
0.904293785932252 0.209521635440059
0.916221445541332 0.19031892460538
0.916117058598514 0.190484661920498
0.911018154385345 0.198692090710929
0.922629262234805 0.179997649481402
0.875745980786567 0.255442945136578
0.90809555093203 0.203400020365771
0.912348004552285 0.196551846867528
0.90709176347671 0.20501453779584
0.875676460507444 0.255542456214166
0.86815004094218 0.26765050369989
0.89761526954182 0.220262288805487
0.878795919404831 0.250533784342373
0.914972656919706 0.192326330192028
0.922903874888662 0.17955619209666
0.915422487079512 0.191601811577597
0.907019148682947 0.205131228273431
0.916798441203691 0.189387567501564
0.908837517629506 0.202203176960835
0.912910535353855 0.195646223250843
0.911506325720079 0.197905733297447
0.924099604312062 0.177631456076945
0.907962640266285 0.203611925450035
0.920321143186804 0.183715287698197
0.909817073820785 0.200625926319145
0.910425080209797 0.199648614159785
0.918478081585667 0.186683760143908
0.917512663416562 0.188237828100926
0.899305324854551 0.217544477901865
0.900962400099671 0.214878113874398
0.899282763428567 0.217580687586549
0.905043520949902 0.20831486129375
0.902735299818183 0.212024535740828
0.876547653355691 0.254152084403252
0.871784419946337 0.261804788861966
0.927259680817186 0.172540981293968
0.913799955323154 0.194218925500951
0.923817774512752 0.178083908279075
0.877388196379722 0.252792870247665
0.913772918269772 0.194260310507773
0.925464710751544 0.175432578449066
0.913589533841329 0.19455606701036
0.87307761883263 0.259734918285441
0.910907628553985 0.198873253015203
0.877748161649404 0.252211295979689
0.870105212598523 0.264499022354585
0.922743394611935 0.179813995336974
0.867667428264666 0.268417693848013
0.914458307573106 0.193154156211372
0.9110565749645 0.19863205828458
0.90575365471671 0.207171723704496
0.922153057943935 0.180765831053919
0.912413422026024 0.196446287184124
0.879185119866922 0.249904958393755
0.927600593511613 0.171991763537512
0.917647160704879 0.188020797770415
0.901035681121385 0.214758497402645
0.917965489723026 0.187511035999658
0.90298829357481 0.211617690943402
0.869847765898259 0.264923817298591
0.905776917955454 0.207128552694623
0.92490158517788 0.176339339217341
0.910670759763056 0.199256038420153
0.901605284582614 0.213844969700889
0.921447684847768 0.181902474932758
0.915772348745191 0.191043537792656
0.915740381666361 0.19109161863006
0.924435978778868 0.177088759359582
0.914147730079602 0.193657091079458
0.898032681191928 0.219591658613078
0.921447684847768 0.181902474932758
0.873016292675775 0.259830149326683
0.914274056955178 0.193455118213528
0.909642827133329 0.200908027560062
0.923608572381968 0.178422206904941
0.918304985121129 0.186961740432191
0.904163540594306 0.209737100657584
0.907705316342185 0.204025951168142
0.909784522594291 0.200679272552712
0.92456116293981 0.176887671250477
0.913828534446468 0.194170905614362
0.907330301651433 0.204631006583459
0.902930757497496 0.211715967847859
0.921226299517107 0.182257827610377
0.916981223800926 0.189093060285993
0.912125500312053 0.19691076275012
0.922361035627389 0.180430431145541
0.917573411521652 0.188139796200993
0.919124059694775 0.185644298991956
0.92831688783838 0.170838318648341
0.912531000664571 0.19626055487645
0.925111357024072 0.176000752057867
0.904248177457147 0.209590230381525
0.923026820902253 0.179359328409795
0.9132672488351 0.195071037073616
0.906219489639006 0.206420689645618
0.925111357024072 0.176000752057867
0.923527539531165 0.178552767364793
0.91184191052625 0.197371882530571
0.896567620130884 0.2219582947803
0.922827831366092 0.179679098535767
0.9251073237798 0.176007227185402
0.918372877838773 0.186852407124035
0.92250504995258 0.180199165890616
0.907722639607916 0.203996226242371
0.910070167105929 0.200223497730645
0.903386494130652 0.210977412487531
0.908465893101509 0.20280331631897
0.918435080855311 0.186753556510412
0.902760406061345 0.21198379040169
0.914702822176644 0.19276251748746
0.928814387898825 0.170036832945999
0.915454551450672 0.191554119925891
0.904005043291953 0.209980127169816
0.914117585100104 0.193704722598976
0.928814387898825 0.170036832945999
0.925130859721111 0.175969501288639
0.872613767441708 0.260474476096212
0.923990098555289 0.177807225796535
0.926328757084765 0.174040552790409
0.923338683456917 0.178857248248591
0.927997937370497 0.171351927642344
0.878983779920444 0.250227413010931
0.927221409933279 0.172602715651303
0.923776359261727 0.178150728635936
0.916993913935799 0.189073644200367
0.926539104904277 0.173701772934439
0.922575346403184 0.180085740226005
0.926168071930573 0.174299309164641
0.924845652376237 0.17642897935806
0.921892160827818 0.18118527450139
0.921890233193835 0.181190409498375
0.92172165588373 0.18145941729594
0.909849619604118 0.200575636943703
0.923061782987773 0.179301584017083
0.915613070844417 0.191296731470369
0.927997937370497 0.171351927642344
0.916784086307729 0.189411505707335
0.91708311365055 0.188928820711581
0.910720396446692 0.199175344803495
0.918705859885621 0.186316408598752
0.922129196951245 0.180803382389878
0.871333577300156 0.262527123043629
0.915058948323781 0.192189153543155
0.924520086749779 0.176953719355182
0.86988054606054 0.264873810736628
0.928822937208308 0.170023061678136
0.919026560071115 0.185801975726648
0.899377195508042 0.217433103411693
0.914215251789343 0.193547899591061
0.919016039365501 0.185816878073095
0.917277113791039 0.188618638826247
0.917051344533306 0.18898158057035
0.927909990887295 0.171493563601534
0.918713745055695 0.186303720130168
0.91647090777029 0.189915734532276
0.922513862181285 0.180184176809876
0.919215457980069 0.185495647997319
0.920609049346967 0.183252587652658
0.916811125503187 0.189368792601333
0.91728302575925 0.188606560609736
0.922712229919757 0.179866067126372
0.920385069771934 0.183611909040077
0.905306376231259 0.207888717264261
0.920908025710303 0.182770549255305
0.923445165410128 0.178685473859471
0.922079831479516 0.180883263946507
0.921555295618657 0.181728745920428
0.926561620271537 0.173665041442713
0.919417761167043 0.185171961819148
0.915458064042107 0.191545245567693
0.910160609494123 0.20007839408665
0.917009629997764 0.189046391829668
0.924458035867148 0.177053337275088
0.917187092900079 0.188760458368309
0.86833469088102 0.267363733765266
0.923249459804516 0.179000267933519
0.926669820491501 0.173491324533454
0.914805200688418 0.192595092531771
0.921547820256488 0.181740950039335
0.907645842343169 0.204123250241837
0.914764745631951 0.192663241386693
0.914204144473063 0.193564870061804
0.923589183955188 0.178453119121206
0.927080628744108 0.172829132342704
0.920288201162129 0.18377020546814
0.870829548059506 0.263334306053634
0.917793737870123 0.187786909438446
0.908393601106 0.202920897260402
0.924001092640758 0.177790530342497
0.927102284078503 0.172794230689819
0.920757965303906 0.183012052888985
0.924768306002743 0.176553914604748
0.908823995691964 0.202226269852753
0.914764745631951 0.192663241386693
0.909249485629921 0.201541527882691
0.917711772559924 0.187917488789344
0.920715503627689 0.183080714953215
0.918916109274621 0.185977698166123
0.910226929903725 0.199966798626764
0.927669751902238 0.171880437045644
0.918995397967682 0.185851274488883
0.925558438748267 0.175281472484162
0.928180290784488 0.171058216073518
0.91796182834838 0.187514677986244
0.925452534155772 0.175451495933563
0.899107767734535 0.217865774176447
0.917539752693636 0.188194433420359
0.919134217182844 0.185626880756032
0.925270055445868 0.17574560294693
0.917539752693636 0.188194433420359
0.925856667884048 0.174800827487447
0.905267596270507 0.207948345226467
0.923519190046441 0.178566874152961
0.905488404656079 0.207597070549179
0.927153202266537 0.172712852627313
0.92079570072565 0.18295181155379
0.922793536215199 0.179735056034636
0.926801140098865 0.173279583096718
0.171000425757376 0.886350154566711
0.191147336865984 0.876007356113919
0.191147336865984 0.876007356113919
0.18621223561984 0.878539641280103
0.169143098197413 0.887304215949849
0.924101318248452 0.177628784507665
0.167662277435406 0.888064597455661
0.169670978019654 0.887032471708301
0.176430840959869 0.88356304363177
0.161597546221044 0.891177556632063
0.184072116144677 0.879634991375224
0.925063963652363 0.176078056444203
0.17380186688732 0.884911492655015
0.178574936317845 0.882459638413027
0.167487965165781 0.888153172458886
0.168688795343566 0.887535847395129
0.15632752518016 0.8938836385785
0.172991068623995 0.885327938470724
0.181109706515056 0.881159499276265
0.199698925441678 0.871608863796207
0.181113677256447 0.88115390286645
0.185646014883699 0.878827654622863
0.167662277435406 0.888064597455661
0.901555814498786 0.213930613852558
0.177386044962411 0.883069073449805
0.182801129937896 0.880291523399919
0.185646014883699 0.878827654622863
0.200480884683713 0.871207663025304
0.181074265617664 0.881178439585315
0.876975275040325 0.253464805682139
0.166647698118792 0.888583967584549
0.181066948702155 0.881178634935161
0.919578885499518 0.184911782964238
0.174923588577115 0.884336473648191
0.177906897412729 0.882802111575657
0.205772001799606 0.868492138966918
0.912553306537725 0.196223355462618
0.208531014845885 0.867072821760308
0.90071743108643 0.215274992156459
0.179110584536216 0.882187283024523
0.167396550995362 0.888200545924234
0.220873112695588 0.860730404038053
0.902114990717811 0.213028289728182
0.167890233226155 0.887947406309596
0.923680293444526 0.17830692537044
0.173800630388949 0.884912188351656
0.184022262721275 0.879662011331069
0.178572240119063 0.882463220336192
0.177735493411155 0.882889910165163
0.173704052674523 0.884960647487121
0.19293809421454 0.875082069443192
0.166957206599028 0.888425213806607
0.183467066232627 0.879946662009065
0.896917864945434 0.221391343598578
0.909473912401612 0.201181047307986
0.925622283837264 0.175178516052444
0.180149753634073 0.881651539777576
0.922450866288099 0.18028589053939
0.179084840388282 0.882198567415092
0.922002149841684 0.181008513704243
0.919883146751733 0.184421501230029
0.187660177969148 0.877793251255776
0.210085877409117 0.866273633565674
0.919188701547569 0.185539210583502
0.924080091441357 0.177662703148037
0.925051254150264 0.17609822957026
0.91905690762464 0.185751689363074
0.918071816944839 0.187341140016649
0.923788499533775 0.17813188648711
0.919160187766209 0.185585666338476
0.190220630041677 0.876478437477342
0.904992850867195 0.208396498510631
0.916816796904308 0.189359580789175
0.917686236630566 0.187959511920641
0.918590805605642 0.186502893816359
0.923673165758483 0.178316917754506
0.906554723315371 0.205882568840453
0.921134801336223 0.182406663308411
0.17295635566771 0.885346306927391
0.909270202640571 0.201506369345355
0.925843633522878 0.174821807922464
0.925847335949871 0.174815844031584
0.913254608593865 0.19509608356493
0.922587400960341 0.180066091582965
0.922436865368245 0.180307534708136
0.924696312418774 0.176669861155933
0.906047794532787 0.206692040486119
0.918040519295012 0.187389177373801
0.916005032235565 0.190664514235275
0.913251455183475 0.195101913920555
0.909999081068443 0.20033366704175
0.912082833195506 0.196981346628162
0.924302873118686 0.177302839074525
0.922255881593719 0.180601361519221
0.907622350921499 0.204158884057925
0.904973872819288 0.208425166427846
0.902209111118025 0.212874314915447
0.907622350921499 0.204158884057925
0.928841484207706 0.169993136948469
0.927673024477104 0.171875216516783
0.925971148425065 0.174617126580671
0.918875177355533 0.186044090397084
0.902994208325654 0.211612968105169
0.928841484207706 0.169993136948469
0.922875853302043 0.179602097456271
0.914551547181636 0.193009035586107
0.902474031711697 0.212450138042053
0.922626684437002 0.18000236200889
0.926493765822988 0.173774349123285
0.926493765822989 0.173774349123283
0.903977075918649 0.210027505297514
0.92003531392925 0.184177044076931
0.915181683146763 0.191989997050038
0.92599861923845 0.17457176050281
0.927948112797409 0.171431996437403
0.908232511280311 0.203178885115242
0.918611732341651 0.186468017615212
0.909171386353525 0.201668593608932
0.925512995288131 0.175354406789296
0.89611847191688 0.222675177271485
0.913561311733037 0.194602185333351
0.917671468800869 0.187984769493613
0.919098541396488 0.185684544452781
0.927948112797409 0.171431996437403
0.876123423545092 0.25482749972001
0.902557805296577 0.212310190996691
0.927140967272283 0.172732185661494
0.90532029757877 0.207867478120097
0.896066683106084 0.222758589518754
0.907008393896315 0.205148270145774
0.929225332614406 0.169374840410704
0.916581620798278 0.189738909824098
0.922387302017979 0.180389120783298
0.915544889651 0.191406515333694
0.910263327283261 0.199909892526523
0.91028481319952 0.199876868723259
0.908053558686904 0.203467773704764
0.896759854219132 0.221639600093169
0.91350770719659 0.194688031555799
0.92057220405059 0.183311990149267
0.897156618811172 0.221005341168887
0.924296609361135 0.177314735929904
0.912276447568691 0.19666778530321
0.917090119891359 0.188919132503887
0.873661655378476 0.25879995446707
0.91986120139818 0.184456392251724
0.91863353206518 0.186432711372462
0.871387311593815 0.262440055410096
0.872481519830071 0.260689705640417
0.91838774404799 0.186828002425328
0.913683596263077 0.194403029109297
0.876878967068587 0.253613572138827
0.909924005847246 0.200453863632158
0.897872086349489 0.219852404016615
0.90848958422052 0.202765148317266
0.922271913574832 0.180574608833348
0.924820395512893 0.176469755354387
0.909319948591991 0.201427022228976
0.911603176285157 0.197752346808598
0.910718630959069 0.199176562638638
0.908800767695516 0.202265660785944
0.917811399959012 0.187758743258554
0.921695855767754 0.181502239610942
0.904542744489193 0.209118467780855
0.921883166511058 0.181201165563876
0.914588691429576 0.192943400894498
0.923554930548461 0.178508825635668
0.910921975486467 0.198846238411414
0.919518570879351 0.185007492343216
0.922055486824771 0.180922932595475
0.90839162318564 0.202924825177632
0.895921477488191 0.222989770653769
0.904392720116199 0.209359855452431
0.917194404279595 0.188752214688989
0.903641876187763 0.210569182228656
0.928203487400285 0.171020654772785
0.918944310705756 0.18593318726917
0.913086276295382 0.195363147139227
0.916971308574042 0.189110408245473
0.919381130413592 0.185227937223329
0.920937069965299 0.18272384251994
0.916021672875327 0.190637048901958
0.902239028623356 0.212827622464503
0.89853610565562 0.218781554214427
0.920837548815718 0.182883353281466
0.874074750057103 0.258115028493577
0.909472291785177 0.201181788772458
0.91039410673785 0.199696230586297
0.917710399354507 0.187921884535198
0.902866574991068 0.211813726787261
0.923554930548461 0.178508825635668
0.909090270155133 0.201797169625374
0.908593873045798 0.202598394511242
0.928274691977138 0.170905858706897
0.874576045906168 0.25731202258769
0.875076341625173 0.256505417208512
0.908179628993808 0.203260832938719
0.91836482127814 0.186865563820535
0.907280479501745 0.204709544056167
0.915853222327312 0.190912231892873
0.916971308574042 0.189110408245473
0.908485385965851 0.202769948720165
0.91579970374928 0.19099528596217
0.902436548602466 0.212509404842808
0.921292173868006 0.182152213132966
0.874175511262072 0.257964261700054
0.910273695299209 0.199891414962024
0.900943155958231 0.214912431631131
0.924019377067043 0.177759129179122
0.901972731922429 0.213254487709223
0.903486863927397 0.210815397299882
0.914945568159751 0.192372024919162
0.91984332986273 0.184485378689728
0.872446032015581 0.260738540428238
0.920405115002169 0.18358282950045
0.908399770807341 0.20290962369115
0.912489897534175 0.196324260597932
0.901568586584913 0.213900369937893
0.910915672370026 0.198857743236348
0.922681564096507 0.179914980061551
0.917331912919414 0.188527982749502
0.918822516601186 0.186128272816156
0.877686516453332 0.252322260924563
0.914063300465172 0.193793510437767
0.869781525637724 0.265015316334264
0.871298140007198 0.262588106621563
0.917063263047337 0.188959965744874
0.911707162497516 0.197585192136873
0.869874479124877 0.264876337351942
0.911579496762026 0.197789261355982
0.873186788459571 0.259543667466628
0.917318087683674 0.188551486025757
0.920958692614926 0.182689670798638
0.91929174245509 0.185373154353536
0.898192829317752 0.219339001160141
0.903682288766524 0.210499558602484
0.915144208629183 0.192053138503067
0.910026587631704 0.200293701356356
0.896966171271352 0.22131076106038
0.906824918395981 0.205449383358637
0.907130554928421 0.204953256975611
0.914456438811905 0.193160952686849
0.897451291925696 0.220535094480077
0.906472392489378 0.206012152712829
0.909502274443396 0.201133346435875
0.905205454705917 0.208050606127445
0.913045976190716 0.195431343932113
0.908262490586736 0.203134020099102
0.913165491405484 0.195238974305357
0.898948855658702 0.218121307425548
0.914858563048994 0.19251301253315
0.917610301736762 0.188082331884887
0.86819916561788 0.267563091075149
0.917610301736762 0.188082331884887
0.905561350468026 0.20747745096429
0.916848191408032 0.189310503478178
0.900365916363497 0.215842775978138
0.90809158208287 0.203412115545926
0.913669247275124 0.194427590782992
0.915841666599621 0.190929792041011
0.91943136465986 0.185147166842849
0.897368316597336 0.220660845831149
0.867663193828531 0.268427617043531
0.919342901185693 0.185292416486205
0.90838306938163 0.20294053078378
0.925888167678638 0.174749937448774
0.908873216932034 0.202144997326905
0.921430095233 0.181930261502223
0.92076260785123 0.183006182266382
0.922740714236089 0.179819551768694
0.919136423007623 0.185624792552356
0.922312818861161 0.180509125605389
0.920617057324936 0.183240633150886
0.92303298730062 0.179348826417122
0.920897830512546 0.182786736068128
0.927080212570821 0.172829743381697
0.923670736685683 0.178322047684212
0.923670736685683 0.178322047684212
0.910474670900917 0.19957193285808
0.910906403664341 0.198873409986557
0.922632411422963 0.179993770244874
0.924201720317129 0.177466331509798
0.90635580166477 0.206199627383621
0.906364300364802 0.206185949349861
0.917636549376635 0.188039363221437
0.91891757707702 0.18597691924887
0.905055589343258 0.208292212404658
0.909023457397516 0.201907420989039
0.910428858178404 0.199641701773418
0.925034392420118 0.17612547247548
0.91495108732491 0.192361602822926
0.91891225319088 0.185985634524701
0.914416558116556 0.193223246558153
0.918262170006053 0.187032224110703
0.90875126343161 0.20234464451424
0.91477931429189 0.192639557718659
0.904681766865627 0.208891362213343
0.923805956192047 0.178104799962301
0.910916948982574 0.198856616789681
0.872933347039572 0.259960084345407
0.912105037972571 0.196942696483462
0.873766855373133 0.258617223821361
0.908686712442963 0.202445461431148
0.908641478081584 0.202518254347983
0.909492575496322 0.201150188032479
0.92333980495122 0.178854392993819
0.911739674427466 0.19753109088261
0.91485024881741 0.192523632077596
0.916804486951305 0.189379010798271
0.916731957149905 0.189495943989986
0.912927927269206 0.19561891395104
0.910878920695775 0.198916749246266
0.922551690035452 0.18012345713841
0.925202874810208 0.175853435958044
0.877697773335134 0.25229532354285
0.911558480391361 0.197824750394116
0.898809813688668 0.218344671861279
0.915227345098946 0.191919054217066
0.912398686021484 0.196474663898723
0.905491977369362 0.207587217726839
0.918224886230594 0.187093083259013
0.914228019213628 0.193524869572686
0.907355202667066 0.204589417856873
0.905050351444014 0.208299279510746
0.902489601936242 0.212421021891696
0.873780007489824 0.258596659661709
0.901357226373665 0.214243322205831
0.896296506065833 0.222382400223358
0.920998326580332 0.182625066231433
0.914063864427726 0.193793342221284
0.898941483880608 0.218131064947996
0.899562716750792 0.217133214544905
0.921331100531031 0.18208822943403
0.916792776527733 0.189396588862679
0.925789558985806 0.174908556890088
0.903139237177636 0.211383240787218
0.906551733789526 0.205886775375935
0.899114928942242 0.217849721201942
0.910896446002358 0.198891950266256
0.918736299497002 0.186268419329849
0.89594062424774 0.222967208329805
0.897663943886718 0.220188958316876
0.900755475136964 0.21520998863046
0.905482922605328 0.207601786991713
0.92081806961312 0.182914437409697
0.918140754583447 0.187226775147367
0.91476138202434 0.192669325689182
0.896070015011837 0.222752448810116
0.915888467006745 0.190854434974497
0.904524543557181 0.209144385409928
0.924218066912813 0.177439611266749
0.897783638087718 0.219998960418249
0.921010588722193 0.182605472211343
0.897520928575046 0.22041913178071
0.916568348815993 0.189759372567235
0.913580172389551 0.194567732970682
0.896462361917208 0.222117476470898
0.922154248853561 0.180764795051781
0.898641636605329 0.218615169175753
0.91295893836628 0.195567945572449
0.913801171127931 0.194214172035011
0.921853218350422 0.181249651670474
0.908391856028637 0.202924552900129
0.927436150827594 0.172256638190677
0.91980924317089 0.184542247367335
0.922419384620378 0.180336819490955
0.925913446885067 0.174709237209571
0.917396287176063 0.18842418350035
0.915696234168537 0.191161706095168
0.912472713464388 0.196355643913241
0.91115217894973 0.198477205198765
0.906154589239024 0.206520219185851
0.904705757528977 0.208854429724899
0.925911561510354 0.174712274241534
0.922369587465498 0.180417229877477
0.921375342663199 0.18201909195784
0.924063259449438 0.177688736472642
0.913119310076425 0.195309559305337
0.918301676314284 0.186966124902279
0.879164732144199 0.249952718059845
0.911558534384859 0.197824715170604
0.918343735575042 0.186898401695867
0.898089904537828 0.219501282710618
0.898039989154422 0.219581766122016
0.913943566741479 0.193985059178277
0.924477538125421 0.177022557466071
0.914818286337777 0.192575001917266
0.925370577150084 0.175583567592398
0.915781502728198 0.191024527564975
0.914072255603037 0.193775161707935
0.908760345069889 0.202329022712968
0.913377333667413 0.194897489154862
0.918452838959248 0.186724604964635
0.895842473097666 0.223119175108305
0.917021615036081 0.189032628145078
0.914043766619357 0.193822544381164
0.877182365685075 0.253142000425987
0.896287199078963 0.222399819486642
0.917216665553311 0.18871453156631
0.898848574007256 0.218281048093522
0.923681912961105 0.178304111036091
0.912442535471217 0.19640016048847
0.898313343053108 0.219142207444995
0.914324634823745 0.193371207056678
0.897595345555987 0.220292991734771
0.919315859148151 0.185335594251555
0.901206918931916 0.214484119940375
0.924112661205006 0.177610370634584
0.91574400393764 0.191085111958838
0.925429012092156 0.175489789443094
0.908841677051483 0.202198122010567
0.911725514260831 0.197553785168827
0.911547538035609 0.197839710973335
0.910703630656487 0.199198638213287
0.917145338936212 0.188827727632044
0.920579391979557 0.183300542480764
0.9152406260415 0.191899996498318
0.923064655828122 0.179297977811013
0.913549030739729 0.19462051282094
0.903417540229182 0.210931387533022
0.902694503355002 0.212092437912044
0.910803708880608 0.199038219071891
0.9229887881042 0.179418987442974
0.910575071316965 0.199408199508115
0.906819557440806 0.205455661076402
0.910703630656487 0.199198638213287
0.896606498558315 0.221886312369591
0.913102534253695 0.195340019913577
0.913399245152584 0.19486179784201
0.918242040016403 0.187063197804743
0.92629294011497 0.174098230179774
0.926193993931409 0.174257283217294
0.917580596237165 0.188128795834397
0.910128655252778 0.200125165155973
0.922102817198046 0.180846883123218
0.914633168193876 0.192875592343468
0.924080044973901 0.177662891858373
0.912242141065335 0.19672926365266
0.913972949890287 0.193935034778935
0.922919772518805 0.179530024609497
0.913123776177441 0.19530408599664
0.914330691901381 0.193360748321436
0.907913119066875 0.203691746122979
0.909187640906324 0.201642566546943
0.91947490463571 0.185077342440773
0.876805859078752 0.253737892810457
0.918506205488737 0.186638862078929
0.910463347654715 0.199589486370866
0.91240625170507 0.196458549343898
0.919106380570188 0.1856733109415
0.92501564735809 0.176154610855832
0.910650136529512 0.199286623334438
0.912978395076946 0.195539245054966
0.915116124449205 0.192097241896279
0.906677523283858 0.205680896422923
0.926214617369543 0.174224666330955
0.917510829463297 0.188241400015331
0.907147026076221 0.204924204871376
0.922179758621059 0.180721789647978
0.917558764099854 0.188163570265574
0.915239115265457 0.19190042133174
0.877680292692271 0.252323118654694
0.916157670656421 0.190419029776328
0.921968034799351 0.181063221824162
0.911443426627913 0.198010452959925
0.919453702683249 0.185111477564184
0.907573986332769 0.204238142374853
0.923378657159451 0.178791572967434
0.91923351163754 0.185467965599733
0.922055512738543 0.180922909016098
0.919753495722835 0.18463133854614
0.904324968400159 0.209467575751883
0.912683579576714 0.196016083827831
0.912279196878951 0.196666171546066
0.919540403237806 0.184972903692279
0.90193851661021 0.213312158117899
0.919953652550911 0.184306350784816
0.924844537467137 0.176430988640999
0.912455150737779 0.19637895600065
0.923774324277281 0.178153809568898
0.906381317718204 0.206163466352076
0.909031405596862 0.20189451230198
0.900262295001448 0.216003920301444
0.923735839791355 0.17821692434025
0.919665987768453 0.184772441912962
0.916844231245483 0.189312529616696
0.924266736795203 0.177362182651974
0.917345038641457 0.188506838898179
0.918723781977931 0.186286698215335
0.908777872651209 0.202300540372432
0.918368019693209 0.186859931373992
0.913358755089398 0.194925530609375
0.910788360900958 0.199066969617472
0.910138801029069 0.200109247448308
0.914047264807856 0.1938169099531
0.915598600269491 0.191319954649856
0.927492014108779 0.172166355985199
0.908984501590869 0.201967563182289
0.924913398906483 0.176320208323835
0.920640546187192 0.183200461541198
0.92748991255584 0.172169740179021
0.925836126573722 0.174833848774999
0.906775873989115 0.205522009941451
0.879514782298014 0.2493848907805
0.918488893958462 0.186666846986337
0.900353007100618 0.21585868076504
0.923118091754976 0.179212075289768
0.917543450414076 0.1881877253692
0.898829685785648 0.218314535514727
0.923084484130215 0.17926591429385
0.900340599777818 0.215878647753437
0.913400381799287 0.194860948443021
0.904428677810235 0.209301287777896
0.90290771174403 0.21174825967626
0.897354094887517 0.220688578589815
0.919154369752504 0.18559541667836
0.926192980529604 0.174258923574717
0.918593874059924 0.186498945645785
0.905130131954476 0.208173605140817
0.913059635201431 0.195408964847388
0.914585827038347 0.192951067168334
0.879477293511258 0.249440451348016
0.926301623865055 0.174083512616382
0.898727727422004 0.218472461161022
0.912141044888396 0.196886048617684
0.91848913929833 0.186665913250108
0.896887708750364 0.221433050322305
0.897040621357966 0.221189196968841
0.924824543580448 0.176462394770315
0.918428130241626 0.186762854718388
0.920060867977652 0.184133807296463
0.914300971053137 0.193408162004904
0.904316822161643 0.209483596942442
0.901860558294596 0.213441771349706
0.899101650620077 0.217877317040368
0.91884207638006 0.186096789317571
0.916808843502466 0.18937079166468
0.911017848609352 0.198694018390519
0.907852599586331 0.203791835434822
0.904992086022659 0.208397436970032
0.899353212690493 0.217471887378015
0.912535075961711 0.196253150762317
0.915495929892615 0.191486964045933
0.923853877156342 0.178026385347236
0.922320949966778 0.180494499033703
0.924591515923038 0.176838150212943
0.905282789666772 0.207926084818152
0.873372144611623 0.259258433305982
0.916246457817219 0.190278798731808
0.905211679565145 0.208039939980325
0.901174000432112 0.214542712708466
0.916348180585402 0.190113317925906
0.904245029196471 0.209595411879738
0.917441348329151 0.188351335679285
0.913158281922907 0.195247429418082
0.911861691026871 0.197336525366985
0.903785507147318 0.210337232028258
0.895709300297935 0.223333813036963
0.899177465547215 0.217760488099155
0.904703847162837 0.208861684726766
0.905590923635307 0.207429218906695
0.917535338358675 0.188200206438752
0.916854428321463 0.189298060149856
0.916279243663154 0.190223765372613
0.922641731539593 0.17998047821995
0.869896623730995 0.264858261159762
0.907165459978651 0.20489805462896
0.912255443000278 0.19670420724485
0.915985757751475 0.190696174522429
0.914422737140632 0.193213491066897
0.919553414703214 0.184952476234666
0.906084595087361 0.206637111764876
0.923107384025854 0.179227790823815
0.923558979684783 0.17850177884902
0.923633452707391 0.178381363750763
0.921837413343797 0.181272873787448
0.900762409892924 0.215203060451126
0.895873799387661 0.223066837306661
0.912210709924653 0.1967739286827
0.907202994032929 0.204839456542375
0.913938712560707 0.193991139201063
0.924611177006879 0.176806244405905
0.918250424091516 0.187050027174845
0.913995262020324 0.193900248088814
0.916827550365594 0.189341316142973
0.916090238076974 0.190526965170197
0.916686904366578 0.189567978307574
0.908903043337478 0.2021031134621
0.916496593597849 0.1898747675151
0.913255869220834 0.195092739375539
0.905357357638334 0.20780628464173
0.896585854641604 0.221922851412475
0.922471330308104 0.180253295804729
0.91275592888575 0.195898569414753
0.874228300914549 0.25787455757629
0.914107684658765 0.193719893387649
0.910361028992473 0.199752827700348
0.913288584288066 0.195041190726576
0.896165959840061 0.222597146525928
0.908627798988691 0.202544845944176
0.921481496550502 0.181846894271026
0.921079392291628 0.182495433644729
0.896234089159432 0.222490921814422
0.912940326431955 0.195599808822174
0.912518717978614 0.196279432933429
0.917970354361367 0.187499945542179
0.921623986189867 0.181619351389163
0.910446380839233 0.199616418207619
0.919686218552903 0.18473844614665
0.918583127087621 0.186514577235971
0.922643760553385 0.179975463087122
0.928245685388886 0.170952844220448
0.922998987873338 0.179403660368572
0.922186324792538 0.180713632897247
0.925433204238441 0.175483247103431
0.92658729349544 0.173624290439878
0.927227803555599 0.172592402211328
0.927179178200794 0.172670732880499
0.92142619103134 0.18193579942895
0.926709184776992 0.173427794101205
0.924371843696289 0.177192927629304
0.923145058250896 0.179168199072726
0.919357817518737 0.185267977183757
0.927215760291155 0.17261179685051
0.921207157962358 0.182290447186522
0.914210548296788 0.193556830020903
0.924999868284893 0.176181152187006
0.9171211363183 0.188870228960517
0.923791479869669 0.178126725537181
0.927132709539637 0.172745560146021
0.911212153985119 0.19838238284172
0.923693464397123 0.178284252222977
0.917006357407823 0.189054317329085
0.920376457236773 0.183626257607206
0.914258896841398 0.193475076483693
0.928420861674806 0.170670755403278
0.913123420507579 0.195307177958515
0.923995952744878 0.177798969617853
0.92025794783031 0.183820047288125
0.922569645206605 0.180095341411047
0.922933077805007 0.179509220427742
0.926817361984766 0.173253526334339
0.927096061804409 0.172804591392125
0.921990752586213 0.181028586553456
0.925079335385524 0.176052889245035
0.921544472099863 0.181747280074934
0.922689277503902 0.17990141576071
0.921508304969992 0.181804221537775
0.927034238615631 0.172904192176737
0.904452428873719 0.209266079835131
0.926856789892721 0.173189723592844
0.928488684956591 0.17056150856533
0.925988484201326 0.174588751450223
0.925694159053083 0.175063045372219
0.9119302513246 0.197224615102218
0.919298072952205 0.185364194402019
0.922692080589198 0.179896736121785
0.922607543323797 0.180034297740831
0.925510101424533 0.175359439544115
0.925590381529668 0.1752296792807
0.9108563412056 0.198954801712149
0.902742769431559 0.212020831822298
0.918513857318528 0.186628945996251
0.925510101424533 0.175359439544115
0.910268906874167 0.199901747138821
0.92848712086201 0.170564028009763
0.919316860313185 0.185335449276711
0.924068154309102 0.177682106153299
0.914545316743975 0.19301518470567
0.924777986409981 0.176538685997023
0.915125212602892 0.192080524547843
0.920522717522633 0.183389525196623
0.92848712086201 0.170564028009763
0.92848712086201 0.170564028009763
0.925224466405375 0.175818930229185
0.928366371304198 0.17075843682365
0.916348501345116 0.190112123857517
0.909132235050175 0.201736107162936
0.911118914715276 0.198531708147576
0.917757327332473 0.187843530857393
0.92173162801003 0.181443926954789
0.917757327332473 0.187843530857393
0.916348501345116 0.190112123857517
0.926892563897603 0.17313257532958
0.920978171580331 0.182657275826298
0.919021550660827 0.185807096448344
0.917295968353893 0.188589833573583
0.912574782558942 0.196190423505446
0.922298512286644 0.180531828957539
0.914326726756984 0.193366380952136
0.924947660694386 0.176264695326088
0.920745725830865 0.183032222838985
0.925945657358264 0.174657431031299
0.918061458975502 0.187354048426075
0.876907334568225 0.25356766395965
0.919754418455318 0.184629145386718
0.922102264571984 0.180847736642334
0.900711670063881 0.215281654901685
0.906404922534812 0.206117796025242
0.911410750368165 0.19805962299156
0.906618402093905 0.205776733099803
0.911325745107688 0.198200170860464
0.922674040087038 0.179928273451669
0.918124878401044 0.187251770513084
0.926815718739808 0.1732555863552
0.928265866537282 0.170920324648948
0.911631236718205 0.197706314463214
0.921568941688542 0.181706556163558
0.90953157696656 0.20108796316957
0.918563645612388 0.186545857043088
0.921946670846264 0.181097048823266
0.897739423420491 0.220063613204043
0.919695014240484 0.184723228467839
0.914185525221385 0.193595359819663
0.903811902929761 0.210291240535824
0.921914798677108 0.181148287811329
0.926778409513618 0.173316100338151
0.928281117778957 0.170895757531034
0.898394759819524 0.219011890942999
0.91283354804942 0.195769528130913
0.901598849424375 0.213854122350866
0.909654189423079 0.200888769568099
0.907513067920878 0.204336223128887
0.919718909735114 0.184685332009504
0.929001028318699 0.169736212522892
0.926334991084925 0.174029944087026
0.926633428800434 0.173550045917002
0.913728468912265 0.19433336391118
0.907717758785989 0.204009027467399
0.928700906015556 0.170219520151568
0.928700906015556 0.170219520151568
0.920741333722192 0.183039858507902
0.923884636379363 0.177976909531593
0.923310762004619 0.178900837636136
0.926822347774998 0.173245341533038
0.92865193600208 0.170298393016631
0.919169395202972 0.185571196928914
0.905394693127028 0.2077530567784
0.896871592779022 0.221462961408336
0.906902783574323 0.205321049519527
0.87413796996793 0.258031068150705
0.900983287447628 0.214844834590081
0.903778933009672 0.210346663111176
0.911417140359744 0.198052513768309
0.919025054871708 0.185803327380787
0.918123425187917 0.187256419148541
0.908064094574946 0.203452952546126
0.920679404717823 0.183140327508226
0.922256040180895 0.180599535958149
0.919242188966252 0.185452390998816
0.91547729478977 0.191514046605161
0.911164646996256 0.198461327997255
0.914241675101398 0.193503601528308
0.915022297632486 0.192249606715634
0.922209039725525 0.180675390883718
0.906604959403747 0.205803479431887
0.923935889216248 0.17789396748329
0.921669757670028 0.181544549519489
0.918809568478925 0.186149392548642
0.917857356172279 0.187683796582416
0.914542969618433 0.193020452456145
0.221148945211719 0.860588882356816
0.910292299143581 0.199866778387242
0.921177666006151 0.182336564578348
0.922333545338086 0.180474950326049
0.223050624648748 0.859597582323548
0.919588522732646 0.184897368707696
0.916183956906352 0.190379793100582
0.919090522456835 0.18569790817041
0.221263060614337 0.860526687396428
0.924003533331371 0.177785017894883
0.221263060614337 0.860526687396428
0.923766709923001 0.178166487846632
0.232253061177273 0.854880879718126
0.924121351492571 0.177595247052491
0.186568902873034 0.878349985447312
0.914366591475777 0.193305759226014
0.194424789912935 0.874315858522964
0.922520542718516 0.180174109924767
0.234082780583023 0.853936400968532
0.164954894373138 0.889453188865383
0.916120401453945 0.190481928730687
0.916095433183199 0.190521285761351
0.207489849270837 0.867607477106191
0.173041414210513 0.88530052583463
0.920843928078597 0.182874069333199
0.171449566341396 0.886117661078436
0.188055312632576 0.877593343938556
0.16501395960385 0.889422102984139
0.198613792804561 0.872163734182827
0.175627996360118 0.883972876216223
0.907729183954568 0.203994165919255
0.156575499135372 0.893756225066943
0.169933188613806 0.88689644526871
0.195449927246074 0.873794892155647
0.160895382360156 0.891538022141052
0.169829279555446 0.886950577343787
0.19246681915222 0.875326845643172
0.925063031546132 0.176078936973315
0.190983655333873 0.876084336833081
0.177679102989998 0.882918733415846
0.15824445981087 0.892899122160194
0.172083012723361 0.885793595290097
0.172238301284342 0.885714047751612
0.164256682629286 0.889812827173418
0.173748165259891 0.884937573514984
0.214891549849721 0.863798323391947
0.166636369746742 0.888589218948036
0.175577073482131 0.884000271903981
0.164256682629286 0.889812827173418
0.199116842208057 0.871907129288271
0.920088824010239 0.184089884122167
0.175593450905537 0.883991054996878
0.923778089884323 0.17814815708724
0.182606097215026 0.880387846389128
0.168635208198216 0.887562785154544
0.919087724781152 0.185702896483927
0.165930854929012 0.888952448953893
0.173884941665776 0.884869277629731
0.211651315223246 0.865462743621258
0.157667274667765 0.893195005583573
0.223476883452408 0.85938966944976
0.200916047841579 0.870981906200807
0.921034800929315 0.182566862534278
0.918648170047577 0.186411053950828
0.230590186045228 0.855727881155293
0.922608411697828 0.180032806094212
0.223910231020035 0.859159282833538
0.255186836972068 0.843076611220684
0.918649148317194 0.186408935666663
0.239164820371368 0.851327333250865
0.185877634483467 0.878709656069583
0.221405903464196 0.860444941385415
0.920325989854126 0.183707517312013
0.923083118922533 0.179267458639953
0.23245446214641 0.8547754028799
0.175266596680884 0.884158618159339
0.178179115223381 0.882662337386525
0.172623579725048 0.885515571761231
0.206391391779234 0.868167354456936
0.254485487579949 0.843441156918594
0.210106392228657 0.866258719151732
0.921744944979068 0.181423561429012
0.187428830076548 0.877911333282824
0.924176302073831 0.177506743222068
0.194855449767555 0.874098472092193
0.247553484882349 0.846998282634709
0.187985840764492 0.877624586531006
0.186826662075743 0.87822104400135
0.169239684562745 0.887254519076703
0.910138028033843 0.200114372723409
0.252017793871612 0.844708924836566
0.208781619210308 0.866940266590842
0.920730573535931 0.183057044017496
0.168624467307523 0.887568208036128
0.238221630661633 0.851803299262382
0.91982620958193 0.184514092684337
0.24320036707037 0.849247074484237
0.208806425475873 0.866927346371965
0.923715998625149 0.178248352446107
0.180423250229867 0.881510034161175
0.233525647443007 0.854214828624021
0.250427143035694 0.845528321022278
0.178952934601985 0.882265460772564
0.173556110891965 0.88503466276788
0.219644703331059 0.86135771671324
0.197932420237226 0.872511050220993
0.243544832008985 0.849058691525688
0.196153103003936 0.873429050174456
0.251190829599461 0.845128190193896
0.917164937014138 0.188799580129078
0.185740182033173 0.878776921767901
0.187854235966003 0.87769404397964
0.177389147082667 0.883069040462393
0.243144889896004 0.84926708449207
0.174974063094243 0.884309576672032
0.231366240185498 0.85532754870826
0.251607226852691 0.844925473614045
0.165894094955288 0.888971627966489
0.917308245456113 0.188568314479922
0.25343806175801 0.843974911013646
0.921651990862872 0.1815730778674
0.924950510180539 0.176260272941572
0.920591221902987 0.183282744525754
0.92457452442795 0.176865904005272
0.925813322616057 0.174870286114995
0.915395126828691 0.19164885539927
0.175343982202858 0.884116569695422
0.924309702467534 0.177292251040111
0.907756878259166 0.203945100187169
0.91740947497359 0.188404019970519
0.922847842168652 0.179646089408897
0.909611877983328 0.200957141157979
0.913702234988934 0.194372353201588
0.907162478280902 0.204901457951906
0.909074011178652 0.201824992686871
0.917661408552233 0.187996954701688
0.24932155058993 0.846096357526561
0.913842390897037 0.194150380720184
0.919711366690696 0.184698921890578
0.910761493459154 0.199109370178979
0.911916927550966 0.197247285124275
0.925426762718298 0.175492819769219
0.924184561346996 0.177493927366719
0.90926361422984 0.201519525637624
0.905580386671982 0.20744963681327
0.908328211054235 0.20302804413811
0.8694964701445 0.265471877275465
0.914658607367661 0.192831421821817
0.899203531536849 0.217712286601255
0.9247754371355 0.176541543364984
0.913107542596752 0.195332164213137
0.917057144895297 0.18897226088034
0.906567125980619 0.205860213783256
0.919788177747714 0.184574150940798
0.910464388585607 0.199583158777686
0.924691844965854 0.176676954433844
0.912375911174066 0.196508757471533
0.921729701351362 0.181447461353151
0.919205053404178 0.185511805132539
0.921534577507468 0.181762885905241
0.909376893841364 0.20133626842351
0.905200582552996 0.208064106174658
0.923595832504563 0.178442043454105
0.912509308213862 0.196294520123626
0.915684003439896 0.191181583142281
0.917777291381716 0.187812936262793
0.908981504652019 0.201976438285947
0.922957986261377 0.179470109095988
0.91712296252048 0.18886501362522
0.924810046566855 0.176486590546765
0.923412885267968 0.178737172859503
0.873906480167446 0.258396398653573
0.904630843984624 0.208973224805888
0.919788177747714 0.184574150940798
0.917829277471359 0.187731074854628
0.916373668982714 0.190072678774846
0.914388822629444 0.19326911777371
0.916336806553225 0.190132114260745
0.915571297594565 0.19136579743555
0.918133334425039 0.187239780862784
0.919201659926612 0.185517604618667
0.916812377095985 0.189365646523188
0.919201355612087 0.185519739426295
0.868179709594632 0.26759084848631
0.913892304926965 0.194066275977289
0.92119314000548 0.182312229426289
0.910515135275265 0.199504155363563
0.916616797389716 0.189684525440124
0.912180458411165 0.196825505420134
0.92251649499655 0.180180107087964
0.919305734665948 0.185352472393635
0.914498842575059 0.193090484924351
0.910677550733059 0.199242931559722
0.901010448578404 0.214804217261569
0.91783457226351 0.187720953239169
0.919840622574056 0.184489825981411
0.912110645291783 0.196934400939328
0.909301490643355 0.201459203022926
0.911430076352141 0.198031321508946
0.91210637501378 0.196941104869974
0.92389674871479 0.177956653395311
0.917901477776965 0.187612463311673
0.919552119805073 0.184954368082292
0.902085120806843 0.213072447120726
0.91530580591186 0.191793227043204
0.874665553784756 0.257177907373913
0.907662760806623 0.204095942537807
0.915952348434339 0.190753740126453
0.17384690628003 0.884886235770061
0.91810948153964 0.187275359669647
0.916615699286422 0.189685717829189
0.914672583074674 0.192813854881534
0.923146778178032 0.179164387509076
0.919934395801544 0.184339076975808
0.925201553992197 0.175855486507581
0.919683603407584 0.18474243599864
0.919016792015282 0.18581598427019
0.913666125419526 0.194431016772568
0.924243969480827 0.177398200332206
0.924632036695556 0.176774231491771
0.915245283594107 0.191888605520466
0.921594006042369 0.18166558281876
0.915480796066635 0.191512480127104
0.183770846802589 0.879788155675016
0.917206185330378 0.188732819450455
0.917206185330378 0.188732819450455
0.916794274409853 0.189394989631611
0.922154426383427 0.180763225807092
0.916962161759915 0.18912723888366
0.91255679659221 0.196218741474042
0.921976077052936 0.181049810233152
0.923631325575341 0.178384881819745
0.924668091134056 0.176715834466901
0.902043702050331 0.213147116459564
0.902183863242978 0.212919900711621
0.921015971795045 0.18259704492063
0.87533142100988 0.256101537492511
0.225634980655649 0.858274010690773
0.194719507851818 0.874161578331637
0.235450222786581 0.853222079825951
0.181492716393429 0.880962160510395
0.191363812403832 0.875890908747199
0.904344643614638 0.209438851464464
0.168231057676077 0.887771838897272
0.198496247400867 0.872228061826905
0.203650664188739 0.869580515834407
0.173473387303953 0.885079347311817
0.230579651364047 0.855747653118364
0.185057211754227 0.879131389771147
0.243685817791599 0.848994488991757
0.173317904279563 0.885159109639274
0.1926027025546 0.875255133105238
0.168373893320348 0.887697718074263
0.223106530441946 0.859577201381073
0.182038406828781 0.88068233939704
0.18561538043018 0.878844607254872
0.250451821511207 0.84551846131292
0.18360206853359 0.879877430082225
0.172783726868514 0.885434060427264
0.185243837892691 0.879033983462218
0.180588140129937 0.88142628494249
0.875322097682414 0.256119035026688
0.185878244196028 0.878706454055268
0.172783726868514 0.885434060427264
0.873868746284266 0.258452101807654
0.877184560388262 0.253138775922953
0.87195221910632 0.261541565054107
0.869493638911782 0.265485100272627
0.870717717953965 0.263530858994619
0.910197918087624 0.200014147271573
0.90885571523289 0.2021809457819
0.914368405546849 0.19330331849542
0.910191956258249 0.200024586022199
0.91626306807426 0.190252243554724
0.911938012267494 0.19721450069452
0.898262276937735 0.21922465388642
0.913040080653203 0.195438076193679
0.898292843577733 0.219175448317362
0.898304402647009 0.219156840089524
0.910265283948438 0.199909578951943
0.924054240219781 0.177703405699512
0.912986087300743 0.195528765675511
0.919359511760935 0.185264220919944
0.925154432566163 0.175931598706102
0.925154432566163 0.175931598706102
0.907820007966395 0.203843900843094
0.924497650195523 0.17698965206751
0.919360242438269 0.185262645098743
0.898797645203727 0.218361426943201
0.922864073561488 0.179619605824585
0.923542058324349 0.178529443210287
0.903062219974631 0.211504364388899
0.918345221433361 0.186896993623819
0.89615845311032 0.222616041817727
0.919248971785503 0.185441281035957
0.868779178982825 0.266632156212668
0.917329657278606 0.188532770652012
0.920221770542459 0.183877936833558
0.914475144713253 0.193129060826708
0.878032203843766 0.251756371697954
0.91870725388367 0.186313821606858
0.923980930960716 0.177820944501702
0.909638491415012 0.200912399192538
0.917934375749696 0.187559436248759
0.921790077358117 0.181349830771128
0.925426411913203 0.175493093733517
0.918375161802897 0.186851093071791
0.920954249876031 0.182694959041252
0.897899086168517 0.219813063061228
0.907243117338955 0.204769293832245
0.919619008804866 0.184845496509857
0.907194441762455 0.204848569479824
0.912080592432301 0.196986833677313
0.913242693698963 0.19511300150981
0.912974318021891 0.195543602510536
0.906656437264113 0.205714570451978
0.917606159017545 0.188086675295474
0.904773162756721 0.208749644883325
0.922185623442806 0.180715138696212
0.913249006780932 0.195103947944464
0.913739527243615 0.194314623308837
0.899899490229325 0.216591007891016
0.913292647001035 0.195030642207878
0.913249006780932 0.195103947944464
0.914251926134342 0.193487044517669
0.916073770129386 0.190555030248138
0.912099808595632 0.196951005789256
0.905830447964346 0.207043554061205
0.873817054715254 0.258527602679061
0.908962928017995 0.202000006050474
0.908589198827644 0.202606449810543
0.913709402377557 0.194362626779325
0.917879769641056 0.187645354997051
0.9055277838545 0.207530671777862
0.904098478122254 0.209832241882837
0.914021454241767 0.193856939639577
0.909751077256441 0.200735094106535
0.914484996201962 0.193110545255333
0.909447748982743 0.201221619914078
0.874938190696716 0.256733420395752
0.904175223661165 0.209711041266524
0.909521916126871 0.201103165677929
0.911478248797778 0.197954636197275
0.917078734235114 0.188937523289079
0.873466323999475 0.259091742986021
0.899639436120526 0.217010837936665
0.903752377572377 0.210385948262747
0.868173942962259 0.267599052334422
0.879607942226619 0.24922534343778
0.913907764794991 0.194042830200005
0.874551740133437 0.257349094441131
0.912846318739404 0.195751765805728
0.921079493450566 0.182492964675783
0.90540330338223 0.207734641693022
0.902843751950562 0.211852360645052
0.91936287450981 0.185259731814472
0.916534264004739 0.189814081901814
0.870763525186432 0.263454000217962
0.899082392883889 0.217903911330695
0.924092906135645 0.177641167326863
0.909810747639662 0.200637728999204
0.899751356715212 0.216829734393138
0.906736051687392 0.205584780331739
0.923958724574627 0.177856703912442
0.899336851341327 0.217494036821365
0.907033436123313 0.20510582765251
0.925810797639556 0.174874107964064
0.91911485528455 0.185659309913781
0.904561020870815 0.209085547636355
0.871480096785686 0.262298358211601
0.918314066450565 0.186948305363758
0.873285348213126 0.259388945505233
0.925810797639556 0.174874107964064
0.915556596831494 0.191388417405995
0.915636678348924 0.191258528379104
0.910124279927341 0.200134772302985
0.915244421476947 0.191893909499164
0.902508157041024 0.21239628179888
0.911195151250182 0.198409881249618
0.911346732397454 0.198166233556274
0.91961425850649 0.184853927436869
0.907496218369928 0.204365784492329
0.916172711771243 0.190394831291612
0.912909220276795 0.195651103304669
0.873804893183434 0.258551106476115
0.919618054376246 0.184847814890009
0.915544708682785 0.191407041887904
0.902292045057487 0.212744178020596
0.90515191188853 0.208136578719617
0.915249216247605 0.191884434591718
0.92051904079471 0.183398232286309
0.8775406029879 0.252552836562709
0.900631593299487 0.215408207750159
0.89770728975349 0.220118080840795
0.925810797639556 0.174874107964064
0.90643687512725 0.206073743039352
0.912884386748884 0.195690470416817
0.920966505859261 0.182677085140285
0.91273860585002 0.195927861915848
0.913393000285887 0.194871756434559
0.899191798422543 0.217728881109766
0.900941473872947 0.214919402694351
0.909741861074703 0.200748977923933
0.921052008912874 0.182537517059204
0.913354908795153 0.194933497437183
0.915169558931334 0.19201134187502
0.921981591399848 0.181042278358154
0.897697489244371 0.22014011233366
0.90519480450501 0.208071496926219
0.917690044915574 0.187951070415621
0.912591545421833 0.196161551827228
0.915135170052607 0.192066152625184
0.913422982149037 0.194823879231386
0.914822454195976 0.192571104491572
0.912112697305177 0.19693170469025
0.915553382106838 0.191393850271091
0.91183042944597 0.197389715025728
0.927362453394728 0.17237537890322
0.918771603208271 0.186212735688046
0.907035512558716 0.205103159354297
0.916077135638452 0.190547675276319
0.906203290342328 0.206448555067904
0.906203290342328 0.206448555067904
0.917744716487721 0.18786457523047
0.925810797639556 0.174874107964064
0.908746565986029 0.202350255270596
0.917353308775097 0.1884948433129
0.904607307337402 0.209011464129982
0.899443930634658 0.217329974290266
0.918771603208271 0.186212735688046
0.908746565986029 0.202350255270596
0.923397504429805 0.178760364743433
0.896388328182312 0.222237243973087
0.907423103074059 0.204484615832337
0.918248141395821 0.187053286242762
0.919097153043085 0.185686423592884
0.91841928855182 0.186776738149545
0.907035512558716 0.205103159354297
0.910591701745775 0.199383421371475
0.925838763078144 0.174830021667227
0.89675072716443 0.221654215211993
0.909051401137729 0.201858282012402
0.91841928855182 0.186776738149545
0.923095046753258 0.179247307311219
0.901665716621465 0.213748844758151
0.913922457733645 0.194019118139931
0.904464233369596 0.209243802181822
0.913163085594577 0.19524268715465
0.915482494706594 0.191506403923137
0.9132087202769 0.195166913098805
0.926634300621826 0.173547944381514
0.904418290499781 0.209319232222807
0.924956434553038 0.176250535658782
0.911601347090022 0.197752975301488
0.913904467355422 0.194046224295185
0.872107080121211 0.261285752000416
0.901145233378177 0.214583736136639
0.89599243376417 0.22287449744447
0.909467246041944 0.201190314598191
0.900062525196495 0.216330053345183
0.910315668451006 0.199827368214398
0.908181785122514 0.20325978975302
0.925810797639556 0.174874107964064
0.920436638784484 0.183529212264294
0.896408779168839 0.222203637888913
0.918287346786153 0.186992504545134
0.912501106287567 0.19630498234212
0.902159920233602 0.21295397096925
0.921534755088782 0.181760246658683
0.91862279026141 0.186450881103883
0.896762456113844 0.221635340113514
0.924969972773862 0.176229369448015
0.912177161375162 0.196829953566755
0.901349150845877 0.214259895297413
0.91073976581718 0.199141367612034
0.912931080374455 0.19561609882493
0.908140004017429 0.203326432568081
0.915749746387911 0.191075880065229
0.909456344858193 0.201207693363543
0.922287384302756 0.180549236421442
0.910583377674212 0.199394256693331
0.902271030573491 0.212774298359221
0.90933980417981 0.201396267441734
0.870546592238097 0.263787366030074
0.870197121661065 0.264350256976143
0.902906886563222 0.21175007239828
0.921527477737208 0.181771962340554
0.924956434553038 0.176250535658782
0.907715900351929 0.204012891790032
0.913645781191341 0.194461819748218
0.90354804641878 0.210725245619365
0.899161415443535 0.217773377120579
0.92574833766874 0.17497469758764
0.898134032122763 0.21943354749187
0.917899953225094 0.18761400445634
0.896201891196645 0.222539000857777
0.926259909408341 0.174151604051764
0.915515254611592 0.191452802453023
0.92065734212783 0.183172942362209
0.921761988527726 0.181397018127868
0.899615314721651 0.217047538584709
0.911773557743637 0.197475975225024
0.924956434553038 0.176250535658782
0.917137741180819 0.188843164908711
0.924099849006592 0.177629959624529
0.915133681224844 0.192067432327723
0.918737430902798 0.186267069663545
0.899160158558493 0.21778206117526
0.921337384523193 0.182080506856583
0.910823712103857 0.199006206908262
0.899726822698251 0.216869136497072
0.907196653000142 0.204842857743247
0.913992890255701 0.193902476328433
0.89661685632747 0.221872686533274
0.903345805898993 0.211043222843849
0.895779943479045 0.223219060131312
0.920255208286204 0.183822203741247
0.923476621668673 0.178633027065648
0.908156564718345 0.203303735705097
0.922001125592323 0.181009649650456
0.901078796079139 0.214691822824108
0.906105758445642 0.206599729012111
0.919555618109318 0.184948228958335
0.904388605850838 0.209365256993968
0.925522404601623 0.175338519967288
0.905858140558507 0.207004469007306
0.906227858914067 0.206403625298455
0.919501886641325 0.185033480685234
0.878037889235781 0.251752271453261
0.928200583987711 0.171025576657407
0.928431164618767 0.170653819474664
0.910652833712922 0.199283364760436
0.914539417264945 0.193025948316361
0.925557636820937 0.175281681054203
0.915355451248787 0.191713184229586
0.908628583891757 0.202539566468997
0.914091655361837 0.193745383483926
0.917093327737967 0.1889116871062
0.899399267105108 0.217394952090934
0.910294157425068 0.199857884887799
0.922172517763047 0.180733178990446
0.917301401572098 0.188579256672683
0.899353552824898 0.217468518772102
0.914261974363261 0.19347211577233
0.925891853715929 0.17474351704391
0.917449961999895 0.188337802169053
0.909444137453469 0.201229598662991
0.910281392718519 0.19988039758517
0.92454512976807 0.176913195334016
0.920978216253551 0.182657133625271
0.908635738159463 0.202528051176342
0.902627449028391 0.212197794830247
0.925466441759853 0.175428562903561
0.912921614902309 0.195628804398751
0.901913034649804 0.213350211960047
0.897119383109752 0.221066986206885
0.902066416496411 0.213104162966277
0.910689193711823 0.199220703692284
0.915081528624742 0.192150074909545
0.924231649867543 0.177417288815035
0.901880759958093 0.213403079386849
0.910236091961476 0.199952628524681
0.924401797070415 0.177143257970245
0.903056413293746 0.211508129322584
0.919740162611632 0.1846495037044
0.897842567042561 0.219899531318017
0.915443682885865 0.191569938471384
0.926590683079745 0.173618200848352
0.922048281073735 0.180933619636433
0.913460154344141 0.194761135900975
0.905234638686938 0.208002940810787
0.912056052365585 0.197021647145257
0.898966349466977 0.218089739914173
0.86750027000617 0.268692699080568
0.923386612766779 0.178778452758336
0.918955937133414 0.185912856705478
0.898790878007467 0.218379625535388
0.898813202391052 0.218338029911476
0.923360102207067 0.178821780832443
0.341631495118554 0.772334626908689
0.379279122967995 0.755398415566698
0.919912616987094 0.184374518021944
0.918417587453379 0.18678051154941
0.90567711155185 0.207293398869151
0.341361989449974 0.772455894054147
0.916471493858989 0.189914804134299
0.907814961760723 0.203850076648171
0.338238545236362 0.773857282048517
0.927723294941025 0.171794231163262
0.924484713380287 0.177010998687543
0.914753933086009 0.192678851468557
0.91778094416683 0.187808470214393
0.925486922305287 0.175395887818527
0.356661992612672 0.765575028187311
0.325476494897553 0.779591546344103
0.914376560899525 0.193287034982452
0.92327820198146 0.178952801281746
0.897139962022591 0.22102619745253
0.331884714169499 0.776712442513983
0.356031062658538 0.765858904690383
0.374358389399897 0.757614162885482
0.370152746876634 0.759504440928967
0.920696826305735 0.183112439823555
0.922375213381344 0.180407731141331
0.327764178762873 0.778564709612766
0.322780275885389 0.780803264077813
0.919778477883007 0.184589353417823
0.32759430064415 0.778641624133254
0.335920947288491 0.774903312362767
0.335410331229365 0.775131335068874
0.918118206095721 0.187264346203009
0.907255870425249 0.204748401867441
0.920232869827787 0.183856896342947
0.916579089918547 0.18974023819151
0.900618745845508 0.215429594413312
0.913074353587619 0.195385832583506
0.922342902968742 0.180459944329134
0.906710809965255 0.205627696818543
0.905806178109235 0.207084943990141
0.341921180751235 0.772207928539437
0.913468210045186 0.194748610792149
0.925753627417839 0.174966643134301
0.331508139776679 0.776880726150472
0.900482248823108 0.21565317641896
0.920883170516516 0.182810257479673
0.89728999670786 0.220788260677954
0.907837751709465 0.203816617199422
0.924404967658921 0.177139176690372
0.872541194655005 0.260588912170174
0.342723661711845 0.771840826235435
0.921385842097863 0.182001283247085
0.898734281459476 0.21846588953835
0.90840626184412 0.202898636250992
0.906384780213454 0.206152844126505
0.921514723155818 0.181794060260083
0.359385952094095 0.764350155011865
0.895804176306361 0.223182028869557
0.877137597133154 0.253199100895204
0.926453144027305 0.173840360349813
0.919531905678634 0.184987575945103
0.923324376679407 0.178879505848157
0.326246392051204 0.779249364430735
0.907866338937957 0.203770031610973
0.351584602989799 0.767862367283802
0.922236589108163 0.180630187498848
0.908816583278164 0.202240890725944
0.918440046589836 0.186744774025469
0.364666237475777 0.761977862997941
0.900978522258188 0.214853751774884
0.914921014444894 0.192408480753636
0.919632820446777 0.184823161843948
0.921073588632728 0.18250382608534
0.392496478751542 0.749448615739358
0.917805305612329 0.187767193691306
0.921526818956462 0.181775834113207
0.919638953262739 0.184813708704368
0.905306260428968 0.207890979079206
0.921425610046831 0.181936448436408
0.906881113613015 0.205350503611501
0.91721635771222 0.18871516356576
0.389100725055615 0.750976891758202
0.923782861073367 0.178139934105138
0.922213496155456 0.180669301565881
0.926236237445662 0.174189364080757
0.919292910505565 0.185371628045293
0.917138384674317 0.188839178457538
0.926866387743339 0.173174591485024
0.910561990918063 0.199425468648566
0.910940524748358 0.198819062179134
0.92107006880581 0.182509566799428
0.919351299756331 0.18527753105054
0.918820914335176 0.186130205261425
0.904423794680221 0.209310035448076
0.915492596896292 0.19148954347761
0.922871830400182 0.179607577821364
0.919943716138631 0.184322291587147
0.38009714471715 0.75503591284901
0.924948007052635 0.176264204593435
0.916544580639082 0.189797437671247
0.921599792371634 0.181656877145049
0.916544580639082 0.189797437671247
0.918141477415609 0.187226018359047
0.916535381645316 0.18981086350046
0.912686446762197 0.196007247427904
0.375956361042856 0.756896576936258
0.906211260105285 0.206432087387339
0.871141800709452 0.262833036780852
0.916027857221642 0.190629530365743
0.919914275587048 0.18437190426254
0.286392647499965 0.797141448205258
0.926457391188274 0.173833522437621
0.32638812996896 0.779182895729927
0.912539581181229 0.196243103646706
0.917317618882505 0.188552200486233
0.307142022390861 0.787829658725944
0.306461756274138 0.788133727566029
0.922490762092638 0.180220795237219
0.308759475460956 0.787102622829084
0.921908182339208 0.181160358347519
0.343313574243109 0.771581296645687
0.921198570291958 0.182302974797413
0.309764289177654 0.786650644068764
0.91833750575986 0.186908298238426
0.292553628780407 0.7943762875388
0.913814913416634 0.194190638885587
0.307142022390861 0.787829658725944
0.39149708580746 0.749901108419376
0.897671225912913 0.220173520493669
0.917730805630462 0.1878857112155
0.921599792371634 0.181656877145049
0.921609363563821 0.181642032250451
0.308897451172337 0.787040330353062
0.91833750575986 0.186908298238426
0.913953555949903 0.193970275149919
0.291609074135967 0.79479975908878
0.304764052519921 0.788894234105494
0.309109112879917 0.786944780945848
0.912090517681629 0.196969211072703
0.310448590681877 0.786341964580923
0.288560276293284 0.796169002642415
0.303280620742036 0.789560632591493
0.91280499955415 0.195816806020362
0.291609409665825 0.79479960837235
0.921139763010499 0.182399041094447
0.918611989656918 0.186467229918657
0.918532383189657 0.186597243509541
0.913465391383529 0.194754480948299
0.922838378318049 0.179661043015384
0.902283994316829 0.212748903831331
0.927645693684548 0.171918899794465
0.297637186996748 0.792095797543781
0.924437111900424 0.177088108038394
0.909515055655642 0.201111597226221
0.914523220572503 0.193049624895515
0.318898839212347 0.78255042737541
0.906112466191374 0.206593522672192
0.919483359656221 0.185065208615216
0.915891755049146 0.190847691403223
0.282867401647742 0.79872274714455
0.918079482444712 0.187324308168576
0.91729006440795 0.188594888452207
0.31503100445567 0.784283675440323
0.294330495003125 0.793579064449528
0.921296314962754 0.182143736309829
0.374322174578686 0.757628811239482
0.904298099518396 0.209508695674568
0.921265099079891 0.18219791365766
0.367652434337541 0.76063268956426
0.908860486218077 0.202165383303811
0.926566738702167 0.173657378839421
0.389966905228093 0.750592502846827
0.917307681419223 0.188568863398905
0.91969834380157 0.184716781645386
0.917857576754876 0.187681258721062
0.922923223397199 0.179525215276356
0.392861831023234 0.749285116832341
0.391815742310086 0.749754312832046
0.914492671995051 0.19310303773953
0.395483137270718 0.748101660231859
0.305168366797721 0.788712353884054
0.925579413207845 0.175246686435762
0.290799391711558 0.795164355492071
0.301292287303716 0.79045501372813
0.915102288067492 0.192117629405
0.288283595087631 0.796291850356802
0.920829267948249 0.182896873163428
0.915403634809694 0.191632217195767
0.928848875183978 0.169981363446412
0.273817528065222 0.802783551166982
0.927011556890895 0.172940912500915
0.287225106622634 0.796767948947772
0.273860370799148 0.80276433226861
0.291589217577377 0.794809572009862
0.391896181483816 0.749711792272466
0.92882336752384 0.170022431876251
0.276825370864218 0.801434022007877
0.928132391704205 0.171135468487464
0.385752236086316 0.752482024052778
0.272497008499948 0.80337588259132
0.293499896021741 0.793951035326867
0.928474393483081 0.170584611863465
0.926153212390069 0.174323724959083
0.307423670623852 0.787700408625308
0.921223323016329 0.18226401973881
0.306521867229072 0.788108029808048
0.347593050482172 0.769657547002271
0.91753197045588 0.188207459501275
0.924204621093422 0.177461678897797
0.277299095237932 0.801221280175993
0.924330236546603 0.177258596266889
0.270344607970272 0.804341541080978
0.27741939798965 0.801168181346446
0.27741939798965 0.801168181346446
0.27741939798965 0.801168181346446
0.274988294570323 0.802258374244893
0.928678853300786 0.170255088290637
0.263527156938641 0.807399692026567
0.915997752497526 0.190677598521915
0.921223956612773 0.18226173808591
0.281137675274658 0.79949975855308
0.272068862015809 0.803567941641726
0.281015939078113 0.799555703008169
0.9200340981522 0.184179291251953
0.27741939798965 0.801168181346446
0.276403468129862 0.801623634073221
0.913844295285035 0.194145162464235
0.911808730133546 0.197424299232591
0.282718501039789 0.798789876459477
0.283712692208162 0.798344545371794
0.286415487382319 0.797131771068411
0.276051298920333 0.801781874058807
0.920396901808877 0.18359245605906
0.268810143173275 0.805029765796164
0.279984025648986 0.800016214081737
0.289987583981711 0.795528817661452
0.299399764820625 0.791305262565179
0.280969316418284 0.799574544004798
0.286607193344139 0.797045991897216
0.291982430403618 0.794632010721426
0.909550321534764 0.201056290024126
0.918239872572925 0.18706788066548
0.928820096753863 0.170027702258686
0.276328558911759 0.801657249394408
0.281801010034315 0.79920234931147
0.269105782808332 0.804897140452622
0.912779620779329 0.195856330077875
0.274672002705622 0.80240048592837
0.286430322702082 0.797125108419281
0.285742962743987 0.797433500536057
0.281708899549787 0.799244673963857
0.283287156307277 0.798535690070004
0.287176455048639 0.796789978006647
0.282627417060898 0.798831338183666
0.284120530879315 0.798161484819457
0.276080356105269 0.801768231662201
0.286432995001992 0.797124137605445
0.274881650361809 0.802305951139314
0.285167225247059 0.797690745148488
0.266435719146181 0.806094976038495
0.925098315028422 0.176022544875926
0.369802189923644 0.759666783500822
0.925669881069865 0.175101873207692
0.271126462675224 0.803990657523505
0.284596429870234 0.797947767569191
0.290489084900107 0.795304456899217
0.270736820669434 0.804165701222697
0.266740736994011 0.80595804386945
0.9031134099251 0.211417715258396
0.929617415753998 0.168743374449852
0.909260966441512 0.201522891951937
0.928366815975291 0.170757574345707
0.284735415143781 0.79788481059707
0.349317211806803 0.768881303673221
0.300709112098459 0.790718442465048
0.279348779982209 0.800301993987884
0.923504460338437 0.178590028288536
0.928333939577523 0.170810375110219
0.27452652341719 0.802465262290776
0.271221875194418 0.803947851982794
0.293405911743708 0.793994105396923
0.26678291366191 0.805939124934734
0.283055923468059 0.798639391350355
0.929617415753998 0.168743374449852
0.317666198510873 0.783103161741826
0.287581822248841 0.796609091421336
0.350834197027553 0.76820054615716
0.912264497617279 0.196687628539403
0.917551352741673 0.188174211101916
0.269076616911206 0.804910222498814
0.906167860977155 0.206501585149563
0.912264497617279 0.196687628539403
0.925386979419753 0.175557548565961
0.900580504782178 0.215494999205163
0.925529273635182 0.175327457116046
0.902732413964067 0.21203465373197
0.274360023195128 0.802540799094688
0.278058899250692 0.800880935725667
0.912081639423594 0.196981706009318
0.903516068319452 0.210769569162616
0.920938449460965 0.182720808941743
0.283455312279165 0.798459758911694
0.922806152967016 0.179715482509552
0.325731734796726 0.779480463894088
0.903700206448036 0.210473564250974
0.915201632998257 0.191957337338146
0.293625502548159 0.793894881943098
0.305733181061745 0.78846254105051
0.921107750505328 0.182448772766316
0.918535707591717 0.186590520108109
0.922920756933891 0.179528666745072
0.918758304056974 0.186230644114764
0.909064605088241 0.201840805678374
0.915954548483042 0.190746413773833
0.92554926843138 0.175296325370181
0.923486723254885 0.178618525901922
0.904421580981959 0.209310839833627
0.927782824780499 0.171698269039784
0.92349801103804 0.178599751001554
0.924481507915379 0.177016263055854
0.920609482189 0.183249943155077
0.292874715659939 0.794232509007579
0.9189920464498 0.185854343810168
0.899696544608966 0.216919209936702
0.927424601488528 0.172275631860775
0.918004473553703 0.187447760830889
0.91694020848123 0.189159331339392
0.913902769282584 0.19405132612214
0.901852745923388 0.213448316291841
0.906555542565851 0.205879351511511
0.90971689340089 0.200786932489151
0.923285742268472 0.178942592460839
0.923019353790518 0.179369373677969
0.907737321194741 0.203979825902688
0.915004938655781 0.19227356670895
0.908540924110842 0.202683039381171
0.923110231686053 0.179223374740686
0.27648269173667 0.801587835952296
0.276538782308599 0.801563095761061
0.907039248412648 0.205099682197492
0.908691899161357 0.202437034840022
0.917994548844979 0.18746239712396
0.920410116411855 0.183571961687208
0.903004151252376 0.21160138999535
0.922037390736392 0.180950967830648
0.918730463851553 0.186276296361894
0.91909472335366 0.185690125957657
0.912530793797061 0.19626091990632
0.924708955012241 0.176649832233514
0.29587881479013 0.792882607060072
0.92743462524588 0.172259279559215
0.912402230360779 0.196464818864976
0.907032257891466 0.20511093766984
0.914764343240007 0.19266525759596
0.272663487505651 0.803301343445745
0.908329421159863 0.203025153903133
0.904303533916984 0.209503963184543
0.912703135879021 0.195981658860215
0.902756832624124 0.211995367968453
0.912611791932174 0.196128247051736
0.89743210746094 0.220562872982431
0.899933705920227 0.216539548437159
0.916203591628218 0.19034568585007
0.277277898401402 0.801231265951073
0.910360330952248 0.199754329802721
0.908270350454793 0.203119673113237
0.917242495963075 0.18867391531056
0.900243677922599 0.216038801773493
0.323562056728636 0.780453383634575
0.911521948197354 0.19788406061045
0.288651045475923 0.796127628955845
0.908726412122034 0.202380611108997
0.921790716879816 0.181348837194227
0.878706200265169 0.250673705130438
0.90702966171758 0.205115103195269
0.267435516435175 0.805646352170855
0.920976724117776 0.182661165874308
0.92181783276636 0.181307609766716
0.91490164119241 0.192442783727234
0.927669514612512 0.171880837755104
0.917752133956695 0.187855735663018
0.267634426723358 0.805557434625832
0.922531341930396 0.180156031309489
0.912052594434521 0.197030421959128
0.907900942863457 0.20370906656831
0.295945218320837 0.79285312075239
0.924921686938659 0.176307064377249
0.906288334881413 0.206312223108922
0.918962962030761 0.185902016004809
0.910794728081981 0.199053174556481
0.915795723326223 0.191002621840445
0.269493021788089 0.804723672417731
0.90387492629055 0.210192911032274
0.916098559405113 0.190514390728718
0.925027318841252 0.176136163490073
0.923466480902558 0.178650064845703
0.902964541610853 0.211657859842212
0.929617996649223 0.168742438767504
0.280545039215743 0.799765904713374
0.917693211226016 0.187946102597876
0.901297615882864 0.214340496053036
0.924544323159868 0.176913792780052
0.380628635599837 0.754793881237282
0.899022339380651 0.218002876868509
0.912109051428839 0.196939308993508
0.267373819227643 0.805673872714616
0.916902937913919 0.189221261907475
0.913722698089235 0.194339755149644
0.922962903540205 0.179462347167672
0.298518188537092 0.791700771731319
0.919965884292374 0.184287502164239
0.919187446093382 0.185540570860967
0.925937373175703 0.174670429769623
0.907652510707814 0.204115184305595
0.925317405594058 0.175668796334725
0.923934357329331 0.177898019821537
0.917275066921522 0.18862043903415
0.284005116839184 0.798213685359077
0.900553329456597 0.215538721991627
0.924317795075013 0.177279541431494
0.91946834521679 0.185089571682458
0.925317405594058 0.175668796334725
0.268744309689214 0.805059239003053
0.917680658666402 0.187966067022406
0.924180610605764 0.17750114206982
0.91136099449926 0.198142373703277
0.897322855514747 0.220735178383649
0.921531770037023 0.181766204034226
0.873237792249504 0.259470346023518
0.872461190557822 0.260714673464924
0.917520573284046 0.188225625409756
0.913959833899892 0.193959866111861
0.910108100479419 0.200160100704467
0.925082484733749 0.176047405530542
0.913969731232736 0.193943083962778
0.919752072603937 0.184634563564635
0.919835464834335 0.184498344572531
0.922166430482591 0.180743993264818
0.925115521662111 0.175994272898586
0.917415214497887 0.188396184991388
0.899970860490525 0.216480298582174
0.915315052941748 0.191776677824341
0.919319661038829 0.185327773978824
0.920645626755209 0.183194892338893
0.920645626755209 0.183194892338893
0.912181063685681 0.196822893545106
0.92540484938754 0.175528251067491
0.921173995545845 0.182343040742802
0.925115521662111 0.175994272898586
0.902674380698017 0.212127512295466
0.92047917189047 0.183461038418749
0.917004047280274 0.189056378221442
0.906787063697002 0.205507910381443
0.92708627151365 0.172820168209287
0.920596789365727 0.183271249919397
0.913853780669246 0.194129781679973
0.912811613011036 0.195807796680509
0.91406221052244 0.19379380669535
0.925532927932458 0.175321418251596
0.904370875124994 0.209397802674594
0.914054710372956 0.193805886086832
0.921301718042247 0.182136192146792
0.91046305885176 0.199589560892778
0.926101461472897 0.174406317920428
0.900479650125557 0.215659307042568
0.920487256819911 0.183449206552625
0.912596578837831 0.196155090606957
0.923035590930946 0.179343699753356
0.923580872379257 0.178466065212498
0.923395962476927 0.178763998594444
0.923121520484103 0.17920531552545
0.913130687052704 0.195296098693576
0.912307061589765 0.196619325519291
0.913432210015055 0.194806963989419
0.918407235861391 0.186798098532304
0.927109712291684 0.172782451563946
0.903759453070188 0.210380945715822
0.919782453507204 0.184583330470415
0.912881671132956 0.195694525570254
0.920450589587618 0.18350854852544
0.924021635046491 0.177756843957734
0.91057880432956 0.199401967408769
0.918435922266579 0.186752876322176
0.927666162273751 0.171885963148848
0.927677204218214 0.171868180095946
0.924018575359575 0.177761572014597
0.925768995954262 0.174942097254935
0.928317601120519 0.17083694671722
0.924324456864265 0.177268194214347
0.911575377563086 0.197798226923474
0.91901923725915 0.185810874951937
0.923662456940246 0.178334030462851
0.917780617601668 0.187808631504071
0.90498034680789 0.208415109851649
0.916423565352683 0.189990357510327
0.925768995954262 0.174942097254935
0.911432177858687 0.19802650186919
0.910206122705688 0.200001250278621
0.91630044043889 0.190190271269196
0.916331747898214 0.190138136031641
0.916527528818989 0.18982696884523
0.918056973260963 0.187362384551691
0.907564125071943 0.204254782192034
0.928319061050363 0.170834594379722
0.928797493582408 0.170063833305322
0.920173271622853 0.183954641289182
0.904736457900684 0.208804831218663
0.925952874233884 0.174645613148828
0.920536467550353 0.183369975997814
0.905217549935563 0.208035393964467
0.928317601120519 0.17083694671722
0.916526015589576 0.189828593374898
0.9192251625451 0.18548211461706
0.921573167249879 0.181700605124618
0.918117243966258 0.187266181329207
0.922377943910505 0.180403812011584
0.909592584465562 0.200986337306561
0.875011311757998 0.25661605821166
0.920670821365479 0.183153597691508
0.912589359787789 0.196164043350559
0.909298918951689 0.201460961964315
0.917789546268461 0.187792719117307
0.926777848172644 0.173316989738052
0.913239248473592 0.195118094681593
0.914464305325721 0.193146059625072
0.920665145085036 0.183161226221548
0.920722041085683 0.183069635212775
0.928353959377358 0.170778383750354
0.92063580789798 0.183211591290867
0.910058337049146 0.200242093221706
0.919495285463981 0.185047521962278
0.919364242617004 0.185256269240305
0.907531475489796 0.204304994177762
0.92441332914946 0.177126066533458
0.920306686323688 0.183737987589017
0.906558400669105 0.205872200629698
0.91103750451365 0.198664033489129
0.911974984579724 0.197152671200093
0.928372807564379 0.17074802911615
0.921471792815618 0.181862289269727
0.914127156894976 0.193687296535281
0.908193448555863 0.203242186074518
0.921341182329276 0.182073117357509
0.909350025483167 0.201379381617238
0.927073288383055 0.172841054554906
0.922842530751745 0.179655365819583
0.927327958941074 0.172430890873194
0.912400655589964 0.196471083791475
0.913294804729938 0.195028566282142
0.918925450271812 0.185961792931256
0.916597095197378 0.189710325068397
0.907331115875376 0.204627176349717
0.899506191112875 0.217220782982244
0.908858783568725 0.202170359141098
0.914090345205546 0.193746549402091
0.92259530366383 0.180052960354886
0.912947040046784 0.195587994134664
0.904954231945756 0.208454057055803
0.90655298861982 0.205884206014889
0.923177865304154 0.179115427741934
0.922828745193335 0.179677853037583
0.89760212525983 0.220287291728324
0.910744124889018 0.199133457073653
0.907236416880435 0.204784357478109
0.917314216478375 0.188556725094309
0.921820363383828 0.181300195963585
0.919653996967781 0.184788847380096
0.90838331779788 0.202936023253733
0.918605203470062 0.186478062103909
0.924563397246653 0.176884237186135
0.905085125055491 0.208244598186432
0.92642384552422 0.173887345578239
0.927619240042471 0.17196196757145
0.915703876335277 0.191148399397877
0.928868232511398 0.169950092697165
0.918643694641538 0.186417877880558
0.911839987420403 0.197373296781897
0.915199093169607 0.191961794702897
0.910054167639059 0.200242675714823
0.925169040315462 0.175909081291723
0.869285922062643 0.265825222058906
0.916570007160373 0.189756689835054
0.920668387261295 0.183156181486017
0.917957025009156 0.187522409298228
0.922036791175987 0.18095247592825
0.928168757806956 0.171076825014059
0.910147856021571 0.200092964360024
0.920086312987959 0.184094076218016
0.904550957335855 0.209106822286268
0.876488943491328 0.254246181663748
0.916288547479001 0.190211356759008
0.911551877484774 0.197838083915242
0.91786880025305 0.187665907916966
0.91446968302391 0.193140149496216
0.921631975168529 0.181607485038816
0.899565874462834 0.217131834462346
0.916304094810621 0.190185356610046
0.909336797303428 0.201401268701656
0.921424817898089 0.181939650468673
0.916315918068577 0.190165531588686
0.926343465219888 0.174016862560078
0.923730138830195 0.178226264390756
0.916621218907162 0.189675398585954
0.921954738962639 0.181086105139924
0.919376099198241 0.185238446023125
0.92108899034345 0.182482072913324
0.912871861442572 0.195710624188104
0.909277206920739 0.201495169168261
0.896628886697809 0.221856542294622
0.911845512619357 0.197361675874953
0.905187755434239 0.208079841943926
0.905638429937734 0.207356520149124
0.915821193792618 0.190962243373722
0.923289955947307 0.178935386318329
0.926340938038089 0.174020933697464
0.91917579560077 0.185561608539894
0.901415541458975 0.214158225967534
0.90902099177912 0.201908283663892
0.876116792526447 0.25483491792712
0.896628886697809 0.221856542294622
0.922469176084683 0.180257239545025
0.916205684670246 0.190340468882768
0.917368358317085 0.188469667612812
0.926580824617818 0.173634343328459
0.921424817898089 0.181939650468673
0.924797288184081 0.176506778786852
0.924197026387848 0.177473809365962
0.91590245808693 0.190833101836109
0.912577582111624 0.196181779272841
0.911581559632316 0.197788787750689
0.909426803463576 0.201254422562774
0.921940502389851 0.181107382172104
0.921137374593215 0.182400556850002
0.913315318040796 0.194995685528716
0.911543693941255 0.197849406607663
0.906834307245314 0.205431635848414
0.916923184989412 0.189185359635698
0.924098578044562 0.177632739548158
0.91968777159562 0.184734143191047
0.913326154231642 0.194978930590704
0.878734816517839 0.250643898013619
0.924827721739701 0.176457576125178
0.921662922957402 0.181554338279889
0.923439979513912 0.178694353579539
0.909158923864184 0.201688844264936
0.925309776304454 0.175681566967413
0.905692809889606 0.20726515654853
0.920029199655674 0.184186660828522
0.920992107190286 0.182635029541191
0.913732191338909 0.194327043190402
0.915260947072015 0.191864394070976
0.918325256138428 0.186931813186266
0.922460815824677 0.180269636518039
0.927578739434951 0.172027224403733
0.913671444506904 0.194422445738413
0.923076018527005 0.179278289461117
0.907577678321229 0.20423168302737
0.92367715435513 0.178312179625033
0.873419933085639 0.259172124167863
0.924254517045615 0.177380243192514
0.911557647898998 0.19782582079231
0.915706692287425 0.191147161404737
0.927557429101331 0.172061550985875
0.921406709214609 0.181966606597558
0.927507484020123 0.172142003601793
0.924831112176618 0.176452626187065
0.912871861442572 0.195710624188104
0.909679440648639 0.20085192463704
0.92371032958184 0.178257946611653
0.905949806745412 0.206852102514552
0.869916174242282 0.264797678550514
0.925085743722917 0.176042385847445
0.923018630039171 0.179373050019737
0.879325245887322 0.24968017783687
0.895985889377955 0.222894670889658
0.911170558671606 0.198449316827701
0.389875267774723 0.750630573089997
0.39381800733673 0.74885132365988
0.31710277085339 0.783356081824832
0.33582345589046 0.774944091903889
0.330318955517493 0.777418716359244
0.342211130032995 0.772078207161481
0.364784797134553 0.761919009110034
0.364784797134553 0.761919009110034
0.35276283609481 0.767332633021656
0.364650794434853 0.76197930013722
0.35814708040596 0.764910167133636
0.389486633405795 0.750809362545666
0.377397219608527 0.756245006718739
0.387288403446027 0.751787966951692
0.349417727429344 0.768836241617742
0.347621484736505 0.769641961884614
0.363696284727838 0.762411474877553
0.359948532371916 0.764096826690402
0.382003180630265 0.754173855944087
0.396563183181554 0.747617286002687
0.343998431236153 0.771270866239699
0.347390683283252 0.769745901011544
0.360711900288512 0.763753800498784
0.382220852222146 0.754080074122505
0.353346221380771 0.76707087547849
0.368007440706462 0.760479071064444
0.389670525000119 0.750727070126218
0.397106075887895 0.747367551516592
0.332257353725073 0.776549402907334
0.35418378258651 0.766690919725014
0.367070187481021 0.760893011123372
0.376105586400793 0.756829112311987
0.395095505063689 0.748277910079298
0.359195112555623 0.764436437679511
0.38948706643406 0.750809015793901
0.360878057452479 0.763679825612662
0.346336159699447 0.770218497482064
0.385681842368597 0.752512994279729
0.387605882093851 0.751648606483878
0.390356182241739 0.75041618469901
0.365751475329867 0.761490185077936
0.385125310569531 0.752770097092517
0.360202128881458 0.763985949445215
0.373522714930032 0.757999593107121
0.378439448431108 0.755779538597529
0.39354937356898 0.748972130373016
0.372151548923894 0.758609563630962
0.352333869460159 0.767527146041974
0.379173435204889 0.755449938123948
0.351281291919592 0.767993018080694
0.37759670462274 0.756160587716543
0.388052505771463 0.75144665992336
0.394281488649778 0.748641783232299
0.358084673040761 0.764935694028748
0.373533202509811 0.757988320495334
0.383657488847245 0.7534298698317
0.35313989850127 0.767161125382146
0.367070031127908 0.760893081635553
0.361257248402529 0.763508384622618
0.382724656693355 0.75384353528626
0.38932133136612 0.750881519473056
0.898498853936412 0.218844466804116
0.871743419818369 0.261872929627031
0.897737677264132 0.220073961364894
0.898498853936412 0.218844466804116
0.877997022187285 0.251813095921466
0.905142902072711 0.208153832702962
0.868412800992699 0.267215029054512
0.902059429119441 0.21311230458112
0.905142902072711 0.208153832702962
0.910194171836682 0.200022103011421
0.901211058402208 0.214480954330617
0.904443062860981 0.209277509795266
0.909745473039006 0.200742345970876
0.868341675522004 0.267347915017662
0.908473408308581 0.202787596621836
0.869036715471473 0.266221377358082
0.909745473039006 0.200742345970876
0.905321809455607 0.20786380483491
0.912404781659828 0.196459970113519
0.903226363449716 0.211235669630629
0.897714429462963 0.220104017187236
0.897433391705656 0.220556070721191
0.89573253819892 0.223299034081956
0.896175836472852 0.222580968651794
0.896175836472852 0.222580968651794
0.914189243180981 0.193588463691865
0.904577677501582 0.209060057967518
0.905616068231018 0.207389373512783
0.896050456960462 0.22278225563427
0.91635642485847 0.190098627950296
0.900643746155918 0.215390101884955
0.903315474096813 0.211092180118869
0.899641409176195 0.217003294042928
0.907474249589857 0.20440072663089
0.91523018883411 0.191914459803824
0.91523018883411 0.191914459803824
0.914195589477361 0.193578198249347
0.905325265521119 0.207859741598251
0.903553539480152 0.21070859429213
0.87199743206486 0.261458743353293
0.90274996214503 0.21200169868781
0.900178764500281 0.216139697408663
0.902484762261838 0.212427475485974
0.906644403510607 0.205732860701872
0.910805653747839 0.199035157821029
0.906790482627518 0.205501681024878
0.873544583883765 0.258968634207529
0.896540722173544 0.221997473081781
0.90568082486079 0.207288906668644
0.87286575103931 0.26006208112696
0.902292361162528 0.212740769198583
0.911921961502161 0.197239788358351
0.917587458933081 0.188115711439158
0.91339449210141 0.19486637375708
0.909264198793184 0.201514601031035
0.9138538834804 0.194129537738963
0.923131524229744 0.179188908697208
0.910222560280174 0.199973842453906
0.904159179806206 0.209740562955568
0.915109927913576 0.192107853412808
0.912284619394039 0.196656099779248
0.910113491588394 0.200149263123031
0.919458747645012 0.185103283532076
0.913315679606573 0.194993264311735
0.907446849355667 0.204442070135349
0.906257322877284 0.206362522187316
0.904795638942895 0.208710073166469
0.908562299044532 0.202645656412729
0.917555939355328 0.188166745902987
0.913873449762511 0.194099649242947
0.917587458933081 0.188115711439158
0.918097053002327 0.187297540893528
0.911194207836429 0.198414792974089
0.918097053002327 0.187297540893528
0.91596433408595 0.190732321691922
0.90715539842877 0.204910508270936
0.906326284517394 0.206246679228181
0.911194207836429 0.198414792974089
0.901223219756882 0.214457139962306
0.913451794300924 0.194774706312034
0.901217118237897 0.214468068834148
0.913536728356787 0.194638179250101
0.904476395166514 0.209221737641318
0.899620813273833 0.217042523590035
0.916409331550558 0.190015703828086
0.916936859833746 0.189166457129246
0.910736168530112 0.199151508714431
0.899511366242967 0.217212766153879
0.91778772440195 0.187795296205402
0.89809931838766 0.219483349463963
0.907591310152953 0.204210813978453
0.924125256713096 0.177588762131559
0.906338244454439 0.206225238908794
0.908880472193528 0.202132549662729
0.913599917258403 0.194535663480468
0.879598339782232 0.249238701139268
0.91772611473123 0.187893350819176
0.920211502276705 0.183892873837806
0.900776859048178 0.215178981125026
0.901177416085173 0.214540541324814
0.908334342775412 0.203014746714478
0.917895867122627 0.187621013196124
0.879566033157097 0.249290674677093
0.874009099648846 0.258229280161947
0.90740233308531 0.204511733991477
0.872816628210776 0.260148422668554
0.907249415511707 0.204759411249583
0.90734605652176 0.204607948009813
0.921987040931172 0.181032779737534
0.923268569328293 0.178969128853678
0.897800855246378 0.219971318754503
0.919860308817166 0.184457536051242
0.89657005518414 0.221947109146741
0.896151799712093 0.222624531992267
0.91338239203331 0.194888203066803
0.908091711258733 0.203410683512811
0.896342837972872 0.222311823842872
0.871541562472306 0.262199575674986
0.878421016396115 0.251129203032232
0.925546304027045 0.175300776517315
0.918920572187599 0.185970526399407
0.900918315975968 0.214949873417446
0.919560492319737 0.184939316925977
0.920585082579223 0.183291050792633
0.92062230555171 0.183231796243303
0.914886892204486 0.192465098039071
0.919154635627398 0.185595014414096
0.875941453500547 0.255117254082493
0.921770835846309 0.181381233653526
0.912387394444911 0.196488911470445
0.911700386042635 0.197595734011663
0.92323466160091 0.179023846812732
0.908435217142346 0.202853128587556
0.902173527582596 0.212932141928819
0.911869587028049 0.197326762612424
0.914492830701852 0.193098791768359
0.91281536990874 0.195800385290418
0.922302897921847 0.180523561430428
0.913311933505623 0.195000894931501
0.910920972406755 0.198850995474601
0.919943014249844 0.184327399136416
0.910874227922897 0.198927170759849
0.911512933990312 0.197899128108912
0.910099411399253 0.200173479473079
0.91017282639559 0.200054527635018
0.910316653534614 0.199825832861917
0.907018189432325 0.205131857269968
0.924411682475231 0.177128331241928
0.901985011024023 0.213233405305582
0.913091814771194 0.195357552983594
0.870619603630257 0.263671235963104
0.916976933935772 0.189102952242646
0.922895365384042 0.179569749042253
0.869981990240469 0.264693848276547
0.917310460518575 0.188564523638755
0.915315868622697 0.191775567823571
0.874705208648387 0.257107897876952
0.915945029165335 0.190760002377739
0.89807484126191 0.219522062740574
0.918352928774408 0.186885281170272
0.873010775068219 0.259835584430448
0.875959276965345 0.255105159293868
0.921208805921222 0.182285384592774
0.916431883925128 0.18997897299004
0.914779773772927 0.19263671106138
0.911672364901744 0.19764516301014
0.915803405818349 0.190990815226023
0.922344694192655 0.180457939570222
0.917666529279146 0.187991277744594
0.896313229973311 0.222362202626303
0.898657125016217 0.218587870745167
0.898347924593295 0.219087583411345
0.909539822429918 0.201073415218272
0.914299560772401 0.19341012772014
0.924475924637953 0.17702509379651
0.904192187965281 0.2096807221361
0.916988105130299 0.189080737832822
0.91143961233663 0.198015798200673
0.913527163461873 0.194656212417027
0.901318215965139 0.21431098516169
0.92424576762641 0.177395577206904
0.905253352583306 0.207971529331854
0.904074103077907 0.209873130880204
0.898115621407581 0.219458193007451
0.917027134074828 0.18901867077111
0.875816026486563 0.255326516912901
0.921720736190031 0.181461898952468
0.912472872654127 0.196351479818982
0.912457220338483 0.196378265635288
0.906638280512547 0.205743046447153
0.870235243705582 0.264286972337965
0.906149010722124 0.206536752386816
0.908283882283047 0.203098521901077
0.915945029165335 0.190760002377739
0.897660817583783 0.220191384491703
0.925767134421856 0.174944967652837
0.901460889101606 0.214077008246852
0.906473691259097 0.206006604104114
0.925048728488563 0.17610198560064
0.920473051647791 0.183472568156257
0.921863283239095 0.181231866062937
0.925048728488563 0.17610198560064
0.90211201849201 0.213034224135182
0.877132657043522 0.253209440898547
0.906244962407717 0.206377274608167
0.905184706812375 0.208083623098263
0.911098722614655 0.198563392438188
0.918317815001731 0.186942281243014
0.920148528038174 0.183995027018649
0.909525705197301 0.201095818466942
0.869008334990858 0.266270069183898
0.909151010966289 0.201698254571483
0.899594345450561 0.217085591472
0.909416200598871 0.201275349672577
0.919389960962959 0.185215413376184
0.909375747777631 0.201343545559822
0.925493101325406 0.175386497689462
0.901728933925847 0.213649110211998
0.875897780414806 0.255190839918707
0.914307459776532 0.193397746106053
0.914889027838713 0.192462216336476
0.910904628576167 0.198876922885185
0.903963716112671 0.210052933233665
0.917892684184866 0.187627130006745
0.916233765240862 0.190297399707683
0.914368948849953 0.193302372948673
0.918074273247169 0.187332793444337
0.923311942528626 0.178899880446628
0.900704287725244 0.215301316409982
0.904877883823962 0.208582195383947
0.915178048668137 0.192000058296724
0.873265570346106 0.259423475995117
0.924540591135461 0.176920007343969
0.923127284120209 0.179196770978326
0.919310837895438 0.185344225036397
0.912028151545703 0.197069534604833
0.922761898306908 0.179784678045485
0.912503474935208 0.196302374729553
0.904892987603119 0.208554850545165
0.922987428297917 0.179422142007836
0.914906636885636 0.192435173434235
0.87661952113572 0.25403715267788
0.905727270516907 0.207210729722055
0.921806828011223 0.181323809326707
0.91999920725482 0.184236007055751
0.91710730727013 0.188889578056773
0.915223315389231 0.191924606998277
0.906884920402335 0.205347617429923
0.925266646473472 0.17575087582811
0.913631131357821 0.194486173919602
0.918362340693154 0.186868952738964
0.920538397664649 0.183366134216048
0.907946974361812 0.203635914741224
0.917487919170664 0.188280871294682
0.87799410710248 0.251823422021781
0.89629468277009 0.222389538094844
0.911070210214015 0.19861095889116
0.906891622853381 0.205336231214452
0.915748365683849 0.191079995879792
0.920506300685875 0.183416181884098
0.923356994514757 0.17882594200325
0.914926366587524 0.19240209933494
0.91455263059281 0.193004000273022
0.919969946115288 0.184282738240421
0.922724489666672 0.179845327742052
0.92447896124041 0.177019266913615
0.90246060569492 0.212467774858299
0.914675380797676 0.192807074355097
0.910856897206449 0.198953099444639
0.904868494644812 0.208594984656857
0.923319413304813 0.178887187124379
0.908880985940104 0.202131125981603
0.916909686213302 0.189208094550757
0.910899025043217 0.198889551274171
0.899569558793491 0.217119615276755
0.911989124128396 0.197129790212776
0.922492510301145 0.18021954206394
0.912743154981356 0.195915944142487
0.922761898306908 0.179784678045485
0.917692634589423 0.187950284974878
0.895710265838149 0.223329768590214
0.877025417638959 0.253376652185096
0.906441746538253 0.206063964360946
0.903203370476739 0.211272147713841
0.901965972697938 0.213266266752909
0.909367433862577 0.201350509964207
0.918414887058643 0.186786637484708
0.909426230885776 0.201257804248061
0.903920300353502 0.210117836350499
0.907442094972914 0.204450143872803
0.924137101913475 0.177570020759644
0.922079700338495 0.180884241816063
0.897254540552213 0.220852592544791
0.907557876186357 0.204265383331879
0.902194315966177 0.212897008761363
0.921863283239095 0.181231866062937
0.909651732894211 0.200896517555371
0.90380231414189 0.210312327084024
0.913887943693605 0.19407413264763
0.911835674927007 0.19737890086091
0.92009286024309 0.184082345599878
0.914398090465174 0.1932548735055
0.906667112570969 0.205696015595596
0.924479791042879 0.177017930038464
0.900143548021197 0.216194314441162
0.919182063174316 0.185552253621646
0.873980992801379 0.258285501555833
0.921906986409702 0.181161691963377
0.896431537495424 0.222169861001439
0.92081615064946 0.182919271487459
0.903943090419248 0.210082677516852
0.912768577180658 0.195876966280143
0.91367831467552 0.194411068888522
0.92093854909763 0.182720493248134
0.899849134287578 0.216668586911868
0.913289931194796 0.195038695330287
0.896001384298437 0.222865097253422
0.900457026156025 0.215694831458576
0.917080829968608 0.188935317474146
0.896001384298437 0.222865097253422
0.900129615012117 0.216219537547312
0.91526947867389 0.191848702648851
0.899910819947544 0.216576167209519
0.898732211144847 0.218467809074968
0.896154303936005 0.222616182927432
0.914945998527153 0.192369679794101
0.906791196009344 0.205498677402399
0.879194155588003 0.249892959526573
0.914106909316105 0.19372207776716
0.925382852205927 0.175563765403369
0.915596373540971 0.191322926778677
0.896920159352937 0.221381456097537
0.909538918081302 0.201073712775661
0.911051076658327 0.198640931088871
0.918002823067943 0.187449546039978
0.904825393590467 0.208662890504818
0.919968440339147 0.18428389272883
0.874770440967163 0.256996389642827
0.899254580246454 0.217630424257172
0.923364996141512 0.178813720715181
0.914195357115574 0.193578441769526
0.923561787387116 0.178497565039295
0.921638146282247 0.181595147326085
0.924064234574323 0.17768683258887
0.904204537620978 0.209661859301139
0.926377509846232 0.173961631753001
0.914513502421907 0.193068600718094
0.922631897201393 0.179993867958283
0.915530555478352 0.19143101927903
0.923646124301156 0.17836050716491
0.917073924627332 0.18894528274981
0.904630193190923 0.208981591923779
0.90761393204962 0.204176977805595
0.925538220306191 0.175313560460337
0.925515108136416 0.175350783271488
0.923070950878746 0.179287756212642
0.917106997582749 0.18889302857939
0.915294047921877 0.191809271449619
0.913481287250504 0.194729291582119
0.925515108136416 0.175350783271488
0.924703805351989 0.176657417684448
0.911572694622431 0.197801849940595
0.921492566866359 0.181828582538749
0.872731035084733 0.260286492673041
0.911672622357198 0.197643181515182
0.913793895519547 0.19422566692864
0.922024167239324 0.18097311583511
0.916095331612691 0.190522168816036
0.91523332974967 0.191908121008077
0.915430711310171 0.191591602859685
0.907525562886831 0.204318643082892
0.91523332974967 0.191908121008077
0.921481133912758 0.181846996655621
0.922570925214332 0.180093512625
0.905504992055125 0.207570168186359
0.901378583321883 0.214207958186512
0.907775912810425 0.203916409207962
0.922169001281652 0.180739363627584
0.906092155652464 0.206628267957992
0.921477285503828 0.181853200740003
0.917381910545612 0.188446889159309
0.913860982549688 0.19411901108742
0.908713014134297 0.202403377371272
0.908312058646007 0.203055424475057
0.923217674218958 0.179051785290044
0.911142901667641 0.198494784444995
0.908139796673894 0.203332595131672
0.923844357377875 0.178041894699461
0.907275120075009 0.204720629840661
0.925757669078193 0.174960416469181
0.903330637478867 0.211067178175089
0.922627885843375 0.180002131856284
0.912523084102028 0.196272514090426
0.901378665805682 0.214207098986689
0.919520440326802 0.185005426338564
0.920799637899017 0.182945869077239
0.905724349359946 0.207213374189488
0.905585549954501 0.207441395938541
0.909400395722698 0.201299809093986
0.920119985097851 0.184038742368322
0.900962129793307 0.21488059708284
0.923181026301116 0.179109518826349
0.91704757555904 0.188985574209832
0.925966593679055 0.174624155666258
0.917319644418674 0.188549229350082
0.913570484881302 0.194584582936733
0.904524351453004 0.209146881688073
0.91974662328037 0.184641059583614
0.92060477393586 0.183259900161449
0.91752718842204 0.188215505045294
0.920254200254852 0.183823729340394
0.920624774914439 0.183227950594756
0.918577832791422 0.186523013343632
0.92284637153582 0.179648099625249
0.92396750261651 0.177844217157293
0.915378399811503 0.191673732566098
0.918234915223028 0.18707529364633
0.925282672336191 0.175725630814515
0.872730691520442 0.260287047827744
0.900353174354829 0.215857670698429
0.870888260335476 0.263250501267167
0.926389575563212 0.173942461800101
0.899077549593338 0.217913855942026
0.923349538224242 0.178838355731606
0.925560707255225 0.175278138209756
0.922331813546762 0.180479257977912
0.924914718750971 0.176318284756079
0.92900796156856 0.169725034093027
0.925001111224761 0.176178756108638
0.929008582270935 0.169724034244769
0.921278200406704 0.182176017702176
0.922314896424079 0.180505814615547
0.923461576781686 0.178658651087729
0.924436579492537 0.17708811930285
0.897872433985335 0.219848909108474
0.925002202913244 0.176176997619244
0.911996327518503 0.197122520228417
0.920470627440594 0.183474935731219
0.908480234988674 0.202779101235134
0.903598194525646 0.2106349856922
0.902282359588471 0.212754205268894
0.897037649506108 0.221192347299538
0.913431084466089 0.194811343314933
0.914634523266309 0.192872648937466
0.907753244796662 0.203947831381249
0.87110788402071 0.26288344037185
0.876963771042236 0.253483884357854
0.91492518848624 0.192405640625943
0.929180820828379 0.169446657139235
0.927573139160251 0.172036432598932
0.92455878186417 0.176891690648503
0.923682954302901 0.178302755425366
0.898332177772538 0.219109688273622
0.92020895727205 0.183898309500083
0.912139522064617 0.196889349918745
0.919393674083356 0.185210904632409
0.923112193298739 0.179220026221388
0.910547159374958 0.199450940699847
0.90625049237036 0.206368825049174
0.911789131068598 0.197453218380026
0.923637127498867 0.178376328003402
0.915771113520911 0.191044598268698
0.910346163698669 0.199776488286729
0.908467064205411 0.202800535696527
0.873360531757009 0.259264410255467
0.904673584495564 0.208911793323621
0.918572400231593 0.186531253252525
0.929004552948244 0.169730524530041
0.928900577057023 0.169898127640208
0.90439855417251 0.209358613973382
0.905690137627821 0.2072696888315
0.928993431901716 0.169748486062054
0.912939941146221 0.19560366679008
0.877347548533264 0.252864563309234
0.917030724333143 0.189016555135354
0.917247168786232 0.188666411589261
0.929036847976608 0.169678584486257
0.867482582829672 0.268713117836403
0.909573555284362 0.201021226555057
0.870110802846769 0.264485094019682
0.921026248270598 0.182580138441417
0.921408710297316 0.181965464999098
0.912972359016941 0.19554901235698
0.902126597726356 0.213008096823795
0.872686379308672 0.260355815512954
0.910987007969814 0.198745673443101
0.907168564649172 0.204893935858675
0.909577839505166 0.201014126976538
0.915080939539868 0.192152225625597
0.919238028733032 0.185461723828423
0.920446602622133 0.183513781628587
0.912483911268546 0.196333367108854
0.927467630007754 0.172206372483619
0.920382808632016 0.183616907291878
0.927207504585016 0.172625334097267
0.925587625011504 0.175234040103591
0.905407054221348 0.207730071146779
0.870237344101994 0.264286048433762
0.924334719837853 0.177252080545951
0.91201093579273 0.197096624363607
0.92398534366802 0.177814784356403
0.909488002037269 0.201162099664161
0.919363382075653 0.185258765031417
0.929571896132185 0.16881664859039
0.921246109151597 0.182226980719254
0.917835022733498 0.187720211773141
0.923187861811919 0.179098270476306
0.92322914654197 0.179034038859107
0.922475996696933 0.180244564432771
0.927207353953165 0.172625576753343
0.916788445514242 0.189403902899585
0.924990538183357 0.176195790044476
0.868168519846575 0.267610493664228
0.914569245118759 0.192977447780477
0.923213426134633 0.179057376476003
0.929181124403303 0.169446168141733
0.925975290224488 0.17460927571806
0.927072911961128 0.172841540471956
0.907228427636287 0.204795418671045
0.867941691623883 0.267975627125779
0.910389052519946 0.199706188279067
0.895988991923979 0.222890650417476
0.912895905924267 0.195674293639742
0.91244772752374 0.19639180216954
0.921927418416774 0.181127564259417
0.902872247621279 0.211807925888592
0.923453538695952 0.178671841704091
0.916857257570255 0.189294728838004
0.927679634339102 0.171864358248207
0.912479230224464 0.196342892813774
0.917176488583685 0.188778896144506
0.910337337765868 0.199789846365293
0.921728357673568 0.181450619917682
0.875158934606774 0.256374497881149
0.920591343956854 0.183281013705466
0.909768944321043 0.200708270216402
0.899528158610863 0.217191190793111
0.903955382436367 0.210063409710071
0.913211132220742 0.195164017579197
0.920534931229205 0.183373450502186
0.877961277262013 0.251878256189043
0.916403993181155 0.190021395317109
0.897094695149164 0.221109220443181
0.904652284048082 0.208943357638144
0.875461261034638 0.255887456571878
0.910071472907982 0.200216793463912
0.899989076229113 0.216447187726077
0.918252317286411 0.187046536069884
0.895885574142657 0.223050800223773
0.924738813330408 0.176600457217051
0.91941998213954 0.185165303747783
0.868875725341789 0.266478971454135
0.87685749586185 0.253649017345854
0.92738750409248 0.172334792754265
0.869393276719793 0.265649125540036
0.90386792174142 0.210208180462584
0.87674392793292 0.25383111214243
0.904540071132575 0.209123769087815
0.896827254330769 0.221539150012453
0.912799954994667 0.195827805809959
0.903782829658461 0.210343182583219
0.920127857777448 0.184027329397877
0.86834655046694 0.267336563762809
0.904420716891043 0.209318139247858
0.920116446276266 0.184043866917964
0.910349636034189 0.199770112334967
0.903855690413956 0.210223480896983
0.910107160886601 0.200160970141615
0.928835389958148 0.1700028356222
0.913138220685626 0.195279262160393
0.916659008900359 0.189612390928582
0.896272771791894 0.222430306799207
0.926741096741418 0.17337642415663
0.907151876370489 0.204918074112498
0.902717924730443 0.212054769279266
0.916839753156654 0.1893228250201
0.909749936627644 0.200736288625529
0.924204327790804 0.177461730613063
0.916065332288847 0.190568998863489
0.90111597126817 0.214630781817543
0.899477609772345 0.217265968483683
0.904312801314946 0.209484257117
0.908908308551052 0.202088965014356
0.914985129963529 0.192307930973347
0.914577744770657 0.192961792766006
0.912852061634406 0.195740423733488
0.913500737628765 0.194698421516218
0.900073378714713 0.216315099913151
0.909566444986297 0.201032034424802
0.910331391896285 0.199799421105749
0.923123958863142 0.179202581546675
0.918450217454002 0.186729079968392
0.897289972039638 0.220788433492193
0.872247213396514 0.261061663243113
0.910415143407364 0.199668588311939
0.921245184953712 0.182227242312701
0.926961268683638 0.173021521358009
0.913575381468329 0.194576221274386
0.907447882489628 0.204438840081742
0.924797809427115 0.176506232971006
0.916763356940618 0.189445687935678
0.909845750803302 0.200581018505587
0.906085880569229 0.206635407673943
0.904279838283727 0.209536817163587
0.919963198199774 0.184291312546069
0.912931852357822 0.195611417774014
0.925490598261757 0.175389674270559
0.90902517598883 0.201903131362645
0.906162221994111 0.206511171795021
0.909702361153723 0.200811770272597
0.910504218004313 0.199519673673961
0.908028362603061 0.203507225391102
0.909467109136949 0.201190566511988
0.381864119418645 0.754241076980953
0.920503208641074 0.183421829662489
0.917077123360915 0.188938622155853
0.91722704959067 0.188696773565905
0.913122767716915 0.195308071630881
0.909219332123031 0.201591645998428
0.920503208641074 0.183421829662489
0.917715611639705 0.187909676091661
0.918786984222577 0.186186594291193
0.916359764576555 0.190094540385129
0.919485666057485 0.185060110077296
0.916735015384493 0.189490595370968
0.869370939755818 0.265680186625674
0.915137143299134 0.192065304163679
0.907669724770491 0.204083197716004
0.911256941909001 0.198309586021702
0.918298969729126 0.186972346061272
0.912558682827353 0.196214399951454
0.921685932699042 0.181518395295788
0.918372669310146 0.186854501312913
0.89852541542275 0.218802721216445
0.90263099085627 0.21219453773663
0.911286917121574 0.198261336028193
0.905221150734555 0.208032404068546
0.878515798600021 0.250977603234601
0.387397406917567 0.751747183681877
0.913141448314063 0.195273737844219
0.325762840530163 0.779467025441688
0.914601269451263 0.192925215364445
0.327634566619279 0.778627263367402
0.39545839101297 0.748113000443107
0.308170327739453 0.78736801731004
0.919267983770802 0.185412157687272
0.906738809474416 0.205579349790421
0.337041030947202 0.774398889991872
0.289663769559464 0.795674558013096
0.277338169192367 0.80120390626485
0.307351791963918 0.787735535589513
0.920043067982087 0.18416193420724
0.914456034305608 0.19316104460766
0.293531323496248 0.79393886359995
0.27430653058609 0.802564261995513
0.29564889519459 0.792986977562259
0.270361266960645 0.804334088410301
0.270188195490652 0.804411718823743
0.920857003489053 0.182852033845645
0.903295518948655 0.211133822646224
0.918463527531049 0.186706491825112
0.921588611526298 0.181674580349878
0.274459197004487 0.80249579441978
0.915960671226224 0.190735776439457
0.364642936524197 0.761991030864446
0.284818650275614 0.797847456074692
0.915741762008199 0.191090802327953
0.269170379982472 0.804868382321799
0.279595879931137 0.800191108044407
0.266944028262833 0.805867202968534
0.914297272208108 0.193417989560417
0.291115118574969 0.795022772460039
0.279595879931137 0.800191108044407
0.275725429614168 0.801927670011964
0.283180532366525 0.798582545418037
0.279961277282797 0.800027123600109
0.900349177578362 0.215862117377124
0.914580639012036 0.19295870159275
0.284470181891577 0.798004119973261
0.266102787112012 0.806244480762358
0.28645564139089 0.797113021709438
0.286860380253689 0.796931940798611
0.265898368077782 0.806335971510015
0.91676019795521 0.189449636209791
0.920865013058555 0.182839127205019
0.272570694895583 0.803343812196475
0.271021150894781 0.804038088452704
0.920289412947183 0.183766186565042
0.300277353337691 0.79090906229609
0.921639797852667 0.181591825715621
0.924176604591356 0.177506488577573
0.90836894442116 0.202960235684191
0.326433914435332 0.77916542700561
0.917334643695412 0.18852677929087
0.293078840469426 0.794139810463886
0.270675810455768 0.804193439106709
0.921164960013231 0.182357591201102
0.920857003489053 0.182852033845645
0.920857003489053 0.182852033845645
0.301078558151388 0.790551373391574
0.268655637067399 0.805099548114973
0.279464877099348 0.800249662559869
0.923301861424685 0.178915333022888
0.918584157629773 0.186513215100446
0.909145074577152 0.201711932589006
0.910119236379277 0.200140966630922
0.917316317931872 0.188554338950828
0.297584567632426 0.792118398794604
0.919209636122655 0.185503962600649
0.913758221164989 0.194286237133128
0.925400889954955 0.175534033545171
0.920280276145958 0.18378031071261
0.913970973033225 0.193940593829553
0.29252434112568 0.794388732562108
0.299794911726117 0.791125741087269
0.295216635437924 0.793181607339263
0.92169824306394 0.181496626589714
0.920970614007506 0.182670732004338
0.914610637648933 0.192909420438716
0.913620753516395 0.19450448092918
0.904916868665939 0.208512998691699
0.896939658869456 0.221359879794419
0.917892480749721 0.18762768950897
0.905143581113696 0.208147153060028
0.317606824904747 0.783130752021804
0.914003120075116 0.193887848557107
0.922460155438077 0.180270916650215
0.909873629416525 0.200535416724507
0.906590106011265 0.205822939988977
0.28981118302904 0.795607752203616
0.916469363738591 0.189918654278635
0.280408629673014 0.799825784755757
0.912693997868703 0.195997686417723
0.905859484428553 0.206997272230101
0.27257099742576 0.80334336269472
0.916934372855826 0.189168647403398
0.923391079844183 0.178772074018348
0.912190318145105 0.196808224673728
0.898838309794678 0.218304273301409
0.916665736078786 0.189601408490082
0.91840537936523 0.186802390494518
0.905798597043011 0.207099818323684
0.277724668009511 0.801030952175027
0.287701368154299 0.796553617141879
0.921546018990235 0.181744876459693
0.918131462622352 0.187241347626172
0.908060397441024 0.203454335623723
0.268507401300075 0.805165854114588
0.912411228695685 0.196449440766626
0.90560204434398 0.207416094382712
0.917250607623318 0.188658453383852
0.924242717810527 0.177400411856611
0.286706801113337 0.79700150182084
0.341652887756905 0.772327019355542
0.921934685392099 0.181118057405903
0.923536410829491 0.178537909828917
0.921013764324133 0.182599662546787
0.917155405181199 0.188812326228493
0.909050884083027 0.201861289441198
0.879547202979224 0.249335408167499
0.913145688661856 0.19526847825135
0.915402522635711 0.191638301897733
0.919753970363762 0.184629707825773
0.914557479407279 0.192997632939201
0.923242197788271 0.179012344146456
0.909422854328897 0.201263389791285
0.922104805107444 0.180845425481072
0.900628010266241 0.215421152961867
0.900377116572603 0.215827755126302
0.901209029218774 0.214482313548132
0.898503125056059 0.218841622060763
0.915658754301861 0.191220929363298
0.919627005705242 0.184834204150622
0.9210842657732 0.18248541762679
0.919579744907672 0.184909156138119
0.910083722318006 0.200201211117511
0.302254052231376 0.790022552552496
0.900754186216145 0.215221419423874
0.293226442777814 0.794073753508128
0.924816482409574 0.176475780480615
0.914403586366919 0.193243355431565
0.91922805068105 0.185475114057896
0.924943600454318 0.176270711494294
0.901822678835119 0.213493563949845
0.868935348272756 0.266381534771566
0.899868378189548 0.216640256864967
0.923987226653996 0.177811668691996
0.284869455278632 0.797824588727525
0.875190829280082 0.256328686796702
0.923034393069414 0.179345482286084
0.921780582568493 0.181366651832255
0.914168616908144 0.193620879401553
0.898407868939973 0.218992813116623
0.90032568233094 0.215911821820791
0.921799344730891 0.181335302751941
0.920020691924074 0.184200228889884
0.914582665793894 0.192958256139289
0.919328085111329 0.185314938654247
0.35648351229573 0.765659120985451
0.874645822399308 0.257202762368875
0.921328165438597 0.182092991164585
0.910633887939056 0.199312035437599
0.916550385210192 0.189786389539343
0.873917425290378 0.258369628042455
0.921196784599403 0.182306493228421
0.897132341942971 0.221044057721172
0.911957977533886 0.197179233776239
0.902607149765524 0.212239330123835
0.908177509767376 0.203266835698859
0.920873515330674 0.182825655410413
0.921601246537975 0.181653526352373
0.299784520536482 0.791131207598519
0.90948456177903 0.201163732209631
0.913751265716516 0.194292775450613
0.309062036108062 0.786966880452242
0.898214478186991 0.219303827293607
0.876230095543784 0.254660272128764
0.92222239688303 0.180652967098638
0.920044342771015 0.184160838223655
0.916641889734085 0.189639376053215
0.92156005525147 0.181719553853079
0.921863493863221 0.181231196416573
0.917767081491711 0.1878276624287
0.917456582743558 0.188330478544849
0.90951185466353 0.201117165478677
0.914437890203652 0.193187346958195
0.267980387617395 0.805402154560212
0.922964788429061 0.179458012909677
0.914414480140536 0.193225798972108
0.909164917284792 0.201677635590939
0.920381098036104 0.183618328681594
0.871091206430771 0.262918647552145
0.904961192627426 0.208443394984733
0.91852387311316 0.186608783776487
0.918612810714808 0.186466573450942
0.30867421952343 0.787138995513604
0.92288146994487 0.179592279156197
0.874858203139956 0.256863935088753
0.914102538149779 0.1937272536429
0.288044271782769 0.796399737259928
0.912733909363584 0.195931189040795
0.312787250164337 0.78529333420011
0.35736989874355 0.765259320060342
0.919441100266054 0.185131566027907
0.91000735553762 0.200321521027502
0.91015912679657 0.200080703524255
0.903625473886478 0.210595720471425
0.902627366410835 0.212199806282401
0.90872252127544 0.202389608316862
0.299890238416209 0.79108516876404
0.921706212316448 0.181485521401944
0.909233452116957 0.201566797431386
0.913706837267154 0.194366839183618
0.896434289792073 0.222168901561315
0.907426813175645 0.204474941476675
0.910869952441048 0.198932284994434
0.918488225462792 0.1866673383451
0.918409208534347 0.186793447147897
0.909657115129759 0.200886353632224
0.920311906187895 0.183729979461232
0.916801689267584 0.189384137746124
0.911039548493334 0.198658119309585
0.906467079186698 0.206019740375918
0.920795864360657 0.182950217827818
0.905334505401764 0.207844129256623
0.873563867303542 0.258939255030412
0.90966658304468 0.200872241508046
0.913983471390237 0.193919336796321
0.919366252186049 0.185255207661128
0.873751512007223 0.258651815485544
0.904152379582572 0.209748954672927
0.920565552587376 0.183321722230745
0.917761654673772 0.187836966369167
0.907600243662586 0.204196114505382
0.919749195880911 0.184636677477614
0.898214478186991 0.219303827293607
0.872140624755975 0.261230527295427
0.908827152814254 0.202220652145061
0.873662894941766 0.258794079793863
0.924410556188104 0.177130030157809
0.90049463990977 0.215631171433203
0.92284592059897 0.179649274886277
0.924214553859085 0.177445458208391
0.911209032235726 0.198386913546754
0.914028939583388 0.193846542372239
0.924706632987607 0.176652925473816
0.898703802364141 0.218514215043299
0.922496739343403 0.180212727906086
0.914430656710462 0.193200259669701
0.345204336627638 0.770732158949963
0.908705836958142 0.20241649399215
0.905998887974924 0.206770298938325
0.900686131614365 0.215325410092735
0.9083683940675 0.20296229649825
0.915957787696709 0.190740385978241
0.92246922870317 0.18025523505584
0.875675246765182 0.255552973258668
0.922301587579072 0.180525728788129
0.282390061526984 0.798937525919462
0.87487491587416 0.256835096537723
0.90795260528205 0.203628274809715
0.901864068973916 0.213428249504209
0.909455182413464 0.201209727229239
0.913440269593768 0.194796582960564
0.922139444423547 0.180786795186689
0.92436521379843 0.177202955002195
0.915208375805558 0.191951320105061
0.89769471336191 0.220140245219201
0.906820616265046 0.205452585976547
0.925877559394111 0.174766887507059
0.908466934471307 0.202801509891504
0.912452240543355 0.196383900978564
0.297143791191634 0.792318373082718
0.870786155738713 0.263401610907924
0.922654775512508 0.179957802425444
0.92141875725033 0.181946999703928
0.916671259815617 0.189593861123192
0.921018985008625 0.182592224404514
0.914291753430103 0.193425326560293
0.905497767718157 0.207582528268969
0.914962118105555 0.192344355688934
0.918090700462275 0.18730739463331
0.907859085221748 0.203785939087001
0.919953018161932 0.184308371773639
0.924923963111646 0.176303762031344
0.918265749969445 0.187024595091924
0.909268816890851 0.201508541456987
0.926096301086656 0.174414977358616
0.919728596850425 0.184669294386398
0.924608169999043 0.176811064743514
0.90969829276927 0.200819677443262
0.924608169999043 0.176811064743514
0.923088424443779 0.179258808520559
0.925851793736427 0.174808446455577
0.925851793736427 0.174808446455577
0.901707900208747 0.213677520650044
0.923088424443779 0.179258808520559
0.913327346079596 0.194978535174039
0.912748778401615 0.195907177901309
0.918685643040953 0.186348628975583
0.925851793736427 0.174808446455577
0.919408878085644 0.185184616519442
0.925937771623231 0.174669963059094
0.915454953279748 0.191548786930405
0.92143165545815 0.181926350732829
0.910878636971479 0.198916856210996
0.899783111729774 0.216776338266286
0.905810811794503 0.207078682462169
0.922344930917916 0.180455571920109
0.913519338650798 0.194667239395673
0.909866043681562 0.200551662909413
0.925659256873432 0.175118130857335
0.928259619192551 0.170930240460586
0.915802060962324 0.190994364764834
0.923572307684509 0.178480224176959
0.922828986067958 0.179676580236385
0.909095558390756 0.201786267268424
0.917591615837993 0.188109722114765
0.918253301565001 0.187046501301768
0.906422826507562 0.206088984112657
0.911889375583224 0.197289278695363
0.904511113552919 0.209171573059597
0.909098342049026 0.201783977293978
0.908157121877708 0.203296888630722
0.909308248942609 0.201445345055508
0.909160058168241 0.201682355309521
0.916420709241884 0.189994376635508
0.91268112221487 0.196016088224409
0.909254750047743 0.201529853714855
0.917108701743314 0.188886542975491
0.915231762930868 0.191913755519231
0.902759385552754 0.211984921868012
0.912637326381537 0.196085361116366
0.901164410409286 0.2145553342618
0.907931611412113 0.203665734352155
0.906422826507562 0.206088984112657
0.918494823071242 0.186657602762164
0.898193400357554 0.219334057624008
0.902951082397708 0.21167750850795
0.903826774609154 0.210266787924594
0.917238475905329 0.188680343573853
0.901247000156917 0.214418624818329
0.91651194219614 0.189847816799956
0.917831649501703 0.187724341447656
0.908913011688451 0.202086441656374
0.921113142108466 0.182439575695439
0.902618384202009 0.212214869669012
0.913018558528797 0.19547172658595
0.922535680148249 0.180149636282069
0.924395034418007 0.177154268309846
0.89830865455001 0.21915006244812
0.901535753371556 0.213952718598812
0.867323064025559 0.268976792408053
0.876668225087225 0.253951902267211
0.870245249814576 0.264269365382431
0.92467537611795 0.176703524235402
0.905046523003458 0.208303390809709
0.920562627875722 0.183328494383717
0.912832062101674 0.195772125709282
0.921477054371182 0.181853235640013
0.912297519400743 0.196635368560343
0.910561654151722 0.19943034367527
0.923023968220546 0.179362874271628
0.913571939666869 0.194581877483394
0.925666111500451 0.175107091918685
0.926326661503163 0.174043392977602
0.905341460191062 0.207830579294983
0.876124326423346 0.25482468025992
0.922061981807924 0.180914193763517
0.924646402791829 0.176749290245677
0.867257993987269 0.26907663801938
0.919366761591101 0.185254048609259
0.91357344487369 0.194578025953282
0.906460737500021 0.206029491984752
0.916689859153053 0.189563994619767
0.926364208509954 0.173982920517193
0.927804829218424 0.171662997648292
0.922868532076572 0.179613256782524
0.92060862367904 0.183253182844142
0.927563954189611 0.172050975306531
0.872104131451773 0.261286700723303
0.923037498721013 0.179341830321004
0.924987804302151 0.176199351281637
0.927743585406804 0.17176165649674
0.877692806484652 0.252310938326509
0.908306661786402 0.203064182314376
0.921829350995669 0.181285750467088
0.901882589869623 0.213394483454886
0.925704317285527 0.175045993579244
0.922883274102175 0.179590478598583
0.911640966926845 0.197693258492824
0.916668095798022 0.189597551701271
0.876376897300032 0.254435456408486
0.924256333189737 0.177378034591506
0.91620943510459 0.190337299182933
0.869929221676882 0.264781830088042
0.916608738460649 0.189693239286338
0.926937911070472 0.173059495327106
0.910968496433488 0.198776371125924
0.875115489430352 0.256449286527014
0.911150645010694 0.198478621803764
0.913252880776096 0.195097335802401
0.913190144363625 0.1951977449437
0.918619942756699 0.186454177579747
0.915298814457714 0.191803709590908
0.926933664610994 0.173066335584815
0.909540759825281 0.20107151260423
0.913595750953137 0.194546861100834
0.913267184250584 0.19507265472147
0.917616273192156 0.18807150362452
0.917169400410182 0.188789272179716
0.922860646176974 0.179626428071897
0.903364330068774 0.211014144395719
0.908443691339099 0.202841119268156
0.927802343302183 0.171667003997197
0.922009326678349 0.18099601103009
0.924593470324471 0.176835635058364
0.918780978171529 0.186196264957225
0.927063548384073 0.172857223797358
0.909755639943935 0.200728291783245
0.917165584959138 0.188799011053686
0.90556897501273 0.207462044071206
0.920876323548022 0.182820969758193
0.915713309253958 0.191135065092988
0.906044376079224 0.206698917461164
0.921807440111357 0.181321024400451
0.928151420274122 0.171104769447788
0.920325131385933 0.183709760768904
0.920591626136756 0.18328039194549
0.923001673587834 0.179400527093418
0.917448575474253 0.188340246642405
0.911948485177251 0.197196944365159
0.921298000870488 0.182141757530496
0.927964326005305 0.171405639225157
0.92311625753045 0.179213302578042
0.9117098499856 0.197578747045078
0.90897015999263 0.201992958152917
0.928163458624052 0.171085377293169
0.91422893469629 0.193522807209354
0.910034314440085 0.200276975719337
0.924198624574267 0.177470861403972
0.915848910033233 0.190915471707513
0.927032079250409 0.172907295532263
0.906578593207618 0.205842519896461
0.927362503520758 0.172375020901894
0.91140834281902 0.198064986434068
0.906324176157422 0.206250298202039
0.90440618775038 0.209338555991447
0.917227046315447 0.188698580693445
0.903109839706245 0.21142615305832
0.913315553829809 0.194994325654847
0.922603836702299 0.180039703340953
0.910713626662251 0.19918499165952
0.925000765842476 0.176179152857247
0.908059904640847 0.203454861036691
0.914211719649818 0.193552143931075
0.906513755910996 0.205942779415155
0.921372002014369 0.18202467416417
0.897848520805811 0.219890421235552
0.925665968455001 0.175107322571877
0.926933612986777 0.173066418792928
0.924487515899799 0.177004963787904
0.915694086645443 0.191164756932068
0.908451670202205 0.202825308893069
0.91559378569333 0.191327994180084
0.917557574853469 0.188164658411236
0.926365589590292 0.17398081942235
0.919047125273685 0.185768234406269
0.922128372605698 0.180804959549044
0.912943973444738 0.195594753995201
0.920959989118423 0.182685263982654
0.924142718178481 0.17756139685029
0.927103606506661 0.17279211067333
0.915848927987241 0.190915443466217
0.916661834556929 0.189606088640513
0.915838997371031 0.190930560064644
0.927177230331711 0.172673472095169
0.918809699650938 0.186148916902232
0.919157978587317 0.185589276037176
0.918046195707175 0.187377396100647
0.90654450032861 0.205897687153486
0.92693320024572 0.173067083562008
0.913390155445839 0.194876870875215
0.921509728369633 0.181801311363634
0.91378537121953 0.194240870399641
0.914498603541391 0.193091653883893
0.908415447229943 0.202882081596538
0.901662008607258 0.213750519333992
0.919555026205687 0.184948291013671
0.924615026713491 0.176800242197511
0.908557438232171 0.202654693853637
0.924910528205014 0.176324330220256
0.906317776334865 0.206257959113199
0.922567103576818 0.180097779263608
0.910775006920199 0.199086200402186
0.925401484450808 0.175533357866584
0.919158623243199 0.185588237583222
0.919239685738341 0.185456330381646
0.923845299789868 0.178041303887761
0.918669604249303 0.18637334403992
0.91491972916475 0.1924144581374
0.924187225389994 0.177490204999427
0.926470933012784 0.173811787615501
0.916417674525924 0.190000544155159
0.928163107081597 0.171085943515475
0.912153395725546 0.19687042369127
0.92471306327268 0.176642172171779
0.91347599779686 0.194736571741645
0.876712118869643 0.253878893985476
0.924992119244527 0.176193811032708
0.918807512784498 0.186154398507944
0.910852256544624 0.198965179907625
0.921231522463139 0.182250343743382
0.923975381729419 0.177831969643823
0.926396072573244 0.173932018092753
0.925619455875575 0.175183251368611
0.903484346742245 0.210820472309305
0.911162474021197 0.19846172992648
0.922027365860404 0.180967486394647
0.920766640481872 0.182997945101749
0.916166945294057 0.190403362973043
0.913258765795265 0.195088783600757
0.908796643989264 0.202270568344072
0.916717306386877 0.189517865922528
0.922492848671482 0.180218697109052
0.910681266969999 0.199234390155059
0.920867111175692 0.182835637043423
0.91499716677544 0.192288325010343
0.926045638502068 0.174496798365526
0.917885629250759 0.187638928274123
0.911380654114454 0.198111696851048
0.911138137781529 0.198501444356665
0.926308758234825 0.174072528861614
0.921859248169045 0.181238890160887
0.92477285338298 0.176546042273828
0.91635223312404 0.190108888168159
0.922403410760522 0.180362728550945
0.913403956462197 0.1948536032192
0.926665431862822 0.173498504065316
0.926665431862822 0.173498504065316
0.927060875674044 0.172861589891197
0.920852230079803 0.182860326800564
0.923853435231702 0.178028420217376
0.923482469806356 0.178625606220035
0.910053492909931 0.200249899500068
0.921753109458482 0.18141143251884
0.909963781976009 0.200394385645926
0.909890164851607 0.200511263164024
0.920926772592878 0.182739843147507
0.912987693466837 0.195524782743194
0.919976560045224 0.184270670036796
0.922349735671664 0.180449423663132
0.925261519528282 0.175760189324694
0.921703135802737 0.181490008617654
0.915279527387292 0.191833812888153
0.904432873549922 0.209296159835419
0.920369804188267 0.183637253721523
0.91355747039922 0.194607090035697
0.917980917862778 0.187484010219325
0.903144400753167 0.211370901165652
0.922475659505252 0.18024671692919
0.908301596249087 0.203069651134528
0.917659571536882 0.188002545968017
0.904676405583616 0.208906768963017
0.911238207435493 0.198344991621647
0.901393269822903 0.214191608293554
0.918955762408571 0.185915750423994
0.924086202990108 0.177653204484657
0.924129360762038 0.177583490455174
0.923451255985048 0.178675042135466
0.922266653630757 0.180582681910281
0.926725720770535 0.173401387887745
0.924236472507361 0.177410634299422
0.91575341964525 0.191072869613751
0.909131916365743 0.201736840788378
0.927070065602132 0.172846785233586
0.925287310687649 0.175718809479437
0.920810610116335 0.182929594543737
0.926320402035304 0.174054507082743
0.919206003065732 0.18551129692248
0.922020794077051 0.180978940688192
0.924286637752663 0.177330125869457
0.923364069282101 0.178816200689473
0.919252780956117 0.185435647379833
0.924811429868143 0.176484398458284
0.911797060316771 0.197438303264214
0.927039039830416 0.172896764795924
0.922701279766847 0.179884103480049
0.917003296800768 0.189058396821418
0.905441588059102 0.207673853274682
0.913440681180989 0.194795518083947
0.927611969246417 0.171973740722116
0.915361768810254 0.191699265651741
0.920391534233108 0.183601867969882
0.914941723545609 0.192381257203763
0.924729821837646 0.1766157283318
0.926320402035304 0.174054507082743
0.86835662119091 0.267312995684174
0.924891421681091 0.176355273493297
0.905523372719704 0.207541732825171
0.915703295594208 0.191152906516831
0.912988691549591 0.195522646413156
0.921626545171938 0.181614304189739
0.90413786681927 0.209772074664102
0.904880637639946 0.208579080965045
0.910328691692692 0.199803300542275
0.913298858650685 0.195022922779049
0.926375759371023 0.173964498257001
0.920778760513925 0.182979322068205
0.907346596354142 0.204607093790494
0.908732547948583 0.202371035737965
0.913359625068944 0.194925001083877
0.923261998858557 0.178980662673862
0.912165690427327 0.196845804650229
0.916298805314255 0.190191278022508
0.902698108822303 0.212084703497688
0.90868639560867 0.202448500696016
0.922191871901369 0.180704867344177
0.920956359069444 0.182693724413776
0.917040001811316 0.188997485602171
0.927507156312043 0.172142428004958
0.914000568404986 0.19389285458594
0.915966293152192 0.190726469438531
0.918294297180123 0.186980015353223
0.914012260648087 0.193876954998019
0.924542255899747 0.176917941502747
0.915147172852836 0.192049433666136
0.918033518214403 0.187399647733272
0.915647671468256 0.191240095943413
0.917348427678739 0.188502544032554
0.91761988620116 0.188064864082425
0.922179631717007 0.180722528441787
0.901943768204624 0.21330462836044
0.918542767434596 0.186580212599706
0.915674298152301 0.191198994050106
0.91605398532062 0.190587975453581
0.920288889544417 0.183767754748498
0.923096459014982 0.179246006284516
0.915735317907191 0.191100101516856
0.925602304205788 0.175210945954344
0.918409149491129 0.186794190862737
0.920125330859351 0.184030300378309
0.921400434175921 0.181977162664618
0.915338078330066 0.191739603704525
0.907654381800251 0.204107035351182
0.912896186890752 0.195673259540338
0.919227796270706 0.185475783071304
0.923051575486638 0.179317911807308
0.927102691932055 0.172794066419167
0.921991686347201 0.181025802066816
0.924562935710314 0.176885600109399
0.918909671962835 0.185989506755633
0.920673617471602 0.183149682322093
0.923096459014982 0.179246006284516
0.919727259765554 0.184674152293476
0.873502142712982 0.259046842909239
0.909127653079206 0.201743789671042
0.876661101493975 0.253962765573431
0.904156302653245 0.209746864646362
0.868461466707343 0.267141107473972
0.869970986012421 0.264720321499894
0.903029822444548 0.211549994728933
0.179609371744907 0.881928165286128
0.19608170736984 0.873460909612966
0.207913876400464 0.86738686973232
0.21582679837199 0.86331640386542
0.873663031483921 0.258788170263013
0.221237339483442 0.860537610006283
0.236155416589527 0.852867043776382
0.873199403735815 0.259534318425777
0.914742378660544 0.192702294664968
0.200022956306754 0.871437037033743
0.930372438692288 0.167527196834699
0.220699733510547 0.860813566579849
0.218661963717293 0.861857052872837
0.190894723192028 0.876131168411195
0.19050088035763 0.876327720442716
0.207913876400464 0.86738686973232
0.199965452385892 0.871468954665095
0.203640889823425 0.86958139699544
0.234863400725041 0.853534568839876
0.930372438692288 0.167527196834699
0.214567523450369 0.863969656796995
0.914245713375159 0.193497646527487
0.242388158461162 0.849660215743678
0.20534582920395 0.868708282189118
0.194373572332226 0.874340220397938
0.190713460236758 0.876218764157051
0.196423877569904 0.873286620632076
0.926673732282325 0.173484874362618
0.222113641686909 0.860087176943823
0.243884934693679 0.848891471095257
0.182226223884256 0.880584390389545
0.190434842662684 0.876361668189003
0.191390357345432 0.875870583528925
0.19177392067161 0.875677731723958
0.235227176230493 0.853347094466141
0.205887954606678 0.868429908603444
0.174098292621204 0.884760334944268
0.930025244350781 0.168086422657164
0.19090331497076 0.876126720069151
0.921345892989009 0.182064189648411
0.222113641686909 0.860087176943823
0.197220890967198 0.872879267583319
0.206385584491295 0.868171845346423
0.196161486085285 0.87342188012814
0.213172917648984 0.86468561617929
0.256003194130457 0.842661088243363
0.191037521065338 0.876057850857157
0.302746890914251 0.789800279236496
0.325779060548847 0.779458437936151
0.309657998291323 0.786697251936369
0.30533510603056 0.788638820721536
0.331112907042508 0.777061717349147
0.302812285005751 0.789770871537044
0.35558233114963 0.766061809021611
0.308172215759973 0.78736365968188
0.298335468328601 0.791780440972928
0.298273861240581 0.791808095189707
0.297799222103256 0.792021611355966
0.304265253572585 0.789119085880684
0.29879039651837 0.791575597043598
0.34495467811779 0.770847385135416
0.309576671450421 0.786734557845996
0.388709737026575 0.751158304754659
0.294595980133488 0.793458971632522
0.294799156495442 0.793368794674576
0.302781695389129 0.78978466026611
0.297799222103256 0.792021611355966
0.312338157471412 0.785493197033915
0.291870855081599 0.794682381299418
0.29831003855859 0.791793602655388
0.314102509720824 0.784703886265459
0.346922259125553 0.769955411057439
0.308329187892937 0.787293206533406
0.324099628088067 0.780217066812972
0.396428605136121 0.747674005387808
0.33300042925555 0.776212100830185
0.310452000353391 0.786339500477629
0.301374841986629 0.790415678715981
0.327417134176235 0.778723141127993
0.377618980927592 0.75615108087681
0.303701615363718 0.789371262354536
0.373462865089403 0.75801794036581
0.291460441486914 0.794866265889651
0.351380871374535 0.767952177530615
0.291191169872871 0.794987418627891
0.289794530279521 0.79561516711022
0.291136450788231 0.795011888897534
0.276135810565284 0.801743974371287
0.310384709235774 0.786371128574081
0.29122158827395 0.794973779078046
0.296222971375553 0.792729457922373
0.274751425233232 0.802365034102501
0.323259278230737 0.780590751642016
0.29063884112483 0.79523527627568
0.319542711006275 0.78225865788844
0.291919395702958 0.794660081085715
0.313899547740389 0.784791777307607
0.319657317290618 0.782206067421287
0.314069813941207 0.784718590392653
0.291122304275902 0.795017902014257
0.294359654854591 0.793565126491079
0.289988242500981 0.795526992277393
0.297854627527678 0.79199634338967
0.310221881725538 0.786443804314942
0.273204671664554 0.80305820641869
0.305262796044417 0.788670493135185
0.27453835797451 0.802461172012404
0.297228885867153 0.792279057549346
0.317589507199235 0.783135321173144
0.314258550287599 0.784631770476539
0.262658201420453 0.807789306668754
0.305430527253043 0.788597864699745
0.29879039651837 0.791575597043598
0.335287942064245 0.775184921886322
0.288491876481224 0.796199296406202
0.377088804543406 0.75638909370361
0.294797780028895 0.793368916379788
0.283558576535668 0.798412957756707
0.313836068146433 0.784821997798595
0.357455270881644 0.765220714885443
0.283445244082841 0.798463771933631
0.292245551596582 0.794514422917543
0.29760945333134 0.792105784771622
0.287028678313784 0.796855797112882
0.299042851744834 0.791462544094774
0.294674192010927 0.793423868237273
0.284828862386224 0.797843043969225
0.304931163096147 0.788819974971854
0.273204671664554 0.80305820641869
0.29560842968264 0.793004697075308
0.293009626571084 0.794172642820155
0.298921243637089 0.791516868137036
0.386574311235542 0.75212289907838
0.312543983076343 0.785403654645866
0.336227392499267 0.774766205883846
0.335163059703153 0.775242384332211
0.308242579434722 0.787332259779366
0.304800427447361 0.788880325437567
0.295335999696807 0.793126756745481
0.273960646580147 0.802719327001639
0.294153955508071 0.793657387641019
0.273157113974016 0.803079536278155
0.29879039651837 0.791575597043598
0.262658201420453 0.807789306668754
0.290948858883907 0.795098216400121
0.295466660814856 0.793069094515451
0.329524356224058 0.777774666311674
0.291028693759173 0.795060192069842
0.294678377831918 0.793422013839084
0.278906627405265 0.800500073388082
0.345874800311431 0.77042971798577
0.351322338702369 0.767980659097125
0.307561820265376 0.787637353203739
0.298757377272865 0.79159211037687
0.275164486069161 0.802179507637745
0.294369916940663 0.793560445625777
0.294840499853627 0.793349266079525
0.32045055483356 0.781854815024097
0.321131055289339 0.781546271358594
0.290141655373641 0.795458840196143
0.28337571781964 0.798495016013649
0.310350509405873 0.786389761411009
0.264273001812923 0.807064943152685
0.281517623955727 0.799329437054642
0.273273412258289 0.803027348045364
0.291674893191924 0.794769910530725
0.293099325010206 0.794130540789676
0.298338885215682 0.791778585426866
0.299616521780114 0.79120560313021
0.34684149874097 0.769994685175124
0.29552323806669 0.793042579218269
0.298695847099133 0.791618040404533
0.317062797750006 0.783374556436605
0.292829003312801 0.794251884630211
0.309259212214682 0.786877947798063
0.27410882959354 0.802652505743786
0.331973029681955 0.776676988393272
0.28337571781964 0.798495016013649
0.263989257278993 0.807192228960901
0.297192505226431 0.792294215667664
0.292749216020256 0.794288790275054
0.295103207850229 0.793232094560001
0.299095305296349 0.791438996188426
0.292441145696784 0.794425841832425
0.294756895901803 0.793386324913242
0.287028678313784 0.796855797112882
0.283175099789784 0.798585165659313
0.313319085025133 0.785054911109846
0.27302111612802 0.803140626860525
0.34200746890553 0.772168781308425
0.278547399336911 0.800660903420175
0.297322434627406 0.792235938007062
0.320768586540548 0.781708252171067
0.329439874986011 0.777814942767747
0.307815787938921 0.787524365224609
0.27963729595287 0.800172626721436
0.294634936533123 0.793442089450271
0.29945059684042 0.791279898559995
0.286882443358544 0.796921614041889
0.289924219589699 0.79555636582429
0.307508588969533 0.787664525577018
0.268906225401918 0.804986533768763
0.286831485729238 0.796944458890969
0.279673088316855 0.800156326914626
0.273124064565707 0.803094365733844
0.312027113409828 0.785635197085027
0.27957453580559 0.800200736656392
0.290871399734508 0.795130589564438
0.29000104962591 0.795521473100754
0.390854441368822 0.750192081301264
0.345837225783133 0.770443381280471
0.283670212470904 0.798363195197786
0.291199208892577 0.794984639474356
0.299042851744834 0.791462544094774
0.27302111612802 0.803140626860525
0.276633116045325 0.801519836526136
0.289710995817391 0.795651838000995
0.321057962274856 0.781579074639367
0.291130681169168 0.795014508760539
0.282800276099348 0.798753243768313
0.286824366980452 0.796947691527639
0.278161584125908 0.800834119072072
0.304623333344942 0.788959802513035
0.297299960487882 0.792245639144553
0.276135810565284 0.801743974371287
0.321290233605453 0.781475186139665
0.26296756207788 0.807650519616242
0.364023941950085 0.762263112879535
0.291074454566854 0.795039739746938
0.321290233605453 0.781475186139665
0.38448158126164 0.753060443453863
0.273471465568442 0.802938553587564
0.282499230894481 0.79888798126443
0.285028803783152 0.797753593749147
0.294905824821699 0.793319719363516
0.296269608484184 0.792707476567098
0.330184830652697 0.777480357410263
0.279901519222563 0.800054088873121
0.290830554883052 0.795148687062607
0.279853508555364 0.800074991945049
0.279224630284379 0.800358242116889
0.29509844889266 0.793234317955722
0.278166525711773 0.800831902741122
0.325492146035272 0.779586661706466
0.363006167371759 0.762722530894464
0.265107288421045 0.806690759979523
0.311773353098983 0.78574725930305
0.397152668178748 0.747348212886651
0.381543835493212 0.754380565226499
0.350125070155948 0.768515163358261
0.380532408848202 0.754837349062182
0.309462024806595 0.786787443929321
0.301567017203333 0.790331315991023
0.313636023434342 0.784911721366125
0.300214750585412 0.790936512054003
0.310350509405873 0.786389761411009
0.292999631124179 0.794175643874919
0.286529864804529 0.797080398387333
0.277240779039773 0.801247219825232
0.302295561969222 0.790004251647401
0.318609170833352 0.782678264808942
0.298870673549501 0.791539835425022
0.287765171589867 0.796525167132576
0.349523009214529 0.768789337860011
0.288794837112882 0.796062225479038
0.298030881736302 0.791916758530388
0.309279947783879 0.78686953579043
0.383886733321381 0.753327892940644
0.3806031764366 0.754805492171723
0.292321941727543 0.794480198962057
0.298837244751375 0.791554841009343
0.289115736804168 0.79591943032958
0.347139058189165 0.769859475716303
0.287353516632905 0.796709828400545
0.3141756175209 0.784670230588479
0.27657506662988 0.801545863468208
0.292506712348732 0.79439753015861
0.295077828374982 0.793243680738879
0.313593414407484 0.784933175059908
0.262156445242007 0.808014373269325
0.286831485729238 0.796944458890969
0.286870868413032 0.796926560125691
0.319041792008416 0.782483677490229
0.295221196569636 0.793179417051764
0.351602774454522 0.767855572830359
0.281203422375318 0.799468924509867
0.29574649896509 0.79294424644112
0.280000919037167 0.800009391521864
0.300261473837811 0.790915448559563
0.272805753086427 0.803237233604856
0.327736509494313 0.778578999136264
0.283657070981054 0.798368460964041
0.32146801392362 0.781394753695676
0.292196563563191 0.79453682662599
0.295840937861079 0.792899729182025
0.283269196161062 0.798542651014501
0.328940273474508 0.778037307009245
0.282451309028168 0.798909344168685
0.289900436024675 0.79556755135732
0.301423362524248 0.790395629859462
0.272823830540138 0.803229120661966
0.365059300960901 0.761799676657374
0.272868874910603 0.80320893699826
0.288355620990771 0.796260873014394
0.273664098568624 0.802852287787726
0.283552878039406 0.798415052256484
0.277219095668577 0.801256948699037
0.267511885628824 0.805612494406925
0.298207634590618 0.791841551659691
0.382321527680362 0.754029588722567
0.364488826982012 0.762056512317539
0.299394151239542 0.791305656704936
0.299166461787136 0.791407068241588
0.282567977537852 0.798857202472921
0.338642882047112 0.773680594942058
0.342553935617753 0.771921955891161
0.322523927553253 0.780921420620007
0.321143560877595 0.781541748056507
0.30216386391813 0.790065217090259
0.286823793025435 0.796947910467669
0.293246459489311 0.794065277622543
0.29933535983615 0.791331210347067
0.299019350276262 0.791473093901312
0.333025431446688 0.776206682698973
0.277240779039773 0.801247219825232
0.297448078469767 0.792178209442535
0.291361564633488 0.794911941749059
0.279752572025729 0.80012081372389
0.327546167746849 0.778663481496029
0.269114805428351 0.804893859543924
0.299019350276262 0.791473093901312
0.347712504481336 0.769607544526975
0.308649438983669 0.78715201467148
0.277240779039773 0.801247219825232
0.335417007796494 0.775127237292569
0.292919890790227 0.794211934130605
0.286352384985739 0.797159318652248
0.360083524392755 0.764036807982228
0.317905458620469 0.782993425025003
0.277270798187839 0.801233731434022
0.307223479433885 0.787791319880568
0.296908608700652 0.792422453941487
0.278635695964947 0.800621609162313
0.364776204109342 0.761927127534142
0.298224598539602 0.791831724969073
0.385403852034262 0.752644559370731
0.290281839516931 0.795395427254653
0.292854429533152 0.794240729044531
0.292401380547581 0.79444529950859
0.266839599860407 0.805914278702823
0.348773341287482 0.769124335470039
0.298400772885165 0.791751283396877
0.293376257084613 0.79400703904917
0.295052317835586 0.793255153674561
0.312847943639091 0.785266909406947
0.362681322995755 0.762869137080392
0.281794210657422 0.799205617771836
0.284975839095918 0.79777664641833
0.272805753086427 0.803237233604856
0.295918397759075 0.792866554734053
0.289683538239678 0.795663971705767
0.321143560877595 0.781541748056507
0.274804491128136 0.802340694290684
0.287666625207604 0.796569729905746
0.286814531644408 0.796952060994906
0.317905458620469 0.782993425025003
0.321143720975512 0.781541676575459
0.304101228474731 0.789192887316715
0.262288302539498 0.807955271335803
0.292920775207937 0.79421097275178
0.27278183229684 0.803247914387029
0.38066046110675 0.754779811211186
0.263713213142886 0.807316067166954
0.312379593363819 0.785476292994326
0.289624308444333 0.795690491243998
0.286666722722751 0.797018321090729
0.287534958661143 0.796629678961202
0.29446543038503 0.793518889466115
0.364776204109342 0.761927127534142
0.282835022008023 0.798737598263049
0.288689276967536 0.796110423293199
0.3884499017849 0.75127621337307
0.314683725018997 0.784444279807476
0.287880846474187 0.796473106246221
0.286666722722751 0.797018321090729
0.267627741430731 0.80556076911353
0.273011873825127 0.803144748561208
0.35583588445626 0.765946196070803
0.301515445439979 0.790353897971434
0.27233778438588 0.803447164512073
0.289036383323823 0.795954699364984
0.266261379641126 0.806173611152374
0.317905458620469 0.782993425025003
0.275739642202431 0.801921050994404
0.335386078032922 0.775143577868961
0.317905458620469 0.782993425025003
0.271326670840637 0.803901644645409
0.280496988810318 0.79978674308366
0.261897187994906 0.808130674804132
0.34916808095466 0.768944908135794
0.367318246581742 0.760784828069192
0.331002839603395 0.777112414982457
0.294930159770953 0.793309837092685
0.262196773834792 0.807996298014041
0.29757242321572 0.792124567085815
0.320426598780107 0.781862286171661
0.287965906626321 0.796435949829155
0.323059359150684 0.780682633446553
0.300332488826035 0.79088516063381
0.298173973105254 0.79185397957508
0.267529565972267 0.805604546088096
0.382426645719806 0.753983993459297
0.333198257962816 0.776126465391544
0.271326670840637 0.803901644645409
0.276309639636894 0.801665742922238
0.322872413115813 0.780763806404872
0.279549988304453 0.800211500223245
0.394677691692369 0.748464548514118
0.2945725280271 0.793470502534545
0.271633293138462 0.803763606340162
0.280903514858675 0.799604318316114
0.303677253690089 0.789383980403684
0.367632906431078 0.760644666769766
0.2946481419449 0.793436573078205
0.272708007638353 0.803281945401095
0.297320427804944 0.792236957418429
0.275782203672063 0.801901657026222
0.267304585798792 0.805705463655555
0.267211495674233 0.805747221749635
0.271144712243899 0.80398227086178
0.278635695964947 0.800621609162313
0.320970152151253 0.781619359132333
0.320508727140546 0.78182619334232
0.287566590754893 0.796614540420181
0.271965194201328 0.803614143601338
0.271727374814741 0.803720846282719
0.262957724916005 0.807654964234382
0.275826085011309 0.801881967851977
0.282900270787619 0.798708302570224
0.286664191357318 0.797019452906064
0.290174846404904 0.79544520578457
0.286347324954135 0.797161632081087
0.326072072218506 0.779327681659676
0.295516974396543 0.793045727312224
0.315012382764361 0.784292797919677
0.278540676580631 0.800664239754842
0.303862150544286 0.789300944632229
0.291838882316538 0.794697055427146
0.335643814881889 0.775028168114369
0.30134864220689 0.790429312301792
0.321672971291761 0.781305416237431
0.296878897438972 0.792435623693525
0.394193597793698 0.748686939867052
0.383152471653188 0.7536595265421
0.377162172277192 0.756359647719597
0.386051595171984 0.752357477665404
0.396488930446357 0.747642551679145
0.344489469482644 0.77105224320919
0.392532336397522 0.749431886959253
0.34759619107189 0.769656713163746
0.394379770414413 0.748597866380758
0.299140757911412 0.791419330498124
0.307219339748637 0.787794256707348
0.366043776199312 0.761362767225838
0.318037809290997 0.78293578034534
0.27914796362466 0.800392291457746
0.34833032366397 0.769328396935238
0.345261507951482 0.770705698835333
0.355370760912581 0.766162953076528
0.307018643762701 0.787884119944678
0.34638650449053 0.770200981048272
0.362310644728214 0.763039328649277
0.296180421780366 0.792748788631821
0.329642418122858 0.777726105367463
0.322661410422956 0.780856375449239
0.367378783836168 0.760756065183796
0.390442384412143 0.750369637823049
0.309195783206718 0.786905854311197
0.377872277132935 0.75603712638014
0.347091697533654 0.769881938391705
0.369865414244873 0.759637406457816
0.348949270094264 0.76904740303685
0.293148811109149 0.794109827501015
0.303311918601527 0.789547921520269
0.286225988936729 0.797217202774556
0.32353073822873 0.780468050746127
0.290822433953733 0.795154516302787
0.276963557881798 0.80137231208086
0.279956554104414 0.800030013770092
0.324401205145401 0.780076345436349
0.276963557881798 0.80137231208086
0.328102593588918 0.778414160195246
0.31696989105951 0.783416134830267
0.278061855743799 0.800879973917887
0.296633086097248 0.792545344101709
0.317384478960438 0.783229690600354
0.279406435925949 0.800276894219686
0.278070769201232 0.800875793265152
0.389503543861752 0.750802154822983
0.288832268932536 0.79604776769005
0.288832268932536 0.79604776769005
0.277121734611544 0.801301406784025
0.265102765088778 0.806692942153462
0.274320999301307 0.802558185807578
0.284793246708971 0.797858698607637
0.269614342846839 0.804669494413764
0.292341877510247 0.794471861392163
0.271469862438726 0.803837238392126
0.300063970440078 0.791006717566045
0.264950193638249 0.806761376951975
0.269412597070104 0.804759990299916
0.277297198767035 0.801222723464778
0.273998839098354 0.802702969392059
0.269436901831206 0.8047491489273
0.27673005454796 0.801476888977381
0.334192367164368 0.775677950232944
0.288559678628646 0.79616937837236
0.262437702678068 0.807888232152938
0.290510139829763 0.795293810473381
0.26334457779214 0.807481529655409
0.31822198605147 0.78285722642026
0.262489076457582 0.807865228205522
0.270777795310029 0.804147553488836
0.272615722374046 0.80332283567654
0.294561145271017 0.79347507792952
0.262855626700271 0.807700756541241
0.274038515266358 0.80268517646693
0.30350023391747 0.789463891457755
0.277702809756455 0.801040515606444
0.30397225575477 0.789252017490164
0.264694729612864 0.806875788488164
0.265365304635 0.806575189392925
0.301073601994808 0.790552693352014
0.288360948356794 0.796258480471602
0.274028612651792 0.802689609092775
0.280675288503806 0.799707024373099
0.287131849763716 0.796810425274248
0.282748122763957 0.798776686776107
0.273761965606177 0.802808241159612
0.291015142481158 0.795066984124087
0.269631660969929 0.804661693581992
0.276684852102402 0.80149723792037
0.38066347311927 0.754775724485615
0.327380561946343 0.778741394654586
0.27465531517095 0.802407690327786
0.262148475007657 0.80801797898779
0.264045830512882 0.807167045096712
0.268696666291524 0.805080748929209
0.272019858429769 0.80359002248587
0.27224632322059 0.803488070711253
0.346019985423434 0.770367091700769
0.299059576341684 0.79145656947189
0.27630267083532 0.801668743199848
0.293789786555297 0.793821784596622
0.27294930430261 0.80317278525371
0.278626114946846 0.800626461850546
0.297646548757385 0.792092748565533
0.276834487990142 0.801430275665168
0.290954546904912 0.795093899455731
0.27473824307008 0.802370220527564
0.271357909307772 0.803886742015033
0.277088061103239 0.80131627350117
0.265461770387084 0.806531729260564
0.272843797456596 0.803220072079513
0.266224885977195 0.806189641925639
0.275846149013184 0.80187364951443
0.276458201517599 0.801599402653108
0.270914440630885 0.804086669170067
0.267470908417411 0.805630839758235
0.274912929490823 0.802292095090212
0.268178499737467 0.805313199934004
0.269005439841629 0.804942675271449
0.283028601623623 0.798651542023135
0.267585594055458 0.805579373277334
0.262455987498649 0.807880043155456
0.270914440630885 0.804086669170067
0.285438916441831 0.797569730500892
0.274546151064762 0.802456579252203
0.285052963954509 0.797743237740677
0.268672858813162 0.805091590219999
0.280064970600986 0.799980941643996
0.305927567292324 0.788373956344677
0.271796248086892 0.803690407034479
0.267203724362774 0.805750301520089
0.3059325928846 0.788371506265151
0.268241306577085 0.805285268084075
0.320915434347224 0.781644761653551
0.264810427756322 0.806824052090898
0.26885554167806 0.805009313187362
0.263085007176977 0.807597926557915
0.275494614969706 0.802031174245572
0.293238186222835 0.794069047962923
0.272856089173167 0.803215558836767
0.265584533402823 0.806476642876771
0.271478485300118 0.803833122461402
0.33334723518969 0.776057661361109
0.297747676317181 0.792045988664835
0.288805333025012 0.796058225332951
0.284410741332768 0.798030672613422
0.292705475688869 0.794308639925985
0.289140657330911 0.795909127566392
0.289732605393336 0.795644035640995
0.273839198998781 0.802774215885607
0.301570508323822 0.790328784526677
0.27129810514717 0.803914146268
0.297692422805711 0.792071668774252
0.348420506570953 0.769284122168126
0.269333545506241 0.804795591691308
0.292475086689909 0.794411477360892
0.326758072772809 0.779019542199491
0.308794267348619 0.787085946889493
0.275302486282161 0.80211696213151
0.280083854293151 0.799972485660975
0.288239397017032 0.796312563003969
0.295075241676173 0.793244740904484
0.287111365816412 0.796818121009897
0.262148475007657 0.80801797898779
0.26893231268563 0.804975213397795
0.277088061103239 0.80131627350117
0.303660618240925 0.789392710932051
0.298399159014319 0.79175228952572
0.27674165615991 0.80147169642367
0.381915787190147 0.754215719421317
0.299331844011991 0.791334417005379
0.335346884262089 0.775159113746042
0.280338628965999 0.799857946339796
0.272583819805864 0.803337156092359
0.36698469700698 0.760931534635854
0.264646902967597 0.806897434829296
0.279981600302486 0.800018433422731
0.27183140480737 0.803674583896675
0.311247149234633 0.785986373741532
0.292881653107297 0.794228832025326
0.277332189103224 0.801206828837427
0.267726575658664 0.805516184132304
0.274497759056059 0.802478107422194
0.267291733046383 0.805711373817678
0.267129062210127 0.805784128931639
0.274885443454694 0.802305361120902
0.273682848832334 0.802844001234966
0.271187059903262 0.803964124534684
0.316900286166316 0.783446215913073
0.265963656169411 0.806306653445916
0.280394394992671 0.799833033544817
0.316662967652542 0.783556151066464
0.267720123443726 0.805519134100476
0.280305687649262 0.799872711672944
0.264932900309537 0.806769210066497
0.263698726844059 0.807322615422061
0.280978020811396 0.799571496786553
0.274959076834511 0.802271655605151
0.336913707612327 0.774454233995669
0.323863998067674 0.780318700283303
0.314681225192656 0.78444440131172
0.272807539548009 0.803236899349875
0.314581580945878 0.78448757240907
0.26214606056258 0.808019061643826
0.262221631832213 0.807985167832734
0.283689938327691 0.798355357294828
0.27712852310727 0.80129811537302
0.279172179073695 0.800381463384247
0.276395652512588 0.801626820003038
0.280405831691322 0.799827973798781
0.276915584570337 0.801393832681574
0.268555220977653 0.80514485028973
0.37913736972695 0.755465412727597
0.262516010278659 0.807853121548236
0.309240592997366 0.78688752438815
0.262191965926047 0.807998470861484
0.302439132676001 0.789940917649891
0.280425131837057 0.799819256075003
0.27428928625993 0.802572030713676
0.392715231672624 0.749354994019338
0.271215970691483 0.803950810817044
0.376681063213273 0.756576614341039
0.27048803801302 0.804277938244202
0.271625503102812 0.803767743169466
0.286841909214423 0.796939980933968
0.293304404416647 0.794040093349715
0.385008783578112 0.752822190703742
0.302750410586832 0.789800268653439
0.352951755541693 0.767243681686942
0.342493919160857 0.771947877905165
0.331155887312389 0.777043230908565
0.378219308838178 0.755878771593912
0.304790222703822 0.788884203816315
0.289186213311207 0.795887774050826
0.361358794966879 0.763469535784451
0.306516275802625 0.788110388064116
0.387155044615809 0.751853971989043
0.357752937750635 0.765085495156136
0.382436830657308 0.753979258186408
0.300878958222969 0.790641297395788
0.327161818727146 0.778840311819909
0.294216360934984 0.793631791431523
0.303588257137687 0.789424186760052
0.29742465976574 0.792190680474825
0.286361192380651 0.797155714380781
0.286058917665627 0.797290457863324
0.333797213736004 0.775853843899606
0.301569562951707 0.790330483617219
0.286731251810425 0.796990252859881
0.306516275802625 0.788110388064116
0.32076465616638 0.781710207015824
0.285196053693404 0.797677358218044
0.282227488400151 0.799010252253832
0.282454894323224 0.798908166113546
0.285338889813758 0.79761327529931
0.318749954317717 0.782616272666042
0.306674392560419 0.788037653107832
0.284658249259415 0.797919368633328
0.29026528171721 0.795403481329249
0.294454227334943 0.793522276257769
0.300532949154222 0.790795588094962
0.284203473582992 0.798122976638705
0.29026528171721 0.795403481329249
0.299181790751386 0.791401870634473
0.295334722726508 0.793127134059963
0.288015001935937 0.796413649203434
0.337359992526216 0.774256408150649
0.285779144921869 0.797415701915372
0.298383351006311 0.79175875070617
0.284962100321004 0.797782364922667
0.307616504854091 0.7876159512973
0.283721730872353 0.798339730370296
0.285058786073938 0.797739053237126
0.318447824385198 0.782753606313619
0.280449341862395 0.799807986097269
0.289314833527006 0.795828743702736
0.304822649923493 0.78886902932352
0.317747985022895 0.783065692226726
0.304822649923493 0.78886902932352
0.292908316320296 0.794216943280893
0.38550551784201 0.752598185333962
0.29026528171721 0.795403481329249
0.283261780110934 0.798546014278873
0.281390300075036 0.799385509229958
0.309430201045801 0.786800023808201
0.288751924683569 0.796082717244745
0.283842773234617 0.798284549962091
0.294938052124097 0.793306775232235
0.333696709878181 0.775904467579757
0.283979671941316 0.798224812162434
0.344496690854598 0.77105137923315
0.273536645878752 0.802910168370347
0.289380932219579 0.795800458019274
0.282205209642228 0.799020236182996
0.293660947743294 0.793879533094084
0.319374789646969 0.782334908542775
0.289477492783041 0.795757143370263
0.298235135688456 0.79182694576528
0.286813789142341 0.796952605886775
0.344043081866626 0.771252352142414
0.295300716611025 0.793143563059674
0.288784770300957 0.796066838588158
0.284097339149156 0.798171632312624
0.282905168464765 0.798706176515958
0.286304749630452 0.797180790052267
0.296446462622731 0.792630283962076
0.354797720498937 0.766418514508282
0.282398298227509 0.798933626916399
0.344964088356521 0.770841144998403
0.31819431228422 0.782865240534259
0.282398298227509 0.798933626916399
0.282378047328759 0.798942651019901
0.293565086051605 0.793921579963493
0.294671925392499 0.793425944776153
0.283209832727978 0.798568695199936
0.357899849826943 0.765025036890096
0.345412824553595 0.770633893409542
0.301110855441609 0.790535599028604
0.304957654040135 0.788808679289277
0.300547573501066 0.790788268592984
0.303779913747879 0.789336883371961
0.285988210276402 0.797321936761963
0.282957119502469 0.798682465305534
0.276075599006399 0.801770471375518
0.290375951364451 0.795354500316201
0.315381480950684 0.784126590815962
0.28194258086307 0.799137405051246
0.313092089624977 0.785153690052623
0.282378047328759 0.798942651019901
0.307241825502144 0.787782559617656
0.287696907711255 0.796555725077272
0.311809765299921 0.785734588939431
0.299883326747832 0.791085243331629
0.290496472510895 0.795300365349285
0.316050906415819 0.783828818433688
0.324276751789255 0.780133313496326
0.337495673704779 0.774192112934365
0.300164806927064 0.790959555286423
0.286425891993523 0.797127342363395
0.311979454384203 0.785656585567374
0.285117759893068 0.797712486857767
0.326024750489743 0.77934843268934
0.282556816010667 0.798862493773473
0.287906387722484 0.796461065315434
0.279599147352194 0.800189110926346
0.292325145603363 0.794478064619575
0.282466548614894 0.798902908584162
0.294245693870528 0.793617194196552
0.295437538296766 0.793083367891905
0.303739151107658 0.789356351579177
0.298088223243428 0.791892365513024
0.273418303671741 0.802962712912727
0.288481547587851 0.7962038919018
0.326946839307092 0.778933720562682
0.340703526256424 0.772753229641483
0.317121890824802 0.783348510149451
0.273847108212407 0.802770543860037
0.334342574693303 0.775608297569318
0.306531379015518 0.788102403275865
0.326917644586363 0.778947002206314
0.321280633739462 0.781480890670799
0.286649864649238 0.797025557373105
0.296629333088353 0.792547301641975
0.307206718594767 0.787799805260735
0.362453689155878 0.762973614821614
0.280841940492633 0.799631391168109
0.304340535429403 0.789085764875533
0.283668406278618 0.798364277592256
0.319296609868579 0.782370404801511
0.314791152896315 0.784393386808346
0.291741907789826 0.794740829736859
0.28402499972155 0.79820280550524
0.294434942727692 0.793530987320099
0.314520174673403 0.784515676663456
0.299377909038795 0.791313612380572
0.290009824860218 0.795518387922387
0.283104766797439 0.798615822455297
0.339359476052519 0.773358826371493
0.285560991640656 0.79751357646322
0.31539702126761 0.784124088013287
0.333658059217298 0.775916658724084
0.335901712068877 0.774910029207395
0.297085717131755 0.792341940063733
0.302916990153227 0.789724554469344
0.359852482616761 0.764139591472287
0.277052817511544 0.801333646303385
0.295747373012778 0.792943517894373
0.286356394251571 0.797156751460573
0.283314731491811 0.798521642149974
0.299011833581626 0.791477672978607
0.3721315541594 0.758619007119434
0.317357489570628 0.783241224581773
0.292410272137929 0.794440679681275
0.286319834408759 0.797173605228544
0.288970238670504 0.795983887710451
0.288291394621522 0.796289056440993
0.322787981764828 0.780802332011753
0.302212385722906 0.790040944789276
0.306501689738293 0.788114156254734
0.299021696816433 0.79147167113585
0.298423072779414 0.791742202744261
0.288040463103831 0.796400621209567
0.311532186999198 0.78585774336696
0.291904821196238 0.794667546184474
0.28185603360424 0.799176455018764
0.301128599476771 0.790526827857248
0.287837877270135 0.796492261633446
0.283992652256085 0.798218455299462
0.299143247541978 0.791418578330161
0.289387398711328 0.795796146915988
0.312079651623909 0.785611148839941
0.291759371864481 0.794731868997948
0.285794506641768 0.797408917266108
0.271369540128154 0.803882198410084
0.286356394251571 0.797156751460573
0.300072011089174 0.791000085219635
0.290579725851623 0.795261867408082
0.289805312351717 0.795609100659767
0.300233298422033 0.790929869373372
0.286047445214276 0.797295332829674
0.332096855847923 0.776620578796765
0.290939539512464 0.795101105409111
0.353107436290269 0.767177408598097
0.297512089137787 0.792150373666857
0.337014159334603 0.774409832547748
0.282505633907307 0.798885498034417
0.300233298422033 0.790929869373372
0.371935121895205 0.758712977221355
0.301449796495075 0.790382451143443
0.282511307992752 0.798882851754655
0.35631695673378 0.765740057514703
0.294212462868387 0.793632236639476
0.381197159850744 0.754541076220192
0.299747702989718 0.791146718413666
0.31798960360359 0.782957724430172
0.284184989413966 0.798132142077432
0.286948473039401 0.79689078932726
0.298679849210665 0.791626707385092
0.289250153885955 0.795859258312795
0.286356394251571 0.797156751460573
0.293586148964344 0.793912853042901
0.271296794500508 0.803914837545957
0.281593217793645 0.799294410203278
0.276786577264126 0.801451665732555
0.285293218151464 0.797633899014442
0.387382401528532 0.751749948045751
0.344772380625531 0.770923976251715
0.362219656667685 0.763081877711242
0.363842810085422 0.762345225021544
0.271277577698117 0.80392344872034
0.309905082723954 0.786587914079445
0.306846187449218 0.787958392669656
0.278903119188589 0.800501851062815
0.284756229256198 0.797875138729884
0.297808703298571 0.792017768942065
0.359705410048149 0.764207202304518
0.292749960642162 0.794287702966098
0.344253944745397 0.77115551397093
0.345653120604254 0.77052960126982
0.273218011345501 0.803052819806561
0.327428283124682 0.778716017307718
0.306841598643928 0.787962152331866
0.29773413031909 0.792050416000792
0.337187792528469 0.774333056097614
0.337350072845054 0.774260150761093
0.285210094347279 0.797671199080199
0.333201228425797 0.776124088193528
0.282023148449183 0.799101898676948
0.334440813294202 0.775568709501641
0.314642022714012 0.784459149064385
0.290058192179096 0.795495882773744
0.285539079900168 0.797524335319772
0.296295085744192 0.792696438539236
0.28141194341464 0.799376017701529
0.301618848679445 0.790306846899875
0.378423101640464 0.755784533503643
0.285170455521301 0.797688937289214
0.291143933081852 0.795008365352307
0.283603488438961 0.798391962118735
0.341172572804285 0.772541321174776
0.282239797084204 0.799004746734342
0.34155327417787 0.772373487507544
0.337515343617141 0.774185811235123
0.276017323971697 0.801796514210648
0.333924688177077 0.775798761994143
0.320670676649782 0.78175574150214
0.353479756713621 0.767004102989058
0.317731293427998 0.783072583751833
0.292591702615136 0.794359656853952
0.287392371381001 0.796692490942239
0.282914080820696 0.798702116354894
0.335960803427081 0.774882847815529
0.359211758062617 0.76442658060941
0.288713133268034 0.796099217526097
0.297572869282751 0.792124202915056
0.29899598229674 0.791483983281512
0.28252783138344 0.798875515962478
0.273262028839394 0.80303345853918
0.277416024126623 0.801169065839055
0.396181682303762 0.747785560965375
0.374798376036717 0.75741996449124
0.31750541279178 0.78317194923089
0.324703625137021 0.779939431462585
0.375809181822138 0.756966927634608
0.285566304769022 0.797512590647588
0.340887581521107 0.772669347857879
0.369783556357899 0.759677695173813
0.323083222371611 0.780671969598721
0.287867136544289 0.796478838412234
0.296869947612352 0.792438363874911
0.298636712940819 0.791646072082436
0.29082731771954 0.795150464859355
0.317984002212906 0.782958858216143
0.303102784673188 0.789640971680299
0.323221616168174 0.780608928307278
0.341172572804285 0.772541321174776
0.305610762387181 0.788516855309062
0.303817371817047 0.789321920577528
0.355006325361922 0.76632206324268
0.30587800677801 0.788395925269808
0.299641674110735 0.791194020782094
0.301508844848592 0.790355830165579
0.282511307992752 0.798882851754655
0.292349946032427 0.794466723630158
0.356801043628456 0.7655132019562
0.302551361487641 0.789889286213881
0.340332864731282 0.772920460783979
0.271143542801893 0.80398359572714
0.300861586897873 0.790646707390951
0.364310657044073 0.762135286641764
0.379072445002207 0.755494829718724
0.32274944579601 0.780818008425226
0.364310657044073 0.762135286641764
0.366003575277815 0.761374065294743
0.282251464649765 0.799000687043477
0.301728732423836 0.790259351496294
0.350067848583075 0.7685431447142
0.368403726970542 0.760296524301245
0.299069670688948 0.791452838304105
0.28890701343272 0.796013218657251
0.344026745526877 0.771259873431875
0.354639934401526 0.766484906440369
0.29159466173624 0.794806011709077
0.352848942150323 0.767291327440995
0.264747141962559 0.806852632215696
0.28785764392938 0.796485860014894
0.280642075779194 0.799722516377094
0.272679804260502 0.803294904151982
0.27992507089314 0.800044073206509
0.370705812448407 0.759260811376805
0.37867963590424 0.755671692064216
0.331079966307434 0.777079959623689
0.350052867645485 0.768548952035959
0.26796887466663 0.80540749814144
0.300298337701782 0.790901335082682
0.270112685404548 0.804445677327041
0.308197015663776 0.787355205412938
0.300249641965967 0.790922565097612
0.309376980824481 0.7868256030237
0.262271961375804 0.807962673872616
0.396059617170846 0.747843384655223
0.266969817790695 0.80585570505492
0.29188715310468 0.79467734848354
0.262281977296402 0.807958182607049
0.265489044360071 0.806519883008522
0.269650976552073 0.804653313453063
0.278891801300032 0.800507534863665
0.265489044360071 0.806519883008522
0.28768959247871 0.796560402275693
0.271837829232907 0.803672258698609
0.26289253361367 0.807684349568147
0.262271961375804 0.807962673872616
0.266149509068244 0.80622366738427
0.263625296616704 0.807355754816068
0.278091379564006 0.800867478504213
0.263900620953747 0.807232256671438
0.266101963202987 0.806244929088713
0.280346019971314 0.799854620642254
0.262175294587745 0.808006032305949
0.29477938944203 0.793378016627082
0.263668314648896 0.807336489655393
0.268073725105387 0.805360371778285
0.266196130663533 0.806202751042088
0.265089650525211 0.806699000080139
0.266132484177082 0.806231310789223
0.262177054387161 0.808005242661737
0.290988538081456 0.795079520876936
0.262427481486692 0.807892923041778
0.265271406260947 0.806617513642412
0.262489969592719 0.807864895162221
0.268441599247522 0.805195690264283
0.269260015604619 0.80482862421114
0.26625684972411 0.80617562734065
0.290465450436454 0.795313924416302
0.280127306950933 0.799952644316039
0.267997724613658 0.805394871641793
0.341916006658978 0.772209765345427
0.291120506357215 0.795020333367754
0.278636880703324 0.800621350146995
0.312137318914082 0.785587214101417
0.266679977081103 0.805985847328162
0.266774828375965 0.805943275589615
0.273390124783511 0.802976497218163
0.262027188638759 0.808072452259062
0.272196220356061 0.803511858049612
0.267794004316484 0.805486102393632
0.281947211652032 0.799136499566084
0.266225741242105 0.806189440609712
0.294434301544259 0.79353371736441
0.266132484177082 0.806231310789223
0.268768584383334 0.805049188885505
0.286134000553029 0.797259062821674
0.263325353242803 0.807490248156892
0.267919972572504 0.805429684862212
0.27915877370167 0.800387688066998
0.270804703945304 0.804135792460611
0.281062702738318 0.799533852983251
0.266132484177082 0.806231310789223
0.396838619252344 0.747489475359625
0.283286765746936 0.79853603947293
0.271796127625939 0.80369066105716
0.324895782573067 0.779856612816639
0.267974492735241 0.805405027461329
0.26443739837751 0.80699153110887
0.868575663058018 0.266963568226995
0.911035280243503 0.198668780066013
0.911035280243503 0.198668780066013
0.872276582538649 0.261006127141064
0.875196271631049 0.256314862006628
0.908792108532088 0.202280984012057
0.911035280243503 0.198668780066013
0.91106813969131 0.198615861875118
0.911035280243503 0.198668780066013
0.911629680207903 0.197711525078577
0.904930214261103 0.208494455121674
0.878514276972865 0.250981593978503
0.867788023828164 0.268219658589806
0.229458651623955 0.856314269683731
0.228133717097503 0.856994804811978
0.911650000771385 0.1976783294253
0.192211240359316 0.875457624420173
0.228136096487053 0.856993669360878
0.182670495131873 0.880357905332841
0.169129891741307 0.887309587700345
0.228133486128343 0.856994937234972
0.234069306313359 0.853948920625009
0.169161319644748 0.887293435699565
0.169121291630673 0.887314009121167
0.179645264559199 0.881910346823892
0.169106277521258 0.887321718309395
0.186415800084242 0.878432975534636
0.248834932981262 0.846346595989848
0.183098065458001 0.880138084707089
0.169106277521258 0.887321718309395
0.178649593625928 0.882421179546117
0.161387860782354 0.891284853240775
0.161415527959891 0.891270646360354
0.169106277521258 0.887321718309395
0.162146174800023 0.890895464605887
0.249037560687047 0.846242366196136
0.227456023305004 0.857343309580057
0.186660473831791 0.878303016261523
0.173795437576108 0.884914023702487
0.200451004083647 0.871225606902398
0.179645264559199 0.881910346823892
0.243077506591392 0.849309625017501
0.307496646991122 0.787668717255672
0.349886139948101 0.768626123038887
0.33906079107911 0.773488809078266
0.36072654111496 0.763748404032605
0.355159061220789 0.766257350856448
0.301890238974021 0.790187183927698
0.316217643409249 0.783753425116031
0.315819774280828 0.783932327490286
0.322526016619528 0.780919462147081
0.330353974198743 0.777405148771517
0.305412533974533 0.788605245428939
0.329402238286109 0.777830373569927
0.329447586137873 0.777809659997625
0.347506599910235 0.769695004623692
0.319738709186331 0.782172300554769
0.309529331133643 0.786756588170333
0.389399034982594 0.750837198393848
0.395170689001959 0.748241291687645
0.267643353052445 0.805553864432877
0.392900800449772 0.74926399664024
0.31242427558982 0.785459735934472
0.267707704219514 0.805524971651392
0.270040589798465 0.804478871331854
0.34338062777311 0.771548355735156
0.26483343699639 0.806813817215016
0.273870718458689 0.802760035068664
0.267283545150429 0.805715273891692
0.37556272178049 0.757073661389963
0.264914938674406 0.806777259220709
0.363414310726545 0.762542508851758
0.336478550859361 0.774653622122378
0.289476795288861 0.795758180381693
0.265375255436695 0.806571002254881
0.283599158132979 0.798394668727753
0.267713105796913 0.805522580988964
0.26722794829637 0.805740150676243
0.284563618935846 0.79796299565978
0.36201915077186 0.763167268414901
0.393010420897914 0.749219317714843
0.272916101414019 0.803187758386402
0.347993070005262 0.769474672957995
0.359009603081249 0.764525124440064
0.283718679214489 0.798341787991342
0.37473776700931 0.757443320500228
0.28539602235396 0.797587918583377
0.289718647834158 0.795649258240156
0.270693931121977 0.804184892496239
0.26385047672825 0.807254645991192
0.292839511824385 0.794248684497781
0.28177168641441 0.799215232177764
0.264398215258671 0.807008846020552
0.274467143398693 0.80249195891921
0.267081073005661 0.805806000221215
0.267713105796913 0.805522580988964
0.271838006135248 0.80367185747618
0.302304329191743 0.790000622080837
0.269324404806793 0.804799369845374
0.294385949258321 0.793554456446716
0.287425346346707 0.796676855138352
0.29618285897821 0.792748062994536
0.265831656337659 0.806365989398675
0.306719197262905 0.788016507792746
0.301868087473782 0.790196109922512
0.267713105796913 0.805522580988964
0.272151355919266 0.803531226284671
0.28505305209941 0.797742118095386
0.288729660896262 0.796092948347136
0.304171556908679 0.789162716704055
0.274878990574746 0.802307081533716
0.263990232322033 0.807191968505261
0.284830882703659 0.797842234684793
0.273348123040748 0.80299388970367
0.366442669982761 0.76117865959137
0.263943551431436 0.807212903966499
0.271165619298243 0.803973623331333
0.269691323181612 0.804634460139502
0.289744324223435 0.79563907713434
0.360607659025255 0.763804784645633
0.390719925428406 0.750245451432015
0.384357260222104 0.7531152981402
0.294483625147676 0.793509414995017
0.276501206036876 0.801579729879547
0.297509489424036 0.79215257771854
0.283666647465193 0.798364832457321
0.304081494987522 0.789202246742354
0.323747200916367 0.780372123939199
0.263162020588451 0.807563453560264
0.283022376769604 0.798653671613621
0.3069779194774 0.787899514361566
0.294710696057789 0.793409224116715
0.263849162262608 0.807255232943017
0.273306185698426 0.803013035223228
0.376732837032073 0.7565464266272
0.353624147339764 0.766942454387714
0.263699360514489 0.807322415496897
0.270425992080628 0.804305650620702
0.329095789192687 0.777969322757183
0.273561144669849 0.802898207746147
0.270037279761673 0.804479575390428
0.278282741028499 0.800780551340701
0.270957859323743 0.804066816646261
0.275815373798553 0.801886977754443
0.275660397799374 0.801956917130965
0.289761540927665 0.79562997084243
0.280309564479826 0.799871927227191
0.34768787328134 0.769615729935709
0.268798204626201 0.80503521455045
0.273390985506498 0.802975614335239
0.355004242067166 0.766323643764932
0.333328802737114 0.77606463666086
0.360869049360306 0.763686160734204
0.279819856899442 0.800091897454525
0.35000863286392 0.768574870196676
0.276588479095779 0.80154045505815
0.294957665636059 0.793298876380222
0.356865459901837 0.765487647068662
0.279639051096146 0.800171575383659
0.339726848314811 0.773189798533033
0.333367302145275 0.776046430156401
0.273377186112099 0.802981466909011
0.33894446318113 0.773542313835824
0.263755069148635 0.807297426757128
0.350761520199375 0.768230365771626
0.342058383979638 0.772141151528897
0.346563221545096 0.770118489620234
0.272857941222977 0.80321530362839
0.349156572746219 0.76895125063119
0.287800053267184 0.796511712233585
0.342633730665955 0.771883362753727
0.345396758029304 0.770639016147536
0.343090114633384 0.771679525556578
0.286178751795751 0.797237294544366
0.33279699366655 0.776302541185967
0.341925394755488 0.772199859423346
0.275738122727617 0.801922488240847
0.374119355729922 0.757724504011048
0.324903941613229 0.779852478314636
0.374423197630333 0.757587606398901
0.351191523544743 0.768037506742447
0.374204716928966 0.757686103289796
0.366016877898155 0.761365018024616
0.330273381180148 0.777442548995976
0.326061855863676 0.779330955556938
0.374829990239042 0.757404953114386
0.373271706631765 0.758104098437043
0.336326433913879 0.774719541426538
0.361203300755523 0.763537073845235
0.345546991124695 0.7705715607292
0.335181684670534 0.775232598087911
0.3743706973753 0.757611195767604
0.329685625816559 0.77770423590553
0.307682880297954 0.787585645623905
0.360801103121252 0.763714211738317
0.359912925252374 0.764119068218664
0.353743744175441 0.766889219862551
0.372678613335901 0.758372438525887
0.391284002100119 0.749992208740747
0.342274635052516 0.772048383043921
0.316357712801802 0.78369055330374
0.301650115205703 0.790292858822644
0.278454299497486 0.800703912017065
0.283979713331005 0.798223700269889
0.267411558036361 0.805657676726061
0.310182587617561 0.786460687424043
0.267411558036361 0.805657676726061
0.315989219989968 0.783855956928275
0.268592211945787 0.805128138803944
0.28729006189975 0.796739282667749
0.266540523546077 0.806048241437385
0.268124218323192 0.805337978690445
0.376595896330089 0.756608020637895
0.291172416229543 0.794997730507411
0.311090464494404 0.786054152260427
0.336377473363667 0.774698100749321
0.308954319829178 0.787012323971351
0.35835787987891 0.764812669854882
0.311626486126025 0.785817015521451
0.271192661980286 0.803961201123177
0.270312481637769 0.804356292144023
0.313707551590194 0.784879764276946
0.311834761468027 0.785722979276732
0.359835199093119 0.764147989885675
0.342090104285997 0.772132099637875
0.266943032368721 0.805867736306823
0.39542997875704 0.748129267755049
0.293888537618855 0.793777858807736
0.372148046249283 0.758612571870009
0.301442585709073 0.790386220885281
0.283675200992538 0.798360892228439
0.385861638558084 0.752435472529908
0.280223601060769 0.799909846047471
0.329501769300601 0.777788521283772
0.279774254992678 0.800112472651472
0.26677050808129 0.805945052284336
0.269602113142562 0.804675033527058
0.276894005448147 0.801403468253042
0.276388647505369 0.801630325832236
0.266310784800582 0.806151290568666
0.27402419509342 0.802691623864749
0.330087046368509 0.777525104308836
0.314667006634472 0.784449168555446
0.267260243369408 0.805725547626272
0.264144115834564 0.807123104139926
0.264023449892181 0.807177246977098
0.28755730643259 0.796619843292865
0.279631977731494 0.800175529385149
0.264086927754321 0.80714875309205
0.327160179782298 0.778840790189518
0.278273085761658 0.800784829367344
0.324862349739271 0.779866931037497
0.311974990507439 0.785657906158671
0.390291549534602 0.750440152608527
0.292724183625342 0.794300780596441
0.285527517283173 0.797530806273379
0.263159289455133 0.807564800739646
0.274554852491188 0.802453652027343
0.265531354057119 0.806500833477378
0.288516873228527 0.796188838242287
0.27536880353726 0.802087469452051
0.264230086385773 0.807084219407046
0.26705236266985 0.805818795268166
0.263136428970703 0.807575050314068
0.278193718290624 0.800820568605629
0.356915667368776 0.765461146536697
0.279091851510249 0.800417050558691
0.29765009563114 0.792088250739627
0.29081716238768 0.795156363088618
0.292955886856211 0.794197283136447
0.278653946713785 0.8006135224032
0.338818574909035 0.773599688127667
0.26622695677829 0.806188824605267
0.306952586505735 0.787912396007231
0.269560996614331 0.804693779366499
0.270981216416211 0.804056278835884
0.284465150003588 0.798006881738034
0.266581599209699 0.806029898493728
0.304297770731585 0.789104968451541
0.290930720593836 0.795104684053048
0.268961727083824 0.804962304720897
0.301488317217512 0.790367040819503
0.271690879219191 0.80373822501881
0.278017487597095 0.800899005174168
0.298671654629345 0.791630788246824
0.348000091875971 0.769470070959688
0.303299807517836 0.789552199269574
0.265364333477883 0.806575803155184
0.343160056619627 0.771650448433069
0.275407065253252 0.802070302743072
0.295779149007771 0.792929805831158
0.378750784585407 0.755636437936535
0.350421261645908 0.768382516574211
0.263136428970703 0.807575050314068
0.268961727083824 0.804962304720897
0.383120439148344 0.753667273084575
0.391214981676714 0.750032328438441
0.267553406229178 0.805594005973762
0.268551257496034 0.805146408239512
0.355928050445345 0.765908020454942
0.343160056619627 0.771650448433069
0.285645991559036 0.797476632100445
0.318664278043307 0.782653482320226
0.372658940631767 0.758375587768404
0.361700338385425 0.763316631788539
0.369208265850366 0.759933723838256
0.265564039121116 0.806486301654442
0.321915274191417 0.781195798318101
0.361941978746978 0.76320182969757
0.26723924688677 0.805734541291798
0.343047128817809 0.771701290850492
0.265498159689613 0.806515767303489
0.343160056619627 0.771650448433069
0.291147811290702 0.795008239903493
0.316220295595174 0.78375246382587
0.269092143963051 0.804903369706636
0.291300974045259 0.79493959985591
0.265340309560867 0.806586340641143
0.263889948446613 0.807237020498493
0.281496400659039 0.799338590304642
0.273486559026105 0.802931926160651
0.327991117579856 0.778467050107346
0.31820225117649 0.782861909027513
0.279564022633883 0.800204927341885
0.291152561172885 0.79500590572125
0.266189553227527 0.806205674790315
0.346182241016613 0.770295159524849
0.267345660783536 0.805686831273279
0.289639854933851 0.795685032179248
0.343985710844588 0.771278776262162
0.282097247769989 0.799069598855433
0.345158356122034 0.770752744322066
0.283661009989713 0.798367528349412
0.276426560313086 0.801612724572566
0.26917689729687 0.804865347593456
0.26906764397989 0.80491436054663
0.276699807328166 0.801490632999857
0.263656215993856 0.807341850334157
0.348108398383331 0.769424872180343
0.294169504881213 0.793650563472001
0.276526457864448 0.801568017730717
0.269241824287977 0.804836215709087
0.300879121974072 0.790641009798243
0.317905112462924 0.782996064341195
0.334531982902113 0.775526468434527
0.307335655277132 0.787742466947873
0.346913097469964 0.769961753993916
0.270639962722447 0.804209445491538
0.355377296434567 0.766155692352036
0.263136428970703 0.807575050314068
0.307633682247166 0.787609375241891
0.262433038105849 0.807890478840022
0.336880248624956 0.77447312830603
0.315005504833505 0.784298100028403
0.273609931441736 0.802876721192898
0.337219159467043 0.774318651325342
0.346534705694535 0.770133826210196
0.268731558289952 0.805065099688741
0.269177069011249 0.80486525084631
0.262475644302486 0.807871383877352
0.269568681392764 0.804690174239162
0.27048755068633 0.804278183494328
0.273008185904242 0.803147418739047
0.270016050643755 0.804489582810413
0.249749081132097 0.845872426328492
0.2354828698381 0.853216790999991
0.246423459933135 0.847580872971142
0.243860381508005 0.848902020085198
0.240318000750028 0.850728651496933
0.209829987320311 0.866394579866034
0.24275468310953 0.849485493896669
0.22443053255104 0.858898846636242
0.213598495904959 0.864457755891995
0.223227747965506 0.859505885745351
0.253163663748047 0.844125693920881
0.209267852776191 0.866683960230749
0.242427732385138 0.849635366993524
0.25540989512613 0.842975852424554
0.203652150337867 0.869569907329734
0.213626386007309 0.864443423315437
0.230995161254078 0.855523106163232
0.218797599272379 0.861783576348492
0.243486483056486 0.849092385223654
0.213707750090947 0.864401404461226
0.175747077446538 0.883913016389337
0.215396946637402 0.863533084870765
0.209883477919119 0.866367345626243
0.233441982390957 0.85426545655721
0.204870772441463 0.868943794212952
0.2305205992475 0.855770742827936
0.235920339794518 0.852992269235341
0.230580026969487 0.855738778807425
0.223066770370154 0.859592990584093
0.175747077446538 0.883913016389337
0.203755608893025 0.869516746393704
0.234213520076812 0.853859812894248
0.217233557045266 0.862589869775822
0.203652150337867 0.869569907329734
0.203652150337867 0.869569907329734
0.224245845119843 0.858992792202413
0.231676087764375 0.855175335706401
0.228861266431282 0.856615396765629
0.214330208612776 0.864081727902545
0.181987601798053 0.880708819516385
0.176329434082577 0.883613941780903
0.253551134391815 0.843919956436452
0.217816694177091 0.862297113217356
0.171898118271901 0.885888928518635
0.236147342183899 0.852885210568481
0.203909187216319 0.869438261113534
0.877659649346436 0.25235709251682
0.242293255630767 0.849704978987435
0.168800842548663 0.887479566041036
0.234452987981114 0.853743474904305
0.207292984553173 0.867702569694212
0.867809346031097 0.268189148815019
0.228277311243104 0.856914956585402
0.212673816773102 0.86493602151464
0.191590915639389 0.875775669089551
0.896268225782801 0.222433633448464
0.219801394755852 0.861273696600748
0.874210175873581 0.257900496306951
0.211388895178057 0.865592912325919
0.206735602302865 0.867991071061898
0.19146933794214 0.875838073402754
0.2496473887283 0.845929298047389
0.189857848098885 0.876668128932493
0.256014617316189 0.842656393981541
0.214022781960391 0.864244065256271
0.180100501175604 0.881676591991787
0.873661267360172 0.258800449961926
0.181039324033045 0.881194494927874
0.224159146979592 0.859034003503968
0.907573892656361 0.204242962088429
0.221063277692607 0.860625114029868
0.197637719755969 0.872664331501178
0.171061209741915 0.886318340365443
0.175786423300031 0.883889937110972
0.87192497307718 0.261586093988884
0.171948624960666 0.885863660263836
0.234452987981114 0.853743474904305
0.168926982488493 0.887414811895151
0.330518234905306 0.777330437813405
0.168800842548663 0.887479566041036
0.871072311749049 0.262947286918471
0.212456354898406 0.865043533504082
0.168067662547949 0.887855869150563
0.191683697981582 0.875720245177851
0.175124643857798 0.884231819739089
0.241117436763452 0.850313318008267
0.176412749252135 0.88357119193573
0.904101092755143 0.209830709873223
0.895882209844596 0.22305687155252
0.183983386033751 0.879677080844347
0.336890635855924 0.774468091143803
0.330886356906906 0.777163423450172
0.302564223606801 0.789884925132719
0.30462636798529 0.788956488607562
0.29512397993959 0.793222317120009
0.311687948997213 0.785784922151109
0.351062389396667 0.768096904022949
0.299903406631735 0.791077498925559
0.317583938257013 0.783141873966013
0.35910732934537 0.764475896044456
0.310343474204155 0.786391951514288
0.310007512778777 0.786542427758658
0.374538631409416 0.75753311912545
0.314025997944995 0.784736175158098
0.288203671799595 0.796328366978163
0.353062356367362 0.767199755206978
0.30622236764468 0.788240502846544
0.295457332973592 0.79307276577347
0.384713698693155 0.752956208457176
0.298592244001342 0.791665576053844
0.297653004595205 0.792088185573563
0.310769257111173 0.786200366119888
0.361031072671022 0.763612503534428
0.29064907864144 0.795231018220957
0.289576138238007 0.795712473741746
0.294402939316921 0.793546010280836
0.287608640970424 0.796595592625921
0.324650013181114 0.779963797919408
0.29725550877456 0.792265614577928
0.292927531568924 0.79420856927123
0.288874765519795 0.796027490091935
0.30355171030234 0.789439473668134
0.293842738994252 0.793796965000189
0.355746359014686 0.765989410273918
0.303541524855857 0.789444114647392
0.319763803581301 0.782159387252949
0.306657150713214 0.788045684395195
0.282947949690259 0.798687749000888
0.292927292970905 0.794208676531978
0.339684224513265 0.773209861608484
0.317934809072836 0.782980449071931
0.309978748365497 0.786554521372704
0.340022607228061 0.773057865881844
0.338144403024864 0.773902919685697
0.25095818335618 0.845256701340496
0.299832823735987 0.791109702743252
0.291182090121395 0.794991492061723
0.291688378294349 0.794763991076529
0.312165872518485 0.785572478980694
0.291020542256145 0.795063999732436
0.286318618764715 0.797174317246124
0.278608916534004 0.800634749950604
0.314624400920371 0.784467736989267
0.23685954638393 0.852502973916341
0.300143446948166 0.790968321790547
0.303620143567006 0.789408621334093
0.369893846761384 0.759623047309914
0.303541524855857 0.789444114647392
0.313536066668204 0.784956624617679
0.302966479235992 0.789702830989245
0.274378994719288 0.802532105412546
0.293735418086343 0.793846219929856
0.29051384378732 0.795291510795709
0.288739421560416 0.796088146423725
0.25155501105433 0.844948706562898
0.25095818335618 0.845256701340496
0.312328331777929 0.785500410973079
0.329228504312577 0.777907524506252
0.375851331270992 0.756942143710574
0.295457332973592 0.79307276577347
0.303723273788482 0.789361679616863
0.363634848868616 0.762441112482202
0.274325526127918 0.802555798890574
0.3773588533986 0.756265954047945
0.340974558043146 0.77263387509425
0.291727021027465 0.79474803432413
0.295341414239351 0.793125138068412
0.295781689746042 0.792927049072685
0.290441857779185 0.795323458753203
0.276074027756646 0.801771155027868
0.278328245014135 0.800760216882132
0.272504114235577 0.803373725238829
0.31227367619252 0.785523902110346
0.352784627751339 0.767322273339045
0.28947462418874 0.795758485130616
0.272504114235577 0.803373725238829
0.304530936231929 0.789001160642182
0.237651023990071 0.852096089166836
0.311165287292114 0.786022509699618
0.320326595975318 0.781907535174087
0.293942073374509 0.793754022284136
0.313425131757864 0.785006632954697
0.322527483525274 0.780916971004205
0.280430186948553 0.799816540721314
0.202722170952754 0.870054922342904
0.343319994530467 0.771576543733327
0.371598144169222 0.758863296036393
0.359729847126495 0.764203978143494
0.350325757373816 0.768430174965816
0.273896493685991 0.802748964424785
0.346176842445503 0.77029522033883
0.31644373006915 0.783650361358193
0.301362758610244 0.790422216413044
0.322721716735252 0.78083133127586
0.309081974744579 0.786957408978861
0.321644577429083 0.781315222107845
0.26501428303767 0.806732743075087
0.322721716735252 0.78083133127586
0.274118866272668 0.802649258856029
0.25095818335618 0.845256701340496
0.231307610585803 0.855357210219166
0.279721238781997 0.800135254376472
0.341758270712982 0.772280680862586
0.275729868634466 0.80192614959472
0.309075299885203 0.786960300586633
0.246126329868915 0.847739010398591
0.310908760771095 0.786137633493114
0.222464290555286 0.859909010996624
0.238918173249139 0.851449970780623
0.312306568839256 0.785508338551823
0.242830297524019 0.849432280138303
0.296430994873931 0.792635479224956
0.247895485975081 0.846824482499225
0.354907443126501 0.766368121263462
0.20889253072996 0.866888695285417
0.305236723139562 0.788682079247862
0.272060636726043 0.803572514916726
0.265472148038687 0.806527342075467
0.30992834421924 0.786576975128698
0.322721716735252 0.78083133127586
0.251660970697294 0.844895638555805
0.268130320657607 0.805335071122655
0.268901070291474 0.804989046154588
0.28643728691384 0.797120877521707
0.344157994800198 0.771200318502287
0.289797544546603 0.795613622879663
0.389662866825473 0.750730042526053
0.299573874473981 0.791225895708211
0.391385068517485 0.74995035581462
0.331041851630388 0.777093773855863
0.331332809981289 0.776962866848568
0.324409724583929 0.780074234219412
0.328617698146868 0.778183113224639
0.27241296945281 0.803413477694081
0.291201770066877 0.794983708513743
0.273641720236499 0.802862269452313
0.2691374355896 0.80488283361006
0.289859636066459 0.795585276275431
0.31586704088666 0.783910660716521
0.273698594027462 0.802836849850154
0.351026125146479 0.768113134863525
0.270721639867287 0.804172399909633
0.274630662334439 0.802418733095445
0.309282025125971 0.786867656466656
0.397054145272035 0.747400418790071
0.310076177606816 0.78651067219277
0.304041027820363 0.789220514027884
0.273749709103684 0.802813914430023
0.287920282017988 0.796456010396602
0.304245314902043 0.789128820438863
0.272869459694068 0.803208453714382
0.334970455870823 0.775329359210417
0.291555164498276 0.794824737698994
0.304245314902043 0.789128820438863
0.305437799753152 0.788592233635594
0.297311434168375 0.792241820258314
0.308066543117598 0.787412596967506
0.304637425605539 0.788951055280874
0.303709161611345 0.789369548399905
0.266571686898137 0.806033763549569
0.2691374355896 0.80488283361006
0.266654376271565 0.805996669779174
0.273519523911482 0.802917202700865
0.262103056873659 0.808038358552612
0.272139432943913 0.80353607093074
0.269321201185081 0.80480040121424
0.349524001198824 0.768787212576702
0.270792159634757 0.80414049061931
0.267143103871111 0.805777519519439
0.262381564699673 0.807913436223223
0.266571684052237 0.80603376465731
0.313636605368346 0.784911200549306
0.316202166059122 0.783760495324412
0.26733675953319 0.805690621047572
0.273519523911482 0.802917202700865
0.273938522266655 0.802728928338787
0.269727088587378 0.804618626566285
0.382303590900567 0.754038613879309
0.272183859826983 0.803516171882734
0.273583843544024 0.802888271412662
0.301203828558372 0.790493442149184
0.262103056873659 0.808038358552612
0.273380423974111 0.80297966146241
0.270792631915687 0.804140476867106
0.265847264564276 0.806359095779353
0.328842396559881 0.778081428421965
0.313798954183698 0.784839072440131
0.267217638936188 0.80574412367228
0.290178368499603 0.79544331840334
0.265849821294136 0.806357949055871
0.29807121169339 0.791899445751407
0.304587334625405 0.788973617642255
0.273435963230802 0.80295477047609
0.287876494766374 0.796475544273335
0.317091066213693 0.783359667619882
0.301252299070609 0.7904718643766
0.305476731289213 0.788575554653348
0.304987369636494 0.7887939155215
0.288950073663224 0.795993149932409
0.280940745818704 0.79958748043908
0.278685632167734 0.800600230111761
0.314830006980672 0.784375408787898
0.283648207053381 0.798372568252564
0.272285964721687 0.803470473376478
0.321828685363028 0.781232973798681
0.295151273295923 0.793211908770892
0.319224064711551 0.782402716045033
0.314445994821866 0.784548066628662
0.288587588110702 0.79615735244217
0.266259129255203 0.806174151598178
0.283255133749982 0.798548657893634
0.284147264171298 0.798148976605078
0.277995880567509 0.800908836984678
0.277968784124945 0.800921135966248
0.284706102076731 0.797898002576912
0.29810051761379 0.791885427612471
0.272590085607897 0.803334005263395
0.311741081485158 0.785763106984719
0.265476413933072 0.806525435880497
0.262208763162305 0.807990952833552
0.283332443049262 0.798513877773282
0.277807888224191 0.800993319752149
0.304934323727024 0.788817728808871
0.26628182508748 0.806163836459611
0.269722551659464 0.804620661427256
0.299156065114114 0.791413131640189
0.31859902431011 0.782683555528698
0.302347952690568 0.789979158430762
0.297943928266748 0.791959456155928
0.30998864443513 0.786550992109861
0.265244383641584 0.806629342379834
0.262103056873659 0.808038358552612
0.305422621870863 0.788600468733869
0.269272517231487 0.804822215364944
0.279005896637381 0.800457397617569
0.270827369145709 0.804124866021797
0.270372860938493 0.804329464376931
0.286491839918578 0.797097284684976
0.272334110084926 0.803448704930317
0.306612302078221 0.78806642576132
0.284456917382316 0.798009943819035
0.265927408362926 0.806323148269928
0.260695526879735 0.808669737107273
0.267733672060819 0.805512903814159
0.272028205936822 0.803586406052716
0.276889258155297 0.801405286475449
0.273473198529517 0.802938036531897
0.288019975175619 0.796411118372813
0.304869798535595 0.788847670099293
0.269273247226558 0.804821887906986
0.265277398967189 0.806614667320147
0.270060700992742 0.804468812907673
0.318720772680944 0.78263036396786
0.274385830078007 0.802528754784898
0.269612527287679 0.804670253963219
0.294338372197544 0.793575433439253
0.291644303809112 0.794784446357357
0.271504326033661 0.803821133422092
0.294284938891214 0.793599454243787
0.277807888224191 0.800993319752149
0.277045803734015 0.801335300530524
0.273182645197288 0.803068295009021
0.274277713824448 0.80257709865916
0.26406706503662 0.807157557379766
0.27495387580395 0.802274007787578
0.295500858208919 0.79305395465188
0.371003836257817 0.759130131467077
0.266229783466461 0.806187354718275
0.275430302926815 0.802060330821559
0.277807888224191 0.800993319752149
0.303847373152089 0.789308588205966
0.374434596981098 0.757582053794317
0.335372189752555 0.775151810979889
0.299249318057189 0.79137093312721
0.349098374146215 0.768975239784012
0.267906904848875 0.805435175159683
0.282764065497871 0.798769584356401
0.292112647514298 0.794574010101454
0.294399973828229 0.793548316673666
0.32669169176521 0.779048788062224
0.359252543750186 0.764412368291635
0.387582400025182 0.751666804469597
0.283518740419209 0.798430357282398
0.261004490218899 0.808531172250156
0.260687396309008 0.808673383457236
0.280588336386218 0.799745818324769
0.375673027443989 0.757021227244737
0.358692900480159 0.76466851320971
0.269840071461636 0.804567854717776
0.371799987591336 0.758770039046805
0.276103824530975 0.801758466289445
0.269432527521244 0.804750432762351
0.278091940451558 0.800866005797579
0.26488111114759 0.806792494089184
0.286758607128012 0.796977634013881
0.278091940451558 0.800866005797579
0.270272026697978 0.804374354384432
0.267863120683672 0.805454461238092
0.391372826799314 0.749954954898602
0.299830130546392 0.791110991405055
0.27793957341641 0.800934263865455
0.27046974130773 0.804285337767833
0.278095038058572 0.800864457173878
0.358629302890815 0.764692912205173
0.276064074206703 0.801775794043148
0.294399973828229 0.793548316673666
0.308582427815213 0.787181720601254
0.301716940880061 0.790262758651431
0.299437674001985 0.791287175426087
0.294409918414412 0.793543413054456
0.307764297266244 0.787547644729574
0.305491485682524 0.788570749821571
0.317090682599529 0.783361292350243
0.303145997397674 0.789621550330409
0.274666030347768 0.802402521433388
0.29101290382259 0.795067687121261
0.283101511568082 0.798617916052576
0.273234942639505 0.803045535655113
0.283156733452283 0.798593242257592
0.267446746873486 0.80564134168959
0.281528480252328 0.799324047841687
0.27352255872594 0.802915755069747
0.268483424820364 0.805176282862619
0.291645797522413 0.794783455078303
0.270446019909953 0.804296324098207
0.276574811031407 0.801546148211783
0.271648686569956 0.803757221740207
0.289228023283376 0.795868384834432
0.283478777691753 0.798449762942128
0.309626262027093 0.786714643656761
0.297446977404331 0.792180952696897
0.263115292898938 0.807584362945771
0.264944282477939 0.806764157632897
0.271726203974844 0.803721650150507
0.359454713579477 0.764317562079523
0.294410000716915 0.793543376053359
0.389554604410387 0.75077439008042
0.313918497125879 0.784785076908657
0.288872385530051 0.79602921985982
0.294898111975521 0.793324050191164
0.299468869919598 0.791270653254082
0.270481832797076 0.80427987036368
0.270116900758224 0.804443389683939
0.26907588961694 0.804910922533886
0.275835204509095 0.801877833392682
0.268688364876398 0.805084127328758
0.272994744021437 0.803152715116566
0.31339607543261 0.785020391099736
0.264862482031475 0.806800803927269
0.278360828945402 0.800745901766746
0.26488862452747 0.806789075433265
0.270111440859738 0.80444683891453
0.280372882404545 0.7998425966749
0.270481832797076 0.80427987036368
0.290294246789608 0.7953912682032
0.294269565445611 0.793606219536136
0.264735273763432 0.806857857479178
0.27985560844503 0.800074535899188
0.271182264537513 0.803966129203964
0.272035961059918 0.803582825437637
0.268492932879478 0.805172122314765
0.270481832797076 0.80427987036368
0.273124059178909 0.803094703312496
0.28207833497343 0.799077342939217
0.280329579359384 0.799863198786745
0.263300840792654 0.807501083220579
0.320875476618394 0.781660800588125
0.264633547379699 0.806903481040305
0.29610239668578 0.792784386313229
0.287710290171808 0.796550696753569
0.282094881176377 0.799069616018183
0.311219548406951 0.785998330798703
0.262140536618358 0.808021547911786
0.266693210062461 0.805979315170655
0.260537850555367 0.808740456271517
0.31053864918631 0.786303354046782
0.299228248901545 0.791380888515316
0.270754288644047 0.804157651206445
0.25945265355365 0.809227216208008
0.273559913544499 0.802899451239745
0.275421806362501 0.80206425868773
0.298269438727959 0.791813353540978
0.271911638267394 0.803638336689815
0.25945257223513 0.80922725267999
0.271815652256661 0.803681777283802
0.293662593043622 0.793879102221973
0.267863120683672 0.805454461238092
0.298659676357833 0.79163639563028
0.278363154733776 0.800744792385831
0.259964947320963 0.808997381087488
0.272670529323609 0.803298123904934
0.287179455536363 0.796788255436981
0.261826401399765 0.808162460966953
0.338613701686923 0.773693712143291
0.268282784590577 0.805266177389594
0.27401128285542 0.802696289223228
0.277103298032938 0.801309178692995
0.271857836197974 0.803662316941449
0.267564858311008 0.80558840713895
0.27903909978428 0.800441491098293
0.277002992336875 0.801354535858075
0.278733282958593 0.800578306521102
0.271300589991818 0.803912619148013
0.267564858311008 0.80558840713895
0.27875775445265 0.800567004855381
0.27673023284589 0.801476772352203
0.25945257223513 0.80922725267999
0.32501382521653 0.779803146774745
0.283303545788834 0.798528644932089
0.273567223080708 0.802895571453187
0.287710290171808 0.796550696753569
0.275247593534634 0.802142358799779
0.260175981042324 0.808902799037162
0.274345281625278 0.802546716940987
0.278556898055788 0.800658362318005
0.271113454905853 0.803996772274993
0.271170628622083 0.803971367820904
0.267522069419109 0.805607595373736
0.262739771870796 0.807752804393905
0.271926746824753 0.803631719633647
0.874098004876679 0.258090493097671
0.876466097814243 0.254281369176761
0.876936623616672 0.25353197433795
0.874034991290983 0.258193284871183
0.874511130329501 0.257418902573127
0.898741793121573 0.218460680136932
0.900186133021515 0.216125910461989
0.878198863690629 0.251490927736035
0.913136931720275 0.195283010513347
0.917649445868471 0.188020005545635
0.895689904207689 0.223359926884245
0.876231238671243 0.254653065576167
0.917912908822059 0.187595523351501
0.876457028826977 0.254290368498411
0.878528866092548 0.250961789258055
0.906500045522232 0.205974022567409
0.920606537691188 0.183256254893097
0.91590270877502 0.190831667457341
0.896915454295092 0.221393740470585
0.898143079578045 0.219412545284455
0.8757122227328 0.255485415041705
0.920606910181851 0.183255654959657
0.920142903605722 0.184002452288911
0.870337201099367 0.264124586927596
0.902115879939626 0.213022246928689
0.919498759873697 0.185040764961303
0.910033801327018 0.200281918852279
0.896915454295092 0.221393740470585
0.915540727120615 0.19141162557216
0.924448173543777 0.177068989125876
0.925619612337851 0.175182229601571
0.916700164304217 0.189548154842259
0.918957258588427 0.185912317752703
0.924669267877532 0.176713024418158
0.911352016939506 0.198154473197042
0.91645091958334 0.189945556007095
0.902314753415158 0.212699747396332
0.902704564067781 0.212074690811669
0.869068473885361 0.266172211901379
0.920311009207421 0.18373046307448
0.909806785176084 0.200641559970539
0.91523799243234 0.19190232461717
0.90260134423314 0.21224277483259
0.925371414513327 0.175582503778553
0.879357851583153 0.249622955029532
0.924635459499887 0.176767235538901
0.899384218265387 0.217421803253022
0.247183825337969 0.847188350701755
0.242921474118141 0.849391171397943
0.251887118202453 0.844777877328984
0.248363664019617 0.846589137529576
0.925446229094822 0.175461403852259
0.901444538328435 0.214099366105416
0.925333836405208 0.175642499240117
0.921753924097212 0.1814078500775
0.187245286727068 0.87801008884771
0.239841368370641 0.850970984743068
0.237910524257466 0.851966678415233
0.925289472370331 0.175714234773461
0.255541500361226 0.842900348994818
0.249554607547807 0.845971930602343
0.90064936926469 0.21537934388699
0.230036327770694 0.85601142173431
0.920052652565877 0.184148337586448
0.925618765123136 0.175183593679559
0.914899503746963 0.192446223888495
0.24151006870565 0.850110247464353
0.246074513996459 0.847759858637865
0.906502210541179 0.205961752867048
0.913485546886765 0.194719867077116
0.901659483596647 0.213753854865229
0.920660498962326 0.183169352649279
0.253390383975155 0.843998174334335
0.870054507272916 0.264577073528718
0.914762002254631 0.192667428758811
0.227937508268523 0.857088818008944
0.919022995791437 0.185806720116889
0.927031880228537 0.17290762802448
0.916742980629504 0.189475704245712
0.24894418726876 0.846284347465762
0.909449920576067 0.201221140409284
0.187245286727068 0.87801008884771
0.244990748628577 0.848315714875644
0.187245286727068 0.87801008884771
0.253965622570341 0.843702916634059
0.25463723209509 0.843370316236553
0.926555658667684 0.173674724921549
0.913197578088021 0.195189084595269
0.255585472879738 0.842876345764632
0.243787169156803 0.848942169157471
0.248110485945295 0.846712603290471
0.253132908879376 0.844129796530523
0.921202383556651 0.182296590411352
0.921518143036038 0.181786732436726
0.231983553477293 0.855005569883372
0.921856251271053 0.181243477254801
0.917130232643483 0.188854930759778
0.234936569446607 0.8534934353275
0.917856306947497 0.187684916278378
0.242670663604429 0.849512189169414
0.251226431464974 0.845108546691122
0.91898244958514 0.185870226788053
0.24926402177725 0.846123817604382
0.244006023091148 0.848822469075281
0.917791774495337 0.187788636205384
0.203194267025533 0.869812862696155
0.255429312006835 0.842951585987269
0.899279247737863 0.217587374707439
0.251611655060375 0.844911911469419
0.918820631667495 0.186131232961766
0.248158064327197 0.846686948010901
0.917359027990304 0.188483872774014
0.912347221794901 0.196552956374821
0.234868676604038 0.853522816375001
0.242247796317193 0.849732015540495
0.249242091847346 0.846135051707027
0.925587000986915 0.17523430501297
0.247118627592858 0.847224396066084
0.235519889995613 0.853190013096845
0.917889445038128 0.187631666345799
0.208930800775424 0.866872545471085
0.917856306947497 0.187684916278378
0.911886883853739 0.197293381587593
0.92753968674968 0.172090173177797
0.875331799096101 0.256099432839012
0.917996145277572 0.187459709332412
0.92753968674968 0.172090173177797
0.213317813019971 0.864604115406761
0.222884706175043 0.859684664398089
0.238946078788813 0.851425754074518
0.922888929854388 0.179579588172912
0.240299753971016 0.850737552507185
0.923149619120595 0.179161262791353
0.254844973148201 0.843251242633623
0.236582096015345 0.852640716036167
0.255702070284572 0.84280870615066
0.251349102468531 0.845045755737631
0.25482369035675 0.843262010731323
0.178654086380679 0.882420891325911
0.922076558970729 0.180888838231034
0.239951934387481 0.850915427031683
0.19224824689574 0.875431259607278
0.188620722347624 0.877295944324159
0.246903312344685 0.847334002094055
0.917856306947497 0.187684916278378
0.247926679177239 0.846805955236657
0.215759911146135 0.863348166874216
0.922977286372783 0.179438831160778
0.189501147552743 0.876852443896772
0.171601437601912 0.88604136522256
0.255703920528923 0.84280774737032
0.246968807095832 0.847298684675045
0.251293895005408 0.845083331579412
0.907973521502126 0.20359507366547
0.248448899698968 0.846537281472865
0.927566946237231 0.172046265923147
0.248488762951191 0.84651663911251
0.917950084863287 0.187534322983475
0.925995046315701 0.174577463241529
0.185388018809494 0.878963278001103
0.244503030772388 0.848567727650612
0.898668484914254 0.218580205372338
0.190223630872294 0.8764781329582
0.902033348900505 0.213155044301785
0.239266317770939 0.85126339044447
0.287346959511337 0.796712897778107
0.288530564843088 0.796182083213027
0.287346959511337 0.796712897778107
0.284880783264061 0.797819638453126
0.32544779357897 0.779606798796938
0.286288077472224 0.797188088506499
0.310026574572643 0.786533109905145
0.290325829504649 0.795375477688164
0.286365310523511 0.797153227666408
0.268872851418554 0.805002132516112
0.353187146833365 0.767145531543076
0.287586456773582 0.796605432616705
0.353386961092494 0.767055759982812
0.305132769227647 0.788731169183774
0.301092217920171 0.790542744456436
0.288364328720687 0.796257267595409
0.286915718721203 0.796906106762767
0.268872851418554 0.805002132516112
0.37179719277106 0.758771194695715
0.319137345640765 0.782441663421047
0.296448752947302 0.792629171783936
0.281165845019682 0.799488375122388
0.271393347003213 0.803871367036804
0.277909554586188 0.800949096577122
0.33947495877973 0.773308362516479
0.286591690914805 0.797052718114879
0.27074499189539 0.804162781839138
0.265625257173252 0.806458673225412
0.275038414577919 0.802236710906182
0.284583282770864 0.797953579535372
0.28470439122691 0.797899306393249
0.325579441172161 0.779546981880483
0.286854346316442 0.796934838365256
0.270745719248649 0.804162456294266
0.288052670981294 0.796396778095169
0.355532012887839 0.766085914906873
0.269505669516231 0.804718345816571
0.265632721372027 0.806455325633856
0.269744179306613 0.80461099347046
0.353491566103957 0.767001229194486
0.283989658348688 0.798220816228391
0.265897817626489 0.806336383622708
0.288961313581294 0.795989043182222
0.260878823052004 0.808587482207116
0.273155539677112 0.803080758564353
0.327139209386526 0.778846845833304
0.269194424947944 0.804857552586004
0.270251689885975 0.80438372284959
0.34234083102758 0.772018343482353
0.294515466241188 0.79349649023687
0.266065162610909 0.806261478900295
0.288961498729061 0.795988960153542
0.268523351772241 0.805158910609401
0.27969153100814 0.800148124265868
0.267339624121257 0.80568976435285
0.282781848919897 0.798761449065865
0.264705866457736 0.806871084446119
0.270035557601649 0.804480459443457
0.263996326295019 0.807189426533749
0.268004612807688 0.805391771576024
0.310672609840153 0.78624329636239
0.308007201273646 0.787439634828969
0.265192024204925 0.806653050787699
0.269501121293625 0.804720025480649
0.26949185733248 0.804724541781449
0.265563766498866 0.806486360160909
0.284411482234744 0.798030528022015
0.319224045709484 0.782403041559284
0.270834957684826 0.80412145044668
0.335707395444788 0.774997810030934
0.320061020052724 0.782030085169058
0.274756337414237 0.802362310098095
0.318903460536944 0.782548482491275
0.270633446543756 0.804212027199121
0.262241148089195 0.807976491541806
0.265252622350964 0.806625934902382
0.302190023829638 0.790051052067673
0.261900107688238 0.808129373504933
0.302301545901925 0.790003934757936
0.260714141007102 0.808661345128456
0.263161273470166 0.807563859187976
0.269505669516231 0.804718345816571
0.262568756770944 0.807829474384242
0.342164629154464 0.772094639842328
0.292322178407669 0.794479984322083
0.298263412073889 0.791814247975659
0.26522184117442 0.806639667222079
0.271164587429014 0.8039742356234
0.293383817201836 0.794003096730276
0.292210877222228 0.794529755913172
0.301296378889993 0.790450874855201
0.266846903132744 0.805910418919601
0.292430148881795 0.79443135151147
0.264288473048862 0.807058283639702
0.2608847824149 0.808584801307191
0.293416513140809 0.793990273132435
0.269505800615133 0.804718287092397
0.264780707013097 0.806837624882925
0.263268165753923 0.807515764859774
0.27421273049217 0.802606447696295
0.266373520532639 0.806123222632388
0.260728662227268 0.808654834599045
0.297863006993165 0.791994029889208
0.263268165753923 0.807515764859774
0.266480603540807 0.806075021304477
0.309319054966751 0.786849362693382
0.283044128113974 0.798644007912298
0.265828744367572 0.806367419966693
0.270947480389397 0.804071629648276
0.291359993305731 0.794913442653759
0.276714960699896 0.801483345389579
0.31747796452318 0.783188124406178
0.29194573343464 0.794649329178946
0.262830208386931 0.807712169073279
0.281012667012763 0.799555741909874
0.259595117669499 0.809163280077043
0.26542808679396 0.806547184187991
0.265557431323753 0.806489228926323
0.261128028272704 0.808475744936046
0.273152524932082 0.803082420003199
0.283241013363609 0.79855571547124
0.281095438700829 0.799518149401729
0.268778797078322 0.805043854883386
0.286242148666075 0.79720868800582
0.28781871128418 0.796501576663381
0.267661463592283 0.805545366915179
0.292951141526498 0.794198228992665
0.263052222144714 0.807612635966118
0.297978680313202 0.791940789852288
0.269963941264734 0.804512860071336
0.309826248997738 0.786623186811469
0.281551819388795 0.799313458353254
0.267995342566386 0.805395897041183
0.354296521584435 0.766640847817704
0.376339568100888 0.756725551785653
0.284696021563678 0.797902371888207
0.351756663501877 0.767784760103275
0.299666837005372 0.791183109206141
0.265405478270807 0.806557327130337
0.265035996118077 0.806722945904072
0.265816525932175 0.806372721355879
0.27626804333393 0.80168459426979
0.266030425980232 0.806277054107542
0.268016777804711 0.805386238747644
0.344313753709479 0.771129926717698
0.267808948160453 0.805479302608349
0.282991306904378 0.79866760553948
0.266757716292557 0.805950442791951
0.272050252670044 0.803576679588612
0.267214972867177 0.805745403106997
0.263419437676093 0.807448096731257
0.284667558883156 0.797914769087392
0.259572409339737 0.809173465973067
0.297898871417312 0.791978257286199
0.320201724731807 0.781964984760848
0.259609923022067 0.809156638901797
0.262914515817728 0.807674367442193
0.266336836999644 0.806139538567625
0.395659502500253 0.748024941035346
0.268138680411784 0.805330956280362
0.265033748099966 0.806723807816749
0.293885827128052 0.793779038255646
0.274837815019393 0.802325671515703
0.382327326622056 0.754025471231282
0.264623030900362 0.806908230881269
0.259572409339737 0.809173465973067
0.262352137236687 0.807926739210879
0.260053158163438 0.808957841679173
0.270818519281345 0.804130012879054
0.29427184201455 0.793606143217524
0.302286947569517 0.790009015681739
0.271264576589264 0.803929375574854
0.280496125700027 0.799787759883438
0.265033748099966 0.806723807816749
0.302120341127439 0.790083698617262
0.345412084249006 0.770637358636724
0.260891643960599 0.808581746641087
0.262776624044293 0.807736307942616
0.262264747572839 0.807965935905119
0.259684146410901 0.80912334617893
0.266215812359931 0.806193684939006
0.302520151826903 0.789904274530929
0.274408524095346 0.802519281031417
0.264162766199551 0.807114440246415
0.277657857573047 0.801060322136922
0.261762438876808 0.808191135096577
0.26852579522708 0.805157519146748
0.262263613618166 0.807966444535708
0.286889347218395 0.79691828262832
0.301639750851084 0.790299186021569
0.26376045352801 0.807294888031657
0.289030137037029 0.795957487923808
0.266215812359931 0.806193684939006
0.283668827387982 0.798363744360752
0.276867030032371 0.8014153706214
0.261794145745917 0.808177001432016
0.282915774331276 0.798702042471267
0.269048657305721 0.804923358291239
0.279713629548945 0.800138270416158
0.281036441510036 0.799545390823508
0.265702811944209 0.806423768544378
0.274078148703619 0.802666513560709
0.271566337886643 0.803793421590018
0.270347519763976 0.804340692350354
0.282901975419478 0.798708103524444
0.270436408179743 0.804300386666006
0.26878943070084 0.805039512559421
0.285129243603482 0.797708670214342
0.285699145805824 0.797452493691207
0.265571640446938 0.806482597162804
0.291506447438166 0.794846755678866
0.395448299839705 0.748114118905667
0.282166465511681 0.799037608791451
0.260549439992437 0.808735265516101
0.260518169647792 0.808749217956083
0.271075413134696 0.804013716927609
0.284010737712712 0.79821074570639
0.278298929570357 0.800773239335564
0.266105841398441 0.806243260728357
0.268181898251787 0.805311823869091
0.263891705698823 0.807236133899644
0.263731089388478 0.807308121653452
0.291650786036174 0.794781684177204
0.283087235382831 0.798625014376474
0.265571730916549 0.806482557418845
0.269792926732913 0.804589147679657
0.271068822889223 0.804016458694979
0.270283624820284 0.804369681997058
0.288608623503612 0.796146253243555
0.271106103491561 0.804000659198189
0.271941890391561 0.803624932046721
0.265187678401671 0.806654797104354
0.289034654252344 0.795955877415137
0.262239282950214 0.807977353328068
0.266014009712996 0.806284104906087
0.341613744751227 0.772345082984241
0.307585946517408 0.787630528929101
0.271068822889223 0.804016458694979
0.262375235795793 0.807916381898579
0.330119755040579 0.77750868362379
0.390583281986213 0.750307977061639
0.330108824748403 0.777513594441444
0.338636745281759 0.773680689801915
0.371817357146273 0.758757417071785
0.344620433868313 0.770989907495873
0.33436555142648 0.775598947962517
0.371128816620231 0.759068160780334
0.318546626727687 0.782707318801413
0.38520787116453 0.752725005034499
0.344966385752029 0.770838014526638
0.308464335621078 0.78723525303736
0.368797046044129 0.760118627236489
0.308180941276145 0.787363052238581
0.325829297283969 0.779435025596002
0.284056927014496 0.798189742289743
0.34305451750534 0.771694969372584
0.307989949594163 0.78744902835776
0.318347265499175 0.782799426174243
0.313440559242731 0.784999558777067
0.330916823187244 0.777151487425919
0.337994664895131 0.773972168845792
0.335083938053034 0.775278101928004
0.301795752621537 0.79022749867529
0.294395550085428 0.793549373995812
0.292638558442057 0.794338146524932
0.346287689956554 0.770246641704734
0.298424464001856 0.791740549148101
0.299932735003158 0.791063911966739
0.323846522587245 0.780326353626387
0.290532805452461 0.795283017129126
0.302873823693414 0.789744797043786
0.291402110237506 0.794892627533334
0.313193007361534 0.785111722868703
0.36649159664864 0.76115655694898
0.299342350772941 0.791330244125044
0.29108119171793 0.795036896818903
0.326143748192768 0.779295562208222
0.300612342512759 0.790759027854396
0.368182845477442 0.760398435606155
0.318060353466385 0.782924545121113
0.375438547888706 0.757128026746328
0.363991116749195 0.762284070981328
0.28501910120906 0.797757264569225
0.342676955682033 0.771866567024054
0.30132523391935 0.790438614147763
0.310947423133144 0.786120630825967
0.314831653953262 0.784374379741811
0.295611629766062 0.793004630100329
0.334488565109605 0.775542614132073
0.284408042356052 0.798031554898965
0.303581653311191 0.789427484862859
0.342090413978615 0.77212800978897
0.292295741527265 0.794492255554119
0.287922796435117 0.796455231741444
0.298259629919947 0.791814537504734
0.301306538282819 0.790449348465066
0.335375154801985 0.775150869458843
0.285884607150764 0.797368703856066
0.316510329856613 0.783621595775874
0.312237009207956 0.785540651512666
0.325403930579177 0.779629510305918
0.282523034903217 0.798877395619857
0.316121658530853 0.783795734189655
0.342308679859872 0.772031161355072
0.281733895585444 0.799231162452002
0.32876826995711 0.778116273958265
0.370301158346583 0.759440106952375
0.308354133475959 0.787283021222409
0.286932967628094 0.796898969251005
0.288619394702383 0.796142374427083
0.278331701999352 0.800758535507995
0.286316566588099 0.797175073878438
0.367894567633653 0.760523730220405
0.263113047144238 0.807585460016454
0.306804833753758 0.787980556555379
0.312108314598755 0.785598210181165
0.332144717930044 0.776599673079799
0.261198242373952 0.808444191974737
0.297293454320099 0.79224766548098
0.309760807996601 0.786650766590376
0.286263409569904 0.797199387464825
0.37442715745801 0.757585121313972
0.331095422069626 0.777072700039721
0.340858972309284 0.772685317740884
0.306382970495013 0.788169766093368
0.377912285841915 0.756020746637058
0.263070883176075 0.807604371997402
0.316165917023123 0.783775254690172
0.287401260480462 0.796688527236542
0.319864985449776 0.782115918740854
0.29342263244439 0.793985939370488
0.268203379437801 0.805301734619039
0.322951391370838 0.780727941383908
0.301963277947252 0.790152837056682
0.301537461840446 0.790343286899315
0.325959665541256 0.779377693897697
0.320967027995771 0.781620556826955
0.312517484747855 0.785414778400811
0.311756596080976 0.785756818560479
0.324861013728786 0.779868411319358
0.308075975106968 0.78740894572339
0.296029995798997 0.792815317237568
0.369933000091341 0.759611100231017
0.288603523871799 0.796148568671784
0.301146431457003 0.790518754384392
0.282017097281207 0.799103965350085
0.274652233608834 0.802409303905315
0.290072262582458 0.795489588896946
0.312237009207956 0.785540651512666
0.300574477554925 0.790776046857107
0.294702728438668 0.793411216579197
0.342525539764697 0.771934933876222
0.33688984345715 0.774470937682774
0.29108119171793 0.795036896818903
0.283879279141302 0.798268606252295
0.279560203743161 0.800207499395353
0.298163207841264 0.7918599274422
0.287193648660669 0.796781777543643
0.28224197475753 0.799003872747817
0.262273322839256 0.807962079057952
0.284545090824588 0.797971990904545
0.306762393235981 0.787996963661931
0.279140584527815 0.800395965612572
0.316674513576337 0.783549351164375
0.298535712774117 0.79169060738943
0.304889887897402 0.788838053757484
0.296918239236888 0.792417677210357
0.264625002995793 0.806907375685379
0.268010358596813 0.805388452847639
0.291855117173789 0.794690604048715
0.302707684152829 0.789818269684809
0.261556637722598 0.808283454694444
0.305756067189505 0.788450944483288
0.392366215535238 0.749510118386051
0.291836544670281 0.794698949571251
0.312266630489745 0.785527350850571
0.317548330439569 0.783154373228283
0.264567639183473 0.806933064739537
0.280211247381169 0.799914530297496
0.328153025870935 0.778393762129234
0.367401016199912 0.760752222647502
0.293059571863149 0.794149013631348
0.332093938584017 0.776620682272826
0.302903719035458 0.789732831031518
0.288075391085484 0.796386368207864
0.301050532921869 0.790561700808634
0.288475524976793 0.796205848757477
0.280049676750766 0.799987743441502
0.322731054257366 0.780830943503913
0.314978380515347 0.784308773527066
0.297018524859263 0.79237211010828
0.291255983707851 0.79495950808169
0.297737923116281 0.792048645360911
0.301744118158375 0.790250936931408
0.284343261954112 0.798060319386975
0.293963812546831 0.79374284582
0.306102139951833 0.788293982105017
0.270892271480904 0.804095525351779
0.277653743594073 0.801062270374398
0.30357091663075 0.789430730595947
0.390136669308516 0.750512091824146
0.302876611271956 0.789744652489442
0.268564866410838 0.805139793683449
0.361470457681982 0.763417001235862
0.261167247111953 0.80845813459328
0.292314686616878 0.794484640596665
0.30157510835582 0.790326923550359
0.287649808392541 0.796576669700056
0.308962001790203 0.787010593511414
0.298816684892975 0.791566741878932
0.26118742888065 0.808449084233985
0.275590215481758 0.801988705310205
0.369004161603724 0.760027080991406
0.268214624880753 0.805296870145498
0.261499116550028 0.808309309703158
0.324176541588489 0.780175847847397
0.260924095279035 0.808567192663823
0.328540802669755 0.778218936309192
0.274457234270321 0.802496884052961
0.269770608056841 0.80459957135765
0.260924095279035 0.808567192663823
0.295710023718719 0.792958659458197
0.302437584262557 0.7899409469237
0.269001274912388 0.804944039756005
0.280645639428309 0.799720796676135
0.34449724880633 0.771049748277639
0.320374449406139 0.781887145507869
0.306310710187535 0.788201208520824
0.278765166931631 0.800563956006829
0.3248756975569 0.779864993243573
0.263692158088188 0.807325697096188
0.299814576876709 0.791118806664137
0.319974770624078 0.782064946881676
0.289432081112475 0.795777250908549
0.269099639058469 0.804899791532776
0.319754092772929 0.782164121200329
0.264875759474865 0.806794855945298
0.265647474026871 0.806448660809174
0.312579746647373 0.78538561593094
0.275852517080274 0.801870901064176
0.29904693566879 0.791461077649497
0.272602760276256 0.803328423013042
0.298775370617725 0.791583008235301
0.27191147872752 0.803638908255036
0.327425530741142 0.778718295513317
0.270459784436395 0.804290012337313
0.2641981974464 0.807098554344165
0.301302914096707 0.790450027580498
0.2992399636401 0.791376236073128
0.277663805587296 0.801058551686017
0.321692325348961 0.781293684515658
0.373540780997526 0.75798516557794
0.352107245643461 0.76762576614101
0.334426210890928 0.775574187917464
0.351005303716642 0.768118785723314
0.277756808780039 0.801016415822549
0.307338169121243 0.787739137992976
0.28696099994089 0.796886468276908
0.336667202527219 0.774573886848022
0.273843546764052 0.802772164401059
0.271313916293553 0.803906931198788
0.385403292599401 0.752644990908617
0.265926789644061 0.806323440649547
0.275986120698772 0.801810663689181
0.26489738543343 0.806785265268693
0.263069896480953 0.807604822996026
0.288084862054406 0.796382581623208
0.327676949517331 0.77860551509646
0.27093009561398 0.80407887316228
0.386357335087146 0.752213386082875
0.264844247227219 0.806808991647783
0.352986805869713 0.767230661541456
0.27608691692965 0.801765357900134
0.392290015515174 0.749540266743195
0.340550559230826 0.772821680192833
0.268235643954055 0.805287776230237
0.260828662805198 0.80861000314827
0.378292142579438 0.755850362153976
0.271317176830302 0.803905762113417
0.282928943084744 0.798695551818605
0.266278360402413 0.806165867619611
0.27543442976609 0.80205826759459
0.345877986859663 0.770429558478849
0.274717058077106 0.802380230200077
0.320404543207914 0.781871853124069
0.301321175200992 0.790442936862261
0.392845075505149 0.749292108901005
0.277453158676795 0.801152520644593
0.265951825819226 0.806312073420759
0.269728774552419 0.804617476509266
0.262132894033778 0.808025111314791
0.264990502358271 0.806743096546015
0.310208422005993 0.786453531029935
0.365797632001284 0.76147473268229
0.27638134902467 0.801634597724298
0.356320367944689 0.765731113743418
0.267786493851868 0.805489029540546
0.264770178333218 0.806842209757631
0.280933680379682 0.799590722484508
0.270806679546199 0.804134039513092
0.305823846522251 0.788419892640087
0.314350556198835 0.784592326523318
0.265117102877615 0.806686292483948
0.279913013518911 0.800048834628055
0.29695659506669 0.792400807170927
0.324700817791308 0.77994107571909
0.271911037502858 0.803639016741624
0.298018424754723 0.791924628658756
0.305916594921553 0.788378133349499
0.386597330104395 0.752104502559961
0.268330394359599 0.805245278162223
0.309801326525741 0.78663307461013
0.298554559549509 0.791683871897157
0.297170091093846 0.792304112848639
0.260802891797724 0.808621523494518
0.289967033176639 0.795538048847373
0.281019096186937 0.799552708193571
0.292650972202315 0.794333123907892
0.319675354096108 0.782199790088628
0.274343387569466 0.802547921799479
0.268235643954055 0.805287776230237
0.27638134902467 0.801634597724298
0.264602928632425 0.806917266798388
0.327589026871332 0.778642651059086
0.26620792881278 0.806197462163134
0.271332624437649 0.803898545207565
0.371172707735476 0.759049656350423
0.289376960860232 0.795801590475441
0.378484202415672 0.755762955549531
0.35217699389686 0.767593152328562
0.267737389997084 0.805511335766245
0.27778551557887 0.801003138676558
0.287087509143822 0.796828832071905
0.303935166395601 0.78926744838059
0.272170580264492 0.803522379461208
0.317712651386592 0.783080786262594
0.283184567399171 0.798581249579468
0.275725293153089 0.801928041061053
0.276464029454949 0.801596837721634
0.270882614434214 0.804100083498332
0.280345153211657 0.799855430651214
0.312521393329431 0.785410904110892
0.392275056561417 0.749554529165435
0.269639303402767 0.804657901937789
0.30513481009274 0.788728931511914
0.338995550534535 0.773519969024645
0.280516367347509 0.799778716349838
0.275421511421771 0.802064798207338
0.355635822394393 0.766041746512491
0.31466624587285 0.78444964913124
0.375044011379312 0.757311451092029
0.312899154372599 0.785243367106384
0.393353385939286 0.749061207214367
0.310004770598543 0.786542898152961
0.272276747180385 0.803474917839469
0.260802891797724 0.808621523494518
0.366812884304209 0.761009543524
0.264265730149925 0.807068306433398
0.271507338980281 0.803819706477082
0.326760320840134 0.779015800130984
0.311043858879151 0.786076445728563
0.264343554104763 0.807033297089975
0.305421757893738 0.788601562714668
0.344530940175851 0.771037603124157
0.291327216772795 0.794928098777145
0.340772984424251 0.772721040612824
0.277612994528446 0.801081089358748
0.343674283558368 0.771414101000688
0.274409062361233 0.802518448361706
0.355083292070246 0.76629004449685
0.303022133275418 0.789678504317565
0.336060656794905 0.774842844223648
0.262893245267317 0.807683923525355
0.312901949597968 0.785242990184561
0.340353055109813 0.772910751854252
0.329552622262766 0.777760712978844
0.352468402875878 0.767463817190162
0.355086271337566 0.766288707170452
0.342353117286716 0.772009998573015
0.30466728290919 0.788940026712095
0.260869665885547 0.808591577754508
0.269946975940512 0.80452026838977
0.268113840762747 0.805342354675452
0.290337229973534 0.795370561578525
0.269227558818187 0.804842829404754
0.270226723196921 0.804394240686827
0.304743324332973 0.788905430243422
0.310250051788862 0.786433084097965
0.319465903731284 0.782291466305465
0.26492309020396 0.806773562866846
0.374734016442067 0.757444711925449
0.326168767978796 0.779281066224405
0.285256507085159 0.797652305491101
0.303022100370562 0.789678518935584
0.267057571398704 0.805815996810399
0.384850404128356 0.752890994413342
0.28579743329545 0.797407999622383
0.364482264415159 0.762058194169199
0.339017138830353 0.773511852796116
0.396138668975048 0.747806510954428
0.322498309409461 0.780930232937697
0.313840308357043 0.784819855311003
0.314641468819357 0.784462824954971
0.361758319431036 0.763284557757473
0.332215518988642 0.776565661827169
0.264602928632425 0.806917266798388
0.265767824302254 0.806394558163668
0.304517321047308 0.789006188826817
0.26206170320199 0.808056922296663
0.32989570176359 0.77760699244216
0.274152540474289 0.802632892000164
0.274379068938409 0.802531963694366
0.270292880977952 0.804364492417006
0.312606293452917 0.785374841487157
0.307377882868974 0.787722272868777
0.316195586925458 0.783762621065277
0.364880329073741 0.761880287789375
0.300115654921467 0.790983738969608
0.274343387569466 0.802547921799479
0.391544541961062 0.749875744233996
0.306412565830255 0.788155785059171
0.272644543101269 0.803309738026585
0.266221504945165 0.806191158126264
0.271211509770579 0.803953426029585
0.269671101468832 0.804643920862767
0.271573472900014 0.803790508102264
0.352324194475292 0.767532193178585
0.375197786583237 0.757244311233307
0.338735682030774 0.773640538637464
0.285150205817364 0.797698817098474
0.330078418729504 0.777525948809567
0.269861677455225 0.804558469217517
0.268455337149245 0.805188740630126
0.26531748021634 0.806596798781604
0.264826182649837 0.806817117667432
0.299455136260244 0.791279715158596
0.382069363968071 0.754149237773866
0.303331462881497 0.78953921562339
0.358512766636516 0.764744326864744
0.268455337149245 0.805188740630126
0.304371675666805 0.789072733518939
0.268447787540557 0.805192124524692
0.310776466008976 0.786193939503624
0.309373603317299 0.786826144152099
0.264518042900941 0.80695511161316
0.278569572213634 0.800651236310701
0.297219410285925 0.792283263695266
0.317370436763711 0.783233951986704
0.303682608385669 0.789381090823571
0.315001031653122 0.7842984690809
0.35880994308502 0.76461052996851
0.364678216750421 0.761973221433065
0.302723597509936 0.789812781047922
0.312889616327698 0.785246851065626
0.280704362298092 0.799694550389028
0.279471548606933 0.800247462057482
0.267343481475014 0.805687879547787
0.322946110701193 0.780731131728722
0.302104402176699 0.790088506788394
0.276203940497142 0.801713354626247
0.270032692244453 0.804481982359538
0.321045234250176 0.781585717049677
0.264579967018016 0.806927260521902
0.325636716729346 0.779521618915036
0.289975597214183 0.795532266619418
0.261201041240298 0.808442930075099
0.308396203839767 0.787264452862382
0.27536836304361 0.802087818496631
0.28502415053312 0.797754858411697
0.360163649524709 0.764004390530804
0.271588314968585 0.803784058452328
0.272092188560365 0.803557511421469
0.270797722149687 0.804138042150964
0.276203253710185 0.801713609282659
0.260742868830864 0.808648440403811
0.359937162762403 0.764106270947962
0.334568728452787 0.775509989833644
0.359611706543055 0.764249474854064
0.278911051173109 0.800498024393191
0.307942841394249 0.787469447752873
0.344694574297473 0.770958035008353
0.270259578368128 0.804379475220091
0.297286531023996 0.792253995887889
0.270797722149687 0.804138042150964
0.357904816131981 0.765016721514016
0.27559323644283 0.801986722159608
0.348591462883783 0.769204878654658
0.368651452944588 0.760183580413098
0.283380731724222 0.798492872187051
0.281839890096443 0.799185074436783
0.3098163589187 0.786627628197104
0.274486377550427 0.802483682319018
0.396590917019653 0.747600941590699
0.283265439305471 0.798543718006863
0.281320554132401 0.799418895510971
0.317005606253103 0.783399878961092
0.293244868527804 0.794066585171288
0.269830656741111 0.804571970479931
0.282707129875508 0.798794623531468
0.293044848217745 0.794156160491492
0.27436963280442 0.802536008396638
0.292194795867738 0.794538140093019
0.376147744747405 0.75681702526158
0.300247187056252 0.790924412591429
0.363252884842005 0.762612692026151
0.330122386093742 0.777504058768426
0.334288559810651 0.775637442218469
0.363658335989675 0.762429255133151
0.331789763300388 0.776758390637037
0.367792221001577 0.760569511373927
0.328118895216269 0.778407613889735
0.290990786410172 0.795076354772195
0.374769883791785 0.757429877751086
0.272814354110672 0.803233473050833
0.264985064124681 0.806745731153275
0.371057198908693 0.759099474946381
0.265502380562473 0.806513831287197
0.299600266363461 0.791214274785287
0.310119500759666 0.786490685217394
0.276709093291468 0.801486443388235
0.264134166056465 0.807127242952524
0.29669902697693 0.792515957263172
0.31084985080955 0.786163847397771
0.33529533520287 0.775184684995847
0.33175137752538 0.77677868506449
0.396834286525898 0.747492241996903
0.269047322233288 0.804923466120619
0.266675402568463 0.805987400175272
0.303072922235679 0.789655188125219
0.270797722149687 0.804138042150964
0.278316163457406 0.800765330619009
0.329194014919274 0.777927202442064
0.306611259558947 0.788067163239882
0.275354266361125 0.802094966143608
0.326221098184825 0.779258886155288
0.333849651970149 0.775832913219677
0.288468873134454 0.796209286818186
0.279413817050167 0.800273114429828
0.270679375390575 0.804191116308235
0.273005135517971 0.803148747447758
0.278037351873949 0.800890623918161
0.295519202628866 0.793045674474753
0.271364324799142 0.803883907416153
0.36008288437483 0.764040689974303
0.298123141345827 0.791877254877675
0.287063970697821 0.796839392518536
0.266601766071951 0.806020430517202
0.330022930792105 0.777552156746919
0.334942186209418 0.775338356744016
0.27315324365406 0.80308231856459
0.302953233543717 0.789707748693989
0.328722306251908 0.778135127277408
0.323723709264423 0.780380940543448
0.261399409790292 0.808353951688531
0.26632703885415 0.806143655065777
0.268223157927963 0.805293089637764
0.271832863169561 0.803674307685375
0.278690689236129 0.800597445994636
0.282473562223447 0.798900054622563
0.267750518408255 0.805505017001416
0.26666963313139 0.805989955884672
0.268449194481034 0.805191494068541
0.266575773038565 0.806032361255152
0.262337282231258 0.8079333671893
0.288534651171217 0.796180584143232
0.318803514009971 0.782591234654904
0.263727932759398 0.80730944187913
0.272305714331691 0.803461722835348
0.280308584629735 0.799872390670798
0.306189463953092 0.788256013753749
0.281779152370272 0.799211668559817
0.299631857673149 0.791200983963797
0.304429653015611 0.789046205694556
0.261611404499109 0.808258845083506
0.318585102291998 0.782692872508568
0.295957001459854 0.792847970041163
0.297932739946304 0.791962754754316
0.301502630572964 0.790358938531601
0.301389893701946 0.790411868889266
0.301352869685789 0.790425184812052
0.302096102136257 0.790092311785933
0.325400209594159 0.779630570567173
0.315809327268986 0.783936052481506
0.297752903689593 0.79204326663294
0.276235230262134 0.801698133125418
0.316002280965146 0.783850071431155
0.263280157866788 0.807510525633621
0.262246043981489 0.807974170992283
0.272747697061009 0.803263607590917
0.28790205937045 0.796463127773589
0.295506845860116 0.793050714095357
0.274302332759117 0.802566422747729
0.291365906999321 0.794910620323127
0.354940259653691 0.766353472249732
0.291518754874242 0.79484132034912
0.315877636882043 0.783905361545728
0.264569981534077 0.806931905712675
0.276928777844638 0.801388034331299
0.287151604737245 0.796802216062702
0.276331095678483 0.801655693647649
0.276208424210474 0.801710700416111
0.282083688690071 0.799074009836743
0.303469185223924 0.789475791483676
0.268903471841995 0.804987713809921
0.285152366014715 0.797698366350853
0.266961849621439 0.805858764393122
0.277355617889687 0.80119596824885
0.273732534689419 0.802822530538743
0.302412705697276 0.789950170217654
0.311579211182129 0.785837944971739
0.270082788636681 0.804459346443321
0.279152534921972 0.800390690655847
0.26516652800448 0.806664122238181
0.286759413465633 0.796977597085295
0.27436963280442 0.802536008396638
0.268140150735339 0.805330571842211
0.263221698592267 0.807536521998285
0.313482295013857 0.784980913760359
0.269295520642765 0.804811912046767
0.273794368067881 0.802794436225074
0.303283419671402 0.789559202314136
0.289037791534494 0.795953884495182
0.271837058598821 0.80367247089307
0.306919427801268 0.787926178687791
0.307244759617956 0.787782369899215
0.29098270712254 0.795081703216704
0.291626673539989 0.794792409906123
0.338107235653973 0.773919292476461
0.300273604759983 0.790912197282243
0.339404824811406 0.773339137602288
0.281144151601472 0.799497991337359
0.272231643568172 0.803495370460541
0.268198941610366 0.805303902202453
0.311594966263434 0.785828001668928
0.274368279084466 0.802536615694743
0.328247757887859 0.778349650289175
0.282704345446552 0.798796521133158
0.268047991161053 0.805372110078964
0.309348599813677 0.786838519100017
0.266408289965134 0.806107532469418
0.278780686150102 0.800556779389175
0.287038289119088 0.796851864978293
0.306744600093259 0.788005099398105
0.268869700658167 0.805003284663132
0.345526485272563 0.770588324287583
0.26249209896953 0.807863789888162
0.2656642264188 0.806441319845905
0.325768840712971 0.779465935203901
0.261468987455865 0.808322804262441
0.29810971201775 0.791882861693784
0.30689297665088 0.787940280177785
0.291917938940496 0.794661627902546
0.268379370118857 0.805223181755332
0.265741022966367 0.806406871806067
0.275339151588576 0.802100254686909
0.26259254285758 0.807818738503413
0.287274370531162 0.796746787730111
0.289396616880004 0.795792973845725
0.317276016316052 0.78327792371364
0.336122209702501 0.77481113774514
0.278579468432936 0.800647059091729
0.261636773795146 0.808247555691438
0.284686447304229 0.797907794985155
0.274165275740739 0.802628362563317
0.31567595706524 0.783996860231944
0.300238615412101 0.790927635521954
0.31180131153337 0.785740187581527
0.27707558718838 0.801321994875954
0.3037577963551 0.78934826080658
0.293195510128725 0.794088376336347
0.277671630488304 0.801055979883106
0.342034442142159 0.772155411125821
0.27763053832541 0.801072939064735
0.29062084355606 0.795243156336463
0.274350773982765 0.802544468733196
0.262000425662623 0.808084339059565
0.294866085459152 0.793338061757677
0.308383141977325 0.787270392076118
0.267003030398711 0.80584053182797
0.260653953537279 0.808688355962921
0.320375744721609 0.781886055750873
0.338572394294345 0.773709303195456
0.287430422877307 0.796675653846168
0.321331132029841 0.781456998967913
0.282601539888385 0.798843529322838
0.309988100572653 0.786552545087518
0.299502645863599 0.791257437239239
0.275767815232497 0.801908312484755
0.366186527716188 0.761298284137727
0.3347266352479 0.775438039015772
0.270324128546814 0.804350617965717
0.362484824830601 0.76295931789702
0.263104132988295 0.807589343651736
0.262000425662623 0.808084339059565
0.263727932759398 0.80730944187913
0.315359798574108 0.784138699884135
0.352533687133993 0.76743115788596
0.291955599228515 0.794645042038555
0.269039682908945 0.804927469149695
0.327072206418257 0.778880417182491
0.274235733257265 0.802596038799156
0.315925614160437 0.783883544228876
0.270888527622169 0.804098319275462
0.384131843836139 0.75321791618874
0.300100788191908 0.790988616229444
0.269163139143593 0.804872100080401
0.318638401523804 0.78266654524197
0.287109761305752 0.796818986033293
0.28941097300119 0.795786350787166
0.308387884495419 0.787269947337136
0.286778447003017 0.79696793118645
0.293174835999739 0.79409744180482
0.321924627015256 0.781189417139856
0.382961561738621 0.753740688667176
0.273643246404011 0.802861776963221
0.303640886719805 0.789398194029542
0.280890994992027 0.799611067074059
0.284494716543813 0.797992389276431
0.384887720771649 0.752876669232472
0.370087831936583 0.759540308093258
0.381199604619203 0.754539176488908
0.295019573581419 0.793273093875413
0.273288136731525 0.803021178049097
0.288494549117011 0.796197661263355
0.299249993055685 0.791369903775284
0.281672511169906 0.799259637142914
0.281635608146582 0.799275541525398
0.328144794662073 0.778395404485283
0.347184101079227 0.769844094343223
0.329376433723343 0.77784440882792
0.276664716257008 0.80150601589082
0.290063986041975 0.795493735600745
0.272332709506571 0.803449355606619
0.268445549044555 0.805193381600879
0.290755368534976 0.795183771181207
0.272142698209407 0.803534685645321
0.301667360468755 0.790286128043173
0.306593869452853 0.788074517306704
0.270719758315279 0.804173012987739
0.280225227626796 0.799909163213164
0.272858085878541 0.803214087252232
0.299120931814717 0.791427832241294
0.289470280560899 0.795760171914478
0.275960047664243 0.801822130828456
0.266913343914647 0.805880940673608
0.381828895346038 0.754253587653612
0.260721328268399 0.808658135751012
0.269938703330855 0.804523353593973
0.267213671057287 0.805745938608275
0.381662936494914 0.7543352779961
0.280990563438718 0.799565599825209
0.27436963280442 0.802536008396638
0.280108753491212 0.799960799883214
0.278312010731193 0.800766848771298
0.337544676147146 0.774172565010707
0.270760764261182 0.804154709133315
0.261962763302785 0.808101230024953
0.270684492908699 0.80418883474588
0.302519322127028 0.789904777930828
0.303340259989993 0.789534329816598
0.277672196312049 0.801055659811443
0.282030016406337 0.799099212967228
0.284086955518001 0.798175403997953
0.391796076676405 0.749763224316635
0.287463778635587 0.796660889374638
0.284958974913742 0.797784504153956
0.286452949301729 0.797115031623611
0.26924090870847 0.804836321021399
0.328784808890311 0.77810838492417
0.308473826235168 0.787227984815165
0.298060186876941 0.79190590584704
0.269525080481457 0.804708955849015
0.265775046926506 0.806391501000107
0.310445220998675 0.786343125680613
0.348948371743984 0.769049356323656
0.27083720547304 0.804120346729542
0.29080338464066 0.795162142658134
0.391412167589821 0.749931618516539
0.2660204071234 0.806281499997042
0.273072880697342 0.803117641772768
0.262456122893101 0.80787993918301
0.260572163951118 0.808725041943597
0.270240486350942 0.804388039399839
0.291476831995849 0.794859199250763
0.272747697061009 0.803263607590917
0.302622423249632 0.789857445661989
0.287096194063299 0.796825518155571
0.266844820196317 0.80591134535845
0.330537277178042 0.777322878923767
0.28758539722877 0.796605941240858
0.26211890396039 0.808031359467656
0.310239124363305 0.786439709728891
0.277360360488609 0.801194616402629
0.263703781669797 0.807320276042711
0.266375120873115 0.806122058153168
0.315293241781258 0.784166028427741
0.272861309674643 0.803212641338696
0.265411162685491 0.80655484259883
0.345214930754987 0.770724298250123
0.392218276781314 0.749577164100999
0.343527989034904 0.771483094029881
0.392076045532177 0.749636412136142
0.392824794046057 0.749304123708286
0.366580375533264 0.761120987377224
0.378294867422655 0.75584222193944
0.389371171779574 0.750854364413617
0.319156676934233 0.782434457252876
0.3695457299362 0.759779599832763
0.368368669730984 0.760315959391873
0.350134927271493 0.768513299182858
0.367359644438048 0.760764753732883
0.364423091964244 0.762085828768447
0.30876249769348 0.787100692569275
0.37233568874591 0.758520921972135
0.364236388851391 0.762170990537313
0.350086106962187 0.768535220279515
0.364012721344091 0.762269132925099
0.378616720439879 0.755696604541927
0.3647655913527 0.761928789593318
0.348401545453665 0.769294442146438
0.364975921474397 0.761835086297267
0.363889885562118 0.762326720415199
0.377344276499673 0.756267672452015
0.334330259927319 0.775616228624123
0.3695457299362 0.759779599832763
0.36955635858879 0.759774835645872
0.340110916713274 0.773019739675957
0.319867546920074 0.782114412398133
0.332491951679785 0.776442751295349
0.350516507963966 0.768342371356007
0.344224330951492 0.771171607714109
0.373739743638511 0.757894056908304
0.306329873107784 0.788192685082566
0.31941290756375 0.782317621170784
0.323978197771692 0.780269808132068
0.357600163210094 0.765159300730534
0.307049264858786 0.787872063731866
0.32035055733246 0.781896284687169
0.37385008610964 0.757842903320386
0.293925936791275 0.793760672946201
0.369025855051596 0.760011065366862
0.354663433087949 0.766473015798603
0.318672242577205 0.782651660648952
0.327674400401225 0.778605799201245
0.350605619478934 0.768304310792343
0.39490173615815 0.748362760238427
0.291900537468892 0.794670114725355
0.282204519097275 0.799022338436849
0.367167226072873 0.760853815900049
0.34865844810305 0.769178330814779
0.354430204966749 0.766577794441053
0.355139693455624 0.766258779212921
0.282200606196736 0.799023195500241
0.343003933471426 0.771718891678807
0.274644866363836 0.802413080910316
0.307503057407459 0.787666544580648
0.280505691747894 0.799783336102531
0.341453569132571 0.772416950630199
0.341452307739129 0.772417517914416
0.278816933257436 0.800540848881652
0.27462206145856 0.802423468945433
0.397207756418093 0.747332471643924
0.337203410466428 0.774325721456049
0.351669377811654 0.767821212057482
0.339811383378983 0.77315482876389
0.335763967019679 0.774973836199492
0.303579058406653 0.789428822949906
0.278816933257436 0.800540848881652
0.342586387489536 0.771907793929566
0.34082694231857 0.772696811572112
0.290604155679352 0.795251870251894
0.29095231203165 0.795095667814643
0.28951398207913 0.79574113751099
0.342586387489536 0.771907793929566
0.353693695041465 0.766908965505808
0.314970622942794 0.78431295010741
0.290942071705537 0.79510030086184
0.34364104670575 0.771433464820356
0.29715340299775 0.792310857266413
0.360739430857838 0.763745595600377
0.291227433650509 0.794970713966204
0.273530694757874 0.802912971372718
0.312675728823089 0.785343469570172
0.347458302846902 0.769714902554514
0.342120533353459 0.77211345539404
0.310980382743621 0.786105434211452
0.273486491742901 0.802932578866862
0.364274261314433 0.762153378102876
0.309214483143937 0.786897349332387
0.342646338564372 0.771880766294648
0.35296367976494 0.767241990151607
0.326158800464953 0.779285193825309
0.339179532975256 0.773435607328578
0.301771673980571 0.790238669976301
0.388861729242525 0.751089026395061
0.31832025734532 0.78280827375715
0.273530694757874 0.802912971372718
0.283223357251062 0.798563285812203
0.312641930502499 0.785358642192558
0.285180951755377 0.797686280082868
0.345363695270291 0.77066070225774
0.362618032039877 0.762898565542552
0.306394992637582 0.788162075033282
0.290836608885764 0.795147635054702
0.339541238744027 0.773274054548904
0.309214483143937 0.786897349332387
0.279752194984387 0.800121029504498
0.301114655413984 0.790534832378399
0.329625131882222 0.777733261704856
0.310708588654748 0.786225127972422
0.315541308288643 0.784055180318227
0.302398400897104 0.789957370324879
0.281548046727349 0.799315572907585
0.343195069084241 0.771633452472926
0.320770927285819 0.781707556811608
0.286846632029813 0.796936955918789
0.324576177224598 0.779998556196419
0.343717111256147 0.771396035218776
0.311871147140989 0.785703025765972
0.353597349392721 0.766958896776562
0.270007842823059 0.804493063384148
0.384313897974807 0.753140500445203
0.2713541888642 0.803888717875659
0.273390267458037 0.802976127374477
0.290067133368654 0.795492829154441
0.289311352086914 0.795831918031539
0.268742982716836 0.805060314857548
0.304308852437242 0.789101853593979
0.279459417715573 0.800253012226551
0.326825066498214 0.778989818652231
0.299665950194964 0.791184723720759
0.282913500138872 0.798703613273935
0.871906858704468 0.26160673325285
0.869737665334741 0.265098009675409
0.277461898289412 0.801148996589256
0.299793658830145 0.791129085671643
0.299650442321111 0.791191686471068
0.280165337650033 0.799934668433795
0.285997710367518 0.797318104530523
0.377549551225926 0.756181812351444
0.299859556705546 0.791097906487808
0.395377679224603 0.748151043373895
0.299177327143607 0.791403936892824
0.308390157135931 0.78726771901572
0.284210149363969 0.798120174672224
0.299568362174618 0.791228517162874
0.277020206933645 0.801347188351924
0.280147596718571 0.799944093565123
0.299324561901968 0.791337924140969
0.313867951851936 0.784809155006242
0.338129387498432 0.77391038218738
0.336994426995362 0.774419907211355
0.342685020164705 0.771862329154325
0.30545758115558 0.788585136374685
0.314265909731379 0.784627363352015
0.319788228796106 0.782150156092168
0.335158634694752 0.775245977917492
0.346623790361981 0.770091562292174
0.342685020164705 0.771862329154325
0.29584187379602 0.792899367548754
0.278364575267506 0.800743047809442
0.271228530475818 0.803944744579493
0.294860113450214 0.79333989636376
0.294114286820213 0.793674862426583
0.295261581883031 0.793159810390287
0.31787076596028 0.783013350123565
0.288431054196236 0.796225931035313
0.279534555992135 0.800218080605197
0.278357132328305 0.80074638727127
0.271228530475818 0.803944744579493
0.323642051277405 0.780418458417392
0.284127857659681 0.798157120652606
0.297174265544351 0.792302556032696
0.310787651292232 0.786193092302659
0.281254291649593 0.799446250197033
0.271106941662019 0.80399929046805
0.317806484351917 0.783038685041547
0.270602397057347 0.804225867595348
0.310640740780441 0.786258389102667
0.276098045526456 0.801760000121536
0.300810701490253 0.790668926837264
0.277245307050405 0.801245133279157
0.300297308308954 0.790901392983749
0.296472046542162 0.792617931158336
0.297174265544351 0.792302556032696
0.295759366074224 0.792936420015689
0.275658693559157 0.801957722297056
0.27730115940635 0.801220948039558
0.305879669071969 0.788394911242861
0.288770488015844 0.796073802644634
0.308112282194389 0.78739237414406
0.295236281325361 0.79317178599167
0.278963011519589 0.800474728328039
0.272575656282867 0.803340588917478
0.346004466651531 0.770371373330176
0.298930567128161 0.7915141685421
0.309731297938069 0.786665424512501
0.297498612792394 0.792157066119168
0.304781203899373 0.788889051611327
0.272443568727317 0.803399928823402
0.308225297296681 0.787341586129198
0.297078866819902 0.792343960060038
0.265255143394748 0.806624703418469
0.275562594658265 0.802001232254326
0.300631072284342 0.790749598668389
0.315727462241969 0.783972339252703
0.302646879148039 0.789845140430835
0.296924598248743 0.792414009148186
0.325998173273312 0.779359788236238
0.366949049182029 0.760954237127111
0.285590422980717 0.797501300821933
0.306495109642165 0.788117986868297
0.307417192227515 0.787704508165967
0.269597487843495 0.804676658998008
0.296813898176883 0.792464026586638
0.275658693559157 0.801957722297056
0.276827098326444 0.801432917825732
0.265264821174708 0.806620366464722
0.278170403430679 0.800830168345079
0.303291699011677 0.789557014106184
0.278717066112216 0.800584888746936
0.309780281889092 0.786642019302363
0.308250975304753 0.787330370080103
0.343497250736719 0.771498578852318
0.300651279477497 0.79074122855586
0.314310057725216 0.784607660855841
0.297947460264747 0.791955722508735
0.282032442216701 0.799098012436378
0.268599213771796 0.805124567263054
0.28134898721959 0.799403974922593
0.304687527289928 0.788928716897439
0.277563367021133 0.801102802069784
0.273809028634963 0.802787344555695
0.282739350764939 0.798780337208946
0.306833163919471 0.787967316247666
0.342099828987529 0.772124640290117
0.269243905192304 0.804835409178744
0.269712060788506 0.804625499742318
0.345028940987728 0.770807653666035
0.281187913821965 0.799476053301161
0.299032165274222 0.791466703483822
0.269712060788506 0.804625499742318
0.277579258104312 0.801095672228966
0.277330560304537 0.801207045535285
0.309277021109492 0.786869556923017
0.27898563655867 0.800464179440685
0.338845412285944 0.773587571611688
0.294457685455379 0.793521805199789
0.277579580595383 0.801095460051004
0.310017500696544 0.786539515530009
0.335930156581201 0.77489576133685
0.301554293945598 0.790336476436986
0.278905472620769 0.800500164838227
0.269210019440795 0.804850473949328
0.307095805181218 0.787848885998674
0.335742063905314 0.774980428790822
0.307095584729858 0.787848984997112
0.284240604707041 0.798106830481483
0.29606266433279 0.792800486270428
0.309240265181784 0.786887923153712
0.2772026464303 0.80126468236399
0.288367375185813 0.796255879313993
0.288883681608616 0.796023699344856
0.300441962092599 0.790836801055666
0.289162716211748 0.795898100153121
0.280137229236128 0.799948030187932
0.28642840257015 0.797125438868107
0.307817972585348 0.787522545612422
0.299019251973237 0.791476536004338
0.267730740774277 0.805514233395963
0.273571430107129 0.802893986275831
0.279843705107346 0.800079359473979
0.321315299829334 0.78146628733346
0.293329101438861 0.794029042024988
0.276961489164428 0.801373088290141
0.288695885087036 0.79610726157918
0.342108721175739 0.772120647274469
0.37036069384439 0.759413098413922
0.27513761865229 0.802191211116378
0.329595193139106 0.777743926344238
0.343636023136887 0.771433685314771
0.270248388602678 0.804384752619212
0.2803689915061 0.799843504990973
0.285757136797371 0.797427589379668
0.280161542883021 0.799937033304707
0.328750353698677 0.778125110132822
0.26617758813444 0.806210937173591
0.325955181927117 0.779378584736803
0.279125400963139 0.800402038689429
0.280765672342532 0.799665511226803
0.283472257690979 0.798451149037224
0.309461358635889 0.786788909710971
0.349137447302992 0.76895951479252
0.291184915391856 0.794990037405772
0.284394855647323 0.798037039932834
0.271329565324953 0.803899625094142
0.324987336886278 0.779813755528511
0.28643359022104 0.79712311053166
0.280992456657187 0.799565191271677
0.283205162757094 0.798570872324663
0.279081896977871 0.800421190022645
0.300513114578766 0.790802245835986
0.304238864384964 0.789132279171451
0.270161456334168 0.804423958907031
0.288707718635026 0.796101950085784
0.269410393007699 0.804760560935666
0.278893924675543 0.800505346238191
0.27569051838364 0.801943770748406
0.288553786915236 0.796171908900444
0.286500625525005 0.797093034368515
0.284846237878812 0.797835951135256
0.286490714575894 0.797097331143057
0.374249596994986 0.757663969666708
0.276673078301773 0.801503065858783
0.273134622177526 0.803089728441231
0.277563367021133 0.801102802069784
0.287776175627744 0.796520850584431
0.288855053528817 0.796036539599304
0.269712060788506 0.804625499742318
0.265756609437354 0.806399889587908
0.308745386217817 0.787107805079098
0.288059312727481 0.796393030138528
0.262960565918805 0.807653845861571
0.296139218259716 0.792766836383715
0.383057239555213 0.753701720652389
0.311233578458501 0.78599066515469
0.283878993138812 0.79826904906814
0.273688508573349 0.802842256347409
0.294053524833087 0.793704628986701
0.298817210363181 0.791566198097812
0.31149468175738 0.785873478140504
0.323005357737488 0.78070407461912
0.27941122924054 0.800273404384712
0.288334790292499 0.796270112359016
0.295636802210392 0.792992712149835
0.328678860194801 0.778153986498092
0.270894073721415 0.804095144594552
0.323382142973188 0.780533861216417
0.281276807890583 0.79943720099135
0.285246481879378 0.797656853279763
0.26925749991468 0.804829187718827
0.273807984604252 0.802787773354288
0.284012041099931 0.798210677953621
0.302933311201019 0.789718116531146
0.278373957725405 0.80074069673227
0.337155666463102 0.774353356781772
0.306016100584962 0.788332125385331
0.276233661846841 0.801699090175416
0.293856129420668 0.79379363488691
0.294617861103641 0.793451545304122
0.287861482590761 0.796482668246668
0.311233578458501 0.78599066515469
0.291753922515078 0.794734692289497
0.331384929562329 0.776942233415783
0.288792995570861 0.79606460717993
0.325208688118983 0.779715176880667
0.31091048811813 0.786135764381574
0.345092258361754 0.770779907639783
0.30172969697057 0.790256800241508
0.26987508102596 0.804552923504437
0.291166594823192 0.794998656954965
0.281908538974372 0.799153424854248
0.283292730446087 0.798532437372456
0.281703112100504 0.799245682761457
0.289103708466426 0.795925183475012
0.270030974470724 0.804482507040852
0.262513064541444 0.807854551637602
0.302910738790688 0.789726156569743
0.289238812654925 0.795864732847474
0.307151606282569 0.787821699355834
0.28207525281502 0.79907879024276
0.291970199979899 0.794637875965232
0.310878881254572 0.786149875848694
0.282403726574639 0.798931292784366
0.281703112100504 0.799245682761457
0.287209053526571 0.796774670931875
0.286699907985223 0.79700392663593
0.327040062774912 0.778892294068696
0.278622848404168 0.800627160694105
0.270565969366572 0.804242875355611
0.276664635428778 0.801506484292998
0.270231666874243 0.804392207579707
0.288611380468816 0.796146119890963
0.276293645062016 0.801672212937007
0.3020598054348 0.790109927576803
0.280283296316277 0.799883658471966
0.283541047118693 0.798419818971615
0.304231015525191 0.789135703662188
0.268560960042499 0.80514183664983
0.325879901659892 0.779412746543377
0.270518843539888 0.804263616949103
0.3295429967165 0.777765851959484
0.279803570349709 0.800097696079885
0.273519292717301 0.802918097446904
0.357642808990412 0.765137205264727
0.334349064532172 0.775605582363963
0.38525504071984 0.752712698220365
0.311969260086062 0.785661346222576
0.320650293145597 0.781761892678938
0.322250294801467 0.781042621956282
0.273519292717301 0.802918097446904
0.351669269329843 0.767823615791596
0.335358912646904 0.77515697838465
0.262757420370564 0.807744886368898
0.284314089315862 0.798073365328074
0.338384486416036 0.77379724645788
0.289923081538198 0.795557522332273
0.268347990433909 0.805237363426396
0.307630800829449 0.787609601557119
0.298443555102691 0.791732525429213
0.263161546893254 0.807563642213233
0.269999173509069 0.80449685476533
0.262575386698561 0.8078266018493
0.274508841434614 0.80247360657577
0.338434406980136 0.773770337298424
0.284658588632466 0.797918728966549
0.392447120075624 0.74947015560761
0.277953835861613 0.800927381737951
0.284314089315862 0.798073365328074
0.268307839526584 0.805255372290775
0.391153804217175 0.750056705970655
0.288145533671542 0.796355280976198
0.276211900999295 0.801710332339578
0.270546482040761 0.804250992955705
0.272108013506164 0.803550372962661
0.262513064541444 0.807854551637602
0.30088764577962 0.790635546258194
0.391713327844126 0.749798697233637
0.287319683364071 0.796724356475108
0.278956191873222 0.800478452645789
0.32540708102093 0.779627774087304
0.273725767156424 0.802824260928733
0.272987973748524 0.803156015712615
0.288784681283384 0.796067725339015
0.27504728169415 0.802231930350352
0.268428986446851 0.805201064202826
0.270574735235178 0.804238008561101
0.30747425661545 0.787676937859877
0.291858783573637 0.794686980937386
0.262424467085773 0.8078942860198
0.272634303469006 0.803314596597923
0.291371908433327 0.794905815071625
0.279180774320449 0.800376986589867
0.279258486854712 0.800342523097771
0.295475238214147 0.79306640876462
0.296039143080818 0.792812818301046
0.275983353491033 0.80181172955712
0.379424722767797 0.75533355306225
0.386515539786496 0.752140243966041
0.354591900412079 0.766507242234962
0.373679830511289 0.757919737803243
0.359137750707068 0.764463206695198
0.37839638847936 0.755797795852538
0.371768516952846 0.758778782050481
0.350398280879853 0.76839167089213
0.349860159789155 0.768639093728665
0.385748351633673 0.752489811503386
0.354511576278142 0.766543483601794
0.299204922676181 0.791390839941123
0.304240598073616 0.789129705436779
0.295855067604951 0.792894677062726
0.310079945850698 0.786507908465968
0.305405280750157 0.788609524581324
0.324123485483032 0.78020050035323
0.341526698698566 0.77238314572916
0.389614469659235 0.750742517487031
0.328368860664212 0.778296988016024
0.301172417284618 0.790509226225065
0.35232190482488 0.767534218954634
0.318887364911295 0.782552255945631
0.312321466585155 0.785501923412038
0.295532883084087 0.793039096673572
0.324582216476879 0.779997054186431
0.293523449483377 0.793939757988236
0.31413768018442 0.784690919480257
0.309982701384384 0.786552556674706
0.383365295193711 0.753562132817685
0.369415100449959 0.759838886523676
0.324393779700401 0.780081554102444
0.302791263634131 0.789779887459023
0.34900581677202 0.769020623547094
0.345952118893472 0.770395370063991
0.320410013945234 0.781869921103644
0.297579862960747 0.792120385114252
0.296894832240086 0.792427790570605
0.300913435948911 0.790625221192921
0.354925595714799 0.766356278799904
0.324499869206837 0.78003381996094
0.353551320840645 0.76697851426348
0.352791580747833 0.767317429025649
0.307087593451787 0.787850034797624
0.296581660172248 0.792568678846686
0.356570142960681 0.765618726137879
0.36724822430694 0.760815376697143
0.287523546858497 0.796633446899634
0.343616141143165 0.771442247468996
0.322386463140241 0.780982626565272
0.383365295193711 0.753562132817685
0.294594821923582 0.793461426801733
0.295532883084087 0.793039096673572
0.341166443599037 0.77254388409729
0.322331374955675 0.781007079494738
0.355747030897929 0.765987610718609
0.369081851317724 0.759989952717605
0.296379014148523 0.792657997061171
0.333036435244109 0.77620174913273
0.29458347312963 0.793465388685266
0.324612086335187 0.77998389788197
0.336242274511272 0.774755742489983
0.295619120803831 0.793000449518209
0.346888528902025 0.769970892625018
0.296849746531732 0.792446411873682
0.35799571673037 0.76498047323885
0.339090289614486 0.773479428426188
0.304844801787266 0.788857752921742
0.364939369865354 0.761852878745467
0.335226977033296 0.775212338702838
0.297647832211636 0.792091118427006
0.369809437393453 0.759666021161907
0.389282053660457 0.750901020300277
0.273758359417734 0.802809898198677
0.361404261818996 0.763445453554414
0.368786582222749 0.760126143336156
0.328205285033097 0.77836676397983
0.324924210363844 0.779843767407666
0.332104410502037 0.776616239286443
0.353096827942523 0.767179458283847
0.361431423140355 0.763432382040852
0.303075618633739 0.789653249881911
0.320160866259845 0.781981399732465
0.295850249768211 0.792897439346447
0.345239187070152 0.770713775398097
0.35799571673037 0.76498047323885
0.338192662153517 0.77388170542568
0.368226013456251 0.760378315465398
0.346982654491287 0.769928627932509
0.298912966848677 0.791520448431699
0.295554643849528 0.79302935069912
0.322092422900286 0.781112556967663
0.315039170811373 0.7842828169381
0.2737229051447 0.802827123587546
0.280455025133034 0.799807110875791
0.323247580033925 0.780597112436614
0.365621704115864 0.76154712219436
0.333991921855755 0.775768788251115
0.269130183372553 0.804886257196191
0.302585825274098 0.789871349162782
0.310958388396105 0.78611398130831
0.330839992107905 0.777184219208643
0.323247312910822 0.780597232370331
0.282202997250375 0.79902299469394
0.319008951802833 0.782502509288477
0.319328783694731 0.782355481976392
0.288748291175376 0.796083710671667
0.289794439074833 0.79561531337094
0.318009613103 0.782949451646197
0.292904670394467 0.794217784731702
0.284905552035771 0.797808769573419
0.292946088823833 0.794199190119362
0.272653037692894 0.803305997841305
0.364961502768397 0.761845302087158
0.300595530824726 0.790765078714824
0.26913005335332 0.804886315602305
0.323953582509351 0.780277363480181
0.292946088823833 0.794199190119362
0.285615970573245 0.797490041474842
0.298672975855638 0.79162830031393
0.30842169493399 0.787253135230642
0.316716654610361 0.783526630256406
0.373075732400981 0.758196550347551
0.329575282167779 0.777754415663137
0.303947742694179 0.789262556865215
0.37639693616877 0.756699754771748
0.270337974251152 0.804344317067944
0.285379521614653 0.797596092090347
0.377118566297595 0.756369908028501
0.384353830803051 0.753121265390048
0.303979760822412 0.789248098317925
0.3753076034107 0.757184517709661
0.321698853183483 0.781290151631035
0.373731294084854 0.757901576525406
0.303982859640916 0.789246737127493
0.284091568234828 0.798173645118103
0.286862747724294 0.796930782314453
0.268113030552118 0.805342541413968
0.37639693616877 0.756699754771748
0.343134481855862 0.771661939306827
0.34665709291024 0.770077425215748
0.351978884303158 0.767684533787952
0.323406430305286 0.780524270826445
0.283298440098101 0.798529935209096
0.384760562365094 0.752935330930202
0.364875434869661 0.761884921659346
0.288915841271565 0.796008871469924
0.37618928459682 0.75679433935788
0.312098137438245 0.785602902850036
0.295540164682333 0.793035803925905
0.384760562365094 0.752935330930202
0.323961850139067 0.780273893621428
0.295889373360625 0.792878343665391
0.314412357557184 0.784563576899055
0.369007491858329 0.760025934525948
0.289318829605264 0.795827222863043
0.31485104629023 0.78436404260021
0.268113030552118 0.805342541413968
0.268568571061692 0.805138190531274
0.309878897799066 0.786597343525993
0.303982859640916 0.789246737127493
0.285888110111158 0.797367206527298
0.26846776707905 0.805183388407518
0.267440190001581 0.80564436840412
0.384760562365094 0.752935330930202
0.27238664328519 0.803425836807844
0.285658251754837 0.797470077626057
0.265991557419478 0.806294211923708
0.283869479968255 0.798273694945819
0.28883227521693 0.796045557083639
0.267661609892097 0.805545029307501
0.328411291785021 0.778278433684762
0.287461932415959 0.796661612298843
0.287484353029699 0.796651177451683
0.275412775649114 0.802068333751354
0.397198675753612 0.747332495783633
0.278584022978866 0.800645606973484
0.26707747968226 0.805807099929163
0.296278657174563 0.792703201022536
0.282736355633221 0.798781566094784
0.315058658583169 0.784272420593649
0.285590849775397 0.79750034761399
0.295307749422253 0.793140517787586
0.350456366658716 0.768373801773985
0.302880365005231 0.789741212428132
0.276082134551044 0.801767313383193
0.311443515590067 0.785896658478695
0.29693995453986 0.79240645614018
0.293296131393 0.794042431814754
0.278748492771256 0.800571509329872
0.285658251754837 0.797470077626057
0.304075811523507 0.789206042573136
0.385450433083144 0.752623606530729
0.272387904511609 0.80342527417003
0.299662152093125 0.791185241691028
0.267020502794842 0.805832582270716
0.300495212261342 0.790812117561613
0.314963651323973 0.784316293462623
0.270619493289513 0.804218405334519
0.305280245875885 0.788664831554114
0.343769222827834 0.771378403386879
0.295147653699054 0.793212823413107
0.282881228738553 0.79871605328026
0.368059019000432 0.760452467607424
0.270272307817012 0.804374107630839
0.307859248326392 0.787506022586722
0.307914855808112 0.787479134994875
0.282840226768919 0.79873460246775
0.285073675936449 0.797732342923089
0.293962361188381 0.793743643439472
0.30395313069749 0.789257509174803
0.29334931488582 0.79401880426079
0.309449650797936 0.786790014571365
0.264811256809602 0.806823625018807
0.303312868755291 0.789547873658758
0.292999509672092 0.794175666710287
0.288631787694939 0.796135769489584
0.266701631603133 0.805976086554742
0.284521846241208 0.797980011238963
0.291493848987771 0.794852894776032
0.292576354475656 0.794365997274415
0.314204402428313 0.784655437457313
0.295809059660251 0.792915530576797
0.285358743058685 0.797604593518662
0.282497363048966 0.798888595700008
0.271759445270053 0.803707648194715
0.261517994979971 0.808300855627331
0.307545515381021 0.787647009036099
0.291863071514703 0.794686147319342
0.34542674783809 0.770633125115267
0.311298450552706 0.785963223699145
0.286946382685442 0.796891975693088
0.321152867076571 0.781537037513177
0.327706394014815 0.778590816890165
0.26653048835026 0.806052570694554
0.272836693670892 0.803223598291917
0.282780890971007 0.798762181359205
0.354585815373368 0.766508339734336
0.329356638190613 0.777850710191334
0.328896084932844 0.778057649557945
0.315331009635133 0.784149584064803
0.33386110417333 0.775829532599395
0.336122044070035 0.774811717896587
0.357331358519654 0.765279695286703
0.321159099234087 0.781531260413246
0.265813608133755 0.806374202105666
0.318189401205257 0.782866038025106
0.360624673781453 0.763797565607731
0.304246486448227 0.789127005501592
0.266128883445319 0.80623289766045
0.364662487203785 0.761979261060106
0.32646936720715 0.779147604506395
0.265819174212907 0.806371720937099
0.326663584115027 0.779060090632832
0.392238254234671 0.74956672353686
0.338972459541065 0.77353471705957
0.311465613709436 0.785886731518883
0.265806706349284 0.806377294369116
0.318569217971424 0.782698628836515
0.310134980762686 0.786483971319072
0.39679653397441 0.747511978244116
0.267499481659621 0.805617651740511
0.337172619871782 0.774337280470806
0.319868346173157 0.782110334358337
0.322065082598679 0.781124354870457
0.318256100163706 0.782836132740449
0.312869620902183 0.785255626583835
0.339685367732151 0.773207584810592
0.312999515660628 0.785199235556282
0.344976634405955 0.770830974415472
0.350205390918734 0.768478850081838
0.289351851342518 0.795815066201456
0.308348980420563 0.78728671408305
0.289522921146646 0.795736384357574
0.267787539724824 0.805488499782312
0.380421763224312 0.754884151677708
0.298343759437716 0.791777271769952
0.279745108289949 0.800124156038532
0.265264886089379 0.806620305335936
0.362166192463174 0.763099181331929
0.275503685924304 0.802027527492431
0.277676364409712 0.801052202982326
0.272992179120533 0.803153799772644
0.384032703109973 0.753259859922229
0.28858973413748 0.796156654315443
0.265264886089379 0.806620305335936
0.266477731163202 0.806076265404141
0.303919204565879 0.789275465459861
0.387630909574971 0.751636464586194
0.286802829498556 0.796957317512482
0.317106436623437 0.783355497724671
0.29632282289723 0.792685309034105
0.300264329349147 0.790915012073039
0.333116430541876 0.776161388125648
0.33602689435529 0.774855815088573
0.305205095941741 0.788697861013601
0.269169484611584 0.804868471659251
0.304025588644899 0.789227526955999
0.285086201726105 0.797727756500417
0.286610662128623 0.797043032590089
0.264738018201061 0.806856608008326
0.289642786847599 0.795681901031421
0.300853691750322 0.790653200281992
0.277404122086456 0.801174504085906
0.339783200832101 0.773167764960825
0.289875799337406 0.795579405832453
0.275607585765486 0.801980801490518
0.277265521596898 0.801237242901402
0.286073445552496 0.797284217959176
0.27469125794105 0.802392892741838
0.27161056583396 0.80377338724572
0.369151420469022 0.75995816443022
0.378685580044745 0.755666988572054
0.358119395174468 0.764926623702514
0.266909852181331 0.805882430128993
0.275248996906993 0.802141798135019
0.368476868399991 0.760265826112995
0.273300616316282 0.803015180209196
0.299777461205797 0.791134538750538
0.289902205487455 0.795566323512749
0.27271085995508 0.803279890913544
0.264738018201061 0.806856608008326
0.27915943484302 0.80038679000035
0.264782392770125 0.806836706064594
0.29934278175376 0.791330100085184
0.268229721642141 0.805290208249131
0.272462480498098 0.803391467553829
0.267311279959896 0.805702369425529
0.272712678151706 0.803279075218291
0.27206186677232 0.803571153623911
0.315660714588723 0.784004354282334
0.264738018201061 0.806856608008326
0.273289695063041 0.803020641992287
0.322748378941212 0.780820357349989
0.272912988966671 0.803189210278028
0.272638989443592 0.803312562016697
0.322203092855822 0.781064264054956
0.268192040832359 0.805307450438375
0.318402870044462 0.782771416650854
0.266263807937033 0.806172245018836
0.271754630207499 0.803708951266594
0.26555536434976 0.806489729142357
0.264430653810668 0.806994522388909
0.266011050906008 0.806285319229116
0.286867540345959 0.796928306676358
0.352080299553322 0.767636271693544
0.266908929994251 0.80588318896924
0.352522579601319 0.767439101666624
0.268423547133456 0.805203561951648
0.34335150324671 0.771561980140961
0.27295999510222 0.803168830960245
0.272586478476133 0.803336327188885
0.314868512613192 0.784361666851461
0.263206581690659 0.807543505210956
0.272627268012516 0.803317833690982
0.298604904022897 0.791661270313822
0.326739063356685 0.779026510685759
0.273216109275945 0.803053553344725
0.296558053065241 0.792579529088715
0.270819048041839 0.804129030807535
0.302400089352394 0.789955099119043
0.287537571014911 0.796628295535892
0.277988932845401 0.800912165707909
0.263355700256255 0.807476618145133
0.266908929994251 0.80588318896924
0.292749195168383 0.794289341564865
0.333704969923613 0.775900717586355
0.267645864804991 0.805552315619534
0.320306487783027 0.781919206908732
0.300834421064118 0.79066112018815
0.280415491636594 0.799823969520952
0.300834421064118 0.79066112018815
0.331597966092202 0.776845857848822
0.269483638260971 0.80472808082404
0.264331826347869 0.807038787204347
0.305490171406685 0.788571823533892
0.312061235603969 0.785619893636385
0.278120737623795 0.800853670504045
0.262969737807079 0.80764974562742
0.308892173589585 0.787040765803528
0.2663225280901 0.806146045234652
0.263373089258242 0.80746882453266
0.269110212864453 0.804895618690656
0.269069639842311 0.804913816014463
0.265567384694818 0.806484705206005
0.276805084578947 0.801443585022252
0.266340184790427 0.80613812483563
0.264582212285085 0.806926572435606
0.293526175033402 0.793939515879169
0.292123286477897 0.79456946239905
0.2945320389486 0.793488125054724
0.262671252673117 0.807783676156649
0.310758913608311 0.786204897959774
0.265374734190231 0.80657116733405
0.263500883458968 0.807411501703293
0.290454172784664 0.795319558943731
0.294973218101983 0.793290272848808
0.303430394345 0.789492829552539
0.265471344416685 0.806527607359058
0.270706570706756 0.804179689113531
0.331963068742159 0.77667897948258
0.272655805605708 0.803304729767299
0.285355444940738 0.797606622232911
0.295483557493064 0.793062481623273
0.291163763618823 0.795001051226494
0.319064611072067 0.782472190464897
0.351838356292761 0.767743862503201
0.262848946680194 0.807703966297573
0.395927448721078 0.747903802836314
0.331935130884637 0.776692499395217
0.29530673620536 0.793141340809551
0.331692707681484 0.776801528727144
0.297532019776963 0.792142433786106
0.348242501957905 0.769365879600479
0.312869811249855 0.785254259999924
0.307831322950581 0.787516666265178
0.306418052073986 0.788153079197983
0.27595640830135 0.801823991652126
0.278656625225142 0.800612170881875
0.294100881145473 0.793681911326581
0.278786794983221 0.800554422191926
0.300683767863174 0.790726874445862
0.361078170551573 0.763594566775968
0.287423066309405 0.79667932280584
0.28582332743981 0.797396910907569
0.27595640830135 0.801823991652126
0.279740788121592 0.800125367998077
0.379600696767969 0.755256596579982
0.379600696767969 0.755256596579982
0.32243462902977 0.78096256174657
0.319638410603444 0.782216117863605
0.319558579894099 0.782251879412911
0.331073440442275 0.777080461792127
0.30990118638108 0.786591075588949
0.319857709880679 0.782117580720657
0.309290368810214 0.786863160676734
0.377914232814011 0.75601772329254
0.361205995340418 0.763534535792645
0.320183785125304 0.781970989110402
0.309352151466288 0.786837853098412
0.300283012893169 0.790907722256291
0.319558579894099 0.782251879412911
0.317946752842144 0.782975629772703
0.309964715137526 0.786559966204573
0.323657451533634 0.780411884142791
0.311952750646469 0.785668705239907
0.310796377200312 0.786188476981343
0.324263671413245 0.78013999654127
0.313370739040045 0.785031832776891
0.313605740918008 0.784924910526509
0.313073337760589 0.785164417365511
0.313809751992056 0.784833929960877
0.353072536343858 0.767194573586224
0.30878150130585 0.787092171254193
0.394863264910902 0.748375744209025
0.352443453349828 0.767476814448116
0.315704214754139 0.783983490037584
0.35553456270132 0.766083326967843
0.282222073831278 0.799013806301392
0.308664609335464 0.78714457696776
0.310125766990891 0.786488564019496
0.29779625460251 0.792024982631351
0.335003452021417 0.775311874363289
0.303913698304232 0.789277286676619
0.321610925132932 0.781329834999589
0.337241942969035 0.774309279160015
0.304355140526238 0.789079116137373
0.333483784143879 0.775999406434546
0.353129593371211 0.76716892448112
0.309069248218917 0.786963784060389
0.288163716551885 0.796347426866132
0.316902980883842 0.783446135188963
0.343084210226296 0.771686794636106
0.337034876300119 0.774402675676441
0.365600978233089 0.761555795786138
0.306653153140436 0.788049138878164
0.360111093171342 0.764028363045384
0.353815738609762 0.766858771167802
0.300286206323395 0.790906286528588
0.338551592347841 0.773718959935456
0.313201550845409 0.785108435102133
0.293150565850279 0.794108842230406
0.27700545654656 0.801354084229735
0.278794859230198 0.800551543904418
0.275212788662706 0.802157677543958
0.39339543606528 0.749045561974961
0.384730342476574 0.752950657137741
0.340277403267086 0.772942876394453
0.348202371882177 0.769385190617515
0.331435813838628 0.776918483477763
0.273744716053873 0.80281631959962
0.282256255220589 0.798997690348244
0.340303384714945 0.772931633965253
0.343097418232257 0.771676748718253
0.395106369384375 0.748275382680264
0.347487276983511 0.769701465193167
0.282471979632094 0.798900966427369
0.355220697100306 0.766227180854708
0.280440203338527 0.799813042074377
0.374135277614529 0.757720044578932
0.312218132724906 0.785548298618835
0.307343632578417 0.787737875172592
0.293933670961017 0.793756395167501
0.298020978616977 0.791923689016316
0.373941282737896 0.757807848558508
0.318700077005586 0.782639026559837
0.356039577429209 0.765853831074579
0.392951124123546 0.749239861637604
0.305246585588551 0.788679376608568
0.299641472461526 0.791196907214535
0.392384884036896 0.749491658613
0.282239636264296 0.799005323139895
0.280562720146334 0.799757339991321
0.29724901370798 0.792268040250194
0.282048159378341 0.799091194720581
0.322017797982364 0.781150881500216
0.278920493644157 0.800493653292778
0.331636077258904 0.776830864548694
0.287633495104763 0.796585295300347
0.273012662509497 0.803144389373236
0.299956985231275 0.791052296752833
0.270665234629085 0.804198583218106
0.313744906064503 0.784862888167082
0.28092362254606 0.799595933758065
0.276147128743446 0.801738993887474
0.295123878608745 0.793223769135118
0.283891619820145 0.798263281326589
0.338093646786077 0.773924350766371
0.3560207060706 0.765867627485467
0.292939752129653 0.7942031724169
0.333355517141705 0.776055346073093
0.272371780390214 0.803431922560726
0.27899752310371 0.800460248159094
0.342654933940949 0.771874402470299
0.281114261611668 0.799509596186464
0.328757076076253 0.778120717442912
0.389955258927736 0.750594513799019
0.329903098736963 0.777606669514946
0.312938406344454 0.78522419467708
0.273785889947007 0.802797876576064
0.303849297379544 0.789305580476443
0.320199555306298 0.781966499071954
0.344282856740507 0.771142713426497
0.379716058243025 0.755206283244021
0.282620233680585 0.798834125019617
0.291514540699074 0.794842245213467
0.270530222648661 0.804258595162307
0.293050709088413 0.794155182886846
0.321420180146907 0.781417837011839
0.322481103943427 0.780941769144093
0.301126495572555 0.790529483360224
0.286323364981996 0.797173061163038
0.293835355997237 0.793801920723667
0.290741981255902 0.795189283409505
0.268234980077785 0.805288071142934
0.318957642719901 0.782520779052071
0.320660506550523 0.781758503901355
0.336254586891063 0.774749383480395
0.276109863183393 0.801755694984909
0.278073608109754 0.8008739813121
0.342528524978042 0.771934717370368
0.362657094784653 0.76288187688881
0.285028454803501 0.797754572336076
0.352401928915589 0.767494583777967
0.272166386974949 0.803523892713738
0.3288228542485 0.778089518113746
0.355404347131702 0.76614288917292
0.273329765807183 0.803003241455148
0.274019914322453 0.802693259553863
0.283567666890985 0.798409795507835
0.294466512656495 0.793517472828051
0.287306444827844 0.796730876610838
0.313140459784051 0.785136604034915
0.324436151088463 0.78006094157142
0.379295454864231 0.755397785951669
0.299622718619326 0.79120301389895
0.390322244914274 0.750429392138578
0.302179327697079 0.79005871154716
0.348205618278939 0.769381378135746
0.297911518771844 0.791971975333675
0.350165615235738 0.768497145916638
0.335940548852459 0.774891749881457
0.293324932383978 0.794030647666646
0.327268031329295 0.778787926568621
0.29214275778661 0.794560345246144
0.33802504479594 0.773957749375335
0.390651085329753 0.75028280200514
0.362736696482899 0.76284644430012
0.286485209529267 0.797100358119074
0.390257920002329 0.750460574261964
0.364001000332045 0.762279938871841
0.391696454357776 0.749810984365774
0.326818362036745 0.77899021424361
0.296504444519585 0.792603243385657
0.290178822884454 0.795443268892068
0.286652962887372 0.797023601925226
0.390582828572217 0.750313607654544
0.315074254074958 0.784265878294901
0.311726203762759 0.785768522895845
0.384963732944541 0.752843881101058
0.359986113981304 0.764079391351931
0.29169564197008 0.794762950998113
0.350316264195239 0.768433284785095
0.37187636860459 0.75873796143933
0.368034885820987 0.760460731830746
0.297128837531782 0.792322356523786
0.338071485453025 0.773938153980777
0.284965168765296 0.797781579551917
0.313916578771016 0.784786273257702
0.341781260361445 0.772270644145716
0.291411182972853 0.794891182650443
0.359421282171121 0.764343372148368
0.340191980223481 0.772983449037557
0.305515565739799 0.788559222308128
0.275527066308963 0.80201665352081
0.343838105785582 0.771344895446968
0.296534108954029 0.792589935966329
0.313883080547476 0.784800261011803
0.288452799671991 0.796216260097253
0.2941889472217 0.793643536001167
0.278499280480905 0.80068305269399
0.330453336004406 0.777357866604622
0.297225223416166 0.792279531942852
0.348166232687576 0.769401143953469
0.360931160874627 0.763660082626612
0.316706047655939 0.783531875119274
0.279926632718913 0.800042260687307
0.384467367527842 0.753065308208205
0.336048275414131 0.774844771931815
0.289284808070942 0.79584310101191
0.319072570170616 0.782470631318408
0.36062627600037 0.763797144962656
0.310877382469063 0.786150377087882
0.308537717099388 0.787201801606505
0.297225223416166 0.792279531942852
0.285266945205998 0.797646064860018
0.298226450063238 0.79183017739699
0.364141585725744 0.762216215388883
0.350957395846122 0.768145786052476
0.366276264996593 0.761254063038939
0.371130018443811 0.759067645196075
0.289242977715611 0.795861909025613
0.291158966630118 0.795004595334174
0.360931160874627 0.763660082626612
0.312245989086657 0.785536151798367
0.322601402882314 0.780887101460662
0.301411539897958 0.79039977629901
0.356633907422729 0.76558911477085
0.302325224626788 0.789989998458016
0.35872713022106 0.76465274859771
0.286493303488168 0.797096075951528
0.282745314945605 0.798778950746707
0.283233540066193 0.798558938706919
0.302772721122601 0.789791131166378
0.273207445919878 0.803056904283908
0.31225310150103 0.785535031787108
0.360924361013715 0.763663147164432
0.362001523411743 0.763178939880483
0.346487019723287 0.770150699813528
0.301324215117178 0.79043896185317
0.279971483053185 0.800023782581729
0.284552348059123 0.797966685217818
0.296959869892408 0.792399357590344
0.319036673155598 0.782487748882999
0.319036673155598 0.782487748882999
0.277613640641848 0.801079867291654
0.283832026057228 0.798290413908522
0.362145868551264 0.763113496246758
0.315534554273105 0.784058842040393
0.389902652999939 0.750617217022373
0.306873440106173 0.787949647152313
0.366999472844428 0.760928911385053
0.38192238190276 0.754211258593791
0.317108733650552 0.783350186572673
0.321807520250724 0.781239975279319
0.344535330677051 0.771031693622059
0.319615039433814 0.782224751191482
0.322882516770771 0.780762349689265
0.32007788710966 0.782017710585494
0.388500578179033 0.751245476154167
0.317143059249831 0.783334695301717
0.304409117440433 0.789054051042776
0.322095033796001 0.781111020961144
0.356284316418536 0.765751301240462
0.324297090085993 0.78012214637443
0.312148778072157 0.785578658893896
0.294412878692719 0.793542386829036
0.33584615817123 0.774935484786681
0.286620333731267 0.797039051420947
0.340123298094976 0.773018446095793
0.304223471871689 0.789137402720157
0.337166934508777 0.774341264210891
0.350220954496928 0.768471935077966
0.334164384791536 0.775690913208126
0.286620333731267 0.797039051420947
0.299091793161184 0.7914424962516
0.289607834561037 0.79569823706285
0.304223471871689 0.789137402720157
0.340722420439375 0.772745639050021
0.32732702919175 0.778761766610206
0.340035594832769 0.773051408498771
0.367129180126998 0.760870386545278
0.352691647899772 0.767364252789176
0.314736475689122 0.784415656271943
0.315870816893547 0.783910229689636
0.35839741875854 0.764797274391308
0.294869332301599 0.793337467042354
0.294225636453323 0.793626537907833
0.293946858517496 0.793750371837777
0.363386351842849 0.762551927271122
0.298502643402198 0.791706227565662
0.304283779203894 0.789110354322119
0.313419162076935 0.785007469288406
0.285598501518856 0.797497560128078
0.316927101964978 0.783431868597513
0.396915001883857 0.747453303694541
0.340135239625654 0.77300909429645
0.317137072643337 0.78333769827204
0.289594585819752 0.795704473488195
0.339821043876664 0.773149728854682
0.3389021222926 0.773562992462734
0.32007788710966 0.782017710585494
0.376463542137695 0.756670260828718
0.293646994553463 0.793884965005701
0.2855248351231 0.797533407865486
0.331860180357043 0.776724529868799
0.281564725784717 0.79930760510067
0.294681039481298 0.79342082849098
0.283936413248233 0.798243265351778
0.321561559918235 0.781350401756096
0.295514061781332 0.793047822937745
0.282622643236041 0.798833062804891
0.314035231149787 0.784731675793388
0.338620609861322 0.773687646822585
0.334663769647222 0.775465466457211
0.34437675271039 0.771102203537399
0.334311841985253 0.775625100519453
0.353879432925712 0.766827853329049
0.305141180970575 0.788724642274991
0.285600095472709 0.797496844868273
0.333055045937602 0.77619080833277
0.349798839908478 0.768661630301404
0.352636826949325 0.767385543280374
0.328457262248765 0.778256754123957
0.353039828717757 0.767204353381285
0.311318323797247 0.785952990352341
0.316074392611124 0.78381714755683
0.352972390284939 0.767234671321567
0.327190385344501 0.77882494066755
0.325200333010059 0.779716549574784
0.314513969756733 0.784516686036192
0.294500068366066 0.793502409359483
0.321598088465354 0.781337996515732
0.275861658102397 0.801866571908708
0.293820714467766 0.793807036918867
0.278024248075473 0.800896327762276
0.283979697765118 0.798224528175156
0.298136074676721 0.79187095270053
0.296210290049347 0.792734595990464
0.339288510240146 0.77338906520454
0.296022234498497 0.792819068938954
0.305598059492153 0.788520027004709
0.337769098919873 0.774073611563765
0.28836534251931 0.796256876520809
0.300732600713434 0.790705021809336
0.309466925464216 0.786784958209257
0.292046309289496 0.794603550215675
0.31479813797809 0.784389038998772
0.317256835142857 0.783283706708107
0.301554121299262 0.790337082556028
0.316169007772821 0.783774942259551
0.34247443482752 0.771957326267158
0.312505125754737 0.785419468050286
0.294412878692719 0.793542386829036
0.294782566905725 0.793375519763492
0.27529265066204 0.802122034137724
0.292523394362346 0.794389424781988
0.285476270865685 0.797551914461476
0.339134267732216 0.773458332352802
0.354090681438428 0.766736362265603
0.27779672411248 0.800998408718635
0.27529265066204 0.802122034137724
0.342330295490314 0.772022405189585
0.276428744956676 0.801611816749624
0.27529265066204 0.802122034137724
0.33905470941888 0.773494886112675
0.378844061239188 0.755595676651059
0.296924400846825 0.792415150039893
0.29783905673454 0.792005076553424
0.280297143580858 0.799877680331546
0.30754991761885 0.7876457769088
0.293749961048761 0.793839462476135
0.276811097328229 0.801440599055167
0.342373388740145 0.772002943425933
0.312039791170325 0.785629529582876
0.297229129851793 0.792278137283969
0.28534364557656 0.797611592975895
0.318084684733962 0.782914450544076
0.300292156377946 0.790902962597353
0.375265976899994 0.757210663989669
0.391675955869308 0.749816117403686
0.303188151858006 0.789602280970075
0.297959185964517 0.791950125155104
0.32412231788895 0.780201009427351
0.322444608527616 0.78095704079808
0.297432487975935 0.792188465160682
0.344744020546426 0.770939926593979
0.292714387735092 0.794303661733322
0.37125512617065 0.759015642498088
0.341516537761737 0.772386367577054
0.322992199226282 0.780707759921106
0.323827986386211 0.780333948085838
0.285101452780348 0.797721444882713
0.307469029314038 0.787682428099216
0.31001966346381 0.786535980585857
0.338334069314514 0.773818470754389
0.321006106959691 0.781602790443276
0.29190108095823 0.794669090014372
0.324323077786971 0.780109468375673
0.285315707052151 0.797625367706991
0.32389332862907 0.780302971493222
0.323687581340238 0.780394843009327
0.30508361286869 0.78875261393037
0.31247513040574 0.785433480262407
0.291566083527175 0.79481981429549
0.322953736241681 0.780725039599927
0.273509294645694 0.802921994843388
0.322858038162906 0.780768047600011
0.308337493509803 0.787291352905474
0.314807498417892 0.784386062883476
0.285667782299911 0.797466503860745
0.308913032847587 0.787032390824683
0.292472609239636 0.794413314309249
0.269311836945029 0.804804855419469
0.293716219963484 0.793854275118435
0.270676672443424 0.804192488529857
0.37680451633926 0.756518474106811
0.314760232973358 0.784405990740993
0.293244313139738 0.794066895365988
0.338152034023638 0.773901577770255
0.285696985218828 0.797452743896406
0.345129959226384 0.770760167432184
0.318222474506431 0.782852141823187
0.294162787223958 0.793654666555365
0.35384229334989 0.766845796366664
0.295285800769247 0.79315080379409
0.30456479505578 0.788986592249708
0.287115511301172 0.796817759632508
0.298456878374735 0.791727610845565
0.277298763098468 0.80122157103835
0.312557006101699 0.785397483466272
0.285332562875265 0.797617664389177
0.286677725712515 0.797014397659441
0.295730433330024 0.792950795493208
0.312443037566505 0.785448168659234
0.281867962763914 0.799172904342358
0.292827186930618 0.794255032915973
0.299280354916913 0.7913566317516
0.253110787456179 0.844149444843525
0.239747700525093 0.851029254799365
0.244821185668168 0.848418048756195
0.23626144617276 0.852810830145441
0.239461718265741 0.851164344228142
0.177704778450094 0.882903834053676
0.237930783347022 0.851951855127884
0.246783951875655 0.847393393993819
0.207584653884763 0.867560603692015
0.247959901944979 0.846795856475766
0.176662075090947 0.883439408673653
0.224724330127817 0.858750279723823
0.224668598696431 0.85877055275249
0.246684184100791 0.847448060941373
0.220267599101069 0.861035484417826
0.224536834483952 0.858837117694665
0.222651720090803 0.859808836888056
0.225010688456006 0.858594009224508
0.227318939897024 0.857403429850633
0.175352930597969 0.884112164320591
0.182959553521517 0.880209739096266
0.187354145534011 0.877947323680609
0.219797481852954 0.861282953049687
0.214798575005622 0.863846670972008
0.19255363210209 0.875273655022391
0.192701248735268 0.875197810901558
0.247589880109382 0.846985632005575
0.230003460638427 0.856028220323809
0.174916050320718 0.8843365372924
0.22985245561061 0.856107546048245
0.172381956513205 0.885637893752301
0.17234680424704 0.88565594757907
0.203700753517648 0.869548459423638
0.215146009166759 0.863673647246258
0.17118051074185 0.886254984797788
0.200697580251089 0.871088547044854
0.1989385236662 0.871992429709905
0.204692855957892 0.869039342000878
0.216194354990408 0.863122435231726
0.201197031816069 0.870831453559885
0.211458396080404 0.865565557845416
0.205010061304341 0.868872033351307
0.184451800181073 0.879443947725258
0.240405432373202 0.850686570204374
0.255398387870792 0.842976488231194
0.209763176715501 0.866431882692271
0.167601087231562 0.888094645436088
0.214901013799591 0.863786774016939
0.199412283868843 0.871748821366634
0.223344498898333 0.859450457929345
0.255398387870792 0.842976488231194
0.172548572889022 0.885552314807981
0.23585370162011 0.853029399409164
0.220442372007062 0.860938532689249
0.220122086398634 0.861111380145214
0.182722878568046 0.880331245781562
0.190923306668776 0.876113759581721
0.210221888495838 0.866199869597946
0.163512939984173 0.890193981363196
0.206154673607322 0.868287748352448
0.211864625253475 0.865358333060059
0.190767644385432 0.876191333947348
0.245663438230342 0.847968724033892
0.24033371026227 0.850723435578758
0.205834208791182 0.868449114405143
0.16669406158781 0.888560415727364
0.206645571623233 0.868037379205723
0.191277959592515 0.875929207984472
0.217239841231 0.862588745635064
0.242102326505979 0.84980033747411
0.185705307183701 0.878794190155471
0.172308080932818 0.885675863689582
0.224762381772295 0.85872611476964
0.163289299562036 0.89030887765998
0.176753931400054 0.883394691827416
0.163512939984173 0.890193981363196
0.21152827127057 0.865523916379483
0.1933375234378 0.874873107471452
0.19871175650072 0.87211289901602
0.165129645366729 0.889363684011516
0.183746924818933 0.879805653693144
0.190228097244468 0.876470968268796
0.165114022671812 0.889371794222804
0.187202580430357 0.878023391140321
0.233600875368166 0.854187275147314
0.17678783861136 0.883377313883754
0.175002018805878 0.884293572593927
0.184361599816234 0.879484560692145
0.19409822766216 0.874483703338688
0.240427057573818 0.850675469386096
0.191933759717201 0.875594270112899
0.172318712000134 0.885670403699431
0.187354145534011 0.877947323680609
0.167110176653349 0.88834657680703
0.171175828242874 0.88625785678268
0.227138854676386 0.857495971961809
0.170369602620152 0.886671485349674
0.187144345606252 0.878056136753969
0.20555766089751 0.86859723797521
0.255601662580855 0.842854510646108
0.188100237748307 0.877564068144879
0.182512808056943 0.88043917385071
0.18411564235801 0.879613166669747
0.242242057107867 0.849736444092637
0.172317686035307 0.885670925446882
0.200769095001483 0.871060003866868
0.192372021117061 0.875369135817402
0.189304572521097 0.876945275170987
0.182798662990133 0.880292457995911
0.176989325430161 0.883272098303596
0.164411393247508 0.889732758534831
0.18150392998454 0.880957097528751
0.195479493518458 0.873773323341329
0.244113336112508 0.848773585312165
0.170526007892425 0.886592361546316
0.163289299562036 0.89030887765998
0.208808725378632 0.866925422281417
0.194378081348624 0.874339684836391
0.173783724454095 0.88491773957226
0.192348120447952 0.875381320252198
0.167238888124951 0.88828045155842
0.18610861644064 0.878587602876607
0.210711195229886 0.865941724006187
0.183652824681207 0.879850085759807
0.207209342601154 0.867740317644519
0.183746575745975 0.879807133778051
0.195527847743173 0.873748516431041
0.167988903529857 0.887895611623766
0.226929448739817 0.857614390226564
0.167988903529857 0.887895611623766
0.17585399052978 0.883854724319702
0.204363992519192 0.869209820714868
0.221105739230913 0.860603622511573
0.170968422773728 0.886365853139879
0.188111453975753 0.87755830688116
0.165048367224088 0.889405617407906
0.198543981749353 0.872201082042141
0.230520600658955 0.855766405284961
0.168496972156498 0.887634680272192
0.189882247462885 0.876652939991313
0.169665672827437 0.887032926090894
0.169552081251876 0.887093155967502
0.164927318328609 0.889467488920766
0.17280721914476 0.885419805164056
0.20948487107073 0.866584016960889
0.220975300868726 0.860665499269758
0.174006665351555 0.884803527427296
0.197361083460755 0.872803381952789
0.205339129258783 0.868712611406451
0.203462447535931 0.869673063106831
0.162327243999789 0.89080186234805
0.190855801359038 0.876146912649454
0.191539712705293 0.875797485394986
0.176603013956081 0.883470134542765
0.201868868860249 0.870486894018446
0.191944059531132 0.875589035783094
0.16310408937853 0.890403495817677
0.166954565848297 0.888426656485969
0.248690961298764 0.846420781779384
0.215869384633097 0.863290152705856
0.252208181999319 0.844614941268184
0.186027717897403 0.87862883833963
0.177446636520812 0.883039141088998
0.188022577040004 0.877603677806681
0.212343763077577 0.865105497317569
0.178245041386515 0.882627288088717
0.17900776240688 0.882238343365737
0.195686002579738 0.873666919811898
0.209679966964591 0.866483614726751
0.172495020291593 0.885580062221825
0.186008695506067 0.878638925165352
0.162795616972188 0.890561484073233
0.190226187217273 0.876471814991192
0.235233245057651 0.853339905398567
0.162581939470616 0.890671043590754
0.16715676801444 0.888322852396122
0.236939533654073 0.85246599874197
0.207634259610782 0.867527172278835
0.235755709925147 0.853073025746882
0.252208181999319 0.844614941268184
0.185811073418619 0.878740094586715
0.173320385137889 0.885156089302816
0.220498096147024 0.860915536606372
0.202346615026303 0.870247350159846
0.162861320992324 0.890528817986085
0.185447951887018 0.878930130549786
0.248417563152378 0.846561500744121
0.209239051438506 0.866702495989228
0.192319494256107 0.875396235589282
0.189557144338141 0.876815480399877
0.223772390463256 0.859233484876279
0.226858743259905 0.857657160690896
0.181502986993226 0.880957602912886
0.167378508645519 0.888208712867626
0.188389600691483 0.877414907226928
0.22994973633001 0.856060111597819
0.248445046097341 0.846540029173063
0.185777647516619 0.878755047227701
0.23655911943847 0.852661446277176
0.213937146623691 0.86428391248275
0.174736288185589 0.884430936414616
0.160208869638173 0.891890548951927
0.196184438665975 0.873410951920851
0.232895124259857 0.85454801366732
0.215576352411441 0.863441319616202
0.196480079502302 0.873262065320152
0.245308826502988 0.848166085211953
0.242643848796152 0.849524723741777
0.167123131282132 0.888340125005644
0.167499406574898 0.888146870957349
0.231426113552312 0.855299497938239
0.232500679488545 0.854738153370584
0.195684106700792 0.873667896821848
0.175283060170389 0.884147541869453
0.18131804514861 0.881052551380253
0.167338677263583 0.888229441547588
0.18131804514861 0.881052551380253
0.191959667507918 0.875579876246352
0.216521755419994 0.862961075172435
0.185810956113877 0.878740154825023
0.204777477628711 0.868999639724655
0.251062060312219 0.845200783946004
0.190072591436845 0.876550691193239
0.21310025984591 0.864726059886507
0.234942273388959 0.853482792527557
0.159904029470986 0.892047023445679
0.167123131282132 0.888340125005644
0.194058635798957 0.874502715417668
0.172840694946394 0.885402319458261
0.162633247731258 0.890645641525302
0.215435329746172 0.863513590571625
0.236939533654073 0.85246599874197
0.167122746965456 0.888340872859744
0.252266997857488 0.84457461261809
0.235406413808291 0.853262977771595
0.18809273899537 0.877567529062972
0.242708443466492 0.849504457200217
0.168784193817458 0.887485689272174
0.209995337045569 0.866315847816623
0.171233814521129 0.886227594476021
0.166044907173198 0.888894330500583
0.181319290272828 0.881049547078334
0.192432204720714 0.875338817659736
0.171493543372313 0.886095751223792
0.196737383770403 0.873129764932392
0.189571525055512 0.876810552161918
0.176760097322991 0.883391531768378
0.237935380041458 0.85194747124606
0.17623601307692 0.883659849783584
0.188079880965986 0.877579177650702
0.161898881891892 0.89102324551056
0.242859061438512 0.849417104084136
0.180131769039151 0.881659374097265
0.226658178709568 0.857744693624584
0.216767904199139 0.862837628900426
0.161363098952377 0.891297854752661
0.228093472638723 0.857010882721965
0.253020746280425 0.844189774559284
0.187796278137419 0.877724579677829
0.224972848163889 0.858614545868841
0.170100184868013 0.886811221280988
0.170845398886895 0.886427064045117
0.16179954750136 0.891073807465327
0.171197047282373 0.886246479018631
0.212301171673698 0.865124502653094
0.182960437149598 0.880207312508386
0.184442941895695 0.879446427361919
0.178342023222376 0.882577239856556
0.18743128101371 0.877907914997223
0.224369679311127 0.858919757759203
0.192424405625626 0.87534249230109
0.203651854509462 0.869574966221552
0.229368307280337 0.856350808073468
0.221705813535839 0.860290400670699
0.2545412913784 0.843404718380846
0.221047302142172 0.860630520554093
0.250110732503019 0.845687581844994
0.158428297998719 0.892804132777427
0.226919300579084 0.857620653616417
0.207871514660717 0.867407322498351
0.243750256845373 0.848953211298297
0.15971220387523 0.892145558657457
0.219969647001805 0.861185062315668
0.197643042654479 0.872662236831837
0.231117864354691 0.855451680130134
0.207533080183931 0.867578074810076
0.21346117665406 0.864529834982558
0.212857285609553 0.864849114246986
0.181085038085043 0.881168142805848
0.247659085930005 0.846949950278967
0.192177265738508 0.875469846598246
0.19361544747402 0.874730984868446
0.189787669708105 0.876697032717334
0.171170738588596 0.886259975887701
0.190621741764803 0.87627069235931
0.158179466252035 0.892932006657679
0.210662000386491 0.865966045943907
0.18087092612264 0.881280210040684
0.194682657174215 0.874178635510293
0.166915539185934 0.888446706278001
0.193323614999978 0.874877243069885
0.238741911423889 0.851527241061792
0.168287063815369 0.887741206432284
0.166712651407502 0.888552382324158
0.184637596807143 0.879343222178164
0.194682657174215 0.874178635510293
0.187423909883678 0.877916065775925
0.21453013168768 0.863979126150649
0.207520745817784 0.867582380997441
0.187254693693993 0.87799833169301
0.185810956113877 0.878740154825023
0.16490850277872 0.889478204760727
0.232145841178391 0.854929036236955
0.158743454632542 0.892642305775461
0.181413215831151 0.881003940510508
0.180719400720952 0.881360227095039
0.191916048354241 0.875602103862757
0.170851595684205 0.886423773955351
0.162469777442019 0.890729419443277
0.195766273055312 0.8736265266861
0.171153486009646 0.886268725664944
0.177893350591003 0.882805535656799
0.240297609588622 0.850738631577755
0.211738892965011 0.865423761300152
0.189249852111964 0.876973583971692
0.189785110842127 0.876698353656722
0.245620285549941 0.847997125344827
0.191122989823081 0.876014118076574
0.176760097322991 0.883391531768378
0.236939533654073 0.85246599874197
0.182864149047825 0.880254320282844
0.180553267752315 0.881440801303735
0.173996178951814 0.884809466889884
0.165304701747913 0.889274143049947
0.224906983234522 0.858646276729799
0.193540539306448 0.874770150881475
0.18518508270786 0.879061233072045
0.205490374294076 0.868632737487279
0.184235078916034 0.879549428064696
0.215692595418612 0.863384124448713
0.250340055734959 0.84558348338295
0.194540035248051 0.874255974696082
0.204341691834106 0.869224181455701
0.228714389874061 0.856687670229679
0.162069100459047 0.890934396461452
0.213261464260445 0.864634304080692
0.171091029950154 0.886300901619699
0.168806298054196 0.887476541700625
0.169118027080583 0.887314136754045
0.185737112700044 0.878778095093915
0.170851595684205 0.886423773955351
0.182963901999449 0.880202580370954
0.215629180664056 0.863424824829094
0.234075608301998 0.853945567478628
0.177241833009902 0.883143306269916
0.168987086478113 0.887381722730491
0.201454004420098 0.870703707468526
0.175964076189471 0.883800395002425
0.182476394436741 0.880453880445586
0.210562001165741 0.866022812553939
0.209823653579421 0.86640815332772
0.188044165801534 0.877595356977034
0.195094906357377 0.873966917259703
0.245479328575421 0.848077222247873
0.167489686048633 0.888150354453204
0.234728854963334 0.853605685556007
0.188661578560996 0.877275326633313
0.17216446491053 0.885749478748732
0.175499937865042 0.884038627417422
0.210337781440711 0.866141866002243
0.198588726883324 0.872176802320805
0.16363566779439 0.89013015356016
0.183880203918603 0.87973472215059
0.239301601539196 0.851244151779787
0.205216728716604 0.868772263321822
0.16691181850862 0.88844745080709
0.175598632285701 0.883988139197216
0.181233355443773 0.881093307091988
0.169067559332847 0.887343547398179
0.202586114195772 0.870118692690786
0.209259596528171 0.866691099055772
0.178797719581107 0.882343976372291
0.172280117819257 0.885690142225693
0.194432037496741 0.87431355085024
0.166174973245828 0.888826959630168
0.191694153360137 0.875718691933503
0.191846526690898 0.875639081529336
0.167598461785214 0.888096465085314
0.2115727877796 0.865501612118173
0.218760462653163 0.861807573025325
0.174776387680749 0.884408157043037
0.205691981226734 0.868529294478941
0.169918756418062 0.886905086827987
0.174213286280829 0.884696798637617
0.159913756975803 0.892041854886933
0.241307497598431 0.850220760758328
0.190351295508435 0.876409511936844
0.160994019060022 0.891487466272521
0.17988557184959 0.88178656344519
0.194274390274954 0.874394122454462
0.172404924953476 0.885628190170348
0.213851320825708 0.864333709208756
0.20397976539545 0.869401678901258
0.168920410737379 0.887419136072373
0.169777538591829 0.886975449535031
0.210247136449919 0.8661854823223
0.203983856869701 0.869399580555413
0.166067157875537 0.888881345658788
0.221230195273769 0.860539782262776
0.198300872472478 0.872328605829475
0.198260498837412 0.872346278094934
0.175777926433108 0.883895327290615
0.181264399421397 0.881076612574228
0.174766819870296 0.884414578232565
0.170746008908435 0.886482055795731
0.172792742402179 0.885426563450385
0.164225071325087 0.889828467790313
0.170661423815839 0.886524388221188
0.235141932155225 0.853391289229081
0.158179466252035 0.892932006657679
0.232012067453857 0.854994156377207
0.212988012374211 0.864772442399609
0.222626974774998 0.859827981747718
0.191251685965894 0.875942468798395
0.160502662835102 0.891738836106287
0.189864627795807 0.876658759124972
0.164708883488924 0.889580070814582
0.2000245934908 0.871434781440768
0.177082764938444 0.883223137093031
0.235640945970904 0.85313533323655
0.201258571605649 0.870799766238358
0.246869082790218 0.84735212676894
0.201766303416785 0.87054239349438
0.194062579045339 0.8745026910885
0.178908619240166 0.882289182348465
0.158027829587541 0.893010180251679
0.170025407252634 0.886850112096363
0.204434096010329 0.869171108344754
0.224948804887483 0.858628508656909
0.192347612762258 0.875382826696762
0.157938666695633 0.893056265697387
0.179779959943911 0.881839595058421
0.186628237007045 0.878322458204185
0.185493489630205 0.878904779650509
0.253149400287543 0.844129191660697
0.252857599870374 0.844280038441955
0.1746503390204 0.884472937706639
0.21056089429733 0.866025401129642
0.186002075724207 0.878641134897186
0.23603665637729 0.852920652565176
0.251029663994443 0.845220167113976
0.252025666085199 0.844707652706226
0.255978175243912 0.842673411315413
0.1746503390204 0.884472937706639
0.220575058018997 0.86087717831165
0.211995024832444 0.865289122788367
0.183909109590516 0.879719032294307
0.180409679673154 0.881514233972874
0.18156456021913 0.880920702382981
0.220731636112635 0.860796712373267
0.245745966954145 0.847926950621679
0.21056089429733 0.866025401129642
0.175500969341613 0.884036809851701
0.207400949329775 0.867651207522505
0.17462886044237 0.8844839817342
0.18404403364014 0.879647027011337
0.185146176267026 0.879080957645999
0.186851316582805 0.87820537955077
0.180409814640224 0.881514164664538
0.202183830577029 0.870328174190728
0.220617179703536 0.860855532188575
0.253597350042354 0.84389847671039
0.189561363221991 0.876811674215498
0.207154981727188 0.867775638376643
0.20085996085376 0.871008277143415
0.21148754199838 0.865549959515688
0.216446575792786 0.862998096676364
0.18005140943109 0.881698367124911
0.180167247904714 0.881638810196922
0.207154981727188 0.867775638376643
0.222590426933264 0.859842547225304
0.183917938879702 0.879714017032388
0.20085996085376 0.871008277143415
0.203322983540744 0.869744889107274
0.17721867550696 0.883154068014861
0.23035387048663 0.855843342598648
0.215715526030151 0.863373812596378
0.22982073169443 0.856119883045617
0.20266705754937 0.870088099713808
0.256191661225517 0.842562667151195
0.251858130436004 0.844783029162939
0.232845188088267 0.854566928379896
0.170063159403522 0.88682883867353
0.192708546026305 0.87519359837353
0.189561363221991 0.876811674215498
0.169414719577011 0.88716189131337
0.90363710144319 0.210580699925171
0.249213083548582 0.846146892677038
0.237156479655493 0.852354634765588
0.23603665637729 0.852920652565176
0.246328331222205 0.847627861943421
0.212929091676366 0.864814089039098
0.216440589124754 0.86300117851891
0.178437710168657 0.882527050110447
0.178251253602109 0.882622770999555
0.193521300852597 0.874778681934887
0.194047616825075 0.874507162295637
0.181666049486378 0.880870732768544
0.236912922709751 0.852479540367131
0.167801254253216 0.887989897800852
0.247770616619757 0.846883109937746
0.217090256574897 0.862667349642723
0.236912922709751 0.852479540367131
0.185026675853659 0.879142061460924
0.190829739291588 0.876161943509854
0.22595723150491 0.85810908819207
0.17462886044237 0.8844839817342
0.191566627202817 0.87578158310256
0.181666049486378 0.880870732768544
0.200861139229645 0.871007674728308
0.226460848365004 0.857857726785631
0.211093529617575 0.865748778547755
0.212372775496166 0.865091539222063
0.181666049486378 0.880870732768544
0.238795804399142 0.851511862717745
0.193005015909844 0.875042623076414
0.203885575605503 0.869454505849112
0.193515356552155 0.87478446464953
0.197975408984735 0.872489000118909
0.189436766807436 0.8768756741911
0.233976748730376 0.853993158439132
0.231969884801072 0.855028151228646
0.186973988607796 0.878139805542251
0.200858199734114 0.871009185673087
0.256095638039803 0.842621311396566
0.175727482946382 0.883918661542589
0.195089379747105 0.873971572984545
0.173692914545935 0.884965010487185
0.169620726090335 0.887055356505925
0.251643911488757 0.844899756952194
0.230579847002559 0.85574574965376
0.227151926798739 0.857490678199545
0.174962101911197 0.884311944136595
0.17661033527897 0.883466204759619
0.232638364979281 0.854678979357271
0.216285196326244 0.863081412641581
0.207491028264947 0.867606243103783
0.180919161410516 0.881255901824375
0.189436766807436 0.8768756741911
0.245407082631263 0.848101060022381
0.201127752970603 0.870870647621213
0.211505593879201 0.86554214209365
0.211396371718623 0.865592394673924
0.244108320964759 0.848776049026806
0.234964080741235 0.853480155018445
0.250103166778403 0.845696545078095
0.224110444596603 0.859058079747829
0.177439534018779 0.883040086989987
0.172122483910786 0.885770119383223
0.172669133282924 0.885489508488044
0.2036182233239 0.869589630574535
0.182218301091551 0.880587168878235
0.196247411367007 0.873376118820361
0.192915647397161 0.875089864384832
0.189436766807436 0.8768756741911
0.174936397362544 0.884325041664097
0.239117808395879 0.851344840795343
0.188676315810437 0.877266185948616
0.19722396239886 0.872878652885863
0.191864767115802 0.87562808617194
0.182429278343343 0.88047884373049
0.175375791491506 0.884101708687058
0.222899405658015 0.859680344732187
0.165407849398528 0.889219407896293
0.184312754435618 0.879509096428519
0.21761822696909 0.862394916239729
0.175441640841463 0.884066641857505
0.245288515147269 0.848168894633841
0.234726451967306 0.853606210884273
0.194451200474717 0.874301851447789
0.188737718104111 0.877238984161055
0.165407849398528 0.889219407896293
0.225871062158302 0.858157750367869
0.901810068973993 0.213519979557677
0.209310887999317 0.866665978561139
0.172147674698988 0.885758914573332
0.240836553367215 0.85045167908887
0.20675212640547 0.86798289330342
0.214016605764945 0.864253723568737
0.209429705373576 0.86660022178822
0.171936047432654 0.885867251335031
0.192031794809281 0.875542883872127
0.161847605812323 0.891048198331964
0.199288026164662 0.871815297023868
0.235968740818958 0.852963840154138
0.174468527720881 0.88456768303087
0.244357153777993 0.848665575062061
0.177391039698427 0.883065017863504
0.180293238532534 0.881574842603955
0.178722467250225 0.882381143255924
0.212857923538116 0.864844505626729
0.251928222847705 0.844760239247495
0.180256398961745 0.881593082366362
0.179155712904934 0.882158144905862
0.161847605812323 0.891048198331964
0.17398531397983 0.884814353060952
0.179496896474436 0.881982883092183
0.201279886807572 0.870799013865924
0.201398340752532 0.870734267728356
0.189873636271692 0.876652968583566
0.18471949345878 0.879301397944919
0.164886542280178 0.889487325930193
0.216392799606063 0.863026071835151
0.872200546026467 0.261137124353191
0.161116100661398 0.891423851829534
0.879264373530876 0.249781295271971
0.200173087357546 0.871363010554959
0.161116100661398 0.891423851829534
0.196911572227923 0.873037538871414
0.161444333872053 0.89125516597751
0.177440093978836 0.883039799283826
0.183476806663547 0.879938370559001
0.215174509306351 0.863651036350093
0.193968654913092 0.874551822018564
0.191653184235855 0.875742678100156
0.182299582246616 0.880545891770428
0.19878312977996 0.872076966866254
0.182471065131962 0.880455070389766
0.223384210758806 0.859428703941647
0.200940501549137 0.870966007645348
0.179554357301215 0.881953870467436
0.903441247161655 0.210894263292442
0.217175393059495 0.862626007284736
0.208303029365249 0.867190110434533
0.203348092159514 0.869730832939055
0.161243464983668 0.891358431533888
0.161066771958471 0.891449184311345
0.219288231874024 0.861540893141393
0.169491990873939 0.887121530847874
0.252621412428107 0.844389770406187
0.193810816687968 0.874629210265443
0.205877422240878 0.868429926422299
0.177635113374309 0.882939633159152
0.161077949662238 0.891443437368562
0.192515877764735 0.875296635801883
0.179549753417607 0.881957156358238
0.168222942504643 0.887773441049521
0.177440093978836 0.883039799283826
0.220925944523125 0.860695585818671
0.196109439907741 0.873447557255575
0.20166520759704 0.870595904917372
0.170828329162849 0.886435754160355
0.171267718911148 0.886209332508676
0.229559846382278 0.856260519289869
0.165250585262616 0.889301217862847
0.200963901679065 0.870957612568159
0.178303687333537 0.882596603203533
0.209569364753925 0.866533243013502
0.175034681033666 0.884277167042724
0.171582540727322 0.886048934366827
0.170125953986157 0.88679559021899
0.216141535785247 0.863155199325447
0.878753490534159 0.250602371681213
0.183686845256049 0.879830281956218
0.249319246336521 0.846097917695958
0.16370643272271 0.890093750183641
0.161082137698332 0.891441291797181
0.196748464185581 0.873123895868041
0.169491990873939 0.887121530847874
0.21407008747094 0.864220844073988
0.214782963411718 0.86385136280366
0.23761325249909 0.852115946040497
0.236933129562794 0.852469797211025
0.165739987548428 0.889048925905303
0.870413119857105 0.264004587390881
0.160810937325815 0.891580939758016
0.212163275933772 0.865202178830265
0.19644772998447 0.873278337490978
0.237391150202488 0.852233367798113
0.923143012329426 0.179171587039601
0.916848782573221 0.18931048842694
0.209522351284955 0.866558740893731
0.192017489854682 0.875555326830673
0.195115017983015 0.87396317407007
0.212385115942669 0.865085684936971
0.178134239634002 0.882684804348479
0.194245581928815 0.874407846617456
0.206878452861129 0.867917782126167
0.896216212760087 0.222514632848606
0.219763399219832 0.861300855891102
0.167417911736888 0.888187025976839
0.183530839574561 0.879910540370021
0.230938942784561 0.8555496813114
0.160810937325815 0.891580939758016
0.19076263392975 0.876195837684415
0.216314582456964 0.863066246166311
0.907475575251418 0.204399287140915
0.199185200147726 0.871867699784656
0.186432374683058 0.878423643818705
0.221489545327752 0.860404696760468
0.255786895306038 0.842788744829433
0.214526132254664 0.863985161582958
0.182443843397596 0.880469159547919
0.171878943436266 0.88589640162934
0.165364251435587 0.889242224551279
0.182307686772757 0.880539031728445
0.184455219096446 0.8794354623892
0.198597622895935 0.872168950663074
0.184116854611957 0.879608195413389
0.918467578797682 0.186699238316152
0.231150972203387 0.855440788946469
0.203348092159514 0.869730832939055
0.166923750671741 0.888441189472891
0.213218180938988 0.864656721518057
0.219908635608346 0.861222327422314
0.167898274455084 0.887940516021202
0.167921728810789 0.887928470635962
0.240787325720505 0.850486036626347
0.185836807179561 0.878725924224328
0.203375450764017 0.869716782731101
0.161268343662344 0.891346246859087
0.235331630380084 0.853293047932425
0.197817909380894 0.872571617743405
0.202371234631164 0.870232264087405
0.91939474327278 0.185206161548582
0.175910123862079 0.883826286698948
0.226991716813391 0.857582122398391
0.194258276620562 0.874404745085178
0.914928141572496 0.192398426957925
0.91456549149606 0.192983688064254
0.203306664972763 0.869752226174257
0.160896332137181 0.891536731098184
0.878416119059021 0.251153176530474
0.898171571367464 0.219372353509037
0.915653300520354 0.191232805462176
0.869646303501313 0.265233792368854
0.908802707174631 0.20226464193187
0.869379216239553 0.265660995788329
0.869379216239553 0.265660995788329
0.867602279180965 0.268516042329583
0.871221471505206 0.262709833979436
0.91572624087958 0.191116634113155
0.867971248440269 0.267928791498887
0.905154184759612 0.208134314026958
0.915243302785661 0.19189444293066
0.902273575065019 0.212771469742612
0.903477111825687 0.210832870072801
0.897190100064835 0.220945554525481
0.900975987161345 0.214861724369182
0.902273575065019 0.212771469742612
0.876160466566601 0.254775771712624
0.87113285728462 0.262857190061078
0.871627600081617 0.262054727582106
0.871501338530288 0.262259315014426
0.918077293798835 0.187330865101277
0.898642414054549 0.218614064291887
0.875378317726032 0.256026474988699
0.918434635053649 0.186755322530957
0.916161485097757 0.190413971060542
0.915141333367286 0.192056795594779
0.917226045092349 0.188699790335928
0.912121896816864 0.196917854040307
0.919546241516876 0.184964566887362
0.916824215272798 0.189348433859945
0.900700557252314 0.215304057484542
0.912518371601391 0.196280740246748
0.870882344175383 0.263270028177077
0.896029348293767 0.222812026663762
0.912286432780761 0.196654153170231
0.876964467523431 0.253469389514621
0.92052815697963 0.183383202037407
0.917974026970891 0.187494058437955
0.919380162182775 0.185229641547992
0.90385461254282 0.210227337908725
0.869745844169019 0.265083226570399
0.897108175758477 0.221079373304313
0.907327583400643 0.204638758991589
0.904387583028111 0.209366468659594
0.904425077954406 0.209306106539612
0.920187424389363 0.183932317638023
0.912801165827499 0.195825251831838
0.900760387529157 0.215207729534419
0.910243249038477 0.199944493848919
0.89821878803361 0.219294631836325
0.872631923542507 0.260449567306847
0.897440524775999 0.220544180471215
0.916864552857538 0.189282952063556
0.898723844400941 0.218484885439816
0.8673843952555 0.268865998946077
0.868752897818415 0.266679737217016
0.907679199940774 0.204074630322148
0.913641173509582 0.194472942065836
0.903969508368591 0.210039565015307
0.905159113783852 0.208124812112077
0.898772549404509 0.218399929427842
0.905160644017768 0.208122348486428
0.904654782543753 0.208939411434521
0.908348530820022 0.202989797758059
0.905014264400938 0.208357120496413
0.908348530820022 0.202989797758059
0.900099055579702 0.216271090448993
0.90523317026347 0.20800551694404
0.869086634466759 0.266140533444751
0.91916486560945 0.185578956087466
0.903975554714488 0.210029831651981
0.920242571290208 0.183841573257686
0.914724488574652 0.19273076636911
0.919787184381903 0.184575150864689
0.92205995448273 0.180915553409699
0.920377482984054 0.183624335832271
0.921369803371528 0.182026931251839
0.91934475265378 0.18528779563422
0.918065015824659 0.187350375742966
0.91187118973736 0.197320435534246
0.899891484628238 0.21660062226673
0.92205995448273 0.180915553409699
0.92245077199863 0.180286075950274
0.917842823604078 0.187706316418844
0.908471746859732 0.202791419252862
0.919851496757836 0.184473460188924
0.903081554613899 0.211468844495259
0.908471746859732 0.202791419252862
0.876671463916182 0.253948105633545
0.913410030169933 0.194844298243368
0.900142992378539 0.216201181859814
0.910528976518025 0.199483936778572
0.919847954910543 0.18447826796696
0.912979365833492 0.19553748269977
0.912969867296875 0.195551966075695
0.924262836016468 0.177367660069763
0.921174330689632 0.182342270554232
0.873277030023397 0.259402426256966
0.911471937810638 0.197963352780484
0.909534580443591 0.201080742189096
0.91415092459213 0.193650853132234
0.901817080977753 0.213505143418435
0.898281158604247 0.219198231544481
0.920519477437874 0.1833965940977
0.897388878178502 0.220634658237039
0.916846034218418 0.189311136056661
0.910644924596756 0.199294135452376
0.903161753382797 0.211340140102012
0.921320530772173 0.182106751837422
0.879561478819462 0.249304691447543
0.920082628629114 0.184100416397647
0.915534167763226 0.191423342682191
0.902496713179385 0.212411328740176
0.920819570701685 0.182912265168553
0.916719913363372 0.189514635623475
0.911565285496052 0.197812266059468
0.921768606368027 0.181385085255372
0.924757102327805 0.176571467527048
0.923272541015538 0.178963654373777
0.91956539748543 0.184933811109104
0.904613758690624 0.209007550030799
0.922487493135049 0.180226928049463
0.908045935315683 0.203481604199407
0.898274311847033 0.219211873767679
0.9186373399721 0.18642765541008
0.879226319252409 0.249842135948772
0.902382382720996 0.212590446190522
0.898559242224473 0.21874417323467
0.897921482263876 0.219775844294378
0.910557020391097 0.199436353103691
0.874665916199372 0.257171712601359
0.916559434353712 0.18977235243048
0.924112747057707 0.177609432278168
0.922908251449965 0.179549607796937
0.919603283883446 0.184872258449694
0.873560463175717 0.258951299562532
0.872941843072871 0.259945115747523
0.92337648558177 0.178795197845077
0.914172569566732 0.193615862934762
0.901363470868911 0.214232722085054
0.899436707369268 0.217338070566014
0.875341601383255 0.256079729624874
0.869996188576332 0.264687245353497
0.87444513228881 0.257531999617281
0.903587648996528 0.210653942211248
0.871950022242448 0.261544371985735
0.91661852950208 0.189679711782073
0.92375903442444 0.178179853284985
0.918875046738228 0.186044595083769
0.871433835818722 0.262361284605532
0.879590834331696 0.249250923899728
0.876423249791767 0.254352089460126
0.911536359970987 0.197861846892833
0.895688264363857 0.22336912682656
0.868280284400124 0.267438888763825
0.909346590311358 0.201386015933719
0.878438484991799 0.25110062503572
0.926003781501858 0.17456354509162
0.911269772326007 0.198292816878015
0.869865472242496 0.264893409792449
0.92456575868939 0.176880156247122
0.869758045145389 0.265059679260953
0.916587778207712 0.189727476667693
0.911638248954858 0.197697532218947
0.908139004841923 0.203332935784917
0.898356066818567 0.219071874093286
0.904506953041041 0.209173016937442
0.869826777322487 0.264952535273586
0.913985145083717 0.193918396719048
0.91110142352199 0.198560699028816
0.914340902383494 0.193342749961288
0.918052195641278 0.187370503891433
0.879226319252409 0.249842135948772
0.913737415809701 0.194318156827832
0.877977592798984 0.251841350151367
0.920904190199235 0.182777214889352
0.920415180630496 0.18356476933691
0.916018121719758 0.190646330901353
0.920885404372772 0.182806285292087
0.924247649693022 0.177392551508258
0.923147958531059 0.17916348233261
0.917183464512062 0.188767839029161
0.904702735448843 0.208863775778018
0.913329412527534 0.194974585431195
0.875711243292666 0.255495834658714
0.924279791103995 0.177340367949101
0.916132246025067 0.190459952917832
0.867649349534483 0.268449408917411
0.924257212144114 0.177377157702042
0.897677077458256 0.220166758136705
0.90742251003234 0.204486853627514
0.924053523359977 0.177705240856701
0.921311044145078 0.18212152553191
0.926349830618792 0.17400612010607
0.919137052504309 0.185624627619633
0.869149638547681 0.266046748277076
0.896559609090698 0.22196176826533
0.903405624063535 0.21094737033686
0.923043116642979 0.179331800782204
0.905034590550574 0.208330219748511
0.922438773325835 0.180305076412499
0.914433163422676 0.193196731702336
0.875281461944468 0.256181109944738
0.902804628590737 0.211917334406693
0.926121388540999 0.17437409261165
0.916737779296592 0.189485614606424
0.912203995880495 0.196786663066155
0.90054566234714 0.215555091689946
0.909033665384441 0.201892363275364
0.901103168227809 0.214658081968806
0.869979239312921 0.264713899306944
0.875848446309165 0.255278790893955
0.922976366973795 0.179439846238064
0.922452851528842 0.180282586362324
0.917338503610572 0.188520096596696
0.868241155877973 0.2675109029834
0.918253316538889 0.187045137528968
0.922815784944061 0.179698516185084
0.873561546050963 0.258939328937658
0.916131768757936 0.190460715709172
0.904269175883588 0.209556370063574
0.90610185907468 0.206612980169985
0.926577649884865 0.17363919751484
0.923718842754306 0.178243790315511
0.9258840473083 0.17475641897853
0.872763903185277 0.260226954058873
0.923021693874692 0.179366813131243
0.917891259874331 0.187630418440858
0.903409317348083 0.210947034350868
0.87942728780081 0.249513029688414
0.914160126638549 0.193635579842783
0.922050983126849 0.180930019091184
0.92296048079785 0.17946541144477
0.870829117096428 0.26334548917792
0.867275119754414 0.26904221107344
0.86918780422095 0.265980360211765
0.877923995745258 0.251932401869791
0.873178983380696 0.259561175948326
0.872411793080149 0.260797865316242
0.872635529276931 0.26043492959544
0.926580995733609 0.173633809261625
0.923600755375449 0.178433230570621
0.921656097342523 0.181566880385568
0.877700649959191 0.252292917694942
0.92395268929481 0.17786653286636
0.873803128772991 0.258562795253251
0.92298347261397 0.179427840814027
0.924237516462956 0.177408350201369
0.916080287502131 0.190543606921965
0.909694545459159 0.200825936535096
0.921097442798001 0.182465999851938
0.925437714975383 0.175476122961413
0.896559382720739 0.221965811198274
0.872140356535889 0.261231378421994
0.917537623330487 0.188197253313133
0.874094808322723 0.258091198563839
0.899758755055194 0.216814552850989
0.921367754598592 0.182030153037237
0.920866254641642 0.182837268098266
0.919843701565768 0.184485010597972
0.90126090889313 0.214398278091004
0.876189160010519 0.254719683426195
0.903392927984129 0.210968576734567
0.916263708865244 0.190247533555125
0.912545756199981 0.196234989408984
0.895799903694248 0.223192036133272
0.925109670530761 0.176003575739684
0.915186575809325 0.191985336158848
0.922815784944061 0.179698516185084
0.9240305381782 0.177741503636627
0.923533948537429 0.17854142266575
0.923010226905235 0.179385340993096
0.92468664394549 0.176684842186889
0.877847763133251 0.252054209178436
0.922018011263274 0.180983156913977
0.928020111322571 0.171316180539341
0.919261341650579 0.185422326086583
0.911212476523051 0.198382027175068
0.872880156883845 0.260038280061544
0.897934795441565 0.219752313967043
0.925612967490665 0.175192875305584
0.90062283497846 0.215424028411513
0.923089087836603 0.179257868268799
0.926464605544377 0.173821306619981
0.901825687017225 0.21349078318429
0.91772369637471 0.187899229765019
0.896458687784336 0.222129251057531
0.899202978797911 0.21771947445778
0.878332225238935 0.251278643362235
0.920704080378796 0.183099671748888
0.928020111322571 0.171316180539341
0.923126261911888 0.179197817998898
0.877546200847148 0.252534085119507
0.915729503025118 0.191112272382967
0.906598924256157 0.205809542162164
0.920414487863814 0.183566121863606
0.924932679049231 0.176288640474738
0.922482572534751 0.180235228019124
0.917990417406928 0.187467427675691
0.922599403316931 0.180046533363197
0.909609238889031 0.200965237216829
0.928044786065587 0.17127643684947
0.871614377027125 0.262077030995875
0.913768613823573 0.194266630664505
0.925102648970988 0.176015348443073
0.91825421781861 0.187042797452275
0.928041119009394 0.171282339304787
0.924735382684259 0.176606304970723
0.87162442995772 0.262058696958884
0.898557445162915 0.218751242383934
0.921846338028408 0.181259938385932
0.906484981114756 0.205990848533579
0.91303116653022 0.195455637338195
0.92227298449343 0.180572779038236
0.920556202732731 0.183337930953093
0.900760155143702 0.215208464192635
0.875791772279247 0.255368953202426
0.916429091625477 0.189980718689535
0.872551992752364 0.260573358627064
0.92173964536285 0.181432456603548
0.922541588516368 0.180140141281317
0.909107828623075 0.201770653404456
0.925734437648489 0.174997220950492
0.872638696102773 0.260434012757965
0.921026661898216 0.182578790686558
0.925437747434768 0.1754760706568
0.896362140906136 0.222285211885215
0.923825450376059 0.178071835509853
0.926580995733609 0.173633809261625
0.914164072387494 0.193629878542765
0.876408916615955 0.254370724814448
0.916714170437924 0.189523452985623
0.896424196435756 0.22218519412452
0.924030474179471 0.17774160670234
0.877473168179721 0.252662290740967
0.914776749001347 0.192643303571292
0.876101827356603 0.254863605229185
0.920980249642536 0.182654300845869
0.918237610601002 0.187069541631633
0.910725629102275 0.199166611186061
0.926712338116206 0.173422241076005
0.914197947217986 0.193575325309782
0.92622746937003 0.17420325601392
0.902275770349081 0.212767914952923
0.929110138633752 0.16956037051361
0.913937165433837 0.193994091659318
0.912903977383628 0.195657868442868
0.917547730721622 0.188180609774614
0.909966080435092 0.200390110510312
0.925419927662962 0.175504759045126
0.90506328277353 0.208283804391346
0.901038143986935 0.214757609597283
0.902044843871766 0.213143222902842
0.878538379258059 0.250949052035851
0.917971792916424 0.187497384740029
0.916275949882482 0.190228252444922
0.922316093414383 0.180503353076751
0.91324655339909 0.195107629847162
0.925524795821572 0.175334899399131
0.919770530503554 0.184602629714636
0.900622017707649 0.215428388607588
0.869805289396161 0.264974504767747
0.914164072387494 0.193629878542765
0.870874918894077 0.263270446898943
0.923127239145254 0.179196789317727
0.897130000398391 0.221053022919571
0.392694092339104 0.749360258753106
0.387822271492293 0.751553011600113
0.346016743996052 0.77036885571604
0.375760265817923 0.756987183227645
0.326862239784053 0.778972294220305
0.343362258325168 0.771554933641209
0.367908896272715 0.760521496203809
0.28117016706287 0.799485005296206
0.277563994499571 0.801102293049661
0.315433248125907 0.784104733961341
0.357958286305021 0.764992292337355
0.287473015081211 0.796656666522039
0.365739854616476 0.761497856449077
0.352848790819977 0.767296712796643
0.281308604844187 0.799422925989548
0.313977475461838 0.784760252664768
0.333963939220743 0.775784809040686
0.275540327941215 0.802009912140012
0.328991259622498 0.778013895851201
0.337634135982283 0.774133862877102
0.278525334615095 0.80067070130322
0.273829095017333 0.802777775431718
0.309688292649334 0.786684453704153
0.279789904395514 0.800104414247692
0.322791318386766 0.780801692323467
0.274465421466602 0.802492278295617
0.273082454114194 0.80311277465951
0.26902416688394 0.804933532677351
0.26902416688394 0.804933532677351
0.307714030567362 0.787571728878065
0.305204161287346 0.788699164438191
0.269187956833401 0.804860042298741
0.278524112522765 0.800671249752452
0.27627871148344 0.801678610540477
0.266810192002002 0.805927127197094
0.277712485256953 0.801035512053572
0.266810192002002 0.805927127197094
0.287444980207593 0.796668565640244
0.273076443272554 0.803115472283894
0.267115352483136 0.805790251500991
0.310019396124997 0.78653728314687
0.284796483823863 0.797856700935924
0.266807461230454 0.805928349598056
0.327892968928334 0.778506908871085
0.307217015455511 0.787796339477727
0.267577435400699 0.805582632306025
0.275442978307387 0.802054016176335
0.298512321092031 0.79170176210391
0.29376280102578 0.793833445670278
0.273613192889302 0.802874674358029
0.287360255966231 0.796706298488511
0.271162193485225 0.803974513885722
0.271427704254341 0.803855903965498
0.266057504022403 0.806264736951794
0.266057504022403 0.806264736951794
0.271715763213914 0.803726603276066
0.271595497328365 0.803780540331299
0.279753082769546 0.800119797431819
0.281654108706255 0.79926766942295
0.271762244123007 0.803705740814938
0.272284036679335 0.803471469583239
0.26542600568414 0.806548034351626
0.268581853260174 0.805132668960773
0.280597553291846 0.799741771093661
0.270791619163095 0.804141063267114
0.276771445158618 0.801457663570805
0.272008652271227 0.803594915558585
0.284291548044604 0.79808430064906
0.276034835578345 0.801788294398421
0.27054129321638 0.804253392629797
0.362006922513719 0.763177306832802
0.272677987569053 0.803295056823946
0.287535837184371 0.796628361415302
0.270403658712018 0.804315826831473
0.282676774874514 0.798810060117255
0.342584324098209 0.771908088236016
0.375972313352416 0.756891043440514
0.366648349417996 0.761091773122379
0.349775943394862 0.768672841108783
0.273886641938734 0.802751954358711
0.301099911030937 0.790541787779844
0.266735751003943 0.805960559536157
0.26542600568414 0.806548034351626
0.358177535831692 0.76489520262417
0.271039827274646 0.804029739838791
0.265345705943986 0.806584062199694
0.292950220934164 0.794198377794145
0.285424852876135 0.7975752503713
0.293001691360609 0.794175257226534
0.288901129472447 0.796015838186189
0.270637524251223 0.804210237782085
0.26545290076232 0.806536008629124
0.276599409792876 0.801536335168828
0.265459542903656 0.80653300757787
0.383020054009214 0.753711100939675
0.2653439262531 0.806584860461984
0.285665603528146 0.797467997362955
0.26836704677235 0.805228341525379
0.292950220934164 0.794198377794145
0.29226120615083 0.794508162355131
0.268730230351685 0.805065771982368
0.270637524251223 0.804210237782085
0.272897071801266 0.803196486185317
0.327755890357121 0.778571851475428
0.394001973064584 0.748774331219855
0.276462856839157 0.801596995956209
0.340859260624751 0.772683665208173
0.265122343559662 0.806684237992909
0.344124432268391 0.77121276182501
0.317335533235318 0.783251101652916
0.295543490419273 0.793034400913891
0.278761881189102 0.800565529969934
0.274145368209814 0.802637045692477
0.279056870250972 0.800432069531016
0.270782000053472 0.804145428051028
0.33231978905019 0.776522450475573
0.288006760011405 0.796416479874061
0.278526434524776 0.800670527163658
0.272961000814821 0.803167948440006
0.285422569610839 0.797577258780015
0.352875013794862 0.767277928287378
0.288027985399502 0.796407817642647
0.274188651341398 0.802617554099538
0.271010350308558 0.804042998510324
0.293079408411891 0.794139713739498
0.304903391151046 0.788835080288076
0.280816581265097 0.799643742518568
0.264959282413792 0.806757377039237
0.328746182428983 0.778127540203734
0.301445079320784 0.790384627746316
0.278692513840804 0.800595866406832
0.317034574269289 0.783385506709548
0.265956828685765 0.806310054997517
0.282633339616691 0.798828489155597
0.276935266820536 0.80138487336878
0.284882469457246 0.797819527967276
0.29282681031765 0.794255094757191
0.264959282413792 0.806757377039237
0.270814246359723 0.804130853007195
0.285578934517061 0.797507561168017
0.267687233483498 0.805533776688765
0.378062560824668 0.755947514451887
0.280709930894146 0.799691488082491
0.278388053842388 0.80073381754212
0.29296586484565 0.794191639648679
0.268276321502412 0.805269752321425
0.269048817655086 0.804923140771577
0.283699844232801 0.798350232212491
0.268604202679083 0.80512269214572
0.28485765148377 0.797830800160394
0.298606893404369 0.791659870541205
0.269542520709742 0.804701339956912
0.264050760492953 0.807164884293262
0.305200349233293 0.788699943773628
0.265884937314302 0.806342287049458
0.361392334926076 0.763447541964006
0.38480386240313 0.752911891834832
0.293431798315034 0.793981594448259
0.29217158646518 0.794548100412683
0.303191042440241 0.789602116555774
0.37703371463737 0.756411496177239
0.307751765006413 0.787553742611757
0.366121729992959 0.76132337035528
0.29323920584988 0.794068126382202
0.357570975690555 0.765169674772796
0.300856458834142 0.790648840884443
0.286595759565803 0.797051157500403
0.338021603837807 0.773957793611341
0.323246334451377 0.780597711294617
0.281738834991358 0.799230624885794
0.359192972584466 0.764442983212587
0.381611124790781 0.754355405223285
0.369978050202299 0.759587486476633
0.3716401721256 0.758840423260351
0.395760462967512 0.747979419795907
0.37591966169085 0.756913249596316
0.279446617688952 0.800258078170623
0.279462287014224 0.800251166138875
0.308900572854028 0.787036165375184
0.364718313995787 0.761954089612788
0.302111347273109 0.790086524854192
0.346185224310653 0.770285817754767
0.307980700915664 0.78745109075992
0.3036986433728 0.78937411459666
0.384515853318763 0.753049094260144
0.286825087806994 0.796947096516259
0.348507745147215 0.769241960117583
0.323138072063993 0.780642687964122
0.277097901986936 0.801311892214238
0.291650391036265 0.79478227354745
0.358415906552344 0.764793568722109
0.282987007830762 0.798671038492943
0.287717677989675 0.796546693316696
0.276065800226975 0.801774971270371
0.87316755095763 0.259578741719862
0.278290826525378 0.800776594605455
0.276065540759727 0.801775087736139
0.339532971646296 0.77328036809474
0.873141438635624 0.259620723725735
0.297239502300018 0.792273531349208
0.907201657689038 0.204840908459641
0.912392969240513 0.19648162299988
0.87271368711483 0.260310548291252
0.298195295903174 0.791844630710462
0.294646218486205 0.793437340395041
0.332420068773678 0.776474557886602
0.36334911236495 0.762570260062865
0.913963217311947 0.193952103477571
0.912392969240513 0.19648162299988
0.291786955054246 0.794720775334033
0.913963217311947 0.193952103477571
0.899498645963645 0.217239169061422
0.338790325078175 0.773609870994398
0.359568705237719 0.764275076129965
0.276068625089672 0.801773703292026
0.904619332989645 0.208997467616214
0.291650391036265 0.79478227354745
0.912218697009608 0.196759718490909
0.266487802808085 0.806071961317034
0.267215944764989 0.805745369627473
0.913963217311947 0.193952103477571
0.30292748600951 0.789720915413278
0.913963217311947 0.193952103477571
0.281836773728911 0.799185759963327
0.913849994105754 0.194134403792137
0.281874399358418 0.799168477624288
0.317122535318493 0.783347639231998
0.298195256314525 0.791844648581878
0.337938288189875 0.773995267811456
0.904619332989645 0.208997467616214
0.267960640672832 0.805411280856852
0.266487802808085 0.806071961317034
0.306901662201996 0.787938027989518
0.913963217311947 0.193952103477571
0.305528054839708 0.788552186509483
0.271175647007662 0.803968592101309
0.904619332989645 0.208997467616214
0.298195256314525 0.791844648581878
0.270978773466817 0.804056750838744
0.913375877600099 0.194897512213835
0.900085596477338 0.216291899439282
0.279714051925308 0.800138013766284
0.298202058905693 0.79184160107032
0.275097994010814 0.802209266424096
0.905923512927344 0.206898072708739
0.313399464968738 0.785019672365828
0.276055688217593 0.801779509181059
0.335661025995173 0.775018544370074
0.270351238145714 0.804338297797242
0.289232481173613 0.79586678042342
0.278507955084179 0.800679466071068
0.331969029481837 0.776677099327255
0.298090044335698 0.791891602081163
0.913043891170046 0.195432115399827
0.349461547581777 0.768821053263568
0.906347949254276 0.206214197600793
0.266333548415972 0.806141122956919
0.2663249328393 0.806144989455964
0.275912322045869 0.801843955105265
0.278379339606048 0.800737326047228
0.906922671424906 0.205286127680731
0.914379045596569 0.193283033981906
0.291769846613117 0.794728415271361
0.317165941492862 0.783326328553522
0.291716077027705 0.794752820843353
0.903142810938279 0.211375526921161
0.913949852344731 0.19397363280595
0.298056490922665 0.791906633096817
0.320993323152897 0.781609892042144
0.896075033785781 0.222742015208458
0.298089114902344 0.791892020136048
0.280157768723517 0.79993937328706
0.30549903450528 0.78856494750669
0.2975914373663 0.792115150386284
0.298090044335698 0.791891602081163
0.341684579746054 0.772316989833211
0.310993118055496 0.786101043746381
0.2736936886227 0.802839885898514
0.911519744601526 0.197887888936287
0.291346067777737 0.794918914005822
0.271151449180112 0.80397995696326
0.266677158684027 0.805986926238803
0.92703550974379 0.17290174612016
0.259313176915412 0.809289747782838
0.279067234403481 0.800427943376309
0.911519744601526 0.197887888936287
0.270981736348989 0.80405611102405
0.281784840420858 0.799210079623601
0.279410956164428 0.80027367580529
0.916480906546463 0.189897258182302
0.278651801246037 0.800614312277782
0.259313176915412 0.809289747782838
0.2736936886227 0.802839885898514
0.33168871114017 0.776802307871816
0.28381149960128 0.798298843364085
0.290980692149453 0.795082018124198
0.282395155220972 0.798935752928215
0.906692977423992 0.205655155254537
0.308952080118582 0.787016153560698
0.259538091338949 0.809188903313442
0.903429301794938 0.210909636008923
0.92703550974379 0.17290174612016
0.275669451622933 0.801953364434162
0.256329740288113 0.842491491404865
0.246742162178794 0.847424643044856
0.229726002903538 0.856166271617046
0.231354592170935 0.855331381321696
0.240438651406192 0.850662702828598
0.247360839758551 0.847106747061529
0.22911008780398 0.856483051474781
0.247506512552838 0.84703159337864
0.229909645059244 0.856071951945439
0.256229798399694 0.842542906884793
0.228344861581176 0.856876350184981
0.236896218226673 0.852481727970242
0.24827256514907 0.84662853715572
0.218883826460514 0.861739639998368
0.233829874598598 0.854058387154741
0.247284631956637 0.847142470994652
0.2326845746276 0.854647052935427
0.255709386101624 0.842804714713338
0.244967170355938 0.848325430369578
0.224734895072924 0.858736803667796
0.227602321008214 0.857258055439212
0.249127293609882 0.846195994745752
0.238238412766319 0.851793474177467
0.247569466958627 0.846991807525344
0.231474761164744 0.855271235408006
0.2398093308821 0.8509905892093
0.227358305597776 0.857392672274677
0.252816840644233 0.84430041668493
0.224252582826037 0.85898014068194
0.229745558901886 0.856155739470968
0.249161575785037 0.846180148408689
0.212803261315759 0.864867557309847
0.243796093746535 0.848938425175962
0.218883826460514 0.861739639998368
0.238589116432556 0.851611757019489
0.245483545984854 0.848071293187497
0.246155323727028 0.847720598395577
0.225326710300279 0.858436503175843
0.236165519575548 0.852858439631042
0.252151499846611 0.844651223650873
0.225443623966751 0.858368808563276
0.237866909379903 0.851979924703132
0.246043116804094 0.847775545366659
0.256026394317095 0.842646872340065
0.222579224721364 0.859843292339083
0.217256760501229 0.862578495254703
0.218408008946138 0.861989162977489
0.218883826460514 0.861739639998368
0.213965202435341 0.864274054158931
0.251318831225397 0.845070784277557
0.228833627828229 0.856622886604713
0.251318831225397 0.845070784277557
0.239787953553385 0.85099412608566
0.216412779651439 0.863012074569939
0.229462403786364 0.85631066457839
0.204479943164279 0.869144497851667
0.243360915893823 0.849159362833463
0.24241178251851 0.849650286738262
0.243086435585122 0.849300649704592
0.234743755476757 0.853585717764491
0.193979997314271 0.874550740197316
0.221310843958133 0.860491700780354
0.224146145076007 0.859039081006831
0.249357074229532 0.846076722487656
0.217718291660037 0.862339548848427
0.239512734624149 0.851132272866935
0.211675807493893 0.865448804542438
0.222724005021472 0.85977159786257
0.19650513775495 0.873245140265022
0.246859257415139 0.847364265136336
0.224146483578264 0.859038462375309
0.212796240882773 0.864871166339079
0.232403539067328 0.854788644960818
0.241566661749023 0.850075294302681
0.203683479861416 0.86956282716813
0.228941312793002 0.856577472959855
0.183638412558066 0.879855083584493
0.208169230934446 0.867250036474424
0.244823433565331 0.848411194303355
0.242454190341742 0.849623666988684
0.250853628047994 0.845310220429417
0.251326034617696 0.845067079727957
0.228341729235148 0.856880798183314
0.233610534647232 0.85417021001603
0.230169119032183 0.855938902600749
0.217783864769356 0.862305834703651
0.229596761459026 0.85623282276292
0.223338763463795 0.859455569698966
0.229786337165455 0.856147098776072
0.227707996213613 0.857203601184743
0.246226523004106 0.847683458435887
0.242372027217443 0.849668217928211
0.22775022848065 0.857182163242092
0.222172158379193 0.860049721212288
0.191642221036808 0.875748688141617
0.229259694727314 0.856417230232703
0.213004254125648 0.864763745681093
0.222206859732164 0.860033066092516
0.22515855588573 0.858518386097753
0.236075880630957 0.852900320262579
0.211139798201563 0.865723467454475
0.187636843170061 0.877802420246872
0.173145953679676 0.885246766841498
0.242454190341742 0.849623666988684
0.178483765526388 0.882503039959481
0.206469505291193 0.868124661520516
0.249267033926952 0.846121230273223
0.231571376507145 0.855217628766288
0.252031901146444 0.844701063961204
0.234852195050858 0.853538303225761
0.204205401591653 0.869291013391034
0.187958097463645 0.877641290965628
0.231026054063645 0.855497611263554
0.178736072002953 0.882373350797212
0.238840994071495 0.851477716116316
0.179673835295217 0.881892058246372
0.201644813818894 0.870607347004751
0.19222504460699 0.875444526372015
0.226703230235761 0.857719933378328
0.216710253220395 0.862862936839562
0.182365639431883 0.880510113596319
0.230409972581355 0.855819922650922
0.252164037811492 0.844635746529357
0.195767760716115 0.87362353501804
0.223928147559446 0.859148426738146
0.173982985226281 0.88481709279572
0.220833209962225 0.860741332552917
0.222239290940459 0.860014388411347
0.242454190341742 0.849623666988684
0.218447034660311 0.861965085007029
0.199777435691192 0.871564626182494
0.180167656890116 0.881637337064881
0.201694456632384 0.870575694345973
0.252427048310699 0.84449349110276
0.18273658049376 0.880318197734437
0.236944541392248 0.852460874193687
0.213414928235687 0.864554647720077
0.224996300428442 0.858601680427131
0.197295701874121 0.872839915096627
0.183638412558066 0.879855083584493
0.245446962626635 0.848083527183622
0.217489836631828 0.862463038606021
0.245602227145025 0.848004531545187
0.22220164389128 0.860036763106599
0.222995934026989 0.85963191557795
0.1921913380426 0.875461832719118
0.173303979131409 0.88516560391859
0.180507880279969 0.88146376510246
0.241755897996108 0.849988022357989
0.219041083624212 0.861659901644469
0.20941236151457 0.866618450978389
0.2454296970968 0.848097061568467
0.230582188762141 0.855733688593913
0.222150406975449 0.860062370066113
0.252059507397375 0.844682633574976
0.218910155437941 0.861726248020567
0.183638412558066 0.879855083584493
0.22557068657143 0.858303252745435
0.210923319116925 0.865833592997285
0.250612200451097 0.845433098785136
0.242206019438152 0.849748200884505
0.202453552362344 0.870191726239486
0.184856336952602 0.879231243738474
0.214936834058984 0.863772064704535
0.199958543179564 0.871473115770802
0.183724957214785 0.879810648015184
0.222398116675776 0.859933845670378
0.191193475810424 0.875972592459968
0.206323413937051 0.868203015072475
0.219582696762892 0.861381658625187
0.242907524125389 0.849391867706058
0.210145585490918 0.86623240374945
0.174475304672185 0.884561576278654
0.242442581929445 0.849628650427368
0.186767912281744 0.878249348830719
0.162309777966051 0.890812035167549
0.220281141336627 0.861028119237937
0.20513295512407 0.868810459633688
0.211947317284755 0.865308737309891
0.211585205748352 0.865494793428083
0.233235027077335 0.854364207126855
0.187685793419072 0.877774742271995
0.23841714731262 0.851715895633213
0.213829924089241 0.86434172451809
0.182255275793809 0.880565597510517
0.19025864204199 0.87645315822039
0.21512065903564 0.863680323189018
0.198598286583765 0.872168314224237
0.217779079222231 0.862309774932852
0.198709557918479 0.872114787413118
0.237997916330643 0.851916122877022
0.209464119948758 0.866584774968634
0.228430871476752 0.856832115025537
0.196530810876341 0.873229885527724
0.233450322942683 0.854256102339824
0.177754770580801 0.882877389121447
0.185633300539081 0.878833378489685
0.233024160660765 0.854486839687139
0.23899550303182 0.851398475199805
0.203586589803174 0.869611030902259
0.183640523214389 0.879853999354637
0.214181252195983 0.864157224413687
0.212757066155064 0.864899964152881
0.226998109823111 0.85757241984557
0.172461779607887 0.885595905674411
0.183638412558066 0.879855083584493
0.229212272152489 0.856430405833325
0.175797597653609 0.883882812628169
0.255341622774271 0.843007789438601
0.225350275980381 0.858419889110194
0.224993644226934 0.858607698318412
0.194107251167693 0.874476892822929
0.199942490402408 0.871477506211995
0.220369943456044 0.860978554826592
0.178654920641323 0.882419117246785
0.179693415263423 0.881884004275089
0.224021074806084 0.85910296804012
0.199403823192451 0.871754367107142
0.181527397692582 0.880939488406311
0.196233035997151 0.873383446536243
0.213299569688016 0.864615773179798
0.194440030927154 0.87430897001918
0.208403334786356 0.867126977362938
0.216950420018221 0.862737663219631
0.228628334214285 0.85673333228404
0.218292558527719 0.862043530978334
0.218370937263938 0.862004538785736
0.210706290006161 0.865946295200805
0.211743805312901 0.865413300724826
0.237997916330643 0.851916122877022
0.235407771546057 0.85325525190519
0.170972770821864 0.886362116753347
0.219803303935447 0.861273106877396
0.221115676290938 0.860593133327906
0.237372510636082 0.852234454974623
0.198403765674607 0.872268541781871
0.199850046430525 0.871524636854622
0.189961083875884 0.876605746153727
0.236355591613945 0.852755900748125
0.189281894069114 0.876956690706744
0.212054624411416 0.86525344453501
0.219096677606193 0.861632839306086
0.20866923110518 0.866994336977393
0.219949858635032 0.861194465642964
0.224128140936069 0.85904790525856
0.207790395656011 0.867445313689438
0.213940394992315 0.86428174334868
0.170806112394594 0.886447768696052
0.191332442026652 0.875907637187748
0.233878658042283 0.854040341327846
0.239520010064108 0.851128489041606
0.210101269294971 0.866261893834818
0.187097230646211 0.878080313124885
0.191592317345061 0.875774308100775
0.244958215428518 0.848333648182212
0.199827456056312 0.871537431982074
0.201830983400279 0.870507093766119
0.224025599178146 0.859095811746877
0.195154129797643 0.873938348796429
0.225929806160729 0.858119841645475
0.183522612136781 0.879914375476066
0.232608250146208 0.854693523572894
0.229800537751116 0.856127657033104
0.184735694797369 0.879291130426993
0.237310110335205 0.852263083453428
0.196391216769783 0.873302181804845
0.167987909820696 0.887896395909004
0.213048007309454 0.864743335799085
0.236396994278471 0.852747126668913
0.161978906189993 0.890981920282771
0.190248483322533 0.87646309073173
0.237310110335205 0.852263083453428
0.224592843441228 0.858806958416236
0.250463061724578 0.845504605737535
0.251665742666096 0.84488162000948
0.210270606219316 0.866166708204037
0.254882042240866 0.84323424287691
0.17666173780513 0.883440234300947
0.216786855248367 0.862821220091207
0.227470633009208 0.857325645481631
0.170332462159317 0.88668999945046
0.251426137978482 0.84500502442576
0.239355175998059 0.851216164518755
0.232119434102046 0.854947252659845
0.179909525333896 0.881772833303245
0.203804440533797 0.869494914803822
0.229641023858418 0.85621562431597
0.172265117793934 0.885701902635783
0.223976320803072 0.859126090021206
0.192091503959818 0.875510977478722
0.224128140936069 0.85904790525856
0.197185081387607 0.872894391303225
0.21714992414267 0.862633473473647
0.197164418744679 0.872905952338425
0.219832704236752 0.861252736726614
0.219528426708101 0.861408157354154
0.239339289385483 0.851219520781707
0.212299703709536 0.865136866458846
0.216315830444356 0.863065824121755
0.176621381266766 0.883460754448009
0.187163452313865 0.878044722562908
0.210735822062891 0.865933649779669
0.173740942141046 0.884940339341993
0.216659062101739 0.862889202006107
0.19621893420503 0.873391041019978
0.211608865973096 0.865482557881182
0.201074385944503 0.870898636660184
0.222212639502172 0.860029758245149
0.250463061724578 0.845504605737535
0.170909551376963 0.886394632174656
0.233024160660765 0.854486839687139
0.222417556302221 0.85992663522402
0.218856652898209 0.861755194798491
0.16490984800923 0.889476936820163
0.201288014711157 0.870789085329177
0.174312144207425 0.884649739541056
0.219074639140726 0.861652297946561
0.20300925034309 0.869905397006273
0.204092166267378 0.869345366079798
0.170560141659085 0.886572450248993
0.200115874107576 0.871388514030039
0.184280531309079 0.879526487247627
0.212143365487393 0.865209231353901
0.179712603003339 0.881873638426992
0.22218946787857 0.860047974097552
0.242726240281705 0.849488220071728
0.179417611751032 0.88202362694893
0.215568076504293 0.863449709402207
0.248525921095794 0.846497317081404
0.195956808828884 0.873525357239551
0.189159003476896 0.877021195963869
0.175438644021493 0.884069234901531
0.214208492049009 0.864144736108569
0.219005336755197 0.861677629127445
0.239572322715863 0.851104666313657
0.181619530140685 0.88089201884865
0.210079412345419 0.866274317876102
0.225450098767103 0.858366176928789
0.230365813011577 0.85584034710335
0.246809657127899 0.847376823957086
0.236886495655268 0.852486724009857
0.170806112394594 0.886447768696052
0.179371226802272 0.882048228131987
0.188164878219599 0.877535101968014
0.21330063299519 0.864612459585617
0.199074925724161 0.871928451479046
0.19978497104893 0.871558870657638
0.201399044148668 0.870730324580124
0.221893723896112 0.860197184714508
0.178241371545037 0.882633179823613
0.250065057836563 0.845709467997836
0.213455546891757 0.864536061117759
0.225805360897946 0.858183893309912
0.216091434634286 0.863179991550485
0.186286527858555 0.878494863463077
0.17665497778637 0.883443730349035
0.200928021118602 0.870971801640757
0.20021880207256 0.871333811981478
0.207825390020854 0.867427524312115
0.175298599854169 0.884142227837127
0.227596948160188 0.857259482811361
0.195020052226778 0.87400751652465
0.211325537173069 0.86562761852827
0.200071088799333 0.871411852123935
0.250790416719717 0.845336274084278
0.219392343112517 0.86147832451312
0.178430923798986 0.882535935976341
0.250790416719717 0.845336274084278
0.203616540585502 0.869589634719773
0.222112013783873 0.860087905063195
0.217454585909171 0.862474743276813
0.221757906461018 0.860269132026002
0.169196398513032 0.887275295188379
0.182158808201135 0.880614994551831
0.250544342011082 0.845462759997958
0.200458169733138 0.871214059247877
0.198538349247567 0.872204541611842
0.181826434450608 0.880785746920536
0.208277537370221 0.867195066302499
0.214510046506429 0.863989456270263
0.203070959305838 0.869870677820535
0.219652825366294 0.861350190736785
0.250650580443771 0.845410410040776
0.239428567524912 0.851188219056128
0.241431332523475 0.850148940479519
0.206889163186179 0.867906630351978
0.230031254142534 0.856013834810507
0.223535960969772 0.859346871016747
0.217500688395793 0.862457044674579
0.18169066354481 0.880855466829076
0.238594827609106 0.851603901121277
0.202951283138071 0.869929741788178
0.198008177506051 0.872474188686385
0.163780174998975 0.890056997632911
0.224822406322765 0.858696457620482
0.198274200979462 0.872334763241761
0.208382482907834 0.867141272294935
0.21825374275043 0.862063761396279
0.195542957677439 0.873738065871449
0.20709222387727 0.867807247072478
0.192539063327182 0.87528310688388
0.185037502985001 0.879136541391847
0.248918695152183 0.846311352418685
0.216831819670517 0.862800715138819
0.173906969656443 0.884853410327899
0.206185369261025 0.868270076803336
0.2044608471573 0.869164326773501
0.180014517043813 0.881716707967758
0.178524516264988 0.882483282602387
0.195214717587041 0.873908484408173
0.242891744105291 0.849394218462872
0.240003653600237 0.850878979291326
0.176764548336767 0.883387467284835
0.162427609075718 0.890751491701505
0.201647744250701 0.870607134139886
0.183528558048694 0.879911093641897
0.205178479122077 0.86878557885709
0.191928607006635 0.875597230050314
0.210503392482918 0.866047453730711
0.171773770652213 0.885949734299203
0.197664969521435 0.872647680211327
0.208549816748901 0.867052894464739
0.196469061795019 0.873262881208677
0.215050401198308 0.863720153787248
0.161873200650128 0.891036192319916
0.191642221036808 0.875748688141617
0.214874065396032 0.863812810652001
0.222089079146213 0.860092758763486
0.224324909984504 0.858941777804756
0.223806225936838 0.859208557811608
0.215907521451334 0.863269340112399
0.161858756079385 0.891043608330327
0.188273505183615 0.87747365606155
0.186613462533302 0.878326728430751
0.237678402879612 0.852087074582308
0.214025594463375 0.864238870971267
0.191606348084507 0.875767063228392
0.176887838324045 0.883324085040485
0.200511714633358 0.8711834043829
0.225824265650367 0.858177031464654
0.194966329772072 0.874036309050057
0.226645660362953 0.857752131259639
0.22020285381611 0.861065607627513
0.207013586714663 0.86784459568817
0.240109995766261 0.850827858932763
0.234808132949569 0.853552327980815
0.187082309982916 0.878086053629484
0.21357665831956 0.864468796847646
0.21996437638569 0.861186645762197
0.189537952736071 0.876824061839047
0.212839291255199 0.864850377251837
0.214388325826859 0.864050651798285
0.221670765418882 0.860308242635342
0.214600065587772 0.863941498770867
0.209550769340414 0.866540115530128
0.204673531734657 0.869055352755832
0.200707161131641 0.871087024667968
0.178208706595964 0.88264537684079
0.183712642215964 0.879817362036919
0.194388810862898 0.87433296063162
0.234186654530735 0.853869984992054
0.178363013362883 0.88256451300223
0.187683322139555 0.877777288161306
0.210677716386825 0.86595784130114
0.218224510965801 0.862079702602938
0.223879806972985 0.859173046658591
0.20123444813063 0.870819747396447
0.211061962221503 0.865762194918554
0.187554235309117 0.877847621563909
0.171254308033488 0.886216050097862
0.200394201013053 0.871243653883713
0.187530902874657 0.877859721970105
0.231740014855912 0.85513901671819
0.169416820091018 0.88716013142631
0.19718015580876 0.872898518634407
0.226939770674956 0.857597178689854
0.209350955021596 0.866644730030383
0.214969579350641 0.863753950826737
0.19206197830202 0.875532715861633
0.196973387056615 0.873002399751312
0.228740369385665 0.85667785263413
0.222746257422676 0.859753227082113
0.211761039354966 0.86540075192167
0.233396169581577 0.854285654786371
0.229048093299928 0.856514594866654
0.230921167549721 0.85555132191115
0.232195652898889 0.854895946407354
0.206687974345034 0.868012084556428
0.197918072281701 0.872521726066812
0.224179078727496 0.859016768959853
0.167991235653997 0.887894492457868
0.211010406092854 0.865787139509906
0.239021691873136 0.851386934066419
0.199758566633387 0.871572803739838
0.181149069700289 0.881136229273314
0.195489893967767 0.873766134073291
0.194970445020266 0.874034196725281
0.207759002725687 0.867459249514302
0.209172214162215 0.866744884855809
0.219646819769122 0.861350830783998
0.194227070089184 0.87441490382337
0.224179078727496 0.859016768959853
0.200378816223965 0.871255863772911
0.218332278992407 0.862031410691511
0.228360752682325 0.856866761199865
0.195268887326921 0.873881547288922
0.182461969271655 0.880466148813445
0.163142237420975 0.890384441728999
0.226659533961053 0.857741425204922
0.230678814973812 0.855678140943055
0.248007420543825 0.84678216763877
0.231145180723973 0.855443688374797
0.177936931569598 0.882789414321906
0.241149825639853 0.850299678828135
0.192488753512044 0.875307128341603
0.20801720241384 0.867328307072018
0.200054757977279 0.871420606425896
0.224179078727496 0.859016768959853
0.215510053426379 0.863473654434284
0.222804140486487 0.859728738657394
0.185428278448156 0.87894294784847
0.21914123277527 0.861607930190339
0.16971677699956 0.88700601500831
0.222762644307012 0.85974603816443
0.210531763342627 0.86603286925624
0.22563991519314 0.858271443239919
0.175636999269894 0.883967722342131
0.212759121524015 0.864897683487906
0.250630958442047 0.84542640532075
0.206588229534686 0.868059486165686
0.193719930256887 0.874679834967557
0.209025251624906 0.866806790307012
0.195300735337505 0.873863081707939
0.183700285145472 0.879821987799365
0.229338355865057 0.856381242786707
0.177851336130863 0.882830657104025
0.213950127933541 0.864278713930616
0.228535337895888 0.85678436845067
0.161873608204766 0.89103598307294
0.21914123277527 0.861607930190339
0.244357178164615 0.848643202379226
0.219137699897619 0.861609740409679
0.228969743583594 0.856560130770109
0.184435308700591 0.879450422442389
0.224046376465413 0.859088385619336
0.240896577889224 0.850418362978023
0.205870309103275 0.868431030344868
0.180565896860015 0.881435448317099
0.221005361345898 0.860648315130493
0.169174743384075 0.887286429617675
0.255747576686854 0.842796438481183
0.17329891693087 0.885167781986293
0.224690981178669 0.85875768700838
0.178754963665057 0.882366103679443
0.222451972418306 0.859916805362757
0.239244985208467 0.851277049566995
0.210974922386902 0.865805421007515
0.183942663395803 0.879697779148268
0.180581648391594 0.881427377339077
0.217001970891111 0.862712637246536
0.224209172425875 0.859008686416563
0.209128929473474 0.86675531000904
0.207115567822842 0.86778989673035
0.223492667920929 0.859371855018782
0.254553829809793 0.843395416648738
0.248004693381418 0.846782888371058
0.199973845734435 0.87146212712783
0.169174743384075 0.887286429617675
0.213693579827989 0.864408135979571
0.210662895547659 0.865965427785455
0.23840975130566 0.851723973281513
0.190171587716375 0.876502328706848
0.207115017886914 0.867793306265472
0.19879215173032 0.872073390318962
0.228383384959364 0.856855118842914
0.252298471828213 0.844560937917709
0.21017589076729 0.866218138716422
0.207121805672696 0.86778687608933
0.21919883230408 0.861578442458476
0.219019696599572 0.861670593570314
0.207853482386024 0.867412012764214
0.228361089828661 0.856866584694641
0.192153927035414 0.875480182881214
0.190293884203099 0.876440734342016
0.253473233447524 0.84396583554197
0.176193430204036 0.883679017718446
0.218674490892962 0.861848046450501
0.225909124938071 0.858133857467798
0.206977917171558 0.86786498276673
0.211460190124541 0.865558199640865
0.201034012815556 0.87092698950067
0.216115137828437 0.863162475498715
0.209095281611139 0.866774180885862
0.163543865169277 0.890177277293662
0.224962938481071 0.85861615358946
0.213471098119804 0.864524447537187
0.252676173895502 0.844374245313469
0.212129590084918 0.865226333847989
0.197747463655396 0.872610152205768
0.209685790163332 0.866472818324198
0.210662895547659 0.865965427785455
0.244392011911879 0.848636001278734
0.235110690168592 0.853395139101238
0.197484418626691 0.872746556290725
0.196183856136354 0.873415917304748
0.19651566513482 0.873240961149233
0.173472767533273 0.885080459414605
0.168391749986476 0.887689166340333
0.214424553900751 0.864034481579695
0.175370065798385 0.884105593676136
0.20425224966543 0.869269693122584
0.172092968609173 0.885785297955776
0.234352067222968 0.853794363177424
0.241905046101501 0.849908086167776
0.160398987128937 0.891793260024147
0.206655094320156 0.868036102289041
0.196523981109195 0.873236601097922
0.227371043093839 0.857390609913733
0.214720454753996 0.863880554096202
0.188525709465174 0.877350464656645
0.17101908699975 0.886337587887991
0.214432763292574 0.86402751235122
0.189919423495395 0.876633153290941
0.235307789877484 0.85329518314858
0.2267500557122 0.857694975825801
0.222829684874573 0.859712711741513
0.250646723746864 0.845420153651644
0.254118509749416 0.843630309154858
0.228452969875313 0.856819325980384
0.201258596372936 0.870799379819622
0.229965141958118 0.856042791338162
0.234023907800677 0.853962926328253
0.19890247716324 0.872012586324451
0.175944265858148 0.883807718632526
0.186591007611918 0.878338464490245
0.236407308832051 0.852734884122979
0.236094304146877 0.852898046592851
0.158763958122102 0.892632646315313
0.211422438973573 0.865579261295664
0.197118676560682 0.872936949316103
0.161861130765269 0.891042389162715
0.238963138981378 0.85142282841428
0.219149467618611 0.861603831595399
0.202932179175259 0.869940777327848
0.180837493547963 0.881295719149211
0.176976745549006 0.883281042318677
0.196138431367185 0.873432705326711
0.210699053508207 0.865947996940809
0.221606610746623 0.860346657838546
0.228414591011962 0.856848608538121
0.167503049356275 0.888144929166424
0.241724952856726 0.849996690149917
0.220431547840388 0.860943450669882
0.162621818981514 0.890651815760279
0.1984031254522 0.872272489717096
0.215490512314821 0.863483687773906
0.195591091236131 0.873713537011103
0.197022000313747 0.872988392075792
0.181639175586402 0.880882694899138
0.199244142940231 0.871841648245314
0.18062822783061 0.881403270456358
0.169241407437418 0.887252166904011
0.172053074246953 0.885809055915846
0.169464660744621 0.887138188743978
0.165169681386751 0.889343172278913
0.230974288335082 0.855531847692471
0.18405274206679 0.879641154229047
0.205772165025761 0.868490952146017
0.187494052578028 0.877874426116318
0.226862346054154 0.857636953071841
0.215149141530773 0.863668082843209
0.219305415908839 0.861525040751252
0.236567410576601 0.852655722030925
0.230316916167181 0.855869267146543
0.224909042623714 0.858642632195685
0.222502892748531 0.859885184673589
0.195591091236131 0.873713537011103
0.216465321417127 0.862982658888344
0.172626326296358 0.885511516654515
0.168602579962611 0.8875807165458
0.215600428841153 0.863429610075009
0.183975772017773 0.879681986650647
0.209793738827652 0.866416191282842
0.219191939952414 0.861591710868276
0.212759049856823 0.864899463887041
0.21928966915712 0.861533811376457
0.201518848158913 0.870667384866156
0.195106678398084 0.873966629953636
0.229226872846437 0.856423291890162
0.220204593061152 0.861060077280782
0.196130591535858 0.87343625281361
0.227644982777071 0.857236317309897
0.19101870353997 0.876066224716871
0.167502081254984 0.888145428439228
0.192889422511214 0.875103473588998
0.228882534461865 0.856599084974943
0.18730960465889 0.877969361826461
0.162046524893909 0.890946695324939
0.205460620254801 0.86864218398098
0.158745175554132 0.892642292766166
0.180837493547963 0.881295719149211
0.169266498316541 0.88723721018309
0.209600017465566 0.866516753713978
0.184761612605098 0.879284641880001
0.170006005127413 0.886859422618619
0.215490341874032 0.863483774658476
0.162338352755245 0.890796056498238
0.22319959670843 0.859527195769024
0.16721477387109 0.888291366383972
0.226429882005398 0.857859828807615
0.198839208093094 0.872049256351881
0.248515131503366 0.846508516431056
0.203609041169126 0.869601846671528
0.379696912925123 0.755213411969315
0.298907617414107 0.791523875461643
0.298616407682128 0.791654560493703
0.303417106644723 0.789499590344221
0.314691015485697 0.784439891306555
0.391749939334327 0.749788990893649
0.314946795453038 0.784323900478438
0.373865713564959 0.757841597491403
0.363501118066226 0.762499953880331
0.304808275396798 0.788877150533202
0.285231813560951 0.797662194529115
0.317873011570346 0.783012858523577
0.385451418665836 0.75262237190115
0.359359373295384 0.764364762449198
0.300254295998702 0.790919559814802
0.299275569316881 0.791358587833182
0.300083074463577 0.790996115564088
0.297914128082655 0.791969313428568
0.305464638838086 0.788582146764172
0.301179355606319 0.790503136998309
0.295673196944347 0.792975767883928
0.29429996333033 0.793592214014544
0.300184459104243 0.790950928002107
0.297535385154596 0.792139922367111
0.300282957300521 0.790908706262812
0.312719171998491 0.785323775484227
0.35811514046174 0.764927433861993
0.324582274098586 0.779994321876217
0.338802134382781 0.773608251327657
0.298567733525689 0.791676408809876
0.298498486771946 0.791707446004162
0.291353626675515 0.794914328880226
0.298493825178247 0.791709538054713
0.324608091566639 0.779984286810234
0.305552953366108 0.78854250500579
0.328483662306306 0.778243672973632
0.283165144132653 0.798590030909418
0.284778688781189 0.797865363296153
0.294949294930799 0.793300527998081
0.303271226283954 0.78956506383252
0.316067436897538 0.783821816889771
0.31611715729368 0.783796847240152
0.285546511693427 0.797520849602977
0.311877735801944 0.785701019412337
0.302521348230441 0.789901539808929
0.303417005236962 0.789499672978157
0.312395270624859 0.785470488590234
0.318669745311014 0.782653078122881
0.312530156376941 0.785408095986531
0.303315936448293 0.789546766099012
0.303720061147819 0.789363631858447
0.302369754577282 0.789969597562695
0.348570523157099 0.769215528278837
0.281161637659224 0.79948884678983
0.348780652804219 0.769121106241803
0.342453808502907 0.771965682888811
0.32003521471561 0.782036264034648
0.317586026305687 0.783141458924088
0.349219688325835 0.768923694416996
0.294978491928417 0.793287423735403
0.332004687601435 0.77666261137552
0.336116943680036 0.774812384045265
0.314094450634995 0.784705686368454
0.311874709203947 0.78570228083979
0.36683228244755 0.761004639346295
0.286204084322024 0.797226110770622
0.294978491928417 0.793287423735403
0.319334151100874 0.782352777097598
0.37019815739322 0.759490934124147
0.301003794658275 0.790582357206844
0.302409947906671 0.7899528283447
0.312110127620227 0.785596587506074
0.334940958162943 0.77534066391198
0.312885867020593 0.785247546348627
0.311671477450787 0.78579420379913
0.347163740713762 0.76984644222001
0.345458060269644 0.770613345817905
0.318228972615252 0.782849793162191
0.380804129200611 0.754712704788477
0.32588549531039 0.779411866305674
0.334586188924925 0.775501173617097
0.3087307427178 0.787113679526185
0.338087608867523 0.773928688518379
0.294862868400723 0.79333930888992
0.294978491928417 0.793287423735403
0.338582635901866 0.773705754269751
0.339888488145142 0.773120424014877
0.296394589371692 0.792651834093132
0.368901406291654 0.760078354387593
0.295205596278613 0.793185526424945
0.294862868400723 0.79333930888992
0.293896449148831 0.793773058861644
0.298786488864936 0.791577319067126
0.352291723322258 0.767544943505631
0.293615887635268 0.793898870782655
0.313612934997216 0.7849216299722
0.310859081037856 0.786159080140239
0.311552221067532 0.785847761343176
0.300175411292681 0.790955162328096
0.307080527785873 0.787855345243791
0.375823280439188 0.756956018146346
0.295222477240699 0.793178297378978
0.28312485972822 0.798609328319453
0.327826377125455 0.778540662537173
0.301810347390982 0.790221188202342
0.286014884009418 0.797311720901622
0.29992543703064 0.791067735257713
0.311494228476004 0.785873704874892
0.384967637980474 0.752842794849541
0.307744731863253 0.787558671960923
0.294787312448488 0.793373387352023
0.346152931905707 0.770305313603527
0.356369272432015 0.765709227844478
0.347552732871858 0.769675282714194
0.30024765471873 0.790922690329003
0.288606331189929 0.796147951733673
0.351193528013239 0.768035803108971
0.352153836528991 0.767606721366963
0.346302617702437 0.770236281240392
0.328503050593305 0.778233137300733
0.28312485972822 0.798609328319453
0.226037898547278 0.858063880208144
0.248666950080711 0.846442272333382
0.220079596001182 0.861129436496902
0.221876108819762 0.860206307175021
0.206075012164195 0.868331651146459
0.220419879732786 0.860954570615836
0.230914899183987 0.855562123979339
0.211125528911165 0.86573468335072
0.229857250631684 0.856104472476708
0.213159566036588 0.86469037224438
0.222808114856503 0.859727444968708
0.23175175608049 0.855131488671554
0.229857250631684 0.856104472476708
0.23102051344878 0.855505849872903
0.222861923428288 0.859700802863292
0.210261053729497 0.866179051595409
0.191805156230893 0.875664124673593
0.226389150684198 0.857887268634049
0.221798359009568 0.860246206667439
0.222024929920617 0.860129821787049
0.211075600077717 0.86576042661035
0.226271790089471 0.857947613683459
0.233560496888334 0.85420538376775
0.232823417943694 0.854587842340147
0.231190048837354 0.855421221814049
0.207197099718502 0.867754529942628
0.23455918870354 0.853691244944968
0.234064646615908 0.853952478445001
0.254868754764986 0.84324514835135
0.250610608611955 0.845441780444551
0.216678495096474 0.862879263744021
0.232128172911201 0.854932429373262
0.219998361238106 0.861170422452261
0.225592870264872 0.858289644170903
0.225592835153198 0.85828966222271
0.18540315082274 0.878953529474443
0.230832452603014 0.855604459273836
0.215249162191514 0.863619963984659
0.204664509159555 0.869062528960255
0.225993329433049 0.858084096891183
0.233603292817168 0.854183426437757
0.165156632269938 0.88934981232514
0.248672658510787 0.846423476198205
0.235015413694782 0.85345528952309
0.232046668624875 0.854987875961054
0.198684114517771 0.872132654951281
0.178698205501988 0.882396106700513
0.221734560509185 0.860284203761792
0.20731507272582 0.867693921914007
0.220773912737756 0.860779197374426
0.218446897129016 0.861968357405058
0.208549812647095 0.867054367332203
0.217987575375828 0.86220426732838
0.220523424465009 0.860899593156303
0.213754437376476 0.864385240613286
0.206875489435313 0.867918984384044
0.177611184402743 0.882954264810782
0.204030667757703 0.869377274080985
0.178909710669927 0.882287318328452
0.179196666463577 0.882140157213502
0.229534590285715 0.856267800564608
0.178850270981925 0.882315217108284
0.1966707531546 0.873158380018534
0.243395114650626 0.849142668644333
0.209712060750458 0.866460031845492
0.255761546204676 0.842790818878137
0.185236677162452 0.879038991836818
0.227772688951783 0.857171354240506
0.1663614713043 0.8887312681717
0.225859996515172 0.858161693396291
0.178613979871982 0.8824372700457
0.232906294866585 0.854538864324612
0.211074175828154 0.865762056179158
0.201288510525807 0.870788230385064
0.213119429692408 0.864708927054089
0.24146988420652 0.850139974227014
0.2384738437421 0.851672858517063
0.24964341055414 0.845944326902965
0.18175469817044 0.880827167807552
0.177979862868133 0.88276415588679
0.253844779522976 0.843768173596474
0.160512511744003 0.891734442569675
0.211844167383306 0.865361678042103
0.167500774966725 0.888146205490977
0.207607734858042 0.867542272103197
0.223838392929574 0.859198278676498
0.232215114499826 0.85489492203202
0.194336957340744 0.874357213195583
0.188331698983165 0.877449557218946
0.216784696819491 0.862822841740146
0.18843783964198 0.877394814620304
0.2395451229062 0.851121861653274
0.184626283538599 0.879353206082324
0.235544702856287 0.853185286423783
0.216321093460999 0.863060772400656
0.220079596001182 0.861129436496902
0.197676034177607 0.872645135129948
0.223452244783035 0.859396659938819
0.206755235650986 0.867978123834635
0.239989750935837 0.850897097416805
0.235854025405049 0.853025435733074
0.170598041336816 0.886555008641688
0.211243767995505 0.865671915894671
0.198544289036017 0.872198006041048
0.167500774966725 0.888146205490977
0.160184530501499 0.891902960956523
0.182027953304502 0.880685269033877
0.246891475279542 0.847343926006345
0.16433528141373 0.889771520652328
0.186094865841231 0.878595794836924
0.174415115771836 0.884595084370496
0.199654609086075 0.871631369820444
0.202463388588349 0.870182363758716
0.206755235650986 0.867978123834635
0.213054468164565 0.864736965537572
0.168070523054693 0.887853683064867
0.250911413866911 0.8452687492654
0.255638573288964 0.842847852038682
0.196103511358044 0.873455931700799
0.193882324322212 0.874590342288075
0.161103917387697 0.891430840486887
0.205829090107689 0.868458341901671
0.187800816559822 0.877723216794622
0.166905377547346 0.888451962628216
0.194633889110741 0.874208378244033
0.186259638162634 0.878511159441465
0.225398139142439 0.858404659371383
0.227824552385449 0.857150351245821
0.18175469817044 0.880827167807552
0.253414555151411 0.843986523589641
0.19267036625854 0.875220146566313
0.224019183698589 0.85910754779984
0.185241968770286 0.879036268647739
0.213223047092677 0.864655462252354
0.168031875158853 0.887873534862285
0.195506962687208 0.873763136465355
0.212421819501287 0.865064027882507
0.187707322866526 0.877764550071476
0.189194358418948 0.877002363748246
0.173391646592492 0.88512059165985
0.214314177066451 0.86409665988367
0.209345771396187 0.866647575773626
0.207207399798853 0.867744241053854
0.226204393998465 0.857979080990117
0.170677990857972 0.88651290811071
0.197456635994914 0.872754943739561
0.243313955295769 0.849182337406072
0.207443635334393 0.867624247265262
0.163538041799597 0.890180621864254
0.233893035472431 0.854023744400826
0.165532865325369 0.889156564160558
0.216404581369468 0.863022585817312
0.160795057171097 0.891588892802354
0.222738418298956 0.859765394616961
0.166502957000486 0.888658486178609
0.200187385262749 0.871351282845508
0.174348171909562 0.884628701863585
0.168280246863435 0.887745419673575
0.177939902540547 0.882786713592909
0.182933292790308 0.880219388407555
0.168352268788568 0.887708072686992
0.181342906809599 0.88103788279906
0.162964461502598 0.890475441445726
0.168047405833515 0.887864983377036
0.182050756635312 0.880672362057405
0.185554606553682 0.87887517431794
0.175044991108975 0.884273202953007
0.196942943774337 0.873024964648838
0.244455968941659 0.848594854685964
0.204094340149204 0.869343754542909
0.160184530501499 0.891902960956523
0.202284019494823 0.870275995015005
0.198496587220167 0.872223487886155
0.216752107056904 0.862846307116359
0.211179258437003 0.865708092317286
0.228921048212779 0.856590183496864
0.201075862534956 0.870895590198736
0.240070762328748 0.850859171756142
0.195383182423362 0.873820106798582
0.200735942816565 0.871070102532708
0.18895091910345 0.877134281952789
0.223649584475828 0.85929693392574
0.161992073467109 0.890974151840949
0.202809213383806 0.870006954540961
0.186162311978635 0.878565387301107
0.254961287029145 0.843192823126991
0.212217924347153 0.865174233382233
0.185554606553682 0.87887517431794
0.218213455553906 0.862091275487531
0.247703355749884 0.846930443443862
0.194508587620445 0.874269478941479
0.179844738793251 0.881807779507637
0.16913518233737 0.887306421785341
0.172899668339971 0.885372579396998
0.188171845814787 0.877534345083166
0.190759328985022 0.876197848138943
0.179786654154818 0.881836966635487
0.201977120860348 0.870436510823194
0.175044991108975 0.884273202953007
0.248737349867799 0.846399561387066
0.164936181525629 0.889463124887012
0.231529850318379 0.855244128665621
0.222075767980319 0.860109310036623
0.195708427906318 0.87365363834651
0.162047807369363 0.890945955754738
0.214564153943394 0.863971093956676
0.19056090286735 0.876297310776742
0.195383182423362 0.873820106798582
0.20089281737968 0.870988282007695
0.204909583538091 0.868927059973065
0.177967882689739 0.882771402192299
0.241083747698224 0.850334113490019
0.206391317170685 0.868167911121554
0.214716564093534 0.863892420800989
0.188929011494947 0.877142218246943
0.255206350151639 0.843071583675677
0.178163351208044 0.882671726076169
0.205642575735025 0.868554131402816
0.193138305270156 0.8749812058138
0.201677408798866 0.870587409969191
0.231189305076526 0.85542634876531
0.159990317799025 0.892002681104124
0.226808374954821 0.857675545121575
0.203597252404948 0.869602081530788
0.17922891721008 0.882123739654374
0.185923174729912 0.87868590310741
0.17255703224575 0.885549568573599
0.247911258149736 0.846814637736383
0.161791310279564 0.891077856729697
0.214235990331846 0.864134762662048
0.214763608542395 0.86387192959465
0.191020660297346 0.876062766819058
0.161910749922039 0.891016489249247
0.190838063881652 0.876157449495998
0.195014666978728 0.87400968568152
0.197417510586184 0.872775838200935
0.216915450885855 0.862756563396913
0.179844738793251 0.881807779507637
0.198635400757028 0.872150018019279
0.175470603467829 0.884051495518254
0.217223560650944 0.86260510774318
0.250341944842345 0.845579967459746
0.256074525408825 0.84262307995596
0.220314653654103 0.861015289249754
0.220227036546695 0.861054125057735
0.211634414128966 0.865474182438072
0.232609302989057 0.854690976000922
0.220534057940587 0.860897223830046
0.205363066049625 0.868691603357089
0.164922057816241 0.889469951728317
0.202408650559418 0.870214750098398
0.199586617322256 0.871666269447831
0.164092813845993 0.889895742328431
0.227259413982299 0.857439646209807
0.191625022769565 0.875751621961525
0.168280246863435 0.887745419673575
0.166301146486765 0.888762641896733
0.18565163576377 0.878825794654894
0.198181802533171 0.872389265994646
0.179844738793251 0.881807779507637
0.19608607831199 0.873458564232295
0.191952510548381 0.875585591994331
0.164834578052694 0.889514910626091
0.156927887974477 0.893575130607496
0.173068910724382 0.885287001110963
0.20912315021101 0.866759694801111
0.213246523043797 0.864647826788491
0.198811381709982 0.87205831989365
0.167583155934065 0.888103903089127
0.167227242974915 0.888286613962761
0.177470310516095 0.883026916125657
0.207512624554781 0.867589370643537
0.203586812259798 0.869609058671341
0.236298429014254 0.852796722521709
0.192764815145292 0.875170194691454
0.18639189122999 0.878446195617196
0.236872915947009 0.852491094520882
0.220838183092966 0.860740481732346
0.189658615438479 0.87676338633403
0.195251800037553 0.873887715753239
0.223628974014755 0.859314106594042
0.226004755323822 0.858081968608273
0.199595924306773 0.871660197618213
0.195412571503695 0.873805140261258
0.24547575747783 0.84808030374883
0.209375824566414 0.866628007233854
0.174207551993365 0.884703173562837
0.241894166059567 0.849917690967252
0.170269664374588 0.886724262107487
0.187028188154376 0.878116618067567
0.17195688796375 0.885859030262933
0.174599411147258 0.88449871828674
0.168946658975912 0.887403192056131
0.184734144151993 0.879299603559249
0.163880413667709 0.890004999116271
0.167190001106405 0.888305848088805
0.15889396775946 0.892565198645888
0.164834578052694 0.889514910626091
0.173043870267464 0.885300263592607
0.229295411058056 0.856390606780073
0.208627222900903 0.867012765869129
0.214803490677266 0.863845074628649
0.239329309006533 0.851233385349197
0.211922945667346 0.865328474006959
0.198538423225418 0.872202965286177
0.177580959574174 0.882970819793532
0.195903595109713 0.873552094674576
0.244495621776645 0.848575962954025
0.179819426481745 0.88181677943464
0.155429919484984 0.894344602866952
0.218366323100443 0.862005594630639
0.248770122963776 0.846375776362248
0.219977142141944 0.861183712712034
0.185516364722519 0.878893057082758
0.239703592075906 0.851050802747224
0.180376422427679 0.88153065426988
0.195960207766229 0.873522569862693
0.164712656505327 0.889576921680342
0.192859236306321 0.875120572026977
0.155429919484984 0.894344602866952
0.189299835678874 0.876948629053049
0.161251722254912 0.891354682570383
0.191334531662142 0.875904630078674
0.206492453623866 0.86811635067441
0.154109401140624 0.89502262959704
0.182066830957836 0.880661868391617
0.187854824434497 0.877690428106894
0.17767329825824 0.882922754147106
0.220882959546043 0.860715504959262
0.174452775593577 0.884574046618297
0.188321871039291 0.877450806722434
0.196034604616624 0.873488090859328
0.19481896982738 0.874109072540518
0.184734144151993 0.879299603559249
0.174520908393594 0.884540244471538
0.162464935683907 0.890732182140749
0.1983217222147 0.872314579111798
0.174136958400169 0.88473648624847
0.185142114588388 0.879083829875751
0.200495792129121 0.871193265977142
0.22444878796368 0.85889226497074
0.209652484303501 0.866486397786632
0.242795513525225 0.849447462106128
0.171361130514725 0.886163662250171
0.194595495677415 0.874223921166823
0.191672901168656 0.875730621686751
0.208481563443111 0.867088315050592
0.193364442617331 0.874861904925749
0.174114135557243 0.884748208449546
0.16582070217765 0.889008470546892
0.169106338087593 0.887319891140303
0.164191343302824 0.889844791241122
0.248711712242029 0.846407226559593
0.172681866626588 0.88548574044257
0.165725937104002 0.889057136813131
0.195257730798977 0.873883681159065
0.233082952319613 0.854452136022088
0.192998109085425 0.875045005954755
0.246007816319851 0.847791519287704
0.227092358638441 0.857539173997391
0.201707469200414 0.87056908198126
0.185210369434051 0.87905216938991
0.165589921671038 0.889126966751075
0.189299886927766 0.876948602707249
0.194135744073541 0.87446005734194
0.212326959569431 0.865117292183592
0.162086698193057 0.890925930301196
0.171706601527068 0.885984671700834
0.15381328171104 0.895174680435778
0.249148441207316 0.846193319294177
0.175618747750108 0.883977287656987
0.207961408061126 0.867355740364266
0.22690368682098 0.857622845575734
0.227123461933214 0.857509734123862
0.174136958400169 0.88473648624847
0.17789299762939 0.882811254803495
0.229211635534615 0.856446927199385
0.218165911991948 0.86211916383595
0.193538303462677 0.874774933015398
0.215774034701009 0.863346751154838
0.201946369975781 0.870454952939994
0.171709357936802 0.88598347897097
0.19512178518762 0.873961500236296
0.19611416043475 0.873443444637451
0.197926758572773 0.872518681688195
0.169970419287542 0.886876276504664
0.170486431209008 0.886612716911445
0.15381328171104 0.895174680435778
0.176530123117699 0.883507435540375
0.251713104754877 0.844869540126813
0.255487150723683 0.842924259042614
0.254651980468911 0.843368483348357
0.198789787867296 0.872075036675319
0.215484957031088 0.863499803447538
0.249376323127764 0.84607218121771
0.202958244024893 0.869925887537673
0.253629033877307 0.843880627031982
0.219193616370528 0.861590846412538
0.171512665831903 0.886084904681185
0.189984954168221 0.876595025198958
0.206513496102225 0.868106814013376
0.249591247950092 0.845961999379023
0.16727333377726 0.888261273591918
0.164873434239261 0.889495539367696
0.164853533610237 0.889504068886695
0.217043756260683 0.862690004767132
0.25351104506451 0.843951158105552
0.176551909010111 0.88349555994962
0.177040512507597 0.883245054302826
0.184187215179204 0.879574785934167
0.18504570862958 0.879135907905199
0.249353155062551 0.846079973507751
0.200241000008532 0.87132534548679
0.174976791543488 0.884305221401395
0.178576490409677 0.882457021809946
0.235817192884488 0.853036748964527
0.163660822416347 0.890118145477044
0.185006746488607 0.879158996535854
0.203639975521642 0.86958503838201
0.162539287870749 0.890694031771548
0.197548204468088 0.872716269897778
0.202130829971164 0.870359364537988
0.177868021029715 0.882824370055428
0.190917897824668 0.876114079054762
0.225745695792173 0.858217483512118
0.253701242963154 0.843848920538164
0.202798382149039 0.870013265938008
0.199720210240809 0.871597089777331
0.163832782222546 0.89003065480601
0.191914155281395 0.875605860411072
0.179521660647044 0.881971847870915
0.221344104922547 0.86047622674997
0.169686949920698 0.887022420787198
0.160525797601681 0.89172860009106
0.216464626835502 0.862990283872289
0.248487228332568 0.846536728585741
0.207438511398761 0.867632585811009
0.212025724402904 0.865265250922306
0.243957048046822 0.848859683203428
0.184734144151993 0.879299603559249
0.168186504516642 0.887795296839321
0.16538227289034 0.88923358481621
0.19538041369341 0.873820631593244
0.188444737954868 0.877386181705884
0.186715497825964 0.878277579337467
0.195257730798977 0.873883681159065
0.173657625540613 0.884983519672469
0.163328275608937 0.890289065947195
0.189387543940471 0.876902957152905
0.163482316838289 0.890209678575835
0.245048159838142 0.848299323358616
0.196572388938843 0.873216328087107
0.214038812797036 0.864231059285754
0.213813021346053 0.864352770436462
0.179618365747844 0.881925597084513
0.189476255761648 0.876856382089392
0.227143457963293 0.857493482983557
0.208462037071688 0.867097966877755
0.180546974998853 0.881447365995519
0.196064749530005 0.873468974679388
0.192719359749477 0.875193569873565
0.167435190835403 0.888178820090174
0.17935243507504 0.882059895771959
0.183450560394082 0.879956072162796
0.227609316921323 0.857254176773914
0.192472264943031 0.875325966035382
0.210359461540123 0.866128741821748
0.196822036796423 0.873079544912696
0.176929082726237 0.883302291477944
0.236747436088242 0.852567889445984
0.192613536587412 0.875242264283873
0.169722060277449 0.88700364692167
0.16226571434281 0.890834143522334
0.184720185248099 0.879301223908924
0.181771886920786 0.88081556770029
0.239757655179613 0.85102538370972
0.220875059302471 0.860725293513375
0.160525797601681 0.89172860009106
0.185905204368908 0.878692968723216
0.228542380660013 0.856777580971881
0.20147143027822 0.870697924385219
0.211357932018926 0.865620248782314
0.222819903867175 0.859725409270106
0.208043534979956 0.867322536174641
0.212075078801241 0.86524066116487
0.21432561142001 0.864084959328314
0.217660312670797 0.862383787571529
0.194138649219913 0.874458456774691
0.157168299139925 0.893451581467224
0.17666759727735 0.883438361320591
0.209960257385916 0.866334050930642
0.175268470489801 0.88415544476939
0.243351728137332 0.849169974994414
0.16923339806897 0.887257905466428
0.197470302184524 0.872749331556649
0.163114586067133 0.890398775011949
0.156772046861439 0.893654649284995
0.173113596481942 0.885264577158965
0.17935243507504 0.882059895771959
0.205440901308399 0.868654923072523
0.213346625078838 0.86459474112408
0.217272154411974 0.862578396631885
0.170932598164929 0.886381965848923
0.366838681131408 0.761003756817317
0.337418114813429 0.774229848649312
0.366838681131408 0.761003756817317
0.358868372216179 0.764585311995391
0.358868372216179 0.764585311995391
0.350478336815354 0.768357199372555
0.36416190326104 0.762205191910051
0.394512970530049 0.748541182412476
0.339761399200821 0.773173199889707
0.336853360364126 0.774483797591882
0.363638835519309 0.762440933587552
0.372752949791515 0.758339662221757
0.375368927291523 0.757162835082292
0.352299547950564 0.767538283333407
0.340220697813767 0.772968677042136
0.341052118057607 0.772594463245141
0.349677393987809 0.768717682114364
0.368190007541491 0.760394059049328
0.354071372951454 0.766739458326719
0.333420441619945 0.776025618193047
0.336526935993888 0.774631118473777
0.332491432056116 0.776443798755623
0.369851790935203 0.759647146696944
0.310137922978064 0.78648341131437
0.31865612723428 0.782655333080769
0.350074117238369 0.768536595298765
0.380484032166751 0.754855388113379
0.376497109200216 0.756654411623342
0.354952842788887 0.766344322646458
0.362403496627047 0.762998162988324
0.319259840632519 0.782384582971484
0.328239377111928 0.778350229251131
0.339219532745138 0.773419299946626
0.33864889480919 0.773673257070914
0.328042300985171 0.778440780770169
0.360101470882014 0.764030872976033
0.376821986909968 0.756506256702979
0.346968559229902 0.769934513067071
0.321643659558925 0.781317153416452
0.325795777051431 0.779448600401528
0.322073610053659 0.781119979325118
0.370597762599974 0.759307106380649
0.320017444577088 0.782044203549261
0.323021489822229 0.780695651579576
0.313554685422337 0.784946868541229
0.337790504143721 0.774063010432775
0.342742730850565 0.771833329941335
0.318651199825043 0.782657546295899
0.329792578391791 0.777654134178433
0.309894217465075 0.786592832219708
0.322441024039666 0.780958611264836
0.340580952931882 0.772807910616355
0.350431844916431 0.768376064523857
0.336342896297747 0.77471148752358
0.347380661804279 0.769752636355207
0.310137922978064 0.78648341131437
0.321363120885088 0.781439076127506
0.349013311390117 0.76901723418939
0.320168418631979 0.781975693675588
0.310086311917562 0.786506571371341
0.347200230287562 0.769832235693548
0.318704268872855 0.782633715136374
0.363657984913135 0.762433683428687
0.313554685422337 0.784946868541229
0.312177341929621 0.785565399215503
0.317003757284156 0.783401295572994
0.328947854870273 0.778034852733911
0.347859885378331 0.769535364203008
0.338020702950814 0.773961659643919
0.320541984297969 0.781807881176949
0.323461206718585 0.780496581243261
0.326708675527488 0.779039351319877
0.327543693987172 0.778665029776195
0.315604170274196 0.784026985257595
0.317678276484821 0.78309418332868
0.311200697505246 0.78600408630489
0.353528160909806 0.766991535606643
0.314911306570095 0.784337454763184
0.317192929058963 0.783312646728082
0.34739511948464 0.769742963321042
0.316438041138093 0.783652122103851
0.320221445732107 0.781954513262324
0.314776740992387 0.78440084426749
0.330091015092939 0.77752083671645
0.334373484586164 0.775594762801458
0.329047504539683 0.777987326611432
0.307693244480452 0.787581840731564
0.34981264451788 0.768655125656999
0.339761399200821 0.773173199889707
0.324727522060266 0.779928449954359
0.374882351183334 0.757384593171377
0.37490118655138 0.757376281757241
0.321366431908894 0.78143758905311
0.335539279301746 0.775072121511778
0.333547969901478 0.775968555102451
0.344754973343511 0.770932079970283
0.318963955932095 0.782517087711825
0.350644025708101 0.768282763322339
0.31691029494343 0.78343912388709
0.314401522321473 0.784565616216236
0.313998262686427 0.784747668604649
0.339310528704471 0.773376837502872
0.320264936363552 0.781932104284766
0.345744775940118 0.77048644986148
0.358669594491489 0.764674876799403
0.322407984260095 0.780969741436707
0.312952871448677 0.78521711073839
0.350119869093885 0.768518837704795
0.320103684260791 0.782004965730369
0.357316089906708 0.765283203786315
0.319717655516293 0.782179298878442
0.347817548795879 0.769553991565828
0.362699096978476 0.762864609749763
0.30891963083005 0.78703028927999
0.316823139966224 0.783478261165545
0.388934569049322 0.75104900934499
0.303832592535531 0.789313702414688
0.30757542839749 0.78763405717968
0.309462581675971 0.78678734611161
0.35470241647009 0.766455930108319
0.30675339373816 0.788002840429514
0.349612636747413 0.76874683278405
0.347229973087049 0.76981857312976
0.310122530663891 0.786490318532709
0.347185031054603 0.769840377174303
0.30825527442678 0.787326846880561
0.295246370146004 0.793168966745075
0.357243540839609 0.765315817127293
0.345320417863491 0.770675353750192
0.317179959222814 0.783319100701883
0.313799288325613 0.784837176541127
0.31706314333373 0.783371554240703
0.318747893344598 0.782618323585974
0.317384607666324 0.783226366482199
0.318300586677128 0.78281533634482
0.316611243209224 0.783574466752042
0.34460880061868 0.770999517379025
0.359521458919902 0.764291673893097
0.360668405910664 0.76377901771445
0.311614196153156 0.785817583504388
0.330973084939354 0.77712226369269
0.329164157453165 0.777939556753886
0.345733639635705 0.770490470978199
0.364949483338934 0.76185042547914
0.360877174892529 0.763685224294359
0.33238258828357 0.776493632959757
0.345672602376961 0.770518054765614
0.388802061633638 0.751108702166831
0.366811232999309 0.761014774470059
0.317108444598093 0.783351206838916
0.337891880173156 0.774015270539445
0.31706724570495 0.783369711629483
0.348326447730334 0.769330036389849
0.301286596476612 0.790455398539045
0.288117543432728 0.79636770853715
0.364529789391203 0.762039761394572
0.346424786270419 0.770181044369637
0.357608179081278 0.765151427071193
0.338610725328677 0.773694703292603
0.348682544195142 0.769167248916974
0.347319190873004 0.76978065398192
0.37006487003698 0.75954743390087
0.318639008947905 0.782662500989384
0.320935909442772 0.78163425747258
0.344585213551153 0.771008917856434
0.325683334458541 0.779502559400944
0.309044434922279 0.786971783216099
0.314123277099908 0.78469186410819
0.289417703177944 0.795784062438161
0.357479678584584 0.765212272125914
0.333533491733139 0.77597379538987
0.367910480373117 0.760521230840796
0.312171415342045 0.785570678150463
0.35463593479038 0.766490524141476
0.348996097346548 0.769023778390744
0.302357901875779 0.789975119756059
0.302889530296396 0.789736977132676
0.317108444598093 0.783351206838916
0.360479650926189 0.76386072618865
0.353722092697744 0.766903384680385
0.326971289193137 0.778924594771838
0.301215283737758 0.79048936417214
0.347647673064514 0.769631072825393
0.311727798377488 0.785767206251412
0.339611870726016 0.773246718458314
0.316975795251353 0.783410778960811
0.348239491251463 0.769366250016911
0.288537063753356 0.796179687687273
0.312405882174478 0.785462213623921
0.343066887264868 0.771690855053058
0.356303680005353 0.76574221352512
0.317639234336111 0.783117299236293
0.314265197165768 0.784627644515481
0.304105242897047 0.789190891624355
0.331484573551744 0.776894109634641
0.330130766971836 0.777502066608934
0.396136645814559 0.747808493824327
0.340380976078701 0.772896452618388
0.333828095226965 0.775841352084718
0.353728730472021 0.766894830853237
0.321815471917833 0.781235718898549
0.292568160932146 0.794370999795882
0.30268513069177 0.789829279047541
0.297575756483632 0.792122781907891
0.355251511439473 0.76620928093582
0.317178864128108 0.783319808050864
0.274376211015494 0.802533314487478
0.36276988704621 0.762826864646585
0.283237366722884 0.798558052493888
0.303573049706055 0.789430332011272
0.332980446050681 0.776222485222507
0.349036804694435 0.769005157842991
0.314140113770552 0.784684311485395
0.339199468909834 0.773426272689717
0.342050468104756 0.772145597874575
0.310678662100203 0.786238397657357
0.328165436678504 0.778387810657688
0.302307756697302 0.789998382159383
0.374326265778037 0.757626459398115
0.360849655462162 0.763692529940926
0.316975620073187 0.78341086115839
0.332814501622462 0.776296260585519
0.303887136285451 0.789291447592173
0.30991082737823 0.786583236037847
0.381155475282547 0.754556722744092
0.346744367353864 0.770036503067956
0.333548557681416 0.775967010659636
0.311337586503195 0.785942568431622
0.377855325824263 0.756039351547699
0.340900017646415 0.772663876871648
0.317525222240289 0.783163329529913
0.332104396197214 0.776616709484521
0.331938123813324 0.776690432496603
0.342633253389809 0.771884416904505
0.30614891528936 0.788273091563665
0.314285743816427 0.78462014900695
0.377599923746752 0.756156188951191
0.313555809626242 0.784946381918758
0.31412324814595 0.784695223453744
0.302234182322284 0.790032254771992
0.363560847312686 0.762471563552152
0.391605628483473 0.749852827140615
0.37709653260397 0.756383451015374
0.332646451516194 0.776372283462549
0.35446022657817 0.766564803829822
0.357228184486067 0.765324822091988
0.334329775478721 0.775616862035142
0.320596011658905 0.781784648368429
0.338329250414584 0.773818704103455
0.341687677751724 0.772307426974371
0.34585045489587 0.770438888836046
0.320744800444996 0.781717826689823
0.359477562499555 0.764310722644379
0.35366135670717 0.766932241229228
0.33253807782587 0.776424911967313
0.319825125544268 0.782130733477057
0.343712948656615 0.771399286439917
0.331993285281717 0.776665284364459
0.314317148961853 0.784604465334252
0.358535552042513 0.764734918005904
0.361545077559434 0.763382184015191
0.361629063890498 0.763341942689098
0.343111794365229 0.771668238391017
0.372881634249062 0.758278791950414
0.314317148961853 0.784604465334252
0.355410635371362 0.766140008320642
0.34556219725965 0.770566127276036
0.303605388042195 0.789415818256283
0.358604139750426 0.764704038945953
0.313247145945968 0.785084980722361
0.311350342498426 0.785935970381416
0.345936485942122 0.77039913871432
0.359983211758454 0.764081938744559
0.282610790024897 0.798838896419381
0.328525012804139 0.778224311734841
0.352769930059637 0.767325525642725
0.345502856548443 0.770594599243827
0.30359601612841 0.789420025074567
0.317503701394912 0.783173318409975
0.366182334698576 0.761301087356043
0.361626341911143 0.763346076045791
0.321348875842531 0.781445971775853
0.281458678308906 0.79935580058713
0.338459975824923 0.773757932671785
0.304439837707656 0.789040520469121
0.353346823235916 0.767066673653393
0.285494709202035 0.797545145989172
0.324223046395416 0.780160522882474
0.264779453841097 0.806838172314555
0.330524440222722 0.777324024574242
0.301882040713283 0.790189291018926
0.351251060042084 0.768007585916561
0.368161228949859 0.760401070208273
0.325160879947056 0.779738112725517
0.319471745976523 0.782288971612995
0.356796782647477 0.765519469694688
0.298381223050325 0.79176040338282
0.337988209052932 0.773974055231092
0.300323330627058 0.790888700993736
0.295686671616166 0.792971262676189
0.336305517496858 0.774726656797192
0.295862082396138 0.792892444404758
0.289921936244766 0.795557865611057
0.316248731589294 0.783736765834734
0.32023565310326 0.781945617956417
0.29260017907614 0.79435547070923
0.36416190326104 0.762205191910051
0.330446595821062 0.777361620551042
0.342798337730976 0.771812338636399
0.289921713929149 0.795557964153721
0.28524663102292 0.797655847319681
0.383478706048831 0.753512723241631
0.342799034117895 0.771811989514967
0.269386055468063 0.804771781744209
0.299171180421487 0.791406677783741
0.281875795915529 0.799168394280502
0.285494709202035 0.797545145989172
0.276494998578793 0.801582825621234
0.264779453841097 0.806838172314555
0.351237375883214 0.768018406814991
0.272180720094656 0.803517960534528
0.329779671687448 0.777661069701748
0.322584456143818 0.780890356342204
0.299026510206244 0.791470119189395
0.391406413385173 0.749949903745431
0.361210543106993 0.763534374728176
0.289890425535292 0.795571994913643
0.271656922236884 0.803752896030661
0.362724126905815 0.762852770602164
0.264779453841097 0.806838172314555
0.338401739199618 0.773789983875002
0.330075813522155 0.777529229275058
0.305892366370619 0.788389497224784
0.354421707251871 0.766584051352568
0.266930024636525 0.805873707342371
0.26484354942429 0.806809416936459
0.264919895507655 0.806775186257928
0.307449615820093 0.787688320720958
0.264922385621419 0.806773866803305
0.286645909398258 0.797027808925709
0.303492732722586 0.789465563395225
0.339439685732159 0.77332128796551
0.264718734042833 0.80686540493596
0.271656922236884 0.803752896030661
0.263232211497054 0.807532021731889
0.291951806375417 0.79464690582745
0.269670685103577 0.80464422411628
0.303550848106288 0.789440505832987
0.342799034117895 0.771811989514967
0.277439775028652 0.80115867831466
0.334789206438614 0.775412068897802
0.340349031246673 0.772912171546164
0.28146085460428 0.799355007048126
0.290906538215638 0.795116104926655
0.313594724222698 0.784932241303026
0.289847342820778 0.795591890484487
0.280280574057102 0.799884195283548
0.266016277634338 0.806283165945178
0.294479412688871 0.79351259421611
0.31455519414714 0.784496800570002
0.339977663532601 0.773078345504292
0.263242729071877 0.807527306042573
0.306449979223057 0.788139101851434
0.303576189671983 0.789429194662465
0.341120508177707 0.772566347710416
0.304489786961814 0.789018028307312
0.306093560706081 0.78829891889172
0.308936001114908 0.787021047080568
0.271305825384953 0.803910912035944
0.272766322865134 0.803255443293682
0.376620346422102 0.75660203546947
0.300290818228921 0.790904124307267
0.284852672966123 0.797831405567576
0.303184765459258 0.78960486271784
0.284744034605622 0.797881554626785
0.265439471804524 0.806542146931414
0.269123913483718 0.804889750399489
0.272323922052171 0.803453730708282
0.308903824620699 0.787035705992747
0.303184765459258 0.78960486271784
0.268712222201166 0.805073972900828
0.292455951234217 0.794420754942577
0.343618202231789 0.771440545087568
0.272447357140311 0.803398614366685
0.273093193950769 0.803108849340701
0.306625662387127 0.788060279780527
0.280872803628779 0.799618577694363
0.274957818272181 0.802273248088678
0.384191675843974 0.753194386912641
0.287264260346254 0.796751435399273
0.27275461626332 0.803260696694754
0.278922279683312 0.800493354489554
0.26701593566487 0.805835084844177
0.348969958030691 0.769035456369808
0.27773790855357 0.801024575564904
0.274698850535494 0.802388281261198
0.362722830502797 0.762853005117696
0.304051877160824 0.789215008487299
0.317766900264902 0.783057059907503
0.272886423556505 0.803201306063113
0.275992868955281 0.801808078822207
0.280480262513115 0.799793670091784
0.272482199424698 0.803383019464359
0.355998329998864 0.765877629506118
0.276996895972954 0.801357985051634
0.273093193950769 0.803108849340701
0.367699930627552 0.760610862082229
0.284565112344101 0.797962221327685
0.263213370164236 0.807540461772235
0.29811549658693 0.791880171656839
0.298545217499782 0.791687922990301
0.308516193221195 0.787211862790221
0.285465707403138 0.797557425740199
0.275202351245872 0.802162411422299
0.310747423848497 0.786210766976795
0.276966348849621 0.801370766262781
0.351403011881405 0.767941801049055
0.275596518807556 0.801984990741017
0.329121132568957 0.777956099803007
0.280930697287536 0.799592088383313
0.320697264227798 0.781741252212749
0.294652559256492 0.793434276696152
0.392611689298023 0.749396368883812
0.310137922978064 0.78648341131437
0.272152884005051 0.803530249199946
0.276513210773851 0.801574937172432
0.294131636730534 0.79366867829024
0.300699610523463 0.790722278988405
0.26531879916925 0.80659624551384
0.309894510066754 0.786592015496971
0.294770561245061 0.793381754119289
0.307890063505991 0.787492872588382
0.267406172063929 0.805660170791175
0.269673707769256 0.80464288386207
0.381586353016846 0.754362276363059
0.370300202067412 0.759443348329553
0.373343309888796 0.758072679018169
0.377714945781073 0.756107392375301
0.386094676947564 0.752335031674205
0.29373125208822 0.79384804315341
0.328473994231386 0.778249841957543
0.372344365343478 0.758520519856472
0.390161964322101 0.75050702393723
0.328473994231386 0.778249841957543
0.394490880415461 0.748545244089787
0.297210676625045 0.792286393681869
0.371997726804999 0.758676992183653
0.281976305904591 0.79912339460663
0.370981421362072 0.759137959052877
0.346600825299209 0.770102657490633
0.275376872799144 0.802084329847016
0.297210676625045 0.792286393681869
0.273745506944262 0.802816071104977
0.273745506944262 0.802816071104977
0.344086641742627 0.771235192080539
0.280730481455048 0.799682498473514
0.316430030477051 0.783657217294353
0.32434877336527 0.780101319933043
0.283748161611631 0.798327505803958
0.317834599543326 0.78302842915917
0.267631219608301 0.80555865051083
0.317416641236646 0.783216599233505
0.28129373705206 0.799429855795954
0.280595728394395 0.799742644364485
0.350265927459805 0.76845100706752
0.26934526447705 0.804789647319659
0.280246390772794 0.799899202844868
0.269115167919039 0.804892964958202
0.279404335483185 0.800277343142335
0.28760750370857 0.796595692998844
0.281639720109741 0.799274175439714
0.267109224058936 0.805792863732215
0.281498092319323 0.79933738939982
0.3093399365787 0.786839996298489
0.386070057397025 0.752342305379688
0.28213035794117 0.799053531367818
0.323277811320785 0.780583013575455
0.278583951865186 0.80064567182835
0.27509061809748 0.802212881669036
0.267064003624007 0.805813122731403
0.300900944603959 0.790628390658724
0.334939778375823 0.775344932689965
0.273882231614344 0.802754756309024
0.266524894604592 0.806054987558453
0.279656656966128 0.800164224868818
0.298266191383047 0.791813801735163
0.38142910632496 0.754430514992592
0.266362844096835 0.806127665104416
0.38750202516163 0.751699951799068
0.29979745702925 0.791125173630477
0.279404335483185 0.800277343142335
0.263130495174323 0.807577629851067
0.326556577197559 0.77910918552824
0.291225563641439 0.794971122006454
0.274768041882697 0.802357364486399
0.349376154697964 0.768858448603441
0.297788954166613 0.792027093462171
0.296462777413945 0.792621085998275
0.314075217472659 0.7847125391139
0.263130495174323 0.807577629851067
0.365247295207661 0.761713241622534
0.3081948202039 0.787356178231022
0.314075217472659 0.7847125391139
0.298055798244338 0.791907683814335
0.35318452086553 0.767146429053136
0.303515025142603 0.789455935999361
0.282708932867345 0.798793985292383
0.314075217472659 0.7847125391139
0.335018053633221 0.775307731770755
0.314075217472659 0.7847125391139
0.315386069016204 0.784126426180809
0.291965929145134 0.794640908047531
0.290847632034264 0.795142763074757
0.313094372525373 0.785153039875536
0.287646567544719 0.79657772283546
0.318352094080959 0.782792025792436
0.355924858718957 0.765910384669292
0.305448515399549 0.788587753723799
0.260152670579922 0.808913231481506
0.388301095270134 0.751335956791469
0.315731460922375 0.783970883214061
0.279034342565895 0.800442918535395
0.322117491545751 0.781101878261267
0.385669493808252 0.752527468291242
0.388287138723456 0.751342340813091
0.303294292329607 0.789556503969399
0.395004914216789 0.74832061941945
0.366480073356328 0.761165604691057
0.373276442450647 0.758102778657886
0.313173075729814 0.785121959343635
0.297209126455615 0.792287856518903
0.306917636813533 0.787930918199417
0.288091727089092 0.796377863555932
0.378991520986709 0.755529726424533
0.334909609003693 0.775357762122485
0.285704273427673 0.797450169746996
0.27351505979093 0.802918950230089
0.276117570025715 0.801751527506711
0.285707971537533 0.797448233646721
0.276916279133975 0.801392714640242
0.289776994551981 0.795622443793937
0.318676587116444 0.782648640250071
0.355483766539943 0.766113176541973
0.281592466618702 0.799295054528624
0.27705690742359 0.801330281303769
0.274940157060351 0.80227950327181
0.305668592756856 0.788491675576502
0.276117570025715 0.801751527506711
0.288451263288142 0.796217658562229
0.302142909809071 0.790074172340903
0.332552612527756 0.776414756274357
0.31308175107508 0.785162407545474
0.307321695250505 0.787746541038705
0.285775950388918 0.797418019512379
0.351173431734899 0.768045506556057
0.273016001950405 0.803142872051782
0.304906042076417 0.788833645234986
0.285811729183628 0.79740176724747
0.306080520614035 0.788303707490291
0.30881413212375 0.78707611639363
0.280809385667668 0.799647043214768
0.297133870466486 0.792319988779124
0.285400999185022 0.797586326550503
0.284316718368901 0.798072559765531
0.346527225429243 0.770137669426601
0.343846333888652 0.771337046745114
0.331013622731554 0.777104136429289
0.273016001950405 0.803142872051782
0.345078657662845 0.770783246887747
0.273016001950405 0.803142872051782
0.374546382885451 0.757528886966452
0.325774024087611 0.779462437456267
0.377276420403611 0.75629711734555
0.319000788978369 0.78250353223122
0.374080531910093 0.757742688336308
0.272885015246545 0.803201468422792
0.297561914997952 0.792128869558699
0.319973921608468 0.782068914624018
0.280060799980318 0.799982219712278
0.33132327583921 0.776966719731623
0.284405204490207 0.79803288194906
0.305027337252486 0.78877610595273
0.336558242529877 0.774616367693934
0.288230253484199 0.796316415158359
0.272986417685281 0.803156030499931
0.283571417699595 0.798408402558368
0.278473708471371 0.800694304800229
0.31324676128054 0.785088038936048
0.331353153846843 0.776953270954375
0.299753859504674 0.791146480875147
0.287681505091709 0.796562955321726
0.289426101968752 0.795779931401553
0.278630374921287 0.800623673022729
0.269958083645432 0.804514565570455
0.281554841361817 0.799311764957816
0.361267619988642 0.763505683346507
0.268170328340745 0.805316584613876
0.282013995810482 0.799106089828584
0.277301504049853 0.801220163575437
0.285488072739811 0.797547323208269
0.338169909083678 0.773892039482126
0.269356869886493 0.804784436175185
0.273674657354071 0.802847464991554
0.314250808285982 0.784636277216053
0.27296983726294 0.803163411922509
0.277695623619661 0.801043041736465
0.278655060686636 0.800612836617592
0.280106662549396 0.799961469801266
0.319099985595698 0.782456772280358
0.296475299939292 0.792615827245074
0.268185137052039 0.80530994713287
0.331727015426877 0.7767840402331
0.274252012852597 0.802588430830823
0.324017209566554 0.780249345316689
0.344899305306363 0.77086577062986
0.268198328514392 0.805304001565407
0.340314035018683 0.772928735444059
0.292201232831478 0.794533995992822
0.288520624501867 0.796186757608005
0.297451197148282 0.792176663313777
0.290315565793133 0.795380752658216
0.288965629088644 0.795986212646371
0.276357883148216 0.801644550048152
0.335296928769832 0.775181857064332
0.268228994165722 0.805290266764529
0.337113768803154 0.774368531894099
0.283529991973516 0.798425435479923
0.289394183360318 0.795793616191392
0.284244532957166 0.798104458852696
0.288675016420767 0.796116216046976
0.308706271987322 0.787126116862325
0.279357876955212 0.800297420041783
0.319578907752039 0.782242689525912
0.30785126594424 0.787507820773836
0.274563747401313 0.802448434946027
0.36248577040245 0.762957311742152
0.324954801604652 0.779830292723263
0.274930541329157 0.802283791523934
0.34852890426818 0.769235967583597
0.28625124476956 0.797204994216951
0.273265539942883 0.803030923827348
0.293913641330839 0.793767858942269
0.269327480466266 0.804797557541003
0.292237391413358 0.794518906515394
0.385593361003629 0.752557409322211
0.287594660851679 0.79660250637502
0.272593522147421 0.803332239845232
0.31508356805602 0.784262276642158
0.331406335697876 0.77693069187501
0.292602027480092 0.794354335927676
0.27240242107685 0.803418607813831
0.290072121584085 0.795490778166507
0.295313045144492 0.79313698856373
0.280122878631119 0.799955040472248
0.271370041902297 0.80388180483005
0.272375270452611 0.803430170991456
0.272517555819135 0.803366322793406
0.332892550214 0.776262345475474
0.334059255189495 0.775738002358
0.276320888759883 0.801660593612114
0.273047985285074 0.803129083105694
0.280962505281793 0.799577998725358
0.283110906405213 0.798613828834985
0.310751309880958 0.786209421265333
0.387332858534161 0.751772691898882
0.300648143754553 0.79074428131175
0.336684626415351 0.774557262380175
0.286381864769544 0.79714564006824
0.296004329379296 0.792826591765675
0.290384922175394 0.795351717499082
0.286869016603883 0.796927453635323
0.290649994612681 0.795229982382146
0.338889190242885 0.773568893734715
0.284214843175171 0.798119672458406
0.322108628893612 0.781105920765678
0.283116795978802 0.798611183387517
0.307570055354653 0.78763439027969
0.283109172078785 0.798614602337058
0.270455078360933 0.804291712190691
0.304090038014254 0.78919694172807
0.33828322605019 0.773839445982685
0.268170328340745 0.805316584613876
0.293274888315315 0.794051780058249
0.283403025683095 0.798482645822687
0.301486190241024 0.790367375825699
0.272469314113168 0.803387966856998
0.307837718905011 0.787513883228449
0.356217667005315 0.765778000300919
0.279177246193649 0.800378747329178
0.272618994104317 0.803320797988901
0.285280766039041 0.797640116041444
0.373612211485589 0.75795531293015
0.327919359556132 0.778497457017119
0.30829210831214 0.787309797513771
0.272929793692938 0.803181348702207
0.268285947139889 0.805264730551258
0.27739549355893 0.801179197612097
0.332848917075527 0.776282072899579
0.289694551967225 0.795659104670783
0.307861846583256 0.787503050555702
0.284395971897145 0.798036544347404
0.337981292510092 0.773976398916271
0.332527920777229 0.776428391117496
0.328517475248859 0.778228229081227
0.33295714200186 0.776234178853803
0.282239732105512 0.79900493769194
0.339683222614421 0.773211299461609
0.273498667895875 0.802926401708603
0.308416966519978 0.787256025439577
0.30063557659615 0.790748646770906
0.292233555450812 0.794521382338523
0.292969572055922 0.794189065862077
0.283016611199568 0.798656187434265
0.310298911630162 0.786409743163894
0.280485978796258 0.799791190835667
0.287660849054118 0.79657175572794
0.273659207825935 0.802854113781203
0.361088438896802 0.763586931990372
0.324811758693233 0.77989369000398
0.321473998222256 0.781391291853153
0.327384330633629 0.778736486783885
0.272469314113168 0.803387966856998
0.301522088326839 0.790352995954255
0.268616617238896 0.805116374810898
0.274431230751829 0.802508385637476
0.286426768162015 0.797125993317303
0.331853574446878 0.776732182850306
0.313388671548073 0.785022030475342
0.363982841426476 0.762284932003145
0.271823295966749 0.803678333886642
0.277982589767794 0.800914458638274
0.271377265766937 0.803879368613127
0.299092224390033 0.791442193710182
0.267187242923575 0.805757685660099
0.319084927054798 0.782463334172215
0.325658441234924 0.779516137076547
0.312532626465316 0.785407834540077
0.286195695126238 0.79722982518971
0.280459826271796 0.79980300937714
0.302862707694442 0.789748850672535
0.262697420254112 0.807771808523956
0.286195695126238 0.79722982518971
0.313427219542549 0.785004425718156
0.35498301694504 0.766334878393999
0.38374830963497 0.753383704770072
0.36069696999153 0.763767149782575
0.356143137563346 0.765813585699857
0.386047181732591 0.752359825355687
0.357952323933374 0.76499747600723
0.351019416260304 0.768117551835163
0.378750778929474 0.755641107193467
0.874791663068731 0.256974441818513
0.388023161719397 0.75147079944981
0.386491196724385 0.75215260634044
0.358859269230272 0.764585603469344
0.36837576081715 0.760304310448359
0.917350407101468 0.188500489662357
0.318475616251066 0.782739378342583
0.378533997315662 0.755741042230384
0.380690899881542 0.754768512055886
0.384379294131705 0.753103869187085
0.307282789488801 0.787765950608246
0.921011445138364 0.182604280852191
0.378043838037887 0.755960444088192
0.352942202985844 0.767257297315373
0.353461168145073 0.76701691988178
0.357183241301431 0.7653410696393
0.307318258915387 0.787749397913932
0.323310270707176 0.780569543189624
0.374912698177941 0.757365893251435
0.366704106719987 0.761059397436572
0.393130264586258 0.749158917054139
0.39261539071215 0.749392427756939
0.366687752177212 0.761064780720237
0.30521625333642 0.788693340514769
0.365579773125257 0.761568297675856
0.267060376144308 0.805815077902295
0.275471328516211 0.802042575495994
0.304887947381836 0.788841633146343
0.288802035588597 0.796060995575155
0.26867831433342 0.80508949035812
0.267903508027764 0.805436868183041
0.365177065121269 0.761750179690376
0.364243385267524 0.762169324652784
0.342237250305361 0.772062805277813
0.27561213530737 0.801978689961369
0.265122558354692 0.80668416237838
0.264232838882535 0.807083218402979
0.277381934429733 0.801184887954634
0.280533677002352 0.799771831204491
0.271322948018509 0.803903465764983
0.366599576245138 0.761107929763915
0.278098500149495 0.800863288094142
0.277381934429733 0.801184887954634
0.286689162687081 0.797009917091676
0.272383441530442 0.803427910629366
0.272266436560946 0.803479986407266
0.276287017455588 0.801676074995213
0.296250221996196 0.792718531048761
0.283029323536549 0.798650442952465
0.305923071580579 0.788376476230631
0.306557343575758 0.788090373901945
0.387127889069987 0.75187221296023
0.293070272524038 0.794145171786302
0.388236646281016 0.75136573678887
0.30527318750574 0.788665643955948
0.343933602578286 0.771306459048386
0.290794163451564 0.795166737634013
0.266630009656473 0.806008066955506
0.263691099510531 0.807326208977552
0.36870904010182 0.760158936788512
0.262898343505141 0.807681799246323
0.278261862036441 0.800789808662427
0.311165572245238 0.786021475514215
0.270068398330155 0.804465863667972
0.258350526173667 0.809721528907204
0.276119959301874 0.801751179719012
0.374626619300162 0.757500467799144
0.305705611487977 0.788472901720742
0.265213264108633 0.806643618435464
0.259152486015758 0.809361838369617
0.313692482826985 0.784889041939728
0.26100847002041 0.808529377683698
0.354189014647033 0.76668882126981
0.262898343505141 0.807681799246323
0.361428378535681 0.763432720989908
0.264404834568871 0.807006076152591
0.263316159195681 0.807494409759458
0.263264351449745 0.807517639589303
0.271038072177612 0.804030772556722
0.285461652423506 0.797559950488874
0.356014631266701 0.765869644689227
0.258734371791844 0.80954936786587
0.267935242978626 0.805422115119286
0.277184192261451 0.801273791987562
0.28573051744477 0.797439345663979
0.278285465854814 0.800780008242543
0.26120621653833 0.808440749762228
0.277884049115589 0.800959635394811
0.271278887022043 0.803923300560123
0.265846440193412 0.806359630177166
0.275315810271402 0.802112208645339
0.300304414356532 0.790897122321609
0.878811874723034 0.250506999602959
0.877597571666084 0.252456040033988
0.879006630283571 0.250193937029177
0.878524616605994 0.250966060149002
0.878571515256333 0.250894145945524
0.87381293209357 0.258542829092932
0.874074419307094 0.258129309441624
0.867702366968824 0.268372599749649
0.878481969800875 0.25103844568702
0.869840800091377 0.264925523452463
0.870479239815989 0.263901757458775
0.875769098214544 0.255400805523116
0.873619451424172 0.258854793223081
0.875659311782802 0.255573589279911
0.874006128682876 0.258231197732299
0.869830464087359 0.264942186821483
0.912647832039373 0.196070021239376
0.912647832039373 0.196070021239376
0.878137197162826 0.251588501403086
0.900845744528456 0.215065024620777
0.873300364331026 0.259367567544612
0.876775328204572 0.253774872173362
0.869301196705323 0.26579460507568
0.876163601444803 0.254773058225247
0.917608414956136 0.188084211136156
0.914076121114147 0.193770077352342
0.869697760936155 0.265174694125647
0.876247325318202 0.254629596649946
0.870884948715889 0.2632647184061
0.875176934332226 0.256349527635888
0.917608414956136 0.188084211136156
0.870099126050197 0.264517042018867
0.908589243874882 0.202603740133235
0.90841017661811 0.202892034838164
0.910883334607956 0.198910984102561
0.917380087207769 0.188451966551894
0.917938669797735 0.187552945510727
0.919010839790125 0.185825976020582
0.871521340696583 0.262232870994004
0.877243834682041 0.253026218730225
0.876223625916358 0.254667924079585
0.899119989448299 0.217846750693114
0.896581576344617 0.221932468091118
0.898262819484386 0.21922344274771
0.907389509941886 0.204537347034806
0.921207265998559 0.182288141138031
0.875901547864952 0.255190327216508
0.87752934330103 0.252566400588477
0.912648737183476 0.196068564199568
0.876324030572567 0.254514006067184
0.918136698535557 0.187232919266732
0.921662817375679 0.18155442791046
0.917337420559621 0.18852064277051
0.873912725350943 0.258378459752224
0.915061186053209 0.192183859644886
0.91602819740751 0.190628071631417
0.913038070521989 0.195442144457396
0.914662889817874 0.192827374314118
0.916835320675199 0.189329125447364
0.900344295968 0.215872867335554
0.919672739742208 0.184759444679934
0.903362951930542 0.211019667106381
0.912560916895557 0.196210000309323
0.917483765295415 0.188284895171659
0.919940767313926 0.18432813319727
0.912648737183476 0.196068564199568
0.868374239363901 0.267281166954697
0.912648737183476 0.196068564199568
0.903313426776149 0.211094430514781
0.915397596229597 0.191643953943863
0.899166274076727 0.217769797296451
0.923567109083194 0.178487333324843
0.906940376833379 0.205255759274419
0.901942717273737 0.213309271001598
0.895845988225153 0.2231154917835
0.869123865322046 0.266076608822967
0.911148014660558 0.198487554296042
0.878277149263374 0.251363156218149
0.902487021168929 0.212424845513991
0.900326743734166 0.215901027853599
0.877711156865273 0.252279923414801
0.896428961969609 0.222172162079823
0.912759686437777 0.19588988026193
0.89618544515574 0.222564203664886
0.905732829001139 0.207209585275265
0.91721608580839 0.18871581708219
0.897784267848758 0.219993296180824
0.921772346459489 0.181378062817804
0.911647848042446 0.197680113248882
0.917430508485709 0.188369336673484
0.875484851141523 0.255858543581385
0.924150834791921 0.177547151013952
0.901976521579201 0.213248003479634
0.912601363572672 0.196145402908468
0.875677549035427 0.255541476815665
0.919294192788216 0.18537004488198
0.923945988113739 0.177877011261569
0.901679902730087 0.213727212513904
0.871548579204859 0.262177226112245
0.879032203174574 0.250155895144506
0.924766115780282 0.176556392833351
0.912965122658737 0.195559228289379
0.906342437064 0.206222367449995
0.917525995764738 0.188215668276019
0.900512770621226 0.215606041766365
0.919042207604583 0.185775919092964
0.906731685114255 0.205599474097915
0.870908355325706 0.26321092346496
0.910657774464735 0.199275211081151
0.914291802671996 0.193425062419424
0.908414476659507 0.202889087574452
0.918251543286441 0.187047763571569
0.874824131927392 0.256917443362149
0.915520574005425 0.191444407704587
0.90050388710115 0.215615524963229
0.873507249698728 0.259040822309186
0.911311052225427 0.198221921619066
0.91128909718851 0.198261304411174
0.909471600655998 0.201181937318181
0.920797086519869 0.182949305151718
0.901083076593532 0.214683954779895
0.875830776482123 0.255299510742286
0.921689054255251 0.181512176063609
0.873359250800079 0.259265588399527
0.900950170538805 0.214897120272881
0.896621714967022 0.221862421385075
0.896057382759515 0.222770436842058
0.914033836614622 0.193839641482055
0.876763357884365 0.253796219664601
0.896240471982362 0.222475898719783
0.918007291485604 0.187442645416004
0.904095496120951 0.209835723093047
0.922782751420062 0.179750382334019
0.903672494068844 0.210519118478921
0.916080965138694 0.190541820215143
0.911333436487174 0.198186645859769
0.900715032157228 0.215275126344539
0.918478950907479 0.186682519858931
0.917132489868223 0.18885013362327
0.922616720638931 0.180017803509165
0.91550904933896 0.191463530438886
0.91848402808332 0.186674342393792
0.873810271701241 0.258547107391447
0.897175436400621 0.22097053434335
0.877898883612253 0.25197264740586
0.877100945679684 0.253252804273429
0.872666556242184 0.260384950829773
0.874818574742034 0.256918706699541
0.876395026554663 0.254389723407978
0.878657352935311 0.250754527344664
0.875421299790823 0.255960531322438
0.923256045023944 0.178988057554087
0.906342437064 0.206222367449995
0.876157449118236 0.254778548167629
0.915884702886885 0.19085969368508
0.904339697451825 0.209442233616983
0.873163460916026 0.259585918360299
0.899272825457216 0.217597137286316
0.917808335591629 0.187762430014155
0.917045515084998 0.188990032868541
0.876638133370569 0.253998051593727
0.918392467585977 0.186821970511648
0.874839727169798 0.256895809028185
0.921826370689522 0.18129107376445
0.877473789533675 0.252654531978895
0.922525613370176 0.180164505594316
0.873725288604775 0.258686104961418
0.870948024894532 0.263147568717667
0.92105417070536 0.182533666481554
0.877331409482665 0.25288758661609
0.909581168286543 0.201004662031323
0.921966224772403 0.181065762653207
0.868863528010925 0.266493819179828
0.909329450794551 0.201412517636738
0.909714833344718 0.200793631846793
0.910755229474074 0.199115246196696
0.873692757040677 0.25873852635722
0.876763357884365 0.253796219664601
0.874715498764259 0.257097337427012
0.922133480669005 0.18079613206929
0.898155765822815 0.219396312814469
0.912302176468826 0.196627464218745
0.925196203783796 0.175865548201092
0.899720379450588 0.21687698501533
0.923769838021518 0.178161126444005
0.92093142326632 0.182732646642124
0.908107944493639 0.203378337272704
0.914646970281224 0.192852305943355
0.912871125892869 0.195713190082114
0.899694513594293 0.216920492273799
0.874495121739729 0.257451737056682
0.918195033208108 0.187140772906715
0.926636970871083 0.1735441299942
0.904734037108756 0.208814008095303
0.918439201246332 0.186746785947104
0.918359858943121 0.186875253897598
0.924194518130741 0.177478864690741
0.922366137635515 0.180422206661635
0.8771941889182 0.253118329032949
0.920981723297684 0.182651431666862
0.898375419315776 0.219039976186751
0.876841104712211 0.253669143128033
0.873730886029731 0.258682796896916
0.919867013404128 0.184447649297593
0.874366987831949 0.257650699769312
0.926725878577125 0.173400897821363
0.917725540523443 0.187897451900296
0.913256568030977 0.195089593102976
0.92128401430175 0.182164918343217
0.876360527464821 0.254442868132452
0.899598409963803 0.217072080311416
0.919130670507961 0.18563371174682
0.915475951432544 0.19151859008182
0.898522300437688 0.218804719389413
0.913271687279883 0.195066445945051
0.900835933854641 0.215080794908834
0.873867781773013 0.25845313669091
0.900802490466716 0.215134557575494
0.912767358749616 0.195879526327297
0.898307268903322 0.219151358338865
0.920380429047576 0.183620696254315
0.921803048862968 0.181328985340179
0.911980675186863 0.197145815651177
0.917917556751201 0.187587318952412
0.873332060308472 0.259317382543025
0.923848153086307 0.1780367494918
0.872321654212009 0.26093723190918
0.919159686356699 0.185586677259996
0.915755153480902 0.191069247099854
0.875878113631455 0.255217661474927
0.919143784038727 0.185612060655375
0.876763357884365 0.253796219664601
0.925013530296092 0.176159887531216
0.920380628059323 0.183620375801808
0.912611320616373 0.196130429330546
0.904882506423798 0.208575558177669
0.9216880090773 0.181514140530124
0.877642931843093 0.252382658261586
0.902001812187389 0.213204770212796
0.92899839123049 0.169740488562385
0.915336544706513 0.191743676669553
0.922106594467725 0.180840437497368
0.876740606199511 0.253839856995166
0.874252223833006 0.257838841252666
0.877492276325741 0.25262437277293
0.877010058845093 0.253405107087237
0.877555609638868 0.252522856341397
0.904547666042346 0.209111308174185
0.919525698197783 0.184996876721244
0.87241003137186 0.260799483646749
0.919385457987032 0.185222969444584
0.925133418878875 0.175966223949459
0.928724560352709 0.170181586149213
0.914279260180181 0.193442245923671
0.919944962052061 0.18432212086432
0.928193448618798 0.171037013034895
0.870705883733659 0.263543710571702
0.874745570929757 0.257053013254914
0.900790334107208 0.215154118217898
0.927067217351227 0.172851088057486
0.924092385599971 0.177641613649902
0.909598974013373 0.200977747765995
0.919863894295538 0.184452715298157
0.914279195324315 0.193442349984273
0.916681241575126 0.189576334887681
0.916754655017088 0.189460206917922
0.925133418878875 0.175966223949459
0.91822218617258 0.18709570386481
0.924194518130741 0.177478864690741
0.900836352781712 0.215080149988417
0.872299718629351 0.260969857250785
0.869681504376755 0.265189788309282
0.912551071694158 0.196226990433026
0.876292864419996 0.254555681313363
0.876486056579905 0.254254705211561
0.867364518314136 0.26890477241184
0.870727845978175 0.263507799870176
0.87374009249241 0.258657294576714
0.872793087114493 0.260173947019969
0.876945421293942 0.253508798835177
0.901281176512799 0.21436647878517
0.909732893393432 0.200767457783291
0.903064248825835 0.211500865674788
0.876284714116375 0.25456460058466
0.926563836810992 0.173661918076945
0.91817985382793 0.187162493143787
0.878128973855345 0.251600801259877
0.920740773083999 0.183040661334267
0.919454002584463 0.185111396702994
0.915662803252417 0.191214313161765
0.876292505023108 0.254556267414206
0.921593886466805 0.181665805044956
0.87831336212796 0.251302445380333
0.916542891537316 0.189799236649135
0.92225736657507 0.180598537689191
0.926523748637929 0.173726434350491
0.874165831052827 0.257971759006444
0.926725878577125 0.173400897821363
0.876147654730997 0.254799708378336
0.906035663614423 0.206718405768187
0.923927552083906 0.177907101083815
0.923785506837445 0.178137216764329
0.903410802021287 0.210944007478115
0.901415614849038 0.214155231876542
0.878001235788414 0.251803993863435
0.923315765998172 0.178893250622219
0.926694761679163 0.173451063322814
0.87357477525507 0.258919138068244
0.919283975150659 0.185386507498956
0.879206147380804 0.249869561490081
0.920969822838613 0.18267156525439
0.901308574951764 0.214328711280104
0.907029499361496 0.205115207890071
0.908904243948738 0.202100757414522
0.915893808055154 0.19084675519949
0.922543610374383 0.180135876813791
0.924507181660757 0.176974574505124
0.920681350696474 0.183135954156779
0.909213813213421 0.201596485876313
0.924107535336788 0.177617551856884
0.926694761679163 0.173451063322814
0.920681350696474 0.183135954156779
0.925004853509549 0.176173267152208
0.869929818024947 0.264778426586952
0.920156325357281 0.183982027300366
0.92036509180297 0.183643517958766
0.917725674450512 0.187896310090485
0.923655633167474 0.178345942526346
0.903675426023322 0.210513887262636
0.925693321310724 0.175064447961035
0.921856840328427 0.181242370485568
0.927311332771259 0.172457984721526
0.870364931791509 0.26408492615154
0.87225117157764 0.26104791209905
0.926704056364549 0.173436134709922
0.924671731252518 0.176710196457555
0.917622038704808 0.18806218455508
0.917571612952434 0.188143407090477
0.912401398731809 0.196467119762299
0.919300870084381 0.185359297330536
0.920749704127553 0.183025843484534
0.923339429507758 0.178856597409745
0.919854360000275 0.184468999182869
0.874305556363982 0.257743810965304
0.873852578616822 0.258487729796878
0.87285835695249 0.260074714216011
0.913738388112136 0.194317485471306
0.877666358423807 0.252347492349235
0.922737742595189 0.179825366676186
0.918762760728381 0.186225296984848
0.918394989775326 0.186817063394655
0.922309221691986 0.180514603034898
0.920274698802985 0.183791034272365
0.874301090108793 0.257751000587452
0.876043032990465 0.254965129721971
0.876910263963814 0.253564349422675
0.869490418207829 0.265485947878878
0.920479861548942 0.183460377938409
0.921932839091313 0.181119157996053
0.920592749973144 0.183279071035999
0.902785945396398 0.211946202226792
0.923511347919259 0.178578551715145
0.916217643162784 0.190326047285012
0.92266955331475 0.179935203420071
0.924483421759806 0.177012788390726
0.922684936341779 0.179908164558114
0.872087011888064 0.261318320148534
0.874214066270349 0.257890858634201
0.918531152848897 0.186599919334434
0.911127073257893 0.198517893996751
0.918552134700555 0.186563946670939
0.918554591842178 0.186562717714338
0.926648852690732 0.173524962067121
0.923869278100006 0.178001471365809
0.872982273756905 0.259880046256599
0.919934401510641 0.184338384030856
0.914768579355388 0.192659509044592
0.920002689986274 0.184228807375534
0.897564104132771 0.220353067480245
0.921462041352074 0.181879610912556
0.869493787326348 0.265480537997474
0.929843891971201 0.168378585046425
0.925305817706668 0.175688447441292
0.912150711532674 0.196871851695391
0.878923069069601 0.250328541705258
0.927198397999886 0.172639795109274
0.927942199021156 0.171441387169653
0.922343977836706 0.180458604581081
0.919702903766417 0.184710648264093
0.929820374553403 0.168416467285876
0.873514182003443 0.259031914361464
0.925839112257957 0.174829475460968
0.921665690436641 0.18155103207803
0.91821283325152 0.187111287607703
0.902335528560507 0.212668760899829
0.92035447150246 0.183660619049068
0.926330362454251 0.174037996545341
0.87001344484979 0.26464919998635
0.900817612207335 0.215113978075503
0.897354379902255 0.220686712988802
0.930159710242723 0.167869865010478
0.914827207966427 0.192562394425662
0.904595200774184 0.20903056486761
0.921674200086536 0.181537735423577
0.921050020015754 0.182542398059162
0.926974964966123 0.172999653120035
0.918163396424519 0.187190927048312
0.903294486386186 0.211133907038952
0.915867185128206 0.190887033397745
0.92415804025977 0.177536848506823
0.918215527152305 0.187106169492389
0.895702435391199 0.223353567693708
0.896018704702568 0.222833658811172
0.912300216119033 0.196631054668757
0.913913580798897 0.19403383837396
0.913240895605074 0.195115129357254
0.918451149660783 0.186727373611404
0.925820613667291 0.174859275150665
0.930010981898165 0.168109418788454
0.870958934308918 0.263134097056194
0.925958331665429 0.174637304765116
0.876554578764203 0.254138835634358
0.921521535278564 0.181784572104759
0.898074176797321 0.2195275308079
0.901701682107976 0.21369640246646
0.923178647040109 0.179115048508545
0.930191702662295 0.167818333806568
0.876584411431596 0.254094559774805
0.900869925645555 0.215027972373774
0.922868080776088 0.179615303319923
0.912357362368214 0.196539080066753
0.925433264538031 0.17548317030579
0.928240731882637 0.170960509550256
0.924974832978098 0.176221483352366
0.911561030328495 0.197819492389739
0.875274067492197 0.256188839632812
0.869980787822983 0.264713301405649
0.91237796788948 0.19650376950204
0.930076938436865 0.168003201343767
0.925312358174157 0.175676837157911
0.916648709185966 0.189628223120661
0.928015782877328 0.171323178294413
0.873463780213958 0.259099824278503
0.920020786342619 0.184198945906502
0.897827231774899 0.219925938772837
0.92444455144521 0.177076198524417
0.930198867374301 0.167806793207543
0.924119114091024 0.177598959142062
0.919781087108455 0.184586257038337
0.925083621746264 0.17604628796908
0.868774132940863 0.266642762010947
0.922709555949409 0.179869268219254
0.872189500791263 0.261158363014411
0.907713279604925 0.204015003347271
0.923085340313211 0.179263757516151
0.871541561387586 0.262200939735371
0.901199142128334 0.214495587814152
0.392806548094822 0.74930812279371
0.381555792089896 0.754375587658274
0.344964928646979 0.770838542743681
0.309325810802495 0.786847926511915
0.361825391990828 0.763255906093753
0.32559581284235 0.779543058678291
0.35324533979889 0.767114524273993
0.326990558901722 0.77891637529067
0.329930859200892 0.777594585888792
0.325980139471639 0.77937010997944
0.283352626431368 0.798505739475692
0.316359014531246 0.783686647814596
0.292348964005372 0.794468305317347
0.288590172903934 0.796155090653628
0.358730248221198 0.76465009446991
0.331394915184178 0.776937443910771
0.384618239557317 0.753005586067494
0.280373490254897 0.799842080546573
0.303765660570562 0.78934248390532
0.38402164522894 0.753262333713088
0.306356385527294 0.788182562056858
0.300080225177329 0.790997858513526
0.302073083259091 0.790103751183335
0.292594958159318 0.794357760587993
0.280330989339136 0.799861146820152
0.302053922264873 0.790111731929185
0.30110036385592 0.790539831756386
0.377143901707587 0.756364728330823
0.386123342626639 0.752319970635293
0.271577928636207 0.803787900970116
0.393490857014465 0.749003090382203
0.292810723451863 0.794260812313378
0.271256794400504 0.803931989911511
0.361082383363948 0.763594445376064
0.349829607231152 0.768651496896016
0.363456310264168 0.76251932591377
0.299908153496296 0.791075613154543
0.376858744273991 0.756492895568544
0.375541801812187 0.757084827931875
0.271601372218267 0.803777409338331
0.315906509366579 0.783894961616394
0.379342490703773 0.755374772530319
0.272732154599764 0.803270280613807
0.320949951463979 0.781629783290718
0.284503080389359 0.797988935252853
0.299904568801432 0.791076851866506
0.380175584757467 0.755002000886961
0.32483926353551 0.779884341200823
0.271781078023126 0.803696750105349
0.292538811066156 0.794383084292629
0.311139447270796 0.786034334815526
0.343470892730951 0.77150797860651
0.312811334969413 0.785284184243566
0.274284257397711 0.802574762289866
0.334483131916716 0.775547551536897
0.27070504757017 0.804179731567013
0.271075762875108 0.804013205751464
0.293746333855983 0.793841200460126
0.30755627630869 0.787641831372244
0.312001025213264 0.78564738259823
0.303053128977573 0.789665868985452
0.28260563476165 0.798840727031029
0.282781706433207 0.798761953708117
0.270728354659168 0.80416927540668
0.369307235780926 0.759893087658295
0.341843516508737 0.772238859927754
0.365972651461239 0.76139474557227
0.317937628644552 0.782980044774506
0.287527688003105 0.796631554541986
0.373910614569373 0.757818012164371
0.286397930990807 0.797139482883788
0.299724659055733 0.791157601714744
0.337572686194123 0.77415932642554
0.296785968103468 0.792476976203459
0.262517271091469 0.807852531672076
0.340727524870111 0.772741133187774
0.342874775149544 0.771775180169958
0.32239634825839 0.780977153444974
0.294737599658806 0.793396155835878
0.270917401599908 0.804084508414614
0.289957017969336 0.795541477095758
0.327791914869161 0.778555435010459
0.280039268823701 0.799992357947956
0.314810489204413 0.784383566634667
0.323444467272264 0.780506486582699
0.305177895280772 0.788711091745737
0.299806623803861 0.791120913002695
0.292744487408806 0.794290759425212
0.286715645928533 0.796996648676975
0.291429421155686 0.794880838318336
0.273332887059061 0.803001993073813
0.274918699969011 0.802289604154034
0.308182172999353 0.78736094945515
0.299570681754429 0.791227062629135
0.318838881537906 0.782574889852975
0.275803838154253 0.801892935090291
0.321652692601089 0.781309636445291
0.285007333569103 0.797763289183244
0.299570681754429 0.791227062629135
0.305375336414364 0.788620669031653
0.382650094566143 0.753882348125489
0.283720427340442 0.798340792286951
0.29259560787218 0.794357601054926
0.317777541662704 0.783054311657386
0.26726536129255 0.80572254024591
0.298232251124385 0.791827402495266
0.299570681754429 0.791227062629135
0.313956228012174 0.784767209893236
0.27075146837568 0.804159901781564
0.334275269696596 0.775639705765025
0.299733717094585 0.791153172000063
0.348630331313646 0.769188251697801
0.320892533404417 0.781651336950906
0.328236035794566 0.778353835963541
0.317191503689929 0.783316019732677
0.262517271091469 0.807852531672076
0.298220066804018 0.791835198726755
0.274298962962194 0.802567766322494
0.304416646604403 0.789052806854473
0.282223733652876 0.79901232355005
0.273332887059061 0.803001993073813
0.350057863998896 0.768547912564721
0.367592295134094 0.760656809853982
0.32661823094259 0.779079894552629
0.299611511936008 0.791209125997976
0.357460056217371 0.765217909371369
0.26253253142235 0.807845714298181
0.309928609458361 0.786575357608405
0.362554090701607 0.762927038407964
0.262517687666019 0.80785234481709
0.261058731083965 0.808506790539677
0.307437476148655 0.787694292220123
0.371916714545225 0.75871445840082
0.285260600954576 0.797649202782955
0.311248188713357 0.785985625215832
0.26726536129255 0.80572254024591
0.261000607663494 0.808532861364455
0.288660233169893 0.796124779436124
0.320201380664402 0.781966296622286
0.293512903593123 0.793946652849653
0.273907284860994 0.802743513167411
0.289491771897213 0.795751596582587
0.318798428684444 0.782596177682674
0.391200962311392 0.750037005829252
0.302012693545496 0.79013082255092
0.281435428986359 0.799366237628271
0.292538811066156 0.794383084292629
0.337282802332542 0.774292483049327
0.280311589009988 0.799869988311329
0.269247222368793 0.804834369540989
0.261000607663494 0.808532861364455
0.311256328030638 0.785981426138213
0.292638398433472 0.794338307863977
0.356478649879516 0.765662282234736
0.273356398275001 0.802990444363247
0.291311291092614 0.794934733383766
0.293330790995054 0.794028898461
0.276424795410297 0.801615222116658
0.303823905533262 0.789318139979948
0.298330372608689 0.791784094944035
0.299436043143791 0.791287884158336
0.269223000769903 0.804845187528501
0.283859514548307 0.798278397595967
0.295145364828339 0.793214539704818
0.265677741623951 0.806434802505009
0.281996539607906 0.799114730596189
0.269707324287083 0.804627330258796
0.29850721193877 0.791705154014617
0.297214057731269 0.792284725158286
0.313084569206282 0.785159971838604
0.27818357197565 0.800824755813416
0.288479925479399 0.796205021665758
0.276744478207943 0.801470457931571
0.284217940236588 0.798117911254563
0.311038325429225 0.786078322357933
0.316719436662151 0.783526090198042
0.26755994513196 0.805590986707509
0.285371885493331 0.797600683327773
0.263809358113583 0.807272878753189
0.298579781422023 0.791672603456259
0.270595156545126 0.804229165194714
0.273657954911984 0.802856333200366
0.292226821469573 0.794523072003245
0.292399959689251 0.794445393364659
0.331108885590804 0.777064960946342
0.27719465033873 0.801269256543788
0.327850476927179 0.778528806897462
0.270694250366863 0.804184856789167
0.284317641887625 0.79807215192612
0.298896998305499 0.791529976616234
0.263837104302588 0.807260432218024
0.328707735468409 0.778145038231814
0.285335600652091 0.797615703726499
0.267096547242785 0.805798352031246
0.267256344163048 0.80572658612031
0.285193374672491 0.797679494229809
0.29777598241435 0.792033605569341
0.299436043143791 0.791287884158336
0.267100524585009 0.805796562864377
0.299463222452512 0.791275685906024
0.286314076888584 0.797176103493566
0.263856604894602 0.807251684131377
0.266150608084108 0.806222717306327
0.286827577646412 0.796945789172686
0.267095679462078 0.805798741470333
0.282021481808735 0.79910304184635
0.270148620406432 0.804429852619414
0.320861413138194 0.781668721978961
0.300594771869687 0.790768542954591
0.261031531279549 0.808518997790655
0.296577626374324 0.792570347913238
0.26852837561681 0.805156198061782
0.284385314221395 0.798042022340833
0.269126415185168 0.804887992878617
0.273463917576257 0.802942661372626
0.293506558492639 0.79394886297795
0.261364140592547 0.808369759257756
0.268879644823266 0.804998802559869
0.264776764445801 0.806838979124399
0.299901279426075 0.791078500683444
0.266949027051882 0.805864839606215
0.333986535738851 0.775771651142264
0.275475130517696 0.802040119722647
0.264183630622577 0.807105119145612
0.262266042507361 0.80796522417395
0.265002617041608 0.806737664756239
0.264412718275353 0.80700233900489
0.277205139250769 0.801264547619592
0.261000607663494 0.808532861364455
0.275226796399725 0.802151286235269
0.273180522260385 0.80306956108461
0.3692110843664 0.759932394966978
0.352390471411111 0.767497560381159
0.27397402696034 0.802713933919954
0.276655571247025 0.801510457653593
0.283973786964407 0.798226964834306
0.30854915192353 0.787196604370415
0.267409544177157 0.80565831904618
0.286844115385012 0.7969395522641
0.294968026974234 0.79329211026417
0.279804953333157 0.800097407192226
0.301436504866833 0.790389995986617
0.268826401261136 0.805022586067074
0.333461268265199 0.776004540618263
0.299847590649172 0.791102522055068
0.271356763660154 0.803887387363506
0.281601877228216 0.799291319485814
0.284651659215887 0.797923471061326
0.328759070473877 0.778120493525038
0.332929232068029 0.776243561299838
0.343991795799934 0.771272030997871
0.281253217113367 0.799447748141878
0.352745565834278 0.767340475224524
0.268712687886994 0.805073751726889
0.281125531120033 0.799505030617489
0.28002172377775 0.800000459737625
0.369586597426794 0.759760279956538
0.266424927380422 0.806100091696391
0.264760176255921 0.806846420147322
0.371528545729584 0.7588858091408
0.333561364421757 0.775959711649716
0.283566128188146 0.798410120377419
0.369143084080745 0.759959517681496
0.332630848447802 0.7763776202499
0.273180522260385 0.80306956108461
0.294968026974234 0.79329211026417
0.363752492005626 0.762387880583401
0.27645953064747 0.801598170682682
0.348014391874087 0.769463315032388
0.377453508583168 0.756220419764747
0.363392978403404 0.76255192309199
0.305542705317207 0.788546635645083
0.385713399797084 0.752500342774761
0.285206120531437 0.79767294890289
0.351300142849439 0.767987955557598
0.276788898031055 0.801450676070648
0.344748677554178 0.770936756950372
0.282531909118118 0.798874440302307
0.272928634539201 0.803182554622507
0.337117054871492 0.774366247354093
0.288090806399458 0.796380087113135
0.379463712846062 0.755320805040694
0.272690427412766 0.803289310714041
0.284249623505922 0.798103054693887
0.264803914122663 0.806826783223758
0.295278817753508 0.793153407272678
0.325604314503835 0.779534495439949
0.364758759579302 0.761933388955305
0.369649281346707 0.759732048327692
0.345087480277918 0.770781207145587
0.305668136191893 0.788491929220547
0.382799104985779 0.753817974219916
0.305811165420467 0.788425991618844
0.368236934426071 0.760369919551344
0.28046799617515 0.799799434308643
0.293280465183888 0.794049940449892
0.333629324131729 0.775931346810235
0.273815599144736 0.802785178345916
0.334958098238826 0.775337287178918
0.369649281346707 0.759732048327692
0.310953787846293 0.7861158743333
0.28513612789151 0.797704885515209
0.268796735884088 0.805036499139116
0.286857858386715 0.796932285365125
0.261252996239215 0.808419726441649
0.362715804834211 0.762857320197235
0.367768176409673 0.760578214644903
0.301837041915441 0.790207676791145
0.340217809764719 0.772973913233246
0.272447527088514 0.803398222890065
0.325532725814015 0.779566401329934
0.339612804567849 0.773240167114561
0.334863006387056 0.775380007079568
0.261197925928435 0.808444372469348
0.260870689302409 0.808591134621163
0.284617740330787 0.797937574162417
0.290303368819469 0.795385636458392
0.275284752789949 0.802125850116237
0.268820135288624 0.80502601468697
0.343073959382509 0.771690783293456
0.300224902752395 0.790932577560702
0.309140731979419 0.786930830168315
0.284356418391334 0.798055517011183
0.294547305192493 0.793480994628525
0.329996420563905 0.777564053155956
0.279096748423555 0.800414943757361
0.294927348698826 0.793310248533617
0.331602772657769 0.776841024502983
0.268808395391085 0.80503115511711
0.349994179439613 0.768575510877322
0.300169852089105 0.790958323060887
0.368212447531017 0.760380156748256
0.361156231992569 0.763556865337515
0.389379773658242 0.750854359294869
0.350921450656024 0.768154726257872
0.384145944391919 0.753210260910444
0.268796973716793 0.805036392535171
0.286741010743725 0.796984569894555
0.352809129062794 0.767311829531685
0.272434572117737 0.803404511182974
0.342588019400932 0.771906749311166
0.316506323111795 0.783623557323367
0.379478503256243 0.755308304228621
0.338449627542073 0.77376678177265
0.264642588755997 0.806899155176497
0.371033033244936 0.759119614294348
0.261425219450579 0.808342384073145
0.341846324229819 0.772237480182638
0.268796735884088 0.805036499139116
0.275000277625038 0.802252605384884
0.323083657690396 0.780671458780149
0.347658710140334 0.769625248899019
0.29264243265433 0.794336063678517
0.265437112236111 0.806542849557017
0.268807032976891 0.805031883314826
0.291601416109148 0.794803739833825
0.28582907576941 0.797393769501641
0.322343507872358 0.781002875619303
0.396307746924331 0.747738041564188
0.347243215032253 0.769811170451239
0.28669082338713 0.797007901787741
0.263372983399853 0.807468932839872
0.289273204009486 0.795850155871209
0.270029080402385 0.804483546601711
0.261602248458813 0.80826303612255
0.309274433025998 0.78687064739985
0.265121538242365 0.806684694571061
0.323232799545821 0.780603304554673
0.2849141454018 0.79780549018781
0.350797827355704 0.768219242638995
0.274480461153685 0.802485795111149
0.331387682677169 0.776938238283497
0.293517724176922 0.793943440774135
0.279723117921408 0.800134281966223
0.318070157600705 0.782923199977658
0.275044143367389 0.802232911803242
0.291748127356393 0.79473704046823
0.270094235213636 0.804454361870524
0.26480307931647 0.806827157709158
0.281659764186227 0.799265320588485
0.292741459146094 0.794291310137019
0.267063567244237 0.805813377355038
0.331656554079937 0.776817685244624
0.30665112265856 0.788050609092231
0.911578476222179 0.197789850447349
0.89648215612463 0.222086800254183
0.899996333388825 0.216435250274306
0.90088154257003 0.21501249968335
0.911316637260313 0.198211505024529
0.897172929837875 0.220978937272672
0.911836279089324 0.197374742825936
0.86848403794926 0.267107386080879
0.897268983350631 0.220824094360515
0.896584079188439 0.221927152079936
0.896246869099607 0.222467769428597
0.868309897496276 0.267386275602716
0.875604513356951 0.25567158245043
0.917979149617153 0.187486690928071
0.89829400901274 0.219175068383567
0.872429380675271 0.260773585122123
0.86943885941667 0.265574583837475
0.875785357000861 0.25537343328272
0.868167220109336 0.267617698009803
0.898471443941833 0.218887669193232
0.911920757039661 0.197243670351358
0.896774938955206 0.2216193164362
0.919658536616631 0.184784051245433
0.898043501944494 0.219580763699174
0.914197933741358 0.193576058400415
0.870294642159045 0.264192997765265
0.913888477943834 0.194073974760913
0.870163138876043 0.264404488924607
0.916096840647717 0.190519771912465
0.904456250538941 0.209257742687361
0.914918814668284 0.192414650541149
0.906868697777063 0.20537266816902
0.912869242206934 0.195715903950173
0.922772658617061 0.179768355871247
0.90083560529564 0.215086802776056
0.92350847619251 0.178583079587966
0.915056993263415 0.19219187781269
0.867475629413662 0.268726731435612
0.911246020462832 0.198330878944379
0.912850419450319 0.19574577416017
0.877068905823172 0.253304934089569
0.92350847619251 0.178583079587966
0.92054687109256 0.183353749462724
0.92320424650501 0.179073246521207
0.914545849976966 0.193014188043338
0.900743582488548 0.215227866246879
0.901758682465789 0.213593902286768
0.874967978347967 0.256683430887324
0.878647811884268 0.25077333750348
0.916277265924067 0.190225708071033
0.911251306389641 0.198319414925374
0.917444441211413 0.188349534717111
0.903475460077857 0.21083767873782
0.876080694902297 0.25489123594626
0.878720736390595 0.250659399745961
0.899097818405723 0.217878434916105
0.910257717125253 0.199918383078309
0.912350160533197 0.19655086149632
0.867316090753758 0.268986032451636
0.899726784337446 0.216869852423974
0.917679815088869 0.187970823060124
0.869488479709852 0.265490412823729
0.896521310956177 0.222026833005115
0.869900245323459 0.264847985051739
0.897786377492552 0.219990916123337
0.918853815771772 0.186080444527972
0.909743883855668 0.200744392235034
0.89633002694451 0.222335696968185
0.912879561603511 0.195698816136933
0.921124852422759 0.182422385223385
0.904942932691318 0.208473028398899
0.896740260599792 0.221675229144961
0.896255310687357 0.222455643630485
0.868969418301455 0.266334814797037
0.909442872901605 0.201232195598404
0.897844735237397 0.2198939459574
0.919976364547177 0.184272538785578
0.869996320073348 0.264674287349203
0.923556059165661 0.178506136548611
0.910930557692059 0.198836224652626
0.91431663890397 0.193383190876671
0.912361602936175 0.19653312534282
0.869467388574012 0.265527443573869
0.92357757501115 0.178471482367985
0.912627923706482 0.196101065700758
0.902813927631952 0.211900202147528
0.898094297693305 0.219495093430835
0.920325578623472 0.183708405685131
0.907361713280077 0.204583215137356
0.914643224143064 0.192857565990093
0.871747897670992 0.261856189191683
0.916229197166657 0.190306096771319
0.896193398677838 0.222553958682303
0.916638389959034 0.189645080421008
0.875193344371234 0.256326258124299
0.874913692888753 0.256773794881307
0.910988107830951 0.198743622444804
0.872174114312227 0.261174262293232
0.874739170825284 0.257060092605456
0.912124577486654 0.196913214435338
0.874843589277704 0.256892123259988
0.913192723893043 0.195193424501195
0.87142565933092 0.262380027877828
0.909863911206666 0.200551836149568
0.92357757501115 0.178471482367985
0.91295887752036 0.195569640839293
0.908271608422634 0.203116785735
0.910350408414734 0.199769359842522
0.873891821298171 0.258418874967893
0.923761250425516 0.178175648331325
0.871507708193287 0.262247434093134
0.92227451618669 0.180570243361572
0.869595942512917 0.265317016141905
0.902112342459248 0.213030813238858
0.911484453352973 0.197949092502438
0.904935704666914 0.208484663815244
0.920378816269909 0.183622898203948
0.904895490657535 0.208547551988377
0.870908930578999 0.263206227481886
0.913558489551644 0.194604261903328
0.922662465727523 0.179946443626707
0.924384590741049 0.177171893753571
0.904830897347669 0.208653548737138
0.921121877694489 0.182427006771497
0.909725383010777 0.200777797621607
0.923479109905885 0.178629865923028
0.87240420431628 0.260808396843652
0.908586574102345 0.202610025141047
0.926248595442747 0.174169523605724
0.920710849874143 0.183089403423748
0.867772314294536 0.26824869994015
0.913915935449367 0.194028449432798
0.912627400412136 0.196101400592296
0.868350421672469 0.267318001821128
0.911274207269595 0.198282301706113
0.924384590741049 0.177171893753571
0.906815397999776 0.205459026170881
0.923915454979038 0.177927531078424
0.875779446589015 0.255374878535341
0.920709065289156 0.183092273086899
0.912846794600621 0.195748121199311
0.922024007143474 0.180973729534658
0.919588238749634 0.184897384689712
0.873700383723972 0.258718571171134
0.905290350913986 0.207916233178747
0.926248595442747 0.174169523605724
0.875812841567358 0.255333640837555
0.87601326491163 0.254999045694996
0.878327546932667 0.251287755060982
0.924747899442943 0.176586833010868
0.869963174216194 0.264722314130565
0.913500171595685 0.194698759363795
0.900684000767222 0.215328735586033
0.926164465792915 0.174304960996938
0.921083314088939 0.182489010313361
0.87572666553408 0.255467966198218
0.92742842469108 0.172269178587594
0.875035551565386 0.256583684910606
0.907512582351954 0.204339423344502
0.898852334285216 0.218278971252646
0.89850682292572 0.218833113513331
0.900736589411879 0.215243905736327
0.924452180469209 0.177063110635202
0.916159443017935 0.190417986119537
0.920403555312357 0.183585057801857
0.874628217674637 0.25723294752651
0.879421715158007 0.249533109464882
0.92314586667527 0.17916711536479
0.920565054503434 0.183322000185391
0.875355391840511 0.256063490840503
0.92742842469108 0.172269178587594
0.910802169402407 0.199041709496323
0.877829439449339 0.252084189068377
0.90292429510319 0.211726086863315
0.901449660808359 0.214095748691182
0.912059272421844 0.197016517117802
0.914344450331887 0.193340150346827
0.904869046127276 0.20859091294445
0.92236273300671 0.180428513001636
0.91637677517853 0.190066706111878
0.922719780232609 0.17985461065902
0.924478953174559 0.177019985458226
0.925212873638785 0.17583784610976
0.907051501199007 0.205080234209261
0.911357582839763 0.198148750896927
0.92411610658757 0.177604371828735
0.924906219127203 0.176331628285052
0.921444914304748 0.181906175379251
0.869950474150677 0.264741795812699
0.916126286633935 0.190469000175504
0.911629775645737 0.197709464437267
0.907089376960111 0.205018462087846
0.92742842469108 0.172269178587594
0.906021054562176 0.206740532596598
0.9161349718876 0.190454128948654
0.907841504303451 0.20380612460649
0.902520293007479 0.21237592356489
0.871440146141247 0.262358420681365
0.904094147853526 0.209844956049866
0.919990204769758 0.184247672916209
0.916416827114367 0.190005914328959
0.918710116165479 0.186309397724075
0.925031574423296 0.176130568146556
0.92339649090399 0.178763541353955
0.919391696412956 0.185214209741563
0.918404005409126 0.186803430579937
0.901310578710116 0.214321956856751
0.922725972943721 0.179844631038893
0.927429206278697 0.172267919568225
0.896599473785798 0.221905151496247
0.920846637137323 0.182870073704439
0.924631308761455 0.176775465777987
0.920654153523686 0.183178768043273
0.904775189923431 0.208739513879935
0.92021545353323 0.183885702901917
0.924795302368055 0.176511173523106
0.90212421671354 0.213011276223649
0.867483872610472 0.268707060164903
0.925574590439743 0.175255796747599
0.92026518949536 0.183804780728337
0.877252789228016 0.253018681304235
0.87425490736199 0.257834992326439
0.927604605991424 0.171985263182643
0.922694285518936 0.179894260237195
0.868838909901156 0.26653461228012
0.920042552904175 0.184163589375529
0.916066468434526 0.190565271068709
0.927350797947606 0.172394078773724
0.927195458626058 0.172644344203488
0.924445181747347 0.17707499889092
0.925667655192266 0.175105866622233
0.900297182519649 0.215946957196289
0.874530133032401 0.257384839484108
0.915730070448238 0.191106765430235
0.915032328970042 0.192230559973203
0.924867956779638 0.176393247913511
0.876991311702086 0.253439570595223
0.925850336582398 0.174810899221485
0.896870739758237 0.221464651788488
0.922656083395467 0.179956116707922
0.914627308595763 0.192882468240753
0.904663684356654 0.208921987989782
0.911503933634843 0.197913905786614
0.925684286217758 0.175078547998669
0.902927537635001 0.211717447491891
0.910153791085077 0.200085646957145
0.924790016105531 0.176519622645862
0.898785610580515 0.21838538488459
0.904647444621735 0.20894797464536
0.917848683320555 0.187697097309159
0.925599884530137 0.175215010005979
0.919340412539576 0.185296223926206
0.92529566004494 0.175704451325837
0.910955081006098 0.198794647783825
0.912320710023834 0.19659903613959
0.918608360255397 0.186472012751048
0.905031795596283 0.208331893006554
0.915473473448535 0.19152260064556
0.911544084432183 0.19784550004407
0.920734311618451 0.183051711545958
0.92445617507768 0.177056346206253
0.915972507024777 0.19071586070909
0.924060368915889 0.177694852295264
0.905304003976591 0.207892698157789
0.90080791370629 0.215129539426042
0.899631017256779 0.217025852197392
0.901588021458901 0.213877278987285
0.912990838237517 0.195517047122541
0.915034496448763 0.19222921114106
0.927400340987205 0.17231429560176
0.896572540133626 0.221941121486226
0.899733036361466 0.21686203285968
0.869580128157028 0.265354518952446
0.905454925348909 0.20765025568689
0.877216240531546 0.253068479972974
0.920106139278293 0.184060885178091
0.915236394658088 0.191903662876074
0.875714314895173 0.255484728256176
0.915252968690617 0.19187693951021
0.867703493465258 0.268362953228212
0.926003660709623 0.174564265706357
0.904499852781332 0.209186969003228
0.92338113337129 0.178787850984024
0.918635453115748 0.186429884253815
0.920101490096382 0.184068670016525
0.878622528701205 0.250809391281322
0.876021138075897 0.254992671098742
0.89848605482383 0.218863439696146
0.879349075777243 0.24965257723523
0.927629065209251 0.171945868254571
0.920930466332336 0.18273565846135
0.878010386475673 0.251799939487253
0.906204007439996 0.206443558866938
0.927629065209251 0.171945868254571
0.921092072844282 0.182472983773417
0.927629065209251 0.171945868254571
0.925697332309613 0.17505773542865
0.903395343408883 0.210968019056845
0.908160485370789 0.203292107792607
0.911855674263082 0.197347079065532
0.910023770240718 0.200296163530361
0.898396715186042 0.219006139406529
0.922247125038921 0.180613930461974
0.927629065209251 0.171945868254571
0.925140823035656 0.175953350023273
0.922656083395467 0.179956116707922
0.915274382258535 0.191843083907001
0.870731127913328 0.263499171742279
0.875060551849333 0.256542750037432
0.921561510267459 0.181718147235281
0.923933310996 0.177899204390817
0.924496497098112 0.17699175386052
0.925644869036302 0.17514156180723
0.920555914294905 0.183339481484783
0.921202855780652 0.182295908352098
0.917380513613294 0.188451912782836
0.897611180009466 0.220276424295726
0.876383786575616 0.254405090452056
0.918354209867062 0.18688358076078
0.925980934838884 0.174600211218103
0.911641074149626 0.197692020272718
0.874430752528448 0.257565207552537
0.924571395168504 0.176870851600283
0.923288047960884 0.178937735181871
0.92723253293412 0.172584478886786
0.874257279721278 0.257831154010107
0.913495332898106 0.194705834468355
0.874199924129441 0.257923083065191
0.924568710815315 0.176875246626021
0.927629065209251 0.171945868254571
0.923285002462746 0.178942828960166
0.913607403190894 0.194526891303892
0.922343797178869 0.180459142039053
0.910898469516423 0.198890299050574
0.92157040273337 0.181703475621638
0.927558569620873 0.172059528603504
0.923340470143892 0.178853387686966
0.872825410650531 0.260140129151558
0.89577066462345 0.223234370026465
0.920508514938574 0.183412921048585
0.89895593255694 0.218108590367612
0.927336693477969 0.172416760370078
0.869620194338526 0.265276176336422
0.91380745123787 0.194206003539875
0.915298182278959 0.191804925070327
0.925152458534767 0.175934611126217
0.90596059639202 0.206835421916602
0.916557292831187 0.189775807308126
0.921942813147468 0.18110542292221
0.874639260242799 0.257217879801462
0.876790215624653 0.253770805248724
0.879047448357048 0.250139916781432
0.876678204404149 0.253933539954247
0.916947146961111 0.189151377014843
0.868382609611308 0.267263065120132
0.877622346112244 0.252429509812626
0.870423295257557 0.263989737654322
0.878122672546838 0.251619521465927
0.874889173625046 0.256823670614467
0.87308491537269 0.25971986075962
0.923671105182897 0.178321148650834
0.922663739177881 0.179943771410954
0.918891113382975 0.186017751194415
0.915261316768968 0.191863345493928
0.923931648561685 0.177900829636981
0.927629065209251 0.171945868254571
0.92127456107685 0.182180344955788
0.874524640791729 0.257403682701818
0.920727881058432 0.183061287550329
0.920769669654708 0.182993964851275
0.874544449829964 0.257377583807189
0.868645223229739 0.266853080535652
0.924535771223959 0.176927827790543
0.927588187677478 0.172011709513528
0.925198969535775 0.175860378682364
0.922981418516574 0.179431020395535
0.925265405644307 0.17575270070268
0.913343291307077 0.194953121696338
0.920823431347586 0.18290739729809
0.92431365228874 0.177286306303944
0.924974594977486 0.176222374219816
0.874581766208426 0.257311626319356
0.875019456947756 0.25660473611336
0.870049128329325 0.26459187089114
0.921180418350955 0.182331077300223
0.916382759137336 0.190059036368731
0.926632095025278 0.173551850789277
0.919869463310656 0.184443831424923
0.898276907911193 0.219209635739608
0.920279054385725 0.183783344108619
0.878866204765482 0.250420744701473
0.901351826134506 0.214252640140789
0.898050175583772 0.219567161347883
0.917201993248423 0.188740179263489
0.877565699408079 0.25251173056997
0.395267579445849 0.74820361375852
0.365545647752689 0.761578100070946
0.330549090704855 0.777315288682567
0.327116702359862 0.778855409709269
0.36390040398266 0.762320626562906
0.319546011219766 0.782257388284029
0.319019380981269 0.782493657811374
0.330475156932149 0.777348049598816
0.328302516781681 0.778323912018423
0.315780107320726 0.783948372426993
0.335883416463996 0.774919410993815
0.343337975211154 0.771564802157267
0.337716012079151 0.774093209919208
0.39493247021254 0.748350537987306
0.335648774811248 0.775021321369061
0.319014458295026 0.782495895792221
0.356030284528764 0.765866728238
0.392871087438074 0.749280146307822
0.324705365222988 0.779938385672912
0.313377754772059 0.785026616347191
0.327793260829281 0.778551129964349
0.341036081625422 0.772603656206975
0.343554359709481 0.7714695204609
0.331753401892601 0.77677814340891
0.317248142230551 0.783291374767041
0.28118362737099 0.799479528933937
0.330062605528106 0.777530365357481
0.312785912674072 0.785295096031792
0.341123419447841 0.77256203156617
0.337368685596446 0.774251219773484
0.334570013658619 0.775506254943214
0.329111836384149 0.777960366014748
0.286313463012435 0.797178411147861
0.325099925650134 0.779762228234615
0.32724027971164 0.778799628193551
0.336133101134221 0.774806860941159
0.385244740869567 0.752713165756607
0.32592226987247 0.779392650160642
0.324358760436183 0.780095887714257
0.324252909875135 0.780143561489489
0.333538743505195 0.775971652277662
0.329167064562891 0.777934331364453
0.390964715055837 0.750143416801698
0.300299332595875 0.790900754845389
0.346323134343721 0.770224405058966
0.290500495643626 0.795298490586282
0.3362827224148 0.774737672050619
0.325939157277606 0.779386141789602
0.327205305515449 0.778819362472901
0.383368233207176 0.753561815109763
0.324747757544928 0.779921160307086
0.331410730128769 0.776929459161769
0.325756333893698 0.779467054568845
0.31639445845779 0.783675249784704
0.372503774761616 0.758454277134946
0.336208253967434 0.774769030940855
0.335146878896931 0.775249850598062
0.364348153862052 0.762123825053029
0.383203876464221 0.753636740451603
0.289751857182038 0.795633387764648
0.365656437451457 0.761529998230446
0.288145517136453 0.796356026399293
0.323045406821288 0.780684487293675
0.358421232292101 0.764786468010629
0.376351622598139 0.756714866867078
0.352986567903548 0.767233050205956
0.381739089598594 0.754296913832741
0.338536749010783 0.773725601956381
0.349073633503791 0.768990429212014
0.347095922583619 0.76987626559533
0.372496434155874 0.758454416609536
0.300476355191545 0.790820361598775
0.372105425389055 0.758632398926834
0.3313466197421 0.776955279916686
0.369935428303336 0.759610660434623
0.286690310485099 0.797009751248843
0.343622978265295 0.771438990797175
0.367397365488335 0.760752429390601
0.365171048760771 0.761750259989629
0.341591749883882 0.772351610371208
0.31165637404598 0.785801238786806
0.358979423198449 0.764536865082633
0.367261294998459 0.760808224486602
0.349827531395772 0.7686543282003
0.280192240881824 0.799924063387369
0.274489255489928 0.802483053377898
0.339515925581548 0.773284803703797
0.274599466571924 0.802432607564189
0.299815667894699 0.791116823615114
0.368270015414575 0.760359311612886
0.2716821894152 0.803741156270984
0.367420185194538 0.760741422965642
0.331469060618553 0.776900648456725
0.294230432568065 0.793624965034311
0.280192240881824 0.799924063387369
0.381720375811934 0.754302559660954
0.271573911699458 0.803789789863081
0.359323167593963 0.764383658275189
0.357878869508438 0.765032507673866
0.289611489110671 0.795697309642144
0.272355975766881 0.803439076693973
0.276494310471509 0.801583490184975
0.375700089228401 0.757014156309284
0.277050965908156 0.801333726240961
0.274507041019596 0.802473991679763
0.298164314419794 0.791857827070674
0.27605420335987 0.801780792278535
0.277867378207873 0.800966907967228
0.271525408118552 0.803811549315414
0.27494563107606 0.80227811416059
0.283273809131474 0.798540673626814
0.35292984655189 0.767260005873384
0.274104627086156 0.802655586270901
0.276034106157752 0.801789223316566
0.269321480177915 0.804800385125172
0.285075496568091 0.797732321369541
0.275571914120698 0.801995949275138
0.283394558993176 0.798487421808122
0.298573379917605 0.791675324262554
0.278211148628706 0.800811781848474
0.276290316860597 0.80167486033531
0.349892792915268 0.768624394127077
0.268969920668226 0.804958103938731
0.290150289900033 0.795455658691319
0.328055145677846 0.778434589501804
0.290911335713627 0.795113916593291
0.868497533004164 0.26708799769044
0.868216752874873 0.267539056281149
0.872912866081367 0.259999198912141
0.879405768061876 0.249562776121934
0.873461287477271 0.259105099073219
0.872209022811224 0.261129501722266
0.869150856875862 0.266041575992216
0.897293177714932 0.220785643013188
0.903328561588591 0.211072562032681
0.867431227278928 0.268802451880126
0.872209022811224 0.261129501722266
0.867696287584078 0.26837767078352
0.871657633171534 0.262007595659617
0.917100306657737 0.188903653650527
0.869426566066251 0.26559745464128
0.910719380693446 0.1991761523459
0.873398363701329 0.259216883397731
0.876425193491992 0.254341904382641
0.917775903873031 0.187814149489585
0.917774297371592 0.187816735808018
0.870310790185744 0.264174714492559
0.871021812708192 0.263034036428984
0.879354509235072 0.249639295561579
0.917795288166573 0.187782930619145
0.913304534198286 0.195014076117537
0.878233478408292 0.251437989307634
0.912153784838703 0.196869768000292
0.871823060781758 0.261754922753209
0.876900833504994 0.253592324917822
0.909672567376445 0.200859773742079
0.873443291106045 0.259135452519797
0.927385736815304 0.172338057449657
0.913820184001518 0.194183807708705
0.907090768426122 0.205018374346216
0.867209645142623 0.269154365551724
0.915180599369445 0.191994158165269
0.920628172379691 0.183222380871462
0.926801851352731 0.173278156191026
0.871637979420552 0.262048583321382
0.867446645804444 0.268773159493298
0.913706821876269 0.194367330636166
0.896064385543482 0.222764576318995
0.902555671337602 0.212316521253986
0.870780418556334 0.263409065451992
0.870362497398854 0.264096317283073
0.870988337012912 0.263084703273958
0.902679092691536 0.212126530504228
0.924180071395974 0.177501673927104
0.923011961194356 0.179382862559813
0.870776341081691 0.263424325778804
0.925189226694034 0.175876406830601
0.878751595175972 0.250610474311171
0.924939591864356 0.176278319004151
0.927415865389476 0.172289569267133
0.874865800799667 0.256856270419682
0.87163909643095 0.262038884295415
0.870582697383502 0.263740914438302
0.923306435094185 0.178908576858518
0.900981032462764 0.214851227908664
0.924053336508656 0.177705937546668
0.878771756215158 0.250575406634647
0.907351591615254 0.204596366656901
0.874930415723661 0.256745659910906
0.916776478736604 0.189425193220851
0.903738769591227 0.210409868824255
0.870818753308001 0.263361242849659
0.872192935258909 0.261153624469464
0.91419374379387 0.193582127277211
0.899170910112226 0.217761493199066
0.902312617813502 0.212710776800875
0.877732026208506 0.252246668403247
0.869518612779281 0.265451471352026
0.898711576942517 0.218500561214667
0.869798580856652 0.26499301776478
0.870410209880979 0.264018079984747
0.903593728440822 0.210646620032334
0.878790178256479 0.250542351488282
0.87837369185591 0.251210855531254
0.925325833502626 0.175655893342411
0.909873428564608 0.200539373410321
0.877920389985706 0.251940536183124
0.90029637869385 0.215948796586705
0.928542488441603 0.170474817298595
0.923425082919515 0.178717800968107
0.867809015592435 0.268203634785515
0.872741338513099 0.260272693383404
0.928542273500264 0.170475163467157
0.918011023892879 0.187436951239181
0.919814470402003 0.1845309979809
0.872172188590848 0.261186073300148
0.909209484304084 0.201605525291842
0.909289334019357 0.201482494348907
0.907792011146027 0.203887562611805
0.921649520804111 0.18157792191413
0.923023468062362 0.17936432579139
0.925834729646994 0.174836520060446
0.869254048082384 0.265873305390809
0.917071541102413 0.188948127215547
0.911286628533945 0.198262017883264
0.874978517934572 0.256667921959939
0.922239169582411 0.180627710548034
0.925026205212844 0.176138799870484
0.922654212462364 0.179959032412364
0.920991946395209 0.182636946909133
0.876338940912538 0.254490139518924
0.874476114504201 0.257477852739564
0.926016188496426 0.174543433530404
0.925035325203367 0.176124119121472
0.92434857923305 0.177230618678109
0.927116051099328 0.172772017797324
0.922572184623497 0.180091434292389
0.928542488441603 0.170474817298595
0.897412851637862 0.220589440744619
0.923402516755978 0.178754172657953
0.873064601975793 0.259741480592836
0.900359866067451 0.215846636664089
0.924839363539582 0.176439978866325
0.921778638889434 0.181369973015584
0.928546187523072 0.17046885996306
0.922819262254106 0.17969324846739
0.909909762382071 0.200476528673468
0.868046579035877 0.267812848336084
0.900971696606461 0.214864570280901
0.906415856541276 0.206101900847147
0.876174864588549 0.254754482965397
0.901339035368848 0.214277891652201
0.870410209880979 0.264018079984747
0.878828977875612 0.250474630057442
0.927053130957046 0.172873909865809
0.928546187523072 0.17046885996306
0.86939101611352 0.265650056273008
0.91478207155412 0.19263283053186
0.925752142326435 0.174968702877299
0.876271104357437 0.254596702437052
0.873716623560279 0.25869803353304
0.899498203749591 0.21724249800956
0.927123757679008 0.172759553968638
0.871963948801946 0.261514575262689
0.87766881187178 0.252339433253891
0.921668991098629 0.181546632242942
0.872481967180634 0.260676402134331
0.875482048276886 0.255866836598426
0.925461642077316 0.175436598364991
0.871666158149533 0.26198775259235
0.908318862645774 0.203041975139125
0.900893661776253 0.214990779004796
0.872763403151035 0.260232293772598
0.871867522008026 0.26166760540705
0.913847079936589 0.194140955654513
0.90765270295862 0.204110159128372
0.871711189227923 0.261920497432763
0.87884082459845 0.250459619531975
0.9199786345922 0.184268994547101
0.923527506765238 0.178552817865823
0.920709238353534 0.183092151568265
0.900907218537794 0.214967663935092
0.912317585092385 0.196601093702695
0.925381419261246 0.175566204315765
0.910972322314067 0.198766068030746
0.898616841190125 0.218655194732597
0.871510929511691 0.26224253214949
0.901531520952089 0.213969580124139
0.927843541866807 0.171600625557683
0.911270255831374 0.198289162460369
0.877121533288443 0.253226820050917
0.870408044049374 0.264021585390812
0.927560281514325 0.172056960458894
0.876762252762943 0.253809484488665
0.921887104566871 0.181194915428856
0.922891589213696 0.179576014894105
0.92141182576275 0.181959812048419
0.872583684416858 0.26051702240419
0.90732301303973 0.204642549099572
0.873788847359314 0.258577541659023
0.903361414287835 0.211019733162358
0.92266085982631 0.179948407491954
0.926313369051583 0.174064768388899
0.927954392234589 0.17142204208613
0.926016188496426 0.174543433530404
0.919338051627072 0.185300198902503
0.876298386315372 0.25455109193034
0.924887607365237 0.176361235410257
0.873391767220674 0.259230906388514
0.876544335557113 0.254156366298478
0.877017935698767 0.253391871805673
0.87686423150982 0.253637929895236
0.877140740725402 0.253196068643528
0.879063427270517 0.25009600501998
0.927407411118472 0.172303187477207
0.877290701497099 0.252951956032122
0.922730062274347 0.179836971679316
0.92570065565473 0.175052583869535
0.926956473846424 0.173029487310032
0.877739187070511 0.252226361221249
0.877840057553763 0.252066247648003
0.91764924451729 0.188020786571739
0.920223179189226 0.183872308614284
0.872634182248391 0.260445332535495
0.922438002391078 0.180307237979402
0.876756683221949 0.253817582607775
0.90001347782771 0.216409297292046
0.869458100282942 0.265541366649783
0.87905540986285 0.250115000132437
0.873437937266804 0.259144426590597
0.92537374112324 0.175578115477028
0.871905236235476 0.261607862761166
0.902293963547383 0.212735815413918
0.908949968346233 0.202022003183673
0.87928919640274 0.24974310833153
0.876594271631184 0.254075839009955
0.902769895616657 0.211975273162027
0.867911353740489 0.268034427419112
0.924165088878341 0.17752557044746
0.924003261264823 0.17778553558183
0.868525173852305 0.267039232148412
0.926094962054792 0.174417256247513
0.922717830633006 0.179857120822446
0.912553167765508 0.196225577433091
0.923150558885181 0.179159525273741
0.905002279484748 0.2083752094285
0.918826964719948 0.186122084808881
0.899010322946363 0.218018163439362
0.921887104566871 0.181194915428856
0.899658769257917 0.216975061238938
0.92486396973366 0.176399788521329
0.879219788471291 0.249865935164593
0.915489265664758 0.191496801371641
0.919352598794462 0.185273880723521
0.922170435842064 0.180738095821827
0.878850869088497 0.250442471199175
0.924649582235061 0.176744472868365
0.925475057102343 0.175415582333858
0.898810954638389 0.21834101718641
0.913909499624699 0.194039653641196
0.878642661306385 0.250777338975214
0.868825108130723 0.266585475819929
0.920195273774756 0.183917253048521
0.905836606443112 0.207033358898515
0.923397311441613 0.178762688682635
0.926234496472304 0.174191844463377
0.916422534079529 0.189993104909671
0.878265180877768 0.25139137915547
0.87766391715832 0.252347522825289
0.904075968030814 0.209871026263897
0.879040407379762 0.250147681179808
0.910813971897754 0.199022382918599
0.872760558897365 0.260233771908469
0.928546187523072 0.17046885996306
0.915835982258457 0.190935752197654
0.876237438086199 0.254644411037899
0.87355286120673 0.258968513604208
0.925469889079186 0.175424068487786
0.916130324680063 0.190464666078101
0.874945659734482 0.256720766002841
0.924108186001165 0.17761678622971
0.901134917252606 0.214603438238073
0.929115751642393 0.16955138253709
0.869834307297291 0.264939418073947
0.904920119311726 0.208507271788644
0.916190220442023 0.190368000383791
0.914963406394431 0.192340668527627
0.9126497560379 0.196066324927482
0.878050114027756 0.251731671832442
0.922365631480184 0.180423819864226
0.903269005917871 0.211163712490836
0.877911202087068 0.251951687178546
0.876377469815628 0.254435225479861
0.870261160280922 0.264267443972538
0.897048690290706 0.22117481750735
0.915826234538006 0.19095261547346
0.874233179065313 0.257862874417432
0.907123153721711 0.204965454584814
0.873030518115542 0.259797563047283
0.912719816838576 0.195956412489864
0.878754057559251 0.250593702567399
0.920481896648211 0.183458134823249
0.925907616059907 0.174718986622237
0.924801022947788 0.176500274495475
0.87040317201207 0.26402189645802
0.898578295708195 0.218717600208686
0.874505129004191 0.257432939349297
0.87184828391571 0.261704472818099
0.923650445855804 0.178353938861357
0.925899741819423 0.174731689633436
0.877155845918647 0.253174052396711
0.871174630716612 0.262788759997479
0.873175783991827 0.259566795121507
0.874664925709118 0.257179955408177
0.924222147970354 0.177433463420149
0.908971300519441 0.201987637001245
0.9084538181931 0.202820387156259
0.868834862726943 0.266541674323938
0.902287139595675 0.212747187020825
0.878311445950075 0.251308873763107
0.915478710728762 0.191512492527667
0.86746449718628 0.268746970412955
0.918383939958088 0.18683565755618
0.916218326193031 0.190325343679303
0.921920387565087 0.181141304946399
0.87012600442162 0.264464601686686
0.90852820291258 0.20270160047844
0.877612595212124 0.252437105958296
0.922366032355018 0.180423167746453
0.926017690796567 0.174541013819914
0.921818900607226 0.181304628653523
0.879021616472589 0.250165926080146
0.917879299664575 0.187646590059575
0.922676051838525 0.179923728359135
0.871536095310211 0.262216531371379
0.89780574667752 0.21995630567234
0.869182845710057 0.265984208666565
0.878692281352575 0.250693000873885
0.871894927873878 0.261625833460161
0.918429808310679 0.186762202025039
0.899152147410382 0.217796834423708
0.929867146705981 0.168341095300829
0.871991906582456 0.261466840742859
0.876115410102861 0.254848494091384
0.9227916051055 0.179738394404477
0.921651254947199 0.181574520798471
0.907104430149464 0.204993095748304
0.878736175061979 0.250622446587379
0.922271498829227 0.180575513001063
0.924770016979405 0.176550541200262
0.924671244085147 0.176710831098796
0.906062086298812 0.206671044456162
0.899672397247888 0.216957752830007
0.910846460878791 0.198975043488466
0.90167300117005 0.213737008620049
0.874866822968342 0.256849423958622
0.875553266580972 0.255742302332443
0.927594059767601 0.172002552276252
0.867594063783844 0.268548504745132
0.897667298595224 0.220187570356846
0.875178503722451 0.256349383003734
0.9220192786932 0.180982021086078
0.929867146705981 0.168341095300829
0.876252122723489 0.254622437994497
0.921502772797093 0.181814343309254
0.905801897107063 0.207091080092546
0.924045875921277 0.177717304604085
0.926025591462818 0.174528290318826
0.913620872546602 0.194502148921911
0.92245563884802 0.180279126786146
0.904173056599661 0.209714612796279
0.909436742361956 0.201240169859537
0.868674739518767 0.266793812467698
0.874128188275641 0.258039632036351
0.899894854769353 0.216598413085008
0.908227334630151 0.2031925028251
0.869732160258901 0.265101365228986
0.879341907944871 0.249654672399054
0.92130276839664 0.18213487093689
0.923734097632833 0.178218785155189
0.913520091079443 0.194665945104223
0.925409473405585 0.175521197593102
0.926231538110114 0.174196865264955
0.927850734842514 0.171589105263317
0.92453365524933 0.176932514297994
0.86723187687144 0.269127923582154
0.877156778093224 0.253172551897464
0.878175668206097 0.251542826558602
0.90653651118015 0.205908454000981
0.878219435763324 0.251461569219983
0.903959442611493 0.210059194416891
0.878893939638939 0.250377125019493
0.867535540525416 0.268631417746266
0.869528383408393 0.265423246559617
0.912669662722698 0.196032825085204
0.870185724715266 0.264371279080011
0.897001750715265 0.221252260320275
0.896135214748396 0.22264244127095
0.920952057525763 0.182699384184977
0.89809062103598 0.219501067619693
0.877484326313247 0.252639148357423
0.908356469743337 0.202977202714374
0.877711576321431 0.252277513702836
0.870398633478466 0.264030890590401
0.928291272567237 0.17087949075847
0.925800788079355 0.174891062543825
0.925118344001202 0.175989597018647
0.87008562550715 0.264524146864687
0.869191975294961 0.265974180277469
0.919989185433046 0.184250718936989
0.910721561124885 0.199169015373516
0.925559904075555 0.175279189062616
0.923304229755122 0.178912678610197
0.917774113527127 0.187817708652701
0.903569864731311 0.210679725076127
0.923304229755122 0.178912678610197
0.924451121569013 0.177064669729729
0.924323478039744 0.1772710103488
0.905870672957424 0.206978193030507
0.867905880670386 0.268038653339416
0.873027607412714 0.259803296975581
0.903596650411168 0.210643294210989
0.868858927297902 0.266497532114022
0.921405711041435 0.181968953757637
0.871707458453484 0.261927693234362
0.922197226545971 0.180695061877082
0.92007754641936 0.184109258990992
0.924788220254438 0.176521718707469
0.923218467228765 0.179050879201136
0.92576912569011 0.174942032488957
0.878803059750527 0.250524717394431
0.930400964610362 0.167481250279782
0.915153286853557 0.192037517420394
0.908245417499517 0.20315648230332
0.906912605361536 0.205301402315855
0.873773931904918 0.258600421310913
0.901162910808419 0.214556574200103
0.925854999569707 0.174803410755004
0.930266724502264 0.167697482490479
0.870374332909043 0.264070164860001
0.897929310600499 0.219763446605663
0.921948793966503 0.181095233835221
0.90466874547832 0.208912648932872
0.925222719498211 0.175822307279191
0.867726768888073 0.268312884565488
0.870563668285496 0.26376571806312
0.922463437317794 0.180267037912682
0.924668854676336 0.176714069013763
0.924479725442313 0.177018376155963
0.924990669984298 0.17619567250236
0.926272536357649 0.17413081074058
0.875246984553507 0.256238357862788
0.868499337294114 0.267081213318606
0.921876494544819 0.181212020282123
0.925844302327993 0.17482100147333
0.871268602468109 0.262646934516261
0.926272125187735 0.174131472967984
0.867837546357963 0.268140175358214
0.923618990649074 0.17840474215168
0.907024899610217 0.205122024047521
0.875157046004486 0.25638969003681
0.918436125142679 0.186749673001241
0.927141851373923 0.172730776129202
0.930064256126432 0.168023569345618
0.867179469525586 0.269199742177061
0.91929646471974 0.185367210978012
0.923622279635983 0.178401025419402
0.928466133016771 0.170597814172561
0.906973969973374 0.205202103197335
0.911577233766512 0.197792296901916
0.87951695976819 0.249375846867113
0.924717582823388 0.17663549800734
0.924339620574146 0.177244720982603
0.868127045303492 0.267683458445555
0.914810658408658 0.192588524861174
0.904928485588892 0.208496101151049
0.902959734240191 0.211667514656517
0.924830649205674 0.176452915002915
0.927007751794191 0.172946893715382
0.928285937202251 0.170888076695952
0.927976719847812 0.171386140707156
0.918654060345144 0.186399636574244
0.913641030985803 0.194474982905775
0.925781352721436 0.174922826631632
0.914981129601355 0.192314139378923
0.921215191912544 0.18227468938597
0.928760369012172 0.170123789002391
0.903195227762019 0.211285825201214
0.928475088002564 0.170583382031683
0.93040202465131 0.167479542849195
0.930328385619737 0.167598153359491
0.908099892569276 0.203395633168959
0.923185955912494 0.179101471933021
0.876400549597949 0.25438624555978
0.873265507002037 0.259433328463195
0.907229910398077 0.204790023708243
0.925390173925685 0.175552676298823
0.916290859481306 0.190207753577068
0.898059544362776 0.219549980711271
0.874140488029546 0.258021377008893
0.906013959186599 0.206748640230265
0.872103032728866 0.261288979392533
0.871050137163034 0.262979895952185
0.910862869559966 0.198945893457776
0.920486423706382 0.183451016094293
0.912897063282694 0.195670168815286
0.928466149990722 0.170597786831531
0.896312564775149 0.22236707248277
0.914583340101256 0.192952406361623
0.915432387732288 0.19158789772178
0.921581614910527 0.1816851797908
0.897153620169725 0.221009377540854
0.917298421289581 0.188583335581739
0.925064091902876 0.176077279906015
0.922319436623346 0.180496934608741
0.924219541628816 0.177437894219402
0.915406522434976 0.191629198533062
0.91853072277856 0.186600079305062
0.896558681494692 0.221972213044263
0.901816607180643 0.213506833963754
0.900027792316809 0.216385337212453
0.899981494324154 0.216456735764708
0.927104241592257 0.172790985485
0.901066317440505 0.214714146447955
0.928894059828907 0.169908507404168
0.900606342750347 0.215450836903436
0.919426866974811 0.185154269025531
0.913561442633364 0.194601898407537
0.911776471379049 0.197473194949113
0.896787627596724 0.221595534391866
0.915220667437112 0.191929615348978
0.874041127586577 0.258177424691685
0.924832524360778 0.176450391184106
0.901458518972675 0.214082287096896
0.896707107391061 0.221725041981638
0.926133873781617 0.174354539036813
0.928423630798254 0.17066628237831
0.898956182190567 0.218107312878713
0.912685380662418 0.196012921875976
0.924103463515148 0.177624266482652
0.876378881315295 0.25442547314625
0.928111531143548 0.171168878265687
0.868298468291797 0.267410148683621
0.930209349482021 0.167789914502878
0.912204087755076 0.196784776016863
0.919044577686386 0.185772387944947
0.920965686455419 0.182679098251543
0.899611439811735 0.217051080644472
0.923453582735929 0.178671241626312
0.927914888849388 0.171485575299876
0.89731799663594 0.220744497546302
0.922611186100865 0.180028569392654
0.923931835745957 0.177900455828485
0.8968533472846 0.221489743412463
0.902502571633285 0.212402189229633
0.872886476211838 0.260037823271598
0.917640543253085 0.188033409773086
0.873131628339994 0.259628907789257
0.908617578971026 0.202563542093325
0.915074954723733 0.19216510507922
0.911445801817074 0.19800952781917
0.926167570056666 0.174300029140468
0.923242769222805 0.179011372926581
0.869284860774117 0.265828526211819
0.911439456337697 0.198019076215589
0.928515971485542 0.170517502427477
0.868011932008744 0.267866263335727
0.922253991738489 0.180603790661051
0.930388382402587 0.167501516953348
0.922902112987878 0.179560336737116
0.923668901672066 0.178324436264918
0.923498435626134 0.17859922226299
0.928768881224742 0.170110164528599
0.869948122603364 0.264759000976175
0.914193347396398 0.193583337470746
0.868011932008744 0.267866263335727
0.869203198838352 0.265963519002802
0.867684831226935 0.268398891802492
0.922932169643591 0.179511855604786
0.928167411306872 0.171078960295688
0.908790577268289 0.202283512032694
0.879296041165929 0.24973393890604
0.923430489912256 0.178709340408468
0.915189767184662 0.191977951596794
0.913585640918568 0.194564185954023
0.911903721511813 0.197272978068053
0.923813032624951 0.178091609274174
0.870335961283357 0.264131165070264
0.922253991738489 0.180603790661051
0.929039624965323 0.169674075260351
0.91706851594865 0.188955704818207
0.91993852746063 0.184333423075505
0.927090863597952 0.172812536703571
0.919031982288258 0.185790745765654
0.922518409108128 0.180177071120121
0.923056843285116 0.179310421816401
0.874320351514716 0.257725974420791
0.875322321974322 0.25611166604543
0.89922901434959 0.217668621043426
0.870330488671521 0.264139972697211
0.90186172966623 0.213429906242176
0.923348902252515 0.178839641462679
0.875161370480218 0.256370596687428
0.924568996920421 0.176874765871086
0.924610108185236 0.176808968329503
0.925711312958276 0.175035354634928
0.924976326181438 0.176218332463764
0.879578156880826 0.249281018771065
0.905286180308308 0.207920394671388
0.92346100445461 0.178659070391882
0.903077363678893 0.211473791429059
0.929133154893035 0.169523359788131
0.925081821972661 0.176048853898929
0.914410390832584 0.19323097288344
0.929548565491821 0.168854223101278
0.919707199028515 0.184707041581291
0.904882442072995 0.208578594174822
0.926491115430533 0.17377842754202
0.901041948101398 0.21474998771277
0.926510778139823 0.173747472753032
0.922774673541865 0.179763413220946
0.9292784335891 0.169289417154787
0.930493015729654 0.167332981281753
0.930398980732162 0.167484445672391
0.928466133016771 0.170597814172561
0.903767286260838 0.210365998675676
0.878346879270072 0.251263968891181
0.912934443746821 0.19561074047035
0.928019423788782 0.171317250588062
0.92459378685659 0.176834652906595
0.875431219172374 0.255953396280337
0.903862048256014 0.210212697608516
0.925650924912589 0.175132386000687
0.911231189135494 0.198351669842382
0.876132954169047 0.254818295020505
0.926688516477663 0.173461145598171
0.930485914213005 0.167344420241367
0.923100638726468 0.179240777471894
0.929391300788586 0.169107602773094
0.905930475604227 0.206883382088468
0.918621317125763 0.186452983825943
0.926658053059646 0.173509767041259
0.91221837633289 0.196762555115318
0.876276055756863 0.254580319063066
0.909862280741226 0.200554291319964
0.929415240689403 0.169069022012687
0.871322988639118 0.262539274827266
0.924902452577163 0.176337265883128
0.867387474886646 0.268864709102446
0.913501833977069 0.194696006775642
0.925596168154226 0.175220398471466
0.878194267891815 0.251499074700781
0.898934219935284 0.218142096844748
0.870674799135778 0.263581587218167
0.914296321876968 0.193418191513028
0.876575761444147 0.254101942753241
0.875979028111351 0.255067090501483
0.877425146708719 0.252739996454379
0.920081668758299 0.184102264497663
0.919829445763863 0.184508174169717
0.927471862759402 0.172198870472367
0.871287572581431 0.262596080607669
0.877403323743967 0.252777785088577
0.869107512384429 0.266106853171821
0.927056252868514 0.172868496760958
0.925344804958276 0.175625204275218
0.923098151822847 0.179242820922508
0.927343212820538 0.172406545602226
0.907506046560083 0.204348512555555
0.920782162452872 0.182973080041857
0.921636123016752 0.181597375445868
0.919484868689693 0.185063427355276
0.876624479997196 0.254027770213659
0.877797534372183 0.252142964478858
0.921010123775101 0.182607147783021
0.8758104686492 0.255338676323805
0.929263218728889 0.169313874728313
0.919087237090248 0.185703704604923
0.928318041024372 0.170836317864989
0.867199038537819 0.269188692871258
0.924530862657026 0.176936192784993
0.873408449415784 0.25918657022556
0.924785489605933 0.176526375439815
0.917414939840088 0.18839700405034
0.924969567500197 0.176229530088623
0.875371384264938 0.256054366749552
0.878872973960941 0.250405958182695
0.920515866257482 0.183401836111208
0.930182490078449 0.167833152057419
0.874599596419509 0.257279649619893
0.928935488627733 0.169841728334467
0.899269129272259 0.217608822077672
0.925024201533135 0.176141438536625
0.92678614179566 0.173303281606483
0.877082344938578 0.253285940922478
0.924945121676342 0.176269072942588
0.928305061167954 0.170857240266732
0.926739626511683 0.17337826894995
0.914976682969913 0.192322584051007
0.87014742098322 0.264431229383932
0.901426734306134 0.214134896984673
0.871486696344316 0.26228117542299
0.900576995364995 0.215497136919831
0.874681316969682 0.257155003876838
0.91934392002532 0.185290856653591
0.919591024873353 0.184892706863008
0.928498987849943 0.170544517945742
0.898766780217789 0.218414897549197
0.872896084936827 0.260017372857767
0.917551057465941 0.188177451291916
0.927981109550829 0.171379210985167
0.909381621357277 0.201325322505328
0.917686618915098 0.187958961531287
0.922240138819975 0.180625055213935
0.92638103325766 0.173956463727984
0.922006119266892 0.181001635250371
0.923791685425747 0.178125471554363
0.928436326379973 0.170645825058217
0.923307836828562 0.178906584688289
0.874605879167148 0.257262618066795
0.929449097076119 0.169014438262259
0.870479347412367 0.263898535678108
0.875734043467817 0.255451396575763
0.868687029492674 0.266779900710974
0.925874019946172 0.17477317131901
0.927315162804043 0.172451245131378
0.39603657717634 0.74784620472453
0.383219808018202 0.753627164956106
0.351947465412709 0.767694404193584
0.355833858785667 0.765951770781911
0.373690648048954 0.757915437550799
0.299059971191808 0.791454708810057
0.384886866824843 0.752880976176735
0.28011416747086 0.799959504417594
0.390436483526021 0.750370159573965
0.313961287020435 0.784766096471917
0.37072865762967 0.759249814277488
0.302311655458491 0.789996042724362
0.277330483268174 0.801207698353464
0.350700434741205 0.768257754784699
0.279556924265952 0.800208800216081
0.342131843067942 0.772107381672406
0.313748156598356 0.784861941274347
0.371688273699317 0.758815474589912
0.295387485370357 0.793106024677649
0.270937749129817 0.804075580650136
0.281063724800351 0.799532807230581
0.393265472703891 0.749110336332437
0.328212565076388 0.778364908916858
0.273291227291968 0.803019350288962
0.342889786453985 0.771770956923718
0.315400962418206 0.784119555178105
0.280329938369734 0.799862473164974
0.350691180270892 0.768261920147597
0.279958648878476 0.800029146520175
0.349845288755944 0.768641834253093
0.283114100580886 0.798611621992988
0.276771059323323 0.801458795916057
0.287452959006173 0.796664761525592
0.293814322956937 0.79380926095429
0.287403855379182 0.796686789747796
0.309993402425366 0.786546142230083
0.288375578309495 0.796250988335153
0.271861386081713 0.803661243240996
0.292196057612131 0.794537607524997
0.287388745365246 0.796693507847447
0.271270510863971 0.803926115846494
0.278700858614889 0.800592383215362
0.286383404603666 0.797145019125612
0.287388745365246 0.796693507847447
0.287388745365246 0.796693507847447
0.277330483268174 0.801207698353464
0.277420619761522 0.801167259164253
0.277276997537652 0.801231832261109
0.287372227345441 0.796700930614975
0.29019847628458 0.795432454828507
0.28104759405027 0.799540044026229
0.287258489251799 0.796751965628942
0.275394222846089 0.802076797115139
0.274235568604792 0.80259656272606
0.343484818669532 0.771499198419756
0.368972318230542 0.760035727058926
0.270605090877538 0.804224444871914
0.270366185773955 0.804331624774735
0.277706823983537 0.801038759343434
0.283779563801389 0.798313066734496
0.287701404847018 0.796553313279328
0.283664862314029 0.798364966774957
0.286618640544396 0.797041752680669
0.283149115606234 0.798596885519407
0.284948463268919 0.797788947115943
0.300004418102412 0.791031740755407
0.281033911536554 0.799545566306878
0.271511365375898 0.803818265059445
0.277792919959363 0.800999765611237
0.285713689675108 0.797445970165851
0.277304394139659 0.801219529626055
0.285528190173408 0.797528834226939
0.31192702858016 0.785678668168723
0.28888920916527 0.796021614377044
0.37894590938993 0.755547706870852
0.300607625789397 0.790761126104829
0.287369360254301 0.796702217457293
0.293970733284008 0.793741001243934
0.367499296930063 0.760706470981118
0.286998634822465 0.79686861360792
0.336133308174295 0.774803634190091
0.299893409115028 0.791081580668507
0.277296026642169 0.801223301723199
0.277009182963412 0.801351982223398
0.2791020385448 0.800412882781339
0.277569833540368 0.801100032986087
0.349355997910586 0.768863903193345
0.313504088517036 0.78497276873529
0.31345773315421 0.784990447988337
0.274735566687292 0.802371900627395
0.296946299664575 0.792404712693602
0.287837722689101 0.796494661264982
0.327662785392647 0.778611608833845
0.294169171111903 0.793652322514698
0.327866902672101 0.778523336137064
0.274735566687292 0.802371900627395
0.2773092171256 0.801216948728571
0.286734291567858 0.796987603127472
0.296638130923026 0.792543325927686
0.277516439105029 0.801124422280094
0.326028871401556 0.779347754145904
0.277520581929661 0.801122245587857
0.301817282973165 0.790218449502682
0.293543642766572 0.793933135254606
0.273605605150364 0.80287884315848
0.277547123617451 0.801110331676063
0.334133794915862 0.775707782039098
0.309658081469142 0.786697048521188
0.30156378696471 0.790331826014269
0.361998056185914 0.763180588154888
0.326090998517839 0.779317699256864
0.273415815636871 0.802964461805355
0.290057616067652 0.795496450369634
0.295220703407349 0.793181219898121
0.362811689936691 0.762812712599657
0.276445759874033 0.801604675838575
0.292621938493077 0.794346531220929
0.297783149633721 0.79202880300657
0.271840512434542 0.803670791595973
0.318156820624776 0.782880292601835
0.272021812510321 0.803589333750432
0.273311049806654 0.8030109047453
0.340283182361168 0.772940979994309
0.328569669806247 0.77820517820508
0.301978806017049 0.790146684215336
0.328287412902245 0.778334006465669
0.272747239001615 0.803263924186657
0.272615783576626 0.803322362207506
0.312695681179341 0.785333599026652
0.278667097678295 0.80060730805511
0.292506288240727 0.794397738878318
0.277698066836976 0.801042931006006
0.273221912905989 0.803050210795579
0.269267942894643 0.804824572360308
0.273532686658082 0.802911274035022
0.273580695884693 0.802889475656147
0.270880694183469 0.804101369004997
0.287303033359964 0.796733603659617
0.273824980932937 0.802779900936142
0.268861031043935 0.805007115979671
0.369634629854062 0.759737236519045
0.277761333972564 0.801014367572332
0.26461554137081 0.806911659385538
0.293315911798743 0.794035453460466
0.265485470943559 0.806521473769085
0.276921404175826 0.801390845559797
0.274735566687292 0.802371900627395
0.337907036383588 0.774008655200956
0.280418823820992 0.799822668751093
0.278315943245486 0.8007659870485
0.268861651300816 0.805006837132569
0.268861031043935 0.805007115979671
0.274667782427228 0.80240196045143
0.264437829051043 0.806991231814355
0.28568144681176 0.797460479164718
0.269151406699256 0.804876945943742
0.382226847072506 0.754075373124321
0.278315943245486 0.8007659870485
0.29357544204985 0.793919133261399
0.273951569818137 0.802723128906106
0.266084580394616 0.806252590403812
0.272180303538398 0.803518511768877
0.268861031043935 0.805007115979671
0.269120458263117 0.80489082929672
0.272561979577715 0.803346582679574
0.271144067181312 0.80398298413778
0.311146503605704 0.786032214265766
0.264819178218929 0.80681996884462
0.269640959748619 0.804656958505098
0.272017343370432 0.803591610905813
0.285573496499236 0.797508734710209
0.274182220521625 0.802619783462423
0.267441431952254 0.805643984496293
0.276415136721485 0.801619565779032
0.291520440568314 0.79483997478433
0.320679661524191 0.781748517382151
0.26875067232932 0.80505689353937
0.282315961436329 0.798971652545527
0.266941269269015 0.805868306646457
0.278865780760999 0.800518879940321
0.320948734186526 0.781630037428287
0.287467515326658 0.796659763149271
0.342999295858437 0.771720835497
0.291777794856764 0.794724146015927
0.273992598855179 0.802705155891133
0.356890439075101 0.765476315195466
0.22139493784838 0.860457150286752
0.224353016946513 0.858937252905573
0.204492846292033 0.869138064121816
0.236515539655995 0.852682583434647
0.210131563291031 0.86624627555574
0.252885055565628 0.844251188956048
0.213781067326841 0.864367093002211
0.170689883631668 0.88650804908247
0.184815559446574 0.879254714837138
0.194411818688422 0.874319349356595
0.197288463914493 0.872854101658722
0.20136882571982 0.870744953408293
0.16447580226152 0.889698447352835
0.155578687850451 0.894267874201242
0.207466848815966 0.867615303868981
0.217770129867338 0.862317323218316
0.194190389809345 0.874433737596711
0.237442920320919 0.852195599743522
0.173697218325508 0.884963415197055
0.16565398457138 0.889093022497162
0.170689883631668 0.88650804908247
0.180727511624341 0.881350387025008
0.218579373958818 0.861910721078163
0.17714755515281 0.883192551570309
0.233865008726482 0.854051198713569
0.154901451317881 0.894615621995036
0.164817351066605 0.889523034678061
0.241791278204088 0.849976695483326
0.19116432884898 0.87598898199606
0.182725660674403 0.880328378209941
0.240822155572699 0.850459296584127
0.19116432884898 0.87598898199606
0.221764763173366 0.860266650938205
0.236713708810714 0.852584639504673
0.171636084584894 0.886021572396045
0.17361316952302 0.885006435969316
0.168649031983635 0.887554939748287
0.166939764060239 0.888434425706985
0.176224893883475 0.883667106366087
0.179955763669768 0.881750023672172
0.204895826142824 0.868931023338127
0.179469327472242 0.881999716601413
0.224332312678227 0.858941739879238
0.17067010701453 0.88651820085018
0.187643814380875 0.877801552296262
0.205915818724023 0.868413156746726
0.183268704558617 0.880050139570242
0.162877139041032 0.890519122127774
0.18934736822231 0.876922389456024
0.189980277150841 0.876597256169017
0.197774550322559 0.872597853670329
0.240270553954731 0.850752406267105
0.171053097998273 0.886321489109325
0.199857589855346 0.871521337121825
0.210570951029541 0.866013190766366
0.180603108696184 0.881413597349034
0.163078890185295 0.890415496348877
0.177150274654791 0.883191155447385
0.178176643195955 0.882664206841329
0.255216231996706 0.84307074568214
0.167154518695227 0.888323376831865
0.185326708078233 0.87899100721847
0.16244138092628 0.89074280400766
0.15900564307259 0.892508795967638
0.184354306183277 0.879491559852109
0.151618289266106 0.896301410977688
0.158902671203758 0.892561679348739
0.201497684908151 0.870684079931638
0.175623844746106 0.883974534851111
0.179040195088674 0.882222350019848
0.158902671203758 0.892561679348739
0.16329292159207 0.890306840361808
0.242306863331063 0.849700287017155
0.192985950880733 0.87505269003451
0.250968005189213 0.845256357808038
0.206169670608898 0.868278070089351
0.202238107575654 0.870299912540303
0.177164680361601 0.883183187515863
0.165522544287701 0.889160539679235
0.170632232369152 0.886537648962078
0.235577125585859 0.853158950659546
0.201342301694618 0.870760148539106
0.164401723284126 0.889736486108151
0.167683216992382 0.888051376952684
0.212874004136722 0.86483514554621
0.198675645479201 0.872134585125883
0.249172567954365 0.846166154880476
0.227294184486024 0.857428787582727
0.204066995789653 0.869360195663847
0.175072437741422 0.884258944356983
0.231910064211336 0.855044946132325
0.221302165569573 0.860513220796235
0.173075186556306 0.885286135123129
0.163092216343279 0.890408656851034
0.20429372365194 0.869245681979101
0.163076134672688 0.890417890808874
0.22131041089434 0.860504413978901
0.184795609636196 0.879263543030214
0.193323334181355 0.874881466023557
0.158902671203758 0.892561679348739
0.151618289266106 0.896301410977688
0.182689542112842 0.880343196237394
0.253528833748302 0.843948102902885
0.189471192934819 0.876858799716805
0.24537486253327 0.848139725518794
0.15089098344448 0.89667490026929
0.25478642434334 0.843287188314925
0.201023519423061 0.870928568567188
0.167476116106874 0.888157825183038
0.231364401529763 0.855329724777269
0.1622829770922 0.890824639104292
0.181373553703463 0.881018864682276
0.170313541021494 0.886700876685998
0.202298619623283 0.870270678667695
0.248967707411127 0.846268863102712
0.190307954973427 0.876431041641983
0.172727996986655 0.885461412168475
0.214865108993648 0.863814624824037
0.221095297722714 0.860611877730568
0.22974145983765 0.85616593893763
0.224473341126245 0.858876760337774
0.179668368525679 0.881896589950802
0.160685309057201 0.891644929185691
0.247618882945417 0.846965738457249
0.178029156494749 0.88273693074043
0.194649011948767 0.874207592805584
0.191833027822892 0.875644655596206
0.160573859707574 0.891703021433764
0.248923185355639 0.846302238772307
0.186228891462577 0.878524350958259
0.242367041964081 0.849683989376019
0.150979911094127 0.896629237393481
0.192883213952783 0.875106142578666
0.154864049951634 0.894634889437842
0.181848623357186 0.880778041707796
0.202100077626319 0.870372541718117
0.154786147060167 0.894674811766387
0.190465954985256 0.8763503456645
0.20053349253568 0.871181683170004
0.151852087386997 0.896181300865608
0.162216429720018 0.890860464588755
0.155022922823018 0.894553156488175
0.218124240077554 0.862138206457252
0.203466117972454 0.869669492231706
0.223863270008532 0.859185786197853
0.187189889409763 0.878034522236674
0.192104220208024 0.875507128462304
0.164483592444661 0.889694434010449
0.19570111479946 0.873657151197314
0.243124249706049 0.849285924435019
0.15089098344448 0.89667490026929
0.225364034912438 0.858416616121384
0.174258478477565 0.884674742339174
0.208599441567354 0.867029973054655
0.170919227999509 0.886391228723504
0.164010320619193 0.889938414501838
0.17419477944213 0.884709422463713
0.255104170638954 0.843120159334404
0.256334628551964 0.842478851956973
0.229035379643994 0.856537282691034
0.241104086455766 0.850325432997029
0.253877308055525 0.843757924751693
0.168722772981879 0.887518752178058
0.229437180897728 0.856321216972945
0.190187235925622 0.876492390672292
0.160651197045225 0.891663137114965
0.15288363445955 0.895651624512042
0.150117711281062 0.897071996879142
0.194524268985331 0.874261317624107
0.218809662205639 0.861783541436277
0.170263448975193 0.886728067681865
0.170723590874739 0.886490769590266
0.163422657503978 0.890239473225497
0.170993433735314 0.886352127020467
0.21993857615631 0.861199516849964
0.207421520211306 0.867635571115817
0.239176944022484 0.851326688048638
0.175873285988275 0.883845578043474
0.205094604766089 0.868834225788595
0.172969760151308 0.885337589795685
0.163801235879059 0.890045012146755
0.24414328411167 0.848755867173945
0.160885641397804 0.891542296993213
0.191727018182547 0.875700890299387
0.205944484214795 0.868393191207659
0.172167840226297 0.88574812909585
0.170249812992428 0.886735069679156
0.188974761175867 0.877114453592485
0.195513548945015 0.87375709925312
0.217134154959982 0.862652475293351
0.150117169990692 0.897072274777473
0.170651849353642 0.886528564483102
0.196961863194448 0.873014060825197
0.20258684945453 0.870116963703848
0.154679220156692 0.894729748084961
0.187189889409763 0.878034522236674
0.158902671203758 0.892561679348739
0.154715612614115 0.894710737968037
0.170214183664375 0.88675343571633
0.176549474338421 0.883496528278775
0.188415935186069 0.87740155631035
0.158630854330919 0.89270124423497
0.225986658731365 0.858093236861971
0.151657446633366 0.896281394925428
0.211880330966341 0.865347987506403
0.161732624569343 0.891107447164274
0.188029668912098 0.87759917817784
0.168721484958922 0.887519439678121
0.235037817695647 0.853437507749915
0.178215819235537 0.882641821130508
0.164006658618966 0.88994050582688
0.202437891728866 0.87020312859458
0.162683061677562 0.890620957345619
0.190370023429155 0.876401756577875
0.192480753770039 0.875315891568751
0.235780065781747 0.853066312485387
0.154855022206115 0.894639653835817
0.185389999570751 0.878956212076647
0.248938801723009 0.846295045046652
0.22003891906963 0.861151257982157
0.159770487891992 0.892115008387334
0.185952528724199 0.878669891415599
0.179040195088674 0.882222350019848
0.16088745206825 0.891541371042469
0.168424722052904 0.887672001923371
0.184295594547631 0.879522010672082
0.183883291775048 0.879732255824558
0.188663771011401 0.877274840680629
0.162093442414324 0.890922388699554
0.251756449779752 0.844835784528314
0.182527399731266 0.880425897548891
0.17362695752576 0.884998530586063
0.155305260457267 0.894408139651955
0.196122724805531 0.873441393680975
0.202728133142444 0.870050258546346
0.176145664273566 0.88370489673313
0.17362695752576 0.884998530586063
0.169273017055011 0.887234282752239
0.169978026064152 0.886873145970596
0.203423046128954 0.869693595568711
0.235443843311558 0.85323352744803
0.167558831589233 0.888114915279934
0.16321189814837 0.890347291131174
0.174163234290131 0.884724366282255
0.151061147980652 0.896587443836283
0.172335769382032 0.885661671440202
0.196960931412013 0.87301454163086
0.201307743166348 0.870782399976304
0.182069353170584 0.880660704075459
0.176587726149277 0.883483136949348
0.195516537293668 0.873755431401945
0.198266226198053 0.872344138525605
0.251383788692471 0.845030151352026
0.193489104505206 0.874803957764745
0.187016017262083 0.878121898045218
0.160183872603029 0.891903947211141
0.172763124237401 0.885443220695599
0.19309409497425 0.875000209733085
0.186877059067966 0.87819196864695
0.164803239136885 0.889531417439946
0.182782435516432 0.880296934762458
0.221478863555106 0.860416462725228
0.20011498441236 0.871396072499364
0.240419199094575 0.850681199641299
0.178991320890484 0.882244875389552
0.19262319620533 0.87524210449638
0.168604911321927 0.88757929498041
0.175506100480394 0.884035552623466
0.172798016013728 0.885425396317012
0.168747217585308 0.887506222144222
0.168744192165285 0.88750777511456
0.173247295528805 0.885194774243548
0.18508310339242 0.87911628409724
0.173536666890209 0.885045864956147
0.172766417257316 0.885441521291313
0.19309409497425 0.875000209733085
0.170149155286745 0.88678691829437
0.251930729506222 0.844745758806504
0.170354941820103 0.886680889146403
0.187457215980794 0.877894792242961
0.186884133019428 0.878188712591854
0.155816382154107 0.89414627373875
0.199076136651961 0.871924391311207
0.187593913684675 0.877822892679786
0.171421113481167 0.886133089425013
0.201442721875567 0.870707398692924
0.181193084288586 0.881115351443912
0.160116209101964 0.891938749300859
0.171513574138572 0.886084010809327
0.229959680047797 0.856048989156529
0.171304706970817 0.886194032515964
0.197784432373542 0.872597839676383
0.190520922622082 0.876324261221605
0.17765009697049 0.882933118874781
0.173292163505398 0.885171651140675
0.181327141556461 0.881046546465051
0.166592674696385 0.888611585921841
0.187189889409763 0.878034522236674
0.191226790140939 0.875964581795143
0.157128482347284 0.893472031537919
0.172091872104142 0.885790412266295
0.190686180561196 0.876237649233629
0.167191288542789 0.888303387513155
0.213391322510912 0.864569483900896
0.232243397939073 0.85488462467384
0.204623491609495 0.869076361119288
0.184024516709874 0.879661308971376
0.16846435708716 0.887651463236683
0.222509219095823 0.859880335125766
0.150490354045945 0.896880636584146
0.164260732675676 0.889809376941892
0.171898385956056 0.885886824984379
0.175478011066921 0.884049927421469
0.168517247894292 0.887624344514799
0.179702015696598 0.881879177578325
0.182913687349884 0.880227255723959
0.154679220156692 0.894729748084961
0.18232288756239 0.880534632930956
0.173598366157228 0.885016057192935
0.151383436814475 0.896422056173594
0.155580841258524 0.894266768261196
0.163546306505783 0.890176166639945
0.17119450924863 0.886248764708327
0.166431746335161 0.888694250583752
0.220549712074415 0.860891634288096
0.219848996197737 0.86124992963679
0.255456239046798 0.842940458895121
0.186183802019222 0.878547921574937
0.154679220156692 0.894729748084961
0.16381004609443 0.890040485327265
0.152571391415367 0.895811866521601
0.166422264541571 0.88870013564485
0.18257026612344 0.880405956801156
0.167957921380182 0.887910229140012
0.169982423554877 0.886871420758605
0.218750677209903 0.861811959965497
0.173593644812563 0.885017144454053
0.162419230158035 0.890754721399198
0.181109486554649 0.881161336403334
0.15746777212493 0.893297711776653
0.187476349034549 0.877884845702225
0.212570087760456 0.864993569961114
0.168165841912647 0.887804058553918
0.20096384449924 0.870960067949605
0.204325852905023 0.869229508614621
0.187896356342922 0.877669963742281
0.181293110902292 0.881060148993881
0.163863140820057 0.890013232179301
0.174616181762519 0.884491119070243
0.154701715322035 0.894718195351433
0.212228947230791 0.865168949140898
0.237789177326227 0.852030116605517
0.178550485836431 0.882468962917035
0.164688420898812 0.889589247226113
0.178415006112847 0.882539887362967
0.166845383052607 0.888481733141107
0.167068606511949 0.888367824200409
0.180085741768079 0.881683739693256
0.180578603891467 0.88142984848085
0.154690697376986 0.894723616643286
0.164045056173014 0.889919812379594
0.189039919988147 0.877090639930381
0.174165982814678 0.884721793234757
0.163853170117953 0.890018349546315
0.182977524660566 0.880197369428678
0.187756603205935 0.87774413677525
0.212643960708821 0.864955731906414
0.151398750927357 0.896414204224521
0.192443379173318 0.875333878281003
0.159271763342252 0.892372295802828
0.168602969667592 0.887580294400433
0.15628234777303 0.893906492944376
0.249996794913254 0.845750998255323
0.170774328498778 0.886464321203274
0.166933314128398 0.888436763731895
0.18232288756239 0.880534632930956
0.191365433269491 0.875887133842344
0.214285277677106 0.864114379815638
0.162880792967695 0.890517823672008
0.244072669048952 0.848790676729726
0.236958256588723 0.852453592039896
0.18620835469077 0.878540615808076
0.179342349414576 0.882067739316045
0.186726553037335 0.878269487491924
0.180494026362191 0.881474986483191
0.198763266029841 0.872090534925648
0.197856480948285 0.872552690687731
0.159443269889716 0.892284181163448
0.168611695312665 0.887575808999949
0.180030815399292 0.881711974125877
0.163195485006112 0.89035786671531
0.163519188940536 0.890191830672572
0.167991765198207 0.887893133728605
0.195897328118749 0.873563726206641
0.225787746126793 0.858209939303244
0.199989883996209 0.871457724385408
0.149907558152685 0.897179967721897
0.251742480566958 0.844842952061142
0.200834272803309 0.871020094909659
0.163529143073208 0.890184810536355
0.147937913161581 0.898191394294118
0.165385614819476 0.889231367290472
0.208964775650887 0.866845109780773
0.164993414039429 0.889432699519081
0.164653375892852 0.889607248984119
0.173147883790707 0.885246365898536
0.155466389531939 0.894325453034889
0.168605303564546 0.887579093769121
0.171599547411412 0.886041840212236
0.245093853590911 0.848269320697027
0.168216998645505 0.887777286496726
0.173271403323895 0.885182924938288
0.154131847299727 0.89501092599767
0.241262457014118 0.850232636075924
0.155720368942299 0.894194879682394
0.159271763342252 0.892372295802828
0.18753911822148 0.877858120471486
0.229634661450035 0.856216569605091
0.190638531002921 0.87626214616382
0.179197889185321 0.882138091747322
0.154586012783798 0.894777568735362
0.235184492430359 0.853360269030117
0.215404879825019 0.863531853266198
0.157446851705482 0.893309150782317
0.169270449370267 0.88723653882065
0.180352985979341 0.881544899435744
0.23123441932303 0.855394003913139
0.171624156696753 0.886027896597612
0.15983116951831 0.892084853997044
0.218710350382736 0.861832511318941
0.171309232568068 0.88619204137482
0.172550660703235 0.885550795149367
0.160669524812865 0.891654377432303
0.147950046766126 0.898185163750959
0.256116461325426 0.842593293779008
0.165235120453749 0.889308701952792
0.245835355523237 0.847885370081336
0.166197670294415 0.88881465725217
0.166861463468012 0.888474962870722
0.209923753396429 0.866347360283267
0.155390672420034 0.894364429481289
0.178942392903957 0.882269315795819
0.217850132412537 0.862280484262225
0.1632400218283 0.890333286461429
0.18246804145686 0.880460046846212
0.167991291522448 0.88789325318356
0.237611747791663 0.852120037549957
0.165922218071125 0.888956137456202
0.206225625215888 0.868260245052552
0.247071907772887 0.847249630566308
0.171993950665739 0.885840559556363
0.147618124037911 0.89835559987777
0.225654650004668 0.858258138795809
0.147618124037911 0.89835559987777
0.237467372496676 0.852187593133734
0.249104076129999 0.84620524640163
0.157237568063437 0.893416066030932
0.21381173193847 0.864358622706196
0.219551187920427 0.861401296402741
0.235785386787315 0.853062175528748
0.162050828857463 0.890945464131915
0.227045519414808 0.85754286536402
0.163283484203638 0.89031104539864
0.250969454199098 0.845246275318715
0.224476829294374 0.858866605807794
0.217872865263892 0.86226439963338
0.206290013015259 0.868220462063375
0.196530131306269 0.873235968325005
0.149953297664177 0.897156436871038
0.225865473713276 0.858159498217364
0.221826213197562 0.860230520422204
0.249906949460904 0.845785382356837
0.248596316440426 0.846461970533968
0.215378756166117 0.86354423956358
0.191909976036118 0.875611288138013
0.253163782735687 0.844116863529314
0.22183493807115 0.860225968117052
0.161262524019266 0.891348790401941
0.227873670267922 0.857128781399261
0.213374118650432 0.86457466893947
0.180799568514113 0.881317334305238
0.251569221808589 0.844932302229485
0.154293249551197 0.894928052353851
0.148794114407465 0.897751732185318
0.215460972623121 0.863503808943152
0.171019247693249 0.886337551202486
0.155176566734437 0.894474346535347
0.220357803602288 0.860987196416509
0.211406110924798 0.865586363110122
0.22088273910258 0.860719317882836
0.172344996876828 0.885656502149482
0.16919293111503 0.887275353121809
0.243279192258086 0.849204921914458
0.148471285021106 0.897917452084317
0.209909227151254 0.866354584628969
0.20998174307994 0.866317555573867
0.149375148580547 0.89745351197996
0.174271521272007 0.884668430686438
0.255649411287984 0.842836997038025
0.245561982719342 0.848032673814741
0.251153935272645 0.845153700971604
0.170256058364019 0.886731639031271
0.166804049259004 0.888504667202889
0.179669044804732 0.881896162671543
0.148780349522103 0.897758795026258
0.154994007753344 0.894568104029671
0.184207749832434 0.87956321631614
0.187486717925918 0.877882368865127
0.173699603537705 0.884962993281868
0.21582276097865 0.863319222224066
0.219980975905203 0.861175317481085
0.147944327395627 0.898188100701023
0.167735703213747 0.88802442772385
0.168462041329291 0.887651738903412
0.245562600750503 0.848021002328178
0.234132360718691 0.85390674755646
0.186349832556025 0.878463578706577
0.178207819358814 0.882646944898707
0.221055143681412 0.860626228450971
0.195554096316645 0.873736272161119
0.166333842959151 0.888744455248151
0.160136791068665 0.891927375046481
0.221768443082639 0.860260301561971
0.150909207736887 0.896665695626156
0.167098595757117 0.888351691872275
0.228701844636072 0.856700574556921
0.190973876124012 0.876087164227969
0.202563009202334 0.870131875010116
0.170420731376697 0.886645641559137
0.178304167443074 0.882596165954165
0.168454650386282 0.887655570393159
0.186329350340216 0.878473949498238
0.224890501226892 0.858657729114769
0.151426785838612 0.89639987315819
0.202563009202334 0.870131875010116
0.253002646652649 0.844201853792401
0.191819761487519 0.875660430884685
0.162064089651795 0.890937938824735
0.165352507493628 0.889248589911002
0.193423168310657 0.874826310403729
0.170107764512967 0.886806283044214
0.186218426219525 0.878536075109911
0.198426569234084 0.872256838915386
0.186659717103729 0.878304415379524
0.209529620432194 0.866549776890629
0.147498659157012 0.898416947519398
0.22430453225594 0.858952602034099
0.187841911016288 0.877695632435787
0.209922470033765 0.866351217657408
0.198426569234084 0.872256838915386
0.247257512989757 0.847156554956827
0.21925072435148 0.861553240023058
0.157882846599769 0.89308488338946
0.168100490685002 0.887839085770179
0.21582276097865 0.863319222224066
0.205355873613286 0.868699781244076
0.173999623219834 0.8848089056818
0.192359660005541 0.875374784561583
0.171977384399083 0.885847053357584
0.200162338538925 0.871365916230007
0.209928953874199 0.866344595904637
0.182521139366463 0.88043251031305
0.155128737571945 0.894498914221051
0.233972863561925 0.853997673777014
0.248447229959908 0.846538869092741
0.157467094692686 0.893297951401615
0.222257449617264 0.860010186967655
0.236498907090705 0.852685813096532
0.16820659016185 0.887782634050707
0.217581599718422 0.862410439921854
0.240426195220363 0.850676523855853
0.198426569234084 0.872256838915386
0.248863125106354 0.846334807506435
0.246127722449747 0.847731385374727
0.169051333399148 0.887348256158364
0.203107654724168 0.869853552250431
0.249620911512635 0.845952585774747
0.16359944125938 0.890148674309476
0.229949742778657 0.856055215274591
0.219457166676681 0.861449729645728
0.169796713743327 0.886966747108255
0.228466905887553 0.856816231537361
0.172776278821766 0.885436683816138
0.252671712732594 0.844377429365466
0.189174188320052 0.877016922253471
0.199651256550827 0.871633116060545
0.190605774267167 0.876280114549599
0.232257260440098 0.854873585752915
0.230646915307321 0.855701794623822
0.251119457683497 0.845166005765449
0.252613429819463 0.844404613141208
0.254517648838342 0.843426104127695
0.251167490276283 0.84514670439454
0.222195977716468 0.860045159512179
0.219741519443723 0.861310480136609
0.230893515627388 0.855570679091097
0.2221929484167 0.860046735503602
0.214417181836642 0.864042019551709
0.214766501671398 0.863870311793813
0.239134370544496 0.851336482641146
0.244948324285148 0.84835518161577
0.231247494758741 0.855382171766989
0.226094844109499 0.858037537611345
0.251915392147834 0.84476346026842
0.214085497141523 0.864215369507835
0.190689089973696 0.876236445558774
0.225731088075494 0.858234782615643
0.204370504263432 0.869204657417359
0.250809004912189 0.845326117348187
0.195114894963931 0.873964372662098
0.210011541635352 0.866310616191544
0.226088806111913 0.858040640642394
0.251315062040619 0.845076704574642
0.222164957475991 0.860061355513958
0.180063139442423 0.881692388541757
0.207411830949484 0.867643907035644
0.204265329936101 0.869258914703106
0.243434393733134 0.849123495633897
0.204683385397835 0.869043968367341
0.233803069493806 0.854070994074868
0.204199449904396 0.869292758812415
0.180073093878957 0.881687263366415
0.183757223337639 0.879795507592625
0.180408853820906 0.881514246181046
0.203384189792382 0.869715639719293
0.201388965453693 0.870739299814084
0.254579582105542 0.843388929960419
0.243725894175745 0.848966041506657
0.182390509347134 0.88049763483313
0.233183360189675 0.854399726664497
0.216346765113255 0.863048027471926
0.251766289171438 0.84483387403192
0.190157907870176 0.876509065662406
0.244093041823969 0.848783411534837
0.229304243409376 0.856388248642854
0.250658714767384 0.845403422584292
0.226068751122475 0.858050947345796
0.249662762476954 0.845911530377054
0.24419388966708 0.848728247472721
0.2483934409626 0.846563117457275
0.186060396678514 0.878610396178418
0.178218646757733 0.88263952832992
0.230561366361255 0.855751034393016
0.2253715406127 0.858405347584879
0.17334066615572 0.885145031566152
0.212968914907128 0.864790250837175
0.204265329936101 0.869258914703106
0.173336714508696 0.885147061279212
0.226094844109499 0.858037537611345
0.213354204098491 0.864585194826946
0.210819968412545 0.865891537300083
0.201464387579816 0.870703199687042
0.225731737692886 0.858224232121956
0.193361567238557 0.874863190705808
0.198129619635763 0.872414310799864
0.176464003136716 0.883540866847127
0.177636553554973 0.882938545903225
0.222164957475991 0.860061355513958
0.225713422191767 0.8582444401057
0.214804419633711 0.863836269731202
0.228339054821576 0.856888856970812
0.250000428988071 0.845743793481269
0.23827165543247 0.85178272840107
0.186060396678514 0.878610396178418
0.226573017215181 0.857793869946136
0.172916691982694 0.885363208976735
0.246263857949424 0.847670344392872
0.190876317365657 0.876138461333396
0.193072541128508 0.875008387218508
0.254483687750797 0.843441429954549
0.252862154430367 0.844276732946078
0.238786132455853 0.851524980711537
0.187688539063991 0.877773890830286
0.217242988017077 0.862586802449762
0.172498102204279 0.885577962712885
0.222487587297895 0.859896998092348
0.20002314672347 0.871435871802339
0.204971794766227 0.868892359932509
0.18558998993666 0.878851098056335
0.198522168331024 0.872213946688096
0.217397275038321 0.862507504961518
0.186003572195187 0.878639594770586
0.180751783134783 0.881336777768806
0.189710122534505 0.876739044357718
0.178218646757733 0.88263952832992
0.244648367136664 0.848505046395351
0.20740598070122 0.867650322946756
0.212859478436647 0.864840856318764
0.154191806592691 0.89497986131219
0.231340816438244 0.855345804585054
0.238966226049674 0.851415710934087
0.185212695567424 0.879046061857881
0.176603900635034 0.883468670757509
0.219356431191159 0.861500812220649
0.190466565456758 0.876350207129253
0.171807612056869 0.885932898876399
0.202676908677578 0.870077939681368
0.191012545494456 0.876070214636394
0.221597064444869 0.860348422235079
0.181278707928601 0.881069137337298
0.183758004051302 0.879794113619915
0.183787727450943 0.879782604907065
0.205491170855228 0.868629821589389
0.172008524960206 0.885829744993024
0.208689053922589 0.86698751793998
0.214928785020665 0.863777176042444
0.231598457893022 0.855208310946662
0.171607801936247 0.88603551555158
0.236095909126128 0.852894332194064
0.194365275557436 0.874348271216497
0.189150793172383 0.877026220843544
0.199086005271658 0.871917775040917
0.197946494187651 0.872502312860902
0.222898438775444 0.859682398868586
0.159703075937202 0.892149987189348
0.172506733826137 0.885573853763295
0.191702254455635 0.875711463755389
0.159906168665411 0.892045421617351
0.227298688157151 0.857418963790428
0.154386509341341 0.894880064753797
0.189926635448211 0.876625251434507
0.155483376491517 0.894316723526699
0.175022869557782 0.884281961911891
0.219473019794646 0.861440565839877
0.162206278696521 0.890865129109181
0.160079595071005 0.89195633996988
0.234906205792275 0.853502603439895
0.174527876537288 0.884535290030941
0.196839092603155 0.873073661782149
0.229583272961748 0.856245132582686
0.226086283657439 0.858047344107488
0.21530752999303 0.863578819947438
0.17501184132376 0.884287802749186
0.193625933310232 0.874722589533013
0.184105973974943 0.87961610534212
0.179759511774973 0.881849925521273
0.161810435001438 0.891067843067739
0.213280599499326 0.864622819689984
0.174433797873436 0.884583687498645
0.183895372786307 0.879725063259556
0.229062561517502 0.856511525201737
0.242883726080943 0.849398904467769
0.19673876480223 0.87312914919249
0.207052698380827 0.867834549147616
0.215805129686181 0.863328789298209
0.215960936659973 0.863251406039009
0.183066854797148 0.880152839662052
0.17862573526328 0.882429525797182
0.197348094803132 0.872815860636098
0.199175812454528 0.871877699115987
0.200346575271624 0.871274920865553
0.202701568751998 0.870057722094346
0.183712183946078 0.879818140069004
0.220851777956429 0.860731606708437
0.256296574338454 0.842500960097459
0.184881067842943 0.879217252414615
0.165655409969841 0.889093014919633
0.199995479275177 0.871448398184096
0.238545065443065 0.851634173444934
0.177820747362295 0.882843890915614
0.155350152059625 0.894385158925227
0.17774898872706 0.882880890849008
0.242273783410074 0.849722394742021
0.237744370570545 0.852046577608316
0.195320364001913 0.873854494193784
0.202083364175702 0.870377806572252
0.22285804915692 0.859705059163672
0.241605963643121 0.850062877400927
0.217242988017077 0.862586802449762
0.233026801008741 0.85446962134619
0.24357842036118 0.849046335287362
0.236759548407684 0.85254814770874
0.176128026360199 0.883713569329787
0.154227716353851 0.894961421071617
0.199329356381147 0.871798588507853
0.222299157824766 0.859987592078398
0.180832572488639 0.881297092932459
0.217242988017077 0.862586802449762
0.237439972470581 0.852209227687109
0.250607301477789 0.84544393221641
0.163123991385607 0.890393105327761
0.184568186363044 0.879378459468494
0.190685351898067 0.876238780916672
0.243172811496778 0.849257175074556
0.162015420900745 0.890963200611298
0.19904090560349 0.871946723860189
0.219861503543381 0.861238219023137
0.176128026360199 0.883713569329787
0.187205963582234 0.878022436893657
0.185172347963156 0.879068542108437
0.226357185138023 0.857901255796162
0.255944405199974 0.842693379991355
0.199274246291044 0.871824435449565
0.252131959897434 0.844652311908001
0.153930432018196 0.895114075877543
0.190702055137022 0.876230094539649
0.242006766751897 0.849854333866622
0.196341120755734 0.873326785741825
0.151715409043265 0.896251610752457
0.21696961954344 0.862727305397754
0.202738988694618 0.870045623061649
0.243689438172488 0.848991400521056
0.209865010245392 0.866384823015137
0.249388199523761 0.84605383846716
0.217470554920413 0.86246978294943
0.171874493616013 0.885897670357067
0.159627811821791 0.892188180042227
0.159907619956913 0.892045096324772
0.200523588683956 0.871182314089569
0.214284687360843 0.864115431175996
0.174735952716174 0.884431679213211
0.17704501168839 0.883242618347039
0.153952262500137 0.895102975015853
0.15993072594568 0.89203280642328
0.152147954103148 0.896029499946511
0.183515979408176 0.87992022656272
0.17707882148047 0.883226171981915
0.176127480667768 0.883713849592051
0.246180218415975 0.847704050613408
0.151715409043265 0.896251610752457
0.159936966782331 0.892029613722799
0.15326102469557 0.895457853856778
0.193667037898052 0.874709850279191
0.191017495002409 0.876067608457131
0.206458898464048 0.868134856245354
0.17896927943826 0.882257817220836
0.236623058755093 0.852624960362987
0.176128405581695 0.883713363501014
0.184564137135326 0.879380538886517
0.251435549516138 0.845003353408319
0.23020048284715 0.85592229892766
0.239198905986357 0.851303641997681
0.183710527862443 0.87981865392678
0.227557911641837 0.857293676410163
0.151760502214659 0.896228457244602
0.205212036009365 0.868772894724511
0.21465680562795 0.863922770482329
0.241468417828827 0.850142600916815
0.171927695244267 0.885871307808621
0.183709833657092 0.87982102191331
0.168644922699426 0.887558209911874
0.174432462984516 0.884585885565546
0.228029339217625 0.857045996433309
0.213199972846269 0.864662412248815
0.208895426612528 0.866876712875999
0.228728806373477 0.856684273688924
0.197146171600415 0.872921932550772
0.230021347225106 0.856023601874761
0.189529642380683 0.876832409896774
0.187892849869519 0.877672908265325
0.218946297507031 0.861710880201244
0.236332317807308 0.85277439571882
0.212257237549822 0.865149299563316
0.254372251983486 0.843492261832466
0.178744487156973 0.882369865625157
0.212481320866157 0.865043273317126
0.174422268910024 0.884593459851753
0.20143310528837 0.870715039711357
0.15183642783864 0.896189452937438
0.210660597070912 0.865980268455006
0.213333687888102 0.864603955106297
0.172514423710605 0.885568841507429
0.186134498844165 0.878574693478992
0.253414348276578 0.843991037577661
0.217549986660052 0.862437510723813
0.250232219532551 0.845621506213249
0.174317705250058 0.884643156617132
0.209844430797667 0.86639000866355
0.184348074408184 0.87949240490608
0.222836319030145 0.859708499376022
0.179328554564626 0.882070389963415
0.241956087079909 0.849893452665338
0.249302761777442 0.84610279379763
0.153677608974088 0.895244151448509
0.188469130902026 0.877376480950298
0.237302830722278 0.852273413256857
0.18780444720265 0.877718675455712
0.178744487156973 0.882369865625157
0.212402427548401 0.865079368254489
0.158090255991774 0.892977803071738
0.195995130268571 0.873514146650549
0.191042025950891 0.876055140308859
0.190213344749656 0.876480299017697
0.194015175261288 0.874525539498974
0.175662947587694 0.88395355274066
0.19803963374809 0.872462759598988
0.226226177122976 0.857977432055027
0.204123498450736 0.869336468635906
0.204124507338244 0.869330832587912
0.208141341535136 0.867268659579393
0.206656453043211 0.868032946798516
0.181116833845771 0.881153838781469
0.235404537404416 0.853264423366241
0.173857595155916 0.884881436905619
0.171054064877321 0.886320120038412
0.153992615804174 0.895082079297556
0.203721030418301 0.869538076981827
0.178741993837428 0.882371146360821
0.180341478047566 0.881549678534411
0.185404721831248 0.878950783842522
0.223665055949608 0.859285990592779
0.164982217449984 0.889438643533933
0.153418961794834 0.8953767074912
0.168347395836691 0.887709784971391
0.242799453315561 0.849442440237695
0.216412048196906 0.863017684408752
0.176943516720341 0.883294482172762
0.161954039525989 0.890994253150638
0.184907549036853 0.879203828765131
0.200691695460746 0.871095541575698
0.168549482921071 0.887607141090423
0.207979623199911 0.867355642762441
0.206999670879819 0.86785655918416
0.184850695282274 0.87923490665089
0.16578541482819 0.889026332632729
0.210401411095686 0.866104652292731
0.162473699832689 0.890726628115713
0.15373352196095 0.895215189181164
0.160793617149547 0.891589482611078
0.1940063153155 0.874529364974808
0.152435992449163 0.895881587611055
0.175492316258896 0.884039775356588
0.159675702073262 0.892163814873649
0.230704315319639 0.855677446645908
0.175161060442404 0.884209992061083
0.244296531057533 0.848674554172404
0.236539823725904 0.852665099226953
0.249247176068523 0.846130122516943
0.190678737518066 0.876240188711036
0.255420484136287 0.842954501144544
0.173495207882867 0.8850649870856
0.180792449821024 0.881317766218166
0.15714420394137 0.893463810902072
0.183518678888249 0.879918850376216
0.250099874663781 0.845698381591615
0.179875362890867 0.881788447740539
0.193897423209856 0.874588553367235
0.183808414631701 0.879769859715008
0.240186811670605 0.850789104003415
0.24000281442932 0.850886377118727
0.175704612418426 0.883935132493824
0.253192614889511 0.844102755584978
0.151691417095964 0.896263937075008
0.179074172934784 0.882200434059877
0.199539879212776 0.871694595515536
0.152897260908574 0.895644741014723
0.159655274580377 0.892174941013024
0.169315707025451 0.88721195905387
0.176091381813707 0.883735530696064
0.190301560158043 0.876436481866345
0.183841006528987 0.87975308565691
0.19405369786069 0.874505752522152
0.194014727208419 0.874525769721412
0.194309386054922 0.874374368249409
0.206205927533476 0.868262500744318
0.17071252749104 0.88649494555436
0.163207752184937 0.890349569112919
0.217375043868631 0.862521342545632
0.160079595071005 0.89195633996988
0.212514008599358 0.865023418607723
0.188043250400111 0.877598067248483
0.247637921709078 0.846961065264115
0.18649825573603 0.878388678517127
0.216034796568148 0.863209175648192
0.166702576598053 0.888555821754821
0.238786630676088 0.851515729900008
0.17623073393685 0.883659944004419
0.158216399891924 0.892912966007679
0.161623550739299 0.891163392876059
0.22623894784164 0.85796556849365
0.175766504407977 0.88390138324156
0.194309386054922 0.874374368249409
0.154233146803121 0.894958560487559
0.158216399891924 0.892912966007679
0.196934648013301 0.873027523236739
0.161139834095645 0.891412917500585
0.243454432992432 0.849114529974901
0.150906001070905 0.896667251357518
0.170945899515926 0.886375617041694
0.199196924453035 0.871861512114784
0.201957360187297 0.870448586135429
0.206485302202862 0.868116377179792
0.154629985420109 0.894754793083178
0.162917412109914 0.890498587630486
0.170506842870184 0.886603242632136
0.163753216181992 0.890069502651075
0.210094131099541 0.866265251453124
0.384938331338242 0.752853085535144
0.356559137110642 0.765626055212511
0.334098394305923 0.775719716853016
0.333910193614108 0.775804306238883
0.3281964946474 0.77837209223782
0.339331347797316 0.773369661836435
0.367024916575325 0.760914900551346
0.362046423635664 0.763154239484197
0.336233839183306 0.774758552367787
0.3705566774349 0.759323772717011
0.383744033727095 0.75339081322758
0.39539437138396 0.748138715008908
0.334153931554346 0.775694759953106
0.333833024458851 0.775838945327709
0.334558619763285 0.775514951815297
0.396932591715355 0.747448456012433
0.347343436977906 0.769767639258486
0.366166635208817 0.7613041071869
0.333497607967126 0.775989697081991
0.352169183401601 0.767600346430722
0.334032054023267 0.775750546477919
0.334098394305923 0.775719716853016
0.322705923939977 0.780837728981042
0.367723631494545 0.760604342729961
0.359638320451339 0.764240875876866
0.361002007839794 0.76362775921075
0.333781395062077 0.775863201090757
0.325804376817387 0.779444247483692
0.31559616243235 0.784033043417732
0.314351967899358 0.784592269329741
0.331145183951778 0.777048912408767
0.312336226307246 0.78549435936913
0.301942159140536 0.790163239915808
0.384526693297494 0.753034791421592
0.311714101846397 0.785773297242175
0.316663299114089 0.783554604550228
0.324276329429048 0.780136092864484
0.363466169516852 0.762513964795671
0.360573931912455 0.763816968650068
0.362249125473388 0.763065182930926
0.384235482730511 0.753167910497917
0.305442704562972 0.788588803184777
0.380583971746633 0.754813558943947
0.298739060802296 0.79159991682809
0.343224998731036 0.771618740173706
0.306303525214 0.788202349224928
0.316584745986945 0.7835865392532
0.319326308644792 0.782357664440643
0.379775208568591 0.755179126396293
0.323746763180033 0.780373868687952
0.304053195289466 0.789214503129055
0.306420549994462 0.788152697187239
0.299327003235336 0.791336456763038
0.28981390737584 0.795607059768625
0.32682706104911 0.77898529128963
0.301693705540177 0.7902746200598
0.386319448212242 0.752228920624286
0.379346027663105 0.755371451351382
0.380716345714474 0.754755377105718
0.380003571699595 0.755074965325329
0.30379020176849 0.789332559090404
0.387756549658339 0.75158035859946
0.359997152895826 0.764075867717622
0.361811873078971 0.763262438126153
0.281469451888817 0.799350356309096
0.294721232786555 0.793404621311952
0.284444130742642 0.798014660828247
0.304199780432169 0.78914880235811
0.375147704331075 0.75726221039949
0.312280270053147 0.785520426132795
0.385726502045099 0.752491553107972
0.266527785802007 0.806053864274836
0.294020166651807 0.793720514889502
0.331373793075235 0.776945420939308
0.266378119515466 0.806120942775706
0.376517877215338 0.756641913419843
0.306602392124876 0.788069027822152
0.297898656070189 0.791978717972477
0.281765602338743 0.799217733614097
0.291256898850851 0.794958355784612
0.268284725558638 0.805265442250073
0.285777769470463 0.797417096408501
0.281057427248672 0.799535791586701
0.268284725558638 0.805265442250073
0.292010208039164 0.79461969194964
0.283527562097635 0.798427213998168
0.28757129863109 0.796612387027541
0.297927808539248 0.79196394658274
0.292991251451836 0.794179387171067
0.266378119515466 0.806120942775706
0.298585296915199 0.791670197759234
0.309747381827096 0.786656943359733
0.330707288546293 0.777244539929518
0.29130389191179 0.794938715959661
0.30050271755222 0.790807023998797
0.309561625331203 0.78674347079602
0.349925554276977 0.768608205180255
0.328802817368886 0.778102340201744
0.387985951758318 0.751483919248365
0.344308430598192 0.771131275480619
0.316755254106359 0.783510174334367
0.306289472914575 0.788209225448636
0.283385690090503 0.798490786615618
0.289823175553386 0.79560356056383
0.289424572723632 0.79578232455906
0.311280708244664 0.785970195614461
0.288050808514478 0.796397690873685
0.264291020941089 0.80705698454928
0.336580577606644 0.774603661925353
0.308759236181132 0.787103073317387
0.372257396222331 0.758566712270609
0.29851949050914 0.791699419496716
0.280885159204664 0.79961325220327
0.396954197799334 0.747444733538229
0.348969124685784 0.769036994580286
0.38853255455578 0.751244176677684
0.308131879178887 0.787382158304333
0.281044817265599 0.799541486877757
0.280391850620634 0.799834601495417
0.26518253011097 0.806657160153188
0.267463778284817 0.80563409781037
0.342600056867171 0.771899891335281
0.266837431835448 0.80591475944495
0.353427631543218 0.767033534953417
0.391011748303787 0.750112569113058
0.286801714954813 0.796957753813806
0.305014564664208 0.788782475049873
0.393175483124332 0.749138288669663
0.309258199013727 0.786878970841111
0.26408158806319 0.807150896491441
0.275451211788856 0.802051092797803
0.268092327706106 0.805351856771046
0.322723563004016 0.780831143092578
0.3868618117646 0.751980941385692
0.270903697816227 0.804091002285282
0.264079439661089 0.807151860112184
0.271478918140791 0.803832540707765
0.264271094767882 0.807065897198274
0.273106828556532 0.803102910094021
0.289235839259694 0.795865486459008
0.267393045380109 0.805665812215229
0.291736834952884 0.794742724649418
0.263564143021314 0.807383198510765
0.322313275720777 0.78101667980602
0.263676919518001 0.807332655469639
0.302574375229147 0.789877604591881
0.26351886535649 0.807403505093309
0.298651252874987 0.79164008716754
0.275655215470153 0.801959655972735
0.272667575746957 0.803299774710539
0.263546687926655 0.807391027015844
0.293996984284694 0.793728751408552
0.269269693167493 0.804823741085777
0.276451145220345 0.801602501748425
0.299695411448773 0.791171967540647
0.263188375270352 0.807551649911276
0.289424670101803 0.795781687066521
0.26632096103824 0.806146429944999
0.263321209424225 0.807492072791911
0.293355288896241 0.794017727161599
0.346070332228686 0.770338600211788
0.282641763362339 0.798824657174744
0.263793017609316 0.807280306554424
0.275731533851451 0.801925383743817
0.34257187141865 0.771910914526282
0.293656301833524 0.793882040950043
0.38157226795852 0.754371060981089
0.337598449681786 0.7741497442736
0.364675637605722 0.761974030827466
0.360580084729165 0.763811560171906
0.363172256647474 0.762646483399427
0.345692667975017 0.770509804770836
0.34538448916021 0.77064861946624
0.397089507154631 0.747379747086906
0.396112164599568 0.747814226309808
0.343530847870303 0.77148078960999
0.349597580149065 0.76875522211265
0.345708294066076 0.770503495019137
0.356581932986588 0.765615762928033
0.347792680419644 0.769566700827727
0.365854033901248 0.7614394083404
0.384097230753675 0.753238680104293
0.315613904179583 0.784022387790095
0.320589279521223 0.78178968373387
0.343129960136728 0.771663278372277
0.363413438723872 0.762544184593402
0.30420725563427 0.789144263753732
0.361856966417669 0.763242164420601
0.364321295234926 0.762129287406239
0.348213126808827 0.769379266550006
0.309161956971582 0.786919936889649
0.356469333179089 0.765666188459885
0.373503688959979 0.758000055933411
0.380439252110473 0.754880553123121
0.335457709329379 0.775109994166828
0.288732757404815 0.796091107946713
0.293306138423925 0.794039824907087
0.288434841104477 0.79622469998911
0.287063339735914 0.796840104796949
0.339001147586679 0.773518382046549
0.291490091860238 0.794855054563913
0.286817069175023 0.79695063110195
0.284378812374264 0.798045269061554
0.284257908578153 0.798099355157696
0.31365518887487 0.784902101927142
0.293849538306029 0.793796055703922
0.328370616633741 0.778296354393614
0.359324432813273 0.764378557518645
0.282923027798559 0.798698674284329
0.302075661162951 0.790102336417693
0.32333601597664 0.78055627976515
0.280419770069731 0.799822648422852
0.286638098331172 0.797031310353064
0.284415346670939 0.798028837306042
0.384281723162615 0.753152151716631
0.318116542419125 0.782899790205575
0.305729774416119 0.788462812628675
0.290450934978675 0.795320490645679
0.369419197457064 0.759834755737506
0.326977411313878 0.778922453512457
0.288155456984854 0.79635069152043
0.870037528997607 0.264615032902092
0.355019896789226 0.766311625608264
0.278418004308825 0.800720064579244
0.277786976802918 0.801002971541308
0.876443589435619 0.254318941866158
0.358279921752482 0.764849443505535
0.280097604012073 0.799966694636468
0.353310428899056 0.767088538537154
0.352386338581697 0.767504514997494
0.325900488018625 0.77940566786197
0.393340866192565 0.749072298273741
0.396297714785049 0.747740702485414
0.391753656581117 0.749785352285737
0.37849624200507 0.755748483245039
0.331302666976163 0.776977928824628
0.290236707144657 0.795416747882783
0.391698918963592 0.749808825278621
0.332615153413697 0.776387439479677
0.301728637051925 0.790259447109225
0.326628446504252 0.779077486873599
0.353232746397849 0.767122830877006
0.377854202191931 0.756044766056481
0.361954128567133 0.763195841083097
0.341892260603021 0.772217599826252
0.380462105723296 0.754870757413809
0.280874636501859 0.799617136170076
0.358175608609481 0.764895589210664
0.290164681424178 0.795448414069277
0.310078886613161 0.786510172179066
0.281833582030368 0.799187000931234
0.322406071769697 0.780973704293841
0.342541040844716 0.771925474310936
0.310078886613161 0.786510172179066
0.323665789765055 0.780405353801208
0.316644412963011 0.783563586981543
0.301655637419499 0.790292646818832
0.313439407653816 0.785000910230089
0.344931934917061 0.770849377790915
0.282501616466005 0.798886652199908
0.307375574662118 0.787724115756951
0.356158473206649 0.765803005088109
0.351658488930189 0.767826000832098
0.322168447959064 0.781080900369576
0.285236550205014 0.79766038433604
0.313079755423397 0.785162894418171
0.337702313000096 0.774100538832501
0.293422608537653 0.793987659011744
0.380674594199382 0.75477462436933
0.342057233416581 0.77214559288336
0.290084253502186 0.795486335406954
0.280350893844402 0.799851941219715
0.355278074949045 0.766199626534124
0.387169247925024 0.751849986756082
0.280350893844402 0.799851941219715
0.27748546246481 0.801137750472354
0.278942609746297 0.800484772710045
0.292073032509532 0.794593303810543
0.281829961650886 0.7991887634457
0.323811764411914 0.780341744720624
0.28018951668724 0.799924347722994
0.290067815809009 0.795492490032339
0.283888902806132 0.798264485867692
0.296459375764138 0.79262360045979
0.329091407287347 0.777969931630029
0.280186791159064 0.799925567780362
0.279959344126869 0.800027631031279
0.368723342600339 0.760153782012152
0.377117630297965 0.756381202680023
0.324562251252597 0.780005490510297
0.265821551861709 0.806370921636669
0.350242969595322 0.768466225816619
0.267670755787866 0.805541325701816
0.291380459123378 0.794903933023456
0.28955276069561 0.795724343915338
0.274283749353486 0.802574955185303
0.279959344126869 0.800027631031279
0.373250916385923 0.758112730194714
0.280002864307682 0.800008146015487
0.276920325688166 0.801392420710813
0.267467993774858 0.805632407867762
0.305766233177036 0.788446387991705
0.315286355686735 0.784170900012901
0.327807789910829 0.778549382533134
0.265039097202393 0.806721790789846
0.274235721018494 0.802596141898104
0.268397651007512 0.805215600115018
0.285929106228327 0.797348945159016
0.279355156485072 0.800298810651262
0.327807789910829 0.778549382533134
0.282480049061639 0.798896697129379
0.289591574908537 0.795705474004749
0.320452924845887 0.781853694051569
0.384590366307152 0.753013899705935
0.380909794905684 0.754669179407801
0.323817516953918 0.780338737707202
0.340661655793214 0.77277381427968
0.323192668059426 0.780618931365647
0.350785970942573 0.768221292540416
0.343826868395817 0.771350025011226
0.344609601314343 0.770994794025771
0.325234228902628 0.779703607040116
0.333554334630727 0.775964800963705
0.323817516953918 0.780338737707202
0.324898151113073 0.779853312483663
0.338977006591349 0.773530111194814
0.293355116183114 0.794017952146824
0.346661141504389 0.770074083602071
0.294626495658273 0.793447350999576
0.341988431288295 0.772176154535884
0.300127214163491 0.790976019792003
0.324110956785996 0.780205687847326
0.293355116183114 0.794017952146824
0.338998296563739 0.773518717909489
0.326513813178517 0.779127409883329
0.269824730213329 0.804575051729412
0.325365113923796 0.779643480624741
0.325369696574794 0.779643158287287
0.320208166902769 0.781960184914253
0.353651130173482 0.766932472929571
0.330488661688601 0.777341534803585
0.279897940450671 0.800056039402131
0.296567373441217 0.792577359265719
0.383603646378036 0.753453630412017
0.371018499910688 0.759120884840158
0.293355353773408 0.79401766708329
0.263967448514348 0.807202221754068
0.272274671484469 0.803476311715843
0.262865777119857 0.807696389925695
0.274320823682088 0.802558749743714
0.296772523440156 0.792484335287482
0.335686086514023 0.77500655598336
0.26905777536031 0.804918980168365
0.334870059611916 0.775374139911481
0.365809568185764 0.761465108741813
0.269247875014325 0.804833990497359
0.286548000628783 0.797072717589448
0.261531372474809 0.808294892994623
0.269770890268669 0.804599136294481
0.370954272455121 0.759147671449206
0.319729693547653 0.782177254087684
0.269182957502416 0.804862823671363
0.339977115830167 0.773079425000582
0.335477533629359 0.775099400851099
0.380583446366 0.754816070037705
0.336764512142859 0.774521191165994
0.270020961903517 0.804487216239408
0.311106204117252 0.786049307399545
0.363841358180058 0.762351337728816
0.287044635532438 0.796848781011513
0.320471353813217 0.781844316093205
0.269921192188176 0.804531909835606
0.319729693547653 0.782177254087684
0.297170685859293 0.792303941701837
0.261517337063265 0.80830118798134
0.261213433973572 0.808437494110431
0.268992264302042 0.804948353789895
0.295030299219418 0.793263937195257
0.261311152003173 0.808393668873699
0.305521803314816 0.788555617736698
0.271463201799701 0.803839757141334
0.27888931848651 0.800508710547458
0.305869348899773 0.788398716910651
0.274721050084555 0.802378630733454
0.328610723736218 0.778185844172277
0.268992264302042 0.804948353789895
0.271121596048167 0.803992981831581
0.27778024283463 0.801005928977837
0.349926669433892 0.768606468527464
0.30333195867518 0.78953721964233
0.273631389066887 0.802867427761732
0.29440674944371 0.793545993617235
0.306157963098142 0.788267754874874
0.264513628584921 0.806956998115042
0.267170452512314 0.805765890653031
0.327292985164983 0.778778910345609
0.268111688982845 0.805343379684963
0.268365428588421 0.805229985719986
0.269434423040871 0.804750003858256
0.278321132252996 0.800762484814248
0.303092253475325 0.789645100749599
0.274261979906974 0.802583964002845
0.280954852064264 0.799582404010575
0.272485904014091 0.803380685049088
0.368365811194987 0.760317926228355
0.285996041579927 0.79731991606732
0.272770520835157 0.80325302779051
0.340271537742787 0.772948662195993
0.271313693665783 0.803906952589724
0.26490084078711 0.806783292358244
0.302330552504508 0.78998892228639
0.298291987772879 0.791801795029772
0.28095945629607 0.799579347172843
0.263936097327082 0.80721640057112
0.275648343615841 0.801963521771725
0.317896158842022 0.783001025111825
0.274195145079573 0.802613686226532
0.272613892802184 0.803324126147334
0.311516153971723 0.785865149393333
0.270843792672453 0.804118158399041
0.276178435917353 0.801724103222809
0.285982554225454 0.797325573215101
0.26171130306071 0.808214132616496
0.293835252091373 0.793803823477024
0.273055593597382 0.803125785465776
0.290612540926956 0.795248945827079
0.321139973884733 0.781542818071727
0.299518074996079 0.79125147255835
0.26490084078711 0.806783292358244
0.267144776311453 0.805777454069181
0.263449526863571 0.807434611371766
0.281127358637026 0.799504190943623
0.284364372333216 0.798052594962571
0.261662099200349 0.808236270937521
0.277861761732811 0.800969855540613
0.294999219361658 0.793278663060004
0.272409398314491 0.803415488041552
0.261162479408736 0.808460346528441
0.261162479408736 0.808460346528441
0.293667799833748 0.793875949285898
0.29066773874616 0.795223967881422
0.297145047406899 0.792316763127536
0.325089321219581 0.77976725341027
0.267658087281808 0.805546721467957
0.265102479855453 0.806693309963243
0.286337415959468 0.797166699686514
0.382469785539155 0.753969205716538
0.382123676335213 0.75412497767638
0.382469785539155 0.753969205716538
0.339344933282691 0.773361259648859
0.359590639511835 0.764259824992467
0.339502294596145 0.773290281721406
0.318981800341431 0.782514934185411
0.381275109941088 0.75450811693266
0.29348903670613 0.793956569955815
0.320495194473597 0.781832697849468
0.344929215979672 0.770851589724483
0.293543031834643 0.793933347181534
0.29283309153085 0.794250668798379
0.317273106258037 0.783280528141265
0.385719671662992 0.752497483705849
0.389327788739172 0.750878949662312
0.311018732501695 0.786087063012938
0.284765862258574 0.797871553065384
0.36197952916432 0.763183137406856
0.278794513551305 0.80055158848592
0.342429761072798 0.771976163907048
0.369194231656746 0.759941271937299
0.303000242394334 0.78968828164271
0.367182594198571 0.760843824090949
0.383002633828875 0.753719985871434
0.28767334073778 0.796567789416957
0.37835859299649 0.755813334846009
0.284765862258574 0.797871553065384
0.33016242101328 0.777489100499761
0.296629181799737 0.792547654046738
0.380141872378716 0.755007284644378
0.354850961521409 0.766392375202713
0.323426101765587 0.780516238448706
0.344986471935843 0.770829351014272
0.361890026554684 0.763229704303098
0.379359540822184 0.755361518728049
0.275711809585697 0.801934007781881
0.279726713734172 0.800133299604013
0.302211981257952 0.790043907318344
0.381168637614878 0.754545907221445
0.290915160121059 0.795111455538859
0.282388223640315 0.798939167399604
0.365796005899702 0.761477354616295
0.328329637717996 0.778312511079575
0.284759028925557 0.797874616749016
0.353929749842738 0.766802502300571
0.330460394544071 0.777354518319822
0.284768721394736 0.797870251229054
0.274059909688068 0.8026753826938
0.283250876193062 0.798550994337116
0.292505142323111 0.79439875648052
0.280301227837307 0.799875105727181
0.27943909509874 0.80026238526402
0.291665609821037 0.794774481194777
0.315199054142128 0.784212111184895
0.293093751644611 0.794132809493139
0.317642408956973 0.783115262663591
0.296555058899434 0.792581609731959
0.303336686453756 0.789536067122685
0.36769930006417 0.760612473990693
0.359582938660395 0.764261838992646
0.360544690658534 0.763829158273819
0.307060529811076 0.787865239512905
0.278547149242919 0.800661985104218
0.270810662271579 0.804133042231596
0.295035548127697 0.793262551010784
0.306788828486337 0.787985541066625
0.385870151052451 0.752433124864315
0.354922173460395 0.766363841037768
0.382192691707473 0.754088439281997
0.26423847156603 0.807080558363945
0.362914410932737 0.762769754131311
0.306510010920878 0.788110797799306
0.26974389501226 0.804611640464212
0.276669568920035 0.801504946973205
0.30513813056784 0.788726602216963
0.307479714525379 0.787674684452707
0.266458560485374 0.806084757462093
0.265690335119163 0.806429371267203
0.307229296706854 0.787788019518927
0.348676461475179 0.769169646764185
0.274521886269214 0.802469055418655
0.291994052673543 0.794627175222497
0.261837138121976 0.808157712454025
0.283736554067141 0.798334132654493
0.264287686197231 0.807058480966913
0.316115857444821 0.783798708431524
0.307604260067859 0.787618787603676
0.31001396745904 0.786541959017477
0.291644625839638 0.794784426016478
0.306569945748998 0.788083860353076
0.272939157139111 0.803177690971766
0.342835211405615 0.771794612025601
0.300697136211179 0.79072281663006
0.353544557569243 0.766981578783904
0.34220361327609 0.772078837756114
0.294723268795628 0.793402518108128
0.270429151948928 0.804304437448182
0.274423149816182 0.802511742473484
0.29441942059593 0.793538911448681
0.291861022673513 0.794686826197635
0.269185206006443 0.80486202334267
0.273130104070595 0.803092130972432
0.344310172910276 0.771130548871987
0.291495372119951 0.794851068115337
0.322429683758533 0.780964136892851
0.378717881031852 0.755652781736301
0.293698098095609 0.793861854344828
0.28516326589142 0.797692814183963
0.302905965227978 0.789730513788607
0.386756352908525 0.752033025968858
0.291628745419743 0.794791627177234
0.268334372119329 0.805243459194757
0.265796843656769 0.806381935384232
0.346122188159332 0.770317666634582
0.263617305959286 0.807359306618006
0.266620855099093 0.806012146934164
0.289799926308466 0.795612380828418
0.306548871292918 0.788093355790868
0.271785932525587 0.80369540280345
0.260035080656321 0.808965945604412
0.294112075078531 0.793676765827469
0.265058157143088 0.806712864063999
0.267791476967301 0.805486795317044
0.29847376055909 0.791720189637997
0.353282007275474 0.767096540585561
0.335242307500878 0.77520609647474
0.26857670932433 0.80513494534376
0.290784169940654 0.795170513880987
0.306504524470869 0.788113262632594
0.282139720418069 0.799049423608249
0.309751339248383 0.786655081518103
0.25953910634468 0.80918840522504
0.33548736110127 0.775095736971921
0.320928462966386 0.781636988191559
0.259628149246961 0.809148462231177
0.264216539634292 0.807090398870555
0.349676557394447 0.768719141623613
0.263923130258956 0.807222156079487
0.339750883924005 0.773183178489244
0.336635850840571 0.774578864050537
0.267845162138612 0.805462782294849
0.335395587918927 0.775136734918543
0.326309698467506 0.779218939345258
0.371000623154524 0.759130845895778
0.273452089838572 0.802947675493923
0.305894662932816 0.788387943655189
0.267242094871827 0.805733476083196
0.391577528254886 0.74985838954996
0.259322204879344 0.809285701302794
0.380042080738363 0.755055055316508
0.265904496451923 0.806333584399779
0.388900219562762 0.751063978780447
0.391260042238774 0.750001049886678
0.295227474342728 0.793176433331811
0.299057641416808 0.79145731372612
0.264813090016696 0.806822801856551
0.264237765716101 0.807080877513976
0.362316792625257 0.763032652599627
0.273439546990292 0.802953304716808
0.391675299049025 0.749822212447371
0.270638347097756 0.804209995590203
0.267436308365106 0.805646019525991
0.267430415542805 0.80564877601813
0.345308765862657 0.770685157918676
0.298279141920977 0.791807310859313
0.348853877280305 0.769089175789775
0.278704591827411 0.800591129898558
0.318578572113132 0.782692989136735
0.365011912875669 0.761824378470609
0.39055049899685 0.750329832877843
0.302131836027169 0.790078428968458
0.362365267282537 0.763013083203061
0.302569854094538 0.789881840027616
0.386747933180369 0.752035839563674
0.350556409639805 0.768325558982961
0.268531209784911 0.80515536910124
0.396190609395758 0.747780985910658
0.271326889890362 0.803900879344861
0.334955781785951 0.775338342553469
0.276703784922154 0.801489064125586
0.390609669065214 0.750293022023421
0.27894411999045 0.800484015801149
0.259429936748106 0.809237372137408
0.264341639398513 0.807034280879505
0.316347175671762 0.783695224953005
0.338704104980928 0.773650210083463
0.297210184330766 0.792287231240107
0.305358636259711 0.788627600374004
0.266634110265257 0.806006276979345
0.27338442370213 0.802978186135317
0.271367844003773 0.80388253259684
0.278286747937752 0.800779606226095
0.272307010633449 0.80346111665996
0.270908722204736 0.804089304763065
0.364269619235442 0.762163058068311
0.324919153063935 0.779846750838606
0.327977579853444 0.778470609722778
0.271361775726191 0.803885945241915
0.363331520039591 0.762576391984266
0.269764601262047 0.804602373566047
0.356390304579787 0.765696866242012
0.275950631350782 0.80182687131139
0.325179864891701 0.77973003176951
0.34580652715442 0.770460267518339
0.334512818107899 0.775534809686225
0.286184978946611 0.797235124383496
0.289583136125718 0.795708882200972
0.309480815197996 0.786778475488055
0.273237030754672 0.803043906451268
0.308595756185912 0.787176523974596
0.327724126596435 0.778587559476605
0.297690460279216 0.792072875271727
0.26710163518388 0.805796499386589
0.267153443438375 0.805773239361987
0.267490715825476 0.805621935790459
0.305840295524659 0.788412000632396
0.310475197584187 0.786332145588105
0.391555185436145 0.749865840076237
0.297699738104514 0.792067419506134
0.264122470196614 0.807132718576721
0.346897699081474 0.769969643803891
0.264223386213582 0.807087329359423
0.285680085175583 0.797461924027901
0.275902464883878 0.801849435713552
0.283189436574576 0.798580555928599
0.313067676718686 0.785168232430301
0.306482347039652 0.788123159157413
0.264569425308522 0.806932172695759
0.306510177014311 0.788110721974685
0.324882760307185 0.779863103294256
0.309336760436625 0.786842916215585
0.324937452341615 0.779838530390036
0.309390694405442 0.786819552925008
0.285506053835594 0.7975388835586
0.267512653686113 0.805612293355397
0.266523253066433 0.806056122464766
0.315599376882648 0.78403139357773
0.267345414638762 0.805687131253124
0.26975362426513 0.804606592566318
0.285745374300497 0.797432399470734
0.265934789164406 0.806319817145508
0.340070350949951 0.773034551327475
0.266925107163403 0.805875525919779
0.263582011120097 0.807375138387499
0.260430919069705 0.808788454614437
0.266935208554046 0.805871139649453
0.353558128115444 0.766975005566938
0.355210086569841 0.766233704718334
0.264488453611802 0.806968376538061
0.268228285526988 0.805291098030299
0.272771045206562 0.803252946048907
0.263657686335119 0.807341197619459
0.260371435136359 0.808815132516841
0.274948772176447 0.802276036946239
0.265214165663673 0.806643013372091
0.264822660755687 0.806818581163072
0.285554427331954 0.797518685634045
0.289430478225084 0.795778748210198
0.29311108219775 0.794126395354124
0.259882768000231 0.809034304497887
0.267208850015312 0.805748382552227
0.267191796174956 0.805756089701336
0.271331305413369 0.803899555434679
0.26715136019957 0.805773962280245
0.269996590862216 0.804498070331803
0.310718726699108 0.786221078394575
0.264108048359662 0.807139082668368
0.26741539604147 0.805655447811954
0.288160070773342 0.79634911496824
0.331794951408399 0.776757366436371
0.260921856535676 0.808568257364854
0.294056316906215 0.793703449854631
0.300988269003544 0.790591338016652
0.289101489010019 0.795926772985223
0.31783681805228 0.783025659207162
0.349876395503232 0.768628415111222
0.29368984868659 0.79386549455191
0.259861384110521 0.809043882540655
0.316040979850537 0.783832078969921
0.273850611430338 0.802768643813389
0.284674277341086 0.797914081162087
0.29371256485465 0.79385655297519
0.269841838193874 0.804567362188387
0.282652355246869 0.798820081401203
0.276493031682483 0.801584211113582
0.289699530322465 0.795658005333417
0.35767371649591 0.765126639306434
0.301729463346841 0.790257490478865
0.373661663118605 0.757936188722105
0.259322204879344 0.809285701302794
0.313876711658486 0.784803635368589
0.264795864271017 0.806830740379641
0.31686099223375 0.783462709937038
0.336691902066482 0.774552545014376
0.26428129867961 0.807061388040832
0.39418269088751 0.748689538651928
0.266006437951896 0.806287784143634
0.348431996506929 0.76927689039805
0.272531540955807 0.80336062169295
0.269809257174206 0.804582048555036
0.307307523951336 0.787751426457222
0.341903637357186 0.772214153260277
0.262422346354397 0.807895195406542
0.272813581385228 0.803233822077625
0.321356465487822 0.781442518839106
0.262416411853866 0.807897768878089
0.261777162475007 0.808184624251484
0.347076684612756 0.769888481018077
0.267044283913942 0.805822206727772
0.264034010691104 0.807172296252829
0.262049655785375 0.808062420809228
0.280355313165708 0.799851184614421
0.329907639086567 0.777605422436778
0.347631400819211 0.769640628304129
0.269847911126663 0.804564773101089
0.260968510034768 0.808547332209819
0.259029518530345 0.809416980838956
0.274546974612642 0.802456398034707
0.269768026502612 0.804600646863238
0.316179039308321 0.783771528368247
0.307051562360034 0.787867927804207
0.271350561835121 0.803890315568784
0.274760697998902 0.802360717579588
0.324032899129933 0.780241013503621
0.260372378710796 0.8088146307228
0.325868099628256 0.779416835141815
0.267359877884273 0.805680667969913
0.269697985268453 0.804631930839196
0.322716177303895 0.780833332771614
0.277465349500774 0.80114704483678
0.296875136828946 0.792436100642266
0.27396290606375 0.802719032456913
0.295884064422442 0.792880810329507
0.373837622563261 0.757855607649156
0.3908748616199 0.750176623099586
0.379580568399409 0.75526231271299
0.303029691470292 0.789672987278926
0.371018151753985 0.75912356808678
0.356371902924845 0.765706578430174
0.389101973129878 0.750975081501907
0.366480324540871 0.761159846022005
0.320117566195592 0.781999916378765
0.370586533004709 0.759313046452971
0.318778558650229 0.782601489813749
0.305347431998301 0.788633460338873
0.378803258025502 0.755612298800511
0.379082362058976 0.755493937256197
0.304299659916793 0.789102837908787
0.385238667255234 0.752721980145226
0.345679804836811 0.770517597743922
0.376579852441291 0.756613026864118
0.303166059663661 0.789611754749782
0.373131099856479 0.758166386902431
0.303887799327093 0.789288587235308
0.328195486524388 0.778375356707035
0.37660289490025 0.756602630929921
0.377725218635301 0.756099168946547
0.328007446235015 0.778457597296881
0.311597579763412 0.785826363357046
0.390650428137263 0.750284095567446
0.309976620052553 0.786556381585747
0.303124311111654 0.789630462479575
0.332563163801987 0.776410551507268
0.376597499924639 0.756605047254094
0.302537701652109 0.789894057170043
0.290035203316804 0.795507086875874
0.304323332773571 0.789094261771684
0.345063092513914 0.770794551871309
0.370965137701867 0.759140205398279
0.383055840762825 0.753706833238425
0.299229248279235 0.791379744440738
0.345605738969728 0.77054785258137
0.289948125565477 0.795545987883872
0.343704549531583 0.771405405398098
0.302440480559826 0.789937156963535
0.290325155762172 0.795377054337774
0.318318739481714 0.782808725852577
0.372113383912616 0.758623788607492
0.289926134737645 0.795555927105868
0.321146379598958 0.781537642606788
0.350427920237052 0.768379868774294
0.296971977171571 0.792392612409027
0.313988502967062 0.78475342984714
0.389631833622593 0.750734050194969
0.368818437805631 0.760109224360132
0.302537701652109 0.789894057170043
0.323206791831423 0.780614412549495
0.303172361948291 0.789609156494206
0.379088675205261 0.755490260036511
0.296783678251032 0.792477116322325
0.391825647571562 0.749748267039442
0.334992697082398 0.775318695581645
0.30267173858595 0.789834364011556
0.363906309767997 0.762315373811341
0.289301141676294 0.7958363650363
0.298239019080209 0.791824288560092
0.301676773182007 0.790280223827796
0.299229248279235 0.791379744440738
0.353038868574082 0.767207049540624
0.332729818055953 0.776335824543214
0.322622662879789 0.780875862833068
0.309664230844215 0.786694611956651
0.333803316375602 0.775853315651911
0.319679424133351 0.782198381342142
0.318944027856745 0.782529130928809
0.362647005892534 0.762885002719632
0.289454528768779 0.795767524197343
0.322949602647546 0.780728801470364
0.301480559341643 0.790368266255612
0.333606850509918 0.775940731494459
0.357568004043722 0.765173504912572
0.319429215644228 0.782310714350123
0.32006750764841 0.782023750877743
0.322949602647546 0.780728801470364
0.360980257534398 0.763639004314464
0.30319904449369 0.789597381003313
0.317870472442403 0.783013380036646
0.295112172748367 0.79322766843327
0.360988705890729 0.763634270823782
0.37319443185693 0.75813874261796
0.357807624739479 0.765066270617729
0.324714134364809 0.779934616723112
0.298724965065781 0.79160607318693
0.361603748254163 0.763356436733622
0.323726255056283 0.780380197751735
0.344750095331733 0.770933159374099
0.290213388223377 0.795426952637181
0.300459271431867 0.790827928244335
0.361626885361883 0.76334525072768
0.303369541378967 0.789520839242256
0.333026169275123 0.776204295217887
0.303127768984954 0.789629467450252
0.350600149284065 0.768308702556165
0.361747070224346 0.763294247173428
0.381211543316731 0.754525730256143
0.393596437743861 0.748950461531242
0.296979220465539 0.792390984072256
0.322935572471544 0.780738400356131
0.340732871105247 0.772740684143018
0.303636780118683 0.789400952998246
0.333445703482528 0.776013381895488
0.29961798277373 0.791205419343866
0.300011543588615 0.791027773533053
0.350034963814186 0.768556036269895
0.310824420304991 0.786174071009642
0.388227975194468 0.751367778223435
0.303491209757701 0.789468410700933
0.34506924976553 0.770789223662624
0.337425279387932 0.774227324577942
0.324410419485819 0.780072664576365
0.297364555563704 0.792216945772067
0.298952412774176 0.791504087246465
0.390837684111502 0.750193346085451
0.290594611962063 0.795256630754303
0.299691030117376 0.79117238448226
0.31539716907122 0.784121167654411
0.373760557848849 0.757889246480661
0.292518636038522 0.794392613813275
0.292088971921195 0.794584056252924
0.344031694582475 0.771256678486625
0.389415464779015 0.750833805441444
0.357871162515452 0.765035285688436
0.338174085171612 0.773887976280785
0.301088191893083 0.790546596812922
0.282630255095489 0.798829746393901
0.302087966292577 0.790095909019295
0.358647363709822 0.764688967669316
0.352123262024771 0.767620722769744
0.371486557651976 0.758907521654082
0.296756786422719 0.792489834740646
0.299302928028194 0.791346805102417
0.28612368954634 0.797261232113725
0.295169446059272 0.793203096795732
0.355013077004323 0.766318750710803
0.367110291806166 0.760876625516268
0.369269117506935 0.759903369439437
0.286166847131485 0.797241858678086
0.299495411783683 0.791261165360306
0.304757850254838 0.788896974761317
0.294840138836247 0.793349526214282
0.326640827451198 0.779069902577056
0.351040467236121 0.768103391236337
0.366347693193602 0.761222721965459
0.304120491643673 0.78918382793196
0.282630255095489 0.798829746393901
0.306434102916928 0.788145234009312
0.29378856803021 0.793822656188067
0.30171142406078 0.790265166076972
0.335122121273894 0.775260293125687
0.289828874432287 0.79559990456778
0.33119021576345 0.777027730149403
0.362576185586129 0.762917993114197
0.285056311241689 0.79774106489137
0.309508101794512 0.786764693110108
0.301163278676312 0.79051043058479
0.292557904427221 0.794373485922031
0.282003491831365 0.799110565709349
0.371486557651976 0.758907521654082
0.288373802928937 0.796252211907007
0.302983986779419 0.789694014502859
0.326394242733797 0.779181405815595
0.390597798750532 0.750298931398363
0.29933365050394 0.791332707774982
0.303194640255204 0.789598571701079
0.289428077220084 0.795778961944311
0.386821635803977 0.752001157344127
0.36938412569342 0.759855051854883
0.372180262482948 0.75859544765179
0.296121715734371 0.792774567040812
0.296236110341043 0.792723366600498
0.279842148174416 0.800080903718109
0.375988335411949 0.756886583256347
0.308128398082023 0.787383545651788
0.286114517776575 0.797265252851356
0.376543916332998 0.756631118140404
0.296413277877706 0.792643617426839
0.296877976173463 0.79243595914783
0.292386780578883 0.794450287202022
0.330060870538924 0.777532710800826
0.300617742488052 0.790756387220154
0.304915047641552 0.788827161747534
0.323980634056368 0.780268389398423
0.287871898891121 0.796477369838773
0.359789756148715 0.764173736213362
0.295820143223425 0.7929106815967
0.325230069396957 0.779707506720463
0.340421516472545 0.77287943076527
0.274355855219196 0.802542729721078
0.314645797353869 0.784457945087244
0.324252299040275 0.78014557486952
0.348768703355016 0.769126731043174
0.298744725970297 0.791598334162101
0.309536476774301 0.78675290806789
0.374726746898054 0.757450925572892
0.297106615676645 0.792332452974697
0.292557904427221 0.794373485922031
0.323607084190338 0.78043232431816
0.29501298873256 0.79327361660356
0.296130878528108 0.792770456779285
0.29696357897653 0.792395588192784
0.337219310612233 0.774317089700379
0.288807765445689 0.796058104184862
0.289544086852995 0.795726816051607
0.390597798750532 0.750298931398363
0.312167131325279 0.785572018433117
0.277667558769819 0.801056722265992
0.393786503708652 0.748862843530222
0.291124144336214 0.795017615526008
0.272899926291197 0.803195915266109
0.295693476773497 0.792965752639969
0.371320126987481 0.758981962451722
0.297874886852025 0.791987141700822
0.340594287465311 0.772803163927643
0.300191802981134 0.7909478931851
0.289188240783216 0.795887065815596
0.337276566529143 0.774295210153151
0.362872834325397 0.762785004066398
0.36748865517528 0.760708069306873
0.303227330790999 0.789583893523561
0.348556211662098 0.769222205019593
0.345032206999448 0.770806307535372
0.349844196729417 0.768643552981833
0.33964198779606 0.77323130217874
0.283800942272417 0.798305933933331
0.365952516578306 0.761395229839135
0.383204376909386 0.753635110203692
0.322864864344999 0.780767698919165
0.288823438134902 0.796051804990975
0.343750329200151 0.771381865893433
0.316754430255911 0.783513389939298
0.340292618642652 0.772935223522284
0.344652671960187 0.770979344610276
0.309582784682934 0.786733340543809
0.385086844824728 0.752785377259119
0.38297414564934 0.753740169906012
0.295689686956816 0.792967455262075
0.301346422410498 0.79043015088553
0.329197954196596 0.777925052212862
0.29781278601936 0.792015858316634
0.307761109520309 0.787549156988813
0.307429136028269 0.787698788705207
0.292557170904618 0.794373826198544
0.35592720206445 0.765908937311411
0.295100247885934 0.793232852898068
0.291594251053625 0.794806314223788
0.388181471522958 0.751395070462517
0.282316098520078 0.798970287794386
0.348556211662098 0.769222205019593
0.291160660832117 0.795002377880803
0.279495324127677 0.800236902200569
0.272899926291197 0.803195915266109
0.3342730021693 0.775644051031342
0.231723995016205 0.855154297126477
0.234034611275794 0.853956045208013
0.247162456537679 0.84719719893094
0.246733469759003 0.847426111174831
0.248043995900991 0.846750676327859
0.237204344774467 0.852326958123385
0.237566765494492 0.852138195873781
0.248146561587765 0.846691923749261
0.246665390543789 0.84745863899931
0.246517294403606 0.847534387705367
0.236698379833165 0.852588406795143
0.246920332170623 0.847327618404874
0.245512267699448 0.848048721336743
0.246920332170623 0.847327618404874
0.228802726037349 0.856648380024187
0.185189874923692 0.879058982808786
0.19922516456759 0.871851453875464
0.225540064752518 0.858324640327912
0.236338960407199 0.852768084465681
0.248146561587765 0.846691923749261
0.188373191684722 0.877426562698086
0.24452860010816 0.848553994191276
0.233230336591579 0.854366685074953
0.189772059986077 0.876705200340662
0.246191807480183 0.847698729659831
0.215886415333316 0.863288391834034
0.185189874923692 0.879058982808786
0.245881322331821 0.847869382048915
0.18399552750139 0.879672651567431
0.192870341048269 0.875116773480734
0.234453159903381 0.853738632728868
0.200353524842664 0.871265073897679
0.198303758626787 0.872325090260759
0.187371805957116 0.877938143147102
0.20429650765679 0.869244584491379
0.202278285832941 0.870280207323414
0.175197886281753 0.884194083364549
0.253289129462198 0.844049205647326
0.211799529510796 0.865385080600517
0.203042258854118 0.869889406228312
0.198303758626787 0.872325090260759
0.211028273829193 0.865777189040144
0.17673434692889 0.883405028570251
0.205853075925549 0.868441830908816
0.186248537437658 0.878515403192577
0.247863519904277 0.846837531539438
0.227989300719442 0.857060165095376
0.237623239987927 0.852114083410608
0.201042148673061 0.870910597691009
0.211659164994585 0.865457151053908
0.233116647018146 0.854426861141631
0.223966208644129 0.859130441260673
0.200796417279735 0.871043066937451
0.179928337488858 0.881764473129704
0.22810812740367 0.857002392086408
0.174899296059176 0.88434742758136
0.242546462402394 0.849572365536968
0.227945673844812 0.857086819169603
0.195989807731251 0.873518839343604
0.189714757845937 0.876733256356004
0.207305363583258 0.867694022721277
0.250371941044027 0.845553969982628
0.182810935748732 0.880281156388371
0.175067900195124 0.884259725069354
0.232782349769562 0.854592179277748
0.23388748569318 0.854027201712529
0.189266809672575 0.876963471008201
0.232740984989691 0.854616812326134
0.220677194114887 0.860823698764421
0.211756510547248 0.865403116001579
0.231528970501614 0.855260392593342
0.233354228538296 0.85430294311828
0.179474144318854 0.881994514571499
0.200019806839416 0.871444584519882
0.196031793849344 0.873493064506334
0.214242582402463 0.86412763099695
0.233352826604872 0.854303664056357
0.182440143469711 0.88047514602497
0.200452574040001 0.871222343554618
0.245124542352155 0.848251732587092
0.239448550828734 0.851168094241455
0.200538674747331 0.871171123490957
0.252968280065624 0.84421468211693
0.178085592678609 0.882708223783387
0.230300024690146 0.855872482711193
0.185193535306939 0.879058850651537
0.234498308274729 0.853716152938849
0.240380318804353 0.85068999005722
0.248849969417354 0.846337679957977
0.252552634587599 0.844430781133435
0.221654541833963 0.86031995825412
0.251537281439412 0.844952791307558
0.207552263599127 0.867570357538227
0.241894361715466 0.849910417650127
0.204450631606388 0.869168156211219
0.184739028518373 0.87929085010202
0.245927402395105 0.847849609902283
0.202405876471451 0.870218099134117
0.202684125715106 0.870068052274399
0.239667261159132 0.851055885961367
0.249565938391988 0.845965675646445
0.244226770994425 0.848713985311721
0.206057347062491 0.868337723565833
0.191239759180424 0.875951863679208
0.232008464487195 0.855003391000367
0.238423690619467 0.851693642540229
0.213086709985127 0.864731644398799
0.195672466431813 0.87366983786883
0.247990424055744 0.846786086528298
0.184657082000105 0.879334130886375
0.235763950295219 0.853071012730953
0.199558655740218 0.871681340713919
0.252896403997745 0.844250731460959
0.249452387999604 0.846027850592218
0.172985438660518 0.885330125947838
0.173839378063646 0.884889958025299
0.252318169853069 0.844554120536346
0.205413693211477 0.868668198530314
0.235489305050504 0.853206783853556
0.216993443064912 0.86272466939188
0.237027215041041 0.852410194623563
0.241627576231701 0.850058026494333
0.235262358849436 0.853322717721164
0.213992290672879 0.86425450413787
0.249731410850697 0.845884823221621
0.184401443124659 0.879464560704463
0.239123181156161 0.851339417256162
0.232124658063979 0.854935588097201
0.230655132259529 0.855686782453249
0.216386361331292 0.86303471276748
0.226030150397113 0.858074539144007
0.185810242878311 0.87874205509791
0.180284638202094 0.881583051507968
0.162927026645761 0.890494663223407
0.240730191830877 0.85050956323849
0.245969366347911 0.847813131630305
0.198331099789999 0.872312746334046
0.235487257125438 0.853211733551412
0.206409209478788 0.868165044362113
0.194926604461269 0.874056735814126
0.213553070456793 0.864481502495014
0.196404709787787 0.873298614148766
0.206843832902182 0.867931317934296
0.185193535306939 0.879058850651537
0.229169465400668 0.85645852403167
0.247808844964245 0.846877590969197
0.181550223947791 0.880929879982218
0.15534419399752 0.894388569325269
0.230187940051963 0.855932697584152
0.198331099789999 0.872312746334046
0.191100516967722 0.876024423174176
0.184710698092801 0.879306088436797
0.183602003459007 0.879879858271649
0.225981596027416 0.858108149315355
0.23670657882721 0.852587659806436
0.196035285269006 0.873486234511704
0.233352826604872 0.854303664056357
0.229561449584615 0.856256690901288
0.184675369932021 0.879324194160242
0.16293639154047 0.890489841290916
0.229928184948717 0.856070708662529
0.168339219162651 0.887717200802528
0.215101082037805 0.86369725614668
0.229777074524628 0.856155392447148
0.214484786305821 0.864012386622989
0.15534419399752 0.894388569325269
0.218029343493833 0.862189295016931
0.186788502185942 0.878240910216673
0.16293639154047 0.890489841290916
0.23815757958567 0.85182939823724
0.224509345223973 0.858846263836097
0.163316418354359 0.890294745338066
0.154068196612872 0.89504366294984
0.199235319172354 0.871850372979267
0.171728800783931 0.885976647447867
0.164338733775166 0.889770322614153
0.18746788062037 0.87789227544588
0.183436351825395 0.879962115711098
0.190015213580394 0.876584280373167
0.181676725037988 0.880864917552374
0.222913466684456 0.859676351391766
0.195933592351923 0.873540064760334
0.238146970767282 0.85183489235578
0.154068196612872 0.89504366294984
0.178201768322743 0.882652267013957
0.21820793254357 0.86209938393775
0.156690918394324 0.893696902175082
0.227336955133143 0.857397552233568
0.155331920324231 0.894394744860598
0.156187031817974 0.893955163481404
0.233352826604872 0.854303664056357
0.175673507517303 0.883951453631134
0.255267141623855 0.843035555875977
0.175599390769934 0.883987335087017
0.216779182554049 0.862825420307359
0.18861802290673 0.877303047071911
0.163232236261981 0.890337926583098
0.187897470937696 0.87766875271139
0.208211885756599 0.867230523865608
0.252244365639196 0.844596695373181
0.213746777928903 0.864394883400247
0.18797780700608 0.877632311455446
0.237608908336308 0.852121107698448
0.163441565830467 0.890230821592976
0.168686936325025 0.887538701257417
0.18117028139219 0.881124848240258
0.226514274262363 0.857833590281974
0.172751259329925 0.885452396385031
0.182669567517009 0.880359107036384
0.247436257970135 0.847069334795975
0.19297245904572 0.875066735806166
0.24489213562203 0.848378203351223
0.201255883464714 0.870814552227574
0.195068644835142 0.873991337441272
0.237608908336308 0.852121107698448
0.238970498460988 0.851412837531695
0.229654029065985 0.856211648948734
0.222356283729329 0.859970988397936
0.197917430903994 0.87252433049803
0.178624047016372 0.882434332393526
0.204794712801726 0.868985579938333
0.212710306541425 0.864915699431541
0.173940298554611 0.884839535072543
0.187959209714897 0.877639978528026
0.240437358417506 0.850665389304574
0.396994589616018 0.747419837417732
0.348635840475071 0.769182008771545
0.337346910568431 0.774261302072185
0.330271885027035 0.77744360954825
0.348634448137991 0.769182634450767
0.352043973458761 0.767649742241814
0.365082950355852 0.761788717293262
0.344574064628204 0.771011240508091
0.396909640778468 0.747461095497986
0.369527711060783 0.759788976901079
0.321598107493512 0.781337380784265
0.376280626037959 0.756748362543023
0.351471557955641 0.76790743937603
0.333043642229267 0.776197368676835
0.334216596990903 0.775666364843418
0.370261277653852 0.759457761515357
0.335018377925613 0.775305614865342
0.358943090946082 0.764547108590678
0.347357560015257 0.769756668035359
0.371693989060215 0.758814356753977
0.350211585856283 0.768477063077563
0.331564453024778 0.776862233882432
0.321853709027449 0.781222589546281
0.336380824432822 0.774693271044916
0.343511222015503 0.771490004623022
0.377256693115415 0.756309122269873
0.377697132883468 0.756110723520491
0.335578936648186 0.775056381877085
0.335018377925613 0.775305614865342
0.292021932016436 0.794615381406089
0.334971609185454 0.775326629100157
0.322174179910695 0.781076373841553
0.348299003669666 0.769333439096135
0.318722935400641 0.782625977764733
0.31320778508971 0.785104307666655
0.37711829177916 0.756371653799685
0.377968539436314 0.755991331117767
0.338593314827395 0.773700705533855
0.368655823540314 0.760181737627793
0.372800727478779 0.758314228393005
0.303482288411749 0.789473805367106
0.342321482065568 0.772023364831711
0.32755761203036 0.778659527327606
0.342693630833998 0.771853659633948
0.342842290812965 0.771789265920342
0.305754955387131 0.788452444780271
0.348299003669666 0.769333439096135
0.304538170917059 0.788998324922627
0.294719849141615 0.793405063263049
0.322650585053021 0.780865717756578
0.342653194325939 0.771874940387988
0.296588572225514 0.792565087537355
0.366895710559092 0.760975542056027
0.349467411027522 0.768811507711341
0.389046460648954 0.751004057124963
0.335027273102382 0.775301737428716
0.390796105355179 0.750208904677985
0.335171065123658 0.7752381194459
0.295418673826189 0.793090394841973
0.387521597579129 0.751694326821854
0.348181905548327 0.769386086292917
0.296286279744672 0.792701314106612
0.312368852583985 0.785481974117534
0.31594471074264 0.783876908655948
0.28607940139641 0.797282371684945
0.29160575223087 0.794800879555159
0.349219902693596 0.768919406372448
0.324525179140065 0.780022614445066
0.325598241441097 0.779541463700783
0.339892732224936 0.773114274992047
0.392296287854681 0.749538765319105
0.351337689135973 0.767968008938511
0.341449519594917 0.772422172788559
0.348055001516549 0.76944327340114
0.320482358205977 0.781838568804583
0.322654650673219 0.78086381040835
0.282697191459303 0.798799719977673
0.28632761896748 0.797171689964825
0.343201044026831 0.77162634223668
0.293684504559125 0.793867732555778
0.313712466745327 0.784877659003712
0.317653272416071 0.783109709293847
0.344248784697964 0.771155573799269
0.339249096214324 0.773405193860976
0.37359017481076 0.757964570096792
0.340721728215688 0.772746635655837
0.328303902455354 0.778323629413865
0.31967262757142 0.782200068975535
0.348777405208404 0.769123450180827
0.287483503421914 0.796652558547968
0.313628597125775 0.784915170745499
0.287011848068666 0.79686351077504
0.375562395128391 0.757075407293977
0.310994121013198 0.786099430575834
0.380545458781016 0.754829947572481
0.396619988213332 0.74758337215116
0.383629340689787 0.753440782786939
0.374311234159295 0.757632357878626
0.273357459294905 0.802989693826299
0.337086344775345 0.774381297676873
0.392199863709652 0.749577547271002
0.277408209572647 0.801173027519297
0.280928961091619 0.799594349913076
0.277507404040396 0.801127775661481
0.351537333039067 0.767880379622801
0.295248899744105 0.793167342852254
0.277722469018633 0.801031770809172
0.39017268963548 0.750502533948902
0.386946342926342 0.751947823955074
0.329064187853503 0.777983809332464
0.334957901298909 0.775337823847335
0.274356018004645 0.802542348318344
0.284335115662419 0.798064407293601
0.279466600506407 0.800249083635049
0.304808830181559 0.788876793209522
0.346399101538042 0.770194597394438
0.323658112084261 0.780411573369222
0.343216569680155 0.771622579371202
0.381474570813664 0.754410950985291
0.337515957888199 0.774184274659806
0.275548456316016 0.80200655581713
0.273357459294905 0.802989693826299
0.279612618681613 0.800183142841258
0.395793965972298 0.747959530090599
0.280043048011068 0.799990015307028
0.291546400952565 0.794828191917114
0.28341310946844 0.798477879058549
0.298846752437076 0.791551905233581
0.279814514855389 0.800092523969388
0.338156528653798 0.773899479892644
0.326567199922099 0.779102499500634
0.272547353713048 0.803352875616449
0.285363580438222 0.797602972551547
0.371832697523373 0.758755974111737
0.279927703053735 0.80004173770333
0.365906502995878 0.761424138268205
0.346730779140387 0.770038806044169
0.286095046788497 0.797275238511726
0.311812074866485 0.785734528120603
0.322003534849561 0.781155503409113
0.278153390928367 0.800838288989203
0.272536640928414 0.803357681671874
0.290935832755917 0.795102118134918
0.305057440971721 0.788763887678344
0.309314458154109 0.786855525435498
0.284582769467427 0.797953860166182
0.378060870349495 0.755948848465813
0.370648669977491 0.759282218889291
0.382397691175479 0.753996438549127
0.377718708923139 0.756105331464683
0.371099596702022 0.759081234064018
0.370894339269145 0.759173204305146
0.390224715000826 0.750469744464387
0.331451014490533 0.77691187299807
0.349370569078352 0.768858912058024
0.359927669688426 0.764112329438746
0.358605309304116 0.764701813057493
0.391359971749347 0.749959434347832
0.339590446576188 0.773250805684812
0.374063118841036 0.757749460997885
0.392358112755439 0.749514889341121
0.392874883469867 0.749278355990009
0.390228481304395 0.750468614921524
0.394200734585195 0.748681628861661
0.318328100403471 0.782805000470664
0.395277154227894 0.74819718187089
0.368803772102258 0.760114268881721
0.387348885934108 0.751760713354503
0.390996863184997 0.750124650010289
0.392523830948234 0.74943688209026
0.374383937696398 0.757604942413616
0.32237327089482 0.780987558887345
0.393197125945917 0.749133419833668
0.388965628949065 0.751043588350498
0.375646191935054 0.757034511351595
0.322365946060612 0.780991677008774
0.314733857192299 0.78441911787143
0.33290054779055 0.776260201648387
0.333514881119383 0.775984211552574
0.339112530212065 0.773469806428317
0.281639892985163 0.799274146915226
0.302273382471408 0.790014740030775
0.333559874748711 0.775962582562863
0.291828301639401 0.794702941519104
0.333214709793034 0.776119262511733
0.270741220843443 0.804164153133967
0.330308750522148 0.777423951008258
0.357881601784738 0.765030954209039
0.270758534105493 0.804156389869899
0.334135370501071 0.775703637836
0.330787005631238 0.777210169343381
0.321169573709041 0.781529158444295
0.286519136732882 0.797085456885106
0.337934268467352 0.773995660601869
0.27259538695301 0.803332164677782
0.326538598665561 0.779117231483561
0.38577540901153 0.75247569603043
0.285374254565626 0.797598092836856
0.373370734648812 0.758059877080754
0.326379324525767 0.779189293726223
0.327864022569714 0.778524019343297
0.304788353819903 0.78888741781607
0.300919152700908 0.790620519839208
0.273637808421187 0.802864940184656
0.334769922427356 0.775416539022385
0.282970024842532 0.798676806679661
0.307527708825538 0.787653572684543
0.3123747196416 0.785476877637861
0.292887220467306 0.794226970913027
0.293719932198784 0.793853992234886
0.316728063022289 0.783521137470395
0.330257500621711 0.777445017989628
0.312959360761145 0.785216743321591
0.319632311993809 0.782219163458101
0.273852482366678 0.802768346811998
0.294584948256661 0.793463043806018
0.29811082957378 0.791880759418632
0.293679171547707 0.7938725006382
0.28085052032361 0.799628382173695
0.31634441832062 0.783696984510746
0.264782339619049 0.806836839602515
0.264588278727496 0.806923840594567
0.273252842809789 0.803038199414303
0.280905425382256 0.799603696900073
0.278520414271172 0.800674085495323
0.270195129657446 0.804409315077029
0.35257354314047 0.767421263095725
0.327693107282817 0.778600395833852
0.364514653809423 0.762040474149026
0.285582892708276 0.797504540888272
0.301943561281379 0.790161462636514
0.295400194359794 0.793097397137133
0.265006560464744 0.806736237865652
0.340186636749569 0.772986204364542
0.289897800717884 0.795568709183835
0.39399031500957 0.748777509748253
0.303328149155818 0.789539485968248
0.396238914179616 0.747763605262445
0.335718169937044 0.774995972702378
0.29273108730367 0.794297297759454
0.299336839666361 0.791330264152615
0.288113133072201 0.796368618627826
0.297178211196997 0.79230124459037
0.264594147404187 0.806921220280005
0.285126344694633 0.797709478564292
0.334094638629702 0.775725417494779
0.312793855298449 0.785290488952985
0.269492361586245 0.80472393869563
0.33526560715518 0.775195188237216
0.302560272551926 0.789885361497793
0.263357222374447 0.80747591128712
0.290890612844213 0.795122814105688
0.296255037190314 0.792715398995691
0.285380602455154 0.797595248879784
0.302740297832954 0.789803378978247
0.302844180370094 0.789757939846643
0.341462152704017 0.772411497372149
0.263360213802479 0.807474569521015
0.27268814451789 0.803290412455967
0.263421966075321 0.807446869230154
0.27589428200616 0.801851561570102
0.266221771793906 0.80619105074598
0.295612057869229 0.793003741786298
0.287202086235554 0.796778972599585
0.282385158537666 0.798939466992969
0.263273373751851 0.807513524946731
0.287227202337205 0.796767640465131
0.292585939393489 0.794362629495097
0.393779685335354 0.748873790595712
0.262932043017318 0.807666609385432
0.288855801243924 0.796035125730428
0.295441316233261 0.793079999785121
0.270475555151528 0.80428295446797
0.285012344039238 0.797760374434604
0.31205243472515 0.785623324837141
0.268288574788242 0.805264533899431
0.352493138046377 0.767457395519128
0.284043052983325 0.798195701179865
0.285463024127759 0.797559850111754
0.272371461326974 0.803433568023909
0.2629066987178 0.807677977957733
0.312803597584524 0.785285678366836
0.288855801243924 0.796035125730428
0.266595571691162 0.806023302903743
0.266458479959265 0.806085032872498
0.263091511960807 0.807595076712397
0.339812972434344 0.773154398297331
0.28902744510788 0.795957967750199
0.266025994848095 0.806278659244187
0.263298764168843 0.807502071068923
0.266606723075398 0.806018357768592
0.285468542831035 0.79755585274666
0.335968332532583 0.774878122318805
0.321332358133442 0.781456527304125
0.340711278314837 0.772750901457326
0.281568112859125 0.799306668750496
0.388973101995011 0.751040860722601
0.266058223908576 0.806264587721147
0.397131478258662 0.747356333019581
0.2629066987178 0.807677977957733
0.365466054149131 0.761617386173458
0.31306896702331 0.785167914279055
0.396600664895857 0.747595768016843
0.313464418711598 0.784987943161346
0.281408479320847 0.799378556879773
0.288496112427001 0.796197020055555
0.264594677327761 0.806920978176347
0.266106154645801 0.806242931382488
0.266155888147018 0.806220601772471
0.268836189789123 0.805018240962296
0.298149344460276 0.791866271851554
0.266255844474524 0.806175767192729
0.283847236045365 0.798284085905983
0.335246734283528 0.775203797547627
0.26203285399229 0.80806992681633
0.348724056589155 0.769147507559347
0.391443524892432 0.749926608099333
0.365465429937348 0.761617691914252
0.334982394949081 0.77532237111358
0.285186709018213 0.797682290704452
0.318003136162334 0.782950419016401
0.274986276447267 0.802260148575182
0.357383520175063 0.765254130117607
0.288811505690065 0.79605591842533
0.277115152151888 0.801304251025736
0.267636540340152 0.805556689855276
0.361310825068742 0.763483924075959
0.287318990427281 0.796724888756807
0.292216019913216 0.794526926375152
0.292581423749862 0.79436493621973
0.2614251279657 0.808342492738074
0.335760011893126 0.774974761193005
0.288648533753268 0.796129084636988
0.387415321727134 0.75173951459445
0.261801050528027 0.8081738966733
0.292626540491944 0.794345106960527
0.266255844474524 0.806175767192729
0.266300263230894 0.806155839186713
0.261324857982601 0.808387466355309
0.265743380927365 0.806405659433783
0.269407689775005 0.804762539803958
0.30943972534102 0.786795603475509
0.365480666727995 0.761610602097755
0.304082632430233 0.78920066085026
0.268466495134255 0.805184801953309
0.271318344226006 0.803904713195675
0.296540964344837 0.792585928302884
0.265922402654586 0.806325349268722
0.335583491729077 0.775054020520057
0.333132621746272 0.776152979910651
0.273670755034693 0.802848968894701
0.262008284464316 0.808080957615532
0.262381514018416 0.807913554677692
0.388980566961966 0.751026232896747
0.266153035077748 0.806221967265796
0.299867438291993 0.791095365915361
0.293078066865851 0.794140289283413
0.279268119205376 0.800339263563655
0.30492903860374 0.78882102125696
0.290861014063915 0.795136910674645
0.312538485231488 0.785403964989578
0.36896773241118 0.76004082417563
0.295131601008709 0.793220104589578
0.266988022746459 0.805847506810175
0.265440514060078 0.806541513626398
0.319419234722357 0.782313275890303
0.375619646788203 0.757049330165011
0.328136980479123 0.778400188844983
0.261631473443142 0.80824997669843
0.299434195844889 0.791288281042537
0.293784559159836 0.79382310045197
0.310725151026306 0.786219872998017
0.330564477393051 0.777305732793793
0.312546808291684 0.785400228653488
0.328136980479123 0.778400188844983
0.265551904724184 0.806491628514266
0.26535104075102 0.806581637875296
0.325919010801456 0.779396015820691
0.31755733868846 0.78314971030135
0.290016630637417 0.795514905655145
0.28396440026911 0.798231754451847
0.394166272955587 0.748694707359871
0.306126954597626 0.788282144163049
0.297271725526876 0.792259115988406
0.320339688822607 0.781904940492787
0.300044546529093 0.791014248784806
0.297380712084987 0.792210113499043
0.298352821086204 0.791773910167006
0.302796386490716 0.789778162949699
0.297380712084987 0.792210113499043
0.299851801197555 0.791100118205527
0.297456629749465 0.792176047650922
0.317499835444549 0.783176752066478
0.297663809093056 0.792083815897855
0.306273626837732 0.788217622683097
0.297396261217309 0.792202098727145
0.291427201628042 0.794881590711289
0.291561606478003 0.794821348111552
0.326432057393249 0.77916563731744
0.281985940362256 0.799118840930774
0.303112823492788 0.789636154981741
0.281985940362256 0.799118840930774
0.286763718387535 0.796975120148514
0.321981884625966 0.781163323168824
0.295450856614735 0.793077117411101
0.289322816984478 0.795826554175751
0.282046409992789 0.799091688068085
0.344460328755073 0.771063159274133
0.296521507745734 0.792595327998405
0.317499835444549 0.783176752066478
0.328464062323448 0.778253024251457
0.29223739466879 0.794518904606849
0.297707293135866 0.792063304936368
0.291097970970414 0.795029176801309
0.295595045489941 0.79301181381621
0.282091397362417 0.799071519998721
0.281985940362256 0.799118840930774
0.356116977453043 0.765825867845842
0.322836282071911 0.780778997227906
0.2821122626641 0.799062200210109
0.302993780761727 0.789689340263513
0.339655674115865 0.77322422021582
0.368027920075193 0.760464867891016
0.342467537070121 0.771959387391059
0.317447496502799 0.783200177257612
0.317615734465119 0.783124664866766
0.299216011203987 0.791385658265326
0.292635161280393 0.794340497136082
0.327643269474168 0.778621779950382
0.285410545467613 0.797582597389664
0.284450820904325 0.798012484874303
0.296983328841715 0.792388825990553
0.30127555593224 0.790462440137658
0.29913720671258 0.791421944432441
0.272835455279759 0.803224328712333
0.318929796750608 0.782534047122322
0.304375101888773 0.78906963025036
0.306402269591657 0.788159239171454
0.285107289826731 0.797717930457039
0.286338961563822 0.797165191376997
0.327289274765159 0.778781181279689
0.291254975220885 0.794959783243067
0.302251121595737 0.790023881028647
0.28427000458476 0.798094446320081
0.312853689548024 0.785263348635338
0.294837578656032 0.793351748653876
0.292635161280393 0.794340497136082
0.272835455279759 0.803224328712333
0.331907188087737 0.776707475679361
0.3277907161315 0.778557019321007
0.30654029509081 0.788097959226849
0.302513267798659 0.78990649293509
0.298022801660818 0.791922155142606
0.28281649926513 0.798746752514061
0.272324342305101 0.803453501726052
0.292455221587928 0.794421173331473
0.30434193444558 0.789083897290044
0.272575890072173 0.803340543696064
0.297690360109097 0.792073535593798
0.29599577259346 0.792832901733704
0.284897902797367 0.797813005442272
0.909894731178645 0.200507943324607
0.281080901617573 0.799524586881036
0.276480888997218 0.801588258603147
0.281187645868456 0.799477150731002
0.297690360109097 0.792073535593798
0.283451379580972 0.79846096555334
0.283405693932073 0.798481302701572
0.917272090112259 0.188626995473603
0.323269638250502 0.780585902764078
0.32627910259207 0.779236296065327
0.302085318931409 0.790098292450914
0.37990206771815 0.755115153929148
0.313270058968145 0.78507458766134
0.341685057967339 0.772309985849335
0.346971026219501 0.769934321305003
0.343131383131354 0.771662128682072
0.344121876301022 0.771214613132205
0.339182411662528 0.77343478054496
0.341708903339307 0.772298082903006
0.369021736081655 0.760012382258075
0.337106462489394 0.774370340495126
0.342610746914662 0.771892626491562
0.363365154626674 0.762563166449101
0.357019809938419 0.765419025369062
0.294025737191655 0.793714254450975
0.374858768986833 0.757386546950755
0.304983506027233 0.788797730322847
0.296073205796417 0.792797181112386
0.303317038095175 0.789544440633843
0.295161584920488 0.793205356278393
0.309390904627378 0.786819070829398
0.346311230865766 0.770231077235958
0.305081401703342 0.788753770569333
0.29672336530725 0.792504320492263
0.29981910084389 0.791114711766602
0.303271204069138 0.789566638672351
0.291706982471567 0.794758339798304
0.294383326533191 0.793554706085124
0.286641987845385 0.79702851392456
0.296804101151691 0.79246903251436
0.295543501832944 0.793033987294817
0.295616696412638 0.793001212507608
0.366276456968012 0.761251384171435
0.285576260196197 0.797507964572261
0.283376970464808 0.79849500093642
0.308729985721873 0.787115724162984
0.314847227984532 0.784370474396056
0.28427267840882 0.798093233488462
0.291706982471567 0.794758339798304
0.313203143838618 0.785106405600088
0.283376970464808 0.79849500093642
0.871431934333368 0.262372239445612
0.299850765046951 0.791101488707378
0.30123407824005 0.790480632594515
0.186314043906224 0.87848087998479
0.184360184981295 0.879484728416201
0.183472742231978 0.879940682891456
0.18482679819297 0.879246253379016
0.188602714476809 0.877309238249371
0.225909231840551 0.858133487265461
0.212598288533328 0.86497653212989
0.173522089353759 0.885052775210868
0.187148187604872 0.878053862552335
0.227672386821406 0.857222336987018
0.188234053703592 0.877495054868785
0.212598288533328 0.86497653212989
0.226742069947365 0.857700172228537
0.207834018062289 0.867424245788598
0.178681596720063 0.88240302964196
0.231400889005028 0.855305959291747
0.219767121462398 0.861285560048065
0.191214214678649 0.87596540029365
0.229123824387087 0.856478535469194
0.239787789148099 0.851001876779297
0.179048963287793 0.882213244545016
0.18907994033501 0.877062068902623
0.182180159790497 0.880606892218959
0.194582255859025 0.874235353107361
0.167742234730176 0.888021502375244
0.180462875906594 0.881488402757973
0.248742190953541 0.846392248110233
0.179575673737887 0.881944338556073
0.182631382195116 0.880374279286359
0.22941260888337 0.856336153522296
0.218752884259526 0.861811657292368
0.175954281168804 0.883804049033366
0.218706515119297 0.861844481347726
0.228860440002795 0.85661678526796
0.217839808347623 0.862285227323345
0.219072545107954 0.861653558930985
0.190055955419181 0.876560038832807
0.167742234730176 0.888021502375244
0.180962635518302 0.881231477790961
0.180245488037467 0.88159853074206
0.182453589774508 0.88046793413365
0.23885482814013 0.851470786774503
0.181737646767456 0.880833838747832
0.216594061954214 0.862929078348344
0.194772603583366 0.874135800709725
0.181974640427939 0.880713023022746
0.173308459329012 0.885162469182869
0.197079128019318 0.872949324776947
0.201283918669507 0.870797998135324
0.171820469274005 0.885926879921563
0.232496655238607 0.854752778511864
0.207069086022339 0.867814426199332
0.178774417415606 0.882357699246809
0.223805621167241 0.85922102060023
0.246538397025885 0.84753135519956
0.168255256130425 0.887757501823575
0.198708682571413 0.872114942407432
0.21037260696985 0.866121840587679
0.2057548111953 0.868497012207681
0.252166377432648 0.844632932264992
0.212297016064727 0.86514014570741
0.174058727554081 0.884778528770633
0.21037260696985 0.866121840587679
0.205637344699191 0.868557762492355
0.210035197840581 0.866294626427856
0.200536650838323 0.871175685314152
0.237565372371574 0.852141968908194
0.191784685731524 0.87566944769353
0.183472742231978 0.879940682891456
0.195352278572388 0.873838463130874
0.21037260696985 0.866121840587679
0.15944638933524 0.892281457140422
0.208298423212613 0.867193203571711
0.233183870409356 0.854399312586051
0.197339979157819 0.872820670260565
0.183970241730185 0.879684878260268
0.232249887820938 0.854881760016085
0.235008340478565 0.853467273782399
0.16541655133722 0.889215368016546
0.226938559289922 0.85760712274351
0.229683047658066 0.856191959959959
0.175934569413921 0.883814889191001
0.18909185581143 0.877055763061864
0.169982487713455 0.886871145231735
0.180111741563051 0.881666574231076
0.240254340403046 0.850757235667919
0.171083655047909 0.886304080670151
0.163652263399024 0.890121251498386
0.16541655133722 0.889215368016546
0.173508692215401 0.885059655873525
0.178531638585771 0.88248036825768
0.22724232340629 0.857445620908116
0.187986740443328 0.877623973894509
0.185391494114954 0.878954853122593
0.172242346430323 0.8857114746361
0.2105226087326 0.866044625529694
0.223609653069795 0.859319731886661
0.18263445407336 0.880371627747634
0.22687621130691 0.857633853641485
0.229105501453775 0.856495369575013
0.2057548111953 0.868497012207681
0.15939056166496 0.892310126331325
0.210372667271194 0.866121809615491
0.166535871930279 0.888640598762253
0.180929565859541 0.881247229129002
0.178277421646228 0.882608689639939
0.214616477268445 0.8639410512641
0.164570424200873 0.889650613229981
0.17809539404325 0.882706525724408
0.180571393167816 0.881430627068957
0.178262541956631 0.882620824791261
0.171127894379754 0.886282210941037
0.196665250920756 0.873167225167617
0.207888442992166 0.867394690921468
0.210120436342287 0.866255381927763
0.186410943232473 0.878435218293479
0.183197651595787 0.880081997250691
0.176278185631123 0.883636574062461
0.173522089353759 0.885052775210868
0.256178487817153 0.842567610651304
0.255325130969968 0.843012671964843
0.216165361357671 0.863152569778701
0.159130112891625 0.892444104086577
0.160991319798074 0.891488222924647
0.168082853615631 0.887846931367793
0.173522089353759 0.885052775210868
0.182622581158483 0.880380193663328
0.169449981830397 0.8871446406167
0.176139051305109 0.883708691333992
0.168288234084834 0.887740892256955
0.188026698602214 0.877600275585707
0.212759853348946 0.864891463319207
0.209955100315201 0.866337459813023
0.192980537607411 0.875060332016815
0.176422136952724 0.883563705053815
0.164744397213072 0.889561420483502
0.192566856414531 0.875271188097038
0.164577008106567 0.889647227565004
0.180537957354542 0.88144800607304
0.172663948753595 0.885493682186417
0.17715449107941 0.883186330877399
0.182776542295657 0.880299724587814
0.207900312696007 0.867389568395683
0.18031021068205 0.881566328868979
0.187631785018059 0.877806615586703
0.202793819800587 0.870021865154888
0.197246646206616 0.872865515094783
0.165227060105347 0.889313127608381
0.186909021098496 0.878175300272197
0.16036350783805 0.89181070799733
0.221042179580645 0.860640004009818
0.185100566204694 0.879106469274035
0.182365228285815 0.880511189784351
0.168374064957009 0.887696872715636
0.190635537049266 0.876264528114569
0.255830525572903 0.842738869769241
0.180753707581315 0.881336321042028
0.172717046495895 0.885466292083212
0.191754466795644 0.87568645663268
0.197627126617175 0.872670876697081
0.234492459056134 0.853726193849794
0.178969462792346 0.882254082488844
0.242371253110774 0.849680208925198
0.194177979305154 0.874441656973869
0.197508908635405 0.872728401075561
0.250282393291241 0.845598036394084
0.164595145990416 0.889637914067821
0.189910900784142 0.87663389635226
0.168621976969436 0.887569560979393
0.19127352654798 0.875933531324285
0.199874669986789 0.871519234665685
0.25269905588301 0.844354896038657
0.191947093080832 0.875588428596815
0.163640557997351 0.890128107753833
0.190668835692984 0.876242333460552
0.210873030298316 0.865870168746614
0.190257611924851 0.87645774316861
0.162593602192641 0.890665391811055
0.172557734016315 0.885548103567753
0.18319306835897 0.880084351673325
0.176020754544123 0.883769765020506
0.239709262308002 0.851033212742209
0.206134215335133 0.868297056268516
0.197913583394857 0.872526281212206
0.184025802901752 0.879658781350868
0.177842557600986 0.882835592739542
0.180262837678164 0.881590602771272
0.175863946206627 0.883849142334453
0.210168614693701 0.866230634718892
0.191088735024692 0.876030574228393
0.168074665032976 0.887850955586735
0.168374168423384 0.887696819551311
0.180936096633592 0.8812440659654
0.172255459826927 0.885703564492409
0.204604486152477 0.869080488748039
0.203150828987082 0.869830051273403
0.164990794475763 0.889435268408548
0.180185338945019 0.881628792043071
0.190334452042855 0.876420219607554
0.160243538620567 0.891872425973803
0.201283918669507 0.870797998135324
0.202819336826032 0.870002302704922
0.17831422278717 0.882590555642832
0.176043795838309 0.883759376014241
0.178286080743151 0.882605024927155
0.192088535672567 0.875513939471105
0.207364294690952 0.867666158015522
0.199767155476621 0.871570652985679
0.187114153065021 0.878071330619776
0.195353801092927 0.873837666437913
0.190088870887896 0.87654210880519
0.213445090035076 0.86454169983508
0.219389784117386 0.861494333654876
0.179286144401947 0.882090278299365
0.197355182826541 0.87281040066438
0.167294112006443 0.888250964153492
0.185563408193425 0.878868524590746
0.21029837459102 0.866153048519819
0.187334462566766 0.877961161376316
0.159136676710468 0.892440673191381
0.168253442870745 0.887758752512296
0.206243422674662 0.868243480571519
0.178334256750873 0.882580257720249
0.186626138776892 0.878322549645946
0.189071629776613 0.877063532253836
0.173479410389825 0.885074710451228
0.226811687768512 0.857667330990036
0.183680393949889 0.879834884324923
0.176334479746533 0.883607397594288
0.210191150704636 0.866213597696505
0.187911534852287 0.877661048462348
0.167808677396228 0.887987392852351
0.171337029592054 0.886174388164639
0.231177541908359 0.855427076371761
0.236480413851981 0.852701600832999
0.158938273412382 0.892542559141693
0.236732542802239 0.852572321727009
0.222498035099938 0.859892023107016
0.18338752496054 0.879986984833289
0.176537661796985 0.883504613230244
0.207382279651702 0.867662303893607
0.205935403838957 0.868402713411872
0.185011791076305 0.879155290013654
0.174859713800588 0.884366414478234
0.160686991785983 0.891644499949378
0.168842496345795 0.887455771549652
0.215485980236418 0.863496380768176
0.174538885418623 0.884531115440159
0.15891654374521 0.892553744105166
0.168637494399608 0.887561831289036
0.151841231943104 0.89618687155458
0.179744649919854 0.881858067566114
0.167630568881788 0.888079106169284
0.184104667692295 0.879617362473491
0.171608928322212 0.886035427821741
0.17263865725133 0.885506950478021
0.193158467605453 0.87497151016336
0.189002262438197 0.877103056233701
0.174292259254373 0.884657750231756
0.232058594932851 0.854976346344443
0.177068048421436 0.883231248334362
0.178590243203357 0.882450938872039
0.152760730821248 0.895714706266521
0.176744815262535 0.883397571008773
0.19037672160047 0.876392976509735
0.201004648464925 0.870937980783088
0.236923363806231 0.852475720846719
0.158980268024642 0.892521011263276
0.181519978884573 0.880946601690275
0.193776278239851 0.874652064870535
0.181823436998938 0.880790097185137
0.177485252090316 0.88301665969211
0.208927632189645 0.866875573088009
0.162453468919276 0.890736918512869
0.194278673833973 0.874390659292264
0.164407805001963 0.889733966314552
0.167684182589358 0.888051259759283
0.210485240299333 0.866068054419279
0.218577891290818 0.861914562298959
0.187224742250407 0.87801422655451
0.179800145187042 0.881826378691135
0.162742438427764 0.89058909088817
0.182262588407653 0.880563386328412
0.16312964581705 0.890390229292103
0.172709247157157 0.885470297710903
0.197544880861971 0.872718070049531
0.193277318355455 0.874910326083899
0.166996261872065 0.888403852714118
0.15215492718757 0.896025770190738
0.231069623804545 0.855484443150423
0.177748049777415 0.882881600050748
0.178171343926648 0.882664308954027
0.182619015835591 0.880381294579782
0.166702702089646 0.888554832946741
0.152406001583078 0.895896807227653
0.188814380054836 0.877196271872437
0.195489526636297 0.873770506870429
0.207442018298205 0.867631171186343
0.193704251637768 0.874688689942789
0.174571902255046 0.884514087595422
0.167279235814211 0.88825880076518
0.171252564180013 0.886218057719642
0.168473909314406 0.887646278882065
0.172250115101306 0.885706918713516
0.17728212003564 0.883121069385219
0.180221838525968 0.881612259336896
0.170491392130144 0.886609197566988
0.159300941177043 0.892356329421441
0.191595220162341 0.875769329096038
0.168020099306953 0.887878987299113
0.158873587610592 0.89257580730972
0.159708817510901 0.892146845609661
0.210485240299333 0.866068054419279
0.181245142276986 0.881086800833491
0.213573019269477 0.864480095965482
0.186144277198978 0.878571510387588
0.191354422019148 0.875893058205614
0.238446802113244 0.851687054091063
0.194196364421309 0.874432791695196
0.157750850450295 0.89315212068942
0.180912326502766 0.881257793041324
0.213532433496745 0.86449485058771
0.177098332533485 0.883215411184581
0.182407923908789 0.880489499839173
0.247831061556733 0.846872954508031
0.18906899657598 0.877070341489455
0.188185439159374 0.877524603534765
0.164007920699803 0.889939500519978
0.172717046495895 0.885466292083212
0.210026698776068 0.866303038952426
0.190240195851395 0.876468430796753
0.179889694175254 0.881784645634968
0.158469838748691 0.892782851688162
0.241320003444526 0.850218858210113
0.164533376834584 0.889670848390679
0.189675702045804 0.876753935715964
0.183376843467872 0.879993794683033
0.161989927662112 0.890975624568618
0.201571077729694 0.870642921763123
0.168784190049957 0.887486250835216
0.23928675040369 0.851263078352921
0.199845525347831 0.87153096688902
0.164253825415706 0.889813186026807
0.1889690309605 0.877121310429921
0.180325195606939 0.881559459760104
0.173527709304158 0.885049859564634
0.241976880677164 0.849876072775557
0.179895180015753 0.881781931759058
0.165993089241694 0.888919612219684
0.219001157029743 0.861690281034776
0.177764759212599 0.882873209768682
0.205343664921914 0.868708437532003
0.151841231943104 0.89618687155458
0.167506419371591 0.888142628138181
0.162709405232418 0.890606279907687
0.161210989384345 0.891375008004824
0.190118281000387 0.876529101417679
0.228506121677122 0.856801226962587
0.175738137742722 0.883915509823028
0.198861622678947 0.8720371288828
0.214366600569971 0.864075636359135
0.16878418315426 0.887486254378245
0.151841231943104 0.89618687155458
0.179360974117925 0.88205520342603
0.224219405036561 0.859001982179636
0.219040651800591 0.861664388735601
0.151960461264123 0.896125642868744
0.171667777058589 0.886005948432243
0.175528419506525 0.884022033845214
0.152028546738473 0.896090681029336
0.176709300858224 0.883415277331361
0.226860121951199 0.857646790040016
0.250511519229876 0.845476760534168
0.187988272393403 0.877621401841111
0.168385431725658 0.887691322860242
0.202732972696124 0.870046705450945
0.183911417269737 0.87971646085174
0.167742874202817 0.8880211743388
0.247247441188403 0.84717241133973
0.185364925871642 0.878969538758479
0.233346748936482 0.854306515344903
0.176103504557052 0.883725418674587
0.203505789179533 0.869653130782242
0.170206459664399 0.886757190292319
0.167106474684883 0.888348225154073
0.21631675249881 0.863064347945687
0.159449806713459 0.892279720356444
0.159614483627687 0.892195497800786
0.237250129970082 0.852302508897113
0.217085987411021 0.862668119124552
0.210806546318044 0.865901552832019
0.188935953122411 0.87714007096451
0.216542815719486 0.86294755191232
0.178104886474963 0.882698242347789
0.162392135588054 0.890768643818963
0.240524916600289 0.85063575976895
0.227828503633188 0.857139786359386
0.171382421165524 0.886151015750532
0.236201767168027 0.852847425079227
0.227411347066482 0.857362380919972
0.206785234070268 0.867966557445637
0.199514175108204 0.871699321531166
0.192577674295595 0.87526831601334
0.205109754650645 0.868822100419368
0.229785468065337 0.856150570453691
0.245105028048704 0.848256864020812
0.177418774902675 0.883050026794212
0.159539129164109 0.892234388451713
0.253708054878906 0.843837598353456
0.22266237289439 0.859804885781769
0.182083273032566 0.880652646223887
0.177724061192071 0.882892991557304
0.186576126644052 0.878349795753314
0.151868153208429 0.896173046967198
0.243846128312897 0.848907723254878
0.199152419642951 0.871892514560687
0.203144056547023 0.869838073120653
0.172342838772223 0.885658233970517
0.197764118452016 0.872599238948558
0.225368419518439 0.858414507853384
0.191261860700191 0.875941740086536
0.162997127622869 0.890457892297679
0.173431542804163 0.885099196514141
0.253936148056489 0.843715275873029
0.17868964992004 0.88239700426624
0.153923465911267 0.89511769681769
0.242696457345696 0.849511285009371
0.178041279131419 0.882732328058966
0.189293741813332 0.87695330881173
0.178557831529768 0.882466335519947
0.174803390027451 0.88439472629736
0.178698936246693 0.882392356637619
0.151808249727426 0.896203808738338
0.157561016840754 0.893249655838673
0.178298825954729 0.882597786038821
0.239228543596383 0.851294312981387
0.190060216045797 0.876558008715065
0.186887602468262 0.878188313000641
0.168323055665079 0.88772277953922
0.209862687858151 0.866386461677877
0.244289746800196 0.848679315480798
0.170162325050062 0.886778141354887
0.178058503301344 0.882721896561092
0.175464225594829 0.884055430625029
0.178927746846867 0.882277566276057
0.21327832303602 0.864630988948198
0.17224895067657 0.885708782689335
0.203389039437166 0.86971435208869
0.187305432100664 0.87797301375082
0.208255903448731 0.867205532948291
0.175796353838356 0.883884593319425
0.202882935198812 0.869973148347578
0.18500139586005 0.879159502195647
0.21440956588812 0.864048565534856
0.165033436030731 0.889412814353414
0.171128993359905 0.886281526301763
0.181180893770327 0.88112205684553
0.205233296563353 0.868764783271203
0.251036268079464 0.845212382148009
0.190236004347639 0.876469972420702
0.217863022236009 0.862274269617942
0.197992163577787 0.872487816001065
0.178698936246693 0.882392356637619
0.217678941380369 0.86236715811291
0.240526165030131 0.850632538903058
0.158166548091995 0.892938602082461
0.237845726091089 0.851991405991326
0.255419286722876 0.842957330003372
0.202136578148679 0.870353117427403
0.15980823175054 0.892095807329521
0.172292143667657 0.885684008583061
0.151794856865111 0.896210773835349
0.168739971779369 0.887508751303294
0.157287956144579 0.893389864963032
0.184167383442715 0.879583573550549
0.226020304542171 0.858075587709901
0.217865870163507 0.862266388128158
0.226683163419741 0.85773502616313
0.197725014973426 0.872629890755533
0.188835952679172 0.87718994974196
0.220923041731192 0.860700605555292
0.178152142922091 0.882676040777385
0.157476620619814 0.893293102504906
0.166470461005666 0.888675112617301
0.151628390834451 0.89629625225742
0.254032088561394 0.843668885689505
0.242821145530356 0.849432874767499
0.219612147858945 0.861366895067709
0.172577460755226 0.88553798065211
0.232659742795809 0.854661165510074
0.246285147620553 0.847658269750555
0.1562061702762 0.893945344045624
0.178957380301698 0.882262117060052
0.222019388037778 0.86013405962362
0.164541289426101 0.889664913855055
0.253672787112702 0.843852478515933
0.177305438868595 0.883109197165102
0.233655278640083 0.854160081172624
0.206111831217722 0.868310105966936
0.220774717561036 0.860776011494385
0.187416058715964 0.877919492774457
0.237176222928867 0.852335788176363
0.203266120147487 0.869771093214423
0.212895805532053 0.864826224590383
0.19349508269157 0.874792273000905
0.178411021062475 0.882543548440653
0.189330681696911 0.876932452329411
0.171142064135327 0.886274435934425
0.166962215619608 0.888421597336318
0.207390387219509 0.867658073403411
0.217475929521038 0.862467724209486
0.206328085097144 0.868195886984077
0.158815520855868 0.892605350078463
0.159691128786251 0.892155614785226
0.179649632534061 0.881905648334495
0.16970202940094 0.887014865495504
0.160838520960573 0.891566541829485
0.152090173932722 0.896059103285653
0.158600209073546 0.892716178921822
0.24196747440182 0.849877526723088
0.178698936246693 0.882392356637619
0.174161086445875 0.884724904775903
0.217911778719856 0.862244291443617
0.228531800906466 0.856784601945028
0.164541221006485 0.889664949005359
0.241977112581599 0.849869396669369
0.233659960479354 0.854156389758779
0.177956065960696 0.882776966049936
0.238680179888856 0.851565331528952
0.182677812630474 0.880355016616459
0.157699237017195 0.893178913738371
0.161955449484094 0.890993003043698
0.207204873838284 0.867752833017895
0.160360560726183 0.89181215204882
0.157481039297415 0.89329069927815
0.237657347045699 0.852091709760441
0.180821191200885 0.881307632638534
0.18206646596403 0.880664171611421
0.189685004495088 0.876753161038031
0.218220771066771 0.862083439592487
0.181352787126356 0.881029854579351
0.233010377430156 0.854494326561956
0.157816764601653 0.893118305930694
0.255023233129176 0.843159722578827
0.251868843092367 0.844782590227437
0.231095022894193 0.855478000054199
0.255721491615825 0.842797563210619
0.217639250189374 0.862387614893394
0.185480555126016 0.878914852208662
0.164562486573108 0.889654749968092
0.185819124446665 0.878737428638878
0.157287956144579 0.893389864963032
0.160356108290472 0.891814517289355
0.166910033358275 0.888448345771829
0.180235156301306 0.881605247752912
0.182409861431428 0.880488501389877
0.165018336229549 0.889421459674522
0.245264455138926 0.848189494383444
0.164505453371196 0.889683289527103
0.198489713466428 0.87223088130383
0.177988507240532 0.882757313841222
0.232067361810671 0.854961260334992
0.222987956443499 0.859638716450539
0.178372349113322 0.882563286312317
0.236430981447981 0.852728692318815
0.202413993395469 0.870212005346959
0.16852781729233 0.887617838841857
0.22266237289439 0.859804885781769
0.175771371047237 0.883897593855663
0.209755663186229 0.866435892009262
0.198306473580362 0.872320298575955
0.168508096420731 0.887628175085475
0.168001234876088 0.887888434447831
0.214168456055468 0.864173207562489
0.174958536748877 0.884316606368698
0.215301922293192 0.863589190019279
0.162153793218813 0.890890655984237
0.164776594001689 0.889544810304957
0.178685004795935 0.882399515821597
0.244311837466491 0.848669685641628
0.173331615786863 0.885152875338046
0.186345169132921 0.878466110923165
0.191001621830315 0.876076024160587
0.169524358788644 0.887106290789972
0.186725916884412 0.878272783160361
0.222918897441867 0.85967612627253
0.16481020349488 0.88952751279417
0.19660688327613 0.873199090803848
0.192142620711779 0.87548611009191
0.167962390276786 0.887909581137936
0.202581574333326 0.870123805222705
0.216801753939874 0.86281100331145
0.167017483344403 0.888394322022746
0.237126905327066 0.852362310756162
0.229956064521234 0.85605127249081
0.182600596480256 0.880390554154811
0.153366219256892 0.895403866739965
0.219213186583814 0.861574567955049
0.185626544194998 0.878839573868075
0.187701870856011 0.877772312837993
0.161951389345797 0.890994679312093
0.176677956737211 0.883430304926331
0.171639773686837 0.886020789139241
0.185024148648925 0.87914617949414
0.161379225185784 0.891288604865645
0.179561549764557 0.881952421062486
0.170488642744443 0.886610443272057
0.190104228371161 0.876532932343442
0.205693291399049 0.868528529063622
0.180336934238682 0.88155528095388
0.221910129429851 0.860196439202219
0.158064755679048 0.89299115863739
0.189358475879194 0.876920901069534
0.250600381610112 0.845458600743254
0.237503676486686 0.852176693288729
0.227468453190698 0.857327876515532
0.174824898972099 0.884385289505753
0.224857724965047 0.858674171546951
0.183562131700889 0.879900296307129
0.152440533024863 0.895879168639262
0.239578820165459 0.85110267922213
0.237213499256838 0.85232669858267
0.175884969570884 0.883839739357621
0.165641813685373 0.889099967259127
0.190523925589628 0.876317140274365
0.23777568880005 0.852040276163583
0.247171375332565 0.847190741703381
0.237696031547195 0.85207900308784
0.162831154931634 0.890543178327945
0.176974549266458 0.883281676090997
0.17011539775727 0.886802137361722
0.212987105245355 0.86478068974441
0.194802400076866 0.874118687084829
0.156763003418186 0.89365946215477
0.188088681034012 0.877569788258088
0.214064633584572 0.86422459558065
0.182705792348101 0.880336527076825
0.213212328362254 0.864660273504755
0.182409861431428 0.880488501389877
0.225549118349056 0.85832390794385
0.177267275416229 0.883129906223877
0.194232280175335 0.874414732511673
0.222361377389261 0.859962840014645
0.240532880351721 0.850613255471484
0.191104220664642 0.876020522867322
0.182890426524476 0.88024156511192
0.183762672865095 0.87979001684895
0.21026854707204 0.866173565403961
0.180249535661503 0.881597868780795
0.20918620222312 0.866733364876781
0.174328230611766 0.884640088377678
0.19644925979212 0.873275182848547
0.214782003175726 0.863852897363881
0.162457964951891 0.890735311623733
0.202132350133402 0.870355559972436
0.371993869346169 0.758682262595941
0.31026034036003 0.786427248696904
0.385458082308964 0.752617935232845
0.288295915569507 0.796288816273441
0.336187080662924 0.774779918582101
0.348333232657893 0.769324966495835
0.358613871767005 0.764701326855581
0.303710458431924 0.789367872653321
0.336605996388542 0.77459631307018
0.27045362878818 0.804292743244005
0.278862375610811 0.800519847030099
0.282946687240138 0.798688344170667
0.273091005756282 0.803109588690152
0.315438633227549 0.784103491368312
0.287072722639432 0.796836542852274
0.27049095283684 0.804276091724159
0.274928816031943 0.80228466223641
0.272212727661779 0.803503856460504
0.270926652287673 0.804080895863887
0.299207095184546 0.791390759445926
0.271091593234119 0.804006646866363
0.275182563798843 0.802170840373923
0.391197990613339 0.750039235288854
0.276856278289497 0.80142132380048
0.313297990184544 0.785064166105289
0.287804133811285 0.796507667267609
0.289640018964592 0.795684236633107
0.276267953794016 0.801684632929644
0.301784700537008 0.790233818266236
0.275448262011308 0.802051587435333
0.273247835730792 0.803038682416988
0.285097381552779 0.79772272182046
0.275924044798754 0.801838117601556
0.275448262011308 0.802051587435333
0.290954158901907 0.795095371340902
0.284233126459753 0.798109830687067
0.295085392533696 0.793239904009764
0.361920306579907 0.763213821738834
0.298336690148144 0.791780166273746
0.271852144648313 0.80366510852402
0.275934490191007 0.801834201717053
0.272901014844568 0.803194274600209
0.274594887420769 0.802434970619907
0.301405324825574 0.790402467638904
0.330427471042809 0.777371213779979
0.272901014844568 0.803194274600209
0.344032986655604 0.771255519876278
0.264651875286536 0.80689520073291
0.297865584000594 0.791993003105877
0.295728936688172 0.792951149752082
0.272922997584414 0.803184393032558
0.274382425762477 0.802530024157386
0.275937294264588 0.80183291304563
0.321178898181667 0.781526520183377
0.294982678413145 0.793286641250751
0.27652359902076 0.801570099389054
0.277257554330541 0.801240721955272
0.349071695525015 0.768995641859056
0.379609805870001 0.755252985228605
0.277595584521664 0.801089896677368
0.266301139530678 0.806155201356112
0.300055419520242 0.791009406817768
0.332250233353661 0.776553232278764
0.271587515030054 0.803784332942154
0.354407809962365 0.766591331331881
0.272510689595857 0.803369401943154
0.297441630781865 0.79218194705644
0.27265020210552 0.803307555143953
0.352024266062075 0.767666471793637
0.267376989407569 0.805673065129326
0.28735747289767 0.79670766851265
0.28706649521601 0.796839326077226
0.28740931576089 0.796684506419806
0.26487540239962 0.806794936190806
0.388688628557254 0.751166807591526
0.274111743681372 0.802652186733526
0.306284216565337 0.788212403946864
0.3585449154857 0.764729913517768
0.374447184334518 0.757575871249235
0.29567277872051 0.792976850935742
0.29620281493389 0.792738899534149
0.303941814126756 0.789264293257556
0.29209906844377 0.794580472682022
0.272390466889874 0.803424056213762
0.298815085596192 0.791566892162971
0.277656862774399 0.801061475029397
0.264704355312598 0.80687166400083
0.272667358159525 0.803299864970357
0.379625574989355 0.755242317373636
0.285842035197694 0.797388447006353
0.286838978770288 0.796942166805809
0.264744659540609 0.806853589984804
0.272635997127799 0.803313922300753
0.270995172643104 0.804049478387274
0.276587136310212 0.801540885247612
0.291780508280875 0.794723439026637
0.291553941307616 0.794825935007397
0.2659988358269 0.806291032897734
0.272635320604784 0.803314225791226
0.289790239071702 0.795616437608276
0.280943808702 0.799585823927229
0.278606127450649 0.800636194570401
0.281263145803558 0.799443814906897
0.264446455952328 0.806987298163851
0.377342802984568 0.756282964423001
0.287424834361049 0.796679028942754
0.277879701949895 0.800960937717553
0.272442519280712 0.803400290950266
0.293674839070686 0.793874104408324
0.270326953824533 0.80435031499354
0.298812549633332 0.791569698639733
0.310911409064279 0.786135384309597
0.276301083604693 0.801669268725388
0.274918394094851 0.802290116297597
0.294568882531527 0.793471046492458
0.312264320640663 0.785528916775543
0.311288716617413 0.785969213221988
0.337272616908322 0.77429693786413
0.306091372661046 0.788299716608601
0.28914871773316 0.795905618936153
0.327273473299446 0.778785856068793
0.270457643902968 0.804290806759127
0.316789533025645 0.78349551804353
0.271350335921247 0.803890325549281
0.268412917777727 0.805207905834098
0.281080631170837 0.79952595476125
0.286368842361859 0.797152228768541
0.268829779244674 0.805021623870106
0.279360053870733 0.800296868498656
0.357776594395108 0.765073059689886
0.313724835787778 0.78487087923045
0.274069197934415 0.802670475015761
0.266971791634756 0.805854536129863
0.292854421425525 0.794242494439251
0.271859487784913 0.803661749406829
0.326933040845308 0.778939828035358
0.289418599360182 0.795783474273012
0.279107123924873 0.800409712380609
0.298112645429558 0.791880174839279
0.269186156585915 0.804861207652607
0.278523258837005 0.800673061805534
0.30599963741895 0.788339068344864
0.281638439595832 0.799275279325763
0.279762274991505 0.80011688902775
0.33257571800265 0.776407831009576
0.306640127308315 0.788053026099254
0.287660673490307 0.796572384710226
0.266552887285129 0.806042444626655
0.269601963358747 0.804675127758834
0.307370978481635 0.787724712850048
0.304974800354168 0.788799694634731
0.30019536332331 0.790947283961679
0.295664127055209 0.792980908477
0.336595867394994 0.774597224584896
0.279641424997376 0.800169959658621
0.334753066475475 0.775425315224015
0.293448246756369 0.793974389561336
0.322967393055151 0.780723638436223
0.284038133689489 0.798198556347347
0.867360294323891 0.268914987122523
0.876325418367214 0.254509777485846
0.872244241855393 0.261077246657843
0.86737755993516 0.268885389746134
0.867685801443922 0.268389720412284
0.870133621284855 0.26445823925138
0.875524689358163 0.255806001122982
0.87506591571909 0.256526642170994
0.876957417043804 0.253491796144514
0.313902972779623 0.784791315783921
0.871884360316201 0.261644207735851
0.877206735356774 0.253093605172443
0.279357845899701 0.80029770308711
0.879335697306158 0.249675619261377
0.279210861859533 0.800363094045006
0.876311428752298 0.254538386904559
0.308408759933712 0.787259413033936
0.868562232713092 0.26698559100021
0.294875142053802 0.793333776965257
0.875672456394663 0.255567944948925
0.871214871953102 0.262723119240803
0.329713216025077 0.777694766266502
0.868600133626765 0.2669204455694
0.901049267857233 0.214736931356725
0.867830499073004 0.268152381764469
0.896335703791771 0.222322081193552
0.248015159950373 0.846779963671788
0.246305381361762 0.847649836574624
0.158959854951591 0.892531598800923
0.2254381803547 0.858382225531023
0.251476761611411 0.844984384805811
0.168819780437848 0.887468344927282
0.159544829387089 0.892231252043888
0.219956868857089 0.861191432662648
0.22206608093978 0.860116974872004
0.219956868857089 0.861191432662648
0.199779755053993 0.871561841060921
0.172033470405458 0.885818073995418
0.162983830671351 0.890465226456297
0.171831605389053 0.885922842906354
0.211965697590333 0.865300324026666
0.167794363959298 0.887994360482167
0.175485045133495 0.884046587088114
0.189305689965081 0.876945262179305
0.181289490905587 0.881063214694746
0.205533624871362 0.868611503940767
0.239381848329735 0.851215811824293
0.194292655280404 0.874387813703409
0.176928353186185 0.883306004332911
0.158697055048267 0.892666392903418
0.171831605389053 0.885922842906354
0.174499094410546 0.884551629085223
0.158697055048267 0.892666392903418
0.21191458036514 0.865331035400915
0.171684924058441 0.885998014501445
0.161972387310017 0.89098445882148
0.159636255474515 0.892183930692597
0.169888022696864 0.886920661400627
0.193310459748669 0.874890715493206
0.172913536812768 0.885365454637331
0.181290847960465 0.881062517799392
0.160957371415978 0.891505646860346
0.227400224222995 0.857371754560455
0.235940758804069 0.852980687535608
0.154903738556134 0.894614346651677
0.176015143900054 0.883773035194355
0.156339283185008 0.893877296404904
0.201345209090903 0.870754941691472
0.197229611256646 0.872872712970598
0.169393532809855 0.887174502312477
0.239406237052384 0.851209943697226
0.171831605389053 0.885922842906354
0.161610792830838 0.891170666730849
0.181859446754298 0.880770348536822
0.171831605389053 0.885922842906354
0.193284191033055 0.874901300926924
0.245394635120513 0.848124347225439
0.218499545601272 0.861947246422429
0.166809709941855 0.888500348080791
0.181280422899685 0.881067871338909
0.183191071621218 0.880087194137987
0.18708294044571 0.878085523047116
0.206578891488113 0.868072011907515
0.207655197258146 0.867517406697791
0.223697305027197 0.8592706539055
0.162602657102103 0.890661067111675
0.184883942038168 0.87921691354339
0.209227233930263 0.86671357912265
0.154483506036171 0.894830177752332
0.180076224744064 0.881687063392875
0.176211589154845 0.883672466301714
0.235643936220101 0.853131915632421
0.180102584518351 0.881673576009196
0.227220492317812 0.857465476427204
0.185120169601448 0.879095222170168
0.17788734234718 0.882812102699359
0.171030063089795 0.886333153777845
0.220536611725375 0.860892537362927
0.900182000824458 0.216134242511518
0.151447729893632 0.896389076569456
0.189113793187967 0.877044484573382
0.898224225107411 0.219290133530392
0.168816613166668 0.887469971193964
0.160129730757296 0.891930877867661
0.875347779391101 0.256075052016123
0.194146850500921 0.874458139245304
0.218642002430647 0.861876226788819
0.157905868045854 0.893073088571178
0.178553760310408 0.882467923620097
0.190067424209904 0.87655464344583
0.164446129694145 0.889714217700306
0.165251225328805 0.889300580790103
0.16607050327738 0.888880550690854
0.156354679949152 0.89386955628901
0.18630718787 0.878484863062355
0.177666228801086 0.882926291989093
0.179904107393036 0.881773677852425
0.903307761555075 0.211107412192763
0.179364773498057 0.882052338977662
0.177229637326703 0.883148399697422
0.174987647940533 0.884299935903751
0.182405155411147 0.880491960259118
0.180287030757594 0.881578747981806
0.21324709841626 0.86464654801736
0.154227448941056 0.89496181159002
0.902663308936709 0.212143471056436
0.198139963229379 0.872405805910019
0.164691751567544 0.889587220293653
0.155447741702596 0.894334997862554
0.227536579888029 0.857294113409265
0.249919462815794 0.845781587775317
0.159421660286519 0.892294638398247
0.22791134032386 0.85709730523635
0.206578891488113 0.868072011907515
0.202150354016842 0.870342860821881
0.16759007566343 0.888099306362081
0.168819780437848 0.887468344927282
0.171030063089795 0.886333153777845
0.171573717751075 0.886054435490339
0.179393127957519 0.882037538144046
0.168180872197801 0.887796482235207
0.153706910593057 0.895228987662687
0.184256717958426 0.879539665400137
0.195576796704306 0.873725156117176
0.179608478192892 0.881929499868664
0.151447729893632 0.896389076569456
0.150990583826569 0.896623821391487
0.150851737605123 0.896695146435771
0.215430835277968 0.863523997614476
0.191557952981667 0.875787455797186
0.161676480913395 0.891136938463631
0.217203633739082 0.862617079970161
0.164016986953814 0.889934258906423
0.170111027099147 0.88680501862679
0.19291487180261 0.875094254658308
0.896542433773514 0.221996000738952
0.174010403743347 0.884801749301429
0.189945926506946 0.876616331860473
0.178036250549987 0.882733811842616
0.192417085862127 0.875351555517633
0.150629353907178 0.896809339236855
0.161124238964853 0.891420377181592
0.178332232598116 0.882581371751649
0.232567793325931 0.854712797809693
0.192837402172957 0.875131119802042
0.15666779378917 0.89370860128083
0.202947583084486 0.869935369839638
0.175894028784085 0.883834896853693
0.193862126126629 0.874603299247811
0.241178726716292 0.850281392194321
0.24954048180179 0.845982164602691
0.255275539271938 0.843027661645742
0.230153900494307 0.855953985442565
0.229807860973974 0.856123332664998
0.244773404180714 0.848439995850523
0.235712812506415 0.85308909404228
0.20780407287889 0.867443185244612
0.213988109774838 0.8642692874589
0.197287543198305 0.872854371315557
0.208209812986358 0.86723689658039
0.208750066295475 0.86695228184502
0.213242632684909 0.864651960316995
0.180708042844279 0.881366570114086
0.180710119524884 0.881365537741333
0.213148232719272 0.864699949439726
0.22953409468467 0.856274342746251
0.233425629398629 0.854267231173577
0.240350870825254 0.850705340366895
0.217692385324451 0.862354093676483
0.206516159698833 0.868106279363953
0.190462672149105 0.876358912031343
0.232541140154575 0.854737346783532
0.203199515336292 0.86980979507521
0.181105318246105 0.881163070913264
0.21373534422718 0.864399876701805
0.166140266263678 0.888843886914455
0.238514823389255 0.851649713900693
0.188066012323671 0.877582592929547
0.188249620537692 0.877484651180967
0.187394373636166 0.877932970214836
0.20867522798768 0.866994111570495
0.236147733941746 0.852877628364857
0.20387984965628 0.869456358671404
0.188066048954475 0.877582574055109
0.234202395598711 0.853868830685512
0.228642322813991 0.856723827366601
0.168832958418704 0.88746108329951
0.172208374277607 0.885730281732448
0.246543039260578 0.847516412797427
0.183426705930885 0.87996920103897
0.167356923022758 0.888220054654684
0.169355717877295 0.88719507899067
0.178785463945029 0.882349548430342
0.246488541640593 0.847572258839428
0.212946941237969 0.864793813878916
0.178506327070953 0.882496894275689
0.178998469155528 0.882241619413297
0.168995726862972 0.887377276054496
0.253260776038315 0.844067700330711
0.242533649095344 0.849579788395252
0.212416421795878 0.865065942084921
0.219336639846875 0.861507053991843
0.233276264328827 0.854347262859956
0.213861092580052 0.864332783120289
0.166137711441372 0.888845202244524
0.172535517464486 0.885561530511019
0.236968927521632 0.852453517889494
0.243915181451566 0.848886425661623
0.179716267666775 0.881873207129239
0.179463454848294 0.882002451792781
0.1872864224213 0.877983349516034
0.165296575778088 0.889277679777437
0.165486886545101 0.88918006194665
0.186792053702303 0.878239236548669
0.234037489262255 0.853953049666547
0.163574595316683 0.890162720912709
0.178540876636805 0.882479320849009
0.176155964216512 0.883702202482285
0.242719607199057 0.849490540138157
0.248083433505948 0.846735266796427
0.245404391332906 0.848106596211663
0.247448724380732 0.847054817188177
0.182567582110356 0.880409016654025
0.209335498303294 0.866652392894911
0.174964856555537 0.884309740434036
0.223521595361608 0.85936577587947
0.216569022639514 0.862935675490904
0.224939423523934 0.858634631081424
0.177813976631935 0.882848959831062
0.169233586269502 0.887255099420211
0.239080947863617 0.851359021229671
0.181159885481769 0.881134033442615
0.17279844139556 0.885425017982953
0.198162304337149 0.872396147518309
0.186370786095929 0.878453297367841
0.163574595316683 0.890162720912709
0.243661383981875 0.849011348721065
0.163550888266988 0.890174758637937
0.177813976631935 0.882848959831062
0.182546297606186 0.880418485245922
0.233628971342449 0.854164128744775
0.188460837758584 0.87738398662469
0.178610048154316 0.882441480218843
0.205075044174878 0.868839784095937
0.233628971342449 0.854164128744775
0.233206730177578 0.854381003145386
0.181760943585324 0.8808214113715
0.206088064065452 0.868330706331102
0.219382159885873 0.861496612654913
0.223320065590759 0.859470823690441
0.209574998056674 0.866532711650556
0.238059970619505 0.851883592420613
0.234620092548257 0.853654690253934
0.163563135257075 0.890168461831121
0.156800187683058 0.893640756085026
0.187865140318656 0.87768559123387
0.186603168587331 0.878337224750405
0.208040742014483 0.867325522812853
0.212690654536589 0.864924054302298
0.252370009859123 0.844524436695706
0.250347947319713 0.845568225805261
0.236543923031962 0.852662351316794
0.187452931833931 0.877898571083333
0.180927100673428 0.881252276748095
0.177813173000503 0.882849372489932
0.251021747594324 0.84523029037825
0.184321741764334 0.879506104097943
0.184223958622695 0.879556019630517
0.22004302117885 0.861147863582753
0.155364922890716 0.894377849348534
0.230609358973935 0.855715473360336
0.178104440147583 0.882700665676337
0.23328910957309 0.854333821355639
0.230228825681487 0.855918737058306
0.252156060450756 0.84464990179018
0.16765335723957 0.888068514346417
0.159198780037415 0.892409396105194
0.241654825874567 0.850031340112988
0.245768010869686 0.84792332092539
0.188057897990279 0.877586802826709
0.162931574395181 0.890492308769764
0.199408538671604 0.871752449611777
0.218656633017765 0.861865009506842
0.177982095218873 0.882762300032301
0.252054987404898 0.84468826548334
0.177824920024365 0.882843340475361
0.202112596133116 0.870369109640743
0.230228825681487 0.855918737058306
0.228725099474607 0.856685447968118
0.207642273950349 0.867519101275094
0.170178341082491 0.886769967647285
0.207624561551292 0.86752914479847
0.195649335659186 0.873685516435764
0.187337158108485 0.877957798780491
0.21312711173284 0.864701885071975
0.1827623065601 0.880312580585622
0.188184085561571 0.877524633683599
0.205406013920445 0.868669262125898
0.184852089523117 0.879232924881523
0.21032781634453 0.866141934656085
0.248213644216672 0.846669890505457
0.174042186210197 0.884789028890488
0.160591595901862 0.891694238222917
0.198255848304889 0.872351748804739
0.159970678642757 0.892013113005013
0.214508891579187 0.863994016143472
0.234923052097773 0.853494097652001
0.153714331428106 0.895225365609769
0.210773449562404 0.865911754037047
0.156301067557504 0.89389738476651
0.154724356654964 0.894706828604321
0.179625757216149 0.881922587691974
0.200953360520217 0.870965993459441
0.163476930485616 0.890212730913738
0.18203429149832 0.880683185036155
0.187146461349008 0.878056009592016
0.166740695780081 0.888536115736741
0.213785014943655 0.864361145589964
0.167308457951962 0.888245837830027
0.22579317873002 0.858204278308741
0.173166717993095 0.885236920618533
0.219509839562271 0.861422992733124
0.219913366615826 0.861214562469117
0.223984339827376 0.859124961652559
0.161519819703741 0.891216595607043
0.202897488368825 0.869958143396217
0.158691064963495 0.892670043985045
0.204694340466016 0.869033324479169
0.238702761905415 0.851556436599055
0.202644953465495 0.870091918741134
0.16354416720557 0.890177208002889
0.16143816453087 0.89125854079289
0.178156169589876 0.882673537489764
0.207951837290494 0.867361765429099
0.247727862191178 0.84691331425252
0.192341534509133 0.875388088592647
0.19117628190103 0.875987406020257
0.243709379810037 0.848984303745978
0.214979480449046 0.863748840973275
0.167956936846551 0.887911918183296
0.167528506448349 0.888132447033142
0.178147804649812 0.882677539440633
0.162721613036696 0.890600336906394
0.196708646185655 0.87314545617454
0.181267846847158 0.881072076098474
0.23384082866815 0.854055827672689
0.23584424799755 0.85303314321734
0.230342994495842 0.855862502854372
0.254442954597239 0.843466594463149
0.185677634423394 0.878810368565927
0.210907195857448 0.865839813903765
0.153745587351422 0.89520931740947
0.17548461197084 0.884047730033924
0.182642419706643 0.880370486810026
0.173144874523988 0.885248138601686
0.233815246998938 0.854067511392308
0.180496187458876 0.881473571495047
0.214197929434519 0.864154223627896
0.211510463620986 0.865530220806592
0.255890157231636 0.84271317737463
0.178198546897186 0.882653846454578
0.188428522800988 0.877396219201924
0.205233660733636 0.868756118133776
0.202418301322254 0.870208769154313
0.215743667954661 0.863356619266122
0.168640075354478 0.887560790355137
0.21834750346585 0.862023327459138
0.177164720329266 0.883181440442696
0.219899957607829 0.861223648460405
0.240747291413575 0.850499493719988
0.153805472241524 0.895178569792613
0.180559255153352 0.881439124973956
0.187044411584261 0.878114020446784
0.218218490390729 0.8620909134255
0.182218806909868 0.880584827458794
0.16507409302163 0.889392544909992
0.200723479171802 0.871081839769027
0.204676147759744 0.869049028564127
0.155818266984486 0.894145088163536
0.231007060339175 0.85550917311523
0.195558796864209 0.873734886167264
0.161442127659334 0.891256493314847
0.191338704472111 0.875902976940423
0.168399543535027 0.887685374313271
0.172987765106806 0.885329106764314
0.169960303282865 0.88688194405245
0.181186492321862 0.88111823897833
0.228927386646473 0.856579861235024
0.177164720329266 0.883181440442696
0.230952464648844 0.855540251889662
0.175836610344118 0.883864109453501
0.205827854212208 0.868460466281419
0.182139167465095 0.880627699359316
0.19993853311068 0.871480181610251
0.204587965448448 0.86909274688591
0.165129962030563 0.889363233667281
0.173135538800495 0.885253768146815
0.215940066237737 0.86325690304256
0.182519701172351 0.880437047697722
0.249644876826989 0.845931163522868
0.162493114287465 0.890717764192331
0.226121164359059 0.858025756664582
0.229012031045102 0.85654002689418
0.219924807232268 0.861206042562125
0.168718149125209 0.887519872917858
0.186861657462252 0.878203641375866
0.234300431871832 0.853818269746795
0.210118356068079 0.866256105585878
0.231493224201903 0.855262086995426
0.218509770320949 0.86193503620103
0.225896277301758 0.858141267752264
0.197129599277823 0.872932679729236
0.18242359902646 0.880481570904023
0.241019988134587 0.850364464377283
0.230932377796463 0.855550479060479
0.169332772630583 0.887204287687182
0.178934579370474 0.882275322052333
0.221916756601486 0.860195041889415
0.209121054553238 0.86676699148687
0.152534136686487 0.895831400463493
0.16184298392932 0.891050686074848
0.223270089239698 0.859496912275692
0.193838166730172 0.874615556138747
0.214125280021948 0.864190112687925
0.245066945019826 0.848281347537425
0.214703167491203 0.86389957891326
0.170774585179177 0.886463668207512
0.16143812242988 0.891258562252579
0.152533501191412 0.895831719337878
0.225201085447048 0.858491783556305
0.251737866420874 0.844852428065012
0.240850382250492 0.850449825770169
0.247259932900945 0.847150258685567
0.217600402880057 0.862403247491463
0.238786280716679 0.851520915218502
0.220978465451811 0.860664746242944
0.168327841290323 0.887722053098556
0.167265414245128 0.888267629447237
0.241821056989427 0.849947524634352
0.170385520215863 0.886663491685778
0.168678373899176 0.887540285626235
0.227441202473364 0.857351410882124
0.228514834570393 0.856792522323752
0.225257411876043 0.858470080152834
0.199077452266558 0.871922591425109
0.173077748860297 0.885282584587449
0.158843058554988 0.892591550600871
0.183068073497453 0.880151491029612
0.250716868666982 0.845371640963082
0.239897798806511 0.850933251432216
0.157301308911751 0.89338363754976
0.209547183240265 0.866545772389967
0.183292189828543 0.880037356579472
0.196471222567195 0.873262252450603
0.220997816767873 0.860655265199979
0.251794164620564 0.844817637330104
0.219699383224921 0.861322657754719
0.221452017574582 0.860424387030032
0.221343596175142 0.860480000536627
0.216298344106897 0.863072268260217
0.23679415911882 0.852536894906516
0.170385520215863 0.886663491685778
0.16996487157163 0.886879417334922
0.170619432380479 0.886543441373273
0.198451353515491 0.872243271161835
0.228505482080846 0.856808116099652
0.166405952693208 0.888708865835242
0.183623696638854 0.879868619696003
0.183588717233222 0.879883317642076
0.158419422569866 0.89280929787668
0.157782127129559 0.89313678169454
0.201286111774473 0.870795146740998
0.19773094552111 0.872617117332389
0.204731509921139 0.869023042849888
0.170093257046824 0.886813489248983
0.187044411584261 0.878114020446784
0.186298677323341 0.878487081848771
0.199250978455582 0.871840859778423
0.215873510277992 0.863288709207738
0.202832310928361 0.869994890089537
0.200197991182341 0.871351174389653
0.22161320477719 0.860345310701475
0.221736637922538 0.860275302948711
0.198092377004322 0.87242677773758
0.152531811605642 0.89583260211646
0.173728354336738 0.884947816318241
0.180033667087552 0.881710529942453
0.157978077489239 0.89303597145335
0.156643846443329 0.893721139889517
0.169978256550603 0.886872573485021
0.19167749184883 0.875729619040801
0.180744677251527 0.881346417939824
0.189894456155344 0.876644795238034
0.195140601174629 0.87394418239586
0.24028545875245 0.850740798216513
0.21988874826519 0.861231994275885
0.177877116368248 0.882817027844813
0.231246928493375 0.855388801175589
0.184305546087762 0.879516524294347
0.169962477821921 0.886880656496125
0.216241405262179 0.863104158787111
0.177881258848394 0.882814634248949
0.225888894930438 0.858142114315234
0.18655107030524 0.878357301640584
0.183855727589864 0.879742530583658
0.215022104999359 0.86372841655456
0.216647021703081 0.86289127348425
0.205332973194788 0.868714464108284
0.256103841520169 0.842613298055522
0.192526333198917 0.875289891224337
0.207410513105539 0.867650069585618
0.184485944169741 0.879423128449117
0.243038308350331 0.849325297591925
0.181996584650361 0.880700042271378
0.234605769476416 0.853663129545694
0.221868786234075 0.860207807911334
0.217335108507888 0.862539071440176
0.230391008443147 0.855825269182208
0.163181423526602 0.890364299710648
0.170943145992708 0.886377843609374
0.218771316049171 0.861800352310288
0.170230339707531 0.886743492559124
0.173172850536833 0.885233770753336
0.227163410922939 0.857487445994864
0.239112255076051 0.85135531984395
0.158513741838148 0.892761030092238
0.227445841266418 0.857349543350278
0.256174798629858 0.842584697303867
0.184095767394107 0.879622677087809
0.234630839564773 0.853650272366998
0.234117920589207 0.853913944240351
0.200719108079729 0.871085307606104
0.220557241798677 0.860882406962084
0.160211879850134 0.891889217129709
0.231240926937692 0.855391883775788
0.158959491876647 0.89253176244831
0.255884356133924 0.842719107350413
0.225844172765691 0.858174897003671
0.184033816587848 0.879654552370721
0.232685238137611 0.854644872764697
0.21000582275131 0.866314741466533
0.246448751637121 0.847573314731886
0.238283828359715 0.851768986831048
0.168647046153955 0.887558032076586
0.206205102595367 0.868266238552756
0.218579956798561 0.861896507725772
0.170564551314386 0.886572244800713
0.248437946780911 0.846553175571628
0.215548265460683 0.863459940790319
0.164960528877163 0.889450394348402
0.186487466330781 0.878389934462573
0.248555432879167 0.846490403332266
0.247254355102 0.847156564476294
0.170037371071845 0.886842211293817
0.154872587706829 0.894630547121822
0.237088825722893 0.852381762356238
0.161329857535218 0.891314944524566
0.199485704548427 0.871712937032713
0.237511998978711 0.852165029279552
0.18418141249218 0.879578258653936
0.24189556459205 0.849908985559283
0.218204171802681 0.862103875306148
0.152843195351402 0.895672722909624
0.218501372619008 0.861937137114212
0.179415027397948 0.882023829990254
0.245962968938021 0.847817656147116
0.194564497649822 0.87423975335875
0.24794833844142 0.846805518444729
0.163720753127636 0.890086944343089
0.155676754023161 0.894217799247875
0.243299991518452 0.84918393433383
0.24404754053442 0.848807925850821
0.216010456627992 0.863217535912749
0.244729646006973 0.848458485817909
0.236375914063594 0.852747455779699
0.221863585804211 0.86020974893534
0.36940683815582 0.759845343288886
0.390036861092181 0.750559544957786
0.389087817369963 0.750980511109074
0.393763655623479 0.748876170140667
0.373047497725684 0.758205212464788
0.275640921110115 0.801965978740204
0.280201857949467 0.799919377788176
0.338045545510456 0.773946422276427
0.285190402171515 0.797681366396833
0.360934668665635 0.763658522916847
0.278822165886257 0.80053806850008
0.275040929099717 0.802235137884055
0.279559616096833 0.800207796000322
0.271591752437265 0.803781897170441
0.311977200885512 0.785657283722498
0.311194565568194 0.786008682154288
0.280362288502101 0.799848067536053
0.299946828832272 0.791058451724298
0.273981362785261 0.802709715413698
0.277570718213228 0.801099695120517
0.277583343984194 0.80109436180167
0.280254050404378 0.799896303197682
0.271591752437265 0.803781897170441
0.271557808385585 0.803797109194883
0.313833965721684 0.784822514125631
0.284007432620213 0.798211124590939
0.274339386842667 0.802549993150784
0.300111957233416 0.790983749701752
0.272078447172587 0.803563605812394
0.271557808385585 0.803797109194883
0.290271504700922 0.795401781278282
0.301860579525079 0.790199257836069
0.283383363608471 0.798491689568431
0.281543357789865 0.799317616439791
0.32806386641438 0.778432963614338
0.270842018069597 0.804118305143911
0.28224640597841 0.799001441350651
0.274057085718522 0.80267643889499
0.275293618778085 0.802121876303079
0.270909824168062 0.804087959349169
0.298135789914469 0.791872246303246
0.270959697755365 0.80406548003097
0.287206498882331 0.796776610039663
0.274640434952878 0.802414726923709
0.276931840009806 0.801386268246167
0.28476120305642 0.79787336931949
0.267760964428072 0.805500462248023
0.284222697355435 0.798114620920387
0.282252035200219 0.799000360885356
0.271318660574716 0.803904390604085
0.274031633158013 0.802687314147176
0.270323835424231 0.804350717018717
0.286256078944746 0.797202486190155
0.273915400313825 0.802739464646957
0.370423876935527 0.759387805081939
0.285514283905841 0.797535556657173
0.275058848732951 0.802227156336287
0.286487453453521 0.79709800695763
0.282361436970638 0.798950497766989
0.343456103102826 0.771515035765687
0.271389955768763 0.803872670759254
0.314429320487576 0.784556586811515
0.335021866732674 0.775305171964846
0.264515125787514 0.806956682267959
0.268120478077313 0.805339369640659
0.336556768818098 0.774616860543892
0.271318660574716 0.803904390604085
0.386291719917924 0.752242772291534
0.28668389815784 0.797010694907445
0.268265438135331 0.805274195964343
0.278055060212845 0.800882796497139
0.306033111707449 0.788325396469418
0.270043057727041 0.804476943620798
0.387676160695461 0.751616252905277
0.271111195214145 0.803997409542344
0.290809528427869 0.795159573549404
0.305969909858421 0.788352647164171
0.302478325235614 0.789923027633042
0.290964223659996 0.795090100179833
0.27558500049953 0.80199080917191
0.340845164290544 0.772692190009166
0.265365033445305 0.806575542640804
0.284196596673866 0.798127693152946
0.285942472579768 0.79734562207462
0.264515125787514 0.806956682267959
0.272049203807118 0.803577111706973
0.278819763035269 0.800539220700775
0.269058854346152 0.804918252595888
0.274078372867846 0.802665953436317
0.279176401366244 0.800379534712061
0.273903820232778 0.802744876101302
0.272068838415776 0.803567993925134
0.351258897080925 0.768006111238131
0.278926253609683 0.800490831735692
0.273885664402365 0.802753020882294
0.271311207018635 0.803907727496568
0.387760193916548 0.751579492027007
0.273575485228515 0.802891974065054
0.271538904298462 0.803805723866136
0.350035778795828 0.768555476707653
0.322559070056499 0.780906564079105
0.277634202146849 0.80107069883706
0.27207053628462 0.803567000357612
0.277276953836052 0.801232377914454
0.283835910171956 0.798288625746282
0.336346515842492 0.774709723667056
0.274889151383113 0.802302613426444
0.353551382924233 0.766978496590197
0.279192805425885 0.800372524756603
0.264545079733776 0.806943251776298
0.265070247159781 0.80670770135915
0.358038698772981 0.764954940455804
0.316903938656651 0.783446044529215
0.272773042777882 0.80325174018742
0.26882989978102 0.805021075348276
0.271476692500042 0.803833601458589
0.351347296588693 0.767967581157275
0.286307943309654 0.79717963652297
0.324594272132009 0.779991235622816
0.278389541849587 0.800733337172522
0.379565182534048 0.755270202328129
0.267724245667187 0.805517289061755
0.266620239050619 0.806012537195024
0.277327160450022 0.801209888427812
0.310423583962967 0.786354531916391
0.287331717920594 0.796720906955302
0.380392400590037 0.754897573174092
0.274335971657388 0.802550696533448
0.275010209612292 0.802247881056012
0.291247324976687 0.79496319963778
0.292924043491735 0.794210630740304
0.29212637422933 0.794567380707266
0.382853052620255 0.753790150253771
0.293333844678325 0.794026324089481
0.376971377128616 0.756436356001774
0.286014227578446 0.79731183778643
0.267599590695668 0.805573175943226
0.380391516296669 0.754897969694466
0.268037953266204 0.805376693534627
0.293108016786056 0.794128028156209
0.284078742192324 0.798179975304275
0.379093543968474 0.75548977591974
0.290645266781416 0.795232922800246
0.268525176299678 0.805157688666217
0.301495158210628 0.790363497349866
0.271319156442406 0.803904168485594
0.271348605490264 0.80389098574851
0.271902793064104 0.803642162145796
0.273627136923382 0.802868679800018
0.292339648454062 0.794472935591117
0.380392400590037 0.754897573174092
0.312223423623698 0.785547703550013
0.278249344217495 0.800795762744005
0.314750469870742 0.784414003359806
0.307084791743049 0.787854103972293
0.266870777123932 0.805899779149974
0.277503606793987 0.801130750208375
0.272311851204849 0.803458822036096
0.292685202144684 0.794316673661609
0.274336514829994 0.802550419223911
0.371994884654031 0.75867983013893
0.302526822614237 0.789900761028628
0.271555115732353 0.803799002874874
0.267878927919526 0.805447551242673
0.264563941123955 0.806934772871588
0.310978085275624 0.786106609123761
0.331245877621426 0.777002877485211
0.274336514829994 0.802550419223911
0.286143297686619 0.797253897837542
0.302572660769437 0.789879719052848
0.344719365875252 0.770945499565267
0.280798549314742 0.799651362249451
0.287266490152647 0.796749567416032
0.391450381511049 0.749922528073173
0.275917822582283 0.801841079221146
0.316841377171113 0.783475491324076
0.354825664723996 0.766405677986622
0.295720728753261 0.792955507644331
0.287386645203645 0.796695880281743
0.379800725544105 0.755164080598589
0.280979656892501 0.799571076503054
0.314381854097847 0.784578361934953
0.385618965300551 0.75254371862128
0.271063496771091 0.804018853939473
0.377303246647842 0.756286141208471
0.374151873457649 0.75770933781791
0.379845292170434 0.755144068511118
0.391574948022381 0.749861677986849
0.294747495794445 0.793393186367529
0.322677217878222 0.780852543591727
0.272034174837956 0.803583347837359
0.277825183127872 0.800985154379709
0.278989069568829 0.800463375585227
0.283232105758194 0.798561581934042
0.298991815707769 0.79148755859934
0.274331130420886 0.80255278988227
0.379845292170434 0.755144068511118
0.298396947526073 0.791754806267177
0.278298787205648 0.800774155342819
0.302189401561199 0.790052813053839
0.280891015712779 0.799610691196886
0.390051929768824 0.750546291387579
0.286127853404703 0.797260327432437
0.270819026962493 0.804129659675397
0.288761470750064 0.796078017920176
0.387921560951576 0.751504958376006
0.294009491955109 0.79372217434731
0.297882258272946 0.791983746524271
0.268008950376846 0.805389161844874
0.298176841605475 0.791852962195538
0.279811066126587 0.800094443765365
0.294020973575299 0.793720323321286
0.375591196453791 0.757063703726834
0.273036679253168 0.803133659048047
0.269892701944784 0.804544233547
0.276975274649066 0.801366902084818
0.292136765814894 0.794563939788462
0.285324935733539 0.797620567536971
0.279949919522951 0.800033095495216
0.266153206380081 0.806221871002173
0.292685202144684 0.794316673661609
0.276822886579654 0.801436056156063
0.203553284540936 0.869623774636062
0.203743639485244 0.869526817764312
0.215363359234693 0.86355789583534
0.202911494076803 0.869951251879518
0.184500884882387 0.879413728934814
0.196999838388138 0.87298980622254
0.193888758365589 0.874589074873051
0.185135310445665 0.879087900033646
0.192286829088086 0.875413459657573
0.18226344770402 0.880562864992321
0.181463048468643 0.880972157732456
0.237156997355043 0.8523492298821
0.19200135072019 0.875558726897411
0.190774842347721 0.876191151526226
0.191560783418104 0.875785080251386
0.228261791460234 0.85693017154243
0.191987069360972 0.875566353501401
0.20316104591006 0.869825202554056
0.19231423096947 0.875398044762
0.228761316566924 0.856667921978384
0.207109862238585 0.867797652364034
0.247323364950373 0.847126786474658
0.245059939886713 0.848285167873862
0.193078934181535 0.875004262178895
0.251160885041448 0.845149543465762
0.182850243749323 0.880260487091701
0.238062722582736 0.851880463015281
0.256243097047493 0.842535520783662
0.192315613000376 0.875397336018849
0.186542818311148 0.878364353102716
0.186377373238033 0.87844699592348
0.192315608095903 0.875397338549732
0.201155839124653 0.870853769686994
0.210288576572811 0.866166151041438
0.186713704208125 0.878277991181325
0.225366706080016 0.858415936622921
0.178871251934796 0.882303464154407
0.202316070167658 0.870257084417235
0.192503615763568 0.875300722456716
0.178871251934796 0.882303464154407
0.178871251934796 0.882303464154407
0.194650456336795 0.874197526753979
0.256237191397747 0.84254252581207
0.226928888599941 0.857620068042446
0.179217848800993 0.882125448029072
0.225401721091301 0.858399922227137
0.192706119723187 0.875196931097176
0.236663904547274 0.852603902406792
0.20151133045749 0.87067177703065
0.242840905075231 0.849426301705393
0.198151720612762 0.872404502071284
0.233053724074563 0.854457631294327
0.252720718596688 0.84434443095874
0.178889883400635 0.882293869713413
0.205619485384478 0.868558233150778
0.218432151998796 0.861986568362732
0.196803498885342 0.873096189037394
0.194240843949233 0.874412185613368
0.230990621203273 0.855527389954052
0.206910181038741 0.86789983838093
0.198509673921071 0.872214271486596
0.202655574868828 0.870091828361271
0.246669269623684 0.847452654723824
0.201440291115718 0.870708601333447
0.226828994821629 0.857663526696031
0.166873473034328 0.888467649653373
0.249094006859248 0.8462185099658
0.186376035566902 0.878452205088509
0.192776355059275 0.875160368925919
0.181609823938428 0.880897902731232
0.183570147899452 0.879890447914036
0.185830139186559 0.878730303486097
0.196002432745977 0.873503460015133
0.18322755430235 0.880065949328431
0.216607189480507 0.86291408778519
0.212072273270977 0.86524863890902
0.193828018886908 0.87462287468687
0.231278566691074 0.855370311142229
0.164591705022394 0.889639312908408
0.250890902061121 0.845281125862111
0.232927079724408 0.854524002770399
0.219034730586254 0.86166833023482
0.233739959096764 0.854104773402648
0.246095938495023 0.84774733814385
0.194799293735522 0.874119439953952
0.161132573780436 0.891415015587902
0.189884701173066 0.876647998629091
0.214374964555057 0.864066700775118
0.183353086697923 0.880001073738851
0.178872194203028 0.88230297886939
0.225050707673766 0.858576500156971
0.186419428872636 0.878425318863008
0.180504960907128 0.881464344143924
0.18596873438363 0.878656920627015
0.193049945033599 0.875020441119459
0.233513037379591 0.854226588780113
0.175567227985534 0.884003739007911
0.192082486159985 0.875517439054165
0.219407723738123 0.861474425643902
0.18411476327216 0.879614348716607
0.172699813778158 0.885473597464024
0.214664467126492 0.863921275884586
0.18917543745468 0.877011165613903
0.212904894595408 0.864820522171717
0.192082486159985 0.875517439054165
0.233037698150314 0.854465866211745
0.192326455001472 0.875391932192928
0.222477416104834 0.859903616483978
0.215037617762572 0.86372020388692
0.192604849587812 0.875248387484878
0.231599366436606 0.855205294889889
0.24671799243205 0.847429804931138
0.192326455001472 0.875391932192928
0.192746027447969 0.875177153921957
0.190567555330982 0.876296174369617
0.197861024674119 0.872550541552223
0.223777103408921 0.85923010437459
0.224401456983338 0.858906133399397
0.198509673921071 0.872214271486596
0.198029431337623 0.872464245338661
0.188915827263402 0.87714515764195
0.181867677812807 0.880766299026556
0.192927024276823 0.875083523752797
0.202488308014383 0.870169967427389
0.186610649269046 0.878332503112414
0.216055970485981 0.863201488088776
0.198204933423501 0.872374478498851
0.18411476327216 0.879614348716607
0.189511183680023 0.8768375369675
0.202118306589869 0.870362317707176
0.186797751807956 0.878231009514434
0.197138154732752 0.872922008891579
0.18475328163787 0.879286727080933
0.172717675882822 0.885464419937728
0.189105759519334 0.877044644565404
0.18454400331672 0.879391342554171
0.183205218191048 0.880077008065301
0.230677556649058 0.855682585319422
0.249684122270812 0.845909943438215
0.196364813982583 0.873319004792766
0.24903936527277 0.84624134855741
0.180059456935081 0.881693299559131
0.161132573780436 0.891415015587902
0.242144981909868 0.849787241318517
0.193570510214457 0.874753046212098
0.190585932852169 0.876286786332978
0.232861175420662 0.85456504180261
0.190733125759343 0.876211156930477
0.221165658961302 0.860576801662821
0.161096321819757 0.891433634994055
0.220189070507339 0.861083207134389
0.229850712642267 0.856111261261125
0.226030705882652 0.858072110381075
0.18345311397699 0.879951648764485
0.18475328163787 0.879286727080933
0.174246936746958 0.884678828995586
0.2484295194908 0.846560240799892
0.151913103571005 0.896150002063412
0.173498415933896 0.885063576322151
0.162283646536332 0.890823830273681
0.177760339750683 0.882874503194189
0.180322725708657 0.881559855346775
0.193603376332124 0.874741767971431
0.213741618204981 0.864398661253969
0.161226504143968 0.891368026642566
0.198415763927783 0.872266874934421
0.161083966445354 0.891439943302811
0.256110899672079 0.842598267161967
0.18297661444176 0.880199838079075
0.162071679004954 0.890932688574614
0.188947133583647 0.8771344387649
0.18367014849745 0.87983813652586
0.207478887791869 0.867608208894833
0.161358422802286 0.891299037245574
0.200333259048136 0.871276393934449
0.17015690636362 0.886779741396017
0.173740962998422 0.88493903688617
0.181025719367818 0.881196880815588
0.165025416570823 0.88941655594941
0.185523046532466 0.878886035658474
0.167239384253065 0.888278733351341
0.213267039464157 0.864631045860689
0.155680769897556 0.894215656665468
0.182124080584776 0.880633427553276
0.234412567603603 0.853767685924938
0.219766351155327 0.861296261248374
0.187880726889719 0.877674640299842
0.195908240752984 0.873550050914362
0.159724101752573 0.892138894213436
0.166881888552366 0.88846210604164
0.193746413839561 0.87466133858078
0.238534063467308 0.851646691879877
0.182360977970138 0.880512469780568
0.169839235228648 0.886944686712505
0.185840823998824 0.878725093049995
0.187972643993508 0.877633390039835
0.176677486515448 0.883430527754441
0.188466380042092 0.877378706500842
0.168057750028525 0.887858533389682
0.368630657016732 0.760189988760467
0.373855242253442 0.757841779096407
0.351242608596029 0.768017607382227
0.390508708420869 0.750341252220801
0.379187924774204 0.75544730001142
0.394614772246412 0.748493127492357
0.390796078707743 0.750209834812631
0.319321152876483 0.782360297509164
0.299226914754438 0.791382773235704
0.356066690069773 0.765844262355206
0.298328057988077 0.791784261351636
0.357902185890113 0.765019445824651
0.319856192006345 0.782118943430608
0.324904631277961 0.779850984911849
0.335331207852485 0.775168648018288
0.296345777450723 0.792673997167369
0.298683987718725 0.791624894300747
0.296905026310442 0.792422527370744
0.301271584606991 0.790464260011177
0.290445994935515 0.795323102895522
0.361411985210264 0.763441968044946
0.293010938986969 0.794171708754613
0.2978175946371 0.792012830016411
0.335234566854994 0.775209932051998
0.329765470895261 0.777667458560778
0.308266712980742 0.787322886052303
0.309265485466985 0.786874570907617
0.293882722063861 0.793780131937956
0.389486319728296 0.75081386951713
0.309746197255611 0.786662052566299
0.35065890854539 0.768277013896714
0.300401597966407 0.790853944361054
0.370125737072199 0.759521498137631
0.318084064250774 0.782916297805665
0.274395460101813 0.80252478801761
0.309369037845663 0.786829562478693
0.36103428241801 0.76360777052415
0.295907989156561 0.792870975244479
0.302832983175264 0.789760822785159
0.353004955396178 0.767222540404427
0.323855645858297 0.780325172071777
0.275864530333145 0.801865505406068
0.287388433482829 0.796694028797386
0.272341360244322 0.803446262149046
0.359011338591258 0.76452485279025
0.350699293632021 0.768260267112659
0.333654049008433 0.775920102420001
0.370936573844286 0.759157962618592
0.277845922736739 0.800976917692295
0.274518025811677 0.802469786800425
0.387142945557552 0.751861441402665
0.278134634904431 0.800846078464846
0.343033297841224 0.771705607966733
0.287457689102163 0.796662997943562
0.271659992108464 0.803751769211811
0.276151261129528 0.801736809742371
0.289851501630284 0.795589058737262
0.326313088469212 0.779218939125796
0.285285053031057 0.797637806040441
0.272373635689332 0.803431459620355
0.274575105796426 0.802444136130709
0.32765996019184 0.778614300632359
0.305305304562232 0.788651491642782
0.286964779195647 0.796884287889193
0.305588560844358 0.788523652451652
0.276591408625139 0.801539228105662
0.322239545652897 0.781048778187204
0.287007363315451 0.796865208338222
0.314307326294321 0.784609997129003
0.305248115875946 0.788677171052675
0.309766564552622 0.786648299061429
0.287138567383092 0.796806148238167
0.317897402740207 0.782998309651053
0.298198326186515 0.791843896367379
0.305944017603547 0.788364840583626
0.305207410298117 0.788695363441516
0.315989927294253 0.783854227140228
0.285575393667913 0.797508556417675
0.271147128978334 0.80398186387856
0.307065568982549 0.787860686655559
0.277147728840621 0.801290353680862
0.30816343376077 0.787368535947441
0.305207410298117 0.788695363441516
0.30567809991752 0.788484187773965
0.280456375444917 0.799806566731926
0.378119968484082 0.755923104012564
0.354970230092485 0.766337074248707
0.353923722681794 0.76680913461789
0.346685569645442 0.770066612580723
0.355306299379252 0.766188434277724
0.354010678593648 0.766771309810572
0.340680249634278 0.772763753885931
0.37325921689781 0.75811095721484
0.336323237310274 0.774721075817587
0.301585321111795 0.790323100199411
0.302850246462317 0.789754903769089
0.307964223359848 0.787458603382817
0.328818100572683 0.778094672865814
0.319118299658016 0.78244693386106
0.354427861920627 0.766581301411215
0.321201422920166 0.781515020447324
0.35015313723931 0.768502514464202
0.395049810766528 0.748294269593785
0.301585321111795 0.790323100199411
0.319690725217226 0.782193909690613
0.393531642363843 0.748984390375229
0.332629029743201 0.776379520123825
0.375427086200686 0.757138700558749
0.351075129938161 0.768093437747072
0.340948960751654 0.772640978142442
0.319786352670093 0.782150394246823
0.304531504869448 0.789000330576941
0.393531642363843 0.748984390375229
0.332665696005737 0.77636360253184
0.330838678212435 0.777186209811798
0.294752882402334 0.79339152665483
0.321554939363118 0.781356554402127
0.340836528267942 0.772695115088945
0.303184627302255 0.789606002597482
0.326193159856354 0.77927529089007
0.333019751033236 0.776207909245065
0.301585321111795 0.790323100199411
0.301585321111795 0.790323100199411
0.335219453174686 0.775216129960774
0.359379307800004 0.764357123255493
0.317361951413706 0.783239804372459
0.344702449204495 0.770954983851138
0.309133907611335 0.786934488502787
0.366882663393343 0.760977512046992
0.299430127576892 0.791290634743036
0.325097680652482 0.779763739583039
0.333019751033236 0.776207909245065
0.315530723269159 0.784063120527551
0.333019751033236 0.776207909245065
0.302174315939744 0.790058905736902
0.318906090645901 0.782547833049426
0.358718955238115 0.764653176805779
0.300710820698075 0.790717002078509
0.295653623581147 0.792985180494561
0.340526680863371 0.772830963644148
0.304917864065607 0.788827088754056
0.296739027138336 0.792497840688868
0.29806805115543 0.791901341352079
0.306700013578303 0.788026101809957
0.305334833068822 0.788639199929634
0.304644243087564 0.788949346270704
0.296742737166047 0.792496889312273
0.335977380397779 0.774877221986533
0.379189320503787 0.755437174333095
0.30943832416062 0.786796271956772
0.379319606844268 0.755378915671016
0.366316116789878 0.761234722355825
0.324090998486948 0.780218119726564
0.332260409607691 0.776548185890686
0.379901185304103 0.755117378049409
0.30636767530993 0.788175874025735
0.379648689522589 0.755230996571804
0.346565600803014 0.770116771052068
0.383558790126654 0.753470759032809
0.320281766811627 0.781928354136642
0.313874563726718 0.784805887750063
0.325249474772088 0.77969500864702
0.38354082789149 0.75347869389348
0.314671875398757 0.784448812633095
0.342719282126858 0.771845098720187
0.380866425840137 0.754683355259519
0.306376678539568 0.788172834839805
0.318530375459742 0.782716390504802
0.395748459372484 0.747987193454395
0.318478704789575 0.782738088415008
0.388818119459036 0.751099661867737
0.284725757605861 0.797888810156922
0.380048789997292 0.755050998932508
0.373435915743178 0.758034657984537
0.388119465204431 0.751414388544103
0.283501016684899 0.798439324376302
0.386645064592939 0.75208002659803
0.356534449033584 0.765633532246926
0.287659656688529 0.7965729125504
0.283973139908908 0.798227356309481
0.380178713875147 0.754992429863415
0.383982259758831 0.753279984153435
0.391846549271399 0.749744270011519
0.383887620088573 0.753322728237016
0.316996197951752 0.783402074909981
0.334471213811027 0.775550689659673
0.299681081071164 0.791178332537103
0.359135780368063 0.764464937332667
0.287450599746314 0.796666274971904
0.352401724961269 0.767495864492835
0.268246553821107 0.805282701561123
0.315450104588534 0.784098916279727
0.30605974329834 0.788313885038008
0.384051857256919 0.753248764551098
0.373869914732718 0.757832212743449
0.272765082270923 0.803255701783692
0.287475987768838 0.796654856081712
0.291897125685618 0.794672449301164
0.292290094957906 0.794493569921775
0.362586168353757 0.762915666922598
0.28350553214682 0.798437308209932
0.314708387822703 0.784432409966915
0.384433930636007 0.753076742690871
0.268553523856471 0.805145163923331
0.325860173571385 0.77942326781105
0.301422304310512 0.79039621871707
0.355770779384467 0.765980787402309
0.345226147073743 0.770718711652577
0.329576634131454 0.77775381552877
0.314509043615977 0.784521921767045
0.288391357054601 0.796244397179792
0.390294921308429 0.750436092463882
0.309630338053116 0.786714195304466
0.301422304310512 0.79039621871707
0.272601573069702 0.803329052139076
0.269199711374955 0.804855085824186
0.281815479218725 0.799195240087864
0.272342273714238 0.803446079938646
0.348219711600976 0.769369412886749
0.283345159577668 0.798509640261167
0.358650347526102 0.764682417181237
0.3611966092494 0.763538899257993
0.276005678577098 0.801801878165016
0.342719282126858 0.771845098720187
0.299594318278027 0.791217201813839
0.323227104671403 0.780608126784441
0.347071073701168 0.769893019082875
0.364171819807544 0.762200549868445
0.29772882732978 0.79205440763173
0.278718235037371 0.800584475740528
0.299594318278027 0.791217201813839
0.276792781635118 0.801448897441965
0.38349378535286 0.753506631356287
0.299840217692735 0.791106451619446
0.275595617029878 0.801985971469731
0.339799144362756 0.77316029019697
0.357601928690686 0.765154715743958
0.373547487901912 0.757984084316779
0.396116655197343 0.747812152059398
0.268246553821107 0.805282701561123
0.297272243891144 0.792258558678691
0.365177460880857 0.761745743731551
0.271392919424238 0.80387148121821
0.33754718991637 0.774169669982717
0.330434568389773 0.77736894564604
0.349771051187747 0.768674995952328
0.347014937800389 0.769914354675425
0.300914967970202 0.790624917767521
0.282508093685892 0.798884699891233
0.27391263772482 0.802741012343525
0.282301076043262 0.79897809658369
0.280072711512458 0.799976596881893
0.388476151345343 0.751255581480661
0.289826357238462 0.795601767767845
0.314591861304044 0.784481741153124
0.278599664678153 0.800638124607195
0.271509746306482 0.803818807058661
0.36530367885 0.761688227962936
0.292720997913656 0.794302446112938
0.377580932873129 0.7561668204141
0.275163897392841 0.802179786061898
0.27189989686201 0.803644045122075
0.274791937655895 0.802346587586734
0.327580154625254 0.77864988365907
0.291992465504332 0.794629514260094
0.277864889572683 0.800967232219723
0.302004190530147 0.790134787200355
0.390368595270399 0.750403729289569
0.271315181026561 0.80390583685642
0.297176799880168 0.792301678239041
0.318661210794666 0.782653912403768
0.284168471187174 0.798138573249393
0.268390285764404 0.805218224039762
0.268879793760416 0.804998521585297
0.275958557159955 0.801823138793184
0.277871574037645 0.800965626130763
0.29053104550864 0.795285259245446
0.378043820508908 0.755960857796255
0.277094910528232 0.801313059938493
0.275988663260058 0.801809460554156
0.308512419846149 0.787213212474512
0.350259241047203 0.768455210224277
0.272392115891217 0.803423088025028
0.344028654589099 0.77125678501815
0.328032852201282 0.778445336746678
0.339558077415264 0.773267554792712
0.264783467478716 0.806836019274213
0.29470064898182 0.793414156733721
0.358207086933012 0.76488237703537
0.293728716571334 0.793849663909302
0.356449219142895 0.76567266026979
0.310428179010169 0.786353014001681
0.3135402456929 0.784954689615402
0.28666534078394 0.797019303183529
0.315122687050989 0.784244238358191
0.293856725175421 0.793792181838766
0.268272857521485 0.805270892090827
0.2830380722895 0.798646599994241
0.395742748184431 0.747988464068217
0.28981153267046 0.795607332179365
0.280006286876615 0.800006523390272
0.288978663000705 0.79598056980721
0.336297927944237 0.774730747231338
0.262342103266986 0.807931206505731
0.293728716571334 0.793849663909302
0.278433220254202 0.80071223299825
0.267519512036846 0.805608894951654
0.273146867586361 0.803084702330851
0.264003317142875 0.807186072215732
0.320859795235358 0.781669142517397
0.267110749606878 0.805791937326166
0.378231947924493 0.755872676717999
0.378231947924493 0.755872676717999
0.393951836179946 0.748795928205188
0.393973204820772 0.74878200156467
0.387162268048728 0.75185025333775
0.380451379084674 0.754871338517026
0.387162268048728 0.75185025333775
0.357403105987105 0.765242805861633
0.335080265149505 0.77528060333101
0.373635499523295 0.757938592781452
0.388886635685861 0.751072083249764
0.379272337085658 0.755404736757339
0.379345950154082 0.75537300234438
0.394664821853234 0.74846862456509
0.391423910446572 0.749928363256949
0.382776437994371 0.75382652629318
0.352996320828605 0.767227155003855
0.346985119253568 0.769926606568611
0.335826031107172 0.774943221000995
0.360096112503172 0.76403670226434
0.38672659408233 0.752044790213411
0.339938344369654 0.773095121897006
0.353716497559794 0.766904584624999
0.329657066501767 0.777717727491632
0.34391183708101 0.77131124524595
0.343410806515196 0.771536009847563
0.345427161349022 0.770627516313041
0.386695111654271 0.752059156603345
0.327747871958138 0.778573853688812
0.378267652212564 0.755851686387622
0.39442968938956 0.748573113407117
0.324969223959308 0.779821110620875
0.28600772863394 0.79731630587957
0.354390836679212 0.766599843154843
0.299371931174883 0.791315093125703
0.298959008162759 0.79150000171981
0.351695958346561 0.767810876566797
0.321788352176651 0.781250026821015
0.340546907448557 0.772825588786278
0.27465488659434 0.802408136010458
0.37362574985257 0.757947930081414
0.32586560288705 0.779417974283818
0.369044668217677 0.760003915815094
0.296159931086984 0.792759269390953
0.274674754343667 0.802399223454179
0.298297144358544 0.791797445977928
0.360770277095891 0.763731532854173
0.307150071452387 0.787824635730545
0.337711372228488 0.77409934672882
0.283939464378973 0.79824291799197
0.385796385050154 0.752463192348936
0.299985010718233 0.791040788053459
0.338511721313252 0.773738726407524
0.275552816811645 0.802005218376646
0.34882156483768 0.769105856162709
0.370609999534471 0.759301618296837
0.298155258878736 0.791861248042535
0.325000955944437 0.779808032849433
0.331026528009734 0.777103049660442
0.360522726537833 0.763845149007932
0.332744431061112 0.776329302718778
0.390924503432803 0.750158122871217
0.34301265161163 0.771715465120264
0.322379872211248 0.780986187405297
0.29874801350612 0.791596520880182
0.375044882663059 0.757309813573727
0.370888123158343 0.759179612305005
0.339493793028246 0.773292979553928
0.326009338628032 0.779355282473917
0.285481723988592 0.797550643279389
0.377917662315056 0.756008993473801
0.369951345395164 0.75960079241018
0.275927747984999 0.801837147861618
0.325045461011768 0.779787985595473
0.276047187629752 0.801783535710595
0.332794368346553 0.776306463532387
0.345644666065294 0.770530189003886
0.288356589583018 0.796260564358775
0.347847840493985 0.769538939341591
0.349295203541585 0.768888549808922
0.307997223420268 0.787442750998558
0.323282340489037 0.780580258681524
0.305951901683317 0.788361975632105
0.332416554594015 0.776476149342988
0.336485750268552 0.77464878443331
0.332794368346553 0.776306463532387
0.30652248696889 0.788104390832253
0.312573803617144 0.785388802776402
0.288848560727435 0.796038825424933
0.385358522387143 0.752662645908266
0.277260601847411 0.801238629903743
0.290834725675787 0.795147934237293
0.300645082130505 0.79074511465294
0.35853309724923 0.764737522430144
0.286244083165799 0.797208142127184
0.347849593632495 0.769538150300782
0.336591672036567 0.774599750915689
0.376068740737061 0.756850948092854
0.304260750773531 0.7891207986729
0.319520813477708 0.782269229539952
0.29028535744579 0.795393422379057
0.309991974025059 0.786547029233547
0.307386060961929 0.787717137393135
0.375198689843286 0.757241080716653
0.288457199122534 0.796214583020234
0.279398533272563 0.800279978351388
0.305689946006066 0.788478463646211
0.298450325428211 0.791728983410049
0.376407968063732 0.756691787502013
0.28925523411106 0.795858076020604
0.306598460283055 0.788070283851025
0.286885531005935 0.796920436166418
0.290145449589652 0.795457623017044
0.272900887972746 0.803195504161806
0.306598460283055 0.788070283851025
0.311304687686881 0.78595654718473
0.286244083165799 0.797208142127184
0.275510389318502 0.802023974799282
0.314452239498456 0.784544874427196
0.313338261163717 0.785045132483193
0.297357053842292 0.792222698750564
0.292966982215076 0.794190656335188
0.313969737019099 0.784764390373657
0.267864437280588 0.805454221568358
0.287938657715503 0.796448147991791
0.334650451242843 0.775472278253121
0.312869030957424 0.785255940906372
0.294160590530821 0.793656327901257
0.278753830456529 0.800569872795511
0.27712291406792 0.801300175836715
0.283989521466272 0.798221077913633
0.323616510201287 0.780431143269084
0.283349019862127 0.798507857336915
0.267888422552946 0.805443370502667
0.286733616087862 0.79698892077523
0.283014806150019 0.798657030262066
0.284297795756164 0.798082194678327
0.282796594920387 0.798755442880955
0.269591710855933 0.804679428931689
0.272873541219553 0.803206955996031
0.383498117557847 0.753500777217344
0.305385390002464 0.788617652764863
0.275082642658174 0.802216144479184
0.266778944848595 0.805941305652561
0.314820451380966 0.7843808329006
0.382241658055405 0.754069428659197
0.292996526737655 0.794176640916964
0.315621088915742 0.78402050484012
0.286251323014121 0.797204283875296
0.319797267852847 0.782145264272512
0.294471052793567 0.793515644667496
0.315258249783178 0.784183470010553
0.291024947182844 0.795061867119114
0.292210917422238 0.794529204527757
0.294787468910607 0.793372928049812
0.296774730812281 0.79248071114871
0.314093408706863 0.784706109971591
0.270585926833541 0.804233033336858
0.276528041771813 0.801567507228273
0.308107806089497 0.787393384510848
0.314093523355919 0.784706059601727
0.307256056762307 0.787775732933956
0.290642184755358 0.795233248674366
0.289613201943406 0.795695015213411
0.305140729907046 0.788725905974597
0.359929609486991 0.764108709216369
0.293815933677263 0.793808562174846
0.309025600172937 0.786982537066313
0.270534796689349 0.804255978150886
0.29076190586519 0.795179504777688
0.292031839080682 0.794610169172996
0.300286778084927 0.790905038043687
0.335745473231937 0.774978566900986
0.270592701056784 0.804230002575028
0.290893175604854 0.795120590825473
0.298361626982617 0.79176998974791
0.290353268704597 0.795363247138917
0.331647244281333 0.776821288978406
0.29643865720199 0.792631539013378
0.292193252611886 0.794539672413287
0.313579391783211 0.784936761758522
0.314623213363917 0.784469451798503
0.295601456553771 0.793007423315327
0.286096010137205 0.797273786351492
0.290642188820941 0.795233246849176
0.293547034205578 0.793930044292642
0.288316560257189 0.796276840772609
0.293842325752345 0.793797293289729
0.289703780656619 0.795654362032473
0.280672461280396 0.799707181462439
0.31014650209996 0.786479279525271
0.277066162398354 0.801325709022438
0.276957009663447 0.80137446629547
0.270534796689349 0.804255978150886
0.316923466191213 0.78343907509982
0.279618331749254 0.800181378648844
0.376449480927449 0.756674899634654
0.32308440183614 0.780669110868127
0.269476910465299 0.804730630933035
0.281359289624233 0.799399812322276
0.352436770604375 0.767476920483941
0.270920538839151 0.804082993302945
0.293304587856899 0.794039992790724
0.270499604920579 0.804271765310329
0.343188467299391 0.771636821510091
0.286700288550118 0.797003123335243
0.270534796689349 0.804255978150886
0.294787468910607 0.793372928049812
0.315571243856695 0.784045233295391
0.360237626910119 0.763966204290247
0.29100859863627 0.795069220775785
0.270756483472565 0.804156649118993
0.326362650197451 0.779197162585438
0.298068951038453 0.791899768855614
0.323028146539823 0.780695023409472
0.369534717386049 0.75978339858855
0.280838841501529 0.799632514301376
0.391002796896634 0.750119082714942
0.296407529873398 0.792645374840429
0.314552520376574 0.784499631206545
0.343188507258962 0.771636803434223
0.272841560843159 0.803222398336745
0.294806579819333 0.793364350107761
0.323459542673148 0.780501151727683
0.294725852034003 0.793400754488768
0.265465041476719 0.806530648253008
0.377628296044854 0.756145747039587
0.299231153676665 0.791378882910446
0.305342865616444 0.788635421480066
0.286064869793485 0.797287788661233
0.285548140844733 0.797519682091055
0.321249115641508 0.781495795523252
0.331980760222986 0.776671435410361
0.312734849771234 0.785316939640466
0.292404289000182 0.794442514877131
0.329722112809778 0.777686221582854
0.345869423508625 0.770432648605868
0.390269443728046 0.75044644308929
0.293181543661291 0.794094119901125
0.290257859934269 0.795406432645149
0.286820492148179 0.796948535211884
0.285195674837882 0.797677739627042
0.3036659296152 0.789387262994136
0.343075521858908 0.771687792551346
0.284012757325481 0.798208240059526
0.312987401946205 0.785203843466861
0.32209109511149 0.781115537469024
0.270536463367549 0.804255231557346
0.290257812894939 0.795406453800729
0.304194687676521 0.789152652429695
0.274354530954712 0.802543401177328
0.280938226658807 0.799588209691791
0.294106315684797 0.793678719396207
0.289260589888623 0.795854116043401
0.311188022708453 0.786011388989201
0.350621072498597 0.768295524400441
0.324666009304826 0.779958857339011
0.270534796689349 0.804255978150886
0.277423239646281 0.801165389375107
0.287498646544819 0.796644096091806
0.321826733904511 0.781234474561028
0.351138778813079 0.768061638853479
0.289497802047157 0.795746799138211
0.26109227266874 0.808491839399365
0.280838841501529 0.799632514301376
0.280836945739568 0.799633364993094
0.287214244732965 0.796772166808031
0.295043456267782 0.793258296791382
0.263803881058516 0.807275709476249
0.294662974373865 0.7934288107493
0.27700125654273 0.801354849802952
0.289463225161419 0.79576237053033
0.311108953564081 0.786048076223811
0.276370900848695 0.801638581471059
0.278326189032737 0.800760270989401
0.289630806179659 0.795687140288407
0.271700353279646 0.803733310722267
0.294196213373052 0.793638234078039
0.292722123034957 0.794300937268843
0.26382813716879 0.807264830936319
0.277936317476146 0.800935311604518
0.262212462224613 0.807989459052284
0.321999869613886 0.781157587782771
0.270561394513286 0.804244046521667
0.369520551944349 0.759794328096323
0.294551936554244 0.793479683708394
0.293098225597533 0.794131372957312
0.259543860264152 0.809186303093298
0.316478749576226 0.783634393208708
0.260579140621645 0.808721910595358
0.276164834267547 0.80173128246395
0.273638577292758 0.80286442200367
0.293012947516485 0.79416999456753
0.309518335873311 0.786761045359587
0.343255085329654 0.771604540609001
0.321801539227378 0.781245812447417
0.271975578927267 0.803610019319761
0.309491171343911 0.786771967496744
0.287934912534908 0.796448712675326
0.301982419822136 0.790143185615571
0.310207342307087 0.786453754599348
0.336553353191233 0.77461854868015
0.263311915549178 0.807496338168415
0.365364979397785 0.761666493052131
0.278860819020789 0.800520391730505
0.273385155350418 0.802978003799482
0.300538042252534 0.790791845273822
0.27197078693754 0.803613187674137
0.273135417529268 0.803089550715168
0.259542118554306 0.809187084337332
0.259554796408516 0.80918139488133
0.352192081108734 0.767585763939622
0.383482746695578 0.753511487436251
0.278670320168246 0.800605870954248
0.281377797138439 0.799391065958872
0.267820162608039 0.805474140186766
0.314110270135599 0.784698934863642
0.277191612542768 0.801270046979777
0.266022743154933 0.806280572466537
0.270731402194421 0.804167896910669
0.383293981525183 0.753596900538624
0.302564632964381 0.789883310443618
0.266170928113686 0.806213919878449
0.269193011926469 0.804858275522316
0.350355384549663 0.768411116226419
0.265797944013848 0.8063810375696
0.271237095384946 0.80394092623664
0.275575448476121 0.801994788408251
0.38289027799873 0.753769315450649
0.32152854972258 0.781368646358082
0.288840373938046 0.796043095901784
0.370050106694163 0.75955405897293
0.28139389929469 0.79938374502946
0.286802745162927 0.796957394355801
0.270338237948674 0.804344179488269
0.275014289478669 0.802246994722666
0.267571935379046 0.805585260458771
0.281719296096228 0.799237837157096
0.368147681016494 0.760407566871226
0.271735688949549 0.803717459436065
0.270761642964601 0.804154309935686
0.278845713030045 0.800527871349208
0.382085481700002 0.754133071113839
0.278458365629987 0.800701699079514
0.278213721375648 0.800810989397101
0.290058742176763 0.795495678861856
0.309036154863003 0.786977335497855
0.277640582528881 0.801067973365471
0.372033106221505 0.758659879612669
0.266106047477785 0.806243169979844
0.316103472245675 0.783801399628277
0.308655022658537 0.787148025838831
0.381505821393955 0.754402558192586
0.270877739671896 0.804102239703714
0.26775918365604 0.805501264869133
0.259554986646053 0.809181315068367
0.346133377605029 0.770312545555283
0.289405221488992 0.79578999636429
0.308651808514031 0.787149472807526
0.278814150264273 0.800541303626584
0.278214839523753 0.800810486973023
0.289788528116889 0.795617012385639
0.272077263335874 0.803563989392003
0.293803391910584 0.793817499869841
0.281137682504505 0.799498916608032
0.278214976662892 0.800810426551432
0.292784962594623 0.794272060598988
0.282169335382236 0.799036170647231
0.327179642703849 0.778828423623441
0.311339893103392 0.785941912274002
0.291910740736941 0.794664453049358
0.267798560436158 0.805483604002721
0.264133904483506 0.807127514134158
0.279376857288419 0.800289479873674
0.279699457961483 0.800144273254567
0.280092426163499 0.799968273902619
0.298530823660291 0.791693887011452
0.307713939869613 0.787571906228054
0.337025383706239 0.774404200635409
0.260449563252909 0.808780074670332
0.2762555601939 0.801689535149437
0.26858897388519 0.805129150728074
0.289364437138869 0.795807520594479
0.27947265083145 0.800245766550095
0.270877739671896 0.804102239703714
0.268415647047623 0.805206861738349
0.275326582076673 0.802107071276365
0.366377547350218 0.761206809863293
0.266854712022656 0.805907500468146
0.305042523792716 0.788773476540424
0.308304443771373 0.787308941762221
0.356945937821488 0.765454742909323
0.302556906274727 0.789887240483367
0.289942296019156 0.795547990077198
0.265808326561951 0.806376739738752
0.280441649156246 0.799811892141244
0.325285584498257 0.779678965582474
0.288716317546076 0.796098982625971
0.27777799819219 0.801007097884529
0.277959569661115 0.800925031655776
0.272748932984947 0.803262815127817
0.27336726970994 0.802985533369569
0.307733378418388 0.78756295085072
0.288534064224298 0.796181655535638
0.276969736417817 0.801369853422686
0.266579854107986 0.806030285463332
0.281557242528869 0.799310093994656
0.260389180534213 0.808807155259458
0.279019432161067 0.80044895847388
0.262155146764113 0.808015043655732
0.281850764813934 0.799179411336075
0.259775922759999 0.809082210898276
0.276269450302226 0.801684317560653
0.284042576845634 0.798195910347011
0.266515413691534 0.806059459864451
0.322496185883248 0.780932910081959
0.277467397960284 0.801145718456981
0.289942831151198 0.795547687798694
0.267515988372066 0.805610354608711
0.333219065600198 0.776115021181961
0.290333065252969 0.795372292203608
0.301356953079662 0.790423768430739
0.331567787213335 0.776857221236354
0.285814060331398 0.7974002717068
0.333234491047589 0.776109499016442
0.266438445882706 0.806093983857284
0.280280707851346 0.799883898032567
0.353064583685168 0.76719791883592
0.281074259882808 0.799527634410164
0.284847439569163 0.797835324509277
0.28995401191219 0.79554265246855
0.284450864086485 0.798011869918423
0.287560464433069 0.796619119416833
0.2858917339038 0.797365417813114
0.267515984034425 0.805610356546843
0.279099990406755 0.800413432330134
0.272574205133237 0.803341331910211
0.26717766752585 0.805762117610365
0.262078891646042 0.808049343051368
0.287747395249493 0.796533751662037
0.290839716311066 0.795145208217689
0.271262745468423 0.803929659505948
0.27583121080045 0.801880149001292
0.263124965867244 0.807580130700569
0.265903026391993 0.806333868348417
0.289918960494581 0.795558407911369
0.270891478326402 0.804096196734188
0.259538148936408 0.809188864626685
0.296571519465466 0.792571913432791
0.279541125599429 0.800215837111943
0.267718545776639 0.805520148591074
0.289415613460844 0.795784380311133
0.297501950039766 0.792154346788014
0.26621798514119 0.80619260281071
0.287217262688967 0.796770576142935
0.281307694195718 0.799423405816677
0.278096797123976 0.800864089346445
0.270891478326402 0.804096196734188
0.266886843273398 0.805892895353154
0.260775100063805 0.80863408422894
0.275937532989804 0.80183254716809
0.288925305723071 0.796004821833912
0.281724644637537 0.799236833896248
0.321322837646127 0.781461996688552
0.299200522074203 0.791393068537324
0.28405385775366 0.798190048081055
0.287290063206609 0.796738654645315
0.263826526192588 0.807265553787787
0.277694404714599 0.801044610539453
0.381873448116172 0.754237438898221
0.286377292324411 0.797147223463852
0.260016119166004 0.80897448360674
0.338507671752463 0.773740719859067
0.278266981109726 0.800787047590383
0.296915913859263 0.792418767852391
0.299696839401267 0.791171359850914
0.339869411952494 0.773123515140122
0.289010159617554 0.795965796604962
0.263812278596631 0.807271949207228
0.270891478326402 0.804096196734188
0.294650415703632 0.793435382587211
0.276631787234782 0.801520677224058
0.267275033459279 0.805718474576805
0.279765444238337 0.800115550366637
0.278434293673303 0.800712102876291
0.279143553691758 0.80039424871555
0.272089832193957 0.803558958838461
0.375046355060918 0.757307298442376
0.395312750284606 0.748174096506304
0.337624461406421 0.774135003805697
0.364541041424562 0.762032476514468
0.350622049814646 0.768292099864141
0.379716298626741 0.755203570384312
0.360314269788953 0.763932723682275
0.370516362133582 0.759341934379218
0.339243088183991 0.77340667766037
0.364333832109021 0.762127057162156
0.358580143268275 0.764719695181469
0.392263077045012 0.749556294402527
0.356075093312973 0.765841310143057
0.380985566066701 0.754634421601723
0.361091254200569 0.763585720916518
0.392116261074575 0.749619646204509
0.33754486418964 0.774170738702111
0.379243599074535 0.75541974281674
0.338615606523158 0.773689257502705
0.361224063831621 0.763525983226065
0.361217760332816 0.763528818529508
0.389207477534506 0.75092622215511
0.358711326141307 0.764657308038464
0.33617627807428 0.774786018949802
0.38701021612306 0.751923182509122
0.337498668848635 0.77419150603507
0.355843880312746 0.765944972846549
0.360123025417704 0.764017764585168
0.356655617413841 0.765580443319083
0.354338715501335 0.766620858745757
0.363751719594549 0.762390264947488
0.395212745394095 0.748223072310459
0.351574134816798 0.767864936699155
0.363782517957354 0.762375373094403
0.388078499968367 0.751440103486835
0.356527858926741 0.765635755760551
0.31131803868175 0.785953330269181
0.361091254200569 0.763585720916518
0.327293303443627 0.778776147315388
0.354021302112196 0.766767082716076
0.361145405554302 0.763561322240964
0.35077340935746 0.768226390948254
0.374238168354548 0.757671836415527
0.364037334750517 0.762260525777911
0.342387973558706 0.771996401781795
0.361091254200569 0.763585720916518
0.289911601943973 0.795562335739779
0.383072336028116 0.753693527777844
0.393573390970564 0.748963834408854
0.276625505628107 0.801524038403107
0.361159932525284 0.763554857552556
0.277062605013442 0.801327843963999
0.351998403092218 0.767674265526148
0.288626681115298 0.796138698392277
0.276624218144732 0.801524608356418
0.361159932525284 0.763554857552556
0.278003566385038 0.800905728074789
0.284379687069603 0.798044730850453
0.319570231481894 0.782245964050755
0.349571539942402 0.768763063183298
0.361290202755098 0.76349630482144
0.307101566133174 0.787844579194025
0.277094187680106 0.801313528592174
0.345501549779222 0.770594778873766
0.365560540576011 0.761575077923187
0.350802403017179 0.768210973621789
0.310362551006061 0.786382817297135
0.276298655897972 0.801670590315002
0.360938707712669 0.763654368597847
0.276197260646988 0.801716059744202
0.361159932525284 0.763554857552556
0.301856516524141 0.790202398184801
0.276151978937427 0.801736415975808
0.359831270415744 0.764154005300498
0.341619059117742 0.772338609046032
0.372916960319467 0.758261545704789
0.298191973732032 0.791846180187959
0.355121145994221 0.766268938409533
0.361159932525284 0.763554857552556
0.345855140341536 0.77043458063214
0.334420947203858 0.775574953827343
0.330104413418233 0.777514163652272
0.350493933997545 0.768351652958123
0.275581813218017 0.801991979860317
0.379558096569254 0.755278113573588
0.331340393587443 0.776958844739566
0.358480892102982 0.764763625740959
0.294267963689367 0.793606303945573
0.360027495037112 0.764064279466677
0.263795151086044 0.807279332185083
0.329603943922216 0.777738753694218
0.349766167825464 0.768675918203393
0.32480084928612 0.779898007659799
0.312080987489635 0.785610068400063
0.284040032551674 0.798196926401154
0.33249618869528 0.776437832907576
0.277600690115814 0.80108588867723
0.276544173982678 0.80156024446757
0.269178877751377 0.804865049014817
0.35295099492507 0.767246017807513
0.28818922698061 0.796335514139872
0.297544342130744 0.792137106830396
0.335341051840752 0.77516087125708
0.279450326249591 0.800257041900591
0.283125146544798 0.798609257242888
0.317027614963143 0.783392004483729
0.279812011860734 0.800093818600498
0.31291868594983 0.785233250452038
0.343611397802176 0.771446505121075
0.320511115295777 0.781822181949921
0.281752059022913 0.799223863877981
0.268135958706718 0.805332355812747
0.328647791317937 0.778167615613933
0.372066776895496 0.758647718512656
0.337534500766068 0.774173535608821
0.263749027024622 0.807300021750663
0.275383961112499 0.802080900110579
0.308860289997527 0.787056325481085
0.270510733818218 0.804267332103904
0.279450326249591 0.800257041900591
0.263751654784992 0.80729884275376
0.275079111729831 0.802217914055055
0.27943371666556 0.800264042149994
0.273398007628008 0.80297161045241
0.326364953998433 0.779192732684029
0.2796344889417 0.800173579196439
0.263752470502131 0.807298476769193
0.33904590430181 0.77349609943735
0.277774634815082 0.801008484560644
0.310895311523505 0.786140592398262
0.263357267054179 0.807475751589471
0.331652173078745 0.776820572306753
0.385651418269783 0.75252755487224
0.282938169442666 0.798692526873945
0.315444654836937 0.784100854336757
0.265645894705799 0.806449173483743
0.273175154436403 0.803071522609355
0.263670972761156 0.807335039371612
0.329641293571595 0.777727184079186
0.332813261864325 0.776299044337835
0.283602592394965 0.798393318194522
0.391656648160193 0.749825226129792
0.333405215187476 0.776031992368758
0.27589678529156 0.8018505375754
0.283903759060215 0.798259737741409
0.346097456957803 0.770329180684014
0.272566811229573 0.803344865043153
0.329647416231812 0.777720979847945
0.355857799665629 0.765941788557817
0.282619111855695 0.798834893877735
0.270208581622371 0.80440255085541
0.274301349516729 0.802566757017449
0.326767392206859 0.779011505222105
0.307362329231749 0.787729168133409
0.273435356454874 0.802955299074401
0.326331908215524 0.779210936322381
0.299600740852951 0.791214001435877
0.278380033779883 0.800737297814868
0.317368534086702 0.783236960367231
0.369202704017485 0.759938985556721
0.264715809160426 0.806866262266554
0.32958341614428 0.777749995844912
0.297017552013792 0.792372814308596
0.320287074466056 0.781924353896466
0.32577167942045 0.779463204544795
0.330656463414266 0.777268638232838
0.327757594322456 0.778568159434008
0.329403100212586 0.777829614352423
0.266162172991824 0.806217503612117
0.289278972087602 0.795847102823556
0.274727628983102 0.802375217835167
0.325980483692765 0.779370067451799
0.302211837761868 0.790044010730307
0.274241382975717 0.802593613701757
0.275929490609658 0.801836776403877
0.286567472967479 0.797062675527293
0.266162172991824 0.806217503612117
0.352865032932001 0.767281640960555
0.263748798279894 0.807300120129215
0.371792615653497 0.758774020681333
0.380257940074665 0.754960870936387
0.327977389498996 0.778474024082692
0.28919967023413 0.795883396333056
0.358601666535378 0.764705770097831
0.283537058059277 0.798422941357163
0.28139721956701 0.799383005864397
0.303614905325447 0.789411043273529
0.276972465874652 0.80136834637662
0.266304445214384 0.806153669002796
0.31565341583304 0.78400745653202
0.287971898703463 0.7964323144325
0.38821071498263 0.751378678616552
0.304297551513231 0.789105770189752
0.274650613462727 0.802410749227899
0.266162172991824 0.806217503612117
0.295675400193577 0.792974379154888
0.314484394838356 0.784531414064004
0.341999776975261 0.772171761391876
0.274065702137311 0.802672403119794
0.321069779080149 0.781576440062609
0.378100855889751 0.755928696364243
0.26617107227959 0.806213512960683
0.26526645893537 0.806619298181281
0.332870992068458 0.776272460989428
0.30293193355432 0.789718675454142
0.296286806853764 0.792700529580209
0.395660498833957 0.748020002964346
0.263335576060691 0.807485481385677
0.341981422204535 0.772179109078451
0.277106269458141 0.80130780029417
0.271059455021822 0.804021241618117
0.283035591133699 0.798647333927573
0.382142870187904 0.754109954587087
0.271167640685408 0.803972813099332
0.372688184676063 0.758368736379315
0.277105564360745 0.801308116665007
0.270894510624189 0.80409472117338
0.27828757771035 0.800777833701031
0.351971290350788 0.767685165621433
0.300890847891629 0.790634519974405
0.296401871224978 0.792648934913928
0.348267445534689 0.769350963806879
0.276585109488693 0.801541641226521
0.34010905047171 0.773020462752987
0.27007148724019 0.804463756961466
0.265906932814563 0.806332487595362
0.35227915749718 0.767545797208825
0.358952806318891 0.764544810746007
0.336062555385053 0.774838810847059
0.275658683616172 0.801958143865657
0.34965525394214 0.768725708598919
0.28976335466673 0.795628605741113
0.281974726422247 0.799123696172556
0.263730910001732 0.807308148433953
0.3934120170429 0.74903518142203
0.363750251241857 0.76239316719673
0.269659086755236 0.804648905287523
0.297092716908841 0.792338988317126
0.302717519243926 0.789814280311727
0.333500202713826 0.775986492539122
0.262993810068431 0.807638785077323
0.266694459379261 0.805978721721756
0.290152384403241 0.795455201107394
0.287089852253776 0.796828106499672
0.271506563021225 0.80381998628071
0.383071759277007 0.753693949771652
0.286240968833776 0.797209853809212
0.277031492781822 0.801341767278851
0.349184783333065 0.768941487621464
0.277762585360068 0.801014211423393
0.295238594911984 0.793170868735074
0.309301167076128 0.786858129351703
0.263005295360764 0.807633633216866
0.362794220347027 0.76281751377179
0.353470975125079 0.767011032696047
0.304143645556806 0.789174961037013
0.26302076433289 0.807626694148198
0.349146968261864 0.76895847706576
0.290927470242628 0.795105246886818
0.264046435284474 0.807166616618255
0.287146540524362 0.79680268879845
0.375284787628114 0.757201828333053
0.281096137721803 0.799517811518241
0.266712676683292 0.805970554755623
0.290379224126082 0.795352789320651
0.360907441283041 0.763663418222261
0.262887895193691 0.807686498932397
0.263838030095888 0.807260098338382
0.337754300132179 0.774078820302543
0.35227915749718 0.767545797208825
0.296710810017637 0.792510378911553
0.30743335601817 0.78769717540282
0.260433019244218 0.808787514771932
0.324043170624346 0.780238024943019
0.279134226860834 0.800398400561133
0.332695716630692 0.776355019832727
0.34253545757974 0.771930809995009
0.329510917741035 0.777784166562411
0.282692808206361 0.798801203015191
0.282822005917694 0.798743945149862
0.272132760875808 0.803538912825926
0.35227915749718 0.767545797208825
0.260433019244218 0.808787514771932
0.317874155414684 0.783008033457512
0.291013886463103 0.795067415454726
0.394995319411771 0.748320634526412
0.395609491684765 0.748048879558764
0.390664902087161 0.750273204438061
0.37246364545983 0.758469772796256
0.375191046162333 0.757244315271181
0.333955167486038 0.775785320392173
0.396817796305675 0.747499024292193
0.317313445658881 0.783260742806421
0.293971927331071 0.793738879645082
0.377761418929953 0.75608254558465
0.33496319347844 0.775334738164047
0.329104403747004 0.777965166637892
0.351316500406118 0.767981072167958
0.377655792500188 0.7561308013562
0.317455150881164 0.783197257966255
0.311738252647408 0.785764364432461
0.330697755848014 0.777249410130076
0.396406415665689 0.747683522288805
0.293563425664004 0.793922266060401
0.294638496691927 0.793440182447424
0.317879665343745 0.78300673084302
0.330227285512715 0.777460650904027
0.339773813772152 0.773171110642536
0.29045580102051 0.795318287253029
0.307790641472372 0.787537629449694
0.289361059278725 0.795809541730511
0.35579200634295 0.76597232376709
0.264539011297035 0.80694587962809
0.31560057307185 0.784029371169023
0.290690097606572 0.795212683054324
0.333122292676995 0.776160443834314
0.350964308524541 0.76814139284448
0.321640364977829 0.781317337840095
0.330725471533974 0.777238769246985
0.283855245090953 0.798280452760635
0.336998244241475 0.774416051119767
0.288457866400135 0.796213463155235
0.293488423576227 0.793957857401771
0.388869106889598 0.751087735866001
0.294551107155085 0.793480953940024
0.264539011297035 0.80694587962809
0.285527651844424 0.797530160165689
0.291831106879942 0.794701557396328
0.317015738188153 0.783394426487928
0.291831106879942 0.794701557396328
0.326786286787312 0.779008841665527
0.264539011297035 0.80694587962809
0.27999710196554 0.800011557454959
0.293707403434677 0.793857741168342
0.272887476210502 0.803200556308722
0.300771376087888 0.790689190045812
0.279630109396765 0.800176315066874
0.290138109262202 0.795459369645845
0.293462899640558 0.793967636964813
0.283862998863004 0.79827542722125
0.290489428569286 0.795302217630315
0.298087175653967 0.791892551104234
0.288243567537186 0.796309652484276
0.281493421698459 0.799338874128814
0.298064310586624 0.791902907576528
0.292268830137854 0.794503693409773
0.2858038274459 0.797406231911202
0.264599032984857 0.806918962517756
0.272992927014366 0.803153353042313
0.281478032767106 0.799345768924173
0.280859770217064 0.799623656772976
0.297391699238864 0.792205110470403
0.357258825160752 0.765311150772587
0.289385079877818 0.795798661855272
0.285666985938247 0.797467766325427
0.294240724248512 0.793619894954488
0.279268334643186 0.800339015531404
0.352756559735377 0.767336386664187
0.291735321379344 0.794744936204478
0.285971385088048 0.797331064244709
0.275749855085475 0.801916215740657
0.291502659793742 0.794848642488205
0.343312781959482 0.771581410040391
0.298927112571159 0.791515529715935
0.273488638913201 0.802930764031341
0.272942484245824 0.803175984674576
0.29071207144084 0.795202370272875
0.288556206689838 0.796171797505176
0.371674379976658 0.758825593516143
0.272025412782625 0.80358772392071
0.372633461921694 0.758396362873644
0.28655867926324 0.797066728272412
0.287450936637592 0.796665707417572
0.273455260337888 0.802946419328629
0.267653423369485 0.805548836736509
0.332882493083644 0.776266487843413
0.287556505383626 0.796619858507379
0.284983372488634 0.797772664623253
0.303992462928006 0.789240291052424
0.279751686340566 0.800121508788686
0.30198979700704 0.790141781221851
0.3057910453837 0.788434308181781
0.279402305681437 0.800277510389766
0.313300405667432 0.785061208156095
0.289451073475449 0.795767945940504
0.272450005725705 0.803397744966053
0.318313590116334 0.782813471427565
0.287186786533055 0.796785416693955
0.271891041299203 0.80364783055985
0.30132187054961 0.790440135344296
0.263855118449315 0.807252557435256
0.288376831603173 0.796249792609912
0.342986709633791 0.771728218987511
0.310839785490973 0.786166195751721
0.269885958355154 0.804547326561687
0.313630346897944 0.784913998112583
0.271891041299203 0.80364783055985
0.286925070791187 0.796902569947254
0.292464161002225 0.794415834105132
0.290724402056128 0.795196815795873
0.295047010866282 0.793256868631527
0.347068529181881 0.769893714134255
0.368011171325449 0.760477056601665
0.339911092240267 0.773111783996544
0.287520811753952 0.796634006981215
0.284424033310689 0.798024342958834
0.270188479207275 0.804411625461781
0.340908176530148 0.772662379196995
0.314415768846163 0.784561314887289
0.275582644269097 0.801991552733537
0.297324728679569 0.792235158650739
0.325387697330378 0.779636224935653
0.290797001869372 0.79516548091949
0.29071207144084 0.795202370272875
0.310398273078485 0.786365087204094
0.271909094830876 0.803639727134006
0.309974581977732 0.786556408655368
0.289590864870109 0.795706290001953
0.312194929313421 0.78555749882545
0.273141775326949 0.803087152817791
0.267330201889549 0.805693858155754
0.278579260791017 0.800647324808794
0.273756470404579 0.80281092312528
0.276159860071934 0.80173224098862
0.305892824618095 0.788388320691475
0.28262716864548 0.79883180522274
0.34884277521388 0.769094415844478
0.285221520610499 0.797667094916396
0.279283762435997 0.80033195253718
0.285503636999207 0.797539877301175
0.27356960554035 0.802894812839236
0.275097770588764 0.802209299245298
0.302801626580189 0.789776060956025
0.342749997629809 0.771832818436517
0.302094583578712 0.790092797452359
0.28149141030743 0.79933977666042
0.343160730095755 0.771649031572571
0.290301770402054 0.795386550340229
0.28412508757369 0.798157808386812
0.274970463740378 0.802265807630802
0.279722048089085 0.800134806764653
0.275583129527087 0.80199133504088
0.303205047742682 0.789595028475433
0.275582644269097 0.801991552733537
0.272759576162407 0.803258540188492
0.283319726375169 0.798519469336444
0.301869306121545 0.79019435623033
0.275748683030004 0.801917009427279
0.273790006966895 0.802795846531512
0.275876982156333 0.801859617510639
0.301342998150063 0.790430741719039
0.30259611937365 0.789868700374641
0.290688490138374 0.795212934552985
0.32324922405507 0.780595386702641
0.329726445127678 0.777685098514647
0.287627853558809 0.796586212470073
0.28667167148127 0.797015510146796
0.317249411278832 0.78328959804224
0.280115996744868 0.799957395089121
0.284324433453858 0.798069596234578
0.273756470404579 0.80281092312528
0.275864066321628 0.801865595255773
0.275876982156333 0.801859617510639
0.277160759873254 0.801282873238556
0.28432174714373 0.798071060530829
0.285971385088048 0.797331064244709
0.273067144533393 0.803120081590836
0.27101474347768 0.804040630833582
0.331879648835985 0.776717041985544
0.292844239843626 0.794246278762587
0.288221744205088 0.796319411460489
0.275818034360628 0.801885586789894
0.315044316310709 0.784280423443705
0.329074873234697 0.777976441899959
0.284049248788507 0.798193260459326
0.288370405659239 0.796252677848357
0.287980759362691 0.796427755299558
0.278920910941745 0.800493410746519
0.322269087367521 0.781035065428172
0.291238943891657 0.79496601145478
0.269149740509083 0.80487746934736
0.302584437244045 0.789873340991718
0.303680572960582 0.789381279171379
0.284287712925978 0.798086419505413
0.304483471002194 0.78902127438487
0.282231762073227 0.799008734483456
0.270360952402221 0.804334137701951
0.325710589245503 0.779488094503375
0.282008586576802 0.799107604177473
0.26696350614588 0.805858570074513
0.277437975662974 0.801158941607613
0.274588600550048 0.802437416261601
0.3108302234558 0.786169847964051
0.278950019670027 0.800479985761887
0.281313787365509 0.799419348672469
0.266671464012673 0.805989218309254
0.27254958223107 0.803352448405583
0.278812565414208 0.800542619491715
0.314511326636616 0.784518455123629
0.293408322466876 0.793991985857886
0.279831542890105 0.800086135165583
0.277680592720681 0.801049693023292
0.282178579503794 0.799032447561721
0.2729860362756 0.803156538752958
0.320050754707365 0.782030718468187
0.277706177276196 0.801039295399234
0.305668628738284 0.788490450394008
0.279974232827975 0.800020765363597
0.30858421118346 0.787180211816762
0.309106707608346 0.786946150638556
0.315175758010851 0.784219535028155
0.372541553042289 0.758435560244933
0.280411435270316 0.799824291026765
0.284919378013766 0.797801350053329
0.289541548918308 0.795726966076338
0.302014931124474 0.790129726653054
0.269228781174987 0.804841945893961
0.276705835219335 0.801487573890939
0.27747382664013 0.801142787829593
0.27034299474362 0.80434192713779
0.291411762405349 0.794889137023646
0.299925033604935 0.791070710234331
0.273009590438162 0.80314592622946
0.279624577227531 0.800178009085102
0.380897102232444 0.754671556761473
0.264105190343796 0.807140451671981
0.304480503730612 0.789022702920242
0.314625549461414 0.784467168883263
0.270771857734466 0.804150109583948
0.304921847416467 0.78882468416736
0.318271714599168 0.782830472198985
0.264443941434528 0.806988461547968
0.277136176181034 0.801294755758576
0.277544253025313 0.801112133750795
0.334148266940189 0.775694922366672
0.274858032166249 0.802316918193619
0.319215273927507 0.782404641653123
0.299850583792722 0.791101877522682
0.289109073440357 0.795922615637639
0.287726491966025 0.796542805895702
0.305935000201005 0.788367703399113
0.323237146912626 0.780599129786929
0.266525395895885 0.806054855190445
0.264763329935916 0.806845253694476
0.279624577227531 0.800178009085102
0.295310594528729 0.793139422697973
0.338362809924511 0.773800826869847
0.322262890389536 0.781037685175513
0.277750864868366 0.801018544009459
0.292794405545219 0.794268641573063
0.268612542588168 0.805118804973109
0.288336863813719 0.796267824392573
0.292764575150698 0.794283066335589
0.274872472979965 0.802309839059666
0.293591862750085 0.793910786100216
0.279834638161733 0.800083757447808
0.269911091401606 0.804536073936877
0.271738264425955 0.803716386554548
0.30350942292109 0.789459634434916
0.361893307608531 0.763220725994565
0.279708229865498 0.800140473444765
0.293317678625908 0.794033811189811
0.279624438048535 0.800178071492437
0.293094906131318 0.794132329606275
0.293980345212383 0.793735814577289
0.285971385088048 0.797331064244709
0.270570171217249 0.804240240977026
0.281544000578269 0.799317385912725
0.27310021295774 0.8031048023194
0.271428077517656 0.803855360568125
0.302080291938521 0.790101112951553
0.378716137887091 0.755659300603332
0.358746697794513 0.764637293760222
0.268344046625881 0.80523933680984
0.268634972786659 0.805108434371714
0.271829705907134 0.80367536279161
0.311272113837255 0.785974330312807
0.279708229865498 0.800140473444765
0.281930820631488 0.799143915268481
0.297333336604533 0.792232504007179
0.293877900036825 0.793781687856236
0.300399802375504 0.790856430856234
0.265718672190833 0.806416833141031
0.332274757412221 0.776541293339081
0.267624151672942 0.805562361665304
0.287726491966025 0.796542805895702
0.323375637598369 0.780539043653873
0.284330300304506 0.798066793442652
0.280199012714648 0.799921269899123
0.270458606409732 0.804290616174201
0.279875413948726 0.800066114914103
0.280801891866497 0.799649937363769
0.302243202400645 0.790029457007374
0.266690443058555 0.805980676946593
0.280855863604558 0.799626207227951
0.271923124768876 0.803633392706498
0.302056015371908 0.790110921805489
0.307254677360935 0.787777734400724
0.276564116406145 0.801550659404162
0.266459407545282 0.806084531838315
0.268713038797911 0.805073682141904
0.342486561421926 0.771956578594511
0.291898593408549 0.794672133868785
0.303099340189714 0.789642727731491
0.379463865210358 0.755319772886994
0.313451265016184 0.784996132780933
0.264533499480232 0.806948404114447
0.281934405747782 0.79914147249265
0.274224102582867 0.802601012704268
0.273441837411195 0.802952007829424
0.325454700798472 0.779602879783975
0.277029791435299 0.801343224715431
0.261825128084184 0.808163093196899
0.272347752268565 0.803443000463807
0.271989946159519 0.803603487851269
0.266343702505038 0.806136157153499
0.29373992232177 0.793845718952126
0.262323547236384 0.807939522213842
0.303316237774369 0.789546536095524
0.292915615471848 0.794215529118245
0.29481731530865 0.793361629173919
0.273854581256608 0.802767486797078
0.294211440943067 0.793633024356136
0.297035639399195 0.792365259343215
0.273193595904116 0.803063544778837
0.375333385855651 0.757175806083849
0.283904484190055 0.798257025409562
0.390022847399474 0.750562176032996
0.31618383363122 0.783767896369365
0.265402730900137 0.806558397161568
0.286044234248011 0.797297274086132
0.267345725112225 0.805686779100109
0.263216357682887 0.807538959695309
0.288329893530752 0.796272155330228
0.289918495554661 0.795558767076551
0.269745716123593 0.804610342609533
0.270943925598073 0.804072862682457
0.302410786326351 0.78995131930685
0.331755561277682 0.776777825162819
0.261799300655535 0.808174679500049
0.261530157371849 0.808295402765978
0.261825128084184 0.808163093196899
0.292495547019478 0.794402834209851
0.287035389568771 0.796853654926662
0.268178884670943 0.805312971503059
0.289459571359899 0.795763789540183
0.284439656448279 0.798017728055101
0.289606094777119 0.795699380229311
0.269932107686228 0.804526545119098
0.2841340295407 0.798154839693285
0.266680357380994 0.805985344437918
0.287305669729028 0.79673205254645
0.394231058707796 0.748664290531034
0.265016746455257 0.806731467651436
0.388967702665037 0.75104185251976
0.281210916961125 0.79946687286002
0.268771352502424 0.805047774363347
0.264458457603924 0.806981971923551
0.284770005197234 0.797869501191044
0.275632988552145 0.801968990304503
0.279247390306519 0.800347816664585
0.285885523277614 0.797368527477889
0.269220477183528 0.804845708762688
0.276352261858898 0.801646401023052
0.290967468631434 0.795087738781986
0.310814665709643 0.786178049065038
0.26645028007861 0.806088590172891
0.266353602825012 0.806131979036415
0.34489025015513 0.770871183922841
0.274185615028965 0.802618311540403
0.274925584823182 0.802287020123446
0.262150898657579 0.808016969364621
0.284439656448279 0.798017728055101
0.276630138017552 0.801521647388429
0.266769811254946 0.805945057410539
0.311030337763278 0.786081021017566
0.291502276666117 0.794849528333527
0.272366752280111 0.803434614466619
0.269451361121927 0.804742458001288
0.277629295080292 0.801073509215346
0.27462136840462 0.80242368214322
0.276538441316638 0.801563400940645
0.329629626288874 0.777729447006519
0.276628765537388 0.801522253700953
0.289214683336044 0.795875023373568
0.265899645766302 0.8063357594021
0.284617026606258 0.797937998534243
0.376711892444125 0.756560593725732
0.276100912850629 0.801758645867191
0.273027902553767 0.803137967644128
0.278085730347858 0.800869399731153
0.327471797825151 0.778700617909071
0.337670531764293 0.774117776998918
0.368235617306314 0.760373768277093
0.27364082921298 0.802862854346878
0.289095614792368 0.795928444867349
0.281063250804009 0.799533155962411
0.26583301797415 0.806365308430503
0.31758652355475 0.783138537681664
0.295794106029616 0.792922715042222
0.386170533328675 0.752296451098108
0.38069872482418 0.754762525770101
0.392550364907312 0.749425593885121
0.266454699621986 0.806086643635567
0.264886482970019 0.806789818424255
0.27167780578879 0.80374358749693
0.282007384461487 0.799108628770588
0.264754173606337 0.806849274847083
0.336329500967087 0.774715157120393
0.275268358893984 0.80213357696586
0.300566260264116 0.79077934533259
0.39193149481992 0.749703401176206
0.269421928474035 0.804756009649691
0.274185615028965 0.802618311540403
0.284418714036659 0.798027112886007
0.357175702146707 0.765346569727368
0.264011223347339 0.807182538043291
0.278722279789849 0.800582729802668
0.267919838399778 0.805429710314345
0.271728656624921 0.803720675029768
0.284302756226899 0.798079061700879
0.363743441802775 0.762393175867197
0.290144726343307 0.795457738210195
0.274733859292837 0.802372467151222
0.331335189768677 0.776959653663464
0.278659070539971 0.800611489469474
0.269163448060138 0.804871455968349
0.345280682778171 0.770695114271205
0.271138118074918 0.80398571808994
0.348924446635184 0.769054601133354
0.297173420743 0.792303043732434
0.285289518596702 0.797636373893212
0.271728656624921 0.803720675029768
0.277721015774261 0.801031979380632
0.279806288271963 0.80009680352001
0.266268021350884 0.806170370130488
0.2821487341786 0.799045073926074
0.277800147091101 0.800996756927854
0.304352398216841 0.789079369465323
0.293276695731444 0.794051471326483
0.297478902414743 0.792166685798002
0.278648539679515 0.80061577626611
0.284657553722864 0.797919851166116
0.272576817999813 0.803340359546524
0.348332501567846 0.769326024481188
0.282108520955721 0.79906334430718
0.317053429205218 0.783378985701156
0.276044343896204 0.80178466940278
0.266458227882348 0.806085060990707
0.363658075888906 0.762433165891286
0.306458621898402 0.788134490227079
0.321035405375288 0.781590434639003
0.301794193863712 0.790231060400709
0.269167697536988 0.804869548954776
0.275023769136664 0.802242422331913
0.269537943097177 0.804703481470387
0.280823103579941 0.799640129758398
0.275733487956546 0.801924687084912
0.374017909974296 0.757772874151804
0.306668342893776 0.788040316725359
0.297316830434356 0.792239153414005
0.331381738265267 0.776943321303901
0.263147027752509 0.807570067378825
0.359077676252075 0.764490895298076
0.287795134365613 0.796512733756326
0.294328168847281 0.793580039639538
0.28193434206598 0.799141500646483
0.28147270800527 0.799348136222526
0.392580749359872 0.749405145657646
0.266616370470962 0.806014135630531
0.277011680490715 0.80135059717686
0.298044976244091 0.791914059484518
0.286177074159623 0.79723845550906
0.273120376178932 0.803096369149677
0.265991837600151 0.806294101792122
0.278134581188864 0.800847498111077
0.269859518636679 0.804559006547853
0.358435050446978 0.764780507255586
0.268683499790765 0.805086961260265
0.358435410079167 0.764780275981468
0.283097595177811 0.798619577298179
0.376091069817422 0.756835384893918
0.281693085826168 0.799249220646102
0.263865069677536 0.807248097863605
0.278915961781235 0.800496316761167
0.279342822139428 0.800305308248078
0.279427735967754 0.800266362583395
0.318451168221706 0.782749406480804
0.282657802889995 0.798818871526694
0.266459407545282 0.806084531838315
0.261730989303988 0.80820532826713
0.317038041213414 0.783384660005363
0.290075565750623 0.795489064644588
0.267378353071187 0.80567213633417
0.2951475337085 0.793213997561128
0.297268329364888 0.792261366852124
0.261530157371849 0.808295402765978
0.330461421565187 0.777353749120424
0.281280467429447 0.799435119849205
0.35191031218087 0.767714983437426
0.265642626376841 0.806450938460809
0.333357415026444 0.776050660741524
0.279474417422148 0.800245345713868
0.270477166223195 0.804282788349286
0.358434671083152 0.764780620881017
0.285437770091365 0.797569984603548
0.264236019988786 0.807081783276182
0.298208945660594 0.791839404330505
0.385319074164231 0.75268169941637
0.355132000647139 0.766264108568065
0.274803251728926 0.802341489379708
0.276823574274858 0.80143476430239
0.272101543472716 0.803554332186715
0.280163256014391 0.799936905587877
0.281662320581358 0.799264374478793
0.310575245047857 0.786286321509831
0.274140501143054 0.802638553667668
0.272960929545837 0.803168052461801
0.266459407545282 0.806084531838315
0.27062705511254 0.804215106285711
0.261143343979237 0.808468891207604
0.331902750647416 0.776709128023484
0.268941618673385 0.804971502264263
0.269698290550265 0.804631544255976
0.26449994784852 0.806963253385997
0.267780303697417 0.805492091849361
0.31785632569282 0.783015192795442
0.287513219529908 0.796638349760474
0.264726341474875 0.806861714483494
0.292320536423603 0.79448130611451
0.274561853375233 0.802449282593502
0.262483150206238 0.807868006887587
0.265920455294871 0.806326228845664
0.333916308759977 0.775801459389903
0.273226398100453 0.803049376670783
0.281887989824739 0.799162238403925
0.279350698851038 0.800300799232084
0.264497599064849 0.806964401733386
0.34253473654814 0.771931452914965
0.306946082487682 0.787914512151653
0.290134820695148 0.795461032305018
0.310281081837304 0.786417365449754
0.284418714036659 0.798027112886007
0.286744481985446 0.7969837022537
0.311794353920192 0.785741101698899
0.273227364695604 0.803048326829161
0.272582828829578 0.803337314091192
0.309746756278719 0.786658840692579
0.315366068974853 0.784134584791327
0.292485744511259 0.794408063849515
0.295453014326709 0.793074694441715
0.279267076401202 0.800339665466906
0.292913375535123 0.794216006245676
0.282297131734766 0.798978676854817
0.269425968337057 0.804753578315922
0.2748144384958 0.802336304338809
0.267054807677414 0.805817596584422
0.29385837113536 0.793790966547437
0.285440793633152 0.797569294047023
0.281116597904137 0.799508772862444
0.269420861961499 0.804756579052232
0.300271169544862 0.790912297802326
0.310072518261982 0.786511074167305
0.276857264359342 0.801420014871483
0.27453194315942 0.802463983917634
0.360119574477912 0.764026258508427
0.269553789850025 0.804696247429611
0.29639007636257 0.79265491100087
0.270327559050755 0.804349550496922
0.277209638360512 0.801261967867993
0.285355157484413 0.797607159775718
0.320121131801576 0.781999137236927
0.263838458545435 0.807260038449449
0.279440092436044 0.800260871851518
0.299637272898921 0.791197569316781
0.270813600214949 0.80413169559093
0.326483750417189 0.779140452167165
0.280809065594834 0.799648438899683
0.26807489599892 0.805359845357452
0.316335370719883 0.783699987991685
0.325306405962937 0.7796684438391
0.27441784353641 0.802514388896603
0.276858060722153 0.801419657839873
0.294507380044115 0.793499775236639
0.299265896650737 0.791364811383749
0.276857264359342 0.801420014871483
0.279542235451921 0.800215139894134
0.320070609672595 0.782021837427959
0.27368398553684 0.802843555125025
0.286982502029225 0.79687733568418
0.284806914433 0.7978526068858
0.266459407545282 0.806084531838315
0.269514429965167 0.804713901580308
0.328701149820591 0.77814525752975
0.279198954362354 0.800369008743488
0.283277529748078 0.798539157673924
0.271202594105311 0.803956817232973
0.270496252214275 0.804273315988653
0.266450722909258 0.806088426881661
0.294492672112395 0.793506179756371
0.326982115922858 0.778917121933305
0.290988892616009 0.79507936689584
0.387532199794437 0.751686817459931
0.281946185093631 0.799136968052781
0.357391459862119 0.765244587753233
0.910947529392342 0.198809938749125
0.869425415124162 0.265604558169842
0.913253363249936 0.19509643333679
0.913152011882931 0.19525965038697
0.332541378582765 0.776417250891937
0.34904521644135 0.769002224493668
0.359272601354956 0.764400903175393
0.328998730959422 0.778008775443887
0.334597780039576 0.77549373384975
0.332541378582765 0.776417250891937
0.349734910170368 0.768689036972376
0.336504829067237 0.77464260220611
0.330513500802167 0.777330452897319
0.338059273952481 0.773940651135329
0.369577776516822 0.759771732257174
0.338191405941744 0.773882103154724
0.337944253579818 0.773989264107444
0.325053679404651 0.779785148839123
0.350726102589315 0.768247781531021
0.34904521644135 0.769002224493668
0.332165376790616 0.776586162668087
0.289670259866951 0.795670382443184
0.348823757262106 0.769101721841378
0.295804910942003 0.792917586761468
0.376227026600411 0.756773356350953
0.387799249122257 0.751560776106071
0.392269178540068 0.749555945986298
0.357097931435424 0.765383659495535
0.332165376790616 0.776586162668087
0.325540186828563 0.779564369451974
0.328109934983494 0.778409257038948
0.349312562936522 0.768882019049409
0.332235632958816 0.776554580428154
0.332232760600996 0.776555870786984
0.299038617565042 0.791464131980317
0.383692718045529 0.753412219029126
0.331169852334429 0.777033431727842
0.284751419424728 0.797877917726102
0.394385450822301 0.748595534380141
0.334499655468576 0.775542523636659
0.36499847028206 0.761828082772689
0.348773302333972 0.769124527045362
0.358154772212404 0.764905266239104
0.330216217060322 0.777461796197797
0.330359074822336 0.777398739278706
0.284502276221659 0.797989497952748
0.335789127729039 0.774957669330612
0.344851011254172 0.77088561998591
0.378899083237291 0.755569560312666
0.334923019020431 0.775351788432507
0.323067741350285 0.780676435713128
0.334727403318036 0.775434777203982
0.337853698670613 0.774030016766782
0.337304930863015 0.774276999234878
0.344875250544342 0.770876837543977
0.283309584719759 0.798524712502954
0.347506582995243 0.769696958401423
0.318861939627046 0.782566408219592
0.326148479707784 0.779288974097579
0.331454424598878 0.776908596923043
0.349441854781884 0.76882600522265
0.292412779996448 0.794440650118091
0.282731441987268 0.798784169191543
0.354991561033253 0.76632627800199
0.329018878413663 0.7779998597749
0.310322397020977 0.786400745476788
0.334244400095735 0.775651967603359
0.282731441987268 0.798784169191543
0.366952875815394 0.760949331726115
0.355542831053192 0.76607832307731
0.282725047632492 0.798787038455263
0.296221861574322 0.792730018095366
0.282618191806977 0.798834986671334
0.354495064624603 0.76654966568422
0.337829670440224 0.774040820080449
0.314536965944737 0.784507708401717
0.352273369390196 0.767548318135714
0.36101250034567 0.763619199495019
0.336826589287245 0.774495946578788
0.341834134670756 0.772242500943612
0.351885239372569 0.767723094580632
0.35259965732562 0.767402177881611
0.358758807156038 0.764632288574939
0.315664445506699 0.784001254897807
0.353313822120899 0.767082686628369
0.35173304201892 0.767791314202971
0.29951724106414 0.791251788190718
0.297643028392635 0.792093159160776
0.356807566609148 0.765510767259969
0.304941902362366 0.788815133727261
0.336895190167022 0.774460290366751
0.35301308793166 0.76721615240677
0.301293931419681 0.790453290343348
0.29021627449268 0.795425431215927
0.321500526058987 0.781380797947068
0.282786005930904 0.798759675157692
0.304421313806077 0.789048844216996
0.295367089081838 0.793113522289253
0.322543576934923 0.780911851947289
0.358794224294235 0.764616357221199
0.31569553888683 0.783987272584219
0.358794224294235 0.764616357221199
0.315833121864412 0.783925539574161
0.307461156409748 0.787684006626485
0.284524433621425 0.797979141842894
0.360439069755417 0.763876331044459
0.293443910680103 0.79397775330809
0.358254213328009 0.764860872848057
0.331774215368263 0.776762785252732
0.290462577578051 0.79531532253408
0.315833121864412 0.783925539574161
0.315406415319323 0.784116387902016
0.319196354911193 0.782414934144596
0.300917227195421 0.790621961094772
0.338955047009946 0.773539192331111
0.328137647666342 0.77839550854048
0.337847010700081 0.774037623546126
0.344992933946918 0.770823582203326
0.338406093117257 0.773782949296521
0.310466439411243 0.786335870190212
0.300065987619116 0.791005673272136
0.29401268575929 0.7937206564598
0.328817741013129 0.778095819169782
0.337816571392219 0.774047407549563
0.282618191806977 0.798834986671334
0.307174534688068 0.787812978563145
0.292837103181028 0.794250038103419
0.38632238086262 0.75222818353072
0.294333758703431 0.793578219892759
0.279222043671236 0.800358651657385
0.295833943353786 0.792903722120032
0.285791501234539 0.797412104485703
0.352864588421181 0.76728487014068
0.292184275643196 0.794543392035555
0.28538548346256 0.79759380837278
0.320877591737144 0.78165949460234
0.384785330489316 0.752921014344235
0.314845470506173 0.784372058912925
0.36838211927774 0.760302139539105
0.308127067353209 0.787384985699052
0.383131310760532 0.753663725225297
0.367588198241261 0.760659433888929
0.367703283671359 0.760607067297716
0.318317022696553 0.782809698031217
0.281345825568434 0.799407230608914
0.288131011877477 0.796361342415916
0.315981540172371 0.783859221728105
0.291497740266362 0.794850762370008
0.291203074055075 0.794981785900296
0.279608463045883 0.800187021723224
0.335623233204059 0.77503581528003
0.361701574592984 0.763314915142129
0.368747328250823 0.760138045080315
0.288135010844677 0.796359473397804
0.283747057111459 0.798328456571377
0.282145068215195 0.799048179364229
0.297992360138331 0.791935778813099
0.325771062565466 0.779464640864895
0.395567987524838 0.748069744144266
0.335562295552309 0.775063250542789
0.378212434857352 0.755883635975586
0.388255460445647 0.75135781225067
0.32636241026827 0.779198143517949
0.351653662836228 0.767828206435272
0.380815016225871 0.754710858061731
0.344290377746507 0.771142526857526
0.38834153803145 0.751321349777976
0.371116864942534 0.759079093060036
0.349478287990187 0.768803496228844
0.379337017529773 0.755377462615253
0.314194203927073 0.784661613460567
0.323889850622237 0.780307596129235
0.312457351616651 0.785440679403048
0.312457351616651 0.785440679403048
0.287753608994492 0.796530535409303
0.312973252348626 0.785210030034562
0.319159715514025 0.782432502055592
0.328179315051424 0.77837906444691
0.311981098857129 0.785654632871678
0.31536188913434 0.784138207054851
0.312607921437638 0.785373129686615
0.369720320740064 0.75970294485294
0.329360493925109 0.777850026165279
0.341070061557067 0.77258586214393
0.324451030722804 0.780055485645716
0.352942437653496 0.767256256097003
0.337190215222252 0.774332255289411
0.345948028370276 0.770396472314933
0.334345497713088 0.775607739287495
0.266636837115455 0.806004605283671
0.297721488964615 0.792056958715812
0.271249373833657 0.803935206346646
0.368796476732465 0.760125246556832
0.354181554891849 0.766693732368766
0.275901045272879 0.801849558878543
0.277939871204726 0.800934135217556
0.279968436157782 0.800024462186303
0.345524428199951 0.770589941523755
0.276876059258757 0.801411301786982
0.324521540469058 0.780024699208221
0.357068577659468 0.76539623169169
0.266636837115455 0.806004605283671
0.323760417337008 0.780367479363739
0.272350366166736 0.803441492758835
0.335677801620069 0.775009379526734
0.335065554809769 0.775283401560796
0.330779341358766 0.777210332406482
0.395500125278047 0.748095247970959
0.37686125711888 0.756488659787219
0.273373015737956 0.802983910063147
0.267061450500216 0.805814099471927
0.276241602830334 0.801695979165921
0.268621556368655 0.805114576042967
0.296391824603091 0.792653886876737
0.307124701913199 0.787835158842501
0.301304603746152 0.790449833946267
0.326302787450275 0.779224687321173
0.288480882745121 0.796203894152445
0.345119286197896 0.77077030615605
0.368735629391226 0.760146945410853
0.281885113205293 0.79916398376429
0.285796078512023 0.797408801380483
0.285479162675703 0.797550851983813
0.283042202821195 0.798644048224375
0.266688782435486 0.805981294599504
0.266636837115455 0.806004605283671
0.34890645609927 0.769064374207613
0.344378915615934 0.771101399967509
0.31009020959054 0.786504779942813
0.295916363186527 0.792866571004025
0.333470006584887 0.776002735711975
0.28546305887061 0.797558237119976
0.34106711135578 0.77259153821369
0.28043854557826 0.799813147723047
0.265303112527768 0.806602913108359
0.286791869610773 0.79696194386407
0.265419782145952 0.806550576436052
0.329309390471338 0.777873558875082
0.275654566609902 0.801960408537717
0.266526936435251 0.806053892240592
0.337036681635503 0.774401089995403
0.300139788942504 0.790971972489874
0.285422649438901 0.797576373832054
0.269848104582514 0.804564068966483
0.374083815858465 0.757739853292251
0.277578183286883 0.801096038146504
0.302052156470846 0.790112335254412
0.309269000827632 0.786872985032434
0.314376651068436 0.784580843104728
0.289784859758033 0.7956190280687
0.267239592484204 0.80573424556964
0.265303112527768 0.806602913108359
0.265263879695615 0.806620498107422
0.312564903389286 0.785391880972385
0.262707976930611 0.807767051496311
0.271001152146723 0.804046714910831
0.28055418132296 0.799760891572571
0.281060178795177 0.799534695605725
0.265889625631134 0.806339821716557
0.264881430147907 0.806792030124102
0.264436632461306 0.806991591701309
0.365444038389718 0.761627713751361
0.265399898190757 0.806559492756339
0.265571552487129 0.806482724054214
0.292134532401377 0.794564429410901
0.268278776830358 0.80526838661549
0.313020266433508 0.785188889367376
0.320917371742633 0.781642782703589
0.265827628908451 0.806367630813876
0.313383947401804 0.785026201888402
0.26607117694519 0.806258379672016
0.269010652467274 0.804940438648759
0.265889625631134 0.806339821716557
0.277527427970578 0.801119362555603
0.269636140328685 0.804659859098632
0.357472741056754 0.765215164472387
0.276624056154389 0.801525980056886
0.299442026793953 0.791284078627927
0.280525693546766 0.799775165566619
0.275759829815263 0.801912855381624
0.264816838524733 0.806821039174311
0.290725443724882 0.79519629512206
0.269913693468001 0.804535461818417
0.382640315794036 0.75389371558041
0.318034194550061 0.782938387020391
0.26290087827886 0.807680584476023
0.385107903429633 0.752778280055852
0.328762521169776 0.778117475921093
0.270881688480844 0.804100722477056
0.308402833573382 0.787261823042777
0.293513985249203 0.793946250602472
0.266367625631478 0.806125567053191
0.265889625631134 0.806339821716557
0.383088821859767 0.753682357523926
0.277853708077196 0.800972540700196
0.374062116467246 0.757750709716655
0.315444511275851 0.784101382750686
0.340325917149702 0.772926880577001
0.277650454947267 0.801064152453112
0.299602665156798 0.79121189006556
0.300688971347555 0.79072611339312
0.366062412499888 0.761343920271925
0.293741432763556 0.793844162487419
0.304405105704614 0.789056389892212
0.299048629083901 0.791459869887625
0.267386230925548 0.805668940701481
0.27242161526237 0.80341074555961
0.38338428372301 0.753553853673432
0.273788065169419 0.802796384607042
0.268895996639558 0.804991578982649
0.294223671457968 0.793627451536085
0.265236528643897 0.806632815150329
0.268799355236129 0.805034987075993
0.279483723466791 0.80024198237385
0.266796098883017 0.805933119759329
0.267796205710097 0.805484494302511
0.330571940154792 0.777303346143963
0.29895896963887 0.791500858541519
0.266042830114576 0.806271098366524
0.263524808122517 0.807400673504017
0.262482887744474 0.807868088294288
0.311113840927005 0.786046598866439
0.273820699095959 0.80278252950514
0.268266653511317 0.805273827156653
0.371395918893091 0.758948684639224
0.333886583917804 0.775814828099479
0.387738016896068 0.751592800958932
0.298356235564176 0.791771609245772
0.378515757299507 0.755745235721861
0.26635823137129 0.806129772760114
0.316786755514865 0.783496866421245
0.297959381845654 0.791949446056466
0.266972207156415 0.805854400056694
0.261478561121898 0.808318527736903
0.389475598235005 0.750815106845625
0.353331455137976 0.76707391356861
0.276885006877455 0.80140730298174
0.283827761732529 0.798291676493411
0.37178648906606 0.758774679928762
0.391968718069351 0.749687534296034
0.31862825941291 0.78267112297379
0.277905054168162 0.800949326494841
0.321259944027239 0.781491331677017
0.28752977243541 0.796631483480539
0.287168009380826 0.796793000186743
0.287598094929461 0.796601886852258
0.265424776320455 0.806548366043018
0.261807707957087 0.808170893226471
0.278005715998764 0.800904628595629
0.382640315794036 0.75389371558041
0.275698522401959 0.801939476053953
0.269913693468001 0.804535461818417
0.276617409726366 0.801527415707869
0.345298550196753 0.770687081422839
0.265346769484795 0.806583371069068
0.288208831311311 0.796326239094389
0.283358933028177 0.798502473153529
0.318802780064689 0.782594052895175
0.288301960073697 0.79628460459832
0.273895218251528 0.802749039983424
0.260082804106287 0.808944545897725
0.322419327089879 0.780967957175388
0.338073394293919 0.773937421136169
0.278990449823252 0.800463255958609
0.263704625998607 0.807320203811618
0.355960469507944 0.765896636080726
0.389659865680672 0.75073047261334
0.285294815917498 0.797633879112821
0.264730431155825 0.806859833607877
0.260834960335199 0.808607141123276
0.304905382212377 0.788834052962138
0.261807162650168 0.808171215494624
0.28032294287761 0.799865350361785
0.345332019325247 0.770671150993759
0.260384013217678 0.808809447144896
0.305733782919793 0.788461518535945
0.280700686390283 0.799695449114861
0.271340217360916 0.803894582393242
0.386148758766512 0.752310167760213
0.265424776320455 0.806548366043018
0.28391199986238 0.798255062422707
0.919383141714152 0.185225392514069
0.921209333586245 0.182284641160573
0.917197734524182 0.188747350040243
0.917197734524182 0.188747350040243
0.917849826217946 0.187694699898328
0.918257124736263 0.187037901664885
0.921312778332005 0.182118072439879
0.91756150298504 0.188160471733699
0.921438490473011 0.181915327264576
0.921439114828392 0.181914320674495
0.92200525173952 0.181002742195862
0.908464184326989 0.202809129293341
0.328136389446122 0.778403399760828
0.357549438546636 0.765176766689718
0.912226633261428 0.196749475914429
0.911951464803858 0.19719242878225
0.92210918989228 0.180835347032341
0.34423956418336 0.771160717175938
0.329971522323686 0.777575415887879
0.92176734416205 0.181385914016221
0.911595909253699 0.197765006824259
0.911951464803858 0.19719242878225
0.878456190563215 0.251090037791974
0.92210918989228 0.180835347032341
0.908402710022484 0.202901360301764
0.914570865365656 0.192975932025812
0.914977580620408 0.192317831868027
0.922108593567659 0.180836307291842
0.903818745387872 0.210281314751524
0.922605375499874 0.180036204440986
0.872997444223292 0.259848886097133
0.916940594023674 0.189157556648494
0.898570536176188 0.218731762783732
0.922983072307828 0.179427896012586
0.298812505634086 0.791570357864188
0.921081426870668 0.182490472573965
0.918598627809152 0.186488164397165
0.915606594606034 0.191309572833879
0.912284524564639 0.196656177427177
0.913178272005987 0.195217169011637
0.915007408126967 0.192269684749215
0.912253635829256 0.196709559351895
0.91196033405884 0.197178161353651
0.910935348284712 0.198827246223322
0.322282058818087 0.78102718688353
0.921880477752425 0.181203626962187
0.901990857428066 0.213227841860273
0.916996731963929 0.189068206887112
0.908402710022484 0.202901360301764
0.908502107764994 0.202741302266936
0.911090453672921 0.198578887485341
0.91989105238126 0.184408116293077
0.869430246538509 0.265581806640581
0.920381431391718 0.183617791520545
0.91989105238126 0.184408116293077
0.923111387524426 0.17922122874782
0.908140207529733 0.203324023692495
0.389666386034247 0.750727541757627
0.193241200753922 0.874923952693382
0.216750953200378 0.862847055978462
0.211082335374548 0.8657581707053
0.229721086061078 0.856183050551842
0.186162649641701 0.878559347514303
0.188739351310918 0.877237158582603
0.184918782324453 0.87919863104042
0.185796429947283 0.878750347322868
0.183684470856501 0.87983284594992
0.222377866166411 0.85994728155561
0.234572409591741 0.853683755645077
0.202988058217036 0.869918934540847
0.174703270402093 0.884447133389254
0.203053111355212 0.86988552658019
0.192401537116107 0.875352747592865
0.18952035583065 0.876836088351932
0.244952348797051 0.84835163094458
0.226137310139441 0.858018834322349
0.220361652304252 0.860986270338247
0.181871440012884 0.880763300602155
0.17912429301842 0.882176831536935
0.197133550157453 0.872925630942241
0.200208303584095 0.871347778922515
0.181954026080043 0.88072370089471
0.171700598758759 0.88598933471807
0.190557472996751 0.876304566824835
0.215638696185422 0.86341801929445
0.176592735358943 0.883476837271925
0.224588544910939 0.858816557623947
0.20831865202118 0.867177077636171
0.202829414007736 0.870001229521043
0.224607650244286 0.858800609865668
0.188891954635394 0.877157686355629
0.207619528366409 0.867536069531117
0.18714165301155 0.878057529653533
0.181547527812667 0.880934028549784
0.187808936870292 0.877714353109858
0.195372401600458 0.87382870119615
0.171700598758759 0.88598933471807
0.247377535293978 0.847088056338193
0.224291910464788 0.858966836915226
0.197553725128098 0.872706127783124
0.207416447695192 0.867641910473105
0.198754611132267 0.872098035539297
0.205567549427554 0.868595075357214
0.187490546368511 0.877876879119734
0.171700598758759 0.88598933471807
0.199732948644485 0.871587170452591
0.185499814406354 0.878900086956391
0.182698972882959 0.880339307397808
0.176421903827436 0.883564040180105
0.19853547413086 0.872207162683596
0.186843617989661 0.878211988571174
0.236227200959731 0.852825088329614
0.210102783522765 0.866261630567752
0.169637821106119 0.887048576574466
0.199732948644485 0.871587170452591
0.174312365880591 0.884647918889916
0.164680306703455 0.889594289292567
0.225714490538553 0.858243231949574
0.247600859258669 0.846979823720751
0.195521861205265 0.873752844256188
0.234464553483725 0.8537298187497
0.176906628373336 0.883315089596763
0.158481495126035 0.892776698540118
0.22543008747148 0.858392415781291
0.203857083050269 0.869471525146511
0.184144938561387 0.879597337132876
0.175051738174008 0.884268326489436
0.185472423095189 0.878918316449965
0.158481495126035 0.892776698540118
0.182925418058208 0.880225177753573
0.170708156160803 0.88649897203942
0.243077453291211 0.849316888861404
0.21537129533775 0.863548837424133
0.164786477501427 0.889538684413481
0.165627695581973 0.889106716573668
0.238942727946052 0.851437800812851
0.162547283039269 0.890688721935166
0.200741686680014 0.871069809336103
0.191237878668272 0.875954763954779
0.184389111256606 0.879471641235315
0.175922554596446 0.88382108882763
0.208832387089482 0.866913030340457
0.204651456599586 0.869064878000884
0.20831865202118 0.867177077636171
0.185501023638953 0.878899465299415
0.168241370799749 0.887766054488336
0.168197069584277 0.887788211361367
0.232297304057983 0.85484898343487
0.165664916801495 0.889088658713021
0.171118752759133 0.886288059492897
0.190111523727299 0.876530953571257
0.183403447645204 0.879977378100773
0.251504293051653 0.844973581047158
0.201918208587992 0.870469116129245
0.234633286157675 0.853645616269278
0.176459731417183 0.883546419733745
0.169637821106119 0.887048576574466
0.168941798656426 0.887404290833717
0.195004945393729 0.874019407298961
0.219213688284917 0.861571692303159
0.202080591814095 0.870382507151979
0.182825124642018 0.880273262729898
0.17123291624322 0.886229598873566
0.240523405724813 0.850636199025989
0.198325878150481 0.872314012300946
0.202606841994132 0.870114008960151
0.175598308533791 0.883988932194213
0.204571307447538 0.869102157321471
0.192196000570944 0.875458375132564
0.212534249748185 0.865004242937494
0.235677446617094 0.853117477602189
0.242469509577944 0.849617756103271
0.203972633123324 0.869411802449907
0.201102453516048 0.870888757070603
0.219213688284917 0.861571692303159
0.194189534735612 0.874436554235509
0.174545354105847 0.884528282849694
0.179295978294123 0.88208600750738
0.171267578945617 0.886211276135842
0.175342798631943 0.884118658460353
0.185343546830018 0.878980424805461
0.22556798086171 0.858311768374913
0.182429965985473 0.880476171699382
0.163959769385036 0.889964228241941
0.180980148340152 0.881220408181823
0.192926377012583 0.87508446708846
0.164220265283889 0.889830541693478
0.248040775208069 0.846753566325942
0.198628319568526 0.872156449414388
0.185343546830018 0.878980424805461
0.164197311554662 0.889842333581207
0.179662676349843 0.881900360126645
0.169400028053679 0.887168970077749
0.203972633123324 0.869411802449907
0.204978600200548 0.868889509961584
0.172266802323725 0.885697855923902
0.19224661924386 0.875433902901155
0.165604691901891 0.889118528107805
0.237550974941799 0.852157686238187
0.208219194769183 0.867225776612693
0.198774290172032 0.872083177672254
0.175806147679488 0.883880685020434
0.188102628046837 0.877562861430739
0.19254809336255 0.875279938168216
0.244745978682017 0.848455078544217
0.18980576486363 0.876687156846438
0.171651165286615 0.886014687585869
0.199217582246605 0.871860402000971
0.203950561305721 0.869419963000456
0.204969150654748 0.868900142879838
0.199090256116681 0.871916838430326
0.194551976087083 0.874249989961204
0.175296517470628 0.884142428596152
0.249785705592204 0.845849887725971
0.220781479609351 0.860767066801654
0.221997413129669 0.860148166207184
0.2294825528217 0.856295773245662
0.163276521481075 0.89031521027926
0.18590885941026 0.878690947806634
0.199291720676942 0.871813301429644
0.216019201739865 0.863212558255736
0.223914692898611 0.859155435872259
0.213920888796559 0.864298046588729
0.23028407172803 0.855887162602342
0.223409645547076 0.85942752535031
0.204100285021296 0.869339632356124
0.195951763941949 0.873528386090589
0.189134223410563 0.877039228742776
0.197371868448193 0.87280189443969
0.241573926007223 0.850073207907796
0.181349398543915 0.881032821604653
0.191502829924226 0.87581340893745
0.213530616510736 0.864502785563217
0.17837736945212 0.882558969596286
0.179097720538817 0.882190949975317
0.176510702127102 0.883522084545773
0.208701420712011 0.866981888341377
0.204191224167732 0.869292871216327
0.191105249712893 0.876019325434038
0.190111523727299 0.876530953571257
0.185878544855685 0.878705557756016
0.172291089254579 0.885685884177409
0.1927564652862 0.87517212232889
0.189728313620798 0.876728054785052
0.161721864446381 0.891112569343418
0.19214305768475 0.875484678931151
0.241858999291087 0.849935460781417
0.171812958147708 0.885931523315755
0.171260093315262 0.886215116581696
0.182185349380752 0.88060461042069
0.157401759265486 0.893331236226705
0.250748702222246 0.845362763055219
0.223409645547076 0.85942752535031
0.181993261862914 0.880702730389592
0.237061396439857 0.852404882368497
0.175909857453246 0.88382740596703
0.199977757087186 0.871461760981783
0.196554887179366 0.873223090765092
0.194559705787273 0.874245412307566
0.192647801121807 0.87522886600204
0.209799478193565 0.866410455350532
0.213122198760931 0.864707033610613
0.213683413256659 0.864426618616914
0.204891211715428 0.868938459838878
0.193513708256936 0.874785100142038
0.185163657434942 0.879072815298069
0.195607006623933 0.873708019048575
0.177364311512504 0.883081251951563
0.179568866201993 0.88195027757731
0.194858997552667 0.874092275566179
0.194672574346302 0.874187430462965
0.249625118501059 0.845945614154839
0.190467228049046 0.876347988810359
0.180285079264748 0.881582651978487
0.167697127367754 0.888045657682829
0.185955468763773 0.87866455724775
0.235635302375204 0.853137591140324
0.158215405353571 0.892913662691333
0.178045604143781 0.88273023558237
0.176978494709807 0.883279881427113
0.21198759510979 0.865291760938001
0.176993779029931 0.883270935040987
0.219909257294371 0.861220607640485
0.178415036498528 0.882538859891939
0.175859117263212 0.88385404788985
0.206217618324085 0.86826113232838
0.193229526993257 0.874926869289624
0.207073166522461 0.867813919504464
0.208325494580932 0.867176466006366
0.219181923589439 0.861594263082933
0.214020235070709 0.864252229374712
0.20670504623471 0.868011489543342
0.175926330425601 0.883819015053144
0.172952187282427 0.88534715268688
0.174517211946296 0.884541854348193
0.194252112412664 0.874407431377887
0.190197557376824 0.876488686136634
0.163074324270856 0.890417997526339
0.167120438691162 0.888342600806658
0.190289696528364 0.876441303399868
0.186902216655785 0.878180626902489
0.2162275337983 0.863107799221187
0.182947261008099 0.880213319511521
0.216699675692651 0.862873021236154
0.195518733534459 0.873754430726541
0.165424340572492 0.889212204101997
0.217613894429802 0.862399658813575
0.20071929044068 0.871083863527735
0.182130273593555 0.880630721766075
0.172449475582087 0.885604518742521
0.175293862618935 0.884146888301336
0.18778393509234 0.877725604456847
0.213886835539764 0.864314783575551
0.232429299642172 0.85478441100855
0.213508708530256 0.864504864363552
0.179080087595327 0.882200156907932
0.221199078274345 0.860560680471391
0.173674113702511 0.884975034790521
0.176803065350465 0.883366375014078
0.202996184732943 0.869914072132823
0.180305139259603 0.881572570508708
0.168779418556588 0.887487755844692
0.189076971188679 0.877062911452108
0.180229718710781 0.881611063100527
0.190187140480108 0.876493998937552
0.16942616888061 0.887155264592961
0.188696647909705 0.87725731040847
0.156402865016445 0.893844226371925
0.190534125518311 0.876313394498691
0.190182312264126 0.8764964798636
0.206615469867522 0.868050629959274
0.167349942450305 0.888222116194091
0.167179265679374 0.888310052521641
0.205570710217704 0.868590677142238
0.194021542694102 0.874524896718402
0.249351152261532 0.846080912905341
0.199389049992106 0.871770879311366
0.191959495564794 0.875582303358128
0.206342844390413 0.86819484329419
0.186848542287054 0.878206954463017
0.238301304605983 0.851768244355509
0.214375668269932 0.864064282833631
0.207695503807357 0.867496187015742
0.18888935075023 0.877158805382651
0.19204022615592 0.875537030718342
0.175789012586877 0.883888599469505
0.172238701827178 0.885712083057615
0.212181283440487 0.865187456216806
0.18872156513749 0.877245069600319
0.156405339597608 0.893842954487903
0.193201567764141 0.874942179496696
0.243017797238101 0.849334135152188
0.166545935047665 0.888635161110939
0.211281012376654 0.865651229175921
0.17555321203775 0.884008855981861
0.239788215452608 0.850991104218134
0.19629348335582 0.873356877021319
0.169154287115589 0.887297003829202
0.172157986144819 0.885754127371513
0.19319198834232 0.874947033448526
0.234717151923479 0.853608738785808
0.1920796162381 0.875518664105622
0.247368275815233 0.847101166469931
0.205314586843577 0.86871491700693
0.175320225271238 0.884130265741012
0.194622640622112 0.874213081631533
0.237575455775536 0.852136134479571
0.252283007433387 0.844567483303876
0.183958924383775 0.879692897123165
0.189834648615852 0.876674288735245
0.228379321963535 0.856859511371527
0.215611998837422 0.863426542610045
0.186670261086188 0.87829933890656
0.16936056292641 0.887188958953713
0.188342667462972 0.877442190856944
0.195716879686345 0.873651138032277
0.171931576828871 0.885868073103283
0.171116668421328 0.886288669815217
0.182030861357677 0.880683467862009
0.22144787127005 0.860433295394929
0.194818203053817 0.874112470791786
0.163952868379006 0.889968001884561
0.185397094655169 0.878953739117415
0.184409607041429 0.879459219250917
0.232310574915641 0.854845658967377
0.185760755023082 0.878773635061731
0.1715695920508 0.886055677507612
0.180895239004227 0.881264701088719
0.175613169431387 0.883980643258401
0.180716403237119 0.881361194331489
0.252115833035441 0.844653524988879
0.235351416050487 0.85328972874488
0.201302650102122 0.870787687610986
0.15294484706088 0.89562011309848
0.180037705250337 0.881707468070722
0.215209767405121 0.863637272603912
0.164197311554662 0.889842333581207
0.169082253460396 0.887331950768361
0.201348251490065 0.870753209178816
0.15996121269343 0.892017341552309
0.194166872812016 0.874447073461637
0.174976053502828 0.884305649201592
0.195820347438237 0.873598805522756
0.15283133965608 0.895678398663745
0.161721577922443 0.891112784283044
0.174929193484198 0.88433110297962
0.248104985167135 0.846712905323814
0.208867274530154 0.866896197689945
0.252383450122823 0.844515567810333
0.1921811677349 0.875469476350366
0.167421877290485 0.888185396762422
0.185420578722046 0.878943826154281
0.23205199169622 0.854986290521072
0.214288484988911 0.864109040758738
0.188428148599091 0.877399490848085
0.186633626867807 0.878317764824009
0.205508432577602 0.8686190009673
0.161742831495917 0.891101782528029
0.182110793907629 0.880639640173832
0.157294686536273 0.893386226817306
0.207236002610169 0.867730268766269
0.183316109382266 0.880022753509522
0.237238882174641 0.852307606385966
0.161765240566685 0.891090264764781
0.164087159726484 0.88989890186282
0.171764273173425 0.885954265571847
0.194986866273167 0.874025771619122
0.227379505674603 0.85738762263004
0.163656299291371 0.890119480679931
0.233202358175054 0.854382777447546
0.192346434157226 0.875383697940872
0.213542482777179 0.864490089989331
0.204942841452634 0.868908710073155
0.188447178771169 0.877384142643564
0.169646640744389 0.887043589401502
0.218974186159024 0.861701362084499
0.169417913442614 0.887159505133341
0.185571587937173 0.878863234860836
0.250935356179406 0.845260236779318
0.177745829006076 0.882882504481961
0.211739063752037 0.865415242314823
0.1897000600588 0.876741636932294
0.168860280492152 0.887448008027756
0.170192683437492 0.886761542533824
0.180783002611888 0.881325618898343
0.190031250438661 0.876570498860888
0.173977530260057 0.884822158407336
0.208028736304972 0.867326094934252
0.164265797471646 0.889807145538948
0.25311319773051 0.844140227949283
0.184173972124258 0.879582024328537
0.156239257046783 0.893928249909831
0.233401839622728 0.854280336916672
0.209717735619397 0.866457861874245
0.169003254424331 0.887372807257519
0.213967570579215 0.864271756865626
0.17059299242146 0.886555927093853
0.189892644595775 0.876644946724418
0.240623105414068 0.850574354242008
0.241110721076804 0.850324302615467
0.183197561526628 0.880082374749737
0.17501912033632 0.88428492159168
0.228349152858353 0.856873589484385
0.164802182798666 0.889531754859542
0.229450860891566 0.856320291779584
0.200254800703843 0.871318014357212
0.252928980784888 0.844239258855316
0.159966271273233 0.892014009759606
0.202281942339439 0.870279379146079
0.212879218587424 0.864832013335071
0.173916504757182 0.884849879558902
0.156169774504212 0.893963943738122
0.172613363802421 0.885519114050362
0.166582770244029 0.888616980165186
0.173854748924499 0.884881567609745
0.198136060067535 0.872407407681176
0.214746436133005 0.863873980887439
0.22213012850724 0.86007097125548
0.170634643823496 0.886534432365402
0.242567157528099 0.849560927026403
0.16457768780278 0.889647114341001
0.156443132752406 0.893823729090046
0.16339023611475 0.890257591399513
0.158094722079119 0.892975332589705
0.15283133965608 0.895678398663745
0.156988274195852 0.893543522786861
0.179132787994942 0.882171409101609
0.23503052781919 0.853449940113456
0.183953592667229 0.879694569752883
0.194553940422891 0.874249150998102
0.153823437257895 0.895168899207664
0.197967733195912 0.872493682945318
0.17453590262132 0.884531727190586
0.157410435668904 0.893326729597783
0.187543239953416 0.877849421780837
0.21768693791606 0.862361744085912
0.190694478068149 0.876232413006845
0.179647434571029 0.881908568766764
0.243907378259236 0.848889777286717
0.20529954637801 0.868726357542433
0.177356830834857 0.883082237250464
0.231111755892597 0.855454958647012
0.205640826115388 0.8685550544772
0.167743199873924 0.888020135330677
0.185253250630174 0.879030236178649
0.165355116384385 0.88924622695245
0.196376572354826 0.873311053224666
0.234285413131334 0.853828364523207
0.199297218785175 0.871809469980451
0.188906686002277 0.877149202303087
0.163293209280383 0.890305322605151
0.20058354340102 0.87114707147262
0.201899019674939 0.870477497404252
0.183990567206761 0.879674598824028
0.203672555153129 0.86956451257725
0.163349973079779 0.890276835257176
0.210873917130225 0.865859379917952
0.190943631707927 0.876103874568394
0.173122606638332 0.885257398876316
0.170192683437492 0.886761542533824
0.172711255427915 0.885468262595456
0.170314996152875 0.886699364077122
0.158695036406413 0.892667013795989
0.172546208403301 0.885552994764035
0.166847354380059 0.888480636499186
0.177448362070325 0.88303529434212
0.169955264538591 0.886883399524915
0.186742110776544 0.878266659173635
0.170778674728605 0.886460483799524
0.220345806878326 0.860998825808758
0.204712924166363 0.869024008512081
0.165380011261704 0.889234973482147
0.180995097418266 0.881213662844703
0.177695307203918 0.882913280376462
0.243862932902915 0.848898369334142
0.210779488205607 0.865909573519023
0.183262827438673 0.880053497656455
0.220172767667372 0.861087541855922
0.177191547424216 0.883168165625404
0.193621974443728 0.874728205645654
0.152332002046965 0.895934834012685
0.170923728867182 0.886387249588012
0.16413350815844 0.889875158698717
0.185285723516401 0.879008577953219
0.224829261586151 0.858694270782306
0.156364951779329 0.893863696768778
0.235062178604165 0.853423405961186
0.162551202428333 0.890686676538402
0.249813104876394 0.845833120671123
0.200535240380604 0.871179306560003
0.177695307203918 0.882913280376462
0.173365441259668 0.885133620142887
0.181400572489662 0.881005871504807
0.170056442052246 0.886831529108345
0.176285172141956 0.883633405713702
0.196641682209007 0.87318128520877
0.154775359685176 0.894680016832008
0.171024338203515 0.886335697185523
0.174433242525644 0.884585792551545
0.247611339444556 0.846966131597206
0.165334171333072 0.889257357299453
0.184506120002298 0.879411640968116
0.207340209662938 0.867679555237284
0.190914855518814 0.876124239360669
0.169738534119046 0.886995763452719
0.175755021064604 0.883907654398423
0.156834126375379 0.893622976318611
0.165972196457971 0.888930120584539
0.193604692577952 0.874740278318058
0.244545894128648 0.848544547107433
0.170360144599787 0.88667599322758
0.168265845718353 0.887751236101761
0.22878708767602 0.856658767818538
0.244217724700485 0.848716314383298
0.18227975299936 0.880554682812907
0.255786687864548 0.8427894719365
0.152542322095915 0.895826819415987
0.208580421274532 0.86704257213861
0.247716214687126 0.84692109580473
0.197030382388606 0.872976440571821
0.175993333395145 0.883783353073592
0.240131754603798 0.850818667157811
0.244606849434741 0.848516120891821
0.164228643471757 0.889826358731388
0.21250392753851 0.865029406314908
0.167815757026732 0.887983806589375
0.178452030398233 0.882520823043038
0.25558744532826 0.84287384376671
0.175205860486403 0.884189121975656
0.155838863675119 0.894133920488704
0.162323056380397 0.890804516516488
0.23574269079466 0.853077142778992
0.154869303906913 0.894631826880281
0.156404388666915 0.893843442425142
0.230459139588202 0.855796776344314
0.196288187965603 0.873360433431868
0.165196356811954 0.889328194130759
0.178671165993725 0.882408543149085
0.206215104112221 0.868262126071026
0.183007743673519 0.880183533762272
0.208580421274532 0.86704257213861
0.186038352887784 0.878625412750116
0.164881535410672 0.889490995390739
0.187764671958428 0.877739007053726
0.24466298864098 0.848483767120111
0.244912234979706 0.848358575868967
0.240040324772255 0.850868055817287
0.157846719883012 0.893102804437896
0.222394658206953 0.859941284910213
0.238258541439396 0.851786443250744
0.172225692480416 0.885718649418497
0.160473156516409 0.891754703492645
0.177293687755471 0.883115274209339
0.167301089152004 0.888247498403252
0.167391695553421 0.888200973350445
0.244410784686493 0.848621992531997
0.168785966661257 0.88748440822398
0.166055166120571 0.8888883810771
0.249870769845852 0.845812040206833
0.161648313686959 0.89115122746603
0.163482258281107 0.890209697272978
0.24202219679346 0.849843230534632
0.225168206145018 0.858515506344961
0.174757353865208 0.884420368396496
0.178452030398233 0.882520823043038
0.179031255679077 0.882223644193934
0.155832598157486 0.894137098442292
0.173781200707585 0.884920640622364
0.179372903441433 0.882047846644535
0.186680892333568 0.878291093207098
0.210122962119156 0.866250253938964
0.180853477986137 0.881288774303297
0.156140263032751 0.893979479739023
0.22784973955353 0.857135551384035
0.179948909951956 0.881753442331722
0.174442635068249 0.884578181262362
0.244585296363194 0.848530170265914
0.161846958032009 0.891049207206789
0.244217724700485 0.848716314383298
0.162081999193875 0.890928433869059
0.188269765797983 0.877478450284835
0.163032668311477 0.890439758835564
0.225426809211957 0.858393419080847
0.208781747695745 0.866939107111475
0.192095898474488 0.875508977699273
0.17997258993668 0.881739394939733
0.188363925268046 0.877430054121702
0.160787587390379 0.891592906765769
0.181392907949962 0.881007417114913
0.171064393091699 0.886313766878271
0.166252327646382 0.888786028111779
0.182346897940903 0.880520165414222
0.176008131059517 0.883774467603714
0.179160995847728 0.88215701398453
0.208808365651785 0.866925488182729
0.188440651758392 0.877391254208007
0.182346897940903 0.880520165414222
0.174225645093127 0.884692458749098
0.247110437121699 0.84723160411478
0.17438137432941 0.884610860795209
0.164375434841966 0.889750936859166
0.254040950299287 0.843667456102062
0.169832309584012 0.886949284234862
0.178781448691001 0.882351701293242
0.224998281035361 0.858601316674328
0.156902098072269 0.893587872490108
0.176979551453972 0.883277206822306
0.173827004919158 0.884897118449032
0.230230589484282 0.855917249226695
0.185792127548307 0.878754744323996
0.18228664157075 0.880554605006273
0.160746324264232 0.891614099885016
0.208580421274532 0.86704257213861
0.169409453714417 0.887166414154643
0.172138927226998 0.88576265317441
0.19533939780238 0.873844360588062
0.246489909617864 0.847559816639156
0.215054534368376 0.863708541271816
0.18879260550739 0.877209545317939
0.171300908304233 0.886196071873921
0.230243721451335 0.855897341596017
0.194151983355608 0.874454538686506
0.204137195861395 0.869328668715433
0.251082034291658 0.845190500542312
0.184095662621864 0.879623987762998
0.169409453714417 0.887166414154643
0.212362333421169 0.865103886407869
0.191116939119116 0.876016716407183
0.181767475172801 0.88081836625131
0.170282660005005 0.886716489010002
0.19133036558381 0.875908015381489
0.204344220278733 0.869222592208303
0.164898420734403 0.889482325703383
0.169625583315809 0.887053331389191
0.227789652875954 0.857164235506554
0.163612831768066 0.8901417700543
0.198198912337475 0.872381005065148
0.197856244897879 0.872554496287694
0.190098815836399 0.87653680966132
0.206337756292133 0.868195700605014
0.167781732402237 0.888002725097631
0.182098403102952 0.880648356018273
0.18731298898544 0.877968399043653
0.16574839295322 0.889044545184079
0.180900334694201 0.881264414637673
0.237738253228833 0.85205725168328
0.213334037041628 0.864603035414869
0.251399079601813 0.845018722512712
0.178249702593145 0.882624647733077
0.164903054020904 0.889479945588708
0.239872961785057 0.850965595111144
0.256208511696516 0.84254546349031
0.224863223369812 0.858665843463166
0.219076106585777 0.861651832987409
0.161311263061738 0.891323989116723
0.197071423573508 0.872963801692885
0.205725861424502 0.868508731480911
0.22815263067065 0.856977945833071
0.20594065937163 0.868399215263741
0.20896357068136 0.86684584464495
0.179947930377985 0.881755371820394
0.203090180946198 0.869868873249553
0.167209685950963 0.888294964430343
0.232254970159877 0.854879476812849
0.217800580082267 0.862301636033298
0.16089523244604 0.891538112378575
0.244772098394707 0.84844056544816
0.360329763882324 0.763924568664992
0.361630836967662 0.763339448429072
0.382380502797896 0.754000939014185
0.353298854113246 0.767093650389632
0.324314155962155 0.780116464224897
0.355408980559166 0.766142198066957
0.279660733460667 0.800161969583487
0.341816362616514 0.772254396001033
0.292994109486692 0.794177482468138
0.283329143660768 0.798515738559086
0.270764188399195 0.804153373847685
0.369941405993589 0.759603134985408
0.375492061254298 0.757103572994477
0.320834773983186 0.781681819095826
0.334862800050918 0.775380948798522
0.270748186066983 0.804160551622456
0.311088720969558 0.786055846519229
0.270820264761338 0.804128206677589
0.297150169378762 0.792312404936998
0.301965858578629 0.790152170827458
0.285433381322056 0.797571707134861
0.2927164224743 0.794303636545537
0.310682067037897 0.786237400815402
0.331436685934227 0.776918095129687
0.327746864796975 0.778576601473334
0.285252124541384 0.797654123537896
0.303608470199422 0.789413406159896
0.346675348010491 0.770072801996045
0.276180211289858 0.801724003139446
0.326127625369325 0.779300302980309
0.273834624075852 0.80277665710012
0.295342371790419 0.793124398024352
0.324633461049388 0.779972427848044
0.283385659587783 0.798491263718697
0.279404356247211 0.800277018489308
0.278902620198217 0.800503462182182
0.286371015481465 0.797150855151722
0.285541906975702 0.797522249281373
0.332878460946073 0.776271249081033
0.270748186066983 0.804160551622456
0.277920546975569 0.800942834877463
0.287464756509217 0.796660242904087
0.286891536351431 0.79691713797789
0.27507893147577 0.802218298234924
0.273257289403265 0.803034456347745
0.277232754495287 0.801251075147708
0.279013843281163 0.800453113273835
0.281219883249039 0.799462785867167
0.287237050786817 0.79676251151604
0.270748186066983 0.804160551622456
0.352026038037249 0.767661056355963
0.270943378642753 0.804073011362934
0.272713596157616 0.803278501753893
0.287464756509217 0.796660242904087
0.354186576858271 0.766689108257796
0.283495752267555 0.798441879312918
0.393696547577692 0.748913481492905
0.289618492981476 0.795693696036263
0.274829939950926 0.802330316706538
0.365427711831695 0.761637724395475
0.292570016721424 0.794368778464355
0.349939604241508 0.768602734470766
0.329646557189883 0.777724716746076
0.332242592674712 0.776554226263119
0.294181052954013 0.793645469027996
0.292106526530661 0.794578132554905
0.270423797066011 0.804305877445296
0.27310481081249 0.803103171626251
0.285913453720444 0.797356196585439
0.290707402435663 0.795205788100202
0.272186083194153 0.80351537663875
0.37183538233999 0.758755410266677
0.287464756509217 0.796660242904087
0.279040548635677 0.800440057014282
0.330389305405368 0.777387258016249
0.304175340638397 0.789159489216212
0.278708513977961 0.800589019660457
0.356667648874225 0.765573813215493
0.279950134326021 0.800032654262824
0.28213707348848 0.799052028990179
0.289022365838164 0.795961138637904
0.373633470550006 0.757940141055895
0.271211971373058 0.803952302071725
0.281931377231217 0.799142493877573
0.280910876676047 0.799601141714048
0.307496248333873 0.78767103795519
0.342547678816382 0.771925032535833
0.29038925227351 0.795347979534523
0.296619082822606 0.792550999688787
0.288182800910178 0.796337952015871
0.287346612537755 0.796713205193192
0.270106561932888 0.804448329905959
0.28746177326284 0.796661858051742
0.288111720347004 0.796369855613101
0.350604507887845 0.768307306516008
0.278264404174019 0.800789775875475
0.269693025331317 0.804633743004995
0.282921526215744 0.798698826248241
0.295181849555147 0.793197203085989
0.284442144727926 0.798017178556077
0.297659659632915 0.792084855154148
0.308501060061172 0.78721794165904
0.281513407626775 0.799330292929114
0.305981592727202 0.788349278885796
0.274332590529827 0.802552422487357
0.284670660912862 0.797914338302012
0.349720096312191 0.768700707006351
0.354939755185136 0.766355125684679
0.290686588582873 0.795213511364279
0.319460537183179 0.782295983477955
0.365655079975063 0.761535457435272
0.289131893570311 0.79591145356879
0.288063618858226 0.796390693577586
0.287657981776997 0.796573557038588
0.281987304257068 0.799117400034852
0.285957179570792 0.797337135843327
0.292728674332566 0.794298194051253
0.283462385107659 0.798455832793039
0.26982758182649 0.804573393019166
0.286052500338706 0.797294413720399
0.321719589650064 0.781281877198398
0.374878127606124 0.757386070343325
0.356344564944676 0.765723912938116
0.273063234423032 0.803122472348119
0.330334357800359 0.777412857607387
0.317791161104668 0.783044952797389
0.276983244419696 0.801364258999803
0.327410501421653 0.77872381241552
0.276910017130678 0.801395744682214
0.30557515348898 0.788533059080166
0.26872639679594 0.805067392845487
0.314524905466235 0.78451237710511
0.322306799702185 0.781019142892561
0.281189800250349 0.799475281441655
0.27526758168132 0.802134075019712
0.282055528574322 0.799086789569709
0.289576028678161 0.795713263842972
0.282720748591003 0.798788432523071
0.314212038976098 0.784655168735599
0.334780918299368 0.775413030555949
0.272296694436082 0.803465852636917
0.275977007552153 0.801814702177042
0.291027338212129 0.795061400603473
0.354326714537687 0.766630042924467
0.333101257672312 0.776167823024893
0.281925131901457 0.79914530535676
0.320144857124051 0.781990379962432
0.29953032406918 0.791245651565115
0.28100497172955 0.79955822438522
0.286183184422233 0.79723647069179
0.307515409029036 0.787659805898357
0.324549037362531 0.780011269760912
0.380902907779453 0.75466935040437
0.355422066861036 0.766137645328576
0.288807830859843 0.796058100856292
0.316570219212139 0.783596061206984
0.265357842295997 0.806578360597745
0.272748284444549 0.803263232378957
0.30557515348898 0.788533059080166
0.279283898778045 0.800331707036586
0.2723257191627 0.803453235377143
0.379534146350603 0.755282951164968
0.279036473280929 0.800442599672484
0.309904978323842 0.786589544964053
0.278828441751025 0.80053581316458
0.28100497172955 0.79955822438522
0.277851666602255 0.800973740559287
0.264324660985221 0.807041813385261
0.30359497739686 0.789421018619737
0.264714965427463 0.806866755400616
0.31668060045846 0.783544546553168
0.284908889356097 0.797807920713652
0.335088754468182 0.775277904833724
0.901103721080935 0.214657600912666
0.917499356536481 0.188260709198771
0.899127575166647 0.217834410768326
0.878176204415015 0.251523871847828
0.916391329598575 0.190043412389879
0.896491880511739 0.222078113741502
0.901896919869251 0.213376266827781
0.914482871361569 0.193119126510131
0.900725563628422 0.215268728324271
0.912258246046463 0.196702628106984
0.917766700724288 0.187829153766798
0.917202505701429 0.188736980139024
0.905612356091883 0.207394861362616
0.921576082011029 0.181693627935583
0.919855814235953 0.184465853596341
0.909753113480073 0.200734044880651
0.905012384326088 0.208364268637948
0.919855814235953 0.184465853596341
0.915049841769234 0.192203330874193
0.923484942997435 0.178620710116141
0.914535552257468 0.193032713878611
0.91845685445651 0.186717494452921
0.901698922373908 0.213697796897707
0.922993202874641 0.179412711606178
0.914270845299526 0.193455220927885
0.920467054221404 0.183480579969655
0.921074557574859 0.182501169754511
0.92366704979948 0.178327230486552
0.92355080428082 0.178514667034632
0.922456035593304 0.180276791825411
0.912864603584559 0.195722867424024
0.919867290522063 0.184447240895031
0.919998578907751 0.184236643772821
0.868034664185406 0.267825325607181
0.92177402134841 0.181374846319057
0.921993855893288 0.181020745978004
0.922534373893565 0.180151048501961
0.914270845299526 0.193455220927885
0.921661990598906 0.181555424608064
0.922666224445901 0.179939164972128
0.917766700724288 0.187829153766798
0.924024169275875 0.17775205692371
0.875529316077741 0.255787357593817
0.919851690240364 0.184472495732403
0.913017025786393 0.195474791705236
0.909130998842678 0.201737327066116
0.897603593789715 0.220279851685013
0.92285994849138 0.179627129058961
0.919524655837807 0.184999014062939
0.915152995462114 0.19203765085598
0.921462762485572 0.181876002244418
0.914270845299526 0.193455220927885
0.916641652595803 0.189640102907997
0.919031396434202 0.185792678207412
0.920521059024743 0.183394003929895
0.920068370554675 0.184122776488143
0.921931989187259 0.181120442699398
0.874931720559617 0.256741428900709
0.921931989187259 0.181120442699398
0.921912955676123 0.181151092449014
0.918814601844928 0.186142701748387
0.919832107232267 0.184503690537853
0.874489746172616 0.25746390634099
0.872720204604758 0.260296871256418
0.921466363841643 0.181870280535131
0.896829841422105 0.221534289393484
0.916166903919535 0.190405715374226
0.912257657218126 0.196703475064829
0.898207333439191 0.219315337745954
0.925057493266241 0.176088418019527
0.874348410459766 0.257682654777038
0.921926107806275 0.181129914970461
0.913553235954594 0.194610892239898
0.920879406433557 0.182815542818798
0.92071360626919 0.183082859052829
0.900488237083473 0.215643794832306
0.9171912963194 0.188756801165351
0.905817362472388 0.207073339981593
0.918037852686421 0.187391257894184
0.873060255351482 0.259748226630669
0.921939444514727 0.181108435041686
0.913561276562697 0.194602488558364
0.925177694051199 0.175894698895565
0.867745214671912 0.268300270295291
0.913247820318177 0.195107402894036
0.875970096297555 0.255072136415137
0.908509381327773 0.202731314693017
0.873399799865702 0.259200242851789
0.905554850418324 0.20749244355637
0.897574181083018 0.220331222565741
0.917128069835474 0.188856676356856
0.911714062146634 0.197576667031989
0.923753477694524 0.178188329226119
0.919959641154666 0.184296616278953
0.921968960085823 0.181060930726688
0.908542804576405 0.202677548768033
0.904660946287995 0.208930193485568
0.87124976541244 0.262666966562799
0.925262554090569 0.17575813499079
0.918844431782672 0.186092668223867
0.918227751207687 0.187085553900677
0.871717765406414 0.261903649503559
0.925364769531796 0.175592766706929
0.914270845299526 0.193455220927885
0.872890727493082 0.260020022121781
0.917656108821976 0.188005188190322
0.873399799865702 0.259200242851789
0.919277047838701 0.185395969650972
0.924271675729775 0.177354091793597
0.904613495995379 0.209008423097775
0.914772431898059 0.192650673289794
0.916509067608912 0.189855974633774
0.875919851904993 0.255160593380032
0.923862501115335 0.178012782196206
0.912258246046463 0.196702628106984
0.922311413772443 0.180509357135574
0.873026564628311 0.25980911172003
0.870015594764266 0.264642773177559
0.86820496852965 0.267559540686317
0.914544234030194 0.193017923415876
0.917865242249868 0.187670449542962
0.903006373883242 0.211590009555953
0.915727993501119 0.191113456841778
0.878305730920105 0.251318692198581
0.920560422468636 0.183329075525869
0.923124196391665 0.17920110606541
0.92179307785846 0.181344751317615
0.91787662719844 0.187650847534386
0.912400637635281 0.196473709936244
0.918034967944344 0.187395904262125
0.921385910828105 0.182001087444498
0.912702864453496 0.195984253291254
0.915769781593874 0.191044617567368
0.91970966669499 0.184699153043151
0.917844808239608 0.187706013337455
0.91804813081138 0.187374820676293
0.917209051001916 0.188726090601142
0.917341889512981 0.188512774296064
0.91657784325639 0.189741232994661
0.8732473441309 0.259453943646176
0.923233961592897 0.17902513151179
0.909219514716634 0.201591000242197
0.923756900141023 0.178182817814735
0.905981906112673 0.206798363105552
0.916669186834543 0.189595713155279
0.913818934929664 0.194187418374094
0.927268159540119 0.172527574719095
0.874037733010437 0.258184205872954
0.918841810761012 0.186098705621076
0.927264963558267 0.172532723400643
0.919394265306604 0.185209289103969
0.924294480925326 0.177317532399824
0.902136703788651 0.212990801742819
0.919809713891121 0.184540291296338
0.913764517038639 0.194270793986313
0.914031940237701 0.193842299812223
0.873148695470531 0.259612463612332
0.913247820318177 0.195107402894036
0.906562862663107 0.205869865619459
0.906670610637316 0.205692025563056
0.917489501573993 0.188274743836769
0.899196728371118 0.217724993616456
0.917908800295556 0.187599327744258
0.91789424819022 0.187622633105237
0.919959641154666 0.184296616278953
0.917280298070846 0.188610873257151
0.913610331750291 0.194521825393841
0.879109928995952 0.250026420442872
0.871156521711562 0.262805528993993
0.8794595085206 0.249465512017647
0.897090589806043 0.221113757176396
0.905473983039852 0.207621766253307
0.918851305941011 0.186081645317557
0.86953133146033 0.265416805590883
0.901608440039842 0.213840938893181
0.875849710054891 0.255269366501277
0.925426163743661 0.175494486496463
0.922430688200613 0.180317999237208
0.917999927332447 0.187452430062286
0.902652715301336 0.212162740813488
0.89858098674061 0.218714480356315
0.91457389828095 0.19297014769915
0.898989548465714 0.218052189313002
0.901319351615058 0.214308768633809
0.876379681294275 0.254419517849247
0.920109525543113 0.184058155406432
0.925161263836496 0.175921260429471
0.870194980871886 0.264355289894557
0.923743827184874 0.178203876360961
0.875908264676642 0.255176383932559
0.872422487449808 0.260779866681794
0.872330936845898 0.260921185526285
0.910267003893995 0.199904166929924
0.873071754813952 0.259736476268982
0.903846199566929 0.210240503631426
0.921991406034528 0.18102690142016
0.872377089665359 0.260844351930095
0.87647058404746 0.254272730889795
0.927981287598197 0.171378499634493
0.911178420714736 0.1984370978432
0.908471333779207 0.202795450564268
0.916181135300443 0.190380151620216
0.910170018812744 0.200060283562781
0.898484437924046 0.21887058819402
0.914306236315762 0.193398980084923
0.925142509075085 0.17595092165617
0.921939272360453 0.18110953110968
0.904113015957857 0.209815211413141
0.923110545520889 0.17922319042648
0.912754830954638 0.195898838807457
0.920037788344768 0.18417332804451
0.918155138449909 0.187202525233276
0.879337754179794 0.249660879093031
0.90937927205413 0.201335341865132
0.87424468294043 0.257847786711474
0.92106193592438 0.182523974153307
0.906799753712228 0.205485317699636
0.921423201666939 0.181941998649574
0.925972906612547 0.17461385803035
0.923753477694524 0.178188329226119
0.91542331636578 0.191600027012613
0.896967999739136 0.221304267240225
0.918615287570828 0.186464206390752
0.916140300350176 0.19044563969863
0.918262446440442 0.187030244433554
0.916340953294033 0.190122980401679
0.871304080008523 0.262578368523744
0.921533859840656 0.181764967657451
0.917781623687086 0.187803307178356
0.875725401579046 0.255482847313312
0.9096181054534 0.200949219123141
0.895790613689261 0.223196570385137
0.908610491576549 0.202570413687168
0.917031448492434 0.189015330720545
0.918514876295667 0.186623010335982
0.925008007116116 0.1761681470373
0.89974202682408 0.216845094074878
0.907373965455264 0.204561908218113
0.918913826402936 0.185980670214278
0.914465752016643 0.193144900081215
0.901192107326958 0.214510448339681
0.896160449861693 0.222602976839398
0.903685746507604 0.210496070302512
0.919074316035932 0.185722279748455
0.900417346039568 0.215753539205397
0.916410363983794 0.190011001865741
0.916472532005348 0.189912760945748
0.873070123128554 0.259739103608491
0.925972906612547 0.17461385803035
0.905760088151725 0.207158480295974
0.919880760048834 0.18442351577102
0.910267003893995 0.199904166929924
0.901012840282675 0.214801071805308
0.928310066380385 0.170848886251849
0.873042517644728 0.259783960900455
0.915830860647872 0.190946580954806
0.927216968242674 0.172609704614588
0.896661684333187 0.221796659617354
0.910640494427598 0.199303235466388
0.878146454032001 0.251576867255839
0.867655987013554 0.268429271135076
0.923540406731169 0.17853149909264
0.91660569621749 0.189696394321146
0.920114316258264 0.184050446949245
0.914265003264061 0.193471889842976
0.897399268494029 0.220619647209441
0.876060168761749 0.254931266485598
0.927887109334708 0.171530543356363
0.916338934047349 0.190125909449984
0.923669468327055 0.178323637674674
0.900098288316011 0.21627260091075
0.902283187138628 0.212751059723813
0.918889074727734 0.186021516459299
0.898109733658949 0.219473178034905
0.918292895843364 0.186980347229446
0.905768390507176 0.207145894629246
0.924338285432753 0.177246390295966
0.873208128120849 0.259517961229376
0.907673769496307 0.204078154212213
0.919597610548481 0.184879085478727
0.920324608644069 0.183710380556356
0.916074651494501 0.190552971712729
0.903846152011085 0.210240901188462
0.918858644421983 0.18607004925003
0.913464527588065 0.194756650862188
0.917259139486606 0.188645775042782
0.923375345918021 0.178797176135869
0.873751785338727 0.258646179782628
0.872649886028626 0.260413972219866
0.909163674611533 0.201679978491027
0.868958092607437 0.266357290904152
0.873274296897359 0.259404011178744
0.91378432838605 0.194244098234396
0.917913302537684 0.187591323891856
0.928082365378967 0.171216056032334
0.916790630200501 0.189398656907378
0.91900614487609 0.185831775860969
0.924592743013258 0.17683725275191
0.928368387363263 0.170754951488706
0.899141793386158 0.21781112970764
0.905255883633749 0.207970240188189
0.867326715824233 0.268962378407238
0.907697697609584 0.204039639910311
0.873025002856979 0.259812048003596
0.898494196697377 0.218856892748437
0.919904546620871 0.184387362832641
0.899559625095409 0.217135205649064
0.914861121731317 0.192505082211591
0.923947881879104 0.17787453880024
0.900274927628315 0.215983596423616
0.896870382316288 0.221466713859915
0.898963000380567 0.218096392697469
0.910582424622615 0.199398286554525
0.925121682374984 0.175984515526291
0.92000523160134 0.184224866463588
0.916556221012003 0.189776053472715
0.917263275802763 0.188638384212617
0.919670375946052 0.184764119798784
0.917706867243837 0.18792360414462
0.921972714347222 0.181058142526316
0.908764626844814 0.202321878414299
0.924254386826596 0.177381272760167
0.91952043667004 0.185005939612456
0.922056973794472 0.180920137251649
0.899104002943501 0.217872101948305
0.906494842233855 0.205975196493898
0.900947455998312 0.214902438148784
0.868880429576998 0.266469627466177
0.904618955869142 0.208999087211196
0.928310206659887 0.17084866309305
0.924100209477332 0.177629274687919
0.903967217848225 0.210044414296457
0.92214985741864 0.180770730254832
0.928368387363263 0.170754951488706
0.916563503376188 0.18976432530923
0.907543626763434 0.204290993253034
0.90798370367757 0.203576389691232
0.927239682772837 0.172573122690937
0.923613261365257 0.17841390733347
0.925710587597803 0.175036411181711
0.899904086702981 0.216584855065168
0.919723809918192 0.184678726764062
0.925418298734429 0.175507157835
0.920858151887826 0.182851162853834
0.917466525864819 0.188310753572073
0.90881893361737 0.202232608472453
0.915030564844201 0.192232252397415
0.926768705651643 0.173331615596302
0.924188544010328 0.177487132205795
0.907182749101508 0.204868554053525
0.91912276709718 0.18564562135289
0.917301189287625 0.18857958235384
0.923848649522863 0.178034195183417
0.923969620805434 0.177839527149682
0.91166223809098 0.197658185431941
0.925417313381068 0.175508759930807
0.905380604294469 0.207769376639169
0.875532560406731 0.255783895609633
0.914048430095105 0.193814383128797
0.923415823276277 0.178732655488993
0.873080866908092 0.259722844544891
0.896649074202213 0.221817115537786
0.873916585400758 0.258370455611336
0.903430924638437 0.210907864785321
0.924139862124264 0.177565555172768
0.925672516612902 0.175097728710349
0.871071959785634 0.262953483429058
0.907149186038049 0.204919233085064
0.873194298315746 0.259537937658418
0.927218169885714 0.172607769164139
0.910039027381394 0.200267750894134
0.923045564699216 0.179329005586381
0.926564458193609 0.173660486828079
0.927019199347272 0.172928458533847
0.921510095265601 0.181801108789303
0.913029884830855 0.195456207634625
0.907062259294464 0.205059167349539
0.914099781315722 0.193731125009538
0.907462961766974 0.204418967165047
0.91923095120807 0.185470091067152
0.923848649522863 0.178034195183417
0.898147211407915 0.219409383946626
0.926191824703802 0.17426124106734
0.915030564844201 0.192232252397415
0.927652079984388 0.171909170949156
0.914989543756833 0.192298300321082
0.877510703587898 0.252597099313259
0.870665289318022 0.263606544979812
0.870587683759337 0.263731868516025
0.869772789972642 0.265040761687401
0.923003281114174 0.179396115791311
0.919893921529664 0.184403925132388
0.876240636074325 0.254641204499607
0.91806796550826 0.187342595804378
0.915077113631144 0.192157300200528
0.8720636368565 0.261347363317797
0.925752896732517 0.174967614646935
0.912470091830205 0.196357768160808
0.897230954280212 0.220889672444122
0.905597976994785 0.20742203969262
0.915733748487052 0.191100593102819
0.915591942504066 0.19132835554224
0.872907386498782 0.260002735093199
0.903181889876769 0.211308093305356
0.910717356483111 0.199178766237448
0.923806018040353 0.178103342944049
0.920274700220633 0.183789965280821
0.878968772421671 0.250248531585267
0.915373685229827 0.191679936856265
0.910456593618917 0.199599076823501
0.910458509100655 0.199595991913134
0.928661921641961 0.170282176290759
0.899864299461543 0.216651164820216
0.908921527906653 0.202072137355321
0.916691866650024 0.189557607894087
0.878869316653399 0.25040827761603
0.90378343549032 0.210338591527382
0.907789677674032 0.203893479508238
0.898046482586879 0.21957736540515
0.922297102276044 0.180533140057831
0.90002224393026 0.216396886940763
0.922676977261 0.179922128380954
0.920838311088663 0.182882856346839
0.871624783033813 0.262054903455058
0.923874423854147 0.177992683960837
0.928667414652016 0.170273329210875
0.919477023917174 0.185074708778026
0.869071885514716 0.266155719521133
0.871596525363928 0.262103316035268
0.928667414652016 0.170273329210875
0.872927770374695 0.259970887123994
0.915923723469088 0.190797494715168
0.922804146146188 0.179716812220775
0.928601867678693 0.170378894962054
0.916347803013077 0.190113814958821
0.918811142133519 0.186148056465117
0.903178001333084 0.21131580612475
0.899793696606648 0.21675604409021
0.927544339652831 0.172082310046499
0.868958121164663 0.266340006816207
0.878735387584246 0.250635199516346
0.911364429013338 0.198135957500844
0.878969240290007 0.25024777933528
0.924267546982796 0.177359959686186
0.902049178457678 0.213131735437856
0.927219363151973 0.172605847137339
0.925616953545688 0.175186985678783
0.905397235159003 0.207739174425897
0.924006874334235 0.177781024498783
0.872909212936177 0.259999886828328
0.92748980574961 0.172170144672554
0.919848493862108 0.184475177479787
0.870820113121303 0.26334601250836
0.872925342348712 0.259974276143552
0.914771445139901 0.192651588685654
0.915030564844201 0.192232252397415
0.919450547573319 0.185116090580019
0.878567304451316 0.250894793312229
0.874463857200169 0.257489379898482
0.917266625014295 0.188634929896628
0.867527372094882 0.268645253840011
0.867613159889996 0.268502145383802
0.869866998681011 0.264889603904769
0.922325266471794 0.180488035575595
0.878201676731392 0.251482398992301
0.921327088957221 0.182097922067116
0.928631230638134 0.170331603206497
0.919287115407843 0.185380584274905
0.912423906648995 0.196429548502697
0.908197595626851 0.203233818700599
0.87874075797906 0.250615442966039
0.920552565585397 0.183343308969522
0.879171428090605 0.249929224993578
0.872374656970715 0.260859969507002
0.91832731689428 0.186924933506361
0.926705437836969 0.17343366782094
0.871038748259199 0.262996751034858
0.916487899287604 0.189887996042933
0.925616953545688 0.175186985678783
0.928667414652016 0.170273329210875
0.875904754854049 0.255181786975098
0.928662490160703 0.170281259747735
0.92568891988252 0.175070657528892
0.908414942467675 0.202883473004796
0.922157737932644 0.180757617856829
0.906584023379002 0.205833246192287
0.869546539886148 0.265407717521339
0.872312616189634 0.260948151291805
0.915008794752185 0.19226729776235
0.897022042216938 0.221216425482932
0.875006158310125 0.25662379059256
0.923192202862374 0.179091488164906
0.91832731689428 0.186924933506361
0.915030564844201 0.192232252397415
0.917196286273404 0.1887479704286
0.925791466724361 0.174905793176966
0.915689337233638 0.191175660788541
0.923385720523242 0.178781044829756
0.919131755013009 0.185631107672431
0.926499338062514 0.173765409334173
0.900207888758723 0.216089542181942
0.918320451661655 0.186935981790357
0.902077518064069 0.213081509000361
0.877808958765391 0.25211859003775
0.867329726787181 0.26896199635696
0.918363688903246 0.186866354455718
0.918078573284195 0.187325038115521
0.922070340577918 0.180898464448469
0.924810274615493 0.176485692459532
0.913219456238203 0.195148573213321
0.925711313287668 0.175035022079553
0.872474596071745 0.260690515715159
0.925595746723075 0.175220721987441
0.927245549334809 0.172563663227714
0.915821094177046 0.190964000837616
0.92788616885644 0.17153169932072
0.91638800189077 0.190046817403822
0.909601027590024 0.200975177748396
0.921879662038856 0.181204987829119
0.871076855797928 0.262931571206786
0.878091610356163 0.251664402386715
0.916765532632098 0.189440823354074
0.871954134318559 0.261525676304024
0.87331668975015 0.259341904542321
0.929687186954161 0.168630835784733
0.925224157958084 0.175819892849857
0.919857854042587 0.184462594609239
0.91849755367619 0.186651509510616
0.913214606949574 0.195156380194315
0.917390463184724 0.188435504020374
0.909159780364478 0.201686304771621
0.868247123203871 0.267480616790152
0.911903756759539 0.197270305492022
0.925193464224355 0.175869735760942
0.925944711492048 0.174658917112459
0.901810508297906 0.213513794191049
0.925470356707677 0.175422661525673
0.871602995540572 0.2620958949005
0.916646313659899 0.189633363444366
0.914063874418288 0.193791852639462
0.927913100657459 0.17148826861678
0.912656039164848 0.196057722518021
0.901863712508428 0.213429500524159
0.921138786951842 0.182399557995136
0.911484822310167 0.197947450855548
0.930063054624978 0.168025446391342
0.877951077997407 0.25190165805301
0.921559984543803 0.181720596209849
0.916764623245901 0.189444353149992
0.912606191251689 0.196141520787908
0.907007438175067 0.205154632127667
0.930085544500716 0.167989218344503
0.925147731829955 0.175942296228314
0.868562524641929 0.266982167826934
0.917281890953367 0.188610847634314
0.903746241906264 0.210395265133908
0.927267399684478 0.172528481111338
0.927237133959338 0.17257704414125
0.915787172708931 0.191016083415834
0.920920117829397 0.182751267957252
0.91849755367619 0.186651509510616
0.895978058904709 0.222898872745586
0.928436503108463 0.170645237676017
0.871008185945988 0.263045713161963
0.871164621944421 0.262793321621468
0.91981167939516 0.184537680311232
0.903127878249989 0.211391637094305
0.902883957438479 0.211782776310732
0.923756170555498 0.178183620613942
0.921531828631745 0.181765546937308
0.92587973809292 0.174763257921443
0.927145759462965 0.172724412416713
0.911875181278753 0.197317018537081
0.868387920505373 0.267261399315756
0.905346754179617 0.207820552663496
0.872339702288808 0.260906848543185
0.924207719699592 0.177457179695973
0.867764931561308 0.268262093722422
0.870512682567955 0.263840650519337
0.917666620026476 0.187990671229427
0.867219241533994 0.269139409869372
0.868272934752907 0.267447099065956
0.896732379683967 0.221685417693407
0.874087735404183 0.258098250864503
0.923196699619583 0.179084744937357
0.921295027711517 0.182149752348772
0.926211994738742 0.174228173179327
0.868263628925099 0.267464113120093
0.879072083256596 0.250087401409023
0.926334120443635 0.174031509405829
0.928840745409092 0.169994171853876
0.909159780364478 0.201686304771621
0.927089968520228 0.172814660197006
0.870814648642383 0.26336372818446
0.871725963844628 0.261893670110306
0.925783537144575 0.174918471883618
0.89734022897158 0.220704248446272
0.906203993431614 0.206445605851146
0.878987777835476 0.250226706502819
0.870588651988544 0.263727701186754
0.927474491149924 0.17219502868846
0.929373320906891 0.169136373341483
0.89726993409285 0.220817316813151
0.873592687609005 0.258899565009094
0.927822211517834 0.171635056628253
0.869152709843906 0.266037826144937
0.91792481008174 0.187575684810995
0.912134678866413 0.196896408141546
0.911457270156927 0.197985884670103
0.927903939864646 0.171503048449712
0.915842031754776 0.190929392250708
0.924433912537669 0.177091990127132
0.869216170633479 0.265930053790621
0.929720791977222 0.168576717187634
0.912445218400948 0.196396662218026
0.870982309695652 0.26308796646453
0.926648017505608 0.173525789140132
0.927099333398237 0.1727990174605
0.876266707638388 0.254598735657188
0.876079110830864 0.25490926792249
0.916006738399971 0.190663391679642
0.930048171721752 0.168049407519561
0.909812816966741 0.200633663953891
0.915941011226545 0.190770817081853
0.871815702822689 0.26176363287164
0.916129543035918 0.190466731878691
0.924718208917912 0.176635266533698
0.913348657275731 0.194941660275925
0.898523085770883 0.218802883841306
0.925905121456619 0.174722452175899
0.918805142558088 0.186156161402643
0.918774652739683 0.186206295156189
0.924102476177661 0.177626089453223
0.877590187245066 0.252469344124337
0.877847690795634 0.252057024996565
0.896556228046008 0.221976937343664
0.924034112157448 0.177736618832164
0.869023465310026 0.266247274731512
0.91308570510349 0.195371376142718
0.868776205574683 0.266639650081178
0.928516860334248 0.170516181211192
0.872024644428803 0.261408965173487
0.896120711187002 0.222666300490781
0.922608419466602 0.180031114863935
0.920363820000034 0.183647887358777
0.925001781056519 0.176177353566625
0.921117360677131 0.182434056237549
0.871569492376798 0.262140334843686
0.919976002323196 0.184273745400481
0.900498045394267 0.215624703401535
0.871250385687499 0.262657400279899
0.870902698257877 0.263228216147725
0.900348442904948 0.215863144116522
0.92573125006745 0.175002985361481
0.913167463954007 0.19523785286501
0.871683605748655 0.261956806204098
0.871840457999515 0.261704685459417
0.871900297822979 0.261608487322588
0.920183258765674 0.183937370255236
0.930140625220842 0.167900501088536
0.920432161529652 0.183538653405127
0.927818899330036 0.171640019729644
0.920983630251874 0.182649838694784
0.905670990677899 0.207299331778789
0.918891850195302 0.186015305066301
0.921987021633549 0.181033334769754
0.912559417959041 0.196213114875686
0.915438807129759 0.19157820302477
0.922636346566488 0.179988069688605
0.904497503092105 0.209196169627347
0.918343140750961 0.186901067986574
0.927678951238328 0.171865750962719
0.915819673944438 0.190964686546847
0.907052712239483 0.20507546310857
0.918953666285293 0.185915772722197
0.921034625083528 0.182568287858667
0.926807527959335 0.173268991294581
0.924871270341012 0.176388089081822
0.91745015775488 0.1883373606213
0.920884825477227 0.182807568317334
0.871736780278483 0.261882070819136
0.913190684005901 0.195196809883343
0.903370214116861 0.211000575123478
0.876511099214332 0.254212411048593
0.912025419219968 0.19707811184352
0.915761982490957 0.191056402867991
0.907020007904923 0.205128548227537
0.874731289896027 0.257061099781213
0.913720933268275 0.194342903607536
0.912039494886496 0.19704969380384
0.875858454215473 0.255254142424202
0.877881506794318 0.251998337202412
0.876757689688395 0.25381138809361
0.923684781141146 0.178298672673754
0.91310522497254 0.195334033786454
0.929488650925398 0.168950618476828
0.87613867995515 0.254804909789002
0.913756852299972 0.194287440606851
0.916949755670486 0.189143567788971
0.915526527205068 0.191435949143626
0.256044398040651 0.842639133957724
0.2397715753777 0.851007223214783
0.229788641715991 0.856135195355996
0.254077971704182 0.843641634847083
0.236107874030704 0.85288689145966
0.243217157137735 0.849228305973971
0.251223966197329 0.845116403980643
0.255180809722686 0.843077762833262
0.235091180176157 0.853414394708915
0.186168998759797 0.878556378584086
0.250453092447541 0.845511586792101
0.186148617644733 0.878566846570315
0.176904375971869 0.883318306633727
0.189844374468468 0.876668990556673
0.18326861048719 0.880051896992039
0.205148502950492 0.868810455487184
0.209789401127088 0.866421786970642
0.166451945020096 0.888685198145079
0.179200355159979 0.882135882792634
0.250432113704675 0.845521666476417
0.2095190254831 0.866563886606914
0.181013541776435 0.881209001642219
0.185528848585187 0.878885174545399
0.197076776181544 0.872960560656196
0.188071370645927 0.877579245536111
0.202852655691618 0.869985774619966
0.210906328817558 0.865851537409709
0.193780742669889 0.874647612246979
0.250781383061736 0.845346255979931
0.179913819465391 0.881771725945153
0.192899201397766 0.875100792754894
0.241711101931751 0.850002918064012
0.240179305898613 0.850798381452635
0.166451945020096 0.888685198145079
0.177203813458157 0.883164237040537
0.242047012940365 0.849829220952567
0.253543731014245 0.84392801925609
0.201066164607653 0.870904933468929
0.238690464695059 0.851558909556805
0.240634839531924 0.850562378862738
0.202023573481172 0.870407937289906
0.171306993512063 0.886192128641334
0.182770986397916 0.88030135475776
0.202195277713401 0.870319684302744
0.163649957922899 0.890124275005695
0.160410508362788 0.891787305687504
0.20181791094953 0.870513648158857
0.173518328207921 0.885055947941877
0.21012202346368 0.86625274150042
0.228768362503884 0.856658788551633
0.197879442663769 0.872545485159204
0.195188590999128 0.87392128334142
0.242785416144206 0.849459873077955
0.195573271543205 0.873728073544007
0.205765084683158 0.868496190616023
0.231676733422208 0.855167031719099
0.237922566652085 0.85195257142014
0.237488342054144 0.852180889859622
0.202003650749698 0.870422349241389
0.163850126183893 0.890021508489119
0.233574618476655 0.854187421076908
0.252754704994044 0.844333136802555
0.234623431824499 0.853652003534833
0.195207308111347 0.873911666346673
0.241356317701416 0.850191336978588
0.240598519016475 0.850581048477291
0.193635985245296 0.874722026402834
0.232106544348184 0.854949212490942
0.226838889848686 0.857663096870911
0.24105002560077 0.85034199703444
0.231566242102079 0.855236213053701
0.243255931596894 0.849224423672681
0.178883377979541 0.882299625248697
0.203873700345002 0.869461532722273
0.223127533036867 0.859558442077392
0.189751412784673 0.876717445655079
0.1952715524705 0.873878672884105
0.182557321425836 0.880413860235194
0.165309320976094 0.889272004350336
0.18211877676545 0.880637427444555
0.223152996926627 0.859545355666394
0.172266109766815 0.885699467666296
0.18979484332311 0.876693887044455
0.197479710092139 0.872748277124743
0.240599896666644 0.850576975313223
0.187233150383051 0.878011724371672
0.22336055468241 0.859439073540425
0.172001331158348 0.885835024151734
0.169320428099965 0.88721156121127
0.223633823228247 0.859298037282886
0.179317969019613 0.882075810379957
0.169824992250178 0.886952593064246
0.194223335406249 0.874419419255887
0.210200895017873 0.866211248771793
0.176093539419283 0.883732196386056
0.176976305386212 0.883281560326475
0.186610804726669 0.878332483035802
0.207842693977911 0.867422400686363
0.227734822101269 0.857201134107343
0.164089962608929 0.889898378086044
0.163190647676627 0.890359782418466
0.165735211205315 0.889053491520301
0.166622410021728 0.888596422109323
0.18379097937238 0.879779044002764
0.194490630543455 0.874283114605633
0.186118638563823 0.87858281549505
0.204757940835046 0.869009556677479
0.231718923876685 0.855159749641355
0.178847532692955 0.882317281567856
0.17434720091127 0.884631142565917
0.159247305039868 0.892384554001306
0.243543009320134 0.849067099257955
0.186278573650371 0.878499074742288
0.150599847769524 0.896824559980037
0.22252583182283 0.859868569415703
0.198344412626189 0.872307910019473
0.177322924717226 0.883101258330975
0.23849184426055 0.851658965589599
0.202644678357222 0.87009500707325
0.149340848900586 0.897471048898687
0.186278573650371 0.878499074742288
0.165309320976094 0.889272004350336
0.184188128806493 0.879573958196087
0.21618103113222 0.863138189646682
0.165309722378984 0.889271798308212
0.19213192516677 0.875492341116198
0.154802972455711 0.894666284026094
0.188721502137503 0.877249245604434
0.17241650916279 0.885621424910773
0.196613591796527 0.873196240419509
0.191093764872366 0.876025970717155
0.187759910944434 0.877742017602388
0.177907231754656 0.882801892141933
0.193428573413893 0.874824857342874
0.180153419357712 0.881650011643948
0.171003220325847 0.886347417588788
0.170124104028197 0.886797546430765
0.204956539532404 0.868905871573812
0.15900277960818 0.892509993930623
0.225503098938183 0.858340073901979
0.179637465804238 0.881912645557745
0.19049472335397 0.876337293197963
0.180810132265821 0.881311182410921
0.180671393434724 0.881381524144608
0.234269640255911 0.853836954236248
0.202746870069331 0.870040469326275
0.182756546695462 0.880313874152745
0.177254998580277 0.883138099782968
0.165670283937465 0.889085658296921
0.220195089033805 0.861082629664579
0.163192306442378 0.890358575588446
0.190541126987035 0.876309499828176
0.17531724276231 0.884131224631262
0.181850340494157 0.880776835917752
0.227573369305074 0.857290975784688
0.149340848900586 0.897471048898687
0.187588546250196 0.877828420002968
0.252909050920664 0.844242850291646
0.25164064306792 0.844902804938795
0.176588561279597 0.883481020873905
0.163201904324069 0.890354048547759
0.164298331946781 0.889791197889863
0.175500184607715 0.884036968628119
0.170815910083067 0.886444462825178
0.178621730567547 0.882436577312437
0.163466484912687 0.890218243868588
0.172171737884935 0.885747396990205
0.234151863189565 0.853889518054707
0.194388799018207 0.874336541272105
0.164294997106916 0.889792860910973
0.172488229273198 0.885585818088013
0.208707417150374 0.866978694958804
0.248518872371969 0.846504901655061
0.182171239677616 0.88061082349892
0.155134065843686 0.894496315745175
0.245926962135196 0.847852683344306
0.179432248529498 0.882018823488385
0.207558356623026 0.867567159617524
0.170815910083067 0.886444462825178
0.245926962135196 0.847852683344306
0.1773321957186 0.883096789596586
0.184003484527747 0.879671393853852
0.155045449283371 0.894541435363924
0.186284095157189 0.87849606478193
0.240574341187398 0.85059123046556
0.194712303807227 0.874169853916635
0.160424523052193 0.891779908897216
0.245926962135196 0.847852683344306
0.162293748551529 0.890820246217249
0.243040365119167 0.84931774319141
0.240499579276508 0.850643981971293
0.184041053645212 0.879653716610013
0.193187421507552 0.874953176574328
0.197061927086267 0.872966731911792
0.161879329816964 0.891032889457717
0.158774564144007 0.892626834790688
0.163665652063738 0.890115692511908
0.154894355598797 0.894619026485109
0.2469534196175 0.847310544989465
0.162905256881846 0.890506672294358
0.19104771550872 0.876054717773328
0.218174508741384 0.862104211618544
0.201540536893478 0.870660333958614
0.179030511110501 0.882224883045193
0.224390964976877 0.858919347516866
0.165704626740142 0.889069117499974
0.234532782004115 0.853698215010164
0.15526454905448 0.894429313860114
0.184060697532633 0.87963846473577
0.241178728813188 0.850281002910051
0.196109215947702 0.873450848785215
0.162369987163164 0.890781493196718
0.164043823066724 0.889920023527636
0.250111334892337 0.845686179671238
0.217792342178731 0.862302046109885
0.173560714307038 0.885034245080986
0.232008520133545 0.854994486906991
0.248559031279015 0.846482606084543
0.174685971214268 0.884456896137189
0.175524294567326 0.884027159371668
0.186833427756833 0.878213842822674
0.18657922174744 0.878344404475676
0.237779802046823 0.852031243753104
0.162252419430116 0.890840831174877
0.184004434811471 0.879669888391108
0.174142822179127 0.884736073136296
0.18378085601611 0.879785140725363
0.171780893343096 0.885949000625869
0.166096688254185 0.888867868903644
0.16630790111382 0.888758999843012
0.177076541944726 0.883229423405074
0.160784165838261 0.891594878195976
0.237944988237293 0.851939804273687
0.184141305757402 0.879599562487078
0.186609031047074 0.878335465637108
0.236047643916642 0.852918804586555
0.230647079072206 0.855694660014749
0.159930425115525 0.892033254013563
0.176071194735008 0.883745575046991
0.252324773518766 0.844541947192821
0.16673539347393 0.888539476031995
0.215370867857324 0.863550743339695
0.207327449410327 0.86769251408303
0.162295048247799 0.890819347983628
0.181717780247908 0.880844860082023
0.187305388840884 0.877976289897167
0.216551780192622 0.862946898138897
0.162252419430116 0.890840831174877
0.242790671938365 0.849450424381641
0.179442773378153 0.882014235071195
0.176099386541564 0.883727448946767
0.16406655461437 0.889909626255938
0.158728358111802 0.892650546767057
0.166061605444834 0.88888557300019
0.177691851211162 0.882913607338022
0.178655325586214 0.882415906336148
0.180622770008126 0.881408680420411
0.228187596105672 0.856967622261416
0.16664447973715 0.88858620555754
0.161606605744117 0.89117287255955
0.240090670233342 0.850845966681059
0.187626614012246 0.877814450496944
0.210783367771451 0.865906525299118
0.198505319301061 0.872220021509249
0.165442223441266 0.889203773512061
0.202482770227957 0.870179918685113
0.185574111452826 0.878861960224554
0.190899578915178 0.876130810973387
0.174136037719553 0.884737750463193
0.159048893626095 0.892485253393376
0.16739836105712 0.888199026895713
0.155117376012816 0.894504774062572
0.243980026901148 0.848836306598422
0.236983525110996 0.852435380488152
0.165079438726715 0.889389545195437
0.21310355662709 0.864723303964589
0.153643443361926 0.895261405315423
0.180750229568655 0.881344390092274
0.231195654351421 0.855415394185873
0.233471048660181 0.85424167864937
0.175508602074239 0.884032681968146
0.247743707780378 0.846898827969671
0.250988676177274 0.845238937542657
0.180012849042264 0.881721388139546
0.173052584257017 0.885295179760626
0.236983525110996 0.852435380488152
0.190554666264043 0.876308027932892
0.186940239169568 0.878160065614087
0.154661174178725 0.894738770480357
0.238496089675308 0.851655913543879
0.172876294652975 0.885386101255345
0.246345900674916 0.847619842665698
0.24204447523998 0.849832364789176
0.190847103638137 0.876156581606511
0.176093539419283 0.883732196386056
0.231102725726002 0.855460348633145
0.165187647515655 0.889334840670361
0.186038648806429 0.878624045546584
0.175130300053208 0.884226956392792
0.25356939916794 0.843904717104338
0.181659776821895 0.880872867838222
0.248206216963344 0.846671546077292
0.24204447523998 0.849832364789176
0.210661418603856 0.865980025194126
0.201879338621109 0.87048491208548
0.182903621632164 0.880237024352733
0.164327175254492 0.889775391866793
0.158728358111802 0.892650546767057
0.16561751433696 0.889113457436092
0.221785636637172 0.860250802937335
0.153643443361926 0.895261405315423
0.186827110280559 0.878220428321662
0.184989844003086 0.879164347183299
0.208458860456686 0.867104939066878
0.190614026347858 0.876277108058668
0.185085665315967 0.879111813146054
0.240845688615767 0.850449912219806
0.172370562049972 0.885644953249864
0.152447668200441 0.89587575185495
0.16498014374472 0.88944052804175
0.22117296184701 0.860565041180636
0.181295887816261 0.881059479997974
0.211554268941943 0.865510006097504
0.155612569583214 0.894250312275046
0.170315481124918 0.886699259060861
0.211313449594364 0.865637046309133
0.209267191793697 0.866685257035154
0.161210538160452 0.891376242029392
0.168510759757487 0.887627787352603
0.234656365459202 0.853640864291709
0.209396591037103 0.866625280321311
0.202600008111094 0.870115464273406
0.244180765057457 0.848748579875126
0.240857693178017 0.850444191922311
0.238235668426323 0.851793792363073
0.248142484056917 0.846704278401594
0.208334873086899 0.867171459435965
0.212970371558992 0.864785911392406
0.171772806673403 0.885951990066023
0.156452601986879 0.893819224446405
0.244840664865722 0.84841033762705
0.181295887816261 0.881059479997974
0.206868817809351 0.867924764632873
0.16509590197906 0.889381832356346
0.20635324362179 0.86819091614263
0.190889468987398 0.876134528601768
0.159586699853192 0.892209770192993
0.1568671863105 0.893606221442311
0.193591777823158 0.874744142025797
0.151686686978792 0.896266542908772
0.199129979166038 0.87190192363214
0.162405624742259 0.890762545508163
0.185201617735909 0.879054435240667
0.235793662900203 0.853053173417644
0.222395842326078 0.859940731426192
0.208758886917891 0.866945704167472
0.149292882506483 0.897495689690862
0.175280282719532 0.884149110583309
0.215153328508419 0.863657320844863
0.224893914254121 0.858648290716946
0.169346378727178 0.887198625588906
0.23710858058267 0.852367544321377
0.241076767382741 0.850335445786811
0.159483458129977 0.892262814419366
0.195935378285119 0.87353664588786
0.187323337439133 0.877962124924132
0.158070408635007 0.892988301881664
0.150482556886662 0.896884628653706
0.204306867482922 0.869236770024063
0.2419691616337 0.849876665761492
0.157997546150746 0.893025696053996
0.168768467931207 0.887495066747041
0.156503325049167 0.893793149339278
0.214087806587099 0.864212741272492
0.247367732362793 0.847103628636385
0.206165417255681 0.868284995217943
0.203404731667507 0.869699971085734
0.176970121280084 0.883281839709736
0.183720935908094 0.879811140837731
0.190710315245572 0.87622879308104
0.211290858010211 0.865647917245727
0.199257198332572 0.871830446646689
0.199252389946701 0.87183291638953
0.24538911837207 0.848128512158014
0.185857848646254 0.878715633474979
0.234292388425483 0.853820158694353
0.253074679806967 0.844157138898495
0.189693800523513 0.876744966284879
0.254145382191831 0.843611163420975
0.196667592241834 0.873165373255093
0.197325210996655 0.872829700111494
0.204596134842557 0.869092488525295
0.205167961433668 0.868798108452993
0.2201416186831 0.861099201565706
0.205486975738777 0.86863404581645
0.202002898258446 0.870423587821396
0.202002898258446 0.870423587821396
0.188484991261081 0.877365619812634
0.215713392690608 0.863376192873805
0.194371524621334 0.874342979302383
0.202002852363374 0.87042361141517
0.202169033646105 0.870338277203869
0.207246418764907 0.867728667193074
0.217854056558742 0.862274775599338
0.184241380382076 0.879545759015732
0.19198684757756 0.87556978031863
0.193926004613559 0.874571914480969
0.188745322621057 0.87723210368171
0.237971058707099 0.851935770949474
0.220955767163724 0.860678880286064
0.227505242470283 0.857313297689244
0.249425318469475 0.846034018325114
0.250038513777508 0.845718441507978
0.225289072121476 0.858454279218357
0.194077621903449 0.874491767206847
0.239418219187954 0.851200326461524
0.22939195933456 0.856349195590495
0.193182700160796 0.874953950833387
0.208431704697473 0.867120265755893
0.188760552777076 0.877224172315621
0.18658320590521 0.878343046378798
0.206291969498129 0.868218178129961
0.204782852993015 0.868993054436935
0.205167961433668 0.868798108452993
0.217092899300538 0.862662798221359
0.215345738287195 0.863562474792945
0.179494503488196 0.881987747544843
0.229567241195732 0.856249863937392
0.2201416186831 0.861099201565706
0.173563023562813 0.885033073931032
0.195286272849719 0.87387075294813
0.215378267973062 0.863544548051839
0.178070903733682 0.882714785927755
0.184586850683514 0.879368538308905
0.179494503488196 0.881987747544843
0.184241380382076 0.879545759015732
0.251891652499383 0.844766644864183
0.188244256903955 0.877489388268883
0.221495580974745 0.860402400594193
0.193182700160796 0.874953950833387
0.202794740371738 0.870014583484085
0.190558219384453 0.876302529158328
0.188760552777076 0.877224172315621
0.191155962165302 0.87599456629191
0.183631386072225 0.879859084868839
0.193182700160796 0.874953950833387
0.201064302815845 0.870906236862639
0.18686250679148 0.87819973349104
0.194769777061179 0.874139027766912
0.171213321819977 0.886239570921459
0.221154912097898 0.860578500016939
0.187179272287723 0.878037515290737
0.193182700160796 0.874953950833387
0.214101209205986 0.864206546619511
0.203299391963055 0.86975776519929
0.189505084699243 0.876842836735231
0.179093704444511 0.882191472290812
0.188760552777076 0.877224172315621
0.187610875350363 0.877815250727777
0.215651073173584 0.863415806630987
0.193880682556431 0.874599358296755
0.18320299474886 0.880079389118332
0.193216999787777 0.874936320432829
0.189105622999308 0.877048079448045
0.179093704444511 0.882191472290812
0.193182700160796 0.874953950833387
0.222014097002295 0.860147730773852
0.184240809803122 0.879546052263625
0.189105622999308 0.877048079448045
0.182561550068103 0.88041063522577
0.221034953619639 0.860647251928853
0.367024717209728 0.760917509165317
0.320864770539221 0.781664075202704
0.189105622999308 0.877048079448045
0.189105622999308 0.877048079448045
0.178528410355611 0.882481882531859
0.254390367866314 0.843487812621243
0.254735274172408 0.84331105152834
0.164967221551341 0.889447161253944
0.179013615176839 0.882231091157897
0.184240809803122 0.879546052263625
0.189105622999308 0.877048079448045
0.21874864447974 0.861819735664523
0.343768457691147 0.771378906141549
0.195522360632129 0.873749396427742
0.179684657931891 0.881887144642207
0.218119739003696 0.862140211644926
0.202306139399505 0.870264518384734
0.177217354891848 0.883156680454386
0.311009144772574 0.786093836649933
0.203545512679128 0.869632572006562
0.310892929757202 0.786142524365793
0.18426491464081 0.879533663675749
0.190083989812189 0.876545138199595
0.182041473791377 0.880676268815323
0.191152271957323 0.875996124533227
0.199671725180221 0.871617407136301
0.24599114144316 0.847803417590162
0.164967221551341 0.889447161253944
0.320643957756752 0.781765511305816
0.344224977062499 0.77117075968558
0.178214413783403 0.882644366636602
0.314114107862939 0.784697714343586
0.198589215377921 0.872173770074845
0.236146675395821 0.852886558708211
0.337850402881084 0.774035823550457
0.181593556155844 0.880904802677748
0.181557262904727 0.880927356894077
0.18603111468422 0.878626430431608
0.215351814375704 0.863559876061041
0.321399287479593 0.781423813556694
0.182049974961289 0.880673154865701
0.221946746006755 0.860178983867462
0.183947901001772 0.879696699749819
0.361431085918184 0.763432702466384
0.183947901001772 0.879696699749819
0.192245526606001 0.875436878109836
0.20066591104644 0.871113139053592
0.220617372968247 0.86085439906448
0.16446965235278 0.889702654580767
0.193225848180212 0.874931755668843
0.177217354891848 0.883156680454386
0.396891756228756 0.747464192837512
0.222088462376151 0.860106065190413
0.189105622999308 0.877048079448045
0.195841840069064 0.873588749194426
0.18862953415995 0.877289941406014
0.315939592168319 0.78387797896935
0.248606764452213 0.846461881986909
0.173058765786535 0.88528956234709
0.18915512391725 0.877022533844135
0.17628206694015 0.883634099813474
0.204983248930217 0.868888447384637
0.190594406622542 0.876280716535657
0.177217354891848 0.883156680454386
0.20870180108291 0.866981678086261
0.174903844714855 0.884345909234057
0.190006945745466 0.876586762491528
0.192551676244612 0.875278457289002
0.186905546814256 0.878178195275916
0.193141331275165 0.874975160433092
0.228478861007501 0.856814826317176
0.222295157978622 0.859999978324224
0.189105622999308 0.877048079448045
0.193727402511711 0.874674627313626
0.21497523178057 0.863753683688923
0.206815631278112 0.867951134174487
0.356431963292262 0.765680550235502
0.183934338714868 0.879703645023558
0.173804271804602 0.884908943854046
0.178298306065209 0.882599733508989
0.321435366969711 0.78140831609544
0.183796544239793 0.87977451136838
0.317485254590088 0.783183746272914
0.183796544239793 0.87977451136838
0.196446554572011 0.873285158815558
0.197959870976531 0.872497115256758
0.177111522667213 0.883209638088715
0.171134703860982 0.886279836891425
0.208523304654142 0.867076270844805
0.202242020885686 0.870299531263993
0.313504051617631 0.784974780421919
0.219258612716879 0.86155293515829
0.196203901133706 0.873399754037231
0.18498057331515 0.879166236064254
0.169263947793675 0.887240908155447
0.365383842657257 0.761653462091739
0.338805096182311 0.773608133814782
0.370443754029822 0.759373413210635
0.371668482329318 0.758826212681382
0.369536909773924 0.759782133714151
0.375777691430062 0.756983038003617
0.375638778391291 0.757045369118134
0.378224276163017 0.755877395205636
0.367744258246253 0.760588654268819
0.382808911591349 0.753807649791468
0.335987321026418 0.774869693709414
0.333090384775656 0.776170119304929
0.382195462247777 0.754085988696674
0.39170934929158 0.749803775541944
0.342150081388885 0.772100395513361
0.394972217867815 0.748331935790602
0.381084695997954 0.754586727954749
0.32704220273587 0.778890488982985
0.383898126901724 0.753322067837414
0.320567527645354 0.781800161160189
0.359428435820608 0.76433168000727
0.376279601859171 0.756757432088294
0.342318226575947 0.772024559693625
0.332842579675302 0.776282714347881
0.395035600830471 0.748303377702392
0.390015636665548 0.750573447718452
0.307929213562855 0.787476519397918
0.334240310734428 0.77565875513173
0.368461949569573 0.760273998045874
0.283206938209425 0.798570001428053
0.307929213562855 0.787476519397918
0.353451679301872 0.767021365485151
0.355875189678754 0.765931770231573
0.290003313772434 0.79552026773321
0.314610052138497 0.784477567573896
0.32704220273587 0.778890488982985
0.282301189968831 0.798976383025149
0.301045201372631 0.79056452292829
0.2897204021576 0.79564765342901
0.29989269645407 0.791082235822167
0.346819689014181 0.770005142357966
0.309143731401017 0.786930077155162
0.324378424487804 0.780085514129957
0.301080007025605 0.790550585165803
0.324962979270776 0.779822709059976
0.31248504182344 0.785427518196893
0.281441561601056 0.799362092092938
0.28141872379135 0.799372340106489
0.285350658130665 0.797607982232048
0.28141872379135 0.799372340106489
0.281420919816728 0.799371354665308
0.352998549831888 0.767226165330908
0.285072354090423 0.79773286505561
0.281418631835137 0.799372381372662
0.389000385059194 0.751020521834409
0.285240635069776 0.797657363263295
0.329750959300938 0.777675765229574
0.32886956408592 0.778071583591028
0.390153253249296 0.750508110953974
0.333997400625504 0.77576594503058
0.335717681111278 0.774996077793044
0.279371907768025 0.800291733918835
0.288999500243277 0.795970349576488
0.273350508695005 0.802993335483534
0.280190519281895 0.79992415011275
0.326803307750222 0.77899791691895
0.328566090470325 0.778205334772549
0.285474474035411 0.797552583646121
0.274072142954459 0.802669960824718
0.372622170015859 0.758399415808507
0.33303256483211 0.776202150647323
0.2937903161455 0.793820346635449
0.366185885252439 0.761298299615501
0.273262913882738 0.803032733669421
0.387417165642528 0.751739058792752
0.281632481032088 0.799277239794952
0.376881648091366 0.756483656321045
0.277141160755395 0.80129272625192
0.369172972109264 0.759950963961155
0.393315614313548 0.749073351895609
0.334484968433125 0.775546577789554
0.394734838579374 0.748434590281276
0.33921076322669 0.773423425583327
0.343574503745147 0.771462644282359
0.273800856660569 0.802791330485074
0.323825357354449 0.780337379010695
0.375409866048311 0.757143144768738
0.346548604045013 0.770126582309198
0.273819672296178 0.802782678389324
0.281178159520994 0.799482886441198
0.283973076754684 0.798227801166432
0.280626527474622 0.799729140826523
0.339892393103518 0.77311813980152
0.348362594007985 0.769309446151364
0.269658059636996 0.804649669163644
0.323348880951741 0.780548883331123
0.322505931238795 0.780929054183621
0.271798727350299 0.80368936734913
0.324694266057649 0.779946278041314
0.270620704643828 0.804217997904905
0.277610162255471 0.801082486601955
0.275227164088162 0.802151005291492
0.277350301749488 0.801198853516317
0.374456969206164 0.757567466383042
0.281451204292823 0.799359328293157
0.364615637875684 0.761999897535575
0.269467927831341 0.804734899389009
0.302276144723208 0.790012755277475
0.2817653999701 0.799219700716078
0.282724010445476 0.798787566544546
0.302988343162412 0.789693669880127
0.366791287078402 0.761023398501391
0.305251762750525 0.788676215761306
0.276990555264035 0.801360129842104
0.303083740236565 0.789650898030812
0.277350301749488 0.801198853516317
0.36850167290987 0.760249200157516
0.273501421490115 0.802925569318164
0.353537048841149 0.766985026951652
0.339655646269266 0.773227266610678
0.310570699148647 0.78628879018517
0.304043211822929 0.789219882260018
0.336094284621493 0.774824642236982
0.36850167290987 0.760249200157516
0.26665318198843 0.805997463740633
0.327827654322795 0.778534343677022
0.36850167290987 0.760249200157516
0.267969562881706 0.805406979931099
0.309865864145834 0.786605063654686
0.300104827816935 0.790986688610965
0.39209994010753 0.749625918740213
0.333772639552064 0.775866108408523
0.336094284621493 0.774824642236982
0.324369583310673 0.78008813705814
0.368278613703381 0.7603564815856
0.275070913876082 0.802221453089302
0.279956382559407 0.800030057340065
0.371962575166816 0.758691796848132
0.373824125364836 0.757857687701451
0.269467927831341 0.804734899389009
0.372472182059688 0.75846265847588
0.323055964192457 0.780683086956241
0.313484725221175 0.784980835847575
0.273202015871501 0.803059852443734
0.273572697940185 0.80289359462859
0.281353119576782 0.7994037001234
0.269467927831341 0.804734899389009
0.309728338685353 0.786668146999152
0.278124549527083 0.800851120144181
0.272842588356043 0.803220901223871
0.273974421308508 0.802713539700884
0.394299939608158 0.748637417881037
0.279652989914221 0.800165352045525
0.26665318198843 0.805997463740633
0.276190335451764 0.801718734373291
0.327258309640818 0.778796855951204
0.302306228527671 0.790000370214737
0.271404482333117 0.803865921513914
0.269859124633755 0.804559474129922
0.31427531208114 0.784626418033462
0.278230063049129 0.80080500095446
0.341320488487374 0.772477182700678
0.369323707625396 0.759877366012356
0.282705284197405 0.798795867691509
0.322797068179012 0.780796832468587
0.273800372160975 0.802791616301664
0.269645590535185 0.804655114994046
0.278246434489992 0.800796485225348
0.312234385921898 0.785542328113288
0.307881244692369 0.787495874302815
0.368464232558114 0.760266047170335
0.290324996719631 0.795377870410459
0.368464232558114 0.760266047170335
0.310079911599859 0.786508662098038
0.264620960499356 0.806909128011202
0.266601711066172 0.806020537610273
0.357727982271689 0.765099125221395
0.288537947471693 0.796179345249662
0.342334524097274 0.772022000147803
0.300521925625693 0.790798606371075
0.269645592710314 0.804655114018359
0.308083378198916 0.787404602104095
0.273800372160975 0.802791616301664
0.273835254254438 0.802775883663121
0.274886804517314 0.802304248957461
0.330802582613916 0.777200778626518
0.355200709520174 0.766238793232069
0.388540139220895 0.751232342709472
0.26937317554812 0.804777387583274
0.273800444433235 0.802791583880839
0.263222958496857 0.807536142364961
0.365201542545091 0.761734750266429
0.318590946953314 0.782687202921107
0.278246434489992 0.800796485225348
0.273294584879177 0.803018575472414
0.37059038572619 0.759311172608309
0.345899461225915 0.770422096830589
0.273667515444314 0.80285128484916
0.274518953527916 0.802469459062029
0.307881244692369 0.787495874302815
0.269714302955604 0.80462427894005
0.271036206553181 0.804031439686201
0.293808610987544 0.793812182426606
0.302146536515215 0.79007130938117
0.275723536840366 0.801928228112793
0.355563296592633 0.766068118453297
0.296832773837192 0.79245669148528
0.339155849477346 0.773448185349221
0.280081594129209 0.799974552076069
0.272188438415315 0.803514453511271
0.31441294162064 0.784563199764364
0.278511062348902 0.800677754483572
0.262913144668255 0.807675139618187
0.303655201928763 0.789394638891536
0.338478463320968 0.773756328715319
0.269477955246093 0.804730403113052
0.287636401034717 0.796583081226857
0.279748448313977 0.800122674703898
0.275824334757067 0.801883008586868
0.267155626681138 0.805772320148842
0.270104297436911 0.804449454168064
0.269474529949719 0.804731937505082
0.319966155475912 0.782069302808938
0.346639078641603 0.770086409999661
0.289906533425953 0.79556331809514
0.274489576225979 0.802482813740465
0.302295359706446 0.790004441914373
0.381157829143989 0.754553413693445
0.360469472390913 0.76386788253582
0.349652735994042 0.768731199093577
0.349652735994042 0.768731199093577
0.392044524719253 0.74965153434173
0.342489924015837 0.771950813252704
0.347807889741793 0.76956071836275
0.376415610203715 0.756686904767133
0.347497731594405 0.769699678174862
0.364991120190374 0.761833376359771
0.354248997581202 0.766660598843189
0.341734409716533 0.772286000447121
0.377745876948866 0.756094245377826
0.396023546647212 0.747860976499661
0.373397614542158 0.758048482815851
0.337430847531887 0.77422593107568
0.35210371271077 0.767626175643642
0.345822380451698 0.770449364071209
0.355169070165678 0.766249636418343
0.365398384684129 0.761642966402929
0.387932930811083 0.751503471689021
0.37404711056573 0.757757767344844
0.354025978879124 0.766766641959545
0.330427377452364 0.777372734453862
0.347366024027321 0.769756158230333
0.347733980958061 0.769591286629066
0.373387793070118 0.758051319420696
0.384300805173696 0.753141234894541
0.35350153791415 0.766998864699064
0.395820843114283 0.747954979151848
0.346140636596063 0.77030689770825
0.330732846822206 0.777231192341254
0.338747651583996 0.773635371467292
0.328159688132811 0.778390069698096
0.358821140280096 0.764604779505939
0.340488443458588 0.772852548846039
0.387595636528655 0.751651911522232
0.295359180174662 0.79311779076261
0.35808857789665 0.764933890741492
0.326917353116673 0.77894859402662
0.332225216012612 0.776560672991569
0.340321483251203 0.772927833640462
0.3045412403127 0.788996829129865
0.368238053199693 0.760368240432271
0.361221686178081 0.763527314488437
0.29091272586822 0.795113797879645
0.349683560998912 0.768712470225442
0.331404710416437 0.776932599510713
0.377777931186786 0.756080866143044
0.391743886852881 0.74979375328024
0.351289797941785 0.767991662448773
0.355342686563332 0.766171688230407
0.394137792163666 0.748709455549939
0.358075875350164 0.764941145812949
0.355012366524683 0.766320241427489
0.300644189247229 0.790745285403144
0.349029263687697 0.769011316796287
0.343579189814875 0.771456023180737
0.370324382562028 0.759430769558712
0.363415996191699 0.762539569005972
0.37662362576068 0.756598496315701
0.337605803993242 0.774142152437093
0.368700374084117 0.760161056617956
0.351129564013017 0.768063317982351
0.306530340702024 0.788103496297022
0.368608426655256 0.760202487721486
0.32901673677086 0.778003612269487
0.322221807598678 0.781058912031806
0.284552326959145 0.797967550290162
0.369339149729068 0.759871058372434
0.280333442325144 0.7998603806416
0.359734900705449 0.764192524863003
0.321604995241163 0.781335264027716
0.392359909538265 0.749511827100749
0.315529132225264 0.784064026522056
0.362490049697273 0.762953866327637
0.331246263268297 0.777002224196647
0.35500556089699 0.766323117550822
0.28033067788477 0.799861620761941
0.354755224725256 0.766435651195491
0.302336521303775 0.78998862902833
0.332063211918123 0.776634019383237
0.381247384901597 0.754518679593417
0.368157689152284 0.76040461367729
0.335495482550579 0.775093175690252
0.339628166721507 0.773236060527156
0.335784626606022 0.774963240635142
0.376924947123518 0.756463466827596
0.315529132225264 0.784064026522056
0.384396333394038 0.753093489379744
0.376898781760823 0.75647309235298
0.295701380460847 0.792965297776809
0.266277862020653 0.806165891292985
0.329396961741833 0.777833745919204
0.284968663379609 0.797780695017313
0.290276638649564 0.795398384283619
0.35630046486158 0.765745597943613
0.335915148295049 0.774904590223864
0.324158921146669 0.78018523674688
0.360140914832848 0.764016326343072
0.338584458238872 0.773705729229848
0.364684301186427 0.761970267165875
0.271161203262307 0.803975793119854
0.371372661397653 0.758964052245113
0.266782299965346 0.80593968419419
0.32986845784218 0.777621808724352
0.353705941279857 0.766906457063556
0.350634695802557 0.768284809443434
0.353705941279857 0.766906457063556
0.329396961741833 0.777833745919204
0.320909070188101 0.781647038628388
0.364684301186427 0.761970267165875
0.305387956604158 0.788614902676011
0.290343027915139 0.795369248834151
0.266066864731723 0.806260534971144
0.329379514938044 0.777841747461731
0.274895510338081 0.802300513835999
0.268849518668877 0.805012398547663
0.335915148295049 0.774904590223864
0.29437222595165 0.793560352923373
0.271522357340481 0.8038138279764
0.33002490393879 0.77755162757954
0.275162917751912 0.80218019292037
0.297099613565267 0.792336830853737
0.335204218295054 0.775223747234267
0.308354734901094 0.787282336612965
0.295670168411204 0.792976858240161
0.372489725891452 0.758455875195909
0.284492707034695 0.797994762401664
0.268849788536003 0.805011999084623
0.367106469996976 0.760879115044954
0.353147996730229 0.767159743630241
0.379829182613469 0.755152349809356
0.377806543938726 0.7560623171124
0.310938878261793 0.786122782156679
0.356084815394103 0.765839370163916
0.296891878904725 0.792429064015239
0.275106850421688 0.802205348068426
0.266611718306397 0.806015946482074
0.338927228019444 0.773552557544348
0.2774622233005 0.801148881403551
0.335915148295049 0.774904590223864
0.369765461161174 0.759681307998849
0.300343329838772 0.79087909102711
0.276737613172007 0.801473631801725
0.283682390895059 0.798357987007908
0.330905396331337 0.777155692882493
0.32953227407659 0.777770703595933
0.284432851404526 0.798021075398203
0.329142565709988 0.777945161701003
0.299477635187933 0.791267268727598
0.270795999451731 0.804139621363132
0.30546513342306 0.788580250890868
0.305423552807523 0.788598922007798
0.266809887995411 0.80592729317461
0.344063766681692 0.771244404886648
0.274787608453252 0.802348821365949
0.344527279629522 0.771040185707385
0.312022876647323 0.785635703086026
0.284311941273937 0.798075492173881
0.336527882754735 0.774630915979807
0.322229888989085 0.781055713147974
0.26566585747848 0.806440350375143
0.283938988454588 0.798243121071041
0.302877154898791 0.789744175330452
0.270795999451731 0.804139621363132
0.31039841234288 0.786364807565829
0.295659959305451 0.792984109625023
0.275507428687839 0.802025354486817
0.329396558649953 0.777837677296596
0.269971330702936 0.804508752488671
0.330964471772166 0.777129546819754
0.27751124252546 0.801126098390924
0.2656587637545 0.806443533426915
0.285552019251853 0.797519132102536
0.30546513342306 0.788580250890868
0.307783322794375 0.787538942690269
0.264935632993323 0.806767821458485
0.275047176452011 0.8022323865868
0.362080301841569 0.763140296381007
0.275730083669785 0.801925499360652
0.295944342484856 0.792854990415759
0.360142366537879 0.764009793765619
0.283685045648843 0.798356778295623
0.349437310739808 0.768828811746771
0.301597662354357 0.790318996952185
0.313246730499187 0.785088213150947
0.360582358686534 0.763810691572737
0.355352496974505 0.766167680797965
0.300386563792493 0.790860813264601
0.267053457810879 0.805817797447874
0.336115257306366 0.774812927599716
0.267613888096568 0.805566415658592
0.306552098734495 0.788092782299814
0.340454645280585 0.772868597860183
0.269310490006185 0.804805551467219
0.300009504763576 0.791031635301074
0.328078512063702 0.778426023561929
0.378416039316896 0.755790379543785
0.283676875120492 0.798360443864887
0.268571124783404 0.805137294554725
0.301466323516304 0.790376030666591
0.388085507768349 0.751430767867798
0.27158226665445 0.803786607664669
0.284532794629443 0.797976516382623
0.291341471748442 0.794920422818359
0.264801662724841 0.806827915839184
0.296141257378473 0.792766797994768
0.272358689026889 0.8034384592917
0.269955106718349 0.804516028534191
0.38070834853623 0.75475863913028
0.263197807191956 0.807547502004964
0.328279394439454 0.778335680011843
0.382743550961589 0.75383822435682
0.269064778046042 0.804915729189918
0.306245039504131 0.788232007697458
0.352936971955321 0.767258209713049
0.271149453032237 0.80398076300321
0.264781549376921 0.806837204299689
0.265176481616239 0.806659662125551
0.365158340452199 0.761757639486802
0.358295455774239 0.764840990252341
0.295461317399856 0.793072535470232
0.273759093395898 0.802809482626936
0.273049562317146 0.803127848085714
0.362505861274048 0.762951447534474
0.336259160683784 0.774746645390077
0.298595115207527 0.791664814467789
0.293033877786004 0.794161133810143
0.263268946947525 0.807515589354204
0.263197807191956 0.807547502004964
0.283686622638053 0.798356136596221
0.328755381134056 0.778124541103763
0.317670121547923 0.783099305057226
0.30519275363146 0.788702194226117
0.28342109636512 0.798475232264851
0.280435882035082 0.799815141634956
0.273667638012448 0.802851065611904
0.872287882191902 0.261003946674367
0.900522815995783 0.215595562674979
0.908128954491138 0.203343555186305
0.908211801700281 0.203210158902573
0.87941765966071 0.249535807352839
0.906723283172637 0.205609362392458
0.870742663843401 0.263486405287518
0.896602414128017 0.22190471470145
0.89725144106894 0.220860180627291
0.867878687873273 0.268086527152518
0.908211801700281 0.203210158902573
0.904336360970691 0.209446301577232
0.916180753100574 0.190383609864787
0.21377683402919 0.864375233517691
0.25013840716886 0.845673724392283
0.207461974842861 0.867616945258067
0.254849543056498 0.843245910847383
0.236213335538159 0.852847034280793
0.226264630188057 0.857955257811524
0.252840804224893 0.844280106392951
0.185339958470691 0.878983353194605
0.238041542206296 0.851904232059433
0.184079535417573 0.879630249304879
0.249367568999451 0.846073740214776
0.201481246722902 0.870695695462694
0.184950419601031 0.879181622714757
0.182934387957524 0.88021848927479
0.201109012188763 0.870886715032788
0.201109012188763 0.870886715032788
0.209420315769357 0.866612494973603
0.181705178510346 0.880849930065028
0.214553496921092 0.863978312950446
0.229680101799714 0.856195509232035
0.240965619735628 0.850400234886494
0.189736837815814 0.876722268727732
0.192079318760884 0.875519045702895
0.247354930851675 0.847107184880508
0.189379583741166 0.876910719970167
0.176788405765536 0.883375034241313
0.199116692913923 0.871909765504016
0.189172315322083 0.877018307110917
0.213919803651732 0.864305893279067
0.219174603124521 0.861598160097845
0.250400308854027 0.845539855759184
0.195663658331822 0.87367720792014
0.202984660288837 0.869919555372256
0.201779930716805 0.870540788132648
0.185021240405781 0.879147068301159
0.236490247066945 0.852687555263314
0.199370638900553 0.871773113260129
0.184478454122595 0.879426859825686
0.192731676220539 0.875186486933567
0.176788405765536 0.883375034241313
0.222198888663786 0.860038762418763
0.201116406568681 0.870881849866775
0.207496346822542 0.867599107904671
0.169744437878635 0.886993498778329
0.209179671787891 0.866737466568958
0.247690430452599 0.846938972605676
0.181652123053607 0.880877173734404
0.205291817077351 0.868734360439696
0.238345964327983 0.851735366781597
0.161315220245919 0.891322152565937
0.201116406568681 0.870881849866775
0.236836667672048 0.852516515770415
0.225689272977861 0.858252795890915
0.246386707247804 0.84759744697973
0.21017500711879 0.866227212072377
0.180724724945974 0.881352586048892
0.195680824753291 0.873668345219628
0.176405629833327 0.883572005239122
0.200887771017298 0.870998730123404
0.217075125879169 0.862672322376748
0.173280753815195 0.885178542334823
0.241144226635914 0.85030167746818
0.209090957282312 0.866780097301866
0.177190303497109 0.883168727594348
0.169746946986582 0.886992212922288
0.178916016351766 0.882282024169549
0.165960355542298 0.888936432463502
0.188277586431522 0.877472689796883
0.173251810012337 0.885191915945564
0.175185305846847 0.884198696306905
0.183608517453611 0.879869973277947
0.256175245073455 0.842572359322249
0.169744437878635 0.886993498778329
0.166137688848873 0.888845527750982
0.241694321333215 0.850009447086912
0.187358882074513 0.877944313565209
0.230788925327134 0.855624220933484
0.196841226280953 0.873072740421511
0.161384649183218 0.891286501500903
0.18372056794977 0.87981559568403
0.24404875916396 0.848805120014845
0.169620205486345 0.887057456939756
0.244894150086755 0.848375948932762
0.176901250611259 0.883318576284477
0.169744437878635 0.886993498778329
0.222307182262738 0.859985779798868
0.255157513499808 0.843092866613565
0.177536769984441 0.88299045581405
0.175367322099284 0.884106894589017
0.215650314797719 0.863416330846388
0.157768254374116 0.893143822411829
0.181937527008248 0.880730498626785
0.186479171407163 0.878400576104025
0.161315220245919 0.891322152565937
0.215650314797719 0.863416330846388
0.165574297036636 0.889134599286837
0.174238140483188 0.884685328129349
0.16047041236524 0.891756337004589
0.237789577061234 0.852024006592265
0.177818008990864 0.882846323828248
0.166137688848873 0.888845527750982
0.195342504602888 0.873842140723444
0.213105032004558 0.864715359681251
0.234087560904352 0.85392603154916
0.195663658331822 0.87367720792014
0.176715359423504 0.88341393132425
0.228238582817452 0.85693291476376
0.224879295494158 0.858663953263718
0.227389883478285 0.857372020499205
0.217232778816804 0.862604006392104
0.20440640230864 0.869183764914113
0.22462347883042 0.858794187417238
0.238116578691717 0.851864994393661
0.182139348572713 0.880626840697145
0.250617982099476 0.845432591708357
0.234433264552454 0.853745406308986
0.25434741152778 0.843511020467603
0.174244879129308 0.884682159047789
0.177190303497109 0.883168727594348
0.168372528093545 0.887698148742761
0.217252197057794 0.862582941109166
0.184471351519354 0.879432105873409
0.22832293896212 0.856891347576533
0.237349080130116 0.852251739641354
0.200979303810941 0.870953349644073
0.214884696521735 0.86380807246519
0.166130045211343 0.888849437557075
0.180579008223228 0.881429246890231
0.176861976821108 0.883336306587548
0.171505132505704 0.886089644022234
0.169744437878635 0.886993498778329
0.22445534776765 0.858883240983685
0.25023883601034 0.845614054986453
0.220245067656298 0.86104506901192
0.226381997493101 0.857890400273277
0.169744437878635 0.886993498778329
0.223702859300907 0.859267283731914
0.225261467386756 0.858468094410151
0.233668855971297 0.854147246563319
0.255418641154565 0.842963810169983
0.169747009850778 0.886991714414157
0.235696642830156 0.85310979947163
0.163220303524462 0.890344089388092
0.226604250243327 0.857776214636293
0.226128764004672 0.858020659615692
0.178923443724009 0.882278263090432
0.202803438402875 0.870010896022634
0.202542351050848 0.870149751900786
0.203238467735997 0.869784176872547
0.232718842113227 0.854630011838562
0.193419799396372 0.874830128786372
0.232553962672244 0.854714549705137
0.22256677317609 0.859847884607262
0.220409710864524 0.86096669128428
0.24381622659344 0.848926794109365
0.16706506262559 0.888370095216384
0.254996627045599 0.843170362861971
0.170592544533032 0.886557974060918
0.225623982748922 0.858277128611659
0.197353847119677 0.87281100181804
0.236056888245467 0.85291464203827
0.240582761277869 0.850587969158374
0.178512603917342 0.882490597751173
0.221825570848738 0.860238544715733
0.164940955811141 0.889460676177159
0.19632459986897 0.873337608114843
0.252592136940867 0.844424914128765
0.180595800491767 0.881421035817161
0.254537269806271 0.843418631836743
0.159720776589999 0.89214106612556
0.232971797553895 0.854497980712063
0.193920378963417 0.874572294549019
0.172896094541916 0.885376071920067
0.230502849432376 0.855771961265185
0.179668061540139 0.881896895733477
0.243640868634539 0.849022831771853
0.214884696521735 0.86380807246519
0.253379569490938 0.84401052945317
0.207732717353304 0.867478357570491
0.178468225399634 0.88251391884036
0.173652299169471 0.884986811432424
0.247140376404172 0.847210231321767
0.155330281272529 0.894395611576871
0.254323996427787 0.843514205077248
0.236072550922354 0.852913018494203
0.174653356418555 0.88447216340601
0.183187865344341 0.880088292786957
0.248892798484977 0.846313240283316
0.176852577850349 0.883341132994943
0.243605170550002 0.849026051183543
0.253845500244157 0.843766010909402
0.230326755618038 0.855867058979022
0.247967674635497 0.846791731207802
0.171186679978171 0.88625233022234
0.195198385370884 0.873916536790466
0.176861976821108 0.883336306587548
0.199793102799302 0.871555520459723
0.182821727699426 0.880276348615539
0.200601323467591 0.871137263984237
0.230132940401867 0.855962087507428
0.230489784235253 0.855778603574497
0.178674753211172 0.882405346896132
0.215229284299933 0.863628936405414
0.173410691363542 0.885110141111156
0.193398444787273 0.874841128690997
0.217853802601374 0.862277636655077
0.19765985357031 0.872655127039683
0.197804503367486 0.872576794099141
0.217433221310886 0.862491431954834
0.204606065116227 0.86907930093306
0.227738070692882 0.857193738756891
0.179370062493433 0.882048375455028
0.176861976821108 0.883336306587548
0.200553238857434 0.871163305433508
0.210661634151041 0.865977906243469
0.179492960940937 0.881989246745855
0.18131324526892 0.881053572250202
0.228999133212436 0.856541760771927
0.218477419697663 0.86195337605801
0.189086616602507 0.877061831491479
0.2466980949659 0.847445440349142
0.23089703793119 0.855565883593198
0.158827121353897 0.892600166148796
0.188115090195379 0.877555297966624
0.155268501632301 0.894427345141843
0.196207304147388 0.873398499805547
0.193996778285216 0.874533788684304
0.197883028477999 0.872535206848341
0.19668411268941 0.873153048307002
0.204118774616954 0.869338301990789
0.19805059611342 0.87245527410792
0.163220303524462 0.890344089388092
0.185321996226895 0.878994902607221
0.189724097833922 0.876730836013202
0.157283319842276 0.893392784610729
0.17950630361566 0.881980269680938
0.250518500589403 0.845470507231071
0.251552123157754 0.844949614748917
0.247251099938076 0.847161408899812
0.22927259373956 0.856410773957667
0.244126994009794 0.848762619503111
0.20421564963369 0.869279977664045
0.178689145434803 0.88239776648266
0.243640868634539 0.849022831771853
0.16621499356001 0.888806058233607
0.233752247392638 0.854095301700115
0.225087653299774 0.858551786677712
0.20262283977402 0.87009843661561
0.176530330760315 0.883506607448891
0.196265893475422 0.873372077455274
0.19783411727367 0.872559176674209
0.166332967927741 0.888745326719735
0.228562346542749 0.856771194767641
0.191868948419292 0.875627346565474
0.252229128119561 0.844600710625912
0.202972893776331 0.869925339163755
0.204877378042901 0.868939909001287
0.184600987823982 0.879362787702301
0.233266929649315 0.85435757824739
0.15054971887039 0.89685037823299
0.245235961740486 0.84819506414242
0.198389619308745 0.872274802317739
0.182985550753207 0.880194832073106
0.173606892419695 0.885010053213303
0.167578889131701 0.888105665418612
0.183247139146236 0.880059396954297
0.201481475952332 0.870690044303674
0.19614812821694 0.873432595630118
0.247971981450571 0.846789496688055
0.180090706788649 0.881677700922724
0.176851416772225 0.883341726251393
0.253215081893142 0.844087852398935
0.171532083434624 0.886075898943604
0.224710924664888 0.858755338228366
0.204877378042901 0.868939909001287
0.168939451381996 0.887405976082143
0.17992251071634 0.881769143050768
0.23831200648429 0.851763901435443
0.158564673326338 0.892734822082156
0.176521680917856 0.883511050526377
0.194868128225065 0.874083575967413
0.197758150605404 0.872600380604628
0.184326931823313 0.879500880903202
0.168474482711821 0.887645190991219
0.155197118117344 0.894464152269738
0.20625787307176 0.868235455018816
0.158785011892399 0.8926214099621
0.218408384377527 0.861987089513902
0.166599249200617 0.888608904140762
0.231878494274203 0.855070020242252
0.212164272290637 0.865200634826599
0.166627125726031 0.888594264419325
0.151535978158968 0.896343986420326
0.221292350875559 0.860514154700868
0.176304351822676 0.883624140356784
0.218694472463293 0.86184706933331
0.248887728036707 0.846323683462474
0.155229972356422 0.894447281568396
0.182794706031098 0.880292846227254
0.188241361342593 0.877489838363667
0.212896269238757 0.864825552463644
0.18604678857825 0.878617952844088
0.197189598888028 0.872890528222898
0.172060948991171 0.88580263056579
0.203465896698797 0.869670439640363
0.175647195254743 0.883961673182531
0.19773765017271 0.872615680059025
0.181671660624267 0.880866114021992
0.221292350875559 0.860514154700868
0.194876296573597 0.874079296635071
0.216157456981626 0.863153775065941
0.203441977037786 0.869677302136986
0.189086616602507 0.877061831491479
0.169579586700075 0.887076781456094
0.209505235656175 0.866564549300713
0.165534650969794 0.889155643483067
0.194979524849362 0.874026327098805
0.190280969801959 0.876442609915695
0.169615625346441 0.887058269758462
0.205741458665331 0.868501981574299
0.232163446003096 0.854914722789119
0.167141717745992 0.888329022240469
0.194334728548544 0.874357558795513
0.179652849879458 0.88190564361271
0.191726422541019 0.875704228480723
0.154096869997309 0.895028906570034
0.182727292598725 0.880327275839322
0.176102726243796 0.883727394716758
0.237196031246592 0.852329322590012
0.198235311910946 0.872355551048379
0.156113430493778 0.89399371190091
0.241328705638715 0.850213792773587
0.198206316030823 0.872367871596934
0.172363033849371 0.885647312090649
0.174740384589013 0.884425551627593
0.203020517497353 0.8698957629447
0.378970347989607 0.75553488654355
0.312137122884069 0.785589592547113
0.308208602678617 0.787351310478678
0.383040003713531 0.75370686926464
0.393469195574555 0.749012057682485
0.308208602678617 0.787351310478678
0.334076991759829 0.77573159494387
0.309729722642408 0.786667548485078
0.357265646474922 0.765307640667899
0.332423243203049 0.776474066196563
0.334124079926862 0.775710368111157
0.341397615544568 0.772443013709191
0.355963814237963 0.765896007095717
0.313573608046244 0.784940598207647
0.283601252413529 0.79839410777268
0.333877344739974 0.775820388287579
0.331409850071286 0.776929611929271
0.331747713077286 0.776779190898698
0.373444377198127 0.758024883761014
0.334041403220309 0.775749421462136
0.372163430447727 0.758602524074211
0.302046525077004 0.790116011351656
0.362220770283987 0.763077370529887
0.3184623705817 0.782745937090908
0.33833563729681 0.773817352102647
0.386710588409055 0.752053542218729
0.300158430541024 0.790962717230189
0.28001542258534 0.800004024319957
0.357127277268013 0.76536711671075
0.337132569094458 0.774357862761459
0.30054857839966 0.790788046578549
0.325792396248241 0.779452971412009
0.294786802144448 0.793374451274886
0.286920819564593 0.796904742768027
0.338038208919696 0.773950979976478
0.288512616664663 0.796189558081918
0.310383882286471 0.786373037809012
0.305661025201098 0.788492100425616
0.388461364143972 0.751263781258354
0.312765599327945 0.785302826487528
0.292120629697814 0.794571236549087
0.284182501979951 0.79813265442132
0.28457413430945 0.797956551218655
0.331718319957944 0.776788153619344
0.306298789839155 0.788205815665537
0.322935368434349 0.780739793444598
0.277226920356597 0.801254523654807
0.29793565126619 0.791962642806463
0.291279644197021 0.794948480481309
0.29660022060381 0.792562114079205
0.27679481556423 0.801447813611256
0.375768049735678 0.756986751473341
0.275913420500401 0.801843270181166
0.378870718678632 0.755589382365882
0.316033574801184 0.783837278434009
0.357514505782697 0.765196792810238
0.27726780682044 0.801236548517976
0.392428814076561 0.749474158996406
0.27341094118786 0.802966235481353
0.271960101683617 0.803617233420255
0.278219422355647 0.800808733494607
0.305805903583742 0.788426876641506
0.272189597249388 0.803513633957735
0.325784233464236 0.779454922267681
0.377254546835885 0.756312529772128
0.313992655014113 0.784750464635229
0.30013583313551 0.790973523247114
0.271960101683617 0.803617233420255
0.290709052120609 0.795203971157187
0.377526014436717 0.756189794872511
0.278352389169333 0.800748710250567
0.336361994584709 0.774705008699361
0.358534995143852 0.764734981235477
0.284827045329971 0.79784419240696
0.270277283023226 0.804372279832967
0.27244050966577 0.803401717861162
0.282073426946994 0.799079122006941
0.288023587927886 0.796409182358073
0.284006287566471 0.798212493427273
0.278559504966923 0.800656648232696
0.268537659238279 0.805151779140989
0.273545674601105 0.802905134605191
0.282708044878294 0.798794348467633
0.302295100227239 0.790004782716427
0.303266081058156 0.789567802226422
0.288329366721398 0.796272854687983
0.271042920451508 0.804027994523776
0.301103678897106 0.790538809395625
0.269721089083914 0.804620863836346
0.266571315287009 0.806033900217043
0.3804656083357 0.754866265618488
0.277689194190666 0.801046067965231
0.287314340159959 0.796727467256775
0.296458171105624 0.792623608220426
0.275085818872774 0.802214180493549
0.280037443810532 0.799992617817731
0.27457449489261 0.802444548817324
0.303660316077655 0.789393264105535
0.290015161589241 0.795516060311099
0.278260038969522 0.800790418081934
0.288011137201896 0.796415619213624
0.387394148240925 0.751747740686027
0.319541011302715 0.782261090335058
0.275257603508411 0.80213698632949
0.283982571944488 0.798223677053681
0.387216703736774 0.751822727849748
0.288814312596293 0.796054517918162
0.277758601866641 0.801014913834584
0.280677056649717 0.799706816290652
0.265286706524196 0.806610198469404
0.274413574404008 0.802516805298941
0.296766608571173 0.792486528737403
0.28578296278084 0.797415667671795
0.274558418025084 0.802451149910025
0.274106539137538 0.802654325372951
0.376837672385563 0.756505725087933
0.295594219089143 0.793012337951893
0.345345554779635 0.770663272152825
0.267492755988798 0.8056207947709
0.274101852230286 0.802655595653938
0.305357382448621 0.788629340732037
0.276498635305901 0.80158042563757
0.277974711235786 0.80091796360872
0.270383184527116 0.804324246682301
0.299355048506802 0.791324383325642
0.272968159297205 0.803164356680338
0.268012676957828 0.805387652696917
0.283047955514188 0.79864189470113
0.27303762279531 0.803133438338395
0.270976583688654 0.804058441917314
0.304055293805473 0.789213526213444
0.296841652485814 0.792452316431486
0.270958638782625 0.804066492915585
0.26506343975547 0.806710350170021
0.320835678050171 0.781678377599663
0.277758601866641 0.801014913834584
0.299660926299383 0.791187142045552
0.317542179719841 0.783156560946792
0.297528193742688 0.792143774807949
0.264738182406085 0.806856231376627
0.298334821390979 0.791782175249823
0.264739845817328 0.806855485178805
0.325687160222351 0.779498419014038
0.305673598770133 0.788488897443367
0.295824650659071 0.792908445875052
0.289222211255322 0.79587206579249
0.277448418129954 0.801154633233725
0.274535527452964 0.80246133276305
0.269867878802958 0.804555751704871
0.290447121542003 0.795321269414955
0.312019456079028 0.78563726162763
0.2812322163569 0.799456946185699
0.271186077479041 0.803964455106592
0.291853147215556 0.794691535343247
0.294065483297122 0.793697122227166
0.276093244824102 0.801763385757657
0.283238397627583 0.798557566237026
0.275764889342228 0.801910687965883
0.270004797287508 0.804493887715542
0.275942638017005 0.801830099873149
0.291968476991925 0.794639172455132
0.276855581128681 0.801421535160806
0.31242300720904 0.785459882878042
0.265000966796206 0.806738496062776
0.304952981777893 0.788810856040734
0.269391139106226 0.804769739137376
0.315280011329294 0.784171426858695
0.269653767640514 0.80465159231373
0.264751413677075 0.806850295920681
0.293382870577861 0.794004686149248
0.296209573174685 0.792735184592944
0.37678622790617 0.756518478347993
0.37859244817875 0.755705014387174
0.312183303108208 0.785564778055395
0.295581303203275 0.793018541550622
0.306985361070009 0.787899082328748
0.379051247019236 0.755498457692101
0.383953014231963 0.75329210612088
0.322355862072808 0.780996266804151
0.284597143167495 0.797946711652716
0.376151474897268 0.75680833134882
0.300383831847745 0.790862778063622
0.274393516319097 0.802524955722282
0.288448336407265 0.796219399861513
0.270340028169013 0.804343491447701
0.298867436000633 0.791542786167947
0.272868864615593 0.803209052084007
0.322921627340554 0.780742623818168
0.272050120967569 0.803576718895762
0.270340028169013 0.804343491447701
0.292663014165003 0.794327435197324
0.268013010638949 0.80538758977347
0.264706902952171 0.806870264569301
0.288923777561144 0.796005990699968
0.274682922753604 0.802395224623513
0.271152902340412 0.803978500252721
0.371356365858267 0.758966046670514
0.288520421029129 0.796187051304245
0.285677090033675 0.797462898633302
0.280270012603972 0.799889049556471
0.264119253896572 0.807134003318037
0.282492046813346 0.798892234624553
0.272799856100329 0.803240315868946
0.279632412520476 0.800175443982001
0.320258797996036 0.781939090778986
0.26348582855156 0.807418143066335
0.278726720775962 0.800581584419216
0.272962540980243 0.80316708623786
0.325088219010212 0.779769785022788
0.269795419750271 0.804587861349291
0.272067387312614 0.803568530501052
0.342795214493744 0.771812872778277
0.900630660085751 0.215419425465237
0.873738882867754 0.25865834562284
0.90081374820548 0.215122714325532
0.362731223460402 0.762847502169695
0.362731223460402 0.762847502169695
0.362731223460402 0.762847502169695
0.365690457128974 0.761516376673275
0.919247729507914 0.18544370628851
0.359422276254073 0.764338402739502
0.334164691013261 0.775690197344736
0.334426831387434 0.77557236427041
0.919240286816455 0.185455691117234
0.354940489320646 0.766351648890182
0.334486327231943 0.775545721335184
0.365979108649415 0.761387686697766
0.918169425674128 0.187179776715333
0.911362790624305 0.198140788211296
0.349466202419754 0.768814104069774
0.333118467204936 0.776160536413531
0.363141307532232 0.762662660264612
0.310492515207207 0.786321946741443
0.363893356820982 0.762324332308731
0.36254099134604 0.762933113696462
0.86830438043771 0.267387313878812
0.363724779537877 0.762400866120634
0.350815367728197 0.768207186042937
0.896596474780177 0.221912052309322
0.363573428341583 0.762468983870253
0.32501313605079 0.779803514473347
0.310495572029913 0.786320574043095
0.307160480963743 0.787818101983409
0.337056014994069 0.774391815190935
0.33942706536871 0.773327238342543
0.319846458879382 0.782121132754062
0.904165250500734 0.209730283127353
0.917757264350957 0.187844753301661
0.34843160426748 0.769276942959725
0.915461380228355 0.191540760808907
0.313325101161478 0.785049567471098
0.917411797940209 0.188400983337596
0.913566304191043 0.194592089024654
0.346554420772164 0.770121853796467
0.313893170642955 0.78479421658892
0.367257934852643 0.76080842375991
0.904161902323181 0.209737189713046
0.331667324209411 0.776813471794808
0.328760054797111 0.778118921089567
0.362761876332846 0.762833293830463
0.337379051150866 0.774245122321739
0.898178040335666 0.219361003297609
0.326995085008791 0.778912262849466
0.917794108813875 0.187785881807969
0.307724480870601 0.787564885170185
0.375886459302529 0.756927559159996
0.339189824346333 0.773432017557177
0.351484737338023 0.76790599305026
0.326137794649773 0.77929595576605
0.381650290033469 0.754338838844606
0.333126983690787 0.77615669991933
0.867748254924285 0.26828366494662
0.316395313222947 0.783671837931385
0.31501908816479 0.784288636185036
0.319484508141274 0.782285639396091
0.333283731623463 0.776086241177388
0.369360752575101 0.759867372369832
0.324743903422845 0.779923875788513
0.913735298204951 0.194321340304853
0.320211803154637 0.7819586551122
0.327809121940322 0.778544853831927
0.309753736919507 0.786653173952877
0.316097483030393 0.783806744476566
0.362761876332846 0.762833293830463
0.326553991876355 0.779111618191071
0.333775648853741 0.775865139271973
0.916139681716686 0.190447980064469
0.3627938116702 0.762818935206563
0.314244192591167 0.784637614238393
0.296096819624441 0.792785999429637
0.383056463688321 0.753706057761464
0.33941167399972 0.773331407808889
0.344791805598629 0.770915146516914
0.325735681592907 0.779476562080193
0.326126509393652 0.779301027035737
0.9114204218489 0.198050015931759
0.867746355114895 0.268300199308514
0.361720926086206 0.763301126216014
0.316370514487312 0.783682243679662
0.365085184846296 0.761785056914003
0.35551621414024 0.766091485731066
0.362761876332846 0.762833293830463
0.345270447556159 0.770699182929132
0.915075958929732 0.192161469217515
0.870385333318902 0.264064133410055
0.345097896520231 0.770776721492417
0.371033599011792 0.759117964137661
0.867825215038396 0.268178177880979
0.362170890580164 0.76309901222333
0.292513997595462 0.7943933666966
0.918739141974716 0.186262700980876
0.298591930238152 0.791665627460415
0.901161576804418 0.214565851460149
0.3464819722502 0.770154429552066
0.298708561538481 0.791612194878342
0.328810610673839 0.778095873599948
0.345270447556159 0.770699182929132
0.323540945993824 0.780461246539527
0.897524395299628 0.220416470736317
0.916968722469876 0.189117572145663
